Kind,Name,File,AvgCyclomatic,AvgCyclomaticModified,AvgCyclomaticStrict,AvgEssential,AvgLine,AvgLineBlank,AvgLineCode,AvgLineComment,CountClassBase,CountClassCoupled,CountClassDerived,CountDeclClass,CountDeclClassMethod,CountDeclClassVariable,CountDeclFile,CountDeclFunction,CountDeclInstanceMethod,CountDeclInstanceVariable,CountDeclMethod,CountDeclMethodAll,CountDeclMethodDefault,CountDeclMethodPrivate,CountDeclMethodProtected,CountDeclMethodPublic,CountInput,CountLine,CountLineBlank,CountLineCode,CountLineCodeDecl,CountLineCodeExe,CountLineComment,CountOutput,CountPath,CountSemicolon,CountStmt,CountStmtDecl,CountStmtExe,Cyclomatic,CyclomaticModified,CyclomaticStrict,Essential,MaxCyclomatic,MaxCyclomaticModified,MaxCyclomaticStrict,MaxEssential,MaxInheritanceTree,MaxNesting,PercentLackOfCohesion,RatioCommentToCode,SumCyclomatic,SumCyclomaticModified,SumCyclomaticStrict,SumEssential
File,"benchmark/src/main/java/org/apache/pdfbox/benchmark/LoadAndSave.java",benchmark/src/main/java/org/apache/pdfbox/benchmark/LoadAndSave.java,1,1,1,1,8,0,8,0,,,,1,0,2,,8,8,0,8,,0,0,0,8,,109,13,80,55,26,16,,,38,47,31,24,,,,,1,1,1,1,,0,,0,20,8,8,8,8
File,"benchmark/src/main/java/org/apache/pdfbox/benchmark/NullOutputStream.java",benchmark/src/main/java/org/apache/pdfbox/benchmark/NullOutputStream.java,1,1,1,1,4,0,3,1,,,,1,0,0,,3,3,0,3,,0,0,0,3,,38,5,14,10,0,19,,,3,7,7,0,,,,,1,1,1,1,,0,,1,36,3,3,3,3
File,"benchmark/src/main/java/org/apache/pdfbox/benchmark/Rendering.java",benchmark/src/main/java/org/apache/pdfbox/benchmark/Rendering.java,2,2,2,1,13,0,13,0,,,,1,0,4,,6,6,0,6,,0,0,0,6,,146,12,116,71,50,18,,,72,86,58,50,,,,,2,2,2,1,,1,,0,16,12,12,12,6
File,"benchmark/src/main/java/org/apache/pdfbox/benchmark/TextExtraction.java",benchmark/src/main/java/org/apache/pdfbox/benchmark/TextExtraction.java,1,1,1,1,11,0,11,0,,,,1,0,1,,2,2,0,2,,0,0,0,2,,66,8,42,29,16,16,,,27,30,22,14,,,,,1,1,1,1,,0,,0,38,2,2,2,2
Public Implicit Method,"clone()",,,,,,,,,,,,,,,,,,,,,,,,,,,,,,,,,,,,,,,,,,,,,,,,,,0,00,0,0,0,0
File,"debugger/src/main/java/org/apache/pdfbox/debugger/PDFDebugger.java",debugger/src/main/java/org/apache/pdfbox/debugger/PDFDebugger.java,2,2,2,1,20,1,17,1,,,,7,2,8,,67,60,27,62,,5,37,2,18,,1504,149,1235,333,618,121,,,591,761,323,535,,,,,13,13,13,9,,3,,0,10,170,170,195,99
File,"debugger/src/main/java/org/apache/pdfbox/debugger/colorpane/CSArrayBased.java",debugger/src/main/java/org/apache/pdfbox/debugger/colorpane/CSArrayBased.java,5,3,5,1,30,1,27,1,,,,1,0,0,,3,3,4,3,,0,1,0,2,,139,11,102,28,61,26,,,61,71,28,48,,,,,11,5,11,1,,2,,0,25,15,9,15,3
File,"debugger/src/main/java/org/apache/pdfbox/debugger/colorpane/CSDeviceN.java",debugger/src/main/java/org/apache/pdfbox/debugger/colorpane/CSDeviceN.java,1,1,1,1,14,0,10,3,,,,1,0,0,,5,5,2,5,,0,3,0,2,,119,12,69,32,33,38,,,50,57,33,31,,,,,2,2,2,1,,1,,0,55,6,6,6,5
File,"debugger/src/main/java/org/apache/pdfbox/debugger/colorpane/CSIndexed.java",debugger/src/main/java/org/apache/pdfbox/debugger/colorpane/CSIndexed.java,1,1,1,1,19,2,14,3,,,,1,0,0,,5,5,3,5,,0,3,0,2,,147,18,93,37,54,36,,,74,81,38,54,,,,,2,2,2,1,,1,,0,39,6,6,6,5
File,"debugger/src/main/java/org/apache/pdfbox/debugger/colorpane/CSSeparation.java",debugger/src/main/java/org/apache/pdfbox/debugger/colorpane/CSSeparation.java,1,1,1,1,19,1,15,2,,,,1,0,0,,10,10,6,10,,0,6,0,4,,264,30,188,62,114,46,,,137,150,59,110,,,,,3,3,3,1,,1,,0,24,13,13,13,10
File,"debugger/src/main/java/org/apache/pdfbox/debugger/colorpane/ColorBarCellRenderer.java",debugger/src/main/java/org/apache/pdfbox/debugger/colorpane/ColorBarCellRenderer.java,1,1,1,1,9,0,9,0,,,,1,0,0,,1,1,0,1,,0,0,0,1,,43,3,18,11,4,22,,,10,12,9,4,,,,,1,1,1,1,,0,,1,22,1,1,1,1
File,"debugger/src/main/java/org/apache/pdfbox/debugger/colorpane/DeviceNColorant.java",debugger/src/main/java/org/apache/pdfbox/debugger/colorpane/DeviceNColorant.java,1,1,1,1,4,0,3,0,,,,1,0,0,,7,7,3,7,,0,0,0,7,,66,9,35,13,6,22,,,11,19,13,6,,,,,1,1,1,1,,0,,0,63,7,7,7,7
File,"debugger/src/main/java/org/apache/pdfbox/debugger/colorpane/DeviceNTableModel.java",debugger/src/main/java/org/apache/pdfbox/debugger/colorpane/DeviceNTableModel.java,2,1,2,1,8,0,8,0,,,,1,0,1,,6,6,1,6,,0,0,0,6,,92,9,57,18,22,26,,,16,25,12,13,,,,,4,2,4,1,,1,,0,46,12,8,12,6
File,"debugger/src/main/java/org/apache/pdfbox/debugger/colorpane/IndexedColorant.java",debugger/src/main/java/org/apache/pdfbox/debugger/colorpane/IndexedColorant.java,1,1,1,1,5,0,4,0,,,,1,0,0,,6,6,2,6,,0,0,0,6,,69,9,35,12,10,25,,,13,22,13,10,,,,,2,2,2,1,,1,,0,71,7,7,7,6
File,"debugger/src/main/java/org/apache/pdfbox/debugger/colorpane/IndexedTableModel.java",debugger/src/main/java/org/apache/pdfbox/debugger/colorpane/IndexedTableModel.java,2,1,2,1,8,0,8,0,,,,1,0,1,,6,6,1,6,,0,0,0,6,,94,10,58,18,23,26,,,17,26,12,14,,,,,4,2,4,1,,1,,0,45,12,8,12,6
File,"debugger/src/main/java/org/apache/pdfbox/debugger/flagbitspane/AnnotFlag.java",debugger/src/main/java/org/apache/pdfbox/debugger/flagbitspane/AnnotFlag.java,1,1,1,1,9,0,8,1,,,,2,0,0,,4,4,1,4,,4,0,0,0,,73,7,41,15,16,25,,,10,15,11,5,,,,,1,1,1,1,,0,,0,61,4,4,4,4
File,"debugger/src/main/java/org/apache/pdfbox/debugger/flagbitspane/EncryptFlag.java",debugger/src/main/java/org/apache/pdfbox/debugger/flagbitspane/EncryptFlag.java,1,1,1,1,8,0,7,1,,,,1,0,0,,4,4,1,4,,4,0,0,0,,69,7,37,14,14,25,,,10,15,11,5,,,,,1,1,1,1,,0,,0,68,4,4,4,4
File,"debugger/src/main/java/org/apache/pdfbox/debugger/flagbitspane/FieldFlag.java",debugger/src/main/java/org/apache/pdfbox/debugger/flagbitspane/FieldFlag.java,1,1,1,1,12,0,11,1,,,,1,0,0,,9,9,1,9,,4,5,0,0,,150,13,107,21,58,30,,,23,39,18,24,,,,,4,4,4,4,,1,,0,28,15,15,15,15
File,"debugger/src/main/java/org/apache/pdfbox/debugger/flagbitspane/Flag.java",debugger/src/main/java/org/apache/pdfbox/debugger/flagbitspane/Flag.java,1,1,1,1,4,0,4,0,,,,1,0,0,,4,4,0,4,,4,0,0,0,,34,2,11,6,1,21,,,5,7,6,1,,,,,1,1,1,1,,0,,1,91,1,1,1,1
File,"debugger/src/main/java/org/apache/pdfbox/debugger/flagbitspane/FlagBitsPane.java",debugger/src/main/java/org/apache/pdfbox/debugger/flagbitspane/FlagBitsPane.java,3,3,3,1,20,1,16,3,,,,1,0,0,,3,3,2,3,,0,1,0,2,,99,10,59,12,27,30,,,23,33,12,21,,,,,7,7,7,1,,1,,0,51,9,9,9,3
File,"debugger/src/main/java/org/apache/pdfbox/debugger/flagbitspane/FlagBitsPaneView.java",debugger/src/main/java/org/apache/pdfbox/debugger/flagbitspane/FlagBitsPaneView.java,1,1,1,1,23,3,17,3,,,,1,0,0,,3,3,5,3,,2,1,0,0,,117,15,70,27,40,32,,,55,60,27,40,,,,,2,2,3,1,,1,,0,46,4,4,5,3
File,"debugger/src/main/java/org/apache/pdfbox/debugger/flagbitspane/FontFlag.java",debugger/src/main/java/org/apache/pdfbox/debugger/flagbitspane/FontFlag.java,1,1,1,1,8,0,7,1,,,,1,0,0,,4,4,1,4,,4,0,0,0,,70,7,38,14,15,25,,,10,15,11,5,,,,,1,1,1,1,,0,,0,66,4,4,4,4
File,"debugger/src/main/java/org/apache/pdfbox/debugger/flagbitspane/PanoseFlag.java",debugger/src/main/java/org/apache/pdfbox/debugger/flagbitspane/PanoseFlag.java,1,1,1,1,13,0,12,0,,,,1,0,0,,16,16,2,16,,4,10,0,2,,263,21,218,31,155,24,,,27,44,27,19,,,,,1,1,1,1,,0,,0,11,16,16,16,16
File,"debugger/src/main/java/org/apache/pdfbox/debugger/flagbitspane/SigFlag.java",debugger/src/main/java/org/apache/pdfbox/debugger/flagbitspane/SigFlag.java,1,1,1,1,7,0,6,1,,,,1,0,0,,4,4,2,4,,4,0,0,0,,67,7,34,16,9,26,,,13,18,13,6,,,,,1,1,1,1,,0,,0,76,4,4,4,4
File,"debugger/src/main/java/org/apache/pdfbox/debugger/fontencodingpane/FontEncodingPaneController.java",debugger/src/main/java/org/apache/pdfbox/debugger/fontencodingpane/FontEncodingPaneController.java,3,3,3,1,22,0,16,6,,,,2,0,1,,4,4,1,4,,2,0,0,2,,119,8,72,28,25,39,,,33,46,29,21,,,,,5,5,5,3,,2,,0,54,10,10,10,5
File,"debugger/src/main/java/org/apache/pdfbox/debugger/fontencodingpane/FontEncodingView.java",debugger/src/main/java/org/apache/pdfbox/debugger/fontencodingpane/FontEncodingView.java,1,1,2,1,23,2,19,1,,,,2,0,1,,8,8,2,8,,2,5,0,1,,253,31,188,72,115,34,,,119,136,65,95,,,,,6,6,7,5,,2,,0,18,15,15,16,12
File,"debugger/src/main/java/org/apache/pdfbox/debugger/fontencodingpane/SimpleFont.java",debugger/src/main/java/org/apache/pdfbox/debugger/fontencodingpane/SimpleFont.java,1,1,2,1,15,1,13,1,,,,1,0,2,,4,4,2,4,,1,2,0,1,,108,13,70,25,33,25,,,39,47,25,27,,,,,4,4,5,1,,3,,0,36,7,7,8,4
File,"debugger/src/main/java/org/apache/pdfbox/debugger/fontencodingpane/Type0Font.java",debugger/src/main/java/org/apache/pdfbox/debugger/fontencodingpane/Type0Font.java,3,3,4,1,26,0,24,1,,,,1,0,1,,4,4,2,4,,1,2,0,1,,155,10,119,42,63,26,,,71,87,44,54,,,,,6,6,6,1,,3,,0,22,15,15,16,4
File,"debugger/src/main/java/org/apache/pdfbox/debugger/fontencodingpane/Type3Font.java",debugger/src/main/java/org/apache/pdfbox/debugger/fontencodingpane/Type3Font.java,2,2,3,1,23,1,19,2,,,,1,0,1,,6,6,4,6,,1,4,0,1,,203,17,146,52,76,40,,,85,103,53,64,,,,,5,5,6,4,,3,,0,27,17,17,20,9
File,"debugger/src/main/java/org/apache/pdfbox/debugger/hexviewer/ASCIIPane.java",debugger/src/main/java/org/apache/pdfbox/debugger/hexviewer/ASCIIPane.java,1,1,2,1,17,1,12,3,,,,1,0,0,,5,5,3,5,,2,1,1,1,,131,16,78,26,38,37,,,44,54,24,33,,,,,5,5,6,3,,2,,0,47,9,9,10,7
File,"debugger/src/main/java/org/apache/pdfbox/debugger/hexviewer/AddressPane.java",debugger/src/main/java/org/apache/pdfbox/debugger/hexviewer/AddressPane.java,2,2,2,1,19,1,13,3,,,,1,0,0,,4,4,3,4,,2,1,1,0,,118,14,68,21,32,36,,,36,46,21,26,,,,,5,5,6,3,,2,,0,53,9,9,10,6
File,"debugger/src/main/java/org/apache/pdfbox/debugger/hexviewer/HexChangeListener.java",debugger/src/main/java/org/apache/pdfbox/debugger/hexviewer/HexChangeListener.java,0,0,0,0,0,0,0,0,,,,1,0,0,,1,1,0,1,,1,0,0,0,,28,2,5,3,0,21,,,2,3,3,0,,,,,0,0,0,0,,0,,4,20,0,0,0,0
File,"debugger/src/main/java/org/apache/pdfbox/debugger/hexviewer/HexChangedEvent.java",debugger/src/main/java/org/apache/pdfbox/debugger/hexviewer/HexChangedEvent.java,1,1,1,1,6,0,4,1,,,,1,0,0,,3,3,2,3,,1,0,0,2,,50,5,19,7,4,26,,,7,11,7,4,,,,,1,1,1,1,,0,,1,37,3,3,3,3
File,"debugger/src/main/java/org/apache/pdfbox/debugger/hexviewer/HexEditor.java",debugger/src/main/java/org/apache/pdfbox/debugger/hexviewer/HexEditor.java,1,1,2,1,22,2,20,0,,,,4,0,0,,8,8,7,8,,1,3,0,4,,228,26,176,56,111,26,,,124,136,56,97,,,,,6,3,7,1,,1,,0,15,14,11,16,8
File,"debugger/src/main/java/org/apache/pdfbox/debugger/hexviewer/HexModel.java",debugger/src/main/java/org/apache/pdfbox/debugger/hexviewer/HexModel.java,1,1,1,1,8,0,6,1,,,,1,3,0,,14,10,2,13,,1,2,0,10,,162,20,98,29,38,44,,,40,61,31,34,,,,,4,4,4,1,,2,,0,45,23,23,25,14
File,"debugger/src/main/java/org/apache/pdfbox/debugger/hexviewer/HexModelChangeListener.java",debugger/src/main/java/org/apache/pdfbox/debugger/hexviewer/HexModelChangeListener.java,0,0,0,0,0,0,0,0,,,,1,0,0,,1,1,0,1,,1,0,0,0,,26,2,5,3,0,19,,,2,3,3,0,,,,,0,0,0,0,,0,,3,80,0,0,0,0
File,"debugger/src/main/java/org/apache/pdfbox/debugger/hexviewer/HexModelChangedEvent.java",debugger/src/main/java/org/apache/pdfbox/debugger/hexviewer/HexModelChangedEvent.java,1,1,1,1,6,0,4,2,,,,1,0,2,,3,3,2,3,,3,0,0,0,,55,6,21,9,6,28,,,9,13,9,4,,,,,1,1,1,1,,0,,1,33,3,3,3,3
File,"debugger/src/main/java/org/apache/pdfbox/debugger/hexviewer/HexPane.java",debugger/src/main/java/org/apache/pdfbox/debugger/hexviewer/HexPane.java,1,1,2,1,10,0,9,0,,,,1,1,3,,29,26,6,27,,1,11,1,14,,383,41,294,89,135,48,,,128,175,78,112,,,,,7,7,10,3,,3,,0,16,50,47,61,31
File,"debugger/src/main/java/org/apache/pdfbox/debugger/hexviewer/HexView.java",debugger/src/main/java/org/apache/pdfbox/debugger/hexviewer/HexView.java,1,1,1,1,6,0,5,1,,,,1,0,12,,4,4,1,4,,0,0,0,4,,87,8,54,30,23,25,,,33,39,29,16,,,,,2,2,2,1,,1,,0,46,5,5,5,4
File,"debugger/src/main/java/org/apache/pdfbox/debugger/hexviewer/SelectEvent.java",debugger/src/main/java/org/apache/pdfbox/debugger/hexviewer/SelectEvent.java,1,1,1,1,6,0,4,1,,,,1,0,7,,3,3,2,3,,1,0,0,2,,58,6,26,14,11,26,,,14,18,14,4,,,,,1,1,1,1,,0,,1,00,3,3,3,3
File,"debugger/src/main/java/org/apache/pdfbox/debugger/hexviewer/SelectionChangeListener.java",debugger/src/main/java/org/apache/pdfbox/debugger/hexviewer/SelectionChangeListener.java,0,0,0,0,0,0,0,0,,,,1,0,0,,1,1,0,1,,1,0,0,0,,26,2,5,3,0,19,,,2,3,3,0,,,,,0,0,0,0,,0,,3,80,0,0,0,0
File,"debugger/src/main/java/org/apache/pdfbox/debugger/hexviewer/StatusPane.java",debugger/src/main/java/org/apache/pdfbox/debugger/hexviewer/StatusPane.java,1,1,1,1,9,0,9,0,,,,1,0,1,,3,3,3,3,,2,1,0,0,,68,7,40,16,20,21,,,28,32,16,19,,,,,1,1,1,1,,0,,0,53,3,3,3,3
File,"debugger/src/main/java/org/apache/pdfbox/debugger/hexviewer/UpperPane.java",debugger/src/main/java/org/apache/pdfbox/debugger/hexviewer/UpperPane.java,1,1,1,1,15,3,12,0,,,,1,0,0,,2,2,0,2,,1,0,1,0,,65,10,34,14,15,21,,,23,27,14,13,,,,,2,2,2,1,,1,,0,62,3,3,3,2
File,"debugger/src/main/java/org/apache/pdfbox/debugger/pagepane/DebugTextOverlay.java",debugger/src/main/java/org/apache/pdfbox/debugger/pagepane/DebugTextOverlay.java,3,3,4,2,29,3,23,3,,,,2,0,0,,8,8,10,8,,2,2,2,2,,313,36,228,83,117,51,,,129,158,79,104,,,,,7,7,11,5,,3,,0,22,27,25,32,17
File,"debugger/src/main/java/org/apache/pdfbox/debugger/pagepane/PagePane.java",debugger/src/main/java/org/apache/pdfbox/debugger/pagepane/PagePane.java,2,2,2,1,19,1,16,1,,,,2,0,1,,22,22,15,22,,0,7,2,13,,573,52,463,178,224,58,,,256,316,170,196,,,,,8,7,9,3,,3,,0,13,59,56,65,24
File,"debugger/src/main/java/org/apache/pdfbox/debugger/streampane/OperatorMarker.java",debugger/src/main/java/org/apache/pdfbox/debugger/streampane/OperatorMarker.java,1,1,1,1,5,0,5,0,,,,1,1,1,,2,1,0,2,,0,1,0,1,,84,16,49,21,26,19,,,34,38,20,26,,,,,2,2,2,1,,1,,0,39,3,3,3,2
File,"debugger/src/main/java/org/apache/pdfbox/debugger/streampane/Stream.java",debugger/src/main/java/org/apache/pdfbox/debugger/streampane/Stream.java,2,2,2,1,15,0,11,3,,,,1,0,3,,12,12,5,12,,1,6,0,5,,247,27,162,50,65,58,,,78,104,53,61,,,,,5,5,5,4,,3,,0,36,25,25,27,15
File,"debugger/src/main/java/org/apache/pdfbox/debugger/streampane/StreamImageView.java",debugger/src/main/java/org/apache/pdfbox/debugger/streampane/StreamImageView.java,1,1,1,1,9,0,8,1,,,,1,0,0,,9,9,5,9,,2,3,0,4,,152,18,104,49,40,30,,,65,76,44,38,,,,,2,2,3,1,,1,,0,29,10,10,11,9
File,"debugger/src/main/java/org/apache/pdfbox/debugger/streampane/StreamPane.java",debugger/src/main/java/org/apache/pdfbox/debugger/streampane/StreamPane.java,3,3,4,1,24,0,22,0,,,,2,0,8,,18,17,13,17,,1,11,2,3,,584,39,505,139,237,41,,,240,312,138,210,,,,,14,14,17,4,,3,,0,08,64,64,75,26
File,"debugger/src/main/java/org/apache/pdfbox/debugger/streampane/StreamPaneView.java",debugger/src/main/java/org/apache/pdfbox/debugger/streampane/StreamPaneView.java,1,1,1,1,8,0,5,3,,,,1,0,0,,4,4,1,4,,3,0,0,1,,70,8,31,13,9,31,,,16,21,13,9,,,,,1,1,1,1,,0,,1,00,4,4,4,4
File,"debugger/src/main/java/org/apache/pdfbox/debugger/streampane/StreamTextView.java",debugger/src/main/java/org/apache/pdfbox/debugger/streampane/StreamTextView.java,1,1,1,1,9,1,7,0,,,,1,0,0,,8,8,4,8,,2,1,0,5,,132,21,84,39,26,27,,,43,55,34,26,,,,,2,2,2,1,,1,,0,32,11,11,11,8
File,"debugger/src/main/java/org/apache/pdfbox/debugger/streampane/tooltip/ColorToolTip.java",debugger/src/main/java/org/apache/pdfbox/debugger/streampane/tooltip/ColorToolTip.java,1,1,1,1,11,0,8,3,,,,1,1,0,,5,4,1,5,,3,0,0,2,,89,7,47,14,18,35,,,15,24,14,12,,,,,3,3,3,1,,2,,0,74,7,7,7,5
File,"debugger/src/main/java/org/apache/pdfbox/debugger/streampane/tooltip/FontToolTip.java",debugger/src/main/java/org/apache/pdfbox/debugger/streampane/tooltip/FontToolTip.java,2,2,2,1,10,0,8,1,,,,1,0,1,,4,4,1,4,,1,2,0,1,,80,7,47,16,13,26,,,16,26,16,11,,,,,5,5,5,1,,3,,0,55,8,8,8,4
File,"debugger/src/main/java/org/apache/pdfbox/debugger/streampane/tooltip/GToolTip.java",debugger/src/main/java/org/apache/pdfbox/debugger/streampane/tooltip/GToolTip.java,1,1,1,1,8,0,6,2,,,,1,0,0,,2,2,0,2,,1,1,0,0,,46,4,18,7,5,24,,,6,10,7,5,,,,,2,2,2,1,,1,,1,33,3,3,3,2
File,"debugger/src/main/java/org/apache/pdfbox/debugger/streampane/tooltip/KToolTip.java",debugger/src/main/java/org/apache/pdfbox/debugger/streampane/tooltip/KToolTip.java,2,2,2,1,13,1,10,2,,,,1,0,1,,4,4,0,4,,3,1,0,0,,96,11,56,21,19,29,,,23,33,21,17,,,,,3,3,3,1,,2,,0,52,8,8,8,4
File,"debugger/src/main/java/org/apache/pdfbox/debugger/streampane/tooltip/RGToolTip.java",debugger/src/main/java/org/apache/pdfbox/debugger/streampane/tooltip/RGToolTip.java,1,1,1,1,8,0,6,2,,,,1,0,0,,2,2,0,2,,1,1,0,0,,46,4,18,7,5,24,,,6,10,7,5,,,,,2,2,2,1,,1,,1,33,3,3,3,2
File,"debugger/src/main/java/org/apache/pdfbox/debugger/streampane/tooltip/SCNToolTip.java",debugger/src/main/java/org/apache/pdfbox/debugger/streampane/tooltip/SCNToolTip.java,3,3,3,1,20,0,18,2,,,,1,0,1,,2,2,0,2,,1,1,0,0,,79,5,50,16,18,24,,,20,28,16,15,,,,,6,6,6,1,,3,,0,48,7,7,7,2
File,"debugger/src/main/java/org/apache/pdfbox/debugger/streampane/tooltip/ToolTipController.java",debugger/src/main/java/org/apache/pdfbox/debugger/streampane/tooltip/ToolTipController.java,3,2,4,2,19,0,17,1,,,,2,1,1,,8,7,2,8,,2,4,0,2,,190,15,144,34,72,31,,,62,84,35,59,,,,,13,5,13,10,,3,,0,22,27,19,29,20
File,"debugger/src/main/java/org/apache/pdfbox/debugger/stringpane/StringPane.java",debugger/src/main/java/org/apache/pdfbox/debugger/stringpane/StringPane.java,1,1,2,1,7,0,7,0,,,,1,0,2,,5,5,1,5,,0,3,0,2,,78,10,49,19,19,19,,,25,34,20,17,,,,,3,3,6,3,,2,,0,39,7,7,10,7
File,"debugger/src/main/java/org/apache/pdfbox/debugger/treestatus/TreeStatus.java",debugger/src/main/java/org/apache/pdfbox/debugger/treestatus/TreeStatus.java,2,2,2,2,19,0,14,5,,,,1,0,0,,9,9,1,9,,0,6,0,3,,219,12,142,37,66,65,,,61,90,39,60,,,,,8,8,8,5,,2,,0,46,26,26,26,21
File,"debugger/src/main/java/org/apache/pdfbox/debugger/treestatus/TreeStatusPane.java",debugger/src/main/java/org/apache/pdfbox/debugger/treestatus/TreeStatusPane.java,1,1,1,1,10,0,8,2,,,,2,0,0,,7,7,7,7,,0,2,0,5,,131,11,85,35,32,35,,,47,57,33,28,,,,,2,2,2,1,,1,,0,41,9,9,9,7
File,"debugger/src/main/java/org/apache/pdfbox/debugger/ui/ArrayEntry.java",debugger/src/main/java/org/apache/pdfbox/debugger/ui/ArrayEntry.java,1,1,1,1,9,0,4,5,,,,1,0,0,,6,6,3,6,,0,0,0,6,,91,8,32,12,6,51,,,11,18,12,6,,,,,1,1,1,1,,0,,1,59,6,6,6,6
File,"debugger/src/main/java/org/apache/pdfbox/debugger/ui/DebugLog.java",debugger/src/main/java/org/apache/pdfbox/debugger/ui/DebugLog.java,1,1,1,1,5,0,5,0,,,,1,0,3,,19,19,1,19,,0,0,0,19,,164,22,121,44,28,21,,,25,51,26,25,,,,,2,2,2,1,,1,,0,17,25,25,25,19
File,"debugger/src/main/java/org/apache/pdfbox/debugger/ui/DocumentEntry.java",debugger/src/main/java/org/apache/pdfbox/debugger/ui/DocumentEntry.java,1,1,1,1,4,0,4,0,,,,1,0,0,,5,5,2,5,,0,0,0,5,,62,8,33,15,8,21,,,14,20,14,8,,,,,1,1,1,1,,0,,0,64,5,5,5,5
File,"debugger/src/main/java/org/apache/pdfbox/debugger/ui/ErrorDialog.java",debugger/src/main/java/org/apache/pdfbox/debugger/ui/ErrorDialog.java,1,1,1,1,17,0,14,3,,,,1,1,7,,13,9,7,10,,6,1,0,3,,282,20,193,71,108,69,,,122,141,70,93,,,,,4,4,4,1,,2,,0,36,21,21,23,13
File,"debugger/src/main/java/org/apache/pdfbox/debugger/ui/FileOpenSaveDialog.java",debugger/src/main/java/org/apache/pdfbox/debugger/ui/FileOpenSaveDialog.java,2,2,2,1,18,0,12,5,,,,2,0,1,,5,5,1,5,,0,0,0,5,,136,8,81,26,37,47,,,36,49,25,32,,,,,3,3,4,3,,2,,0,58,12,12,14,7
File,"debugger/src/main/java/org/apache/pdfbox/debugger/ui/HighResolutionImageIcon.java",debugger/src/main/java/org/apache/pdfbox/debugger/ui/HighResolutionImageIcon.java,1,1,1,1,5,0,5,0,,,,1,0,0,,4,4,3,4,,0,0,0,4,,53,6,32,16,6,15,,,14,19,13,6,,,,,1,1,1,1,,0,,0,47,4,4,4,4
File,"debugger/src/main/java/org/apache/pdfbox/debugger/ui/ImageTypeMenu.java",debugger/src/main/java/org/apache/pdfbox/debugger/ui/ImageTypeMenu.java,2,1,3,1,15,0,13,1,,,,1,4,5,,7,3,4,7,,0,2,0,5,,161,17,110,24,64,34,,,57,71,24,49,,,,,5,4,5,4,,1,,0,31,19,13,22,10
File,"debugger/src/main/java/org/apache/pdfbox/debugger/ui/ImageUtil.java",debugger/src/main/java/org/apache/pdfbox/debugger/ui/ImageUtil.java,3,1,3,3,22,0,18,4,,,,1,1,0,,2,1,0,2,,0,1,0,1,,76,4,43,12,28,29,,,26,30,12,21,,,,,5,2,5,5,,1,,0,67,6,3,6,6
File,"debugger/src/main/java/org/apache/pdfbox/debugger/ui/LogDialog.java",debugger/src/main/java/org/apache/pdfbox/debugger/ui/LogDialog.java,3,3,3,1,19,1,17,0,,,,1,2,1,,8,6,8,8,,0,2,0,6,,218,26,170,46,97,22,,,100,120,44,83,,,,,13,13,13,1,,2,,0,13,29,24,29,8
File,"debugger/src/main/java/org/apache/pdfbox/debugger/ui/MapEntry.java",debugger/src/main/java/org/apache/pdfbox/debugger/ui/MapEntry.java,1,1,1,1,9,0,4,5,,,,1,0,0,,7,7,3,7,,0,0,0,7,,108,10,42,15,9,56,,,14,23,14,9,,,,,2,2,2,1,,1,,1,33,8,8,8,7
File,"debugger/src/main/java/org/apache/pdfbox/debugger/ui/MenuBase.java",debugger/src/main/java/org/apache/pdfbox/debugger/ui/MenuBase.java,1,1,1,1,8,0,5,3,,,,1,0,0,,5,5,1,5,,1,1,0,3,,82,8,37,13,10,37,,,13,23,15,8,,,,,2,2,2,1,,1,,1,00,7,7,7,5
File,"debugger/src/main/java/org/apache/pdfbox/debugger/ui/OSXAdapter.java",debugger/src/main/java/org/apache/pdfbox/debugger/ui/OSXAdapter.java,2,2,3,1,18,0,16,1,,,,4,6,1,,14,8,3,14,,0,1,3,10,,333,17,208,57,119,109,,,83,119,55,88,,,,,4,4,5,1,,2,,0,52,36,36,42,14
File,"debugger/src/main/java/org/apache/pdfbox/debugger/ui/PDFTreeCellRenderer.java",debugger/src/main/java/org/apache/pdfbox/debugger/ui/PDFTreeCellRenderer.java,5,5,6,3,28,1,27,0,,,,2,1,13,,10,8,2,9,,2,5,0,2,,362,22,314,84,152,26,,,126,182,76,128,,,,,17,17,20,16,,3,,0,08,53,53,61,32
File,"debugger/src/main/java/org/apache/pdfbox/debugger/ui/PDFTreeModel.java",debugger/src/main/java/org/apache/pdfbox/debugger/ui/PDFTreeModel.java,3,3,4,1,25,0,16,8,,,,1,0,0,,11,11,1,11,,0,0,0,11,,335,14,203,49,88,118,,,70,107,42,71,,,,,12,12,14,1,,4,,0,58,36,36,47,11
File,"debugger/src/main/java/org/apache/pdfbox/debugger/ui/PageEntry.java",debugger/src/main/java/org/apache/pdfbox/debugger/ui/PageEntry.java,1,1,1,1,8,0,8,0,,,,1,0,0,,5,5,3,5,,0,0,0,5,,82,9,52,19,20,21,,,24,33,18,19,,,,,4,4,4,4,,2,,0,40,9,9,9,8
File,"debugger/src/main/java/org/apache/pdfbox/debugger/ui/PrintDpiMenu.java",debugger/src/main/java/org/apache/pdfbox/debugger/ui/PrintDpiMenu.java,2,2,2,1,14,0,10,4,,,,2,2,2,,5,3,2,5,,1,1,0,3,,117,9,67,21,25,41,,,27,43,23,22,,,,,3,3,3,3,,2,,0,61,12,12,12,9
File,"debugger/src/main/java/org/apache/pdfbox/debugger/ui/ReaderBottomPanel.java",debugger/src/main/java/org/apache/pdfbox/debugger/ui/ReaderBottomPanel.java,1,1,1,1,12,1,10,0,,,,2,0,0,,4,4,2,4,,0,0,0,4,,79,9,48,18,23,22,,,29,34,19,17,,,,,1,1,1,1,,0,,0,46,4,4,4,4
File,"debugger/src/main/java/org/apache/pdfbox/debugger/ui/RecentFiles.java",debugger/src/main/java/org/apache/pdfbox/debugger/ui/RecentFiles.java,2,2,2,1,13,0,10,3,,,,1,0,4,,11,10,3,10,,0,3,0,7,,200,15,129,43,60,56,,,64,88,46,53,,,,,4,4,4,1,,2,,0,43,24,24,25,11
File,"debugger/src/main/java/org/apache/pdfbox/debugger/ui/RenderDestinationMenu.java",debugger/src/main/java/org/apache/pdfbox/debugger/ui/RenderDestinationMenu.java,2,1,2,1,13,0,11,1,,,,1,4,4,,7,3,3,7,,0,2,0,5,,146,17,95,22,52,34,,,47,60,22,40,,,,,4,3,4,3,,1,,0,36,16,12,18,9
File,"debugger/src/main/java/org/apache/pdfbox/debugger/ui/RotationMenu.java",debugger/src/main/java/org/apache/pdfbox/debugger/ui/RotationMenu.java,2,1,3,1,15,0,13,1,,,,1,4,5,,7,3,4,7,,0,2,0,5,,160,16,109,23,64,35,,,56,70,23,49,,,,,5,4,5,4,,1,,0,32,19,13,22,10
File,"debugger/src/main/java/org/apache/pdfbox/debugger/ui/TextDialog.java",debugger/src/main/java/org/apache/pdfbox/debugger/ui/TextDialog.java,1,1,1,1,5,0,5,0,,,,1,2,1,,7,5,2,7,,0,1,0,6,,84,11,50,22,13,23,,,23,31,19,13,,,,,1,1,1,1,,0,,0,46,7,7,7,7
File,"debugger/src/main/java/org/apache/pdfbox/debugger/ui/Tree.java",debugger/src/main/java/org/apache/pdfbox/debugger/ui/Tree.java,2,2,2,1,21,1,17,2,,,,1,0,0,,17,12,2,12,,0,10,0,2,,370,32,272,77,140,66,,,133,169,77,120,,,,,7,7,7,3,,2,,0,24,44,39,44,19
File,"debugger/src/main/java/org/apache/pdfbox/debugger/ui/ViewMenu.java",debugger/src/main/java/org/apache/pdfbox/debugger/ui/ViewMenu.java,1,1,1,1,16,1,10,4,,,,1,10,8,,13,2,9,12,,0,2,0,10,,258,36,148,41,80,74,,,85,102,41,66,,,,,3,3,5,1,,1,,0,50,17,17,21,13
File,"debugger/src/main/java/org/apache/pdfbox/debugger/ui/WindowPrefs.java",debugger/src/main/java/org/apache/pdfbox/debugger/ui/WindowPrefs.java,1,1,1,1,6,0,6,0,,,,1,0,1,,7,7,1,7,,0,0,0,7,,84,9,54,28,23,21,,,30,38,28,22,,,,,1,1,1,1,,0,,0,39,7,7,7,7
File,"debugger/src/main/java/org/apache/pdfbox/debugger/ui/ZoomMenu.java",debugger/src/main/java/org/apache/pdfbox/debugger/ui/ZoomMenu.java,1,1,1,1,10,0,7,2,,,,2,3,2,,11,8,4,11,,1,1,0,9,,170,15,101,32,38,54,,,40,63,34,32,,,,,3,3,3,3,,2,,0,53,18,18,18,15
File,"debugger/src/main/java/org/apache/pdfbox/debugger/ui/textsearcher/SearchEngine.java",debugger/src/main/java/org/apache/pdfbox/debugger/ui/textsearcher/SearchEngine.java,4,4,4,2,34,3,25,5,,,,1,0,1,,2,2,3,2,,1,0,0,1,,110,12,67,22,28,31,,,34,43,22,24,,,,,7,7,7,4,,3,,0,46,8,8,8,5
File,"debugger/src/main/java/org/apache/pdfbox/debugger/ui/textsearcher/SearchPanel.java",debugger/src/main/java/org/apache/pdfbox/debugger/ui/textsearcher/SearchPanel.java,1,1,1,1,11,0,9,0,,,,3,0,0,,12,12,8,12,,6,1,0,5,,205,26,151,48,75,28,,,94,110,46,70,,,,,3,3,3,1,,1,,0,19,15,15,15,12
File,"debugger/src/main/java/org/apache/pdfbox/debugger/ui/textsearcher/Searcher.java",debugger/src/main/java/org/apache/pdfbox/debugger/ui/textsearcher/Searcher.java,1,1,1,1,9,0,8,0,,,,3,0,3,,20,20,8,20,,0,6,0,14,,271,30,216,68,82,25,,,86,120,58,72,,,,,5,5,6,3,,2,,0,12,33,33,36,22
File,"examples/src/main/java/org/apache/pdfbox/examples/ant/PDFToTextTask.java",examples/src/main/java/org/apache/pdfbox/examples/ant/PDFToTextTask.java,1,1,1,1,12,0,10,2,,,,1,0,0,,4,2,1,2,,0,0,0,2,,74,8,37,15,15,29,,,17,23,15,12,,,,,3,3,3,1,,2,,0,78,6,6,6,4
File,"examples/src/main/java/org/apache/pdfbox/examples/interactive/form/AddBorderToField.java",examples/src/main/java/org/apache/pdfbox/examples/interactive/form/AddBorderToField.java,1,1,1,1,14,2,9,3,,,,1,1,1,,2,1,0,2,,0,1,0,1,,74,10,34,22,10,30,,,21,25,21,9,,,,,1,1,1,1,,1,,0,88,2,2,2,2
File,"examples/src/main/java/org/apache/pdfbox/examples/interactive/form/CreateCheckBox.java",examples/src/main/java/org/apache/pdfbox/examples/interactive/form/CreateCheckBox.java,2,2,2,2,39,4,32,3,,,,1,3,0,,4,1,0,4,,1,2,0,1,,216,23,159,63,94,35,,,112,127,63,90,,,,,7,7,7,5,,4,,0,22,11,11,11,8
File,"examples/src/main/java/org/apache/pdfbox/examples/interactive/form/CreateMultiWidgetsForm.java",examples/src/main/java/org/apache/pdfbox/examples/interactive/form/CreateMultiWidgetsForm.java,1,1,1,1,47,8,28,11,,,,1,1,0,,2,1,0,2,,0,1,0,1,,147,20,78,38,46,49,,,64,68,36,45,,,,,1,1,1,1,,1,,0,63,2,2,2,2
File,"examples/src/main/java/org/apache/pdfbox/examples/interactive/form/CreatePushButton.java",examples/src/main/java/org/apache/pdfbox/examples/interactive/form/CreatePushButton.java,1,1,1,1,39,0,37,4,,,,1,1,0,,1,0,0,1,,0,0,0,1,,83,2,59,32,30,24,,,47,51,32,30,,,,,1,1,1,1,,2,,0,41,1,1,1,1
File,"examples/src/main/java/org/apache/pdfbox/examples/interactive/form/CreateRadioButtons.java",examples/src/main/java/org/apache/pdfbox/examples/interactive/form/CreateRadioButtons.java,1,1,1,1,24,2,21,1,,,,1,4,0,,5,1,0,5,,2,2,0,1,,178,17,133,52,76,29,,,97,110,53,77,,,,,3,3,3,1,,3,,0,22,9,9,9,5
File,"examples/src/main/java/org/apache/pdfbox/examples/interactive/form/CreateSimpleForm.java",examples/src/main/java/org/apache/pdfbox/examples/interactive/form/CreateSimpleForm.java,1,1,2,1,45,7,26,11,,,,1,1,1,,2,1,0,2,,0,1,0,1,,141,20,76,33,39,46,,,54,60,32,36,,,,,2,2,3,1,,2,,0,61,3,3,4,2
File,"examples/src/main/java/org/apache/pdfbox/examples/interactive/form/CreateSimpleFormWithEmbeddedFont.java",examples/src/main/java/org/apache/pdfbox/examples/interactive/form/CreateSimpleFormWithEmbeddedFont.java,1,1,1,1,32,4,22,6,,,,1,1,0,,2,1,0,2,,0,1,0,1,,115,14,65,33,33,36,,,48,53,31,31,,,,,1,1,1,1,,2,,0,55,2,2,2,2
File,"examples/src/main/java/org/apache/pdfbox/examples/interactive/form/DetermineTextFitsField.java",examples/src/main/java/org/apache/pdfbox/examples/interactive/form/DetermineTextFitsField.java,2,2,2,1,29,4,16,8,,,,1,1,0,,2,1,0,2,,0,1,0,1,,101,15,48,29,21,38,,,30,36,29,18,,,,,3,3,3,1,,2,,0,79,4,4,4,2
File,"examples/src/main/java/org/apache/pdfbox/examples/interactive/form/FieldTriggers.java",examples/src/main/java/org/apache/pdfbox/examples/interactive/form/FieldTriggers.java,1,1,1,1,44,9,23,12,,,,1,1,0,,2,1,0,2,,0,1,0,1,,131,23,60,29,38,48,,,48,52,29,38,,,,,1,1,1,1,,1,,0,80,2,2,2,2
File,"examples/src/main/java/org/apache/pdfbox/examples/interactive/form/FillFormField.java",examples/src/main/java/org/apache/pdfbox/examples/interactive/form/FillFormField.java,1,1,1,1,14,2,9,3,,,,1,1,0,,2,1,0,2,,0,1,0,1,,64,9,29,13,9,26,,,14,19,13,8,,,,,2,2,2,1,,2,,0,90,3,3,3,2
File,"examples/src/main/java/org/apache/pdfbox/examples/interactive/form/PrintFields.java",examples/src/main/java/org/apache/pdfbox/examples/interactive/form/PrintFields.java,2,2,3,1,22,1,17,4,,,,1,2,0,,4,2,0,4,,0,2,0,2,,132,11,81,23,34,40,,,33,48,25,30,,,,,5,5,6,1,,2,,0,49,11,11,12,4
File,"examples/src/main/java/org/apache/pdfbox/examples/interactive/form/SetField.java",examples/src/main/java/org/apache/pdfbox/examples/interactive/form/SetField.java,3,3,3,1,22,0,17,4,,,,1,3,0,,5,2,0,5,,0,3,0,2,,155,7,105,27,41,43,,,39,56,27,34,,,,,8,8,8,1,,3,,0,41,15,15,15,5
File,"examples/src/main/java/org/apache/pdfbox/examples/interactive/form/UpdateFieldOnDocumentOpen.java",examples/src/main/java/org/apache/pdfbox/examples/interactive/form/UpdateFieldOnDocumentOpen.java,1,1,1,1,12,1,8,3,,,,1,1,0,,2,1,0,2,,0,1,0,1,,64,8,25,12,8,31,,,11,15,11,5,,,,,1,1,1,1,,1,,1,24,2,2,2,2
File,"examples/src/main/java/org/apache/pdfbox/examples/interactive/form/package-info.java",examples/src/main/java/org/apache/pdfbox/examples/interactive/form/package-info.java,0,0,0,0,0,0,0,0,,,,0,0,0,,0,0,0,0,,0,0,0,0,,23,2,1,1,0,20,,,1,1,1,0,,,,,0,0,0,0,,0,,20,00,0,0,0,0
File,"examples/src/main/java/org/apache/pdfbox/examples/lucene/IndexPDFFiles.java",examples/src/main/java/org/apache/pdfbox/examples/lucene/IndexPDFFiles.java,6,6,7,2,61,3,42,14,,,,1,2,0,,3,1,0,3,,1,1,0,1,,233,18,147,33,67,68,,,57,80,34,53,,,,,9,9,12,5,,4,,0,46,18,18,21,7
File,"examples/src/main/java/org/apache/pdfbox/examples/lucene/LucenePDFDocument.java",examples/src/main/java/org/apache/pdfbox/examples/lucene/LucenePDFDocument.java,1,1,1,1,14,0,8,5,,,,1,7,3,,19,12,1,19,,0,9,0,10,,428,43,191,64,78,194,,,89,121,63,75,,,,,4,4,4,1,,2,,1,02,29,29,29,19
File,"examples/src/main/java/org/apache/pdfbox/examples/pdmodel/AddAnnotations.java",examples/src/main/java/org/apache/pdfbox/examples/pdmodel/AddAnnotations.java,1,1,1,1,72,8,54,18,,,,1,2,1,,4,1,0,3,,0,2,0,1,,348,40,250,75,196,93,,,208,218,72,180,,,,,4,4,4,1,,2,,0,37,7,7,7,4
File,"examples/src/main/java/org/apache/pdfbox/examples/pdmodel/AddImageToPDF.java",examples/src/main/java/org/apache/pdfbox/examples/pdmodel/AddImageToPDF.java,1,1,1,1,19,0,10,8,,,,1,1,0,,3,2,0,3,,0,1,0,2,,99,7,43,18,13,49,,,18,25,17,11,,,,,2,2,2,1,,2,,1,14,4,4,4,3
File,"examples/src/main/java/org/apache/pdfbox/examples/pdmodel/AddJavascript.java",examples/src/main/java/org/apache/pdfbox/examples/pdmodel/AddJavascript.java,1,1,1,1,13,0,9,3,,,,1,2,0,,3,1,0,3,,0,2,0,1,,74,5,37,12,11,32,,,12,19,11,9,,,,,3,3,3,1,,3,,0,86,5,5,5,3
File,"examples/src/main/java/org/apache/pdfbox/examples/pdmodel/AddMessageToEachPage.java",examples/src/main/java/org/apache/pdfbox/examples/pdmodel/AddMessageToEachPage.java,2,2,3,1,21,0,14,6,,,,1,1,0,,4,3,0,4,,0,1,0,3,,131,9,73,30,30,49,,,37,48,31,24,,,,,7,7,8,1,,4,,0,67,11,11,12,4
File,"examples/src/main/java/org/apache/pdfbox/examples/pdmodel/AddMetadataFromDocInfo.java",examples/src/main/java/org/apache/pdfbox/examples/pdmodel/AddMetadataFromDocInfo.java,1,1,1,1,22,2,15,4,,,,1,2,0,,3,1,0,3,,0,2,0,1,,112,12,66,29,30,34,,,42,49,29,29,,,,,3,3,3,1,,3,,0,52,5,5,5,3
File,"examples/src/main/java/org/apache/pdfbox/examples/pdmodel/BengaliPdfGenerationHelloWorld.java",examples/src/main/java/org/apache/pdfbox/examples/pdmodel/BengaliPdfGenerationHelloWorld.java,2,2,2,1,24,3,21,0,,,,1,5,5,,6,1,0,6,,0,5,0,1,,206,29,150,50,81,27,,,70,95,49,61,,,,,4,4,4,3,,4,,0,18,17,17,17,8
File,"examples/src/main/java/org/apache/pdfbox/examples/pdmodel/CreateBlankPDF.java",examples/src/main/java/org/apache/pdfbox/examples/pdmodel/CreateBlankPDF.java,1,1,1,1,10,1,9,0,,,,1,1,0,,2,1,0,2,,0,1,0,1,,51,6,25,9,8,20,,,10,15,9,7,,,,,2,2,2,1,,1,,0,80,3,3,3,2
File,"examples/src/main/java/org/apache/pdfbox/examples/pdmodel/CreateBookmarks.java",examples/src/main/java/org/apache/pdfbox/examples/pdmodel/CreateBookmarks.java,2,2,2,1,20,1,15,4,,,,1,2,0,,3,1,0,3,,0,2,0,1,,103,8,59,20,26,36,,,32,41,21,24,,,,,4,4,4,1,,3,,0,61,6,6,6,3
File,"examples/src/main/java/org/apache/pdfbox/examples/pdmodel/CreateGradientShadingPDF.java",examples/src/main/java/org/apache/pdfbox/examples/pdmodel/CreateGradientShadingPDF.java,1,1,1,1,56,3,37,16,,,,1,2,0,,3,1,0,3,,0,1,0,2,,220,17,134,37,92,71,,,106,114,37,90,,,,,2,2,2,1,,2,,0,53,4,4,4,3
File,"examples/src/main/java/org/apache/pdfbox/examples/pdmodel/CreateLandscapePDF.java",examples/src/main/java/org/apache/pdfbox/examples/pdmodel/CreateLandscapePDF.java,1,1,1,1,22,1,15,5,,,,1,1,0,,4,3,0,4,,0,1,0,3,,128,12,76,25,42,40,,,49,57,25,38,,,,,2,2,2,1,,2,,0,53,5,5,5,4
File,"examples/src/main/java/org/apache/pdfbox/examples/pdmodel/CreatePDFA.java",examples/src/main/java/org/apache/pdfbox/examples/pdmodel/CreatePDFA.java,2,2,2,1,44,6,31,7,,,,1,1,0,,2,1,0,2,,0,1,0,1,,133,16,84,36,44,34,,,54,62,35,37,,,,,4,4,4,1,,2,,0,40,5,5,5,2
File,"examples/src/main/java/org/apache/pdfbox/examples/pdmodel/CreatePageLabels.java",examples/src/main/java/org/apache/pdfbox/examples/pdmodel/CreatePageLabels.java,1,1,1,1,13,0,12,1,,,,1,1,0,,2,1,0,2,,0,1,0,1,,60,3,33,12,16,24,,,21,25,12,16,,,,,1,1,1,1,,1,,0,73,2,2,2,2
File,"examples/src/main/java/org/apache/pdfbox/examples/pdmodel/CreatePatternsPDF.java",examples/src/main/java/org/apache/pdfbox/examples/pdmodel/CreatePatternsPDF.java,1,1,1,1,44,5,34,4,,,,1,1,0,,2,1,0,2,,0,1,0,1,,130,14,87,30,55,29,,,60,67,28,49,,,,,1,1,1,1,,3,,0,33,2,2,2,2
File,"examples/src/main/java/org/apache/pdfbox/examples/pdmodel/CreatePortableCollection.java",examples/src/main/java/org/apache/pdfbox/examples/pdmodel/CreatePortableCollection.java,1,1,1,1,43,4,28,12,,,,1,1,0,,4,3,0,4,,0,2,0,2,,229,25,138,47,94,74,,,111,119,47,93,,,,,2,2,2,1,,2,,0,54,5,5,5,4
File,"examples/src/main/java/org/apache/pdfbox/examples/pdmodel/CreateSeparationColorBox.java",examples/src/main/java/org/apache/pdfbox/examples/pdmodel/CreateSeparationColorBox.java,1,1,1,1,28,2,26,2,,,,1,1,0,,2,1,0,2,,0,1,0,1,,99,7,68,26,42,27,,,53,58,26,42,,,,,1,1,1,1,,2,,0,40,2,2,2,2
File,"examples/src/main/java/org/apache/pdfbox/examples/pdmodel/EmbeddedFiles.java",examples/src/main/java/org/apache/pdfbox/examples/pdmodel/EmbeddedFiles.java,1,1,1,1,24,2,14,7,,,,1,1,0,,4,3,0,4,,0,2,0,2,,147,15,81,35,39,51,,,54,62,35,38,,,,,2,2,2,1,,2,,0,63,5,5,5,4
File,"examples/src/main/java/org/apache/pdfbox/examples/pdmodel/EmbeddedFonts.java",examples/src/main/java/org/apache/pdfbox/examples/pdmodel/EmbeddedFonts.java,1,1,1,1,19,4,14,0,,,,1,1,0,,2,1,0,2,,0,1,0,1,,76,13,40,14,19,23,,,25,30,14,18,,,,,1,1,1,1,,2,,0,57,2,2,2,2
File,"examples/src/main/java/org/apache/pdfbox/examples/pdmodel/EmbeddedMultipleFonts.java",examples/src/main/java/org/apache/pdfbox/examples/pdmodel/EmbeddedMultipleFonts.java,3,3,3,2,28,1,24,4,,,,1,3,0,,4,1,0,4,,2,1,0,1,,164,9,118,35,58,42,,,59,75,35,50,,,,,9,9,10,8,,5,,0,36,13,13,14,11
File,"examples/src/main/java/org/apache/pdfbox/examples/pdmodel/EmbeddedVerticalFonts.java",examples/src/main/java/org/apache/pdfbox/examples/pdmodel/EmbeddedVerticalFonts.java,1,1,1,1,33,4,23,5,,,,1,1,0,,2,1,0,2,,0,1,0,1,,101,12,59,19,39,30,,,47,51,19,39,,,,,1,1,1,1,,1,,0,51,2,2,2,2
File,"examples/src/main/java/org/apache/pdfbox/examples/pdmodel/ExtractEmbeddedFiles.java",examples/src/main/java/org/apache/pdfbox/examples/pdmodel/ExtractEmbeddedFiles.java,3,3,3,1,17,0,15,1,,,,1,7,0,,8,1,0,8,,0,7,0,1,,192,12,147,46,57,33,,,54,87,47,52,,,,,6,6,6,3,,4,,0,22,26,26,26,10
File,"examples/src/main/java/org/apache/pdfbox/examples/pdmodel/ExtractMetadata.java",examples/src/main/java/org/apache/pdfbox/examples/pdmodel/ExtractMetadata.java,2,2,2,1,13,0,11,1,,,,1,10,0,,11,1,0,11,,0,10,0,1,,201,15,151,39,61,35,,,60,88,41,55,,,,,5,5,5,1,,4,,0,23,24,24,24,11
File,"examples/src/main/java/org/apache/pdfbox/examples/pdmodel/ExtractTTFFonts.java",examples/src/main/java/org/apache/pdfbox/examples/pdmodel/ExtractTTFFonts.java,4,4,4,1,25,0,23,1,,,,1,2,3,,7,5,1,7,,0,6,0,1,,237,15,190,51,87,32,,,76,110,53,64,,,,,12,10,14,1,,4,,0,17,30,28,33,7
File,"examples/src/main/java/org/apache/pdfbox/examples/pdmodel/GoToSecondBookmarkOnOpen.java",examples/src/main/java/org/apache/pdfbox/examples/pdmodel/GoToSecondBookmarkOnOpen.java,2,2,2,1,18,0,13,3,,,,1,2,0,,3,1,0,3,,0,2,0,1,,92,7,53,17,20,32,,,22,31,17,18,,,,,5,5,5,1,,3,,0,60,7,7,7,3
File,"examples/src/main/java/org/apache/pdfbox/examples/pdmodel/HelloWorld.java",examples/src/main/java/org/apache/pdfbox/examples/pdmodel/HelloWorld.java,1,1,1,1,16,2,14,0,,,,1,1,0,,2,1,0,2,,0,1,0,1,,71,11,39,15,16,21,,,21,27,15,14,,,,,2,2,2,1,,2,,0,54,3,3,3,2
File,"examples/src/main/java/org/apache/pdfbox/examples/pdmodel/HelloWorldTTF.java",examples/src/main/java/org/apache/pdfbox/examples/pdmodel/HelloWorldTTF.java,1,1,1,1,18,2,15,0,,,,1,1,0,,2,1,0,2,,0,1,0,1,,70,9,42,16,19,19,,,23,29,16,15,,,,,2,2,2,1,,2,,0,45,3,3,3,2
File,"examples/src/main/java/org/apache/pdfbox/examples/pdmodel/HelloWorldType1.java",examples/src/main/java/org/apache/pdfbox/examples/pdmodel/HelloWorldType1.java,1,1,1,1,20,2,17,0,,,,1,1,0,,2,1,0,2,,0,1,0,1,,76,10,47,17,20,19,,,25,32,17,16,,,,,2,2,2,1,,2,,0,40,3,3,3,2
File,"examples/src/main/java/org/apache/pdfbox/examples/pdmodel/ImageToPDF.java",examples/src/main/java/org/apache/pdfbox/examples/pdmodel/ImageToPDF.java,2,2,2,1,21,3,14,3,,,,1,1,0,,2,1,0,2,,0,1,0,1,,75,9,38,13,15,28,,,17,24,13,13,,,,,3,3,3,1,,2,,0,74,4,4,4,2
File,"examples/src/main/java/org/apache/pdfbox/examples/pdmodel/PrintBookmarks.java",examples/src/main/java/org/apache/pdfbox/examples/pdmodel/PrintBookmarks.java,5,5,5,1,34,0,26,7,,,,1,2,0,,3,1,0,3,,0,1,0,2,,145,7,93,23,38,45,,,33,50,23,35,,,,,11,11,11,1,,4,,0,48,15,15,15,3
File,"examples/src/main/java/org/apache/pdfbox/examples/pdmodel/PrintDocumentMetaData.java",examples/src/main/java/org/apache/pdfbox/examples/pdmodel/PrintDocumentMetaData.java,1,1,1,1,18,0,12,6,,,,1,2,0,,4,2,0,4,,0,2,0,2,,117,7,64,23,28,46,,,34,43,23,26,,,,,2,2,2,1,,2,,0,72,7,7,7,4
File,"examples/src/main/java/org/apache/pdfbox/examples/pdmodel/PrintURLs.java",examples/src/main/java/org/apache/pdfbox/examples/pdmodel/PrintURLs.java,3,3,3,1,29,1,22,6,,,,1,3,0,,4,1,0,4,,0,3,0,1,,164,11,107,38,45,46,,,48,66,41,41,,,,,9,9,9,4,,6,,0,43,15,15,15,7
File,"examples/src/main/java/org/apache/pdfbox/examples/pdmodel/RemoveFirstPage.java",examples/src/main/java/org/apache/pdfbox/examples/pdmodel/RemoveFirstPage.java,2,2,2,1,14,0,10,3,,,,1,2,0,,3,1,0,3,,0,2,0,1,,76,5,39,9,12,32,,,11,19,9,10,,,,,4,4,4,1,,3,,0,82,6,6,6,3
File,"examples/src/main/java/org/apache/pdfbox/examples/pdmodel/ReplaceURLs.java",examples/src/main/java/org/apache/pdfbox/examples/pdmodel/ReplaceURLs.java,3,3,3,1,23,0,17,6,,,,1,2,0,,3,1,0,3,,0,2,0,1,,114,7,67,24,26,41,,,28,41,26,18,,,,,7,7,7,1,,6,,0,61,9,9,9,3
File,"examples/src/main/java/org/apache/pdfbox/examples/pdmodel/RubberStamp.java",examples/src/main/java/org/apache/pdfbox/examples/pdmodel/RubberStamp.java,2,2,2,1,16,1,11,3,,,,1,2,0,,3,1,0,3,,0,2,0,1,,87,8,47,16,15,32,,,20,29,17,14,,,,,4,4,4,1,,3,,0,68,6,6,6,3
File,"examples/src/main/java/org/apache/pdfbox/examples/pdmodel/RubberStampWithImage.java",examples/src/main/java/org/apache/pdfbox/examples/pdmodel/RubberStampWithImage.java,1,1,1,1,25,2,18,4,,,,1,1,6,,5,4,0,5,,0,3,0,2,,185,20,122,50,70,43,,,87,98,50,59,,,,,4,4,4,1,,4,,0,35,8,8,8,5
File,"examples/src/main/java/org/apache/pdfbox/examples/pdmodel/ShowColorBoxes.java",examples/src/main/java/org/apache/pdfbox/examples/pdmodel/ShowColorBoxes.java,1,1,1,1,21,2,16,2,,,,1,1,0,,2,1,0,2,,0,1,0,1,,76,9,43,12,21,24,,,25,31,12,20,,,,,2,2,2,1,,2,,0,56,3,3,3,2
File,"examples/src/main/java/org/apache/pdfbox/examples/pdmodel/ShowTextWithPositioning.java",examples/src/main/java/org/apache/pdfbox/examples/pdmodel/ShowTextWithPositioning.java,2,2,2,1,40,6,27,7,,,,1,2,1,,3,1,0,3,,0,1,0,2,,168,26,100,31,61,42,,,64,74,33,51,,,,,5,5,5,1,,4,,0,42,7,7,7,3
File,"examples/src/main/java/org/apache/pdfbox/examples/pdmodel/SuperimposePage.java",examples/src/main/java/org/apache/pdfbox/examples/pdmodel/SuperimposePage.java,1,1,1,1,29,3,22,3,,,,1,1,0,,2,1,0,2,,0,1,0,1,,98,12,61,23,31,26,,,39,46,23,27,,,,,2,2,2,1,,3,,0,43,3,3,3,2
File,"examples/src/main/java/org/apache/pdfbox/examples/pdmodel/UsingTextMatrix.java",examples/src/main/java/org/apache/pdfbox/examples/pdmodel/UsingTextMatrix.java,2,2,2,1,30,3,20,6,,,,1,1,0,,4,3,0,4,,0,1,0,3,,162,20,96,26,58,46,,,66,76,29,55,,,,,4,4,4,1,,2,,0,48,8,8,8,4
File,"examples/src/main/java/org/apache/pdfbox/examples/printing/Printing.java",examples/src/main/java/org/apache/pdfbox/examples/printing/Printing.java,2,2,2,1,17,1,11,4,,,,1,6,0,,7,1,0,7,,0,6,0,1,,168,21,101,38,44,50,,,53,69,38,43,,,,,6,6,7,1,,2,,0,50,14,14,15,7
File,"examples/src/main/java/org/apache/pdfbox/examples/rendering/CustomGraphicsStreamEngine.java",examples/src/main/java/org/apache/pdfbox/examples/rendering/CustomGraphicsStreamEngine.java,1,1,1,1,7,0,5,1,,,,1,1,0,,19,18,0,19,,0,0,2,17,,200,25,130,57,33,45,,,44,67,40,30,,,,,2,2,2,1,,1,,0,35,20,20,20,19
File,"examples/src/main/java/org/apache/pdfbox/examples/rendering/CustomPageDrawer.java",examples/src/main/java/org/apache/pdfbox/examples/rendering/CustomPageDrawer.java,1,1,1,1,14,1,9,3,,,,3,1,0,,8,7,0,8,,2,0,3,3,,192,22,112,56,45,58,,,65,78,49,43,,,,,2,2,3,1,,1,,0,52,9,9,10,8
File,"examples/src/main/java/org/apache/pdfbox/examples/signature/CMSProcessableInputStream.java",examples/src/main/java/org/apache/pdfbox/examples/signature/CMSProcessableInputStream.java,1,1,1,1,5,0,5,0,,,,1,0,0,,5,5,2,5,,2,0,0,3,,71,8,39,20,7,24,,,18,24,17,7,,,,,1,1,1,1,,0,,0,62,5,5,5,5
File,"examples/src/main/java/org/apache/pdfbox/examples/signature/CreateEmbeddedTimeStamp.java",examples/src/main/java/org/apache/pdfbox/examples/signature/CreateEmbeddedTimeStamp.java,2,2,2,1,20,1,14,4,,,,1,2,0,,8,6,4,8,,0,4,0,4,,229,23,140,45,64,66,,,66,87,44,56,,,,,5,5,5,1,,3,,0,47,18,18,20,8
File,"examples/src/main/java/org/apache/pdfbox/examples/signature/CreateEmptySignatureForm.java",examples/src/main/java/org/apache/pdfbox/examples/signature/CreateEmptySignatureForm.java,1,1,1,1,24,4,14,5,,,,1,1,0,,2,1,0,2,,0,1,0,1,,90,13,44,24,20,33,,,32,36,24,19,,,,,1,1,1,1,,1,,0,75,2,2,2,2
File,"examples/src/main/java/org/apache/pdfbox/examples/signature/CreateSignature.java",examples/src/main/java/org/apache/pdfbox/examples/signature/CreateSignature.java,2,2,2,1,23,1,15,6,,,,1,2,0,,7,5,0,7,,0,1,0,6,,227,23,132,45,61,73,,,66,85,43,54,,,,,6,6,6,1,,3,,0,55,16,16,17,7
File,"examples/src/main/java/org/apache/pdfbox/examples/signature/CreateSignatureBase.java",examples/src/main/java/org/apache/pdfbox/examples/signature/CreateSignatureBase.java,1,1,2,1,14,0,9,5,,,,1,0,0,,8,8,4,8,,0,0,0,8,,175,14,106,49,34,55,,,56,71,47,31,,,,,5,5,6,1,,3,,0,52,14,14,16,8
File,"examples/src/main/java/org/apache/pdfbox/examples/signature/CreateSignedTimeStamp.java",examples/src/main/java/org/apache/pdfbox/examples/signature/CreateSignedTimeStamp.java,1,1,1,1,17,1,11,4,,,,1,2,1,,7,5,1,7,,0,1,0,6,,180,20,100,35,42,60,,,47,61,34,35,,,,,3,3,3,1,,1,,0,60,12,12,13,7
File,"examples/src/main/java/org/apache/pdfbox/examples/signature/CreateVisibleSignature.java",examples/src/main/java/org/apache/pdfbox/examples/signature/CreateVisibleSignature.java,2,2,2,1,28,1,15,11,,,,1,2,0,,14,12,6,14,,0,2,0,12,,478,45,256,76,117,177,,,118,155,70,101,,,,,12,12,15,1,,4,,0,69,33,33,36,14
File,"examples/src/main/java/org/apache/pdfbox/examples/signature/CreateVisibleSignature2.java",examples/src/main/java/org/apache/pdfbox/examples/signature/CreateVisibleSignature2.java,3,3,3,1,41,3,26,10,,,,1,2,0,,12,10,3,12,,0,4,0,8,,595,61,378,121,217,156,,,224,266,119,189,,,,,13,13,16,1,,4,,0,41,43,37,47,12
File,"examples/src/main/java/org/apache/pdfbox/examples/signature/ShowSignature.java",examples/src/main/java/org/apache/pdfbox/examples/signature/ShowSignature.java,6,6,6,2,57,2,45,9,,,,1,2,1,,10,8,1,10,,0,9,0,1,,688,39,529,160,261,120,,,230,298,149,209,,,,,21,17,23,10,,8,,0,23,64,60,67,22
File,"examples/src/main/java/org/apache/pdfbox/examples/signature/SigUtils.java",examples/src/main/java/org/apache/pdfbox/examples/signature/SigUtils.java,2,2,3,1,24,0,16,7,,,,1,13,1,,15,1,0,14,,0,1,0,13,,457,23,304,127,138,135,,,141,186,112,116,,,,,9,9,10,8,,8,,0,44,42,42,58,28
File,"examples/src/main/java/org/apache/pdfbox/examples/signature/TSAClient.java",examples/src/main/java/org/apache/pdfbox/examples/signature/TSAClient.java,3,3,4,1,39,4,27,7,,,,1,0,3,,3,3,4,3,,0,1,0,2,,185,23,117,48,54,45,,,70,81,47,47,,,,,5,5,8,1,,2,,0,38,10,10,13,3
File,"examples/src/main/java/org/apache/pdfbox/examples/signature/ValidationTimeStamp.java",examples/src/main/java/org/apache/pdfbox/examples/signature/ValidationTimeStamp.java,1,1,1,1,20,1,10,8,,,,1,0,0,,4,4,1,4,,0,1,0,3,,139,14,70,44,23,55,,,42,51,41,20,,,,,2,2,2,1,,1,,0,79,7,7,7,4
File,"examples/src/main/java/org/apache/pdfbox/examples/signature/cert/CRLVerifier.java",examples/src/main/java/org/apache/pdfbox/examples/signature/cert/CRLVerifier.java,4,4,5,2,40,1,30,9,,,,1,6,1,,7,1,0,7,,0,3,0,4,,358,23,252,81,110,87,,,102,139,73,84,,,,,13,13,13,7,,4,,0,35,30,30,35,17
File,"examples/src/main/java/org/apache/pdfbox/examples/signature/cert/CertificateVerificationException.java",examples/src/main/java/org/apache/pdfbox/examples/signature/cert/CertificateVerificationException.java,1,1,1,1,4,0,4,0,,,,1,0,1,,2,2,0,2,,0,0,0,2,,40,4,13,5,3,23,,,4,7,5,2,,,,,1,1,1,1,,0,,1,77,2,2,2,2
File,"examples/src/main/java/org/apache/pdfbox/examples/signature/cert/CertificateVerificationResult.java",examples/src/main/java/org/apache/pdfbox/examples/signature/cert/CertificateVerificationResult.java,1,1,1,1,5,0,4,0,,,,1,0,0,,5,5,3,5,,0,0,0,5,,65,8,30,11,7,27,,,12,18,11,7,,,,,1,1,1,1,,0,,0,90,5,5,5,5
File,"examples/src/main/java/org/apache/pdfbox/examples/signature/cert/CertificateVerifier.java",examples/src/main/java/org/apache/pdfbox/examples/signature/cert/CertificateVerifier.java,4,4,4,2,42,2,28,11,,,,1,8,1,,10,1,0,9,,0,6,0,3,,509,32,337,115,159,140,,,154,200,103,136,,,,,13,13,14,6,,5,,0,42,44,44,46,23
File,"examples/src/main/java/org/apache/pdfbox/examples/signature/cert/OcspHelper.java",examples/src/main/java/org/apache/pdfbox/examples/signature/cert/OcspHelper.java,3,3,3,1,29,1,21,7,,,,2,0,2,,18,18,9,18,,1,10,0,7,,645,45,446,128,212,156,,,193,258,122,171,,,,,11,11,11,7,,3,,0,35,61,56,66,33
File,"examples/src/main/java/org/apache/pdfbox/examples/signature/cert/RevokedCertificateException.java",examples/src/main/java/org/apache/pdfbox/examples/signature/cert/RevokedCertificateException.java,1,1,1,1,4,0,4,0,,,,1,0,1,,3,3,1,3,,0,0,0,3,,48,6,21,8,6,21,,,9,13,8,5,,,,,1,1,1,1,,0,,1,00,3,3,3,3
File,"examples/src/main/java/org/apache/pdfbox/examples/signature/validation/AddValidationInformation.java",examples/src/main/java/org/apache/pdfbox/examples/signature/validation/AddValidationInformation.java,3,3,4,1,33,2,24,6,,,,1,3,1,,16,12,12,15,,0,13,0,2,,640,59,448,132,225,133,,,219,279,129,193,,,,,9,9,13,3,,3,,0,30,58,58,64,20
File,"examples/src/main/java/org/apache/pdfbox/examples/signature/validation/CertInformationCollector.java",examples/src/main/java/org/apache/pdfbox/examples/signature/validation/CertInformationCollector.java,1,1,1,1,16,0,11,4,,,,2,0,2,,22,22,14,22,,1,7,0,14,,463,43,301,103,120,119,,,125,172,92,103,,,,,9,9,10,4,,2,,0,40,41,41,42,28
File,"examples/src/main/java/org/apache/pdfbox/examples/signature/validation/CertInformationHelper.java",examples/src/main/java/org/apache/pdfbox/examples/signature/validation/CertInformationHelper.java,3,3,3,2,24,0,18,5,,,,1,4,1,,5,1,0,5,,0,2,3,0,,166,11,112,40,47,43,,,47,65,39,43,,,,,6,6,6,6,,3,,0,38,17,17,18,13
File,"examples/src/main/java/org/apache/pdfbox/examples/signature/validation/CertificateProccessingException.java",examples/src/main/java/org/apache/pdfbox/examples/signature/validation/CertificateProccessingException.java,1,1,1,1,4,0,4,0,,,,1,0,1,,1,1,0,1,,0,0,0,1,,32,2,9,4,2,21,,,3,5,4,1,,,,,1,1,1,1,,0,,2,33,1,1,1,1
File,"examples/src/main/java/org/apache/pdfbox/examples/util/AddWatermarkText.java",examples/src/main/java/org/apache/pdfbox/examples/util/AddWatermarkText.java,2,1,2,1,22,1,19,1,,,,1,3,0,,4,1,0,4,,0,3,0,1,,132,12,95,34,53,28,,,56,67,34,43,,,,,4,3,4,1,,3,,0,29,9,7,9,4
File,"examples/src/main/java/org/apache/pdfbox/examples/util/ConnectedInputStream.java",examples/src/main/java/org/apache/pdfbox/examples/util/ConnectedInputStream.java,1,1,1,1,5,0,5,0,,,,1,0,0,,10,10,2,10,,0,0,0,10,,93,12,60,26,12,21,,,18,29,17,12,,,,,1,1,1,1,,0,,0,35,10,10,10,10
File,"examples/src/main/java/org/apache/pdfbox/examples/util/DrawPrintTextLocations.java",examples/src/main/java/org/apache/pdfbox/examples/util/DrawPrintTextLocations.java,3,3,3,1,36,2,27,6,,,,1,2,1,,7,5,5,7,,0,3,2,2,,333,29,236,83,128,70,,,138,166,82,109,,,,,9,9,9,3,,3,,0,30,26,24,26,9
File,"examples/src/main/java/org/apache/pdfbox/examples/util/ExtractTextByArea.java",examples/src/main/java/org/apache/pdfbox/examples/util/ExtractTextByArea.java,1,1,1,1,13,0,9,3,,,,1,2,0,,3,1,0,3,,0,2,0,1,,78,7,39,15,13,32,,,18,24,15,12,,,,,2,2,2,1,,2,,0,82,4,4,4,3
File,"examples/src/main/java/org/apache/pdfbox/examples/util/ExtractTextSimple.java",examples/src/main/java/org/apache/pdfbox/examples/util/ExtractTextSimple.java,2,2,2,1,22,2,13,7,,,,1,2,0,,3,1,0,3,,0,2,0,1,,106,12,50,15,21,44,,,27,36,17,23,,,,,5,5,5,1,,3,,0,88,7,7,7,3
File,"examples/src/main/java/org/apache/pdfbox/examples/util/PDFHighlighter.java",examples/src/main/java/org/apache/pdfbox/examples/util/PDFHighlighter.java,1,1,1,1,17,0,11,5,,,,1,2,1,,6,4,4,6,,0,1,1,4,,165,13,93,34,46,59,,,48,61,34,33,,,,,4,4,4,1,,2,,0,63,10,10,10,6
File,"examples/src/main/java/org/apache/pdfbox/examples/util/PDFMergerExample.java",examples/src/main/java/org/apache/pdfbox/examples/util/PDFMergerExample.java,1,1,1,1,24,2,17,4,,,,1,0,1,,4,4,0,4,,0,3,0,1,,154,16,97,43,50,41,,,67,74,42,43,,,,,2,2,2,1,,1,,0,42,5,5,5,4
File,"examples/src/main/java/org/apache/pdfbox/examples/util/PrintImageLocations.java",examples/src/main/java/org/apache/pdfbox/examples/util/PrintImageLocations.java,2,2,2,1,26,0,18,7,,,,1,2,0,,4,2,0,4,,0,1,1,2,,158,10,99,40,45,49,,,59,71,40,40,,,,,4,4,4,1,,3,,0,49,9,9,9,4
File,"examples/src/main/java/org/apache/pdfbox/examples/util/PrintTextColors.java",examples/src/main/java/org/apache/pdfbox/examples/util/PrintTextColors.java,1,1,1,1,18,0,13,4,,,,1,2,0,,4,2,0,4,,0,1,1,2,,131,9,80,36,34,42,,,55,62,35,33,,,,,2,2,2,1,,2,,0,53,5,5,5,4
File,"examples/src/main/java/org/apache/pdfbox/examples/util/PrintTextLocations.java",examples/src/main/java/org/apache/pdfbox/examples/util/PrintTextLocations.java,1,1,1,1,14,0,9,4,,,,1,2,0,,4,2,0,4,,0,1,1,2,,98,7,52,19,17,39,,,20,29,19,12,,,,,2,2,2,1,,2,,0,75,6,6,6,4
File,"examples/src/main/java/org/apache/pdfbox/examples/util/RemoveAllText.java",examples/src/main/java/org/apache/pdfbox/examples/util/RemoveAllText.java,2,2,3,1,20,0,17,2,,,,1,5,0,,6,1,0,6,,0,5,0,1,,174,11,126,40,56,37,,,57,80,43,46,,,,,5,5,7,5,,3,,0,29,17,17,19,10
File,"examples/src/main/java/org/apache/pdfbox/examples/util/SplitBooklet.java",examples/src/main/java/org/apache/pdfbox/examples/util/SplitBooklet.java,2,2,3,1,19,1,16,2,,,,1,2,0,,3,1,0,3,,0,2,0,1,,97,8,60,18,27,29,,,26,36,19,24,,,,,5,5,7,1,,3,,0,48,7,7,9,3
File,"examples/src/test/java/org/apache/pdfbox/examples/interactive/form/TestCreateSimpleForms.java",examples/src/test/java/org/apache/pdfbox/examples/interactive/form/TestCreateSimpleForms.java,1,1,1,1,25,0,23,1,,,,1,0,0,,8,8,0,8,,7,1,0,0,,273,16,221,95,130,36,,,150,170,87,128,,,,,2,2,2,1,,2,,0,16,9,9,9,8
File,"examples/src/test/java/org/apache/pdfbox/examples/pdfa/CreatePDFATest.java",examples/src/test/java/org/apache/pdfbox/examples/pdfa/CreatePDFATest.java,3,3,3,2,38,2,32,3,,,,1,0,0,,2,2,1,2,,1,0,1,0,,130,11,94,53,45,26,,,63,73,51,34,,,,,6,6,6,3,,2,,0,28,7,7,7,4
File,"examples/src/test/java/org/apache/pdfbox/examples/pdmodel/TestCreateGradientShadingPDF.java",examples/src/test/java/org/apache/pdfbox/examples/pdmodel/TestCreateGradientShadingPDF.java,3,3,3,1,22,2,20,1,,,,1,0,0,,1,1,0,1,,1,0,0,0,,60,5,35,19,10,21,,,23,28,20,11,,,,,3,3,3,1,,3,,0,60,3,3,3,1
File,"examples/src/test/java/org/apache/pdfbox/examples/pdmodel/TestCreateSignature.java",examples/src/test/java/org/apache/pdfbox/examples/pdmodel/TestCreateSignature.java,2,2,2,1,47,4,34,9,,,,1,2,11,,19,17,0,19,,13,6,0,0,,1064,108,764,363,445,197,,,502,575,325,409,,,,,14,14,14,3,,4,,0,26,42,42,45,21
File,"examples/src/test/java/org/apache/pdfbox/examples/pdmodel/TestEmbeddedFiles.java",examples/src/test/java/org/apache/pdfbox/examples/pdmodel/TestEmbeddedFiles.java,1,1,1,1,23,1,17,5,,,,1,0,0,,1,1,0,1,,1,0,0,0,,56,4,27,15,13,25,,,20,22,14,10,,,,,1,1,1,1,,0,,0,93,1,1,1,1
File,"examples/src/test/java/org/apache/pdfbox/examples/pdmodel/TestHelloWorld.java",examples/src/test/java/org/apache/pdfbox/examples/pdmodel/TestHelloWorld.java,1,1,1,1,11,2,9,0,,,,1,1,1,,4,3,0,4,,2,1,0,1,,89,15,54,31,22,20,,,32,38,27,13,,,,,1,1,1,1,,1,,0,37,4,4,4,4
File,"examples/src/test/java/org/apache/pdfbox/examples/pdmodel/TestRubberStampWithImage.java",examples/src/test/java/org/apache/pdfbox/examples/pdmodel/TestRubberStampWithImage.java,3,3,3,3,27,2,25,0,,,,1,0,0,,2,2,0,2,,1,1,0,0,,102,12,71,35,29,19,,,44,54,36,27,,,,,6,6,6,6,,3,,0,27,7,7,7,7
File,"examples/src/test/java/org/apache/wink/client/MockHttpServer.java",examples/src/test/java/org/apache/wink/client/MockHttpServer.java,1,1,1,1,8,0,7,0,,,,3,0,1,,49,49,19,49,,0,19,0,30,,547,74,417,130,242,58,,,201,295,125,197,,,,,6,6,7,6,,4,,0,14,92,92,97,58
File,"fontbox/src/main/java/org/apache/fontbox/EncodedFont.java",fontbox/src/main/java/org/apache/fontbox/EncodedFont.java,0,0,0,0,0,0,0,0,,,,1,0,0,,1,1,0,1,,1,0,0,0,,34,3,7,5,0,24,,,4,5,5,0,,,,,0,0,0,0,,0,,3,43,0,0,0,0
File,"fontbox/src/main/java/org/apache/fontbox/FontBoxFont.java",fontbox/src/main/java/org/apache/fontbox/FontBoxFont.java,0,0,0,0,0,0,0,0,,,,1,0,0,,6,6,0,6,,6,0,0,0,,69,8,14,12,0,47,,,11,12,12,0,,,,,0,0,0,0,,0,,3,36,0,0,0,0
File,"fontbox/src/main/java/org/apache/fontbox/afm/AFMParser.java",fontbox/src/main/java/org/apache/fontbox/afm/AFMParser.java,4,2,4,1,23,0,18,5,,,,1,0,63,,26,26,1,26,,0,23,0,3,,936,37,561,143,403,342,,,324,382,150,268,,,,,35,6,36,1,,3,,0,61,106,57,114,26
File,"fontbox/src/main/java/org/apache/fontbox/afm/CharMetric.java",fontbox/src/main/java/org/apache/fontbox/afm/CharMetric.java,1,1,1,1,7,0,4,3,,,,1,0,0,,28,28,14,28,,0,0,0,28,,277,36,134,48,29,107,,,47,76,48,29,,,,,1,1,1,1,,0,,0,80,28,28,28,28
File,"fontbox/src/main/java/org/apache/fontbox/afm/Composite.java",fontbox/src/main/java/org/apache/fontbox/afm/Composite.java,1,1,1,1,6,0,4,2,,,,1,0,0,,4,4,2,4,,0,0,0,4,,63,6,25,11,5,32,,,10,15,11,5,,,,,1,1,1,1,,0,,1,28,4,4,4,4
File,"fontbox/src/main/java/org/apache/fontbox/afm/CompositePart.java",fontbox/src/main/java/org/apache/fontbox/afm/CompositePart.java,1,1,1,1,6,0,4,2,,,,1,0,0,,4,4,3,4,,0,0,0,4,,60,5,25,9,6,30,,,10,15,9,6,,,,,1,1,1,1,,0,,1,20,4,4,4,4
File,"fontbox/src/main/java/org/apache/fontbox/afm/FontMetrics.java",fontbox/src/main/java/org/apache/fontbox/afm/FontMetrics.java,1,1,1,1,9,0,4,4,,,,1,0,0,,74,74,36,74,,0,0,0,74,,837,81,378,125,110,378,,,131,214,126,98,,,,,4,4,4,1,,2,,1,00,82,82,83,74
File,"fontbox/src/main/java/org/apache/fontbox/afm/KernPair.java",fontbox/src/main/java/org/apache/fontbox/afm/KernPair.java,1,1,1,1,7,0,4,2,,,,1,0,0,,5,5,4,5,,0,0,0,5,,70,6,31,11,8,33,,,13,19,11,8,,,,,1,1,1,1,,0,,1,06,5,5,5,5
File,"fontbox/src/main/java/org/apache/fontbox/afm/Ligature.java",fontbox/src/main/java/org/apache/fontbox/afm/Ligature.java,1,1,1,1,6,0,4,2,,,,1,0,0,,3,3,2,3,,0,0,0,3,,51,5,19,7,4,27,,,7,11,7,4,,,,,1,1,1,1,,0,,1,42,3,3,3,3
File,"fontbox/src/main/java/org/apache/fontbox/afm/TrackKern.java",fontbox/src/main/java/org/apache/fontbox/afm/TrackKern.java,1,1,1,1,7,0,4,2,,,,1,0,0,,6,6,5,6,,0,0,0,6,,81,7,38,14,10,36,,,16,23,13,10,,,,,1,1,1,1,,0,,0,95,6,6,6,6
File,"fontbox/src/main/java/org/apache/fontbox/cff/CFFCIDFont.java",fontbox/src/main/java/org/apache/fontbox/cff/CFFCIDFont.java,1,1,1,1,10,0,6,3,,,,2,0,0,,22,22,9,22,,6,5,0,11,,300,29,162,62,57,111,,,61,92,55,53,,,,,3,3,3,1,,2,,0,69,31,31,31,22
File,"fontbox/src/main/java/org/apache/fontbox/cff/CFFCharset.java",fontbox/src/main/java/org/apache/fontbox/cff/CFFCharset.java,0,0,0,0,0,0,0,0,,,,1,0,0,,9,9,0,9,,0,0,0,9,,97,9,13,11,0,75,,,10,11,11,0,,,,,0,0,0,0,,0,,5,77,0,0,0,0
File,"fontbox/src/main/java/org/apache/fontbox/cff/CFFCharsetCID.java",fontbox/src/main/java/org/apache/fontbox/cff/CFFCharsetCID.java,1,1,1,1,6,0,6,0,,,,1,0,1,,9,9,2,9,,0,0,0,9,,101,14,65,27,19,22,,,20,32,18,18,,,,,2,2,2,1,,1,,0,34,11,11,11,9
File,"fontbox/src/main/java/org/apache/fontbox/cff/CFFCharsetType1.java",fontbox/src/main/java/org/apache/fontbox/cff/CFFCharsetType1.java,1,1,1,1,7,0,7,0,,,,1,0,1,,9,9,4,9,,0,0,0,9,,109,13,74,30,26,22,,,26,39,21,25,,,,,2,2,2,1,,1,,0,30,12,12,12,9
File,"fontbox/src/main/java/org/apache/fontbox/cff/CFFDataInput.java",fontbox/src/main/java/org/apache/fontbox/cff/CFFDataInput.java,1,1,1,1,10,0,5,5,,,,1,0,0,,6,6,0,6,,0,0,0,6,,99,8,39,11,12,52,,,14,23,12,12,,,,,2,2,3,1,,1,,1,33,8,8,9,6
File,"fontbox/src/main/java/org/apache/fontbox/cff/CFFEncoding.java",fontbox/src/main/java/org/apache/fontbox/cff/CFFEncoding.java,1,1,1,1,7,0,3,3,,,,1,0,0,,3,3,0,3,,1,0,1,1,,53,4,16,6,2,33,,,4,8,6,2,,,,,1,1,1,1,,0,,2,06,3,3,3,3
File,"fontbox/src/main/java/org/apache/fontbox/cff/CFFExpertCharset.java",fontbox/src/main/java/org/apache/fontbox/cff/CFFExpertCharset.java,1,1,1,1,93,0,90,2,,,,1,1,3,,2,1,0,2,,0,1,0,1,,219,6,187,176,173,26,,,8,13,10,4,,,,,2,2,2,1,,1,,0,14,3,3,3,2
File,"fontbox/src/main/java/org/apache/fontbox/cff/CFFExpertEncoding.java",fontbox/src/main/java/org/apache/fontbox/cff/CFFExpertEncoding.java,1,1,1,1,137,0,134,2,,,,1,1,3,,2,1,0,2,,0,1,0,1,,309,7,276,265,262,26,,,7,12,9,4,,,,,2,2,2,1,,1,,0,09,3,3,3,2
File,"fontbox/src/main/java/org/apache/fontbox/cff/CFFExpertSubsetCharset.java",fontbox/src/main/java/org/apache/fontbox/cff/CFFExpertSubsetCharset.java,1,1,1,1,53,0,50,2,,,,1,1,3,,2,1,0,2,,0,1,0,1,,141,7,108,97,94,26,,,8,13,10,4,,,,,2,2,2,1,,1,,0,24,3,3,3,2
File,"fontbox/src/main/java/org/apache/fontbox/cff/CFFFont.java",fontbox/src/main/java/org/apache/fontbox/cff/CFFFont.java,1,1,1,1,9,0,4,4,,,,1,0,0,,16,16,6,16,,4,0,0,12,,202,19,92,36,22,91,,,32,50,32,20,,,,,2,2,2,1,,1,,0,99,17,17,17,15
File,"fontbox/src/main/java/org/apache/fontbox/cff/CFFISOAdobeCharset.java",fontbox/src/main/java/org/apache/fontbox/cff/CFFISOAdobeCharset.java,1,1,1,1,124,0,121,2,,,,1,1,3,,2,1,0,2,,0,1,0,1,,282,6,250,239,236,26,,,8,13,10,4,,,,,2,2,2,1,,1,,0,10,3,3,3,2
File,"fontbox/src/main/java/org/apache/fontbox/cff/CFFOperator.java",fontbox/src/main/java/org/apache/fontbox/cff/CFFOperator.java,1,1,1,1,6,0,3,2,,,,1,5,1,,6,1,0,6,,0,4,0,2,,131,11,85,12,58,35,,,61,68,11,58,,,,,1,1,1,1,,0,,0,41,6,6,6,6
File,"fontbox/src/main/java/org/apache/fontbox/cff/CFFParser.java",fontbox/src/main/java/org/apache/fontbox/cff/CFFParser.java,2,2,2,1,15,0,13,1,,,,18,15,4,,86,71,27,86,,5,44,0,37,,1590,145,1262,336,635,186,,,540,756,322,560,,,,,24,18,25,14,,4,,0,15,224,201,252,130
File,"fontbox/src/main/java/org/apache/fontbox/cff/CFFStandardEncoding.java",fontbox/src/main/java/org/apache/fontbox/cff/CFFStandardEncoding.java,1,1,1,1,137,0,134,2,,,,1,1,3,,2,1,0,2,,0,1,0,1,,307,5,276,265,262,26,,,7,12,9,4,,,,,2,2,2,1,,1,,0,09,3,3,3,2
File,"fontbox/src/main/java/org/apache/fontbox/cff/CFFStandardString.java",fontbox/src/main/java/org/apache/fontbox/cff/CFFStandardString.java,1,1,1,1,6,0,3,2,,,,1,1,1,,2,1,0,2,,0,1,0,1,,434,4,405,397,392,25,,,3,6,5,1,,,,,1,1,1,1,,0,,0,06,2,2,2,2
File,"fontbox/src/main/java/org/apache/fontbox/cff/CFFType1Font.java",fontbox/src/main/java/org/apache/fontbox/cff/CFFType1Font.java,1,1,1,1,9,0,7,2,,,,2,0,0,,17,17,8,17,,2,6,0,9,,241,23,147,55,54,72,,,54,82,47,47,,,,,4,4,4,1,,2,,0,49,28,28,28,17
File,"fontbox/src/main/java/org/apache/fontbox/cff/CIDKeyedType2CharString.java",fontbox/src/main/java/org/apache/fontbox/cff/CIDKeyedType2CharString.java,1,1,1,1,12,0,4,7,,,,1,0,0,,2,2,1,2,,0,0,0,2,,58,5,17,8,3,36,,,8,11,8,3,,,,,1,1,1,1,,0,,2,12,2,2,2,2
File,"fontbox/src/main/java/org/apache/fontbox/cff/CharStringCommand.java",fontbox/src/main/java/org/apache/fontbox/cff/CharStringCommand.java,1,1,1,1,6,0,5,0,,,,4,8,3,,20,18,139,26,,0,4,0,22,,306,35,219,82,58,87,,,55,92,41,54,,,,,5,5,8,5,,2,,0,40,30,30,33,26
File,"fontbox/src/main/java/org/apache/fontbox/cff/CharStringHandler.java",fontbox/src/main/java/org/apache/fontbox/cff/CharStringHandler.java,1,1,1,1,18,0,15,3,,,,1,0,0,,3,2,0,2,,2,0,0,0,,64,3,25,9,9,36,,,10,13,8,7,,,,,2,2,2,1,,1,,1,44,3,3,3,2
File,"fontbox/src/main/java/org/apache/fontbox/cff/DataInput.java",fontbox/src/main/java/org/apache/fontbox/cff/DataInput.java,1,1,1,1,12,0,7,4,,,,1,0,0,,12,12,2,12,,0,0,0,12,,190,15,98,24,40,77,,,33,54,24,36,,,,,3,3,3,1,,1,,0,79,20,20,20,12
File,"fontbox/src/main/java/org/apache/fontbox/cff/EmbeddedCharset.java",fontbox/src/main/java/org/apache/fontbox/cff/EmbeddedCharset.java,1,1,1,1,4,0,4,0,,,,1,0,0,,10,10,1,10,,1,0,0,9,,85,11,54,22,10,20,,,12,23,13,10,,,,,2,2,2,1,,0,,0,37,11,11,11,10
File,"fontbox/src/main/java/org/apache/fontbox/cff/FDSelect.java",fontbox/src/main/java/org/apache/fontbox/cff/FDSelect.java,0,0,0,0,0,0,0,0,,,,1,0,0,,1,1,0,1,,0,0,0,1,,28,2,5,3,0,21,,,2,3,3,0,,,,,0,0,0,0,,0,,4,20,0,0,0,0
File,"fontbox/src/main/java/org/apache/fontbox/cff/Type1CharString.java",fontbox/src/main/java/org/apache/fontbox/cff/Type1CharString.java,4,2,4,2,25,0,20,4,,,,1,0,1,,17,17,11,17,,0,9,1,7,,507,30,378,77,215,99,,,156,209,73,165,,,,,44,21,44,22,,3,,0,26,72,49,72,42
File,"fontbox/src/main/java/org/apache/fontbox/cff/Type1CharStringParser.java",fontbox/src/main/java/org/apache/fontbox/cff/Type1CharStringParser.java,3,3,4,1,23,0,20,3,,,,1,1,5,,8,7,2,8,,0,6,0,2,,251,20,180,42,95,54,,,77,106,42,79,,,,,7,6,9,5,,2,,0,30,30,28,39,14
File,"fontbox/src/main/java/org/apache/fontbox/cff/Type1FontUtil.java",fontbox/src/main/java/org/apache/fontbox/cff/Type1FontUtil.java,1,1,1,1,13,1,8,3,,,,1,8,0,,9,1,0,9,,0,3,0,6,,160,24,83,27,39,53,,,41,58,31,30,,,,,3,3,3,1,,2,,0,64,15,15,15,9
File,"fontbox/src/main/java/org/apache/fontbox/cff/Type2CharString.java",fontbox/src/main/java/org/apache/fontbox/cff/Type2CharString.java,5,3,5,1,20,0,18,1,,,,1,1,0,,15,13,4,14,,0,12,0,2,,356,19,292,51,188,45,,,125,159,46,128,,,,,35,14,36,1,,2,,0,15,75,52,77,15
File,"fontbox/src/main/java/org/apache/fontbox/cff/Type2CharStringParser.java",fontbox/src/main/java/org/apache/fontbox/cff/Type2CharStringParser.java,3,3,4,2,18,0,16,2,,,,1,0,2,,11,11,5,11,,0,8,0,3,,258,24,192,50,89,43,,,73,109,45,77,,,,,6,6,15,6,,2,,0,22,35,35,54,22
File,"fontbox/src/main/java/org/apache/fontbox/cmap/CIDRange.java",fontbox/src/main/java/org/apache/fontbox/cmap/CIDRange.java,1,1,2,1,15,0,8,7,,,,1,0,0,,6,6,4,6,,1,0,0,5,,127,10,56,13,20,61,,,20,32,13,20,,,,,3,3,4,3,,2,,1,09,11,11,17,8
File,"fontbox/src/main/java/org/apache/fontbox/cmap/CMap.java",fontbox/src/main/java/org/apache/fontbox/cmap/CMap.java,1,1,1,1,13,0,8,5,,,,1,2,2,,42,36,18,38,,7,5,0,26,,648,52,354,85,160,244,,,141,211,90,135,,,,,7,7,7,3,,2,,0,69,73,73,81,50
File,"fontbox/src/main/java/org/apache/fontbox/cmap/CMapParser.java",fontbox/src/main/java/org/apache/fontbox/cmap/CMapParser.java,5,4,6,2,29,0,26,3,,,,3,0,2,,24,24,4,24,,0,18,1,5,,797,39,658,106,344,100,,,239,346,113,275,,,,,39,22,55,16,,5,,0,15,133,101,162,58
File,"fontbox/src/main/java/org/apache/fontbox/cmap/CodespaceRange.java",fontbox/src/main/java/org/apache/fontbox/cmap/CodespaceRange.java,2,2,3,1,17,0,11,5,,,,1,0,0,,4,4,3,4,,0,0,0,4,,102,6,52,11,21,44,,,22,33,13,20,,,,,4,4,6,4,,2,,0,85,10,10,13,7
File,"fontbox/src/main/java/org/apache/fontbox/encoding/BuiltInEncoding.java",fontbox/src/main/java/org/apache/fontbox/encoding/BuiltInEncoding.java,1,1,1,1,9,0,4,5,,,,1,0,0,,1,1,0,1,,0,0,0,1,,37,2,9,4,1,26,,,3,5,4,1,,,,,1,1,1,1,,0,,2,89,1,1,1,1
File,"fontbox/src/main/java/org/apache/fontbox/encoding/Encoding.java",fontbox/src/main/java/org/apache/fontbox/encoding/Encoding.java,1,1,1,1,11,0,5,6,,,,1,0,0,,4,4,2,4,,0,0,1,3,,89,7,31,12,10,51,,,13,19,12,10,,,,,2,2,2,1,,1,,1,65,5,5,5,4
File,"fontbox/src/main/java/org/apache/fontbox/encoding/MacRomanEncoding.java",fontbox/src/main/java/org/apache/fontbox/encoding/MacRomanEncoding.java,2,2,2,1,10,0,7,3,,,,1,0,4,,1,1,0,1,,0,1,0,0,,262,7,223,215,212,32,,,6,10,8,3,,,,,2,2,2,1,,1,,0,14,2,2,2,1
File,"fontbox/src/main/java/org/apache/fontbox/encoding/StandardEncoding.java",fontbox/src/main/java/org/apache/fontbox/encoding/StandardEncoding.java,2,2,2,1,10,0,7,3,,,,1,0,4,,1,1,0,1,,0,0,0,1,,200,4,165,157,154,31,,,6,10,8,3,,,,,2,2,2,1,,1,,0,19,2,2,2,1
File,"fontbox/src/main/java/org/apache/fontbox/pfb/PfbParser.java",fontbox/src/main/java/org/apache/fontbox/pfb/PfbParser.java,1,1,1,1,13,0,8,4,,,,1,0,6,,11,11,2,11,,0,2,0,9,,238,24,112,38,48,102,,,51,71,38,38,,,,,8,8,8,1,,2,,0,91,19,19,19,11
File,"fontbox/src/main/java/org/apache/fontbox/ttf/BufferedRandomAccessFile.java",fontbox/src/main/java/org/apache/fontbox/ttf/BufferedRandomAccessFile.java,2,2,2,1,18,0,11,6,,,,1,0,0,,8,8,4,8,,0,2,0,6,,203,13,106,30,47,86,,,43,60,24,37,,,,,5,5,5,5,,3,,0,81,16,16,18,14
File,"fontbox/src/main/java/org/apache/fontbox/ttf/CFFTable.java",fontbox/src/main/java/org/apache/fontbox/ttf/CFFTable.java,1,1,1,1,7,0,5,2,,,,2,0,1,,5,5,2,5,,3,0,0,2,,85,12,38,18,9,35,,,15,22,16,8,,,,,1,1,1,1,,0,,0,92,5,5,5,5
File,"fontbox/src/main/java/org/apache/fontbox/ttf/CmapLookup.java",fontbox/src/main/java/org/apache/fontbox/ttf/CmapLookup.java,0,0,0,0,0,0,0,0,,,,1,0,0,,2,2,0,2,,2,0,0,0,,45,5,7,5,0,33,,,4,5,5,0,,,,,0,0,0,0,,0,,4,71,0,0,0,0
File,"fontbox/src/main/java/org/apache/fontbox/ttf/CmapSubtable.java",fontbox/src/main/java/org/apache/fontbox/ttf/CmapSubtable.java,3,2,4,1,24,1,18,5,,,,2,0,3,,27,26,10,26,,11,8,0,7,,743,61,506,126,283,176,,,258,338,137,249,,,,,11,11,16,5,,5,,0,35,88,80,110,38
File,"fontbox/src/main/java/org/apache/fontbox/ttf/CmapTable.java",fontbox/src/main/java/org/apache/fontbox/ttf/CmapTable.java,1,1,2,1,12,0,8,3,,,,1,0,17,,5,5,1,5,,2,0,0,3,,123,12,67,32,36,47,,,38,49,33,20,,,,,3,3,4,3,,2,,0,70,9,9,10,7
File,"fontbox/src/main/java/org/apache/fontbox/ttf/DigitalSignatureTable.java",fontbox/src/main/java/org/apache/fontbox/ttf/DigitalSignatureTable.java,1,1,1,1,4,0,4,0,,,,1,0,1,,1,1,0,1,,1,0,0,0,,35,2,9,4,2,24,,,3,5,4,1,,,,,1,1,1,1,,0,,2,67,1,1,1,1
File,"fontbox/src/main/java/org/apache/fontbox/ttf/GlyfCompositeComp.java",fontbox/src/main/java/org/apache/fontbox/ttf/GlyfCompositeComp.java,1,1,1,1,12,0,6,6,,,,1,0,9,,17,17,14,17,,1,0,0,16,,318,29,140,46,64,150,,,65,88,46,45,,,,,6,6,6,1,,1,,1,07,22,22,22,17
File,"fontbox/src/main/java/org/apache/fontbox/ttf/GlyfCompositeDescript.java",fontbox/src/main/java/org/apache/fontbox/ttf/GlyfCompositeDescript.java,2,2,3,1,18,0,15,2,,,,1,0,1,,13,13,7,13,,1,3,0,9,,304,27,214,64,103,63,,,86,126,60,92,,,,,5,5,5,3,,3,,0,29,36,36,40,19
File,"fontbox/src/main/java/org/apache/fontbox/ttf/GlyfDescript.java",fontbox/src/main/java/org/apache/fontbox/ttf/GlyfDescript.java,1,1,1,1,8,0,4,4,,,,1,0,6,,5,5,2,5,,2,0,0,3,,118,14,34,18,10,70,,,14,20,16,4,,,,,1,1,1,1,,0,,2,06,5,5,5,5
File,"fontbox/src/main/java/org/apache/fontbox/ttf/GlyfSimpleDescript.java",fontbox/src/main/java/org/apache/fontbox/ttf/GlyfSimpleDescript.java,2,2,2,1,18,0,12,4,,,,1,0,1,,10,10,5,10,,2,2,0,6,,232,24,142,32,58,66,,,56,81,30,54,,,,,9,9,9,3,,4,,0,46,24,24,25,12
File,"fontbox/src/main/java/org/apache/fontbox/ttf/GlyphData.java",fontbox/src/main/java/org/apache/fontbox/ttf/GlyphData.java,1,1,1,1,9,0,5,4,,,,1,0,0,,12,12,7,12,,2,0,0,10,,163,16,77,25,25,70,,,32,46,25,21,,,,,2,2,2,1,,1,,0,91,13,13,13,12
File,"fontbox/src/main/java/org/apache/fontbox/ttf/GlyphDescription.java",fontbox/src/main/java/org/apache/fontbox/ttf/GlyphDescription.java,0,0,0,0,0,0,0,0,,,,1,0,0,,8,8,0,8,,8,0,0,0,,85,12,12,10,0,61,,,9,10,10,0,,,,,0,0,0,0,,0,,5,08,0,0,0,0
File,"fontbox/src/main/java/org/apache/fontbox/ttf/GlyphRenderer.java",fontbox/src/main/java/org/apache/fontbox/ttf/GlyphRenderer.java,2,2,2,1,12,0,11,1,,,,2,0,1,,12,12,5,12,,3,7,0,2,,222,18,153,40,70,51,,,67,95,43,60,,,,,9,9,9,1,,4,,0,33,28,28,28,12
File,"fontbox/src/main/java/org/apache/fontbox/ttf/GlyphSubstitutionTable.java",fontbox/src/main/java/org/apache/fontbox/ttf/GlyphSubstitutionTable.java,3,3,3,1,22,1,18,2,,,,1,0,2,,28,25,7,25,,2,20,0,3,,710,71,549,166,292,91,,,285,375,185,252,,,,,7,6,8,5,,3,,0,17,89,86,98,43
File,"fontbox/src/main/java/org/apache/fontbox/ttf/GlyphTable.java",fontbox/src/main/java/org/apache/fontbox/ttf/GlyphTable.java,2,2,3,1,20,2,13,5,,,,1,0,3,,5,5,5,5,,2,1,0,2,,160,23,79,23,37,58,,,36,49,22,32,,,,,5,5,9,3,,1,,0,73,12,12,16,7
File,"fontbox/src/main/java/org/apache/fontbox/ttf/HeaderTable.java",fontbox/src/main/java/org/apache/fontbox/ttf/HeaderTable.java,1,1,1,1,7,0,4,3,,,,1,0,3,,36,36,17,36,,2,0,0,34,,334,7,188,61,56,139,,,76,113,60,53,,,,,1,1,1,1,,0,,0,74,36,36,36,36
File,"fontbox/src/main/java/org/apache/fontbox/ttf/HorizontalHeaderTable.java",fontbox/src/main/java/org/apache/fontbox/ttf/HorizontalHeaderTable.java,1,1,1,1,7,0,4,3,,,,1,0,1,,36,36,17,36,,2,0,0,34,,324,6,185,58,54,133,,,73,110,57,53,,,,,1,1,1,1,,0,,0,72,36,36,36,36
File,"fontbox/src/main/java/org/apache/fontbox/ttf/HorizontalMetricsTable.java",fontbox/src/main/java/org/apache/fontbox/ttf/HorizontalMetricsTable.java,3,3,3,2,25,1,18,5,,,,1,0,1,,4,4,4,4,,2,0,0,2,,141,13,82,17,36,46,,,34,49,18,33,,,,,7,7,7,3,,3,,0,56,14,14,14,8
File,"fontbox/src/main/java/org/apache/fontbox/ttf/IndexToLocationTable.java",fontbox/src/main/java/org/apache/fontbox/ttf/IndexToLocationTable.java,2,2,2,1,13,0,9,3,,,,1,0,3,,4,4,1,4,,2,0,0,2,,91,6,48,14,19,37,,,19,28,14,16,,,,,5,5,5,1,,2,,0,77,8,8,8,4
File,"fontbox/src/main/java/org/apache/fontbox/ttf/KerningSubtable.java",fontbox/src/main/java/org/apache/fontbox/ttf/KerningSubtable.java,2,2,2,1,14,0,12,2,,,,3,2,9,,17,15,6,17,,4,6,0,7,,306,24,216,62,97,66,,,92,130,62,81,,,,,8,8,8,5,,4,,0,31,35,35,35,22
File,"fontbox/src/main/java/org/apache/fontbox/ttf/KerningTable.java",fontbox/src/main/java/org/apache/fontbox/ttf/KerningTable.java,3,3,3,1,18,0,13,4,,,,1,0,2,,4,4,1,4,,2,0,0,2,,117,10,65,16,26,42,,,24,38,17,24,,,,,6,6,6,4,,3,,0,65,12,12,12,7
File,"fontbox/src/main/java/org/apache/fontbox/ttf/MaximumProfileTable.java",fontbox/src/main/java/org/apache/fontbox/ttf/MaximumProfileTable.java,1,1,1,1,7,0,4,3,,,,1,0,1,,32,32,15,32,,2,0,0,30,,292,6,165,52,48,121,,,65,98,51,47,,,,,1,1,1,1,,0,,0,73,32,32,32,32
File,"fontbox/src/main/java/org/apache/fontbox/ttf/MemoryTTFDataStream.java",fontbox/src/main/java/org/apache/fontbox/ttf/MemoryTTFDataStream.java,1,1,1,1,14,0,9,5,,,,1,0,0,,12,12,2,12,,1,0,0,11,,223,14,121,43,45,88,,,42,63,33,39,,,,,2,2,3,1,,2,,0,73,19,19,20,12
File,"fontbox/src/main/java/org/apache/fontbox/ttf/NameRecord.java",fontbox/src/main/java/org/apache/fontbox/ttf/NameRecord.java,1,1,1,1,8,0,4,3,,,,1,0,23,,16,16,7,16,,1,0,0,15,,206,14,109,49,49,83,,,53,70,49,21,,,,,1,1,1,1,,0,,0,76,16,16,16,16
File,"fontbox/src/main/java/org/apache/fontbox/ttf/NamingTable.java",fontbox/src/main/java/org/apache/fontbox/ttf/NamingTable.java,3,3,3,2,27,1,20,6,,,,1,0,1,,8,8,5,8,,2,1,0,5,,274,21,178,42,100,75,,,76,106,43,78,,,,,16,14,18,4,,3,,0,42,29,27,31,16
File,"fontbox/src/main/java/org/apache/fontbox/ttf/OS2WindowsMetricsTable.java",fontbox/src/main/java/org/apache/fontbox/ttf/OS2WindowsMetricsTable.java,1,1,1,1,8,0,5,3,,,,1,0,36,,71,71,37,71,,2,0,0,69,,873,84,438,151,167,351,,,197,274,150,125,,,,,6,6,6,6,,2,,0,80,76,76,76,76
File,"fontbox/src/main/java/org/apache/fontbox/ttf/OTFParser.java",fontbox/src/main/java/org/apache/fontbox/ttf/OTFParser.java,1,1,1,1,7,0,5,1,,,,1,0,0,,10,10,0,10,,2,0,2,6,,112,12,66,22,20,34,,,16,28,15,13,,,,,7,2,7,1,,1,,0,52,16,11,16,10
File,"fontbox/src/main/java/org/apache/fontbox/ttf/OTLTable.java",fontbox/src/main/java/org/apache/fontbox/ttf/OTLTable.java,1,1,1,1,4,0,4,0,,,,1,0,0,,1,1,0,1,,1,0,0,0,,31,3,8,3,1,20,,,2,4,3,1,,,,,1,1,1,1,,0,,2,50,1,1,1,1
File,"fontbox/src/main/java/org/apache/fontbox/ttf/OpenTypeFont.java",fontbox/src/main/java/org/apache/fontbox/ttf/OpenTypeFont.java,1,1,1,1,8,0,6,2,,,,1,0,0,,7,7,1,7,,2,0,0,5,,97,10,52,16,17,36,,,15,25,13,13,,,,,2,2,5,1,,1,,0,69,9,9,13,7
File,"fontbox/src/main/java/org/apache/fontbox/ttf/OpenTypeScript.java",fontbox/src/main/java/org/apache/fontbox/ttf/OpenTypeScript.java,2,2,3,1,20,0,16,3,,,,1,4,7,,6,1,2,5,,0,4,0,1,,357,17,283,185,205,61,,,66,87,46,53,,,,,9,9,10,5,,3,,0,22,17,17,19,10
File,"fontbox/src/main/java/org/apache/fontbox/ttf/PostScriptTable.java",fontbox/src/main/java/org/apache/fontbox/ttf/PostScriptTable.java,1,1,2,1,11,0,8,3,,,,1,0,2,,23,23,10,23,,2,0,0,21,,343,27,215,52,87,101,,,89,131,57,81,,,,,18,18,22,6,,5,,0,47,41,41,47,28
File,"fontbox/src/main/java/org/apache/fontbox/ttf/RAFDataStream.java",fontbox/src/main/java/org/apache/fontbox/ttf/RAFDataStream.java,1,1,1,1,11,0,5,6,,,,1,0,1,,12,12,2,12,,2,0,0,10,,190,14,75,32,18,101,,,23,37,22,15,,,,,2,2,2,1,,1,,1,35,13,13,13,12
File,"fontbox/src/main/java/org/apache/fontbox/ttf/SubstitutingCmapLookup.java",fontbox/src/main/java/org/apache/fontbox/ttf/SubstitutingCmapLookup.java,1,1,1,1,6,0,6,0,,,,1,0,0,,3,3,3,3,,0,0,0,3,,53,5,27,14,7,21,,,12,16,11,7,,,,,1,1,1,1,,0,,0,78,3,3,3,3
File,"fontbox/src/main/java/org/apache/fontbox/ttf/TTCDataStream.java",fontbox/src/main/java/org/apache/fontbox/ttf/TTCDataStream.java,1,1,1,1,5,0,4,0,,,,1,0,0,,11,11,1,11,,1,0,0,10,,97,14,60,26,10,23,,,14,26,16,10,,,,,1,1,1,1,,0,,0,38,11,11,11,11
File,"fontbox/src/main/java/org/apache/fontbox/ttf/TTFDataStream.java",fontbox/src/main/java/org/apache/fontbox/ttf/TTFDataStream.java,1,1,1,1,13,0,7,6,,,,1,0,0,,22,22,0,22,,1,0,0,21,,302,22,122,49,48,158,,,62,82,51,43,,,,,3,3,4,1,,1,,1,30,20,20,21,13
File,"fontbox/src/main/java/org/apache/fontbox/ttf/TTFParser.java",fontbox/src/main/java/org/apache/fontbox/ttf/TTFParser.java,3,2,4,1,22,1,16,4,,,,1,0,1,,13,13,2,13,,2,2,2,7,,337,30,224,40,131,83,,,98,133,42,107,,,,,18,14,19,1,,3,,0,37,48,33,53,13
File,"fontbox/src/main/java/org/apache/fontbox/ttf/TTFSubsetter.java",fontbox/src/main/java/org/apache/fontbox/ttf/TTFSubsetter.java,3,3,3,1,28,3,22,3,,,,1,0,2,,35,34,7,34,,0,26,0,8,,1113,146,830,189,516,162,,,467,591,205,468,,,,,16,16,18,3,,7,,0,20,111,111,137,37
File,"fontbox/src/main/java/org/apache/fontbox/ttf/TTFTable.java",fontbox/src/main/java/org/apache/fontbox/ttf/TTFTable.java,1,1,1,1,7,0,3,3,,,,1,0,0,,11,11,6,11,,6,0,0,5,,137,15,54,20,10,68,,,18,30,20,10,,,,,1,1,1,1,,0,,1,26,11,11,11,11
File,"fontbox/src/main/java/org/apache/fontbox/ttf/TrueTypeCollection.java",fontbox/src/main/java/org/apache/fontbox/ttf/TrueTypeCollection.java,2,2,2,1,15,0,10,5,,,,2,0,0,,8,8,3,8,,2,1,0,5,,160,12,90,28,33,58,,,40,57,29,35,,,,,5,5,6,3,,2,,0,64,15,15,16,9
File,"fontbox/src/main/java/org/apache/fontbox/ttf/TrueTypeFont.java",fontbox/src/main/java/org/apache/fontbox/ttf/TrueTypeFont.java,1,1,1,1,13,0,8,4,,,,1,0,1,,49,49,9,49,,4,3,2,40,,788,62,468,122,187,259,,,154,244,114,169,,,,,10,10,10,4,,4,,0,55,86,86,91,61
File,"fontbox/src/main/java/org/apache/fontbox/ttf/VerticalHeaderTable.java",fontbox/src/main/java/org/apache/fontbox/ttf/VerticalHeaderTable.java,1,1,1,1,8,0,4,3,,,,1,0,1,,19,19,17,19,,2,0,0,17,,215,6,117,41,37,92,,,56,76,40,36,,,,,1,1,1,1,,0,,0,79,19,19,19,19
File,"fontbox/src/main/java/org/apache/fontbox/ttf/VerticalMetricsTable.java",fontbox/src/main/java/org/apache/fontbox/ttf/VerticalMetricsTable.java,3,3,3,1,22,1,16,5,,,,1,0,1,,4,4,4,4,,2,0,0,2,,136,12,74,17,32,50,,,32,45,18,29,,,,,7,7,7,1,,3,,0,68,12,12,12,4
File,"fontbox/src/main/java/org/apache/fontbox/ttf/VerticalOriginTable.java",fontbox/src/main/java/org/apache/fontbox/ttf/VerticalOriginTable.java,1,1,1,1,12,0,8,4,,,,1,0,1,,4,4,3,4,,2,0,0,2,,103,7,45,17,16,51,,,22,29,17,15,,,,,2,2,2,1,,1,,1,13,6,6,6,4
File,"fontbox/src/main/java/org/apache/fontbox/ttf/WGL4Names.java",fontbox/src/main/java/org/apache/fontbox/ttf/WGL4Names.java,1,1,1,1,8,0,4,4,,,,1,3,3,,4,1,0,4,,0,1,0,3,,132,9,78,14,52,45,,,15,21,13,8,,,,,2,2,3,1,,0,,0,58,5,5,6,4
File,"fontbox/src/main/java/org/apache/fontbox/ttf/gsub/CompoundCharacterTokenizer.java",fontbox/src/main/java/org/apache/fontbox/ttf/gsub/CompoundCharacterTokenizer.java,1,1,1,1,12,3,9,0,,,,1,0,0,,4,4,1,4,,0,1,0,3,,92,20,49,21,20,23,,,25,33,21,19,,,,,4,4,4,1,,2,,0,47,7,7,7,4
File,"fontbox/src/main/java/org/apache/fontbox/ttf/gsub/GlyphArraySplitter.java",fontbox/src/main/java/org/apache/fontbox/ttf/gsub/GlyphArraySplitter.java,0,0,0,0,0,0,0,0,,,,1,0,0,,1,1,0,1,,1,0,0,0,,33,5,6,4,0,22,,,3,4,4,0,,,,,0,0,0,0,,0,,3,67,0,0,0,0
File,"fontbox/src/main/java/org/apache/fontbox/ttf/gsub/GlyphArraySplitterRegexImpl.java",fontbox/src/main/java/org/apache/fontbox/ttf/gsub/GlyphArraySplitterRegexImpl.java,1,1,1,1,5,0,5,0,,,,1,0,1,,8,5,1,5,,0,3,0,2,,85,13,50,20,21,22,,,25,34,20,20,,,,,3,3,3,3,,2,,0,44,10,10,10,10
File,"fontbox/src/main/java/org/apache/fontbox/ttf/gsub/GlyphSubstitutionDataExtractor.java",fontbox/src/main/java/org/apache/fontbox/ttf/gsub/GlyphSubstitutionDataExtractor.java,2,2,2,1,14,1,12,0,,,,2,0,1,,14,14,3,14,,0,10,0,4,,280,41,214,76,82,25,,,77,123,72,69,,,,,5,5,5,4,,3,,0,12,35,35,35,17
File,"fontbox/src/main/java/org/apache/fontbox/ttf/gsub/GsubWorker.java",fontbox/src/main/java/org/apache/fontbox/ttf/gsub/GsubWorker.java,0,0,0,0,0,0,0,0,,,,1,0,0,,1,1,0,1,,1,0,0,0,,38,4,6,4,0,28,,,3,4,4,0,,,,,0,0,0,0,,0,,4,67,0,0,0,0
File,"fontbox/src/main/java/org/apache/fontbox/ttf/gsub/GsubWorkerFactory.java",fontbox/src/main/java/org/apache/fontbox/ttf/gsub/GsubWorkerFactory.java,2,2,2,1,12,1,11,0,,,,1,0,0,,1,1,0,1,,0,0,0,1,,46,6,18,6,6,22,,,6,9,6,3,,,,,2,2,2,1,,1,,1,22,2,2,2,1
File,"fontbox/src/main/java/org/apache/fontbox/ttf/gsub/GsubWorkerForBengali.java",fontbox/src/main/java/org/apache/fontbox/ttf/gsub/GsubWorkerForBengali.java,2,2,2,1,14,1,12,0,,,,2,0,5,,11,10,7,10,,2,7,0,1,,240,43,161,61,79,36,,,76,103,59,62,,,,,4,4,4,3,,2,,0,22,22,22,22,13
File,"fontbox/src/main/java/org/apache/fontbox/ttf/model/GsubData.java",fontbox/src/main/java/org/apache/fontbox/ttf/model/GsubData.java,1,1,1,1,5,0,5,0,,,,2,0,0,,10,10,1,10,,5,0,0,5,,83,14,38,10,16,31,,,13,19,14,6,,,,,1,1,1,1,,0,,0,82,5,5,5,5
File,"fontbox/src/main/java/org/apache/fontbox/ttf/model/Language.java",fontbox/src/main/java/org/apache/fontbox/ttf/model/Language.java,0,0,0,0,3,0,2,1,,,,1,0,0,,2,4,2,4,,0,1,0,3,,55,8,17,9,2,30,,,8,10,8,2,,,,,1,1,1,1,,0,,1,76,2,2,2,2
File,"fontbox/src/main/java/org/apache/fontbox/ttf/model/MapBackedGsubData.java",fontbox/src/main/java/org/apache/fontbox/ttf/model/MapBackedGsubData.java,1,1,1,1,6,0,6,0,,,,1,0,0,,6,6,3,6,,0,0,0,6,,82,12,47,20,11,23,,,16,24,14,10,,,,,2,2,2,1,,1,,0,49,7,7,7,6
File,"fontbox/src/main/java/org/apache/fontbox/ttf/model/MapBackedScriptFeature.java",fontbox/src/main/java/org/apache/fontbox/ttf/model/MapBackedScriptFeature.java,2,2,2,2,11,0,11,0,,,,1,0,0,,7,7,2,7,,0,0,0,7,,122,11,88,23,32,23,,,27,45,17,28,,,,,10,10,10,10,,2,,0,26,19,19,19,16
File,"fontbox/src/main/java/org/apache/fontbox/ttf/model/ScriptFeature.java",fontbox/src/main/java/org/apache/fontbox/ttf/model/ScriptFeature.java,0,0,0,0,0,0,0,0,,,,1,0,0,,4,4,0,4,,4,0,0,0,,42,9,11,9,0,22,,,8,9,9,0,,,,,0,0,0,0,,0,,2,00,0,0,0,0
File,"fontbox/src/main/java/org/apache/fontbox/ttf/table/common/CoverageTable.java",fontbox/src/main/java/org/apache/fontbox/ttf/table/common/CoverageTable.java,1,1,1,1,4,0,4,0,,,,1,0,0,,5,5,1,5,,0,0,0,5,,48,8,16,8,2,24,,,7,10,8,2,,,,,1,1,1,1,,0,,1,50,2,2,2,2
File,"fontbox/src/main/java/org/apache/fontbox/ttf/table/common/CoverageTableFormat1.java",fontbox/src/main/java/org/apache/fontbox/ttf/table/common/CoverageTableFormat1.java,1,1,1,1,5,0,5,0,,,,1,0,0,,6,6,1,6,,0,0,0,6,,72,12,36,14,8,24,,,10,17,10,7,,,,,1,1,1,1,,0,,0,67,6,6,6,6
File,"fontbox/src/main/java/org/apache/fontbox/ttf/table/common/CoverageTableFormat2.java",fontbox/src/main/java/org/apache/fontbox/ttf/table/common/CoverageTableFormat2.java,1,1,1,1,8,1,7,0,,,,1,1,0,,4,3,1,4,,0,1,0,3,,73,11,38,12,12,24,,,17,26,14,15,,,,,4,4,4,1,,2,,0,63,7,7,7,4
File,"fontbox/src/main/java/org/apache/fontbox/ttf/table/common/FeatureListTable.java",fontbox/src/main/java/org/apache/fontbox/ttf/table/common/FeatureListTable.java,1,1,1,1,4,0,4,0,,,,1,0,0,,4,4,2,4,,0,0,0,4,,56,7,25,9,6,24,,,8,13,8,5,,,,,1,1,1,1,,0,,0,96,4,4,4,4
File,"fontbox/src/main/java/org/apache/fontbox/ttf/table/common/FeatureRecord.java",fontbox/src/main/java/org/apache/fontbox/ttf/table/common/FeatureRecord.java,1,1,1,1,4,0,4,0,,,,1,0,0,,4,4,2,4,,0,0,0,4,,54,6,24,9,5,24,,,8,13,8,5,,,,,1,1,1,1,,0,,1,00,4,4,4,4
File,"fontbox/src/main/java/org/apache/fontbox/ttf/table/common/FeatureTable.java",fontbox/src/main/java/org/apache/fontbox/ttf/table/common/FeatureTable.java,1,1,1,1,4,0,4,0,,,,1,0,0,,5,5,3,5,,0,0,0,5,,61,7,30,11,7,24,,,11,17,10,7,,,,,1,1,1,1,,0,,0,80,5,5,5,5
File,"fontbox/src/main/java/org/apache/fontbox/ttf/table/common/LangSysRecord.java",fontbox/src/main/java/org/apache/fontbox/ttf/table/common/LangSysRecord.java,1,1,1,1,4,0,4,0,,,,1,0,0,,4,4,2,4,,0,0,0,4,,53,6,24,9,5,23,,,8,13,8,5,,,,,1,1,1,1,,0,,0,96,4,4,4,4
File,"fontbox/src/main/java/org/apache/fontbox/ttf/table/common/LangSysTable.java",fontbox/src/main/java/org/apache/fontbox/ttf/table/common/LangSysTable.java,1,1,1,1,4,0,4,0,,,,1,0,0,,6,6,4,6,,0,0,0,6,,68,8,37,14,9,23,,,14,21,12,9,,,,,1,1,1,1,,0,,0,62,6,6,6,6
File,"fontbox/src/main/java/org/apache/fontbox/ttf/table/common/LookupListTable.java",fontbox/src/main/java/org/apache/fontbox/ttf/table/common/LookupListTable.java,1,1,1,1,4,0,4,0,,,,1,0,0,,4,4,2,4,,0,0,0,4,,55,6,25,9,6,24,,,8,13,8,5,,,,,1,1,1,1,,0,,0,96,4,4,4,4
File,"fontbox/src/main/java/org/apache/fontbox/ttf/table/common/LookupSubTable.java",fontbox/src/main/java/org/apache/fontbox/ttf/table/common/LookupSubTable.java,1,1,1,1,4,0,4,0,,,,1,0,0,,4,4,2,4,,0,0,0,4,,50,6,20,8,4,24,,,8,12,8,4,,,,,1,1,1,1,,0,,1,20,3,3,3,3
File,"fontbox/src/main/java/org/apache/fontbox/ttf/table/common/LookupTable.java",fontbox/src/main/java/org/apache/fontbox/ttf/table/common/LookupTable.java,1,1,1,1,5,0,5,0,,,,1,0,0,,6,6,4,6,,0,0,0,6,,70,8,38,14,10,24,,,14,21,12,9,,,,,1,1,1,1,,0,,0,63,6,6,6,6
File,"fontbox/src/main/java/org/apache/fontbox/ttf/table/common/RangeRecord.java",fontbox/src/main/java/org/apache/fontbox/ttf/table/common/RangeRecord.java,1,1,1,1,4,0,4,0,,,,1,0,0,,5,5,3,5,,0,0,0,5,,62,7,31,11,8,24,,,11,17,10,7,,,,,1,1,1,1,,0,,0,77,5,5,5,5
File,"fontbox/src/main/java/org/apache/fontbox/ttf/table/common/ScriptRecord.java",fontbox/src/main/java/org/apache/fontbox/ttf/table/common/ScriptRecord.java,1,1,1,1,4,0,4,0,,,,1,0,0,,4,4,2,4,,0,0,0,4,,53,6,24,9,5,23,,,8,13,8,5,,,,,1,1,1,1,,0,,0,96,4,4,4,4
File,"fontbox/src/main/java/org/apache/fontbox/ttf/table/common/ScriptTable.java",fontbox/src/main/java/org/apache/fontbox/ttf/table/common/ScriptTable.java,1,1,1,1,4,0,4,0,,,,1,0,0,,4,4,2,4,,0,0,0,4,,56,7,26,10,6,23,,,9,14,9,5,,,,,1,1,1,1,,0,,0,88,4,4,4,4
File,"fontbox/src/main/java/org/apache/fontbox/ttf/table/gsub/LigatureSetTable.java",fontbox/src/main/java/org/apache/fontbox/ttf/table/gsub/LigatureSetTable.java,1,1,1,1,4,0,4,0,,,,1,0,0,,4,4,2,4,,0,0,0,4,,58,6,25,9,6,27,,,8,13,8,5,,,,,1,1,1,1,,0,,1,08,4,4,4,4
File,"fontbox/src/main/java/org/apache/fontbox/ttf/table/gsub/LigatureTable.java",fontbox/src/main/java/org/apache/fontbox/ttf/table/gsub/LigatureTable.java,1,1,1,1,4,0,4,0,,,,1,0,0,,5,5,3,5,,0,0,0,5,,65,7,31,11,8,27,,,11,17,10,7,,,,,1,1,1,1,,0,,0,87,5,5,5,5
File,"fontbox/src/main/java/org/apache/fontbox/ttf/table/gsub/LookupTypeLigatureSubstitutionSubstFormat1.java",fontbox/src/main/java/org/apache/fontbox/ttf/table/gsub/LookupTypeLigatureSubstitutionSubstFormat1.java,1,1,1,1,5,0,5,0,,,,1,0,0,,4,4,1,4,,0,0,0,4,,62,7,28,12,6,27,,,9,14,9,5,,,,,1,1,1,1,,0,,0,96,4,4,4,4
File,"fontbox/src/main/java/org/apache/fontbox/ttf/table/gsub/LookupTypeSingleSubstFormat1.java",fontbox/src/main/java/org/apache/fontbox/ttf/table/gsub/LookupTypeSingleSubstFormat1.java,1,1,1,1,5,0,5,0,,,,1,0,0,,4,4,1,4,,0,0,0,4,,62,7,28,12,6,27,,,9,14,9,5,,,,,2,2,2,1,,0,,0,96,5,5,5,4
File,"fontbox/src/main/java/org/apache/fontbox/ttf/table/gsub/LookupTypeSingleSubstFormat2.java",fontbox/src/main/java/org/apache/fontbox/ttf/table/gsub/LookupTypeSingleSubstFormat2.java,1,1,1,1,5,0,5,0,,,,1,0,0,,4,4,1,4,,0,0,0,4,,65,8,30,13,7,27,,,10,15,10,5,,,,,2,2,2,1,,0,,0,90,5,5,5,4
File,"fontbox/src/main/java/org/apache/fontbox/type1/DamagedFontException.java",fontbox/src/main/java/org/apache/fontbox/type1/DamagedFontException.java,1,1,1,1,4,0,4,0,,,,1,0,0,,1,1,0,1,,0,0,0,1,,33,3,9,4,1,21,,,3,5,4,1,,,,,1,1,1,1,,0,,2,33,1,1,1,1
File,"fontbox/src/main/java/org/apache/fontbox/type1/Token.java",fontbox/src/main/java/org/apache/fontbox/type1/Token.java,0,0,0,0,5,0,4,1,,,,2,0,12,,10,12,16,12,,3,0,0,9,,140,14,78,34,28,48,,,30,43,28,15,,,,,2,2,2,1,,1,,0,62,11,11,11,10
File,"fontbox/src/main/java/org/apache/fontbox/type1/Type1CharStringReader.java",fontbox/src/main/java/org/apache/fontbox/type1/Type1CharStringReader.java,0,0,0,0,0,0,0,0,,,,1,0,0,,1,1,0,1,,1,0,0,0,,37,3,7,5,0,27,,,4,5,5,0,,,,,0,0,0,0,,0,,3,86,0,0,0,0
File,"fontbox/src/main/java/org/apache/fontbox/type1/Type1Font.java",fontbox/src/main/java/org/apache/fontbox/type1/Type1Font.java,1,1,1,1,9,0,4,4,,,,1,3,0,,46,43,37,46,,1,1,0,44,,571,58,276,117,87,237,,,114,165,109,77,,,,,3,3,3,1,,2,,0,86,50,50,50,46
File,"fontbox/src/main/java/org/apache/fontbox/type1/Type1Lexer.java",fontbox/src/main/java/org/apache/fontbox/type1/Type1Lexer.java,6,5,8,4,40,1,33,6,,,,1,0,1,,11,11,3,11,,1,7,0,3,,517,31,377,45,207,110,,,147,207,45,180,,,,,22,22,24,20,,6,,0,29,71,60,90,49
File,"fontbox/src/main/java/org/apache/fontbox/type1/Type1Parser.java",fontbox/src/main/java/org/apache/fontbox/type1/Type1Parser.java,5,4,6,2,36,2,29,5,,,,1,0,2,,25,25,2,25,,0,24,0,1,,995,83,750,91,481,167,,,357,469,104,404,,,,,14,10,15,9,,4,,0,22,147,108,169,65
File,"fontbox/src/main/java/org/apache/fontbox/util/BoundingBox.java",fontbox/src/main/java/org/apache/fontbox/util/BoundingBox.java,1,1,1,1,9,0,4,5,,,,1,0,0,,15,15,4,15,,0,0,0,15,,199,19,77,23,22,103,,,26,42,22,20,,,,,1,1,4,1,,0,,1,34,15,15,18,15
File,"fontbox/src/main/java/org/apache/fontbox/util/autodetect/FontDirFinder.java",fontbox/src/main/java/org/apache/fontbox/util/autodetect/FontDirFinder.java,0,0,0,0,0,0,0,0,,,,1,0,0,,1,1,0,1,,1,0,0,0,,37,3,7,5,0,27,,,4,5,5,0,,,,,0,0,0,0,,0,,3,86,0,0,0,0
File,"fontbox/src/main/java/org/apache/fontbox/util/autodetect/FontFileFinder.java",fontbox/src/main/java/org/apache/fontbox/util/autodetect/FontFileFinder.java,3,3,3,2,17,0,13,4,,,,1,0,1,,7,6,1,6,,0,3,0,3,,164,10,105,24,44,49,,,35,57,25,40,,,,,10,10,10,6,,4,,0,47,21,21,25,15
File,"fontbox/src/main/java/org/apache/fontbox/util/autodetect/MacFontDirFinder.java",fontbox/src/main/java/org/apache/fontbox/util/autodetect/MacFontDirFinder.java,1,1,1,1,14,0,9,9,,,,1,0,0,,1,1,0,1,,0,0,1,0,,41,3,13,4,5,29,,,2,4,3,1,,,,,1,1,1,1,,0,,2,23,1,1,1,1
File,"fontbox/src/main/java/org/apache/fontbox/util/autodetect/NativeFontDirFinder.java",fontbox/src/main/java/org/apache/fontbox/util/autodetect/NativeFontDirFinder.java,5,5,6,1,31,0,25,6,,,,1,0,1,,2,2,0,2,,0,0,1,1,,74,8,35,13,12,31,,,13,20,13,11,,,,,5,5,6,1,,4,,0,89,5,5,6,1
File,"fontbox/src/main/java/org/apache/fontbox/util/autodetect/OS400FontDirFinder.java",fontbox/src/main/java/org/apache/fontbox/util/autodetect/OS400FontDirFinder.java,1,1,1,1,7,0,7,1,,,,1,0,0,,1,1,0,1,,0,0,1,0,,31,2,11,4,3,19,,,2,4,3,1,,,,,1,1,1,1,,0,,1,73,1,1,1,1
File,"fontbox/src/main/java/org/apache/fontbox/util/autodetect/UnixFontDirFinder.java",fontbox/src/main/java/org/apache/fontbox/util/autodetect/UnixFontDirFinder.java,1,1,1,1,16,0,11,11,,,,1,0,0,,1,1,0,1,,0,0,1,0,,43,3,15,4,7,31,,,2,4,3,1,,,,,1,1,1,1,,0,,2,07,1,1,1,1
File,"fontbox/src/main/java/org/apache/fontbox/util/autodetect/WindowsFontDirFinder.java",fontbox/src/main/java/org/apache/fontbox/util/autodetect/WindowsFontDirFinder.java,10,10,13,4,68,1,59,8,,,,1,0,1,,2,2,0,2,,0,1,0,1,,178,10,131,25,59,37,,,47,68,25,50,,,,,18,18,25,8,,4,,0,28,20,20,27,9
File,"fontbox/src/test/java/org/apache/fontbox/afm/AFMParserTest.java",fontbox/src/test/java/org/apache/fontbox/afm/AFMParserTest.java,1,1,1,1,12,0,11,1,,,,1,0,0,,18,14,0,14,,10,4,0,0,,278,23,220,73,133,40,,,119,138,50,108,,,,,2,2,2,1,,1,,0,18,22,22,22,18
File,"fontbox/src/test/java/org/apache/fontbox/afm/CharMetricTest.java",fontbox/src/test/java/org/apache/fontbox/afm/CharMetricTest.java,1,1,1,1,21,0,20,0,,,,1,0,0,,3,3,0,3,,3,0,0,0,,97,9,71,18,46,17,,,50,55,15,45,,,,,2,2,2,1,,1,,0,24,4,4,4,3
File,"fontbox/src/test/java/org/apache/fontbox/afm/CompositePartTest.java",fontbox/src/test/java/org/apache/fontbox/afm/CompositePartTest.java,1,1,1,1,8,0,8,0,,,,1,0,0,,1,1,0,1,,1,0,0,0,,34,4,14,7,4,16,,,7,9,6,4,,,,,1,1,1,1,,0,,1,14,1,1,1,1
File,"fontbox/src/test/java/org/apache/fontbox/afm/CompositeTest.java",fontbox/src/test/java/org/apache/fontbox/afm/CompositeTest.java,2,2,2,1,21,0,20,1,,,,1,0,0,,1,1,0,1,,1,0,0,0,,50,5,28,11,12,17,,,15,18,10,11,,,,,2,2,2,1,,1,,0,61,2,2,2,1
File,"fontbox/src/test/java/org/apache/fontbox/afm/FontMetricsTest.java",fontbox/src/test/java/org/apache/fontbox/afm/FontMetricsTest.java,2,2,2,1,31,0,29,1,,,,1,0,0,,8,8,0,8,,8,0,0,0,,295,20,244,47,165,31,,,154,172,39,156,,,,,5,5,5,1,,1,,0,13,17,17,17,8
File,"fontbox/src/test/java/org/apache/fontbox/afm/KernPairTest.java",fontbox/src/test/java/org/apache/fontbox/afm/KernPairTest.java,1,1,1,1,9,0,9,0,,,,1,0,0,,1,1,0,1,,1,0,0,0,,35,4,15,7,5,16,,,8,10,6,5,,,,,1,1,1,1,,0,,1,07,1,1,1,1
File,"fontbox/src/test/java/org/apache/fontbox/afm/LigatureTest.java",fontbox/src/test/java/org/apache/fontbox/afm/LigatureTest.java,1,1,1,1,7,0,7,0,,,,1,0,0,,1,1,0,1,,1,0,0,0,,33,4,13,7,3,16,,,6,8,6,3,,,,,1,1,1,1,,0,,1,23,1,1,1,1
File,"fontbox/src/test/java/org/apache/fontbox/afm/TrackKernTest.java",fontbox/src/test/java/org/apache/fontbox/afm/TrackKernTest.java,1,1,1,1,10,0,10,0,,,,1,0,0,,1,1,0,1,,1,0,0,0,,36,4,16,7,6,16,,,9,11,6,6,,,,,1,1,1,1,,0,,1,00,1,1,1,1
File,"fontbox/src/test/java/org/apache/fontbox/cff/CFFCharsetTest.java",fontbox/src/test/java/org/apache/fontbox/cff/CFFCharsetTest.java,1,1,1,1,7,0,5,0,,,,1,0,0,,22,6,0,6,,6,0,0,0,,173,20,118,26,85,35,,,91,98,20,85,,,,,1,1,1,1,,0,,0,30,22,22,22,22
File,"fontbox/src/test/java/org/apache/fontbox/cff/CFFEncodingTest.java",fontbox/src/test/java/org/apache/fontbox/cff/CFFEncodingTest.java,1,1,1,1,13,0,12,1,,,,1,0,0,,2,2,0,2,,2,0,0,0,,52,5,30,10,16,17,,,19,22,8,16,,,,,1,1,1,1,,0,,0,57,2,2,2,2
File,"fontbox/src/test/java/org/apache/fontbox/cff/CFFParserTest.java",fontbox/src/test/java/org/apache/fontbox/cff/CFFParserTest.java,1,1,1,1,14,0,13,1,,,,1,2,1,,12,10,0,12,,9,3,0,0,,232,23,177,59,104,40,,,87,102,45,72,,,,,2,2,2,1,,1,,0,23,14,14,14,12
File,"fontbox/src/test/java/org/apache/fontbox/cff/CharStringCommandTest.java",fontbox/src/test/java/org/apache/fontbox/cff/CharStringCommandTest.java,1,1,1,1,11,1,10,0,,,,1,0,0,,3,3,0,3,,3,0,0,0,,69,11,42,19,20,16,,,27,31,16,19,,,,,1,1,1,1,,0,,0,38,3,3,3,3
File,"fontbox/src/test/java/org/apache/fontbox/cff/DataInputTest.java",fontbox/src/test/java/org/apache/fontbox/cff/DataInputTest.java,1,1,1,1,5,0,5,0,,,,1,0,0,,22,8,0,8,,8,0,0,0,,136,14,107,45,65,15,,,71,80,36,54,,,,,1,1,1,1,,0,,0,14,22,22,22,22
File,"fontbox/src/test/java/org/apache/fontbox/cff/Type1FontUtilTest.java",fontbox/src/test/java/org/apache/fontbox/cff/Type1FontUtilTest.java,1,1,1,1,11,1,8,1,,,,1,1,2,,7,6,0,7,,3,4,0,0,,116,16,70,31,31,30,,,39,51,32,29,,,,,2,2,2,1,,1,,0,43,11,11,11,7
File,"fontbox/src/test/java/org/apache/fontbox/cmap/CIDRangeTest.java",fontbox/src/test/java/org/apache/fontbox/cmap/CIDRangeTest.java,1,1,1,1,25,3,17,5,,,,1,0,0,,2,2,0,2,,2,0,0,0,,77,12,40,10,26,25,,,29,32,8,26,,,,,1,1,1,1,,0,,0,62,2,2,2,2
File,"fontbox/src/test/java/org/apache/fontbox/cmap/TestCMap.java",fontbox/src/test/java/org/apache/fontbox/cmap/TestCMap.java,1,1,1,1,13,0,8,5,,,,1,0,0,,2,2,0,2,,2,0,0,0,,63,6,27,15,7,30,,,13,17,13,6,,,,,1,1,1,1,,1,,1,11,2,2,2,2
File,"fontbox/src/test/java/org/apache/fontbox/cmap/TestCMapParser.java",fontbox/src/test/java/org/apache/fontbox/cmap/TestCMapParser.java,1,1,1,1,19,3,14,2,,,,1,0,0,,10,10,0,10,,10,0,0,0,,241,47,154,66,100,40,,,93,104,53,62,,,,,1,1,1,1,,0,,0,26,10,10,10,10
File,"fontbox/src/test/java/org/apache/fontbox/cmap/TestCodespaceRange.java",fontbox/src/test/java/org/apache/fontbox/cmap/TestCodespaceRange.java,1,1,1,1,28,1,19,8,,,,1,0,0,,3,3,0,3,,3,0,0,0,,120,10,66,29,41,44,,,45,50,26,28,,,,,2,2,2,1,,1,,0,67,4,4,4,3
File,"fontbox/src/test/java/org/apache/fontbox/encoding/EncodingTest.java",fontbox/src/test/java/org/apache/fontbox/encoding/EncodingTest.java,1,1,1,1,13,0,12,1,,,,1,0,0,,2,2,0,2,,2,0,0,0,,52,5,30,10,16,17,,,19,22,8,14,,,,,1,1,1,1,,0,,0,57,2,2,2,2
File,"fontbox/src/test/java/org/apache/fontbox/pfb/PfbParserTest.java",fontbox/src/test/java/org/apache/fontbox/pfb/PfbParserTest.java,1,1,1,1,13,0,11,2,,,,1,0,0,,3,2,0,2,,2,0,0,0,,76,5,43,14,19,28,,,26,32,13,19,,,,,2,2,2,1,,1,,0,65,4,4,4,3
File,"fontbox/src/test/java/org/apache/fontbox/ttf/BufferedRandomAccessFileTest.java",fontbox/src/test/java/org/apache/fontbox/ttf/BufferedRandomAccessFileTest.java,1,1,1,1,60,8,47,5,,,,1,0,0,,2,2,0,2,,2,0,0,0,,157,22,106,24,75,29,,,80,88,22,69,,,,,2,2,2,1,,2,,0,27,3,3,3,2
File,"fontbox/src/test/java/org/apache/fontbox/ttf/GSUBTableDebugger.java",fontbox/src/test/java/org/apache/fontbox/ttf/GSUBTableDebugger.java,1,1,1,1,19,5,14,0,,,,1,0,1,,1,1,0,1,,0,0,0,1,,56,12,23,15,11,21,,,13,15,12,7,,,,,1,1,1,1,,0,,0,91,1,1,1,1
File,"fontbox/src/test/java/org/apache/fontbox/ttf/GlyphSubstitutionTableTest.java",fontbox/src/test/java/org/apache/fontbox/ttf/GlyphSubstitutionTableTest.java,4,4,4,3,40,7,31,1,,,,1,0,2,,2,2,0,2,,1,1,0,0,,130,23,88,41,42,19,,,48,61,37,35,,,,,7,7,7,5,,3,,0,22,9,9,9,6
File,"fontbox/src/test/java/org/apache/fontbox/ttf/RAFDataStreamTest.java",fontbox/src/test/java/org/apache/fontbox/ttf/RAFDataStreamTest.java,1,1,1,1,12,0,7,5,,,,1,0,0,,1,1,0,1,,1,0,0,0,,40,2,13,7,3,25,,,6,8,6,3,,,,,1,1,1,1,,0,,1,92,1,1,1,1
File,"fontbox/src/test/java/org/apache/fontbox/ttf/TTFSubsetterTest.java",fontbox/src/test/java/org/apache/fontbox/ttf/TTFSubsetterTest.java,1,1,2,1,36,1,28,5,,,,1,0,0,,6,6,0,6,,6,0,0,0,,264,18,192,62,125,54,,,127,147,60,115,,,,,5,5,6,3,,2,,0,28,11,11,12,8
File,"fontbox/src/test/java/org/apache/fontbox/ttf/TestCMapSubtable.java",fontbox/src/test/java/org/apache/fontbox/ttf/TestCMapSubtable.java,1,1,1,1,27,5,19,3,,,,1,0,0,,1,1,0,1,,1,0,0,0,,59,7,29,22,15,23,,,22,24,21,14,,,,,1,1,1,1,,0,,0,79,1,1,1,1
File,"fontbox/src/test/java/org/apache/fontbox/ttf/TestMemoryTTFDataStream.java",fontbox/src/test/java/org/apache/fontbox/ttf/TestMemoryTTFDataStream.java,3,3,3,1,23,0,23,0,,,,1,0,0,,1,1,0,1,,1,0,0,0,,52,5,31,12,11,16,,,12,16,11,8,,,,,3,3,3,1,,2,,0,52,3,3,3,1
File,"fontbox/src/test/java/org/apache/fontbox/ttf/TestTTFParser.java",fontbox/src/test/java/org/apache/fontbox/ttf/TestTTFParser.java,2,2,2,2,36,5,23,8,,,,1,0,0,,2,2,0,2,,2,0,0,0,,111,18,59,30,35,36,,,40,46,28,32,,,,,3,3,4,3,,2,,0,61,4,4,5,4
File,"fontbox/src/test/java/org/apache/fontbox/ttf/TrueTypeFontCollectionTest.java",fontbox/src/test/java/org/apache/fontbox/ttf/TrueTypeFontCollectionTest.java,1,1,1,1,5,0,5,0,,,,1,0,0,,2,1,0,1,,1,0,0,0,,37,4,17,10,5,16,,,7,9,8,1,,,,,1,1,1,1,,0,,0,94,2,2,2,2
File,"fontbox/src/test/java/org/apache/fontbox/ttf/WGL4NamesTest.java",fontbox/src/test/java/org/apache/fontbox/ttf/WGL4NamesTest.java,1,1,1,1,9,0,9,0,,,,1,0,0,,3,3,0,3,,3,0,0,0,,60,7,37,13,17,16,,,22,26,10,17,,,,,1,1,1,1,,0,,0,43,3,3,3,3
File,"fontbox/src/test/java/org/apache/fontbox/ttf/gsub/CompoundCharacterTokenizerTest.java",fontbox/src/test/java/org/apache/fontbox/ttf/gsub/CompoundCharacterTokenizerTest.java,1,1,1,1,16,2,10,3,,,,1,0,0,,8,8,0,8,,8,0,0,0,,170,35,95,56,53,40,,,50,59,40,35,,,,,1,1,1,1,,0,,0,42,8,8,8,8
File,"fontbox/src/test/java/org/apache/fontbox/ttf/gsub/GSUBTablePrintUtil.java",fontbox/src/test/java/org/apache/fontbox/ttf/gsub/GSUBTablePrintUtil.java,3,3,3,1,24,3,20,0,,,,1,0,0,,4,4,0,4,,0,3,0,1,,143,21,94,27,45,28,,,36,59,32,36,,,,,5,5,5,3,,2,,0,30,14,14,15,6
File,"fontbox/src/test/java/org/apache/fontbox/ttf/gsub/GlyphArraySplitterRegexImplTest.java",fontbox/src/test/java/org/apache/fontbox/ttf/gsub/GlyphArraySplitterRegexImplTest.java,1,1,1,1,16,2,10,3,,,,1,0,0,,4,4,0,4,,4,0,0,0,,102,21,53,36,27,28,,,27,32,28,20,,,,,1,1,1,1,,0,,0,53,4,4,4,4
File,"fontbox/src/test/java/org/apache/fontbox/type1/Type1LexerTest.java",fontbox/src/test/java/org/apache/fontbox/type1/Type1LexerTest.java,1,1,1,1,18,0,18,0,,,,1,0,0,,6,6,0,6,,5,1,0,0,,152,9,118,32,74,25,,,78,87,28,67,,,,,3,3,3,1,,2,,0,21,10,10,10,6
File,"io/src/main/java/org/apache/pdfbox/io/IOUtils.java",io/src/main/java/org/apache/pdfbox/io/IOUtils.java,2,2,2,1,22,0,16,5,,,,1,8,2,,12,1,0,9,,0,3,0,6,,310,23,196,66,92,92,,,81,105,58,64,,,,,5,5,5,5,,2,,0,47,28,28,28,20
File,"io/src/main/java/org/apache/pdfbox/io/RandomAccess.java",io/src/main/java/org/apache/pdfbox/io/RandomAccess.java,0,0,0,0,0,0,0,0,,,,1,0,0,,0,0,0,0,,0,0,0,0,,28,1,4,2,0,23,,,1,2,2,0,,,,,0,0,0,0,,0,,5,75,0,0,0,0
File,"io/src/main/java/org/apache/pdfbox/io/RandomAccessInputStream.java",io/src/main/java/org/apache/pdfbox/io/RandomAccessInputStream.java,1,1,1,1,12,0,11,1,,,,1,0,1,,6,6,2,6,,1,0,0,5,,119,10,77,21,31,32,,,29,41,17,27,,,,,3,3,3,1,,1,,0,42,11,11,11,6
File,"io/src/main/java/org/apache/pdfbox/io/RandomAccessOutputStream.java",io/src/main/java/org/apache/pdfbox/io/RandomAccessOutputStream.java,1,1,1,1,6,0,4,1,,,,1,0,0,,4,4,1,4,,0,0,0,4,,60,6,26,12,4,28,,,8,13,9,4,,,,,1,1,1,1,,0,,1,08,4,4,4,4
File,"io/src/main/java/org/apache/pdfbox/io/RandomAccessRead.java",io/src/main/java/org/apache/pdfbox/io/RandomAccessRead.java,1,1,1,1,11,0,5,6,,,,1,0,0,,13,13,0,13,,13,0,0,0,,160,14,39,18,8,107,,,18,25,18,8,,,,,2,2,2,1,,1,,2,74,6,6,6,5
File,"io/src/main/java/org/apache/pdfbox/io/RandomAccessReadBuffer.java",io/src/main/java/org/apache/pdfbox/io/RandomAccessReadBuffer.java,2,2,2,1,15,0,12,3,,,,1,0,1,,19,19,8,19,,0,7,0,12,,367,22,247,52,124,98,,,107,146,44,105,,,,,6,6,6,4,,2,,0,40,40,40,43,27
File,"io/src/main/java/org/apache/pdfbox/io/RandomAccessReadBufferedFile.java",io/src/main/java/org/apache/pdfbox/io/RandomAccessReadBufferedFile.java,2,2,2,1,14,0,11,2,,,,2,0,5,,14,14,10,14,,0,2,1,11,,278,31,191,56,90,56,,,84,114,48,73,,,,,4,4,4,3,,2,,0,29,29,29,29,18
File,"io/src/main/java/org/apache/pdfbox/io/RandomAccessReadMemoryMappedFile.java",io/src/main/java/org/apache/pdfbox/io/RandomAccessReadMemoryMappedFile.java,1,1,1,1,10,0,7,2,,,,1,0,0,,14,13,4,13,,0,2,0,11,,201,19,118,37,42,64,,,46,66,28,39,,,,,2,2,2,1,,1,,0,54,20,20,20,14
File,"io/src/main/java/org/apache/pdfbox/io/RandomAccessReadView.java",io/src/main/java/org/apache/pdfbox/io/RandomAccessReadView.java,1,1,1,1,11,0,7,3,,,,1,0,0,,14,14,5,14,,0,2,0,12,,213,17,117,36,42,79,,,42,63,24,41,,,,,3,3,3,1,,1,,0,68,20,20,22,14
File,"io/src/main/java/org/apache/pdfbox/io/RandomAccessWrite.java",io/src/main/java/org/apache/pdfbox/io/RandomAccessWrite.java,0,0,0,0,0,0,0,0,,,,1,0,0,,4,4,0,4,,4,0,0,0,,58,6,10,8,0,42,,,7,8,8,0,,,,,0,0,0,0,,0,,4,20,0,0,0,0
File,"io/src/main/java/org/apache/pdfbox/io/SequenceRandomAccessRead.java",io/src/main/java/org/apache/pdfbox/io/SequenceRandomAccessRead.java,2,2,2,1,13,0,12,0,,,,1,0,0,,13,12,9,12,,0,2,0,10,,212,15,170,40,78,28,,,70,99,34,70,,,,,5,5,6,4,,3,,0,16,28,28,31,16
File,"io/src/test/java/org/apache/pdfbox/io/RandomAccessInputStreamTest.java",io/src/test/java/org/apache/pdfbox/io/RandomAccessInputStreamTest.java,1,1,1,1,16,1,15,0,,,,1,0,0,,5,5,0,5,,5,0,0,0,,119,15,86,26,47,18,,,43,54,21,37,,,,,1,1,1,1,,1,,0,21,5,5,5,5
File,"io/src/test/java/org/apache/pdfbox/io/RandomAccessReadBufferTest.java",io/src/test/java/org/apache/pdfbox/io/RandomAccessReadBufferTest.java,1,1,1,1,14,1,12,1,,,,1,0,0,,14,11,0,11,,11,0,0,0,,256,31,194,59,113,32,,,109,131,48,94,,,,,1,1,1,1,,1,,0,16,14,14,14,14
File,"io/src/test/java/org/apache/pdfbox/io/RandomAccessReadBufferedFileTest.java",io/src/test/java/org/apache/pdfbox/io/RandomAccessReadBufferedFileTest.java,1,1,1,1,13,0,12,0,,,,1,0,0,,11,8,0,8,,8,0,0,0,,183,21,144,33,88,18,,,79,94,23,73,,,,,1,1,1,1,,1,,0,12,11,11,11,11
File,"io/src/test/java/org/apache/pdfbox/io/RandomAccessReadMemoryMappedFileTest.java",io/src/test/java/org/apache/pdfbox/io/RandomAccessReadMemoryMappedFileTest.java,1,1,1,1,13,0,12,0,,,,1,0,0,,12,9,0,9,,9,0,0,0,,206,23,163,40,95,20,,,87,105,29,79,,,,,1,1,1,1,,1,,0,12,12,12,12,12
File,"io/src/test/java/org/apache/pdfbox/io/RandomAccessReadViewTest.java",io/src/test/java/org/apache/pdfbox/io/RandomAccessReadViewTest.java,1,1,1,1,17,0,16,0,,,,1,0,0,,9,7,0,7,,7,0,0,0,,196,16,161,43,103,19,,,79,94,28,67,,,,,2,2,2,1,,1,,0,12,10,10,10,9
File,"io/src/test/java/org/apache/pdfbox/io/SequenceRandomAccessReadTest.java",io/src/test/java/org/apache/pdfbox/io/SequenceRandomAccessReadTest.java,1,1,1,1,18,1,15,1,,,,1,0,0,,11,5,0,5,,5,0,0,0,,243,29,175,70,134,39,,,124,134,50,104,,,,,1,1,1,1,,1,,0,22,11,11,11,11
File,"io/src/test/java/org/apache/pdfbox/io/TestIOUtils.java",io/src/test/java/org/apache/pdfbox/io/TestIOUtils.java,1,1,1,1,25,2,19,7,,,,1,0,0,,1,1,0,1,,1,0,0,0,,62,10,28,14,15,27,,,21,23,13,14,,,,,1,1,1,1,,0,,0,96,1,1,1,1
Package,"org",,0,0,0,0,0,0,0,0,,,,0,0,0,0,,0,0,0,,0,0,0,0,,0,0,0,0,0,0,,,0,0,0,0,,,,,0,0,0,0,,0,,0,00,0,0,0,0
Package,"org.apache",,0,0,0,0,0,0,0,0,,,,0,0,0,0,,0,0,0,,0,0,0,0,,0,0,0,0,0,0,,,0,0,0,0,,,,,0,0,0,0,,0,,0,00,0,0,0,0
Package,"org.apache.fontbox",fontbox/src/main/java/org/apache/fontbox/EncodedFont.java,0,0,0,0,0,0,0,0,,,,2,0,0,2,,7,0,7,,7,0,0,0,,103,11,21,17,0,71,,,15,17,17,0,,,,,0,0,0,0,,0,,3,38,0,0,0,0
Public Interface,"org.apache.fontbox.EncodedFont",fontbox/src/main/java/org/apache/fontbox/EncodedFont.java,0,0,0,0,0,0,0,0,0,2,2,,0,0,,,1,0,1,1,1,0,0,0,,7,0,4,2,0,3,,,1,2,2,0,,,,,0,0,0,0,0,0,0,0,75,0,0,0,0
Abstract Method,"org.apache.fontbox.EncodedFont.getEncoding()",fontbox/src/main/java/org/apache/fontbox/EncodedFont.java,,,,,,,,,,,,,,,,,,,,,,,,,2,4,0,1,1,0,3,1,0,1,1,1,0,0,0,0,0,,,,,,0,,3,00,0,0,0,0
Public Interface,"org.apache.fontbox.FontBoxFont",fontbox/src/main/java/org/apache/fontbox/FontBoxFont.java,0,0,0,0,0,0,0,0,0,5,3,,0,0,,,6,0,6,6,6,0,0,0,,40,5,9,7,0,26,,,6,7,7,0,,,,,0,0,0,0,0,0,0,2,89,0,0,0,0
Abstract Method,"org.apache.fontbox.FontBoxFont.getFontBBox()",fontbox/src/main/java/org/apache/fontbox/FontBoxFont.java,,,,,,,,,,,,,,,,,,,,,,,,,3,4,0,1,1,0,3,1,0,1,1,1,0,0,0,0,0,,,,,,0,,3,00,0,0,0,0
Abstract Method,"org.apache.fontbox.FontBoxFont.getFontMatrix()",fontbox/src/main/java/org/apache/fontbox/FontBoxFont.java,,,,,,,,,,,,,,,,,,,,,,,,,3,4,0,1,1,0,3,1,0,1,1,1,0,0,0,0,0,,,,,,0,,3,00,0,0,0,0
Abstract Method,"org.apache.fontbox.FontBoxFont.getName()",fontbox/src/main/java/org/apache/fontbox/FontBoxFont.java,,,,,,,,,,,,,,,,,,,,,,,,,8,4,0,1,1,0,3,1,0,1,1,1,0,0,0,0,0,,,,,,0,,3,00,0,0,0,0
Abstract Method,"org.apache.fontbox.FontBoxFont.getPath(String)",fontbox/src/main/java/org/apache/fontbox/FontBoxFont.java,,,,,,,,,,,,,,,,,,,,,,,,,5,7,0,1,1,0,6,1,0,1,1,1,0,0,0,0,0,,,,,,0,,6,00,0,0,0,0
Abstract Method,"org.apache.fontbox.FontBoxFont.getWidth(String)",fontbox/src/main/java/org/apache/fontbox/FontBoxFont.java,,,,,,,,,,,,,,,,,,,,,,,,,3,7,0,1,1,0,6,1,0,1,1,1,0,0,0,0,0,,,,,,0,,6,00,0,0,0,0
Abstract Method,"org.apache.fontbox.FontBoxFont.hasGlyph(String)",fontbox/src/main/java/org/apache/fontbox/FontBoxFont.java,,,,,,,,,,,,,,,,,,,,,,,,,9,6,0,1,1,0,5,1,0,1,1,1,0,0,0,0,0,,,,,,0,,5,00,0,0,0,0
Package,"org.apache.fontbox.afm",fontbox/src/main/java/org/apache/fontbox/afm/AFMParser.java,1,1,1,1,12,0,8,3,,,,16,0,63,16,,180,67,180,,26,27,0,127,,3233,256,1832,545,949,1154,,,926,1176,513,766,,,,,35,6,36,1,,3,,0,63,287,238,296,184
Public Class,"org.apache.fontbox.afm.AFMParser",fontbox/src/main/java/org/apache/fontbox/afm/AFMParser.java,4,2,4,1,23,0,18,5,1,19,0,,0,63,,,26,1,26,38,0,23,0,3,,911,34,555,137,403,326,,,318,376,144,268,,,,,35,6,36,1,1,3,88,0,59,106,57,114,26
Public Constructor,"org.apache.fontbox.afm.AFMParser.AFMParser(InputStream)",fontbox/src/main/java/org/apache/fontbox/afm/AFMParser.java,,,,,,,,,,,,,,,,,,,,,,,,,12,9,0,4,1,1,5,2,1,1,2,1,1,1,1,1,1,,,,,,0,,1,25,1,1,1,1
Private Method,"org.apache.fontbox.afm.AFMParser.hexToString(String)",fontbox/src/main/java/org/apache/fontbox/afm/AFMParser.java,,,,,,,,,,,,,,,,,,,,,,,,,4,29,0,20,4,11,9,8,8,9,13,5,11,4,4,5,1,,,,,,1,,0,45,4,4,5,1
Private Method,"org.apache.fontbox.afm.AFMParser.isEOL(int)",fontbox/src/main/java/org/apache/fontbox/afm/AFMParser.java,,,,,,,,,,,,,,,,,,,,,,,,,2,12,0,5,1,2,7,1,1,1,2,1,1,1,1,2,1,,,,,,0,,1,40,1,1,2,1
Private Method,"org.apache.fontbox.afm.AFMParser.isWhitespace(int)",fontbox/src/main/java/org/apache/fontbox/afm/AFMParser.java,,,,,,,,,,,,,,,,,,,,,,,,,3,14,0,7,1,4,7,1,1,1,2,1,1,1,1,4,1,,,,,,0,,1,00,1,1,4,1
Public Method,"org.apache.fontbox.afm.AFMParser.parse()",fontbox/src/main/java/org/apache/fontbox/afm/AFMParser.java,,,,,,,,,,,,,,,,,,,,,,,,,7,12,0,4,1,1,8,2,1,1,2,1,1,1,1,1,1,,,,,,0,,2,00,1,1,1,1
Public Method,"org.apache.fontbox.afm.AFMParser.parse(boolean)",fontbox/src/main/java/org/apache/fontbox/afm/AFMParser.java,,,,,,,,,,,,,,,,,,,,,,,,,5,13,0,4,1,1,9,2,1,1,2,1,1,1,1,1,1,,,,,,0,,2,25,1,1,1,1
Private Method,"org.apache.fontbox.afm.AFMParser.parseCharMetric()",fontbox/src/main/java/org/apache/fontbox/afm/AFMParser.java,,,,,,,,,,,,,,,,,,,,,,,,,17,106,0,97,14,90,9,30,17,71,74,13,69,17,3,17,1,,,,,,2,,0,09,17,3,17,1
Private Method,"org.apache.fontbox.afm.AFMParser.parseCharMetrics(FontMetrics)",fontbox/src/main/java/org/apache/fontbox/afm/AFMParser.java,,,,,,,,,,,,,,,,,,,,,,,,,3,10,0,10,2,5,0,5,2,6,8,3,6,2,2,2,1,,,,,,1,,0,00,2,2,2,1
Private Method,"org.apache.fontbox.afm.AFMParser.parseComposite()",fontbox/src/main/java/org/apache/fontbox/afm/AFMParser.java,,,,,,,,,,,,,,,,,,,,,,,,,3,36,3,26,11,17,7,10,6,16,20,12,18,4,4,4,1,,,,,,2,,0,27,4,4,4,1
Private Method,"org.apache.fontbox.afm.AFMParser.parseComposites(FontMetrics)",fontbox/src/main/java/org/apache/fontbox/afm/AFMParser.java,,,,,,,,,,,,,,,,,,,,,,,,,3,9,0,9,2,4,0,4,2,5,7,3,5,2,2,2,1,,,,,,1,,0,00,2,2,2,1
Private Method,"org.apache.fontbox.afm.AFMParser.parseFloat(String)",fontbox/src/main/java/org/apache/fontbox/afm/AFMParser.java,,,,,,,,,,,,,,,,,,,,,,,,,4,11,0,11,1,4,0,3,2,2,4,1,3,2,2,2,1,,,,,,1,,0,00,2,2,2,1
Private Method,"org.apache.fontbox.afm.AFMParser.parseFontMetric(boolean)",fontbox/src/main/java/org/apache/fontbox/afm/AFMParser.java,,,,,,,,,,,,,,,,,,,,,,,,,35,134,0,127,7,113,7,46,35,78,84,7,79,35,6,36,1,,,,,,3,,0,06,35,6,36,1
Private Method,"org.apache.fontbox.afm.AFMParser.parseInt(String)",fontbox/src/main/java/org/apache/fontbox/afm/AFMParser.java,,,,,,,,,,,,,,,,,,,,,,,,,3,4,0,4,1,1,0,2,1,1,2,1,1,1,1,1,1,,,,,,0,,0,00,1,1,1,1
Private Method,"org.apache.fontbox.afm.AFMParser.parseInt(String,int)",fontbox/src/main/java/org/apache/fontbox/afm/AFMParser.java,,,,,,,,,,,,,,,,,,,,,,,,,7,11,0,11,1,4,0,3,2,2,4,1,3,2,2,2,1,,,,,,1,,0,00,2,2,2,1
Private Method,"org.apache.fontbox.afm.AFMParser.parseKernData(FontMetrics)",fontbox/src/main/java/org/apache/fontbox/afm/AFMParser.java,,,,,,,,,,,,,,,,,,,,,,,,,8,37,0,30,3,20,7,11,7,14,18,4,15,7,4,7,1,,,,,,3,,0,23,7,4,7,1
Private Method,"org.apache.fontbox.afm.AFMParser.parseKernPair()",fontbox/src/main/java/org/apache/fontbox/afm/AFMParser.java,,,,,,,,,,,,,,,,,,,,,,,,,7,28,0,21,2,16,11,6,5,6,8,2,7,5,2,5,1,,,,,,1,,0,52,5,2,5,1
Private Method,"org.apache.fontbox.afm.AFMParser.parseKernPairs(FontMetrics)",fontbox/src/main/java/org/apache/fontbox/afm/AFMParser.java,,,,,,,,,,,,,,,,,,,,,,,,,3,9,0,9,2,4,0,4,2,5,7,3,5,2,2,2,1,,,,,,1,,0,00,2,2,2,1
Private Method,"org.apache.fontbox.afm.AFMParser.parseKernPairs0(FontMetrics)",fontbox/src/main/java/org/apache/fontbox/afm/AFMParser.java,,,,,,,,,,,,,,,,,,,,,,,,,3,9,0,9,2,4,0,4,2,5,7,3,5,2,2,2,1,,,,,,1,,0,00,2,2,2,1
Private Method,"org.apache.fontbox.afm.AFMParser.parseKernPairs1(FontMetrics)",fontbox/src/main/java/org/apache/fontbox/afm/AFMParser.java,,,,,,,,,,,,,,,,,,,,,,,,,3,9,0,9,2,4,0,4,2,5,7,3,5,2,2,2,1,,,,,,1,,0,00,2,2,2,1
Private Method,"org.apache.fontbox.afm.AFMParser.readBoolean()",fontbox/src/main/java/org/apache/fontbox/afm/AFMParser.java,,,,,,,,,,,,,,,,,,,,,,,,,1,9,0,4,1,1,5,3,1,1,2,1,1,1,1,1,1,,,,,,0,,1,25,1,1,1,1
Private Method,"org.apache.fontbox.afm.AFMParser.readCommand(String)",fontbox/src/main/java/org/apache/fontbox/afm/AFMParser.java,,,,,,,,,,,,,,,,,,,,,,,,,8,15,0,9,2,4,6,3,2,2,4,2,3,2,2,2,1,,,,,,1,,0,67,2,2,2,1
Private Method,"org.apache.fontbox.afm.AFMParser.readFloat()",fontbox/src/main/java/org/apache/fontbox/afm/AFMParser.java,,,,,,,,,,,,,,,,,,,,,,,,,3,9,0,4,1,1,5,3,1,1,2,1,1,1,1,1,1,,,,,,0,,1,25,1,1,1,1
Private Method,"org.apache.fontbox.afm.AFMParser.readInt()",fontbox/src/main/java/org/apache/fontbox/afm/AFMParser.java,,,,,,,,,,,,,,,,,,,,,,,,,7,9,0,4,1,1,5,3,1,1,2,1,1,1,1,1,1,,,,,,0,,1,25,1,1,1,1
Private Method,"org.apache.fontbox.afm.AFMParser.readLine()",fontbox/src/main/java/org/apache/fontbox/afm/AFMParser.java,,,,,,,,,,,,,,,,,,,,,,,,,4,26,1,17,3,10,8,7,4,8,11,3,10,3,3,4,1,,,,,,1,,0,47,3,3,4,1
Private Method,"org.apache.fontbox.afm.AFMParser.readString()",fontbox/src/main/java/org/apache/fontbox/afm/AFMParser.java,,,,,,,,,,,,,,,,,,,,,,,,,8,28,1,17,3,10,10,6,4,8,11,3,10,3,3,4,1,,,,,,1,,0,59,3,3,4,1
Private Method,"org.apache.fontbox.afm.AFMParser.verifySemicolon(StringTokenizer)",fontbox/src/main/java/org/apache/fontbox/afm/AFMParser.java,,,,,,,,,,,,,,,,,,,,,,,,,2,23,0,16,2,7,7,4,3,3,6,2,5,3,3,3,1,,,,,,2,,0,44,3,3,3,1
Class,"org.apache.fontbox.afm.AFMParserTest",fontbox/src/test/java/org/apache/fontbox/afm/AFMParserTest.java,1,1,1,1,15,0,14,1,1,17,0,,0,0,,,14,0,14,26,10,4,0,0,,242,18,205,58,133,24,,,104,123,35,108,,,,,2,2,2,1,1,1,0,0,12,22,22,22,18
Private Method,"org.apache.fontbox.afm.AFMParserTest.checkBBox(BoundingBox,float,float,float,float)",fontbox/src/test/java/org/apache/fontbox/afm/AFMParserTest.java,,,,,,,,,,,,,,,,,,,,,,,,,7,8,0,8,1,5,0,6,1,5,6,1,5,1,1,1,1,,,,,,0,,0,00,1,1,1,1
Private Method,"org.apache.fontbox.afm.AFMParserTest.checkHelveticaCharMetrics(List<CharMetric>)",fontbox/src/test/java/org/apache/fontbox/afm/AFMParserTest.java,,,,,,,,,,,,,,,,,,,,,,,,,5,30,0,28,7,25,4,19,1,23,24,5,23,1,1,1,1,,,,,,0,,0,14,3,3,3,3
Lambda Method,"org.apache.fontbox.afm.AFMParserTest.checkHelveticaCharMetrics.(lambda_expr_1)(CharMetric (inferred))",fontbox/src/test/java/org/apache/fontbox/afm/AFMParserTest.java,,,,,,,,,,,,,,,,,,,,,,,,,1,1,0,1,0,1,0,3,1,0,0,0,0,1,1,1,1,,,,,,0,,0,00,1,1,1,1
Lambda Method,"org.apache.fontbox.afm.AFMParserTest.checkHelveticaCharMetrics.(lambda_expr_2)(CharMetric (inferred))",fontbox/src/test/java/org/apache/fontbox/afm/AFMParserTest.java,,,,,,,,,,,,,,,,,,,,,,,,,1,1,0,1,0,1,0,3,1,0,0,0,0,1,1,1,1,,,,,,0,,0,00,1,1,1,1
Private Method,"org.apache.fontbox.afm.AFMParserTest.checkHelveticaFontMetrics(FontMetrics)",fontbox/src/test/java/org/apache/fontbox/afm/AFMParserTest.java,,,,,,,,,,,,,,,,,,,,,,,,,3,38,0,38,2,35,0,35,1,31,32,2,31,1,1,1,1,,,,,,0,,0,00,1,1,1,1
Private Method,"org.apache.fontbox.afm.AFMParserTest.checkKernPair(List<KernPair>,String,String,float,float)",fontbox/src/test/java/org/apache/fontbox/afm/AFMParserTest.java,,,,,,,,,,,,,,,,,,,,,,,,,6,12,1,11,4,7,3,9,1,4,5,2,4,1,1,1,1,,,,,,0,,0,27,3,3,3,3
Lambda Method,"org.apache.fontbox.afm.AFMParserTest.checkKernPair.(lambda_expr_1)(KernPair (inferred))",fontbox/src/test/java/org/apache/fontbox/afm/AFMParserTest.java,,,,,,,,,,,,,,,,,,,,,,,,,2,1,0,1,0,1,0,3,1,0,0,0,0,1,1,1,1,,,,,,0,,0,00,1,1,1,1
Lambda Method,"org.apache.fontbox.afm.AFMParserTest.checkKernPair.(lambda_expr_2)(KernPair (inferred))",fontbox/src/test/java/org/apache/fontbox/afm/AFMParserTest.java,,,,,,,,,,,,,,,,,,,,,,,,,2,1,0,1,0,1,0,3,1,0,0,0,0,1,1,1,1,,,,,,0,,0,00,1,1,1,1
Method,"org.apache.fontbox.afm.AFMParserTest.testEndFontMetrics()",fontbox/src/test/java/org/apache/fontbox/afm/AFMParserTest.java,,,,,,,,,,,,,,,,,,,,,,,,,2,16,0,16,4,8,0,7,2,4,6,2,5,2,2,2,1,,,,,,1,,0,00,2,2,2,1
Method,"org.apache.fontbox.afm.AFMParserTest.testHelveticaCharMetrics()",fontbox/src/test/java/org/apache/fontbox/afm/AFMParserTest.java,,,,,,,,,,,,,,,,,,,,,,,,,0,10,1,8,5,4,1,5,1,3,4,3,3,1,1,1,1,,,,,,0,,0,12,1,1,1,1
Method,"org.apache.fontbox.afm.AFMParserTest.testHelveticaCharMetricsReducedDataset()",fontbox/src/test/java/org/apache/fontbox/afm/AFMParserTest.java,,,,,,,,,,,,,,,,,,,,,,,,,0,10,1,8,5,4,1,5,1,3,4,3,3,1,1,1,1,,,,,,0,,0,12,1,1,1,1
Method,"org.apache.fontbox.afm.AFMParserTest.testHelveticaFontMetrics()",fontbox/src/test/java/org/apache/fontbox/afm/AFMParserTest.java,,,,,,,,,,,,,,,,,,,,,,,,,0,7,0,7,4,3,0,4,1,2,3,2,2,1,1,1,1,,,,,,0,,0,00,1,1,1,1
Method,"org.apache.fontbox.afm.AFMParserTest.testHelveticaFontMetricsReducedDataset()",fontbox/src/test/java/org/apache/fontbox/afm/AFMParserTest.java,,,,,,,,,,,,,,,,,,,,,,,,,0,7,0,7,4,3,0,4,1,2,3,2,2,1,1,1,1,,,,,,0,,0,00,1,1,1,1
Method,"org.apache.fontbox.afm.AFMParserTest.testHelveticaKernPairs()",fontbox/src/test/java/org/apache/fontbox/afm/AFMParserTest.java,,,,,,,,,,,,,,,,,,,,,,,,,0,21,1,14,6,10,6,12,1,9,10,4,9,1,1,1,1,,,,,,0,,0,43,1,1,1,1
Method,"org.apache.fontbox.afm.AFMParserTest.testHelveticaKernPairsReducedDataset()",fontbox/src/test/java/org/apache/fontbox/afm/AFMParserTest.java,,,,,,,,,,,,,,,,,,,,,,,,,0,16,1,11,5,7,4,9,1,6,7,3,6,1,1,1,1,,,,,,0,,0,36,1,1,1,1
Method,"org.apache.fontbox.afm.AFMParserTest.testMalformedFloat()",fontbox/src/test/java/org/apache/fontbox/afm/AFMParserTest.java,,,,,,,,,,,,,,,,,,,,,,,,,1,16,0,16,4,8,0,8,2,5,7,2,6,2,2,2,1,,,,,,1,,0,00,2,2,2,1
Method,"org.apache.fontbox.afm.AFMParserTest.testMalformedInteger()",fontbox/src/test/java/org/apache/fontbox/afm/AFMParserTest.java,,,,,,,,,,,,,,,,,,,,,,,,,1,16,0,16,4,8,0,8,2,5,7,2,6,2,2,2,1,,,,,,1,,0,00,2,2,2,1
Method,"org.apache.fontbox.afm.AFMParserTest.testStartFontMetrics()",fontbox/src/test/java/org/apache/fontbox/afm/AFMParserTest.java,,,,,,,,,,,,,,,,,,,,,,,,,2,15,0,14,2,6,1,5,2,2,4,1,3,2,2,2,1,,,,,,1,,0,07,2,2,2,1
Public Class,"org.apache.fontbox.afm.CharMetric",fontbox/src/main/java/org/apache/fontbox/afm/CharMetric.java,1,1,1,1,7,0,4,3,1,6,0,,0,0,,,28,14,28,40,0,0,0,28,,251,32,128,43,29,91,,,42,71,43,29,,,,,1,1,1,1,1,0,92,0,71,28,28,28,28
Public Method,"org.apache.fontbox.afm.CharMetric.addLigature(Ligature)",fontbox/src/main/java/org/apache/fontbox/afm/CharMetric.java,,,,,,,,,,,,,,,,,,,,,,,,,4,9,0,4,1,1,5,1,1,1,2,1,1,1,1,1,1,,,,,,0,,1,25,1,1,1,1
Public Method,"org.apache.fontbox.afm.CharMetric.getBoundingBox()",fontbox/src/main/java/org/apache/fontbox/afm/CharMetric.java,,,,,,,,,,,,,,,,,,,,,,,,,5,7,0,4,1,1,3,1,1,1,2,1,1,1,1,1,1,,,,,,0,,0,75,1,1,1,1
Public Method,"org.apache.fontbox.afm.CharMetric.getCharacterCode()",fontbox/src/main/java/org/apache/fontbox/afm/CharMetric.java,,,,,,,,,,,,,,,,,,,,,,,,,5,7,0,4,1,1,3,1,1,1,2,1,1,1,1,1,1,,,,,,0,,0,75,1,1,1,1
Public Method,"org.apache.fontbox.afm.CharMetric.getLigatures()",fontbox/src/main/java/org/apache/fontbox/afm/CharMetric.java,,,,,,,,,,,,,,,,,,,,,,,,,3,7,0,4,1,1,3,2,1,1,2,1,1,1,1,1,1,,,,,,0,,0,75,1,1,1,1
Public Method,"org.apache.fontbox.afm.CharMetric.getName()",fontbox/src/main/java/org/apache/fontbox/afm/CharMetric.java,,,,,,,,,,,,,,,,,,,,,,,,,7,7,0,4,1,1,3,1,1,1,2,1,1,1,1,1,1,,,,,,0,,0,75,1,1,1,1
Public Method,"org.apache.fontbox.afm.CharMetric.getVv()",fontbox/src/main/java/org/apache/fontbox/afm/CharMetric.java,,,,,,,,,,,,,,,,,,,,,,,,,3,7,0,4,1,1,3,1,1,1,2,1,1,1,1,1,1,,,,,,0,,0,75,1,1,1,1
Public Method,"org.apache.fontbox.afm.CharMetric.getW()",fontbox/src/main/java/org/apache/fontbox/afm/CharMetric.java,,,,,,,,,,,,,,,,,,,,,,,,,3,7,0,4,1,1,3,1,1,1,2,1,1,1,1,1,1,,,,,,0,,0,75,1,1,1,1
Public Method,"org.apache.fontbox.afm.CharMetric.getW0()",fontbox/src/main/java/org/apache/fontbox/afm/CharMetric.java,,,,,,,,,,,,,,,,,,,,,,,,,3,7,0,4,1,1,3,1,1,1,2,1,1,1,1,1,1,,,,,,0,,0,75,1,1,1,1
Public Method,"org.apache.fontbox.afm.CharMetric.getW0x()",fontbox/src/main/java/org/apache/fontbox/afm/CharMetric.java,,,,,,,,,,,,,,,,,,,,,,,,,2,7,0,4,1,1,3,1,1,1,2,1,1,1,1,1,1,,,,,,0,,0,75,1,1,1,1
Public Method,"org.apache.fontbox.afm.CharMetric.getW0y()",fontbox/src/main/java/org/apache/fontbox/afm/CharMetric.java,,,,,,,,,,,,,,,,,,,,,,,,,2,7,0,4,1,1,3,1,1,1,2,1,1,1,1,1,1,,,,,,0,,0,75,1,1,1,1
Public Method,"org.apache.fontbox.afm.CharMetric.getW1()",fontbox/src/main/java/org/apache/fontbox/afm/CharMetric.java,,,,,,,,,,,,,,,,,,,,,,,,,3,7,0,4,1,1,3,1,1,1,2,1,1,1,1,1,1,,,,,,0,,0,75,1,1,1,1
Public Method,"org.apache.fontbox.afm.CharMetric.getW1x()",fontbox/src/main/java/org/apache/fontbox/afm/CharMetric.java,,,,,,,,,,,,,,,,,,,,,,,,,2,7,0,4,1,1,3,1,1,1,2,1,1,1,1,1,1,,,,,,0,,0,75,1,1,1,1
Public Method,"org.apache.fontbox.afm.CharMetric.getW1y()",fontbox/src/main/java/org/apache/fontbox/afm/CharMetric.java,,,,,,,,,,,,,,,,,,,,,,,,,2,7,0,4,1,1,3,1,1,1,2,1,1,1,1,1,1,,,,,,0,,0,75,1,1,1,1
Public Method,"org.apache.fontbox.afm.CharMetric.getWx()",fontbox/src/main/java/org/apache/fontbox/afm/CharMetric.java,,,,,,,,,,,,,,,,,,,,,,,,,5,7,0,4,1,1,3,1,1,1,2,1,1,1,1,1,1,,,,,,0,,0,75,1,1,1,1
Public Method,"org.apache.fontbox.afm.CharMetric.getWy()",fontbox/src/main/java/org/apache/fontbox/afm/CharMetric.java,,,,,,,,,,,,,,,,,,,,,,,,,3,7,0,4,1,1,3,1,1,1,2,1,1,1,1,1,1,,,,,,0,,0,75,1,1,1,1
Public Method,"org.apache.fontbox.afm.CharMetric.setBoundingBox(BoundingBox)",fontbox/src/main/java/org/apache/fontbox/afm/CharMetric.java,,,,,,,,,,,,,,,,,,,,,,,,,3,7,0,4,1,1,3,1,1,1,2,1,1,1,1,1,1,,,,,,0,,0,75,1,1,1,1
Public Method,"org.apache.fontbox.afm.CharMetric.setCharacterCode(int)",fontbox/src/main/java/org/apache/fontbox/afm/CharMetric.java,,,,,,,,,,,,,,,,,,,,,,,,,3,7,0,4,1,1,3,1,1,1,2,1,1,1,1,1,1,,,,,,0,,0,75,1,1,1,1
Public Method,"org.apache.fontbox.afm.CharMetric.setName(String)",fontbox/src/main/java/org/apache/fontbox/afm/CharMetric.java,,,,,,,,,,,,,,,,,,,,,,,,,4,7,0,4,1,1,3,1,1,1,2,1,1,1,1,1,1,,,,,,0,,0,75,1,1,1,1
Public Method,"org.apache.fontbox.afm.CharMetric.setVv(float[])",fontbox/src/main/java/org/apache/fontbox/afm/CharMetric.java,,,,,,,,,,,,,,,,,,,,,,,,,3,7,0,4,1,1,3,1,1,1,2,1,1,1,1,1,1,,,,,,0,,0,75,1,1,1,1
Public Method,"org.apache.fontbox.afm.CharMetric.setW(float[])",fontbox/src/main/java/org/apache/fontbox/afm/CharMetric.java,,,,,,,,,,,,,,,,,,,,,,,,,3,7,0,4,1,1,3,1,1,1,2,1,1,1,1,1,1,,,,,,0,,0,75,1,1,1,1
Public Method,"org.apache.fontbox.afm.CharMetric.setW0(float[])",fontbox/src/main/java/org/apache/fontbox/afm/CharMetric.java,,,,,,,,,,,,,,,,,,,,,,,,,3,7,0,4,1,1,3,1,1,1,2,1,1,1,1,1,1,,,,,,0,,0,75,1,1,1,1
Public Method,"org.apache.fontbox.afm.CharMetric.setW0x(float)",fontbox/src/main/java/org/apache/fontbox/afm/CharMetric.java,,,,,,,,,,,,,,,,,,,,,,,,,3,7,0,4,1,1,3,1,1,1,2,1,1,1,1,1,1,,,,,,0,,0,75,1,1,1,1
Public Method,"org.apache.fontbox.afm.CharMetric.setW0y(float)",fontbox/src/main/java/org/apache/fontbox/afm/CharMetric.java,,,,,,,,,,,,,,,,,,,,,,,,,3,7,0,4,1,1,3,1,1,1,2,1,1,1,1,1,1,,,,,,0,,0,75,1,1,1,1
Public Method,"org.apache.fontbox.afm.CharMetric.setW1(float[])",fontbox/src/main/java/org/apache/fontbox/afm/CharMetric.java,,,,,,,,,,,,,,,,,,,,,,,,,3,7,0,4,1,1,3,1,1,1,2,1,1,1,1,1,1,,,,,,0,,0,75,1,1,1,1
Public Method,"org.apache.fontbox.afm.CharMetric.setW1x(float)",fontbox/src/main/java/org/apache/fontbox/afm/CharMetric.java,,,,,,,,,,,,,,,,,,,,,,,,,3,7,0,4,1,1,3,1,1,1,2,1,1,1,1,1,1,,,,,,0,,0,75,1,1,1,1
Public Method,"org.apache.fontbox.afm.CharMetric.setW1y(float)",fontbox/src/main/java/org/apache/fontbox/afm/CharMetric.java,,,,,,,,,,,,,,,,,,,,,,,,,3,7,0,4,1,1,3,1,1,1,2,1,1,1,1,1,1,,,,,,0,,0,75,1,1,1,1
Public Method,"org.apache.fontbox.afm.CharMetric.setWx(float)",fontbox/src/main/java/org/apache/fontbox/afm/CharMetric.java,,,,,,,,,,,,,,,,,,,,,,,,,4,7,0,4,1,1,3,1,1,1,2,1,1,1,1,1,1,,,,,,0,,0,75,1,1,1,1
Public Method,"org.apache.fontbox.afm.CharMetric.setWy(float)",fontbox/src/main/java/org/apache/fontbox/afm/CharMetric.java,,,,,,,,,,,,,,,,,,,,,,,,,4,7,0,4,1,1,3,1,1,1,2,1,1,1,1,1,1,,,,,,0,,0,75,1,1,1,1
Class,"org.apache.fontbox.afm.CharMetricTest",fontbox/src/test/java/org/apache/fontbox/afm/CharMetricTest.java,1,1,1,1,21,0,20,0,1,6,0,,0,0,,,3,0,3,15,3,0,0,0,,70,4,65,12,46,1,,,44,49,9,45,,,,,2,2,2,1,1,1,0,0,02,4,4,4,3
Method,"org.apache.fontbox.afm.CharMetricTest.testCharMetricArrayValues()",fontbox/src/test/java/org/apache/fontbox/afm/CharMetricTest.java,,,,,,,,,,,,,,,,,,,,,,,,,0,17,0,17,3,13,0,9,1,13,14,2,13,1,1,1,1,,,,,,0,,0,00,1,1,1,1
Method,"org.apache.fontbox.afm.CharMetricTest.testCharMetricComplexValues()",fontbox/src/test/java/org/apache/fontbox/afm/CharMetricTest.java,,,,,,,,,,,,,,,,,,,,,,,,,0,26,1,24,5,16,1,16,2,14,16,4,15,2,2,2,1,,,,,,1,,0,04,2,2,2,1
Method,"org.apache.fontbox.afm.CharMetricTest.testCharMetricSimpleValues()",fontbox/src/test/java/org/apache/fontbox/afm/CharMetricTest.java,,,,,,,,,,,,,,,,,,,,,,,,,0,22,1,21,3,17,0,17,1,17,18,2,17,1,1,1,1,,,,,,0,,0,00,1,1,1,1
Public Class,"org.apache.fontbox.afm.Composite",fontbox/src/main/java/org/apache/fontbox/afm/Composite.java,1,1,1,1,6,0,4,2,1,5,0,,0,0,,,4,2,4,16,0,0,0,4,,40,4,20,7,5,16,,,6,11,7,5,,,,,1,1,1,1,1,0,50,0,80,4,4,4,4
Public Constructor,"org.apache.fontbox.afm.Composite.Composite(String)",fontbox/src/main/java/org/apache/fontbox/afm/Composite.java,,,,,,,,,,,,,,,,,,,,,,,,,4,4,0,4,1,1,0,2,1,1,2,1,1,1,1,1,1,,,,,,0,,0,00,1,1,1,1
Public Method,"org.apache.fontbox.afm.Composite.addPart(CompositePart)",fontbox/src/main/java/org/apache/fontbox/afm/Composite.java,,,,,,,,,,,,,,,,,,,,,,,,,4,9,0,4,1,1,5,1,1,1,2,1,1,1,1,1,1,,,,,,0,,1,25,1,1,1,1
Public Method,"org.apache.fontbox.afm.Composite.getName()",fontbox/src/main/java/org/apache/fontbox/afm/Composite.java,,,,,,,,,,,,,,,,,,,,,,,,,2,7,0,4,1,1,3,1,1,1,2,1,1,1,1,1,1,,,,,,0,,0,75,1,1,1,1
Public Method,"org.apache.fontbox.afm.Composite.getParts()",fontbox/src/main/java/org/apache/fontbox/afm/Composite.java,,,,,,,,,,,,,,,,,,,,,,,,,2,7,0,4,1,1,3,2,1,1,2,1,1,1,1,1,1,,,,,,0,,0,75,1,1,1,1
Public Class,"org.apache.fontbox.afm.CompositePart",fontbox/src/main/java/org/apache/fontbox/afm/CompositePart.java,1,1,1,1,6,0,4,2,1,1,0,,0,0,,,4,3,4,16,0,0,0,4,,41,4,23,8,6,14,,,9,14,8,6,,,,,1,1,1,1,1,0,50,0,61,4,4,4,4
Public Constructor,"org.apache.fontbox.afm.CompositePart.CompositePart(String,int,int)",fontbox/src/main/java/org/apache/fontbox/afm/CompositePart.java,,,,,,,,,,,,,,,,,,,,,,,,,6,6,0,6,1,3,0,4,1,3,4,1,3,1,1,1,1,,,,,,0,,0,00,1,1,1,1
Public Method,"org.apache.fontbox.afm.CompositePart.getName()",fontbox/src/main/java/org/apache/fontbox/afm/CompositePart.java,,,,,,,,,,,,,,,,,,,,,,,,,3,7,0,4,1,1,3,1,1,1,2,1,1,1,1,1,1,,,,,,0,,0,75,1,1,1,1
Public Method,"org.apache.fontbox.afm.CompositePart.getXDisplacement()",fontbox/src/main/java/org/apache/fontbox/afm/CompositePart.java,,,,,,,,,,,,,,,,,,,,,,,,,2,7,0,4,1,1,3,1,1,1,2,1,1,1,1,1,1,,,,,,0,,0,75,1,1,1,1
Public Method,"org.apache.fontbox.afm.CompositePart.getYDisplacement()",fontbox/src/main/java/org/apache/fontbox/afm/CompositePart.java,,,,,,,,,,,,,,,,,,,,,,,,,2,7,0,4,1,1,3,1,1,1,2,1,1,1,1,1,1,,,,,,0,,0,75,1,1,1,1
Class,"org.apache.fontbox.afm.CompositePartTest",fontbox/src/test/java/org/apache/fontbox/afm/CompositePartTest.java,1,1,1,1,8,0,8,0,1,2,0,,0,0,,,1,0,1,13,1,0,0,0,,11,0,11,4,4,0,,,4,6,3,4,,,,,1,1,1,1,1,0,0,0,00,1,1,1,1
Method,"org.apache.fontbox.afm.CompositePartTest.testCompositePart()",fontbox/src/test/java/org/apache/fontbox/afm/CompositePartTest.java,,,,,,,,,,,,,,,,,,,,,,,,,0,8,0,8,3,4,0,5,1,4,5,2,4,1,1,1,1,,,,,,0,,0,00,1,1,1,1
Class,"org.apache.fontbox.afm.CompositeTest",fontbox/src/test/java/org/apache/fontbox/afm/CompositeTest.java,2,2,2,1,21,0,20,1,1,5,0,,0,0,,,1,0,1,13,1,0,0,0,,24,0,23,6,12,1,,,10,13,5,11,,,,,2,2,2,1,1,1,0,0,04,2,2,2,1
Method,"org.apache.fontbox.afm.CompositeTest.testComposite()",fontbox/src/test/java/org/apache/fontbox/afm/CompositeTest.java,,,,,,,,,,,,,,,,,,,,,,,,,0,21,0,20,5,12,1,11,2,10,12,4,11,2,2,2,1,,,,,,1,,0,05,2,2,2,1
Public Class,"org.apache.fontbox.afm.FontMetrics",fontbox/src/main/java/org/apache/fontbox/afm/FontMetrics.java,1,1,1,1,9,0,4,4,1,14,0,,0,0,,,74,36,74,86,0,0,0,74,,809,77,370,118,110,362,,,124,207,119,98,,,,,4,4,4,1,1,2,97,0,98,82,82,83,74
Public Constructor,"org.apache.fontbox.afm.FontMetrics.FontMetrics()",fontbox/src/main/java/org/apache/fontbox/afm/FontMetrics.java,,,,,,,,,,,,,,,,,,,,,,,,,9,7,0,3,1,0,4,1,1,0,1,1,0,1,1,1,1,,,,,,0,,1,33,1,1,1,1
Public Method,"org.apache.fontbox.afm.FontMetrics.addCharMetric(CharMetric)",fontbox/src/main/java/org/apache/fontbox/afm/FontMetrics.java,,,,,,,,,,,,,,,,,,,,,,,,,6,10,0,5,1,2,5,3,1,2,3,1,2,1,1,1,1,,,,,,0,,1,00,1,1,1,1
Public Method,"org.apache.fontbox.afm.FontMetrics.addComment(String)",fontbox/src/main/java/org/apache/fontbox/afm/FontMetrics.java,,,,,,,,,,,,,,,,,,,,,,,,,4,9,0,4,1,1,5,1,1,1,2,1,1,1,1,1,1,,,,,,0,,1,25,1,1,1,1
Public Method,"org.apache.fontbox.afm.FontMetrics.addComposite(Composite)",fontbox/src/main/java/org/apache/fontbox/afm/FontMetrics.java,,,,,,,,,,,,,,,,,,,,,,,,,4,9,0,4,1,1,5,1,1,1,2,1,1,1,1,1,1,,,,,,0,,1,25,1,1,1,1
Public Method,"org.apache.fontbox.afm.FontMetrics.addKernPair(KernPair)",fontbox/src/main/java/org/apache/fontbox/afm/FontMetrics.java,,,,,,,,,,,,,,,,,,,,,,,,,4,9,0,4,1,1,5,1,1,1,2,1,1,1,1,1,1,,,,,,0,,1,25,1,1,1,1
Public Method,"org.apache.fontbox.afm.FontMetrics.addKernPair0(KernPair)",fontbox/src/main/java/org/apache/fontbox/afm/FontMetrics.java,,,,,,,,,,,,,,,,,,,,,,,,,4,9,0,4,1,1,5,1,1,1,2,1,1,1,1,1,1,,,,,,0,,1,25,1,1,1,1
Public Method,"org.apache.fontbox.afm.FontMetrics.addKernPair1(KernPair)",fontbox/src/main/java/org/apache/fontbox/afm/FontMetrics.java,,,,,,,,,,,,,,,,,,,,,,,,,4,9,0,4,1,1,5,1,1,1,2,1,1,1,1,1,1,,,,,,0,,1,25,1,1,1,1
Public Method,"org.apache.fontbox.afm.FontMetrics.addTrackKern(TrackKern)",fontbox/src/main/java/org/apache/fontbox/afm/FontMetrics.java,,,,,,,,,,,,,,,,,,,,,,,,,4,9,0,4,1,1,5,1,1,1,2,1,1,1,1,1,1,,,,,,0,,1,25,1,1,1,1
Public Method,"org.apache.fontbox.afm.FontMetrics.getAFMVersion()",fontbox/src/main/java/org/apache/fontbox/afm/FontMetrics.java,,,,,,,,,,,,,,,,,,,,,,,,,3,9,0,4,1,1,5,1,1,1,2,1,1,1,1,1,1,,,,,,0,,1,25,1,1,1,1
Public Method,"org.apache.fontbox.afm.FontMetrics.getAscender()",fontbox/src/main/java/org/apache/fontbox/afm/FontMetrics.java,,,,,,,,,,,,,,,,,,,,,,,,,4,9,0,4,1,1,5,1,1,1,2,1,1,1,1,1,1,,,,,,0,,1,25,1,1,1,1
Public Method,"org.apache.fontbox.afm.FontMetrics.getAverageCharacterWidth()",fontbox/src/main/java/org/apache/fontbox/afm/FontMetrics.java,,,,,,,,,,,,,,,,,,,,,,,,,4,24,0,19,4,10,5,2,6,7,12,5,7,4,4,4,1,,,,,,2,,0,26,4,4,4,1
Public Method,"org.apache.fontbox.afm.FontMetrics.getCapHeight()",fontbox/src/main/java/org/apache/fontbox/afm/FontMetrics.java,,,,,,,,,,,,,,,,,,,,,,,,,4,9,0,4,1,1,5,1,1,1,2,1,1,1,1,1,1,,,,,,0,,1,25,1,1,1,1
Public Method,"org.apache.fontbox.afm.FontMetrics.getCharMetrics()",fontbox/src/main/java/org/apache/fontbox/afm/FontMetrics.java,,,,,,,,,,,,,,,,,,,,,,,,,6,7,0,4,1,1,3,2,1,1,2,1,1,1,1,1,1,,,,,,0,,0,75,1,1,1,1
Public Method,"org.apache.fontbox.afm.FontMetrics.getCharWidth()",fontbox/src/main/java/org/apache/fontbox/afm/FontMetrics.java,,,,,,,,,,,,,,,,,,,,,,,,,3,9,0,4,1,1,5,1,1,1,2,1,1,1,1,1,1,,,,,,0,,1,25,1,1,1,1
Public Method,"org.apache.fontbox.afm.FontMetrics.getCharacterHeight(String)",fontbox/src/main/java/org/apache/fontbox/afm/FontMetrics.java,,,,,,,,,,,,,,,,,,,,,,,,,4,20,0,14,3,7,6,6,3,5,8,3,6,3,3,3,1,,,,,,2,,0,43,3,3,3,1
Public Method,"org.apache.fontbox.afm.FontMetrics.getCharacterSet()",fontbox/src/main/java/org/apache/fontbox/afm/FontMetrics.java,,,,,,,,,,,,,,,,,,,,,,,,,4,9,0,4,1,1,5,1,1,1,2,1,1,1,1,1,1,,,,,,0,,1,25,1,1,1,1
Public Method,"org.apache.fontbox.afm.FontMetrics.getCharacterWidth(String)",fontbox/src/main/java/org/apache/fontbox/afm/FontMetrics.java,,,,,,,,,,,,,,,,,,,,,,,,,4,17,0,10,3,5,7,3,2,4,6,3,4,2,2,2,1,,,,,,1,,0,70,2,2,2,1
Public Method,"org.apache.fontbox.afm.FontMetrics.getCharacters()",fontbox/src/main/java/org/apache/fontbox/afm/FontMetrics.java,,,,,,,,,,,,,,,,,,,,,,,,,3,9,0,4,1,1,5,1,1,1,2,1,1,1,1,1,1,,,,,,0,,1,25,1,1,1,1
Public Method,"org.apache.fontbox.afm.FontMetrics.getComments()",fontbox/src/main/java/org/apache/fontbox/afm/FontMetrics.java,,,,,,,,,,,,,,,,,,,,,,,,,3,9,0,4,1,1,5,2,1,1,2,1,1,1,1,1,1,,,,,,0,,1,25,1,1,1,1
Public Method,"org.apache.fontbox.afm.FontMetrics.getComposites()",fontbox/src/main/java/org/apache/fontbox/afm/FontMetrics.java,,,,,,,,,,,,,,,,,,,,,,,,,4,7,0,4,1,1,3,2,1,1,2,1,1,1,1,1,1,,,,,,0,,0,75,1,1,1,1
Public Method,"org.apache.fontbox.afm.FontMetrics.getDescender()",fontbox/src/main/java/org/apache/fontbox/afm/FontMetrics.java,,,,,,,,,,,,,,,,,,,,,,,,,4,9,0,4,1,1,5,1,1,1,2,1,1,1,1,1,1,,,,,,0,,1,25,1,1,1,1
Public Method,"org.apache.fontbox.afm.FontMetrics.getEncodingScheme()",fontbox/src/main/java/org/apache/fontbox/afm/FontMetrics.java,,,,,,,,,,,,,,,,,,,,,,,,,4,9,0,4,1,1,5,1,1,1,2,1,1,1,1,1,1,,,,,,0,,1,25,1,1,1,1
Public Method,"org.apache.fontbox.afm.FontMetrics.getEscChar()",fontbox/src/main/java/org/apache/fontbox/afm/FontMetrics.java,,,,,,,,,,,,,,,,,,,,,,,,,3,9,0,4,1,1,5,1,1,1,2,1,1,1,1,1,1,,,,,,0,,1,25,1,1,1,1
Public Method,"org.apache.fontbox.afm.FontMetrics.getFamilyName()",fontbox/src/main/java/org/apache/fontbox/afm/FontMetrics.java,,,,,,,,,,,,,,,,,,,,,,,,,4,9,0,4,1,1,5,1,1,1,2,1,1,1,1,1,1,,,,,,0,,1,25,1,1,1,1
Public Method,"org.apache.fontbox.afm.FontMetrics.getFontBBox()",fontbox/src/main/java/org/apache/fontbox/afm/FontMetrics.java,,,,,,,,,,,,,,,,,,,,,,,,,4,9,0,4,1,1,5,1,1,1,2,1,1,1,1,1,1,,,,,,0,,1,25,1,1,1,1
Public Method,"org.apache.fontbox.afm.FontMetrics.getFontName()",fontbox/src/main/java/org/apache/fontbox/afm/FontMetrics.java,,,,,,,,,,,,,,,,,,,,,,,,,4,9,0,4,1,1,5,1,1,1,2,1,1,1,1,1,1,,,,,,0,,1,25,1,1,1,1
Public Method,"org.apache.fontbox.afm.FontMetrics.getFontVersion()",fontbox/src/main/java/org/apache/fontbox/afm/FontMetrics.java,,,,,,,,,,,,,,,,,,,,,,,,,3,9,0,4,1,1,5,1,1,1,2,1,1,1,1,1,1,,,,,,0,,1,25,1,1,1,1
Public Method,"org.apache.fontbox.afm.FontMetrics.getFullName()",fontbox/src/main/java/org/apache/fontbox/afm/FontMetrics.java,,,,,,,,,,,,,,,,,,,,,,,,,3,9,0,4,1,1,5,1,1,1,2,1,1,1,1,1,1,,,,,,0,,1,25,1,1,1,1
Public Method,"org.apache.fontbox.afm.FontMetrics.getIsBaseFont()",fontbox/src/main/java/org/apache/fontbox/afm/FontMetrics.java,,,,,,,,,,,,,,,,,,,,,,,,,3,9,0,4,1,1,5,1,1,1,2,1,1,1,1,1,1,,,,,,0,,1,25,1,1,1,1
Public Method,"org.apache.fontbox.afm.FontMetrics.getIsFixedPitch()",fontbox/src/main/java/org/apache/fontbox/afm/FontMetrics.java,,,,,,,,,,,,,,,,,,,,,,,,,3,9,0,4,1,1,5,1,1,1,2,1,1,1,1,1,1,,,,,,0,,1,25,1,1,1,1
Public Method,"org.apache.fontbox.afm.FontMetrics.getIsFixedV()",fontbox/src/main/java/org/apache/fontbox/afm/FontMetrics.java,,,,,,,,,,,,,,,,,,,,,,,,,4,10,0,4,1,1,6,1,1,1,2,1,1,2,2,2,1,,,,,,0,,1,50,2,2,2,1
Public Method,"org.apache.fontbox.afm.FontMetrics.getItalicAngle()",fontbox/src/main/java/org/apache/fontbox/afm/FontMetrics.java,,,,,,,,,,,,,,,,,,,,,,,,,4,9,0,4,1,1,5,1,1,1,2,1,1,1,1,1,1,,,,,,0,,1,25,1,1,1,1
Public Method,"org.apache.fontbox.afm.FontMetrics.getKernPairs()",fontbox/src/main/java/org/apache/fontbox/afm/FontMetrics.java,,,,,,,,,,,,,,,,,,,,,,,,,4,7,0,4,1,1,3,2,1,1,2,1,1,1,1,1,1,,,,,,0,,0,75,1,1,1,1
Public Method,"org.apache.fontbox.afm.FontMetrics.getKernPairs0()",fontbox/src/main/java/org/apache/fontbox/afm/FontMetrics.java,,,,,,,,,,,,,,,,,,,,,,,,,4,7,0,4,1,1,3,2,1,1,2,1,1,1,1,1,1,,,,,,0,,0,75,1,1,1,1
Public Method,"org.apache.fontbox.afm.FontMetrics.getKernPairs1()",fontbox/src/main/java/org/apache/fontbox/afm/FontMetrics.java,,,,,,,,,,,,,,,,,,,,,,,,,4,7,0,4,1,1,3,2,1,1,2,1,1,1,1,1,1,,,,,,0,,0,75,1,1,1,1
Public Method,"org.apache.fontbox.afm.FontMetrics.getMappingScheme()",fontbox/src/main/java/org/apache/fontbox/afm/FontMetrics.java,,,,,,,,,,,,,,,,,,,,,,,,,3,9,0,4,1,1,5,1,1,1,2,1,1,1,1,1,1,,,,,,0,,1,25,1,1,1,1
Public Method,"org.apache.fontbox.afm.FontMetrics.getMetricSets()",fontbox/src/main/java/org/apache/fontbox/afm/FontMetrics.java,,,,,,,,,,,,,,,,,,,,,,,,,2,9,0,4,1,1,5,1,1,1,2,1,1,1,1,1,1,,,,,,0,,1,25,1,1,1,1
Public Method,"org.apache.fontbox.afm.FontMetrics.getNotice()",fontbox/src/main/java/org/apache/fontbox/afm/FontMetrics.java,,,,,,,,,,,,,,,,,,,,,,,,,3,9,0,4,1,1,5,1,1,1,2,1,1,1,1,1,1,,,,,,0,,1,25,1,1,1,1
Public Method,"org.apache.fontbox.afm.FontMetrics.getStandardHorizontalWidth()",fontbox/src/main/java/org/apache/fontbox/afm/FontMetrics.java,,,,,,,,,,,,,,,,,,,,,,,,,3,7,0,4,1,1,3,1,1,1,2,1,1,1,1,1,1,,,,,,0,,0,75,1,1,1,1
Public Method,"org.apache.fontbox.afm.FontMetrics.getStandardVerticalWidth()",fontbox/src/main/java/org/apache/fontbox/afm/FontMetrics.java,,,,,,,,,,,,,,,,,,,,,,,,,3,7,0,4,1,1,3,1,1,1,2,1,1,1,1,1,1,,,,,,0,,0,75,1,1,1,1
Public Method,"org.apache.fontbox.afm.FontMetrics.getTrackKern()",fontbox/src/main/java/org/apache/fontbox/afm/FontMetrics.java,,,,,,,,,,,,,,,,,,,,,,,,,2,7,0,4,1,1,3,2,1,1,2,1,1,1,1,1,1,,,,,,0,,0,75,1,1,1,1
Public Method,"org.apache.fontbox.afm.FontMetrics.getUnderlinePosition()",fontbox/src/main/java/org/apache/fontbox/afm/FontMetrics.java,,,,,,,,,,,,,,,,,,,,,,,,,3,9,0,4,1,1,5,1,1,1,2,1,1,1,1,1,1,,,,,,0,,1,25,1,1,1,1
Public Method,"org.apache.fontbox.afm.FontMetrics.getUnderlineThickness()",fontbox/src/main/java/org/apache/fontbox/afm/FontMetrics.java,,,,,,,,,,,,,,,,,,,,,,,,,3,9,0,4,1,1,5,1,1,1,2,1,1,1,1,1,1,,,,,,0,,1,25,1,1,1,1
Public Method,"org.apache.fontbox.afm.FontMetrics.getVVector()",fontbox/src/main/java/org/apache/fontbox/afm/FontMetrics.java,,,,,,,,,,,,,,,,,,,,,,,,,3,9,0,4,1,1,5,1,1,1,2,1,1,1,1,1,1,,,,,,0,,1,25,1,1,1,1
Public Method,"org.apache.fontbox.afm.FontMetrics.getWeight()",fontbox/src/main/java/org/apache/fontbox/afm/FontMetrics.java,,,,,,,,,,,,,,,,,,,,,,,,,3,9,0,4,1,1,5,1,1,1,2,1,1,1,1,1,1,,,,,,0,,1,25,1,1,1,1
Public Method,"org.apache.fontbox.afm.FontMetrics.getXHeight()",fontbox/src/main/java/org/apache/fontbox/afm/FontMetrics.java,,,,,,,,,,,,,,,,,,,,,,,,,4,9,0,4,1,1,5,1,1,1,2,1,1,1,1,1,1,,,,,,0,,1,25,1,1,1,1
Public Method,"org.apache.fontbox.afm.FontMetrics.setAFMVersion(float)",fontbox/src/main/java/org/apache/fontbox/afm/FontMetrics.java,,,,,,,,,,,,,,,,,,,,,,,,,3,9,0,4,1,1,5,1,1,1,2,1,1,1,1,1,1,,,,,,0,,1,25,1,1,1,1
Public Method,"org.apache.fontbox.afm.FontMetrics.setAscender(float)",fontbox/src/main/java/org/apache/fontbox/afm/FontMetrics.java,,,,,,,,,,,,,,,,,,,,,,,,,3,9,0,4,1,1,5,1,1,1,2,1,1,1,1,1,1,,,,,,0,,1,25,1,1,1,1
Public Method,"org.apache.fontbox.afm.FontMetrics.setCapHeight(float)",fontbox/src/main/java/org/apache/fontbox/afm/FontMetrics.java,,,,,,,,,,,,,,,,,,,,,,,,,3,9,0,4,1,1,5,1,1,1,2,1,1,1,1,1,1,,,,,,0,,1,25,1,1,1,1
Public Method,"org.apache.fontbox.afm.FontMetrics.setCharWidth(float[])",fontbox/src/main/java/org/apache/fontbox/afm/FontMetrics.java,,,,,,,,,,,,,,,,,,,,,,,,,3,9,0,4,1,1,5,1,1,1,2,1,1,1,1,1,1,,,,,,0,,1,25,1,1,1,1
Public Method,"org.apache.fontbox.afm.FontMetrics.setCharacterSet(String)",fontbox/src/main/java/org/apache/fontbox/afm/FontMetrics.java,,,,,,,,,,,,,,,,,,,,,,,,,3,9,0,4,1,1,5,1,1,1,2,1,1,1,1,1,1,,,,,,0,,1,25,1,1,1,1
Public Method,"org.apache.fontbox.afm.FontMetrics.setCharacters(int)",fontbox/src/main/java/org/apache/fontbox/afm/FontMetrics.java,,,,,,,,,,,,,,,,,,,,,,,,,3,9,0,4,1,1,5,1,1,1,2,1,1,1,1,1,1,,,,,,0,,1,25,1,1,1,1
Public Method,"org.apache.fontbox.afm.FontMetrics.setDescender(float)",fontbox/src/main/java/org/apache/fontbox/afm/FontMetrics.java,,,,,,,,,,,,,,,,,,,,,,,,,3,9,0,4,1,1,5,1,1,1,2,1,1,1,1,1,1,,,,,,0,,1,25,1,1,1,1
Public Method,"org.apache.fontbox.afm.FontMetrics.setEncodingScheme(String)",fontbox/src/main/java/org/apache/fontbox/afm/FontMetrics.java,,,,,,,,,,,,,,,,,,,,,,,,,3,9,0,4,1,1,5,1,1,1,2,1,1,1,1,1,1,,,,,,0,,1,25,1,1,1,1
Public Method,"org.apache.fontbox.afm.FontMetrics.setEscChar(int)",fontbox/src/main/java/org/apache/fontbox/afm/FontMetrics.java,,,,,,,,,,,,,,,,,,,,,,,,,3,9,0,4,1,1,5,1,1,1,2,1,1,1,1,1,1,,,,,,0,,1,25,1,1,1,1
Public Method,"org.apache.fontbox.afm.FontMetrics.setFamilyName(String)",fontbox/src/main/java/org/apache/fontbox/afm/FontMetrics.java,,,,,,,,,,,,,,,,,,,,,,,,,3,9,0,4,1,1,5,1,1,1,2,1,1,1,1,1,1,,,,,,0,,1,25,1,1,1,1
Public Method,"org.apache.fontbox.afm.FontMetrics.setFixedPitch(boolean)",fontbox/src/main/java/org/apache/fontbox/afm/FontMetrics.java,,,,,,,,,,,,,,,,,,,,,,,,,3,9,0,4,1,1,5,1,1,1,2,1,1,1,1,1,1,,,,,,0,,1,25,1,1,1,1
Public Method,"org.apache.fontbox.afm.FontMetrics.setFontBBox(BoundingBox)",fontbox/src/main/java/org/apache/fontbox/afm/FontMetrics.java,,,,,,,,,,,,,,,,,,,,,,,,,3,9,0,4,1,1,5,1,1,1,2,1,1,1,1,1,1,,,,,,0,,1,25,1,1,1,1
Public Method,"org.apache.fontbox.afm.FontMetrics.setFontName(String)",fontbox/src/main/java/org/apache/fontbox/afm/FontMetrics.java,,,,,,,,,,,,,,,,,,,,,,,,,3,9,0,4,1,1,5,1,1,1,2,1,1,1,1,1,1,,,,,,0,,1,25,1,1,1,1
Public Method,"org.apache.fontbox.afm.FontMetrics.setFontVersion(String)",fontbox/src/main/java/org/apache/fontbox/afm/FontMetrics.java,,,,,,,,,,,,,,,,,,,,,,,,,3,9,0,4,1,1,5,1,1,1,2,1,1,1,1,1,1,,,,,,0,,1,25,1,1,1,1
Public Method,"org.apache.fontbox.afm.FontMetrics.setFullName(String)",fontbox/src/main/java/org/apache/fontbox/afm/FontMetrics.java,,,,,,,,,,,,,,,,,,,,,,,,,3,9,0,4,1,1,5,1,1,1,2,1,1,1,1,1,1,,,,,,0,,1,25,1,1,1,1
Public Method,"org.apache.fontbox.afm.FontMetrics.setIsBaseFont(boolean)",fontbox/src/main/java/org/apache/fontbox/afm/FontMetrics.java,,,,,,,,,,,,,,,,,,,,,,,,,3,9,0,4,1,1,5,1,1,1,2,1,1,1,1,1,1,,,,,,0,,1,25,1,1,1,1
Public Method,"org.apache.fontbox.afm.FontMetrics.setIsFixedV(boolean)",fontbox/src/main/java/org/apache/fontbox/afm/FontMetrics.java,,,,,,,,,,,,,,,,,,,,,,,,,3,9,0,4,1,1,5,1,1,1,2,1,1,1,1,1,1,,,,,,0,,1,25,1,1,1,1
Public Method,"org.apache.fontbox.afm.FontMetrics.setItalicAngle(float)",fontbox/src/main/java/org/apache/fontbox/afm/FontMetrics.java,,,,,,,,,,,,,,,,,,,,,,,,,3,9,0,4,1,1,5,1,1,1,2,1,1,1,1,1,1,,,,,,0,,1,25,1,1,1,1
Public Method,"org.apache.fontbox.afm.FontMetrics.setMappingScheme(int)",fontbox/src/main/java/org/apache/fontbox/afm/FontMetrics.java,,,,,,,,,,,,,,,,,,,,,,,,,3,9,0,4,1,1,5,1,1,1,2,1,1,1,1,1,1,,,,,,0,,1,25,1,1,1,1
Public Method,"org.apache.fontbox.afm.FontMetrics.setMetricSets(int)",fontbox/src/main/java/org/apache/fontbox/afm/FontMetrics.java,,,,,,,,,,,,,,,,,,,,,,,,,2,15,0,9,1,4,6,2,2,2,4,1,3,2,2,3,1,,,,,,1,,0,67,2,2,3,1
Public Method,"org.apache.fontbox.afm.FontMetrics.setNotice(String)",fontbox/src/main/java/org/apache/fontbox/afm/FontMetrics.java,,,,,,,,,,,,,,,,,,,,,,,,,3,9,0,4,1,1,5,1,1,1,2,1,1,1,1,1,1,,,,,,0,,1,25,1,1,1,1
Public Method,"org.apache.fontbox.afm.FontMetrics.setStandardHorizontalWidth(float)",fontbox/src/main/java/org/apache/fontbox/afm/FontMetrics.java,,,,,,,,,,,,,,,,,,,,,,,,,3,7,0,4,1,1,3,1,1,1,2,1,1,1,1,1,1,,,,,,0,,0,75,1,1,1,1
Public Method,"org.apache.fontbox.afm.FontMetrics.setStandardVerticalWidth(float)",fontbox/src/main/java/org/apache/fontbox/afm/FontMetrics.java,,,,,,,,,,,,,,,,,,,,,,,,,3,7,0,4,1,1,3,1,1,1,2,1,1,1,1,1,1,,,,,,0,,0,75,1,1,1,1
Public Method,"org.apache.fontbox.afm.FontMetrics.setUnderlinePosition(float)",fontbox/src/main/java/org/apache/fontbox/afm/FontMetrics.java,,,,,,,,,,,,,,,,,,,,,,,,,3,9,0,4,1,1,5,1,1,1,2,1,1,1,1,1,1,,,,,,0,,1,25,1,1,1,1
Public Method,"org.apache.fontbox.afm.FontMetrics.setUnderlineThickness(float)",fontbox/src/main/java/org/apache/fontbox/afm/FontMetrics.java,,,,,,,,,,,,,,,,,,,,,,,,,3,9,0,4,1,1,5,1,1,1,2,1,1,1,1,1,1,,,,,,0,,1,25,1,1,1,1
Public Method,"org.apache.fontbox.afm.FontMetrics.setVVector(float[])",fontbox/src/main/java/org/apache/fontbox/afm/FontMetrics.java,,,,,,,,,,,,,,,,,,,,,,,,,3,9,0,4,1,1,5,1,1,1,2,1,1,1,1,1,1,,,,,,0,,1,25,1,1,1,1
Public Method,"org.apache.fontbox.afm.FontMetrics.setWeight(String)",fontbox/src/main/java/org/apache/fontbox/afm/FontMetrics.java,,,,,,,,,,,,,,,,,,,,,,,,,3,9,0,4,1,1,5,1,1,1,2,1,1,1,1,1,1,,,,,,0,,1,25,1,1,1,1
Public Method,"org.apache.fontbox.afm.FontMetrics.setXHeight(float)",fontbox/src/main/java/org/apache/fontbox/afm/FontMetrics.java,,,,,,,,,,,,,,,,,,,,,,,,,3,9,0,4,1,1,5,1,1,1,2,1,1,1,1,1,1,,,,,,0,,1,25,1,1,1,1
Class,"org.apache.fontbox.afm.FontMetricsTest",fontbox/src/test/java/org/apache/fontbox/afm/FontMetricsTest.java,2,2,2,1,31,0,29,1,1,10,0,,0,0,,,8,0,8,20,8,0,0,0,,266,15,236,40,164,15,,,147,165,32,156,,,,,5,5,5,1,1,1,0,0,06,17,17,17,8
Method,"org.apache.fontbox.afm.FontMetricsTest.testCharMetricDimensions()",fontbox/src/test/java/org/apache/fontbox/afm/FontMetricsTest.java,,,,,,,,,,,,,,,,,,,,,,,,,0,37,4,33,7,29,0,9,1,29,30,6,29,1,1,1,1,,,,,,0,,0,00,1,1,1,1
Method,"org.apache.fontbox.afm.FontMetricsTest.testCharMetrics()",fontbox/src/test/java/org/apache/fontbox/afm/FontMetricsTest.java,,,,,,,,,,,,,,,,,,,,,,,,,0,19,0,18,5,10,1,7,2,8,10,4,9,2,2,2,1,,,,,,1,,0,06,2,2,2,1
Method,"org.apache.fontbox.afm.FontMetricsTest.testComposites()",fontbox/src/test/java/org/apache/fontbox/afm/FontMetricsTest.java,,,,,,,,,,,,,,,,,,,,,,,,,0,19,0,18,5,10,1,8,2,8,10,4,9,2,2,2,1,,,,,,1,,0,06,2,2,2,1
Method,"org.apache.fontbox.afm.FontMetricsTest.testFontMetricsComplexValues()",fontbox/src/test/java/org/apache/fontbox/afm/FontMetricsTest.java,,,,,,,,,,,,,,,,,,,,,,,,,0,16,0,16,3,12,0,13,1,12,13,2,12,1,1,1,1,,,,,,0,,0,00,1,1,1,1
Method,"org.apache.fontbox.afm.FontMetricsTest.testFontMetricsNames()",fontbox/src/test/java/org/apache/fontbox/afm/FontMetricsTest.java,,,,,,,,,,,,,,,,,,,,,,,,,0,29,1,27,4,19,1,17,2,17,19,3,18,2,2,2,1,,,,,,1,,0,04,2,2,2,1
Method,"org.apache.fontbox.afm.FontMetricsTest.testFontMetricsSimpleValues()",fontbox/src/test/java/org/apache/fontbox/afm/FontMetricsTest.java,,,,,,,,,,,,,,,,,,,,,,,,,0,44,1,43,3,39,0,41,1,39,40,2,39,1,1,1,1,,,,,,0,,0,00,1,1,1,1
Method,"org.apache.fontbox.afm.FontMetricsTest.testKernData()",fontbox/src/test/java/org/apache/fontbox/afm/FontMetricsTest.java,,,,,,,,,,,,,,,,,,,,,,,,,0,63,0,55,9,35,8,15,16,27,32,8,31,5,5,5,1,,,,,,1,,0,15,5,5,5,1
Method,"org.apache.fontbox.afm.FontMetricsTest.testMetricSets()",fontbox/src/test/java/org/apache/fontbox/afm/FontMetricsTest.java,,,,,,,,,,,,,,,,,,,,,,,,,0,28,1,23,3,10,4,5,4,7,10,2,9,3,3,3,1,,,,,,1,,0,17,3,3,3,1
Public Class,"org.apache.fontbox.afm.KernPair",fontbox/src/main/java/org/apache/fontbox/afm/KernPair.java,1,1,1,1,7,0,4,2,1,1,0,,0,0,,,5,4,5,17,0,0,0,5,,51,5,29,10,8,17,,,12,18,10,8,,,,,1,1,1,1,1,0,60,0,59,5,5,5,5
Public Constructor,"org.apache.fontbox.afm.KernPair.KernPair(String,String,float,float)",fontbox/src/main/java/org/apache/fontbox/afm/KernPair.java,,,,,,,,,,,,,,,,,,,,,,,,,7,7,0,7,1,4,0,5,1,4,5,1,4,1,1,1,1,,,,,,0,,0,00,1,1,1,1
Public Method,"org.apache.fontbox.afm.KernPair.getFirstKernCharacter()",fontbox/src/main/java/org/apache/fontbox/afm/KernPair.java,,,,,,,,,,,,,,,,,,,,,,,,,3,7,0,4,1,1,3,1,1,1,2,1,1,1,1,1,1,,,,,,0,,0,75,1,1,1,1
Public Method,"org.apache.fontbox.afm.KernPair.getSecondKernCharacter()",fontbox/src/main/java/org/apache/fontbox/afm/KernPair.java,,,,,,,,,,,,,,,,,,,,,,,,,3,7,0,4,1,1,3,1,1,1,2,1,1,1,1,1,1,,,,,,0,,0,75,1,1,1,1
Public Method,"org.apache.fontbox.afm.KernPair.getX()",fontbox/src/main/java/org/apache/fontbox/afm/KernPair.java,,,,,,,,,,,,,,,,,,,,,,,,,3,7,0,4,1,1,3,1,1,1,2,1,1,1,1,1,1,,,,,,0,,0,75,1,1,1,1
Public Method,"org.apache.fontbox.afm.KernPair.getY()",fontbox/src/main/java/org/apache/fontbox/afm/KernPair.java,,,,,,,,,,,,,,,,,,,,,,,,,3,7,0,4,1,1,3,1,1,1,2,1,1,1,1,1,1,,,,,,0,,0,75,1,1,1,1
Class,"org.apache.fontbox.afm.KernPairTest",fontbox/src/test/java/org/apache/fontbox/afm/KernPairTest.java,1,1,1,1,9,0,9,0,1,2,0,,0,0,,,1,0,1,13,1,0,0,0,,12,0,12,4,5,0,,,5,7,3,5,,,,,1,1,1,1,1,0,0,0,00,1,1,1,1
Method,"org.apache.fontbox.afm.KernPairTest.testKernPair()",fontbox/src/test/java/org/apache/fontbox/afm/KernPairTest.java,,,,,,,,,,,,,,,,,,,,,,,,,0,9,0,9,3,5,0,6,1,5,6,2,5,1,1,1,1,,,,,,0,,0,00,1,1,1,1
Public Class,"org.apache.fontbox.afm.Ligature",fontbox/src/main/java/org/apache/fontbox/afm/Ligature.java,1,1,1,1,6,0,4,2,1,1,0,,0,0,,,3,2,3,15,0,0,0,3,,31,3,17,6,4,11,,,6,10,6,4,,,,,1,1,1,1,1,0,33,0,65,3,3,3,3
Public Constructor,"org.apache.fontbox.afm.Ligature.Ligature(String,String)",fontbox/src/main/java/org/apache/fontbox/afm/Ligature.java,,,,,,,,,,,,,,,,,,,,,,,,,5,5,0,5,1,2,0,3,1,2,3,1,2,1,1,1,1,,,,,,0,,0,00,1,1,1,1
Public Method,"org.apache.fontbox.afm.Ligature.getLigature()",fontbox/src/main/java/org/apache/fontbox/afm/Ligature.java,,,,,,,,,,,,,,,,,,,,,,,,,2,7,0,4,1,1,3,1,1,1,2,1,1,1,1,1,1,,,,,,0,,0,75,1,1,1,1
Public Method,"org.apache.fontbox.afm.Ligature.getSuccessor()",fontbox/src/main/java/org/apache/fontbox/afm/Ligature.java,,,,,,,,,,,,,,,,,,,,,,,,,3,7,0,4,1,1,3,1,1,1,2,1,1,1,1,1,1,,,,,,0,,0,75,1,1,1,1
Class,"org.apache.fontbox.afm.LigatureTest",fontbox/src/test/java/org/apache/fontbox/afm/LigatureTest.java,1,1,1,1,7,0,7,0,1,2,0,,0,0,,,1,0,1,13,1,0,0,0,,10,0,10,4,3,0,,,3,5,3,3,,,,,1,1,1,1,1,0,0,0,00,1,1,1,1
Method,"org.apache.fontbox.afm.LigatureTest.testLigature()",fontbox/src/test/java/org/apache/fontbox/afm/LigatureTest.java,,,,,,,,,,,,,,,,,,,,,,,,,0,7,0,7,3,3,0,4,1,3,4,2,3,1,1,1,1,,,,,,0,,0,00,1,1,1,1
Public Class,"org.apache.fontbox.afm.TrackKern",fontbox/src/main/java/org/apache/fontbox/afm/TrackKern.java,1,1,1,1,7,0,4,2,1,0,0,,0,0,,,6,5,6,18,0,0,0,6,,62,6,36,13,10,20,,,15,22,12,10,,,,,1,1,1,1,1,0,66,0,56,6,6,6,6
Public Constructor,"org.apache.fontbox.afm.TrackKern.TrackKern(int,float,float,float,float)",fontbox/src/main/java/org/apache/fontbox/afm/TrackKern.java,,,,,,,,,,,,,,,,,,,,,,,,,8,9,0,9,2,5,0,6,1,5,6,1,5,1,1,1,1,,,,,,0,,0,00,1,1,1,1
Public Method,"org.apache.fontbox.afm.TrackKern.getDegree()",fontbox/src/main/java/org/apache/fontbox/afm/TrackKern.java,,,,,,,,,,,,,,,,,,,,,,,,,2,7,0,4,1,1,3,1,1,1,2,1,1,1,1,1,1,,,,,,0,,0,75,1,1,1,1
Public Method,"org.apache.fontbox.afm.TrackKern.getMaxKern()",fontbox/src/main/java/org/apache/fontbox/afm/TrackKern.java,,,,,,,,,,,,,,,,,,,,,,,,,2,7,0,4,1,1,3,1,1,1,2,1,1,1,1,1,1,,,,,,0,,0,75,1,1,1,1
Public Method,"org.apache.fontbox.afm.TrackKern.getMaxPointSize()",fontbox/src/main/java/org/apache/fontbox/afm/TrackKern.java,,,,,,,,,,,,,,,,,,,,,,,,,2,7,0,4,1,1,3,1,1,1,2,1,1,1,1,1,1,,,,,,0,,0,75,1,1,1,1
Public Method,"org.apache.fontbox.afm.TrackKern.getMinKern()",fontbox/src/main/java/org/apache/fontbox/afm/TrackKern.java,,,,,,,,,,,,,,,,,,,,,,,,,2,7,0,4,1,1,3,1,1,1,2,1,1,1,1,1,1,,,,,,0,,0,75,1,1,1,1
Public Method,"org.apache.fontbox.afm.TrackKern.getMinPointSize()",fontbox/src/main/java/org/apache/fontbox/afm/TrackKern.java,,,,,,,,,,,,,,,,,,,,,,,,,2,7,0,4,1,1,3,1,1,1,2,1,1,1,1,1,1,,,,,,0,,0,75,1,1,1,1
Class,"org.apache.fontbox.afm.TrackKernTest",fontbox/src/test/java/org/apache/fontbox/afm/TrackKernTest.java,1,1,1,1,10,0,10,0,1,2,0,,0,0,,,1,0,1,13,1,0,0,0,,13,0,13,4,6,0,,,6,8,3,6,,,,,1,1,1,1,1,0,0,0,00,1,1,1,1
Method,"org.apache.fontbox.afm.TrackKernTest.testTrackKern()",fontbox/src/test/java/org/apache/fontbox/afm/TrackKernTest.java,,,,,,,,,,,,,,,,,,,,,,,,,0,10,0,10,3,6,0,7,1,6,7,2,6,1,1,1,1,,,,,,0,,0,00,1,1,1,1
Package,"org.apache.fontbox.cff",fontbox/src/main/java/org/apache/fontbox/cff/CFFCharset.java,1,1,2,1,14,0,12,1,,,,55,47,37,33,,298,221,345,,52,114,2,177,,7656,587,5544,2610,3371,1578,,,1789,2451,1079,1680,,,,,44,21,44,22,,4,,0,28,724,653,786,451
Public Class,"org.apache.fontbox.cff.CFFCIDFont",fontbox/src/main/java/org/apache/fontbox/cff/CFFCIDFont.java,1,1,1,1,10,0,6,4,1,18,0,,0,0,,,21,9,21,49,6,5,0,10,,272,26,153,53,57,95,,,52,83,46,53,,,,,3,3,3,1,2,2,88,0,62,30,30,30,21
Private Class,"org.apache.fontbox.cff.CFFCIDFont.PrivateType1CharStringReader",fontbox/src/main/java/org/apache/fontbox/cff/CFFCIDFont.java,1,1,1,1,5,0,5,1,2,5,0,,0,0,,,1,0,1,13,0,0,0,1,,12,0,8,3,1,5,,,1,3,2,1,,,,,1,1,1,1,1,0,0,0,62,1,1,1,1
Public Method,"org.apache.fontbox.cff.CFFCIDFont.PrivateType1CharStringReader.getType1CharString(String)",fontbox/src/main/java/org/apache/fontbox/cff/CFFCIDFont.java,,,,,,,,,,,,,,,,,,,,,,,,,0,5,0,5,2,1,1,2,1,1,2,1,1,1,1,1,1,,,,,,0,,0,20,1,1,1,1
Private Method,"org.apache.fontbox.cff.CFFCIDFont.getDefaultWidthX(int)",fontbox/src/main/java/org/apache/fontbox/cff/CFFCIDFont.java,,,,,,,,,,,,,,,,,,,,,,,,,4,15,0,10,3,5,5,6,2,4,6,3,5,3,3,3,1,,,,,,1,,0,50,3,3,3,1
Public Method,"org.apache.fontbox.cff.CFFCIDFont.getFdSelect()",fontbox/src/main/java/org/apache/fontbox/cff/CFFCIDFont.java,,,,,,,,,,,,,,,,,,,,,,,,,1,9,0,4,1,1,5,1,1,1,2,1,1,1,1,1,1,,,,,,0,,1,25,1,1,1,1
Public Method,"org.apache.fontbox.cff.CFFCIDFont.getFontDicts()",fontbox/src/main/java/org/apache/fontbox/cff/CFFCIDFont.java,,,,,,,,,,,,,,,,,,,,,,,,,2,9,0,4,1,1,5,1,1,1,2,1,1,1,1,1,1,,,,,,0,,1,25,1,1,1,1
Private Method,"org.apache.fontbox.cff.CFFCIDFont.getLocalSubrIndex(int)",fontbox/src/main/java/org/apache/fontbox/cff/CFFCIDFont.java,,,,,,,,,,,,,,,,,,,,,,,,,4,15,0,10,3,5,5,4,2,4,6,3,5,2,2,2,1,,,,,,1,,0,50,2,2,2,1
Private Method,"org.apache.fontbox.cff.CFFCIDFont.getNominalWidthX(int)",fontbox/src/main/java/org/apache/fontbox/cff/CFFCIDFont.java,,,,,,,,,,,,,,,,,,,,,,,,,4,15,0,10,3,5,5,6,2,4,6,3,5,3,3,3,1,,,,,,1,,0,50,3,3,3,1
Public Method,"org.apache.fontbox.cff.CFFCIDFont.getOrdering()",fontbox/src/main/java/org/apache/fontbox/cff/CFFCIDFont.java,,,,,,,,,,,,,,,,,,,,,,,,,2,9,0,4,1,1,5,1,1,1,2,1,1,1,1,1,1,,,,,,0,,1,25,1,1,1,1
Private Method,"org.apache.fontbox.cff.CFFCIDFont.getParser()",fontbox/src/main/java/org/apache/fontbox/cff/CFFCIDFont.java,,,,,,,,,,,,,,,,,,,,,,,,,2,8,0,8,1,3,0,4,2,2,4,1,3,2,2,2,1,,,,,,1,,0,00,2,2,2,1
Public Method,"org.apache.fontbox.cff.CFFCIDFont.getPath(String)",fontbox/src/main/java/org/apache/fontbox/cff/CFFCIDFont.java,,,,,,,,,,,,,,,,,,,,,,,,,1,6,0,6,3,2,0,4,1,2,3,2,2,1,1,1,1,,,,,,0,,0,00,1,1,1,1
Public Method,"org.apache.fontbox.cff.CFFCIDFont.getPrivDicts()",fontbox/src/main/java/org/apache/fontbox/cff/CFFCIDFont.java,,,,,,,,,,,,,,,,,,,,,,,,,1,9,0,4,1,1,5,1,1,1,2,1,1,1,1,1,1,,,,,,0,,1,25,1,1,1,1
Public Method,"org.apache.fontbox.cff.CFFCIDFont.getRegistry()",fontbox/src/main/java/org/apache/fontbox/cff/CFFCIDFont.java,,,,,,,,,,,,,,,,,,,,,,,,,2,8,0,4,1,1,4,1,1,1,2,1,1,1,1,1,1,,,,,,0,,1,00,1,1,1,1
Public Method,"org.apache.fontbox.cff.CFFCIDFont.getSupplement()",fontbox/src/main/java/org/apache/fontbox/cff/CFFCIDFont.java,,,,,,,,,,,,,,,,,,,,,,,,,2,9,0,4,1,1,5,1,1,1,2,1,1,1,1,1,1,,,,,,0,,1,25,1,1,1,1
Public Method,"org.apache.fontbox.cff.CFFCIDFont.getType2CharString(int)",fontbox/src/main/java/org/apache/fontbox/cff/CFFCIDFont.java,,,,,,,,,,,,,,,,,,,,,,,,,10,27,1,20,7,12,7,13,3,8,11,5,9,3,3,3,1,,,,,,2,,0,35,3,3,3,1
Public Method,"org.apache.fontbox.cff.CFFCIDFont.getWidth(String)",fontbox/src/main/java/org/apache/fontbox/cff/CFFCIDFont.java,,,,,,,,,,,,,,,,,,,,,,,,,1,6,0,6,3,2,0,4,1,2,3,2,2,1,1,1,1,,,,,,0,,0,00,1,1,1,1
Public Method,"org.apache.fontbox.cff.CFFCIDFont.hasGlyph(String)",fontbox/src/main/java/org/apache/fontbox/cff/CFFCIDFont.java,,,,,,,,,,,,,,,,,,,,,,,,,1,6,0,6,3,2,0,2,1,2,3,2,2,1,1,1,1,,,,,,0,,0,00,1,1,1,1
Private Method,"org.apache.fontbox.cff.CFFCIDFont.selectorToCID(String)",fontbox/src/main/java/org/apache/fontbox/cff/CFFCIDFont.java,,,,,,,,,,,,,,,,,,,,,,,,,4,11,0,8,1,3,3,5,2,2,4,1,3,2,2,2,1,,,,,,1,,0,38,2,2,2,1
Method,"org.apache.fontbox.cff.CFFCIDFont.setFdSelect(FDSelect)",fontbox/src/main/java/org/apache/fontbox/cff/CFFCIDFont.java,,,,,,,,,,,,,,,,,,,,,,,,,2,9,0,4,1,1,5,1,1,1,2,1,1,1,1,1,1,,,,,,0,,1,25,1,1,1,1
Method,"org.apache.fontbox.cff.CFFCIDFont.setFontDict(List<Map<String,Object>>)",fontbox/src/main/java/org/apache/fontbox/cff/CFFCIDFont.java,,,,,,,,,,,,,,,,,,,,,,,,,2,9,0,4,1,1,5,1,1,1,2,1,1,1,1,1,1,,,,,,0,,1,25,1,1,1,1
Method,"org.apache.fontbox.cff.CFFCIDFont.setOrdering(String)",fontbox/src/main/java/org/apache/fontbox/cff/CFFCIDFont.java,,,,,,,,,,,,,,,,,,,,,,,,,2,9,0,4,1,1,5,1,1,1,2,1,1,1,1,1,1,,,,,,0,,1,25,1,1,1,1
Method,"org.apache.fontbox.cff.CFFCIDFont.setPrivDict(List<Map<String,Object>>)",fontbox/src/main/java/org/apache/fontbox/cff/CFFCIDFont.java,,,,,,,,,,,,,,,,,,,,,,,,,2,9,0,4,1,1,5,1,1,1,2,1,1,1,1,1,1,,,,,,0,,1,25,1,1,1,1
Method,"org.apache.fontbox.cff.CFFCIDFont.setRegistry(String)",fontbox/src/main/java/org/apache/fontbox/cff/CFFCIDFont.java,,,,,,,,,,,,,,,,,,,,,,,,,2,9,0,4,1,1,5,1,1,1,2,1,1,1,1,1,1,,,,,,0,,1,25,1,1,1,1
Method,"org.apache.fontbox.cff.CFFCIDFont.setSupplement(int)",fontbox/src/main/java/org/apache/fontbox/cff/CFFCIDFont.java,,,,,,,,,,,,,,,,,,,,,,,,,2,9,0,4,1,1,5,1,1,1,2,1,1,1,1,1,1,,,,,,0,,1,25,1,1,1,1
Public Interface,"org.apache.fontbox.cff.CFFCharset",fontbox/src/main/java/org/apache/fontbox/cff/CFFCharset.java,0,0,0,0,0,0,0,0,0,1,3,,0,0,,,9,0,9,9,0,0,0,9,,74,8,12,10,0,54,,,9,10,10,0,,,,,0,0,0,0,0,0,0,4,50,0,0,0,0
Public Abstract Method,"org.apache.fontbox.cff.CFFCharset.addCID(int,int)",fontbox/src/main/java/org/apache/fontbox/cff/CFFCharset.java,,,,,,,,,,,,,,,,,,,,,,,,,1,7,0,1,1,0,6,0,0,1,1,1,0,0,0,0,0,,,,,,0,,6,00,0,0,0,0
Public Abstract Method,"org.apache.fontbox.cff.CFFCharset.addSID(int,int,String)",fontbox/src/main/java/org/apache/fontbox/cff/CFFCharset.java,,,,,,,,,,,,,,,,,,,,,,,,,1,7,0,1,1,0,6,0,0,1,1,1,0,0,0,0,0,,,,,,0,,6,00,0,0,0,0
Public Abstract Method,"org.apache.fontbox.cff.CFFCharset.getCIDForGID(int)",fontbox/src/main/java/org/apache/fontbox/cff/CFFCharset.java,,,,,,,,,,,,,,,,,,,,,,,,,1,7,0,1,1,0,6,1,0,1,1,1,0,0,0,0,0,,,,,,0,,6,00,0,0,0,0
Public Abstract Method,"org.apache.fontbox.cff.CFFCharset.getGIDForCID(int)",fontbox/src/main/java/org/apache/fontbox/cff/CFFCharset.java,,,,,,,,,,,,,,,,,,,,,,,,,3,7,0,1,1,0,6,1,0,1,1,1,0,0,0,0,0,,,,,,0,,6,00,0,0,0,0
Public Abstract Method,"org.apache.fontbox.cff.CFFCharset.getGIDForSID(int)",fontbox/src/main/java/org/apache/fontbox/cff/CFFCharset.java,,,,,,,,,,,,,,,,,,,,,,,,,3,7,0,1,1,0,6,1,0,1,1,1,0,0,0,0,0,,,,,,0,,6,00,0,0,0,0
Public Abstract Method,"org.apache.fontbox.cff.CFFCharset.getNameForGID(int)",fontbox/src/main/java/org/apache/fontbox/cff/CFFCharset.java,,,,,,,,,,,,,,,,,,,,,,,,,2,7,0,1,1,0,6,1,0,1,1,1,0,0,0,0,0,,,,,,0,,6,00,0,0,0,0
Public Abstract Method,"org.apache.fontbox.cff.CFFCharset.getSID(String)",fontbox/src/main/java/org/apache/fontbox/cff/CFFCharset.java,,,,,,,,,,,,,,,,,,,,,,,,,4,8,0,1,1,0,7,1,0,1,1,1,0,0,0,0,0,,,,,,0,,7,00,0,0,0,0
Public Abstract Method,"org.apache.fontbox.cff.CFFCharset.getSIDForGID(int)",fontbox/src/main/java/org/apache/fontbox/cff/CFFCharset.java,,,,,,,,,,,,,,,,,,,,,,,,,4,7,0,1,1,0,6,1,0,1,1,1,0,0,0,0,0,,,,,,0,,6,00,0,0,0,0
Public Abstract Method,"org.apache.fontbox.cff.CFFCharset.isCIDFont()",fontbox/src/main/java/org/apache/fontbox/cff/CFFCharset.java,,,,,,,,,,,,,,,,,,,,,,,,,2,6,0,1,1,0,5,1,0,1,1,1,0,0,0,0,0,,,,,,0,,5,00,0,0,0,0
Class,"org.apache.fontbox.cff.CFFCharsetCID",fontbox/src/main/java/org/apache/fontbox/cff/CFFCharsetCID.java,1,1,1,1,6,0,6,0,2,6,1,,0,1,,,9,2,9,21,0,0,0,9,,80,12,62,24,19,6,,,17,29,15,18,,,,,2,2,2,1,1,1,77,0,10,11,11,11,9
Public Method,"org.apache.fontbox.cff.CFFCharsetCID.addCID(int,int)",fontbox/src/main/java/org/apache/fontbox/cff/CFFCharsetCID.java,,,,,,,,,,,,,,,,,,,,,,,,,6,6,0,6,2,2,0,1,1,2,3,1,2,1,1,1,1,,,,,,0,,0,00,1,1,1,1
Public Method,"org.apache.fontbox.cff.CFFCharsetCID.addSID(int,int,String)",fontbox/src/main/java/org/apache/fontbox/cff/CFFCharsetCID.java,,,,,,,,,,,,,,,,,,,,,,,,,2,5,0,5,2,1,0,1,1,1,2,1,1,1,1,1,1,,,,,,0,,0,00,1,1,1,1
Public Method,"org.apache.fontbox.cff.CFFCharsetCID.getCIDForGID(int)",fontbox/src/main/java/org/apache/fontbox/cff/CFFCharsetCID.java,,,,,,,,,,,,,,,,,,,,,,,,,3,10,0,10,3,4,0,2,2,3,5,2,4,2,2,2,1,,,,,,1,,0,00,2,2,2,1
Public Method,"org.apache.fontbox.cff.CFFCharsetCID.getGIDForCID(int)",fontbox/src/main/java/org/apache/fontbox/cff/CFFCharsetCID.java,,,,,,,,,,,,,,,,,,,,,,,,,3,10,0,10,3,4,0,2,2,3,5,2,4,2,2,2,1,,,,,,1,,0,00,2,2,2,1
Public Method,"org.apache.fontbox.cff.CFFCharsetCID.getGIDForSID(int)",fontbox/src/main/java/org/apache/fontbox/cff/CFFCharsetCID.java,,,,,,,,,,,,,,,,,,,,,,,,,2,5,0,5,2,1,0,2,1,1,2,1,1,1,1,1,1,,,,,,0,,0,00,1,1,1,1
Public Method,"org.apache.fontbox.cff.CFFCharsetCID.getNameForGID(int)",fontbox/src/main/java/org/apache/fontbox/cff/CFFCharsetCID.java,,,,,,,,,,,,,,,,,,,,,,,,,2,5,0,5,2,1,0,2,1,1,2,1,1,1,1,1,1,,,,,,0,,0,00,1,1,1,1
Public Method,"org.apache.fontbox.cff.CFFCharsetCID.getSID(String)",fontbox/src/main/java/org/apache/fontbox/cff/CFFCharsetCID.java,,,,,,,,,,,,,,,,,,,,,,,,,2,5,0,5,2,1,0,2,1,1,2,1,1,1,1,1,1,,,,,,0,,0,00,1,1,1,1
Public Method,"org.apache.fontbox.cff.CFFCharsetCID.getSIDForGID(int)",fontbox/src/main/java/org/apache/fontbox/cff/CFFCharsetCID.java,,,,,,,,,,,,,,,,,,,,,,,,,2,5,0,5,2,1,0,2,1,1,2,1,1,1,1,1,1,,,,,,0,,0,00,1,1,1,1
Public Method,"org.apache.fontbox.cff.CFFCharsetCID.isCIDFont()",fontbox/src/main/java/org/apache/fontbox/cff/CFFCharsetCID.java,,,,,,,,,,,,,,,,,,,,,,,,,1,5,0,5,2,1,0,1,1,1,2,1,1,1,1,1,1,,,,,,0,,0,00,1,1,1,1
Class,"org.apache.fontbox.cff.CFFCharsetTest",fontbox/src/test/java/org/apache/fontbox/cff/CFFCharsetTest.java,1,1,1,1,23,1,18,3,1,9,0,,0,0,,,6,0,6,18,6,0,0,0,,149,17,112,20,85,20,,,85,92,14,85,,,,,1,1,1,1,1,0,0,0,18,22,22,22,22
Method,"org.apache.fontbox.cff.CFFCharsetTest.testCFFCharsetCID()",fontbox/src/test/java/org/apache/fontbox/cff/CFFCharsetTest.java,,,,,,,,,,,,,,,,,,,,,,,,,5,19,0,16,3,12,3,7,1,12,13,2,12,1,1,1,1,,,,,,0,,0,19,6,6,6,6
Lambda Method,"org.apache.fontbox.cff.CFFCharsetTest.testCFFCharsetCID.(lambda_expr_1)()",fontbox/src/test/java/org/apache/fontbox/cff/CFFCharsetTest.java,,,,,,,,,,,,,,,,,,,,,,,,,0,1,0,1,0,1,0,2,1,0,0,0,0,1,1,1,1,,,,,,0,,0,00,1,1,1,1
Lambda Method,"org.apache.fontbox.cff.CFFCharsetTest.testCFFCharsetCID.(lambda_expr_2)()",fontbox/src/test/java/org/apache/fontbox/cff/CFFCharsetTest.java,,,,,,,,,,,,,,,,,,,,,,,,,0,1,0,1,0,1,0,2,1,0,0,0,0,1,1,1,1,,,,,,0,,0,00,1,1,1,1
Lambda Method,"org.apache.fontbox.cff.CFFCharsetTest.testCFFCharsetCID.(lambda_expr_3)()",fontbox/src/test/java/org/apache/fontbox/cff/CFFCharsetTest.java,,,,,,,,,,,,,,,,,,,,,,,,,0,1,0,1,0,1,0,2,1,0,0,0,0,1,1,1,1,,,,,,0,,0,00,1,1,1,1
Lambda Method,"org.apache.fontbox.cff.CFFCharsetTest.testCFFCharsetCID.(lambda_expr_4)()",fontbox/src/test/java/org/apache/fontbox/cff/CFFCharsetTest.java,,,,,,,,,,,,,,,,,,,,,,,,,0,1,0,1,0,1,0,2,1,0,0,0,0,1,1,1,1,,,,,,0,,0,00,1,1,1,1
Lambda Method,"org.apache.fontbox.cff.CFFCharsetTest.testCFFCharsetCID.(lambda_expr_5)()",fontbox/src/test/java/org/apache/fontbox/cff/CFFCharsetTest.java,,,,,,,,,,,,,,,,,,,,,,,,,0,1,0,1,0,1,0,2,1,0,0,0,0,1,1,1,1,,,,,,0,,0,00,1,1,1,1
Method,"org.apache.fontbox.cff.CFFCharsetTest.testCFFCharsetType1()",fontbox/src/test/java/org/apache/fontbox/cff/CFFCharsetTest.java,,,,,,,,,,,,,,,,,,,,,,,,,3,18,0,15,3,11,3,8,1,11,12,2,11,1,1,1,1,,,,,,0,,0,20,4,4,4,4
Lambda Method,"org.apache.fontbox.cff.CFFCharsetTest.testCFFCharsetType1.(lambda_expr_1)()",fontbox/src/test/java/org/apache/fontbox/cff/CFFCharsetTest.java,,,,,,,,,,,,,,,,,,,,,,,,,0,1,0,1,0,1,0,2,1,0,0,0,0,1,1,1,1,,,,,,0,,0,00,1,1,1,1
Lambda Method,"org.apache.fontbox.cff.CFFCharsetTest.testCFFCharsetType1.(lambda_expr_2)()",fontbox/src/test/java/org/apache/fontbox/cff/CFFCharsetTest.java,,,,,,,,,,,,,,,,,,,,,,,,,0,1,0,1,0,1,0,2,1,0,0,0,0,1,1,1,1,,,,,,0,,0,00,1,1,1,1
Lambda Method,"org.apache.fontbox.cff.CFFCharsetTest.testCFFCharsetType1.(lambda_expr_3)()",fontbox/src/test/java/org/apache/fontbox/cff/CFFCharsetTest.java,,,,,,,,,,,,,,,,,,,,,,,,,0,1,0,1,0,1,0,2,1,0,0,0,0,1,1,1,1,,,,,,0,,0,00,1,1,1,1
Method,"org.apache.fontbox.cff.CFFCharsetTest.testCFFExpertCharset()",fontbox/src/test/java/org/apache/fontbox/cff/CFFCharsetTest.java,,,,,,,,,,,,,,,,,,,,,,,,,0,22,3,17,3,13,2,5,1,13,14,2,13,1,1,1,1,,,,,,0,,0,12,1,1,1,1
Method,"org.apache.fontbox.cff.CFFCharsetTest.testCFFExpertSubsetCharset()",fontbox/src/test/java/org/apache/fontbox/cff/CFFCharsetTest.java,,,,,,,,,,,,,,,,,,,,,,,,,0,22,3,17,3,13,2,5,1,13,14,2,13,1,1,1,1,,,,,,0,,0,12,1,1,1,1
Method,"org.apache.fontbox.cff.CFFCharsetTest.testCFFISOAdobeCharset()",fontbox/src/test/java/org/apache/fontbox/cff/CFFCharsetTest.java,,,,,,,,,,,,,,,,,,,,,,,,,0,23,4,17,3,13,2,5,1,13,14,2,13,1,1,1,1,,,,,,0,,0,12,1,1,1,1
Method,"org.apache.fontbox.cff.CFFCharsetTest.testEmbeddedCharset()",fontbox/src/test/java/org/apache/fontbox/cff/CFFCharsetTest.java,,,,,,,,,,,,,,,,,,,,,,,,,8,35,0,27,4,23,8,13,1,23,24,3,23,1,1,1,1,,,,,,0,,0,30,9,9,9,9
Lambda Method,"org.apache.fontbox.cff.CFFCharsetTest.testEmbeddedCharset.(lambda_expr_1)()",fontbox/src/test/java/org/apache/fontbox/cff/CFFCharsetTest.java,,,,,,,,,,,,,,,,,,,,,,,,,0,1,0,1,0,1,0,2,1,0,0,0,0,1,1,1,1,,,,,,0,,0,00,1,1,1,1
Lambda Method,"org.apache.fontbox.cff.CFFCharsetTest.testEmbeddedCharset.(lambda_expr_2)()",fontbox/src/test/java/org/apache/fontbox/cff/CFFCharsetTest.java,,,,,,,,,,,,,,,,,,,,,,,,,0,1,0,1,0,1,0,2,1,0,0,0,0,1,1,1,1,,,,,,0,,0,00,1,1,1,1
Lambda Method,"org.apache.fontbox.cff.CFFCharsetTest.testEmbeddedCharset.(lambda_expr_3)()",fontbox/src/test/java/org/apache/fontbox/cff/CFFCharsetTest.java,,,,,,,,,,,,,,,,,,,,,,,,,0,1,0,1,0,1,0,2,1,0,0,0,0,1,1,1,1,,,,,,0,,0,00,1,1,1,1
Lambda Method,"org.apache.fontbox.cff.CFFCharsetTest.testEmbeddedCharset.(lambda_expr_4)()",fontbox/src/test/java/org/apache/fontbox/cff/CFFCharsetTest.java,,,,,,,,,,,,,,,,,,,,,,,,,0,1,0,1,0,1,0,2,1,0,0,0,0,1,1,1,1,,,,,,0,,0,00,1,1,1,1
Lambda Method,"org.apache.fontbox.cff.CFFCharsetTest.testEmbeddedCharset.(lambda_expr_5)()",fontbox/src/test/java/org/apache/fontbox/cff/CFFCharsetTest.java,,,,,,,,,,,,,,,,,,,,,,,,,0,1,0,1,0,1,0,2,1,0,0,0,0,1,1,1,1,,,,,,0,,0,00,1,1,1,1
Lambda Method,"org.apache.fontbox.cff.CFFCharsetTest.testEmbeddedCharset.(lambda_expr_6)()",fontbox/src/test/java/org/apache/fontbox/cff/CFFCharsetTest.java,,,,,,,,,,,,,,,,,,,,,,,,,0,1,0,1,0,1,0,2,1,0,0,0,0,1,1,1,1,,,,,,0,,0,00,1,1,1,1
Lambda Method,"org.apache.fontbox.cff.CFFCharsetTest.testEmbeddedCharset.(lambda_expr_7)()",fontbox/src/test/java/org/apache/fontbox/cff/CFFCharsetTest.java,,,,,,,,,,,,,,,,,,,,,,,,,0,1,0,1,0,1,0,2,1,0,0,0,0,1,1,1,1,,,,,,0,,0,00,1,1,1,1
Lambda Method,"org.apache.fontbox.cff.CFFCharsetTest.testEmbeddedCharset.(lambda_expr_8)()",fontbox/src/test/java/org/apache/fontbox/cff/CFFCharsetTest.java,,,,,,,,,,,,,,,,,,,,,,,,,0,1,0,1,0,1,0,2,1,0,0,0,0,1,1,1,1,,,,,,0,,0,00,1,1,1,1
Class,"org.apache.fontbox.cff.CFFCharsetType1",fontbox/src/main/java/org/apache/fontbox/cff/CFFCharsetType1.java,1,1,1,1,7,0,7,0,2,6,4,,0,1,,,9,4,9,21,0,0,0,9,,88,11,71,27,26,6,,,23,36,18,25,,,,,2,2,2,1,1,1,77,0,08,12,12,12,9
Public Method,"org.apache.fontbox.cff.CFFCharsetType1.addCID(int,int)",fontbox/src/main/java/org/apache/fontbox/cff/CFFCharsetType1.java,,,,,,,,,,,,,,,,,,,,,,,,,2,5,0,5,2,1,0,1,1,1,2,1,1,1,1,1,1,,,,,,0,,0,00,1,1,1,1
Public Method,"org.apache.fontbox.cff.CFFCharsetType1.addSID(int,int,String)",fontbox/src/main/java/org/apache/fontbox/cff/CFFCharsetType1.java,,,,,,,,,,,,,,,,,,,,,,,,,9,8,0,8,2,4,0,1,1,4,5,1,4,1,1,1,1,,,,,,0,,0,00,1,1,1,1
Public Method,"org.apache.fontbox.cff.CFFCharsetType1.getCIDForGID(int)",fontbox/src/main/java/org/apache/fontbox/cff/CFFCharsetType1.java,,,,,,,,,,,,,,,,,,,,,,,,,2,5,0,5,2,1,0,2,1,1,2,1,1,1,1,1,1,,,,,,0,,0,00,1,1,1,1
Public Method,"org.apache.fontbox.cff.CFFCharsetType1.getGIDForCID(int)",fontbox/src/main/java/org/apache/fontbox/cff/CFFCharsetType1.java,,,,,,,,,,,,,,,,,,,,,,,,,2,5,0,5,2,1,0,2,1,1,2,1,1,1,1,1,1,,,,,,0,,0,00,1,1,1,1
Public Method,"org.apache.fontbox.cff.CFFCharsetType1.getGIDForSID(int)",fontbox/src/main/java/org/apache/fontbox/cff/CFFCharsetType1.java,,,,,,,,,,,,,,,,,,,,,,,,,3,10,0,10,3,4,0,2,2,3,5,2,4,2,2,2,1,,,,,,1,,0,00,2,2,2,1
Public Method,"org.apache.fontbox.cff.CFFCharsetType1.getNameForGID(int)",fontbox/src/main/java/org/apache/fontbox/cff/CFFCharsetType1.java,,,,,,,,,,,,,,,,,,,,,,,,,5,5,0,5,2,1,0,2,1,1,2,1,1,1,1,1,1,,,,,,0,,0,00,1,1,1,1
Public Method,"org.apache.fontbox.cff.CFFCharsetType1.getSID(String)",fontbox/src/main/java/org/apache/fontbox/cff/CFFCharsetType1.java,,,,,,,,,,,,,,,,,,,,,,,,,6,10,0,10,3,4,0,2,2,3,5,2,4,2,2,2,1,,,,,,1,,0,00,2,2,2,1
Public Method,"org.apache.fontbox.cff.CFFCharsetType1.getSIDForGID(int)",fontbox/src/main/java/org/apache/fontbox/cff/CFFCharsetType1.java,,,,,,,,,,,,,,,,,,,,,,,,,6,10,0,10,3,4,0,2,2,3,5,2,4,2,2,2,1,,,,,,1,,0,00,2,2,2,1
Public Method,"org.apache.fontbox.cff.CFFCharsetType1.isCIDFont()",fontbox/src/main/java/org/apache/fontbox/cff/CFFCharsetType1.java,,,,,,,,,,,,,,,,,,,,,,,,,1,5,0,5,2,1,0,1,1,1,2,1,1,1,1,1,1,,,,,,0,,0,00,1,1,1,1
Public Class,"org.apache.fontbox.cff.CFFDataInput",fontbox/src/main/java/org/apache/fontbox/cff/CFFDataInput.java,1,1,1,1,10,0,5,5,1,1,0,,0,0,,,6,0,6,30,0,0,0,6,,78,6,36,9,12,36,,,12,21,10,12,,,,,2,2,3,1,2,1,0,1,00,8,8,9,6
Public Constructor,"org.apache.fontbox.cff.CFFDataInput.CFFDataInput(byte[])",fontbox/src/main/java/org/apache/fontbox/cff/CFFDataInput.java,,,,,,,,,,,,,,,,,,,,,,,,,5,8,0,4,1,1,4,2,1,1,2,1,1,1,1,1,1,,,,,,0,,1,00,1,1,1,1
Public Method,"org.apache.fontbox.cff.CFFDataInput.readCard16()",fontbox/src/main/java/org/apache/fontbox/cff/CFFDataInput.java,,,,,,,,,,,,,,,,,,,,,,,,,4,9,0,4,1,1,5,2,1,1,2,1,1,1,1,1,1,,,,,,0,,1,25,1,1,1,1
Public Method,"org.apache.fontbox.cff.CFFDataInput.readCard8()",fontbox/src/main/java/org/apache/fontbox/cff/CFFDataInput.java,,,,,,,,,,,,,,,,,,,,,,,,,10,9,0,4,1,1,5,2,1,1,2,1,1,1,1,1,1,,,,,,0,,1,25,1,1,1,1
Public Method,"org.apache.fontbox.cff.CFFDataInput.readOffSize()",fontbox/src/main/java/org/apache/fontbox/cff/CFFDataInput.java,,,,,,,,,,,,,,,,,,,,,,,,,2,15,0,9,2,4,6,4,2,3,5,2,4,2,2,3,1,,,,,,1,,0,67,2,2,3,1
Public Method,"org.apache.fontbox.cff.CFFDataInput.readOffset(int)",fontbox/src/main/java/org/apache/fontbox/cff/CFFDataInput.java,,,,,,,,,,,,,,,,,,,,,,,,,2,15,0,9,2,4,6,2,2,5,7,3,4,2,2,2,1,,,,,,1,,0,67,2,2,2,1
Public Method,"org.apache.fontbox.cff.CFFDataInput.readSID()",fontbox/src/main/java/org/apache/fontbox/cff/CFFDataInput.java,,,,,,,,,,,,,,,,,,,,,,,,,4,9,0,4,1,1,5,2,1,1,2,1,1,1,1,1,1,,,,,,0,,1,25,1,1,1,1
Public Abstract Class,"org.apache.fontbox.cff.CFFEncoding",fontbox/src/main/java/org/apache/fontbox/cff/CFFEncoding.java,1,1,1,1,7,0,3,3,1,2,3,,0,0,,,3,0,3,19,1,0,1,1,,33,2,14,4,2,17,,,2,6,4,2,,,,,1,1,1,1,2,0,0,1,21,3,3,3,3
Constructor,"org.apache.fontbox.cff.CFFEncoding.CFFEncoding()",fontbox/src/main/java/org/apache/fontbox/cff/CFFEncoding.java,,,,,,,,,,,,,,,,,,,,,,,,,0,6,0,3,1,0,3,1,1,0,1,1,0,1,1,1,1,,,,,,0,,1,00,1,1,1,1
Protected Method,"org.apache.fontbox.cff.CFFEncoding.add(int,int)",fontbox/src/main/java/org/apache/fontbox/cff/CFFEncoding.java,,,,,,,,,,,,,,,,,,,,,,,,,4,7,0,4,1,1,3,2,1,1,2,1,1,1,1,1,1,,,,,,0,,0,75,1,1,1,1
Public Method,"org.apache.fontbox.cff.CFFEncoding.add(int,int,String)",fontbox/src/main/java/org/apache/fontbox/cff/CFFEncoding.java,,,,,,,,,,,,,,,,,,,,,,,,,5,9,0,4,1,1,5,1,1,1,2,1,1,1,1,1,1,,,,,,0,,1,25,1,1,1,1
Class,"org.apache.fontbox.cff.CFFEncodingTest",fontbox/src/test/java/org/apache/fontbox/cff/CFFEncodingTest.java,1,1,1,1,13,0,12,1,1,4,0,,0,0,,,2,0,2,14,2,0,0,0,,31,2,27,7,16,2,,,16,19,5,16,,,,,1,1,1,1,1,0,0,0,07,2,2,2,2
Method,"org.apache.fontbox.cff.CFFEncodingTest.testCFFExpertEncoding()",fontbox/src/test/java/org/apache/fontbox/cff/CFFEncodingTest.java,,,,,,,,,,,,,,,,,,,,,,,,,0,13,0,12,3,8,1,4,1,8,9,2,8,1,1,1,1,,,,,,0,,0,08,1,1,1,1
Method,"org.apache.fontbox.cff.CFFEncodingTest.testCFFStandardEncoding()",fontbox/src/test/java/org/apache/fontbox/cff/CFFEncodingTest.java,,,,,,,,,,,,,,,,,,,,,,,,,0,13,0,12,3,8,1,4,1,8,9,2,8,1,1,1,1,,,,,,0,,0,08,1,1,1,1
Public Final Class,"org.apache.fontbox.cff.CFFExpertCharset",fontbox/src/main/java/org/apache/fontbox/cff/CFFExpertCharset.java,1,1,1,1,93,0,90,2,1,1,0,,1,3,,,1,0,2,23,0,1,0,1,,201,5,186,175,173,10,,,7,12,9,4,,,,,2,2,2,1,2,1,0,0,05,3,3,3,2
Private Constructor,"org.apache.fontbox.cff.CFFExpertCharset.CFFExpertCharset()",fontbox/src/main/java/org/apache/fontbox/cff/CFFExpertCharset.java,,,,,,,,,,,,,,,,,,,,,,,,,2,178,1,176,170,169,1,3,2,3,6,4,2,2,2,2,1,,,,,,1,,0,01,2,2,2,1
Public Static Method,"org.apache.fontbox.cff.CFFExpertCharset.getInstance()",fontbox/src/main/java/org/apache/fontbox/cff/CFFExpertCharset.java,,,,,,,,,,,,,,,,,,,,,,,,,3,8,0,4,1,1,4,1,1,1,2,1,1,1,1,1,1,,,,,,0,,1,00,1,1,1,1
Public Final Class,"org.apache.fontbox.cff.CFFExpertEncoding",fontbox/src/main/java/org/apache/fontbox/cff/CFFExpertEncoding.java,1,1,1,1,137,0,134,2,1,0,0,,1,3,,,1,0,2,21,0,1,0,1,,291,6,275,264,262,10,,,6,11,8,4,,,,,2,2,2,1,3,1,0,0,04,3,3,3,2
Private Constructor,"org.apache.fontbox.cff.CFFExpertEncoding.CFFExpertEncoding()",fontbox/src/main/java/org/apache/fontbox/cff/CFFExpertEncoding.java,,,,,,,,,,,,,,,,,,,,,,,,,2,267,1,265,259,258,1,2,2,2,5,3,2,2,2,2,1,,,,,,1,,0,00,2,2,2,1
Public Static Method,"org.apache.fontbox.cff.CFFExpertEncoding.getInstance()",fontbox/src/main/java/org/apache/fontbox/cff/CFFExpertEncoding.java,,,,,,,,,,,,,,,,,,,,,,,,,3,8,0,4,1,1,4,1,1,1,2,1,1,1,1,1,1,,,,,,0,,1,00,1,1,1,1
Public Final Class,"org.apache.fontbox.cff.CFFExpertSubsetCharset",fontbox/src/main/java/org/apache/fontbox/cff/CFFExpertSubsetCharset.java,1,1,1,1,53,0,50,2,1,1,0,,1,3,,,1,0,2,23,0,1,0,1,,122,5,107,96,94,10,,,7,12,9,4,,,,,2,2,2,1,2,1,0,0,09,3,3,3,2
Private Constructor,"org.apache.fontbox.cff.CFFExpertSubsetCharset.CFFExpertSubsetCharset()",fontbox/src/main/java/org/apache/fontbox/cff/CFFExpertSubsetCharset.java,,,,,,,,,,,,,,,,,,,,,,,,,2,98,0,97,91,90,1,3,2,3,6,4,2,2,2,2,1,,,,,,1,,0,01,2,2,2,1
Public Static Method,"org.apache.fontbox.cff.CFFExpertSubsetCharset.getInstance()",fontbox/src/main/java/org/apache/fontbox/cff/CFFExpertSubsetCharset.java,,,,,,,,,,,,,,,,,,,,,,,,,3,8,0,4,1,1,4,1,1,1,2,1,1,1,1,1,1,,,,,,0,,1,00,1,1,1,1
Public Abstract Class,"org.apache.fontbox.cff.CFFFont",fontbox/src/main/java/org/apache/fontbox/cff/CFFFont.java,1,1,1,1,9,0,4,4,2,13,2,,0,0,,,16,6,16,28,4,0,0,12,,175,16,84,28,22,75,,,24,42,24,20,,,,,2,2,2,1,1,1,80,0,89,17,17,17,15
Public Method,"org.apache.fontbox.cff.CFFFont.addValueToTopDict(String,Object)",fontbox/src/main/java/org/apache/fontbox/cff/CFFFont.java,,,,,,,,,,,,,,,,,,,,,,,,,4,13,0,7,1,2,6,1,2,1,3,1,2,2,2,2,1,,,,,,1,,0,86,2,2,2,1
Public Final Method,"org.apache.fontbox.cff.CFFFont.getCharStringBytes()",fontbox/src/main/java/org/apache/fontbox/cff/CFFFont.java,,,,,,,,,,,,,,,,,,,,,,,,,2,9,0,4,1,1,5,2,1,1,2,1,1,1,1,1,1,,,,,,0,,1,25,1,1,1,1
Public Method,"org.apache.fontbox.cff.CFFFont.getCharset()",fontbox/src/main/java/org/apache/fontbox/cff/CFFFont.java,,,,,,,,,,,,,,,,,,,,,,,,,6,9,0,4,1,1,5,1,1,1,2,1,1,1,1,1,1,,,,,,0,,1,25,1,1,1,1
Public Method,"org.apache.fontbox.cff.CFFFont.getData()",fontbox/src/main/java/org/apache/fontbox/cff/CFFFont.java,,,,,,,,,,,,,,,,,,,,,,,,,1,7,0,4,1,1,3,2,1,1,2,1,1,1,1,1,1,,,,,,0,,0,75,1,1,1,1
Public Method,"org.apache.fontbox.cff.CFFFont.getFontBBox()",fontbox/src/main/java/org/apache/fontbox/cff/CFFFont.java,,,,,,,,,,,,,,,,,,,,,,,,,3,15,0,10,3,4,5,6,2,3,5,2,4,2,2,2,1,,,,,,1,,0,50,2,2,2,1
Public Method,"org.apache.fontbox.cff.CFFFont.getFontMatrix()",fontbox/src/main/java/org/apache/fontbox/cff/CFFFont.java,,,,,,,,,,,,,,,,,,,,,,,,,3,8,0,5,2,1,3,2,1,1,2,1,1,1,1,1,1,,,,,,0,,0,60,1,1,1,1
Public Method,"org.apache.fontbox.cff.CFFFont.getGlobalSubrIndex()",fontbox/src/main/java/org/apache/fontbox/cff/CFFFont.java,,,,,,,,,,,,,,,,,,,,,,,,,2,9,0,4,1,1,5,2,1,1,2,1,1,1,1,1,1,,,,,,0,,1,25,1,1,1,1
Public Method,"org.apache.fontbox.cff.CFFFont.getName()",fontbox/src/main/java/org/apache/fontbox/cff/CFFFont.java,,,,,,,,,,,,,,,,,,,,,,,,,7,10,0,5,2,1,5,1,1,1,2,1,1,1,1,1,1,,,,,,0,,1,00,1,1,1,1
Public Method,"org.apache.fontbox.cff.CFFFont.getNumCharStrings()",fontbox/src/main/java/org/apache/fontbox/cff/CFFFont.java,,,,,,,,,,,,,,,,,,,,,,,,,3,7,0,4,1,1,3,1,1,1,2,1,1,1,1,1,1,,,,,,0,,0,75,1,1,1,1
Public Method,"org.apache.fontbox.cff.CFFFont.getTopDict()",fontbox/src/main/java/org/apache/fontbox/cff/CFFFont.java,,,,,,,,,,,,,,,,,,,,,,,,,1,9,0,4,1,1,5,1,1,1,2,1,1,1,1,1,1,,,,,,0,,1,25,1,1,1,1
Public Abstract Method,"org.apache.fontbox.cff.CFFFont.getType2CharString(int)",fontbox/src/main/java/org/apache/fontbox/cff/CFFFont.java,,,,,,,,,,,,,,,,,,,,,,,,,2,7,0,1,1,0,6,1,0,1,1,1,0,0,0,0,0,,,,,,0,,6,00,0,0,0,0
Method,"org.apache.fontbox.cff.CFFFont.setCharset(CFFCharset)",fontbox/src/main/java/org/apache/fontbox/cff/CFFFont.java,,,,,,,,,,,,,,,,,,,,,,,,,2,9,0,4,1,1,5,1,1,1,2,1,1,1,1,1,1,,,,,,0,,1,25,1,1,1,1
Final Method,"org.apache.fontbox.cff.CFFFont.setData(CFFParser.ByteSource)",fontbox/src/main/java/org/apache/fontbox/cff/CFFFont.java,,,,,,,,,,,,,,,,,,,,,,,,,2,7,0,4,1,1,3,1,1,1,2,1,1,1,1,1,1,,,,,,0,,0,75,1,1,1,1
Method,"org.apache.fontbox.cff.CFFFont.setGlobalSubrIndex(byte[][])",fontbox/src/main/java/org/apache/fontbox/cff/CFFFont.java,,,,,,,,,,,,,,,,,,,,,,,,,2,9,0,4,1,1,5,1,1,1,2,1,1,1,1,1,1,,,,,,0,,1,25,1,1,1,1
Method,"org.apache.fontbox.cff.CFFFont.setName(String)",fontbox/src/main/java/org/apache/fontbox/cff/CFFFont.java,,,,,,,,,,,,,,,,,,,,,,,,,2,9,0,4,1,1,5,1,1,1,2,1,1,1,1,1,1,,,,,,0,,1,25,1,1,1,1
Public Method,"org.apache.fontbox.cff.CFFFont.toString()",fontbox/src/main/java/org/apache/fontbox/cff/CFFFont.java,,,,,,,,,,,,,,,,,,,,,,,,,4,7,0,7,2,3,0,5,1,1,2,1,1,1,1,1,1,,,,,,0,,0,00,1,1,1,1
Public Final Class,"org.apache.fontbox.cff.CFFISOAdobeCharset",fontbox/src/main/java/org/apache/fontbox/cff/CFFISOAdobeCharset.java,1,1,1,1,124,0,121,2,1,1,0,,1,3,,,1,0,2,23,0,1,0,1,,263,4,249,238,236,10,,,7,12,9,4,,,,,2,2,2,1,2,1,0,0,04,3,3,3,2
Private Constructor,"org.apache.fontbox.cff.CFFISOAdobeCharset.CFFISOAdobeCharset()",fontbox/src/main/java/org/apache/fontbox/cff/CFFISOAdobeCharset.java,,,,,,,,,,,,,,,,,,,,,,,,,2,240,0,239,233,232,1,3,2,3,6,4,2,2,2,2,1,,,,,,1,,0,00,2,2,2,1
Public Static Method,"org.apache.fontbox.cff.CFFISOAdobeCharset.getInstance()",fontbox/src/main/java/org/apache/fontbox/cff/CFFISOAdobeCharset.java,,,,,,,,,,,,,,,,,,,,,,,,,3,8,0,4,1,1,4,1,1,1,2,1,1,1,1,1,1,,,,,,0,,1,00,1,1,1,1
Public Final Class,"org.apache.fontbox.cff.CFFOperator",fontbox/src/main/java/org/apache/fontbox/cff/CFFOperator.java,1,1,1,1,6,0,3,2,1,3,0,,5,1,,,1,0,6,18,0,4,0,2,,110,9,82,9,58,19,,,58,65,8,58,,,,,1,1,1,1,1,0,0,0,23,6,6,6,6
Private Constructor,"org.apache.fontbox.cff.CFFOperator.CFFOperator()",fontbox/src/main/java/org/apache/fontbox/cff/CFFOperator.java,,,,,,,,,,,,,,,,,,,,,,,,,0,3,0,3,1,0,0,1,1,0,1,1,0,1,1,1,1,,,,,,0,,0,00,1,1,1,1
Private Static Method,"org.apache.fontbox.cff.CFFOperator.calculateKey(int,int)",fontbox/src/main/java/org/apache/fontbox/cff/CFFOperator.java,,,,,,,,,,,,,,,,,,,,,,,,,4,4,0,4,1,1,0,1,1,1,2,1,1,1,1,1,1,,,,,,0,,0,00,1,1,1,1
Public Static Method,"org.apache.fontbox.cff.CFFOperator.getOperator(int)",fontbox/src/main/java/org/apache/fontbox/cff/CFFOperator.java,,,,,,,,,,,,,,,,,,,,,,,,,2,10,0,4,1,1,6,2,1,1,2,1,1,1,1,1,1,,,,,,0,,1,50,1,1,1,1
Public Static Method,"org.apache.fontbox.cff.CFFOperator.getOperator(int,int)",fontbox/src/main/java/org/apache/fontbox/cff/CFFOperator.java,,,,,,,,,,,,,,,,,,,,,,,,,5,11,0,4,1,1,7,3,1,1,2,1,1,1,1,1,1,,,,,,0,,1,75,1,1,1,1
Private Static Method,"org.apache.fontbox.cff.CFFOperator.register(int,String)",fontbox/src/main/java/org/apache/fontbox/cff/CFFOperator.java,,,,,,,,,,,,,,,,,,,,,,,,,2,4,0,4,1,1,0,1,1,1,2,1,1,1,1,1,1,,,,,,0,,0,00,1,1,1,1
Private Static Method,"org.apache.fontbox.cff.CFFOperator.register(int,int,String)",fontbox/src/main/java/org/apache/fontbox/cff/CFFOperator.java,,,,,,,,,,,,,,,,,,,,,,,,,5,4,0,4,1,1,0,2,1,1,2,1,1,1,1,1,1,,,,,,0,,0,00,1,1,1,1
Public Class,"org.apache.fontbox.cff.CFFParser",fontbox/src/main/java/org/apache/fontbox/cff/CFFParser.java,4,3,4,1,28,1,24,2,1,54,0,,15,4,,,19,3,34,46,0,31,0,3,,1558,141,1250,324,635,170,,,528,744,310,560,,,,,24,18,25,14,1,4,94,0,14,145,123,167,61
Public Interface,"org.apache.fontbox.cff.CFFParser.ByteSource",fontbox/src/main/java/org/apache/fontbox/cff/CFFParser.java,0,0,0,0,0,0,0,0,0,1,3,,0,0,,,1,0,1,1,1,0,0,0,,7,0,4,2,0,3,,,1,2,2,0,,,,,0,0,0,0,0,0,0,0,75,0,0,0,0
Abstract Method,"org.apache.fontbox.cff.CFFParser.ByteSource.getBytes()",fontbox/src/main/java/org/apache/fontbox/cff/CFFParser.java,,,,,,,,,,,,,,,,,,,,,,,,,1,4,0,1,1,0,3,1,0,1,1,1,0,0,0,0,0,,,,,,0,,3,00,0,0,0,0
Static Abstract Class,"org.apache.fontbox.cff.CFFParser.CFFBuiltInEncoding",fontbox/src/main/java/org/apache/fontbox/cff/CFFParser.java,1,1,1,1,4,0,4,0,1,1,2,,0,0,,,1,1,1,20,0,0,0,1,,35,4,25,10,5,6,,,9,14,9,5,,,,,1,1,1,1,3,0,100,0,24,1,1,1,1
Private Static Class,"org.apache.fontbox.cff.CFFParser.CFFBuiltInEncoding.Supplement",fontbox/src/main/java/org/apache/fontbox/cff/CFFParser.java,1,1,1,1,5,0,5,0,1,3,0,,0,0,,,2,3,2,14,0,1,0,1,,22,2,17,7,4,3,,,7,10,6,4,,,,,1,1,1,1,1,0,16,0,18,2,2,2,2
Private Constructor,"org.apache.fontbox.cff.CFFParser.CFFBuiltInEncoding.Supplement.Supplement(int,int,String)",fontbox/src/main/java/org/apache/fontbox/cff/CFFParser.java,,,,,,,,,,,,,,,,,,,,,,,,,3,6,0,6,1,3,0,4,1,3,4,1,3,1,1,1,1,,,,,,0,,0,00,1,1,1,1
Public Method,"org.apache.fontbox.cff.CFFParser.CFFBuiltInEncoding.Supplement.toString()",fontbox/src/main/java/org/apache/fontbox/cff/CFFParser.java,,,,,,,,,,,,,,,,,,,,,,,,,2,5,0,5,2,1,0,3,1,1,2,1,1,1,1,1,1,,,,,,0,,0,00,1,1,1,1
Public Method,"org.apache.fontbox.cff.CFFParser.CFFBuiltInEncoding.add(Supplement)",fontbox/src/main/java/org/apache/fontbox/cff/CFFParser.java,,,,,,,,,,,,,,,,,,,,,,,,,5,4,0,4,1,1,0,1,1,1,2,1,1,1,1,1,1,,,,,,0,,0,00,1,1,1,1
Private Static Class,"org.apache.fontbox.cff.CFFParser.DictData",fontbox/src/main/java/org/apache/fontbox/cff/CFFParser.java,1,1,2,1,5,0,5,0,1,9,0,,0,0,,,7,1,7,19,0,0,0,7,,126,16,101,31,40,9,,,34,55,30,36,,,,,2,2,3,1,1,1,57,0,09,12,12,16,7
Private Static Class,"org.apache.fontbox.cff.CFFParser.DictData.Entry",fontbox/src/main/java/org/apache/fontbox/cff/CFFParser.java,1,1,1,1,7,0,7,0,1,9,0,,0,0,,,8,2,8,20,0,0,0,8,,72,8,61,17,27,3,,,22,34,17,23,,,,,4,3,4,4,1,2,43,0,05,12,11,12,11
Public Method,"org.apache.fontbox.cff.CFFParser.DictData.Entry.addOperand(Number)",fontbox/src/main/java/org/apache/fontbox/cff/CFFParser.java,,,,,,,,,,,,,,,,,,,,,,,,,3,4,0,4,1,1,0,1,1,1,2,1,1,1,1,1,1,,,,,,0,,0,00,1,1,1,1
Public Method,"org.apache.fontbox.cff.CFFParser.DictData.Entry.getBoolean(int,Boolean)",fontbox/src/main/java/org/apache/fontbox/cff/CFFParser.java,,,,,,,,,,,,,,,,,,,,,,,,,7,18,0,18,2,11,0,4,4,6,9,2,8,4,3,4,4,,,,,,2,,0,00,4,3,4,4
Public Method,"org.apache.fontbox.cff.CFFParser.DictData.Entry.getDelta()",fontbox/src/main/java/org/apache/fontbox/cff/CFFParser.java,,,,,,,,,,,,,,,,,,,,,,,,,2,12,0,12,5,7,0,6,2,8,10,6,8,2,2,2,1,,,,,,1,,0,00,2,2,2,1
Public Method,"org.apache.fontbox.cff.CFFParser.DictData.Entry.getNumber(int)",fontbox/src/main/java/org/apache/fontbox/cff/CFFParser.java,,,,,,,,,,,,,,,,,,,,,,,,,7,4,0,4,1,1,0,2,1,1,2,1,1,1,1,1,1,,,,,,0,,0,00,1,1,1,1
Public Method,"org.apache.fontbox.cff.CFFParser.DictData.Entry.getOperands()",fontbox/src/main/java/org/apache/fontbox/cff/CFFParser.java,,,,,,,,,,,,,,,,,,,,,,,,,2,4,0,4,1,1,0,1,1,1,2,1,1,1,1,1,1,,,,,,0,,0,00,1,1,1,1
Public Method,"org.apache.fontbox.cff.CFFParser.DictData.Entry.hasOperands()",fontbox/src/main/java/org/apache/fontbox/cff/CFFParser.java,,,,,,,,,,,,,,,,,,,,,,,,,9,4,0,4,1,1,0,2,1,1,2,1,1,1,1,1,1,,,,,,0,,0,00,1,1,1,1
Public Method,"org.apache.fontbox.cff.CFFParser.DictData.Entry.size()",fontbox/src/main/java/org/apache/fontbox/cff/CFFParser.java,,,,,,,,,,,,,,,,,,,,,,,,,4,4,0,4,1,1,0,2,1,1,2,1,1,1,1,1,1,,,,,,0,,0,00,1,1,1,1
Public Method,"org.apache.fontbox.cff.CFFParser.DictData.Entry.toString()",fontbox/src/main/java/org/apache/fontbox/cff/CFFParser.java,,,,,,,,,,,,,,,,,,,,,,,,,2,6,0,6,2,2,0,4,1,1,2,1,1,1,1,1,1,,,,,,0,,0,00,1,1,1,1
Public Method,"org.apache.fontbox.cff.CFFParser.DictData.add(Entry)",fontbox/src/main/java/org/apache/fontbox/cff/CFFParser.java,,,,,,,,,,,,,,,,,,,,,,,,,5,7,0,7,1,2,0,1,2,1,3,1,2,2,2,2,1,,,,,,1,,0,00,2,2,2,1
Public Method,"org.apache.fontbox.cff.CFFParser.DictData.getArray(String,List<Number>)",fontbox/src/main/java/org/apache/fontbox/cff/CFFParser.java,,,,,,,,,,,,,,,,,,,,,,,,,4,5,0,5,2,2,0,4,1,2,3,2,2,2,2,3,1,,,,,,0,,0,00,2,2,3,1
Public Method,"org.apache.fontbox.cff.CFFParser.DictData.getBoolean(String,boolean)",fontbox/src/main/java/org/apache/fontbox/cff/CFFParser.java,,,,,,,,,,,,,,,,,,,,,,,,,4,5,0,5,2,2,0,4,1,2,3,2,2,2,2,3,1,,,,,,0,,0,00,2,2,3,1
Public Method,"org.apache.fontbox.cff.CFFParser.DictData.getDelta(String,List<Number>)",fontbox/src/main/java/org/apache/fontbox/cff/CFFParser.java,,,,,,,,,,,,,,,,,,,,,,,,,3,5,0,5,2,2,0,4,1,2,3,2,2,2,2,3,1,,,,,,0,,0,00,2,2,3,1
Public Method,"org.apache.fontbox.cff.CFFParser.DictData.getEntry(String)",fontbox/src/main/java/org/apache/fontbox/cff/CFFParser.java,,,,,,,,,,,,,,,,,,,,,,,,,10,4,0,4,1,1,0,2,1,1,2,1,1,1,1,1,1,,,,,,0,,0,00,1,1,1,1
Public Method,"org.apache.fontbox.cff.CFFParser.DictData.getNumber(String,Number)",fontbox/src/main/java/org/apache/fontbox/cff/CFFParser.java,,,,,,,,,,,,,,,,,,,,,,,,,6,5,0,5,2,2,0,4,1,2,3,2,2,2,2,3,1,,,,,,0,,0,00,2,2,3,1
Public Method,"org.apache.fontbox.cff.CFFParser.DictData.toString()",fontbox/src/main/java/org/apache/fontbox/cff/CFFParser.java,,,,,,,,,,,,,,,,,,,,,,,,,1,8,0,5,2,1,3,4,1,1,2,1,1,1,1,1,1,,,,,,0,,0,60,1,1,1,1
Private Static Class,"org.apache.fontbox.cff.CFFParser.EmptyCharsetCID",fontbox/src/main/java/org/apache/fontbox/cff/CFFParser.java,1,1,1,1,7,0,6,1,1,3,0,,0,0,,,2,0,2,23,0,1,0,1,,22,2,16,4,4,5,,,5,9,4,5,,,,,2,2,2,1,2,1,0,0,31,3,3,3,2
Private Constructor,"org.apache.fontbox.cff.CFFParser.EmptyCharsetCID.EmptyCharsetCID(int)",fontbox/src/main/java/org/apache/fontbox/cff/CFFParser.java,,,,,,,,,,,,,,,,,,,,,,,,,2,10,1,8,1,3,2,2,2,4,6,2,4,2,2,2,1,,,,,,1,,0,25,2,2,2,1
Public Method,"org.apache.fontbox.cff.CFFParser.EmptyCharsetCID.toString()",fontbox/src/main/java/org/apache/fontbox/cff/CFFParser.java,,,,,,,,,,,,,,,,,,,,,,,,,0,5,0,5,2,1,0,3,1,1,2,1,1,1,1,1,1,,,,,,0,,0,00,1,1,1,1
Private Static Class,"org.apache.fontbox.cff.CFFParser.EmptyCharsetType1",fontbox/src/main/java/org/apache/fontbox/cff/CFFParser.java,1,1,1,1,4,0,4,0,1,3,0,,0,0,,,2,0,2,23,0,1,0,1,,16,1,12,4,2,3,,,2,5,3,2,,,,,1,1,1,1,2,0,0,0,25,2,2,2,2
Private Constructor,"org.apache.fontbox.cff.CFFParser.EmptyCharsetType1.EmptyCharsetType1()",fontbox/src/main/java/org/apache/fontbox/cff/CFFParser.java,,,,,,,,,,,,,,,,,,,,,,,,,1,4,0,4,1,1,0,2,1,1,2,1,1,1,1,1,1,,,,,,0,,0,00,1,1,1,1
Public Method,"org.apache.fontbox.cff.CFFParser.EmptyCharsetType1.toString()",fontbox/src/main/java/org/apache/fontbox/cff/CFFParser.java,,,,,,,,,,,,,,,,,,,,,,,,,0,5,0,5,2,1,0,3,1,1,2,1,1,1,1,1,1,,,,,,0,,0,00,1,1,1,1
Private Static Class,"org.apache.fontbox.cff.CFFParser.Format0Charset",fontbox/src/main/java/org/apache/fontbox/cff/CFFParser.java,1,1,1,1,4,0,4,0,1,0,0,,0,0,,,1,0,1,23,0,1,0,0,,10,0,7,2,1,3,,,1,3,2,1,,,,,1,1,1,1,2,0,0,0,43,1,1,1,1
Private Constructor,"org.apache.fontbox.cff.CFFParser.Format0Charset.Format0Charset(boolean)",fontbox/src/main/java/org/apache/fontbox/cff/CFFParser.java,,,,,,,,,,,,,,,,,,,,,,,,,2,4,0,4,1,1,0,2,1,1,2,1,1,1,1,1,1,,,,,,0,,0,00,1,1,1,1
Private Static Class,"org.apache.fontbox.cff.CFFParser.Format0Encoding",fontbox/src/main/java/org/apache/fontbox/cff/CFFParser.java,1,1,1,1,5,0,5,0,1,4,0,,0,0,,,2,1,2,22,0,1,0,1,,19,2,14,5,3,3,,,3,6,4,2,,,,,1,1,1,1,4,0,0,0,21,2,2,2,2
Private Constructor,"org.apache.fontbox.cff.CFFParser.Format0Encoding.Format0Encoding(int)",fontbox/src/main/java/org/apache/fontbox/cff/CFFParser.java,,,,,,,,,,,,,,,,,,,,,,,,,2,4,0,4,1,1,0,2,1,1,2,1,1,1,1,1,1,,,,,,0,,0,00,1,1,1,1
Public Method,"org.apache.fontbox.cff.CFFParser.Format0Encoding.toString()",fontbox/src/main/java/org/apache/fontbox/cff/CFFParser.java,,,,,,,,,,,,,,,,,,,,,,,,,3,6,0,6,2,2,0,4,1,1,2,1,1,1,1,1,1,,,,,,0,,0,00,1,1,1,1
Private Static Class,"org.apache.fontbox.cff.CFFParser.Format0FDSelect",fontbox/src/main/java/org/apache/fontbox/cff/CFFParser.java,1,1,1,1,6,0,6,0,2,4,0,,0,0,,,3,1,3,15,0,1,0,2,,28,3,22,7,5,3,,,5,10,5,5,,,,,2,2,2,1,1,1,0,0,14,4,4,4,3
Private Constructor,"org.apache.fontbox.cff.CFFParser.Format0FDSelect.Format0FDSelect(int[])",fontbox/src/main/java/org/apache/fontbox/cff/CFFParser.java,,,,,,,,,,,,,,,,,,,,,,,,,2,4,0,4,1,1,0,2,1,1,2,1,1,1,1,1,1,,,,,,0,,0,00,1,1,1,1
Public Method,"org.apache.fontbox.cff.CFFParser.Format0FDSelect.getFDIndex(int)",fontbox/src/main/java/org/apache/fontbox/cff/CFFParser.java,,,,,,,,,,,,,,,,,,,,,,,,,3,9,0,9,2,3,0,1,2,2,4,1,3,2,2,2,1,,,,,,1,,0,00,2,2,2,1
Public Method,"org.apache.fontbox.cff.CFFParser.Format0FDSelect.toString()",fontbox/src/main/java/org/apache/fontbox/cff/CFFParser.java,,,,,,,,,,,,,,,,,,,,,,,,,1,5,0,5,2,1,0,4,1,1,2,1,1,1,1,1,1,,,,,,0,,0,00,1,1,1,1
Private Static Class,"org.apache.fontbox.cff.CFFParser.Format1Charset",fontbox/src/main/java/org/apache/fontbox/cff/CFFParser.java,2,2,2,2,11,0,9,1,1,4,0,,0,0,,,4,1,4,26,0,1,0,3,,55,4,43,8,13,8,,,8,21,8,13,,,,,4,4,4,4,2,3,0,0,19,10,10,10,10
Private Constructor,"org.apache.fontbox.cff.CFFParser.Format1Charset.Format1Charset(boolean)",fontbox/src/main/java/org/apache/fontbox/cff/CFFParser.java,,,,,,,,,,,,,,,,,,,,,,,,,2,5,0,5,1,2,0,4,1,2,3,1,2,1,1,1,1,,,,,,0,,0,00,1,1,1,1
Public Method,"org.apache.fontbox.cff.CFFParser.Format1Charset.addRangeMapping(RangeMapping)",fontbox/src/main/java/org/apache/fontbox/cff/CFFParser.java,,,,,,,,,,,,,,,,,,,,,,,,,3,9,0,4,1,1,5,1,1,1,2,1,1,1,1,1,1,,,,,,0,,1,25,1,1,1,1
Public Method,"org.apache.fontbox.cff.CFFParser.Format1Charset.getCIDForGID(int)",fontbox/src/main/java/org/apache/fontbox/cff/CFFParser.java,,,,,,,,,,,,,,,,,,,,,,,,,2,15,0,15,2,5,0,5,4,2,7,2,5,4,4,4,4,,,,,,3,,0,00,4,4,4,4
Public Method,"org.apache.fontbox.cff.CFFParser.Format1Charset.getGIDForCID(int)",fontbox/src/main/java/org/apache/fontbox/cff/CFFParser.java,,,,,,,,,,,,,,,,,,,,,,,,,2,15,0,15,2,5,0,5,4,2,7,2,5,4,4,4,4,,,,,,3,,0,00,4,4,4,4
Private Static Class,"org.apache.fontbox.cff.CFFParser.Format1Encoding",fontbox/src/main/java/org/apache/fontbox/cff/CFFParser.java,1,1,1,1,5,0,5,0,1,4,0,,0,0,,,2,1,2,22,0,1,0,1,,19,2,14,5,3,3,,,3,6,4,2,,,,,1,1,1,1,4,0,0,0,21,2,2,2,2
Private Constructor,"org.apache.fontbox.cff.CFFParser.Format1Encoding.Format1Encoding(int)",fontbox/src/main/java/org/apache/fontbox/cff/CFFParser.java,,,,,,,,,,,,,,,,,,,,,,,,,2,4,0,4,1,1,0,2,1,1,2,1,1,1,1,1,1,,,,,,0,,0,00,1,1,1,1
Public Method,"org.apache.fontbox.cff.CFFParser.Format1Encoding.toString()",fontbox/src/main/java/org/apache/fontbox/cff/CFFParser.java,,,,,,,,,,,,,,,,,,,,,,,,,3,6,0,6,2,2,0,4,1,1,2,1,1,1,1,1,1,,,,,,0,,0,00,1,1,1,1
Private Static Class,"org.apache.fontbox.cff.CFFParser.Format2Charset",fontbox/src/main/java/org/apache/fontbox/cff/CFFParser.java,2,2,2,2,9,0,8,1,1,4,0,,0,0,,,4,1,4,26,0,1,0,3,,49,4,37,8,11,8,,,8,19,8,11,,,,,3,3,3,3,2,2,0,0,22,8,8,8,8
Private Constructor,"org.apache.fontbox.cff.CFFParser.Format2Charset.Format2Charset(boolean)",fontbox/src/main/java/org/apache/fontbox/cff/CFFParser.java,,,,,,,,,,,,,,,,,,,,,,,,,2,5,0,5,1,2,0,4,1,2,3,1,2,1,1,1,1,,,,,,0,,0,00,1,1,1,1
Public Method,"org.apache.fontbox.cff.CFFParser.Format2Charset.addRangeMapping(RangeMapping)",fontbox/src/main/java/org/apache/fontbox/cff/CFFParser.java,,,,,,,,,,,,,,,,,,,,,,,,,3,9,0,4,1,1,5,1,1,1,2,1,1,1,1,1,1,,,,,,0,,1,25,1,1,1,1
Public Method,"org.apache.fontbox.cff.CFFParser.Format2Charset.getCIDForGID(int)",fontbox/src/main/java/org/apache/fontbox/cff/CFFParser.java,,,,,,,,,,,,,,,,,,,,,,,,,2,12,0,12,2,4,0,4,3,2,6,2,4,3,3,3,3,,,,,,2,,0,00,3,3,3,3
Public Method,"org.apache.fontbox.cff.CFFParser.Format2Charset.getGIDForCID(int)",fontbox/src/main/java/org/apache/fontbox/cff/CFFParser.java,,,,,,,,,,,,,,,,,,,,,,,,,2,12,0,12,2,4,0,4,3,2,6,2,4,3,3,3,3,,,,,,2,,0,00,3,3,3,3
Private Static Final Class,"org.apache.fontbox.cff.CFFParser.Format3FDSelect",fontbox/src/main/java/org/apache/fontbox/cff/CFFParser.java,2,2,2,2,13,0,12,0,2,5,0,,0,0,,,3,2,3,15,0,1,0,2,,50,3,42,8,14,5,,,11,20,7,13,,,,,6,6,6,6,1,4,0,0,12,8,8,8,8
Private Constructor,"org.apache.fontbox.cff.CFFParser.Format3FDSelect.Format3FDSelect(Range3[],int)",fontbox/src/main/java/org/apache/fontbox/cff/CFFParser.java,,,,,,,,,,,,,,,,,,,,,,,,,3,5,0,5,1,2,0,3,1,2,3,1,2,1,1,1,1,,,,,,0,,0,00,1,1,1,1
Public Method,"org.apache.fontbox.cff.CFFParser.Format3FDSelect.getFDIndex(int)",fontbox/src/main/java/org/apache/fontbox/cff/CFFParser.java,,,,,,,,,,,,,,,,,,,,,,,,,6,28,0,26,2,10,2,1,6,6,12,2,10,6,6,6,6,,,,,,4,,0,08,6,6,6,6
Public Method,"org.apache.fontbox.cff.CFFParser.Format3FDSelect.toString()",fontbox/src/main/java/org/apache/fontbox/cff/CFFParser.java,,,,,,,,,,,,,,,,,,,,,,,,,3,6,0,6,2,2,0,4,1,1,2,1,1,1,1,1,1,,,,,,0,,0,00,1,1,1,1
Private Static Class,"org.apache.fontbox.cff.CFFParser.Header",fontbox/src/main/java/org/apache/fontbox/cff/CFFParser.java,1,1,1,1,6,0,6,0,1,3,0,,0,0,,,2,4,2,14,0,1,0,1,,25,2,20,8,6,3,,,9,12,7,5,,,,,1,1,1,1,1,0,0,0,15,2,2,2,2
Private Constructor,"org.apache.fontbox.cff.CFFParser.Header.Header(int,int,int,int)",fontbox/src/main/java/org/apache/fontbox/cff/CFFParser.java,,,,,,,,,,,,,,,,,,,,,,,,,5,7,0,7,1,4,0,5,1,4,5,1,4,1,1,1,1,,,,,,0,,0,00,1,1,1,1
Public Method,"org.apache.fontbox.cff.CFFParser.Header.toString()",fontbox/src/main/java/org/apache/fontbox/cff/CFFParser.java,,,,,,,,,,,,,,,,,,,,,,,,,4,6,0,6,2,2,0,3,1,1,2,1,1,1,1,1,1,,,,,,0,,0,00,1,1,1,1
Private Static Final Class,"org.apache.fontbox.cff.CFFParser.Range3",fontbox/src/main/java/org/apache/fontbox/cff/CFFParser.java,1,1,1,1,5,0,5,0,1,3,0,,0,0,,,2,2,2,14,0,1,0,1,,20,2,15,6,3,3,,,5,8,5,3,,,,,1,1,1,1,1,0,0,0,20,2,2,2,2
Private Constructor,"org.apache.fontbox.cff.CFFParser.Range3.Range3(int,int)",fontbox/src/main/java/org/apache/fontbox/cff/CFFParser.java,,,,,,,,,,,,,,,,,,,,,,,,,3,5,0,5,1,2,0,3,1,2,3,1,2,1,1,1,1,,,,,,0,,0,00,1,1,1,1
Public Method,"org.apache.fontbox.cff.CFFParser.Range3.toString()",fontbox/src/main/java/org/apache/fontbox/cff/CFFParser.java,,,,,,,,,,,,,,,,,,,,,,,,,2,5,0,5,2,1,0,3,1,1,2,1,1,1,1,1,1,,,,,,0,,0,00,1,1,1,1
Private Static Final Class,"org.apache.fontbox.cff.CFFParser.RangeMapping",fontbox/src/main/java/org/apache/fontbox/cff/CFFParser.java,1,1,1,1,4,0,4,0,1,3,0,,0,0,,,6,4,6,18,4,1,0,1,,44,6,35,12,9,3,,,13,20,11,9,,,,,2,2,2,1,1,0,33,0,09,8,8,10,6
Private Constructor,"org.apache.fontbox.cff.CFFParser.RangeMapping.RangeMapping(int,int,int)",fontbox/src/main/java/org/apache/fontbox/cff/CFFParser.java,,,,,,,,,,,,,,,,,,,,,,,,,7,7,0,7,1,4,0,5,1,4,5,1,4,1,1,1,1,,,,,,0,,0,00,1,1,1,1
Method,"org.apache.fontbox.cff.CFFParser.RangeMapping.isInRange(int)",fontbox/src/main/java/org/apache/fontbox/cff/CFFParser.java,,,,,,,,,,,,,,,,,,,,,,,,,6,4,0,4,1,1,0,1,1,1,2,1,1,1,1,2,1,,,,,,0,,0,00,1,1,2,1
Method,"org.apache.fontbox.cff.CFFParser.RangeMapping.isInReverseRange(int)",fontbox/src/main/java/org/apache/fontbox/cff/CFFParser.java,,,,,,,,,,,,,,,,,,,,,,,,,6,4,0,4,1,1,0,1,1,1,2,1,1,1,1,2,1,,,,,,0,,0,00,1,1,2,1
Method,"org.apache.fontbox.cff.CFFParser.RangeMapping.mapReverseValue(int)",fontbox/src/main/java/org/apache/fontbox/cff/CFFParser.java,,,,,,,,,,,,,,,,,,,,,,,,,5,4,0,4,1,1,0,2,1,1,2,1,1,2,2,2,1,,,,,,0,,0,00,2,2,2,1
Method,"org.apache.fontbox.cff.CFFParser.RangeMapping.mapValue(int)",fontbox/src/main/java/org/apache/fontbox/cff/CFFParser.java,,,,,,,,,,,,,,,,,,,,,,,,,5,4,0,4,1,1,0,2,1,1,2,1,1,2,2,2,1,,,,,,0,,0,00,2,2,2,1
Public Method,"org.apache.fontbox.cff.CFFParser.RangeMapping.toString()",fontbox/src/main/java/org/apache/fontbox/cff/CFFParser.java,,,,,,,,,,,,,,,,,,,,,,,,,4,5,0,5,2,1,0,3,1,1,2,1,1,1,1,1,1,,,,,,0,,0,00,1,1,1,1
Private Method,"org.apache.fontbox.cff.CFFParser.concatenateMatrix(List<Number>,List<Number>)",fontbox/src/main/java/org/apache/fontbox/cff/CFFParser.java,,,,,,,,,,,,,,,,,,,,,,,,,3,27,2,21,13,18,4,3,1,18,19,13,18,1,1,1,1,,,,,,0,,0,19,1,1,1,1
Private Method,"org.apache.fontbox.cff.CFFParser.createTaggedCFFDataInput(CFFDataInput,byte[])",fontbox/src/main/java/org/apache/fontbox/cff/CFFParser.java,,,,,,,,,,,,,,,,,,,,,,,,,3,26,0,24,14,13,2,8,3,13,16,11,14,3,3,3,3,,,,,,2,,0,08,3,3,3,3
Private Method,"org.apache.fontbox.cff.CFFParser.getString(DictData,String)",fontbox/src/main/java/org/apache/fontbox/cff/CFFParser.java,,,,,,,,,,,,,,,,,,,,,,,,,4,5,0,5,2,2,0,6,1,2,3,2,2,2,2,3,1,,,,,,0,,0,00,2,2,3,1
Public Method,"org.apache.fontbox.cff.CFFParser.parse(byte[])",fontbox/src/main/java/org/apache/fontbox/cff/CFFParser.java,,,,,,,,,,,,,,,,,,,,,,,,,8,53,4,41,10,29,8,15,32,23,28,10,26,7,5,7,4,,,,,,1,,0,20,7,5,7,4
Public Method,"org.apache.fontbox.cff.CFFParser.parse(byte[],ByteSource)",fontbox/src/main/java/org/apache/fontbox/cff/CFFParser.java,,,,,,,,,,,,,,,,,,,,,,,,,5,16,0,5,1,2,11,3,1,2,3,1,2,1,1,1,1,,,,,,0,,2,20,1,1,1,1
Private Method,"org.apache.fontbox.cff.CFFParser.parseCIDFontDicts(CFFDataInput,DictData,CFFCIDFont,int)",fontbox/src/main/java/org/apache/fontbox/cff/CFFParser.java,,,,,,,,,,,,,,,,,,,,,,,,,5,82,11,56,19,40,15,23,40,34,42,19,40,7,7,11,1,,,,,,2,,0,27,7,7,11,1
Private Method,"org.apache.fontbox.cff.CFFParser.parseFont(CFFDataInput,String,byte[])",fontbox/src/main/java/org/apache/fontbox/cff/CFFParser.java,,,,,,,,,,,,,,,,,,,,,,,,,6,174,14,142,19,91,18,40,1428,66,83,19,77,18,18,25,1,,,,,,3,,0,13,18,18,25,1
Private Method,"org.apache.fontbox.cff.CFFParser.parseType1Dicts(CFFDataInput,DictData,CFFType1Font,CFFCharset)",fontbox/src/main/java/org/apache/fontbox/cff/CFFParser.java,,,,,,,,,,,,,,,,,,,,,,,,,6,48,3,38,12,27,7,18,12,21,25,10,23,6,5,9,1,,,,,,1,,0,18,6,5,9,1
Private Method,"org.apache.fontbox.cff.CFFParser.readCharset(CFFDataInput,int,boolean)",fontbox/src/main/java/org/apache/fontbox/cff/CFFParser.java,,,,,,,,,,,,,,,,,,,,,,,,,4,17,0,16,3,10,1,6,4,5,7,2,6,4,2,4,1,,,,,,1,,0,06,4,2,4,1
Private Static Method,"org.apache.fontbox.cff.CFFParser.readDictData(CFFDataInput)",fontbox/src/main/java/org/apache/fontbox/cff/CFFParser.java,,,,,,,,,,,,,,,,,,,,,,,,,3,9,0,9,2,4,0,4,2,3,5,2,4,2,2,2,1,,,,,,1,,0,00,2,2,2,1
Private Static Method,"org.apache.fontbox.cff.CFFParser.readDictData(CFFDataInput,int,int)",fontbox/src/main/java/org/apache/fontbox/cff/CFFParser.java,,,,,,,,,,,,,,,,,,,,,,,,,5,15,0,15,4,7,0,5,3,5,8,3,6,3,3,3,1,,,,,,2,,0,00,3,3,3,1
Private Method,"org.apache.fontbox.cff.CFFParser.readEncoding(CFFDataInput,CFFCharset)",fontbox/src/main/java/org/apache/fontbox/cff/CFFParser.java,,,,,,,,,,,,,,,,,,,,,,,,,3,15,1,14,3,9,0,5,3,5,7,3,5,3,2,3,1,,,,,,1,,0,00,3,2,3,1
Private Static Method,"org.apache.fontbox.cff.CFFParser.readEntry(CFFDataInput)",fontbox/src/main/java/org/apache/fontbox/cff/CFFParser.java,,,,,,,,,,,,,,,,,,,,,,,,,3,31,1,30,3,15,0,8,6,9,15,3,14,6,6,9,3,,,,,,2,,0,00,6,6,9,3
Private Static Method,"org.apache.fontbox.cff.CFFParser.readFDSelect(CFFDataInput,int)",fontbox/src/main/java/org/apache/fontbox/cff/CFFParser.java,,,,,,,,,,,,,,,,,,,,,,,,,3,20,0,13,2,8,7,5,3,4,6,2,5,3,2,3,1,,,,,,1,,0,54,3,2,3,1
Private Method,"org.apache.fontbox.cff.CFFParser.readFormat0Charset(CFFDataInput,int,boolean)",fontbox/src/main/java/org/apache/fontbox/cff/CFFParser.java,,,,,,,,,,,,,,,,,,,,,,,,,4,23,0,23,4,11,0,6,4,11,15,5,12,4,4,4,1,,,,,,2,,0,00,4,4,4,1
Private Method,"org.apache.fontbox.cff.CFFParser.readFormat0Encoding(CFFDataInput,CFFCharset,int)",fontbox/src/main/java/org/apache/fontbox/cff/CFFParser.java,,,,,,,,,,,,,,,,,,,,,,,,,5,18,0,18,6,9,0,7,4,9,12,5,10,3,3,3,1,,,,,,1,,0,00,3,3,3,1
Private Static Method,"org.apache.fontbox.cff.CFFParser.readFormat0FDSelect(CFFDataInput,int)",fontbox/src/main/java/org/apache/fontbox/cff/CFFParser.java,,,,,,,,,,,,,,,,,,,,,,,,,3,17,0,10,3,4,7,3,2,5,7,3,4,2,2,2,1,,,,,,1,,0,70,2,2,2,1
Private Method,"org.apache.fontbox.cff.CFFParser.readFormat1Charset(CFFDataInput,int,boolean)",fontbox/src/main/java/org/apache/fontbox/cff/CFFParser.java,,,,,,,,,,,,,,,,,,,,,,,,,4,34,0,34,10,20,0,9,5,17,22,10,17,5,5,5,1,,,,,,3,,0,00,5,5,5,1
Private Method,"org.apache.fontbox.cff.CFFParser.readFormat1Encoding(CFFDataInput,CFFCharset,int)",fontbox/src/main/java/org/apache/fontbox/cff/CFFParser.java,,,,,,,,,,,,,,,,,,,,,,,,,5,23,0,23,7,13,2,7,6,14,18,8,14,4,4,4,1,,,,,,2,,0,09,4,4,4,1
Private Method,"org.apache.fontbox.cff.CFFParser.readFormat2Charset(CFFDataInput,int,boolean)",fontbox/src/main/java/org/apache/fontbox/cff/CFFParser.java,,,,,,,,,,,,,,,,,,,,,,,,,4,34,0,34,10,20,0,9,5,17,22,10,17,5,5,5,1,,,,,,3,,0,00,5,5,5,1
Private Static Method,"org.apache.fontbox.cff.CFFParser.readFormat3FDSelect(CFFDataInput)",fontbox/src/main/java/org/apache/fontbox/cff/CFFParser.java,,,,,,,,,,,,,,,,,,,,,,,,,2,19,1,11,4,5,7,5,2,6,8,4,5,2,2,2,1,,,,,,1,,0,64,2,2,2,1
Private Static Method,"org.apache.fontbox.cff.CFFParser.readHeader(CFFDataInput)",fontbox/src/main/java/org/apache/fontbox/cff/CFFParser.java,,,,,,,,,,,,,,,,,,,,,,,,,2,8,0,8,5,5,0,4,1,5,6,5,5,1,1,1,1,,,,,,0,,0,00,1,1,1,1
Private Static Method,"org.apache.fontbox.cff.CFFParser.readIndexData(CFFDataInput)",fontbox/src/main/java/org/apache/fontbox/cff/CFFParser.java,,,,,,,,,,,,,,,,,,,,,,,,,6,16,0,16,5,9,0,3,3,9,12,6,7,3,3,3,1,,,,,,1,,0,00,3,3,3,1
Private Static Method,"org.apache.fontbox.cff.CFFParser.readIndexDataOffsets(CFFDataInput)",fontbox/src/main/java/org/apache/fontbox/cff/CFFParser.java,,,,,,,,,,,,,,,,,,,,,,,,,3,20,0,20,5,11,0,6,4,10,14,6,11,4,4,4,1,,,,,,2,,0,00,4,4,4,1
Private Static Method,"org.apache.fontbox.cff.CFFParser.readIntegerNumber(CFFDataInput,int)",fontbox/src/main/java/org/apache/fontbox/cff/CFFParser.java,,,,,,,,,,,,,,,,,,,,,,,,,3,29,0,29,3,14,0,5,6,8,14,3,13,6,6,9,6,,,,,,1,,0,00,6,6,9,6
Private Static Method,"org.apache.fontbox.cff.CFFParser.readLong(CFFDataInput)",fontbox/src/main/java/org/apache/fontbox/cff/CFFParser.java,,,,,,,,,,,,,,,,,,,,,,,,,2,4,0,4,1,1,0,2,1,1,2,1,1,1,1,1,1,,,,,,0,,0,00,1,1,1,1
Private Static Method,"org.apache.fontbox.cff.CFFParser.readOperator(CFFDataInput,int)",fontbox/src/main/java/org/apache/fontbox/cff/CFFParser.java,,,,,,,,,,,,,,,,,,,,,,,,,3,10,1,9,2,4,0,4,2,3,5,2,4,2,2,2,1,,,,,,1,,0,00,2,2,2,1
Private Method,"org.apache.fontbox.cff.CFFParser.readPrivateDict(DictData)",fontbox/src/main/java/org/apache/fontbox/cff/CFFParser.java,,,,,,,,,,,,,,,,,,,,,,,,,3,22,0,22,2,19,0,6,1,19,20,2,19,1,1,1,1,,,,,,0,,0,00,1,1,1,1
Private Static Method,"org.apache.fontbox.cff.CFFParser.readRealNumber(CFFDataInput)",fontbox/src/main/java/org/apache/fontbox/cff/CFFParser.java,,,,,,,,,,,,,,,,,,,,,,,,,4,86,0,82,7,61,4,11,72,35,45,8,39,24,9,24,14,,,,,,4,,0,05,24,9,24,14
Private Method,"org.apache.fontbox.cff.CFFParser.readString(int)",fontbox/src/main/java/org/apache/fontbox/cff/CFFParser.java,,,,,,,,,,,,,,,,,,,,,,,,,11,17,0,16,1,7,1,3,6,4,8,1,7,4,4,5,3,,,,,,1,,0,06,4,4,5,3
Private Static Method,"org.apache.fontbox.cff.CFFParser.readStringIndexData(CFFDataInput)",fontbox/src/main/java/org/apache/fontbox/cff/CFFParser.java,,,,,,,,,,,,,,,,,,,,,,,,,4,22,0,22,5,13,0,5,4,10,14,6,9,4,4,4,1,,,,,,2,,0,00,4,4,4,1
Private Method,"org.apache.fontbox.cff.CFFParser.readSupplement(CFFDataInput,CFFBuiltInEncoding)",fontbox/src/main/java/org/apache/fontbox/cff/CFFParser.java,,,,,,,,,,,,,,,,,,,,,,,,,5,13,0,13,5,7,0,5,2,8,10,5,8,2,2,2,1,,,,,,1,,0,00,2,2,2,1
Private Static Method,"org.apache.fontbox.cff.CFFParser.readTagName(CFFDataInput)",fontbox/src/main/java/org/apache/fontbox/cff/CFFParser.java,,,,,,,,,,,,,,,,,,,,,,,,,4,5,0,5,2,2,0,3,1,2,3,2,2,1,1,1,1,,,,,,0,,0,00,1,1,1,1
Public Method,"org.apache.fontbox.cff.CFFParser.toString()",fontbox/src/main/java/org/apache/fontbox/cff/CFFParser.java,,,,,,,,,,,,,,,,,,,,,,,,,1,5,0,5,2,1,0,3,1,1,2,1,1,1,1,1,1,,,,,,0,,0,00,1,1,1,1
Class,"org.apache.fontbox.cff.CFFParserTest",fontbox/src/test/java/org/apache/fontbox/cff/CFFParserTest.java,1,1,1,1,14,0,13,1,1,20,0,,2,1,,,10,0,12,24,9,3,0,0,,199,19,163,45,104,25,,,73,88,31,72,,,,,2,2,2,1,1,1,25,0,15,14,14,14,12
Private Method,"org.apache.fontbox.cff.CFFParserTest.assertNumberList(String,float[],List<Number>)",fontbox/src/test/java/org/apache/fontbox/cff/CFFParserTest.java,,,,,,,,,,,,,,,,,,,,,,,,,5,8,0,8,1,3,0,4,2,4,6,2,4,2,2,2,1,,,,,,1,,0,00,2,2,2,1
Private Method,"org.apache.fontbox.cff.CFFParserTest.assertNumberList(String,int[],List<Number>)",fontbox/src/test/java/org/apache/fontbox/cff/CFFParserTest.java,,,,,,,,,,,,,,,,,,,,,,,,,5,8,0,8,1,3,0,4,2,4,6,2,4,2,2,2,1,,,,,,1,,0,00,2,2,2,1
Static Method,"org.apache.fontbox.cff.CFFParserTest.loadCFFFont()",fontbox/src/test/java/org/apache/fontbox/cff/CFFParserTest.java,,,,,,,,,,,,,,,,,,,,,,,,,0,6,0,6,3,2,0,3,1,2,3,2,2,1,1,1,1,,,,,,0,,0,00,1,1,1,1
Private Static Method,"org.apache.fontbox.cff.CFFParserTest.readFont(String)",fontbox/src/test/java/org/apache/fontbox/cff/CFFParserTest.java,,,,,,,,,,,,,,,,,,,,,,,,,2,7,0,7,3,4,0,6,1,4,5,3,4,1,1,1,1,,,,,,0,,0,00,1,1,1,1
Method,"org.apache.fontbox.cff.CFFParserTest.testCharStringBytess()",fontbox/src/test/java/org/apache/fontbox/cff/CFFParserTest.java,,,,,,,,,,,,,,,,,,,,,,,,,1,27,0,26,3,22,6,8,1,8,9,2,8,1,1,1,1,,,,,,0,,0,23,1,1,1,1
Method,"org.apache.fontbox.cff.CFFParserTest.testCharset()",fontbox/src/test/java/org/apache/fontbox/cff/CFFParserTest.java,,,,,,,,,,,,,,,,,,,,,,,,,1,30,0,26,3,22,4,10,1,19,20,2,19,1,1,1,1,,,,,,0,,0,15,1,1,1,1
Method,"org.apache.fontbox.cff.CFFParserTest.testDeltaLists()",fontbox/src/test/java/org/apache/fontbox/cff/CFFParserTest.java,,,,,,,,,,,,,,,,,,,,,,,,,1,42,6,29,15,19,7,4,1,12,13,7,12,1,1,1,1,,,,,,0,,0,24,1,1,1,1
Method,"org.apache.fontbox.cff.CFFParserTest.testFontBBox()",fontbox/src/test/java/org/apache/fontbox/cff/CFFParserTest.java,,,,,,,,,,,,,,,,,,,,,,,,,1,10,0,10,3,6,0,7,1,6,7,2,6,1,1,1,1,,,,,,0,,0,00,1,1,1,1
Method,"org.apache.fontbox.cff.CFFParserTest.testFontMatrix()",fontbox/src/test/java/org/apache/fontbox/cff/CFFParserTest.java,,,,,,,,,,,,,,,,,,,,,,,,,1,8,0,8,3,4,0,4,1,3,4,2,3,1,1,1,1,,,,,,0,,0,00,1,1,1,1
Method,"org.apache.fontbox.cff.CFFParserTest.testFontname()",fontbox/src/test/java/org/apache/fontbox/cff/CFFParserTest.java,,,,,,,,,,,,,,,,,,,,,,,,,1,5,0,5,2,1,0,2,1,1,2,1,1,1,1,1,1,,,,,,0,,0,00,1,1,1,1
Method,"org.apache.fontbox.cff.CFFParserTest.testGlobalSubrIndex()",fontbox/src/test/java/org/apache/fontbox/cff/CFFParserTest.java,,,,,,,,,,,,,,,,,,,,,,,,,1,19,0,18,3,14,4,8,1,6,7,2,6,1,1,1,1,,,,,,0,,0,22,1,1,1,1
Method,"org.apache.fontbox.cff.CFFParserTest.voidEncoding()",fontbox/src/test/java/org/apache/fontbox/cff/CFFParserTest.java,,,,,,,,,,,,,,,,,,,,,,,,,1,8,0,8,3,4,0,3,1,3,4,2,3,1,1,1,1,,,,,,0,,0,00,1,1,1,1
Public Final Class,"org.apache.fontbox.cff.CFFStandardEncoding",fontbox/src/main/java/org/apache/fontbox/cff/CFFStandardEncoding.java,1,1,1,1,137,0,134,2,1,0,0,,1,3,,,1,0,2,21,0,1,0,1,,289,4,275,264,262,10,,,6,11,8,4,,,,,2,2,2,1,3,1,0,0,04,3,3,3,2
Private Constructor,"org.apache.fontbox.cff.CFFStandardEncoding.CFFStandardEncoding()",fontbox/src/main/java/org/apache/fontbox/cff/CFFStandardEncoding.java,,,,,,,,,,,,,,,,,,,,,,,,,2,266,0,265,259,258,1,2,2,2,5,3,2,2,2,2,1,,,,,,1,,0,00,2,2,2,1
Public Static Method,"org.apache.fontbox.cff.CFFStandardEncoding.getInstance()",fontbox/src/main/java/org/apache/fontbox/cff/CFFStandardEncoding.java,,,,,,,,,,,,,,,,,,,,,,,,,3,8,0,4,1,1,4,1,1,1,2,1,1,1,1,1,1,,,,,,0,,1,00,1,1,1,1
Public Final Class,"org.apache.fontbox.cff.CFFStandardString",fontbox/src/main/java/org/apache/fontbox/cff/CFFStandardString.java,1,1,1,1,6,0,3,2,1,1,0,,1,1,,,1,0,2,14,0,1,0,1,,415,3,403,396,392,9,,,2,5,4,1,,,,,1,1,1,1,1,0,0,0,02,2,2,2,2
Private Constructor,"org.apache.fontbox.cff.CFFStandardString.CFFStandardString()",fontbox/src/main/java/org/apache/fontbox/cff/CFFStandardString.java,,,,,,,,,,,,,,,,,,,,,,,,,0,3,0,3,1,0,0,1,1,0,1,1,0,1,1,1,1,,,,,,0,,0,00,1,1,1,1
Public Static Method,"org.apache.fontbox.cff.CFFStandardString.getName(int)",fontbox/src/main/java/org/apache/fontbox/cff/CFFStandardString.java,,,,,,,,,,,,,,,,,,,,,,,,,4,9,0,4,1,1,5,1,1,1,2,1,1,1,1,1,1,,,,,,0,,1,25,1,1,1,1
Public Class,"org.apache.fontbox.cff.CFFType1Font",fontbox/src/main/java/org/apache/fontbox/cff/CFFType1Font.java,1,1,1,1,10,0,7,2,2,16,0,,0,0,,,16,8,16,44,2,6,0,8,,214,21,138,46,54,56,,,45,73,38,47,,,,,4,4,4,1,2,2,90,0,41,27,27,27,16
Private Class,"org.apache.fontbox.cff.CFFType1Font.PrivateType1CharStringReader",fontbox/src/main/java/org/apache/fontbox/cff/CFFType1Font.java,1,1,1,1,5,0,5,0,2,5,0,,0,0,,,1,0,1,13,0,0,0,1,,12,0,8,3,1,4,,,1,3,2,1,,,,,1,1,1,1,1,0,0,0,50,1,1,1,1
Public Method,"org.apache.fontbox.cff.CFFType1Font.PrivateType1CharStringReader.getType1CharString(String)",fontbox/src/main/java/org/apache/fontbox/cff/CFFType1Font.java,,,,,,,,,,,,,,,,,,,,,,,,,1,5,0,5,2,1,0,2,1,1,2,1,1,1,1,1,1,,,,,,0,,0,00,1,1,1,1
Method,"org.apache.fontbox.cff.CFFType1Font.addToPrivateDict(String,Object)",fontbox/src/main/java/org/apache/fontbox/cff/CFFType1Font.java,,,,,,,,,,,,,,,,,,,,,,,,,4,13,0,7,1,2,6,1,2,1,3,1,2,2,2,2,1,,,,,,1,,0,86,2,2,2,1
Private Method,"org.apache.fontbox.cff.CFFType1Font.getDefaultWidthX()",fontbox/src/main/java/org/apache/fontbox/cff/CFFType1Font.java,,,,,,,,,,,,,,,,,,,,,,,,,3,9,0,9,2,4,0,4,2,3,5,2,4,3,3,3,1,,,,,,1,,0,00,3,3,3,1
Public Method,"org.apache.fontbox.cff.CFFType1Font.getEncoding()",fontbox/src/main/java/org/apache/fontbox/cff/CFFType1Font.java,,,,,,,,,,,,,,,,,,,,,,,,,2,10,0,5,2,1,5,1,1,1,2,1,1,1,1,1,1,,,,,,0,,1,00,1,1,1,1
Private Method,"org.apache.fontbox.cff.CFFType1Font.getLocalSubrIndex()",fontbox/src/main/java/org/apache/fontbox/cff/CFFType1Font.java,,,,,,,,,,,,,,,,,,,,,,,,,3,8,0,8,1,3,0,3,2,2,4,1,3,2,2,2,1,,,,,,1,,0,00,2,2,2,1
Private Method,"org.apache.fontbox.cff.CFFType1Font.getNominalWidthX()",fontbox/src/main/java/org/apache/fontbox/cff/CFFType1Font.java,,,,,,,,,,,,,,,,,,,,,,,,,3,9,0,9,2,4,0,4,2,3,5,2,4,3,3,3,1,,,,,,1,,0,00,3,3,3,1
Private Method,"org.apache.fontbox.cff.CFFType1Font.getParser()",fontbox/src/main/java/org/apache/fontbox/cff/CFFType1Font.java,,,,,,,,,,,,,,,,,,,,,,,,,2,8,0,8,1,3,0,4,2,2,4,1,3,2,2,2,1,,,,,,1,,0,00,2,2,2,1
Public Method,"org.apache.fontbox.cff.CFFType1Font.getPath(String)",fontbox/src/main/java/org/apache/fontbox/cff/CFFType1Font.java,,,,,,,,,,,,,,,,,,,,,,,,,1,5,0,5,2,1,0,3,1,1,2,1,1,1,1,1,1,,,,,,0,,0,00,1,1,1,1
Public Method,"org.apache.fontbox.cff.CFFType1Font.getPrivateDict()",fontbox/src/main/java/org/apache/fontbox/cff/CFFType1Font.java,,,,,,,,,,,,,,,,,,,,,,,,,2,9,0,4,1,1,5,1,1,1,2,1,1,1,1,1,1,,,,,,0,,1,25,1,1,1,1
Private Method,"org.apache.fontbox.cff.CFFType1Font.getProperty(String)",fontbox/src/main/java/org/apache/fontbox/cff/CFFType1Font.java,,,,,,,,,,,,,,,,,,,,,,,,,5,9,0,9,2,4,0,2,2,3,5,2,4,2,2,2,1,,,,,,1,,0,00,2,2,2,1
Public Method,"org.apache.fontbox.cff.CFFType1Font.getType1CharString(String)",fontbox/src/main/java/org/apache/fontbox/cff/CFFType1Font.java,,,,,,,,,,,,,,,,,,,,,,,,,6,14,1,5,2,2,8,3,1,2,3,2,2,1,1,1,1,,,,,,0,,1,60,1,1,1,1
Public Method,"org.apache.fontbox.cff.CFFType1Font.getType2CharString(int)",fontbox/src/main/java/org/apache/fontbox/cff/CFFType1Font.java,,,,,,,,,,,,,,,,,,,,,,,,,5,12,0,6,3,2,7,2,1,2,3,2,1,1,1,1,1,,,,,,0,,1,17,1,1,1,1
Private Method,"org.apache.fontbox.cff.CFFType1Font.getType2CharString(int,String)",fontbox/src/main/java/org/apache/fontbox/cff/CFFType1Font.java,,,,,,,,,,,,,,,,,,,,,,,,,9,23,0,22,5,13,1,10,5,8,12,4,10,4,4,4,1,,,,,,2,,0,05,4,4,4,1
Public Method,"org.apache.fontbox.cff.CFFType1Font.getWidth(String)",fontbox/src/main/java/org/apache/fontbox/cff/CFFType1Font.java,,,,,,,,,,,,,,,,,,,,,,,,,1,5,0,5,2,1,0,3,1,1,2,1,1,1,1,1,1,,,,,,0,,0,00,1,1,1,1
Public Method,"org.apache.fontbox.cff.CFFType1Font.hasGlyph(String)",fontbox/src/main/java/org/apache/fontbox/cff/CFFType1Font.java,,,,,,,,,,,,,,,,,,,,,,,,,1,7,0,7,4,3,0,4,1,3,4,3,3,1,1,1,1,,,,,,0,,0,00,1,1,1,1
Public Method,"org.apache.fontbox.cff.CFFType1Font.nameToGID(String)",fontbox/src/main/java/org/apache/fontbox/cff/CFFType1Font.java,,,,,,,,,,,,,,,,,,,,,,,,,2,12,0,5,2,2,7,4,1,2,3,2,2,1,1,1,1,,,,,,0,,1,40,1,1,1,1
Method,"org.apache.fontbox.cff.CFFType1Font.setEncoding(CFFEncoding)",fontbox/src/main/java/org/apache/fontbox/cff/CFFType1Font.java,,,,,,,,,,,,,,,,,,,,,,,,,2,9,0,4,1,1,5,1,1,1,2,1,1,1,1,1,1,,,,,,0,,1,25,1,1,1,1
Public Class,"org.apache.fontbox.cff.CIDKeyedType2CharString",fontbox/src/main/java/org/apache/fontbox/cff/CIDKeyedType2CharString.java,1,1,1,1,12,0,4,7,1,4,0,,0,0,,,2,1,2,45,0,0,0,2,,35,2,13,4,3,20,,,4,7,4,3,,,,,1,1,1,1,3,0,0,1,54,2,2,2,2
Public Constructor,"org.apache.fontbox.cff.CIDKeyedType2CharString.CIDKeyedType2CharString(Type1CharStringReader,String,int,int,List<Object>,int,int)",fontbox/src/main/java/org/apache/fontbox/cff/CIDKeyedType2CharString.java,,,,,,,,,,,,,,,,,,,,,,,,,9,17,0,5,1,2,12,4,1,2,3,1,2,1,1,1,1,,,,,,0,,2,40,1,1,1,1
Public Method,"org.apache.fontbox.cff.CIDKeyedType2CharString.getCID()",fontbox/src/main/java/org/apache/fontbox/cff/CIDKeyedType2CharString.java,,,,,,,,,,,,,,,,,,,,,,,,,1,7,0,4,1,1,3,1,1,1,2,1,1,1,1,1,1,,,,,,0,,0,75,1,1,1,1
Public Class,"org.apache.fontbox.cff.CharStringCommand",fontbox/src/main/java/org/apache/fontbox/cff/CharStringCommand.java,2,2,2,1,14,0,11,3,1,5,0,,0,0,,,8,2,8,20,0,0,0,8,,284,33,215,78,58,71,,,51,88,37,54,,,,,5,5,8,5,1,2,12,0,33,18,18,21,14
Public Constructor,"org.apache.fontbox.cff.CharStringCommand.CharStringCommand(int)",fontbox/src/main/java/org/apache/fontbox/cff/CharStringCommand.java,,,,,,,,,,,,,,,,,,,,,,,,,11,10,0,5,1,2,5,5,1,2,3,1,2,1,1,1,1,,,,,,0,,1,00,1,1,1,1
Public Constructor,"org.apache.fontbox.cff.CharStringCommand.CharStringCommand(int,int)",fontbox/src/main/java/org/apache/fontbox/cff/CharStringCommand.java,,,,,,,,,,,,,,,,,,,,,,,,,7,11,0,5,1,2,6,5,1,2,3,1,2,1,1,1,1,,,,,,0,,1,20,1,1,1,1
Public Constructor,"org.apache.fontbox.cff.CharStringCommand.CharStringCommand(int[])",fontbox/src/main/java/org/apache/fontbox/cff/CharStringCommand.java,,,,,,,,,,,,,,,,,,,,,,,,,4,23,0,18,1,9,5,7,3,6,9,1,8,3,3,3,1,,,,,,1,,0,28,3,3,3,1
Public Enum Type,"org.apache.fontbox.cff.CharStringCommand.Key",fontbox/src/main/java/org/apache/fontbox/cff/CharStringCommand.java,0,0,0,0,2,0,2,0,1,3,0,,2,1,,,4,60,6,32,0,2,0,4,,50,7,43,23,7,14,,,8,14,8,7,,,,,1,1,1,1,1,0,,0,33,4,4,4,4
Private Constructor,"org.apache.fontbox.cff.CharStringCommand.Key.Key(int)",fontbox/src/main/java/org/apache/fontbox/cff/CharStringCommand.java,,,,,,,,,,,,,,,,,,,,,,,,,1,4,0,4,1,1,0,2,1,1,2,1,1,1,1,1,1,,,,,,0,,0,00,1,1,1,1
Private Constructor,"org.apache.fontbox.cff.CharStringCommand.Key.Key(int,int)",fontbox/src/main/java/org/apache/fontbox/cff/CharStringCommand.java,,,,,,,,,,,,,,,,,,,,,,,,,2,4,0,4,1,1,0,2,1,1,2,1,1,1,1,1,1,,,,,,0,,0,00,1,1,1,1
Public Implicit Method,"org.apache.fontbox.cff.CharStringCommand.Key.valueOf()",fontbox/src/main/java/org/apache/fontbox/cff/CharStringCommand.java,,,,,,,,,,,,,,,,,,,,,,,,,,,,,,,,,,,,,,,,,,,,,,,,,0,00,0,0,0,0
Public Static Method,"org.apache.fontbox.cff.CharStringCommand.Key.valueOfKey(int)",fontbox/src/main/java/org/apache/fontbox/cff/CharStringCommand.java,,,,,,,,,,,,,,,,,,,,,,,,,5,4,0,4,1,1,0,2,1,1,2,1,1,1,1,1,1,,,,,,0,,0,00,1,1,1,1
Public Static Method,"org.apache.fontbox.cff.CharStringCommand.Key.valueOfKey(int,int)",fontbox/src/main/java/org/apache/fontbox/cff/CharStringCommand.java,,,,,,,,,,,,,,,,,,,,,,,,,6,4,0,4,1,1,0,2,1,1,2,1,1,1,1,1,1,,,,,,0,,0,00,1,1,1,1
Public Implicit Method,"org.apache.fontbox.cff.CharStringCommand.Key.values()",fontbox/src/main/java/org/apache/fontbox/cff/CharStringCommand.java,,,,,,,,,,,,,,,,,,,,,,,,,,,,,,,,,,,,,,,,,,,,,,,,,0,00,0,0,0,0
Public Enum Type,"org.apache.fontbox.cff.CharStringCommand.Type1KeyWord",fontbox/src/main/java/org/apache/fontbox/cff/CharStringCommand.java,0,0,0,0,2,0,2,0,1,5,0,,3,1,,,3,27,6,32,0,1,0,5,,48,8,37,17,7,11,,,8,14,8,7,,,,,1,1,1,1,1,0,,0,30,4,4,4,4
Private Constructor,"org.apache.fontbox.cff.CharStringCommand.Type1KeyWord.Type1KeyWord(Key)",fontbox/src/main/java/org/apache/fontbox/cff/CharStringCommand.java,,,,,,,,,,,,,,,,,,,,,,,,,1,4,0,4,1,1,0,2,1,1,2,1,1,1,1,1,1,,,,,,0,,0,00,1,1,1,1
Public Implicit Method,"org.apache.fontbox.cff.CharStringCommand.Type1KeyWord.valueOf()",fontbox/src/main/java/org/apache/fontbox/cff/CharStringCommand.java,,,,,,,,,,,,,,,,,,,,,,,,,,,,,,,,,,,,,,,,,,,,,,,,,0,00,0,0,0,0
Public Static Method,"org.apache.fontbox.cff.CharStringCommand.Type1KeyWord.valueOfKey(Key)",fontbox/src/main/java/org/apache/fontbox/cff/CharStringCommand.java,,,,,,,,,,,,,,,,,,,,,,,,,2,4,0,4,1,1,0,2,1,1,2,1,1,1,1,1,1,,,,,,0,,0,00,1,1,1,1
Public Static Method,"org.apache.fontbox.cff.CharStringCommand.Type1KeyWord.valueOfKey(int)",fontbox/src/main/java/org/apache/fontbox/cff/CharStringCommand.java,,,,,,,,,,,,,,,,,,,,,,,,,4,4,0,4,1,1,0,3,1,1,2,1,1,1,1,1,1,,,,,,0,,0,00,1,1,1,1
Public Static Method,"org.apache.fontbox.cff.CharStringCommand.Type1KeyWord.valueOfKey(int,int)",fontbox/src/main/java/org/apache/fontbox/cff/CharStringCommand.java,,,,,,,,,,,,,,,,,,,,,,,,,5,4,0,4,1,1,0,3,1,1,2,1,1,1,1,1,1,,,,,,0,,0,00,1,1,1,1
Public Implicit Method,"org.apache.fontbox.cff.CharStringCommand.Type1KeyWord.values()",fontbox/src/main/java/org/apache/fontbox/cff/CharStringCommand.java,,,,,,,,,,,,,,,,,,,,,,,,,,,,,,,,,,,,,,,,,,,,,,,,,0,00,0,0,0,0
Public Enum Type,"org.apache.fontbox.cff.CharStringCommand.Type2KeyWord",fontbox/src/main/java/org/apache/fontbox/cff/CharStringCommand.java,0,0,0,0,2,0,2,0,1,5,0,,3,1,,,3,50,6,32,0,1,0,5,,52,7,42,22,7,16,,,8,14,8,7,,,,,1,1,1,1,1,0,,0,38,4,4,4,4
Private Constructor,"org.apache.fontbox.cff.CharStringCommand.Type2KeyWord.Type2KeyWord(Key)",fontbox/src/main/java/org/apache/fontbox/cff/CharStringCommand.java,,,,,,,,,,,,,,,,,,,,,,,,,1,4,0,4,1,1,0,2,1,1,2,1,1,1,1,1,1,,,,,,0,,0,00,1,1,1,1
Public Implicit Method,"org.apache.fontbox.cff.CharStringCommand.Type2KeyWord.valueOf()",fontbox/src/main/java/org/apache/fontbox/cff/CharStringCommand.java,,,,,,,,,,,,,,,,,,,,,,,,,,,,,,,,,,,,,,,,,,,,,,,,,0,00,0,0,0,0
Public Static Method,"org.apache.fontbox.cff.CharStringCommand.Type2KeyWord.valueOfKey(Key)",fontbox/src/main/java/org/apache/fontbox/cff/CharStringCommand.java,,,,,,,,,,,,,,,,,,,,,,,,,2,4,0,4,1,1,0,2,1,1,2,1,1,1,1,1,1,,,,,,0,,0,00,1,1,1,1
Public Static Method,"org.apache.fontbox.cff.CharStringCommand.Type2KeyWord.valueOfKey(int)",fontbox/src/main/java/org/apache/fontbox/cff/CharStringCommand.java,,,,,,,,,,,,,,,,,,,,,,,,,4,4,0,4,1,1,0,3,1,1,2,1,1,1,1,1,1,,,,,,0,,0,00,1,1,1,1
Public Static Method,"org.apache.fontbox.cff.CharStringCommand.Type2KeyWord.valueOfKey(int,int)",fontbox/src/main/java/org/apache/fontbox/cff/CharStringCommand.java,,,,,,,,,,,,,,,,,,,,,,,,,5,4,0,4,1,1,0,3,1,1,2,1,1,1,1,1,1,,,,,,0,,0,00,1,1,1,1
Public Implicit Method,"org.apache.fontbox.cff.CharStringCommand.Type2KeyWord.values()",fontbox/src/main/java/org/apache/fontbox/cff/CharStringCommand.java,,,,,,,,,,,,,,,,,,,,,,,,,,,,,,,,,,,,,,,,,,,,,,,,,0,00,0,0,0,0
Public Method,"org.apache.fontbox.cff.CharStringCommand.equals(Object)",fontbox/src/main/java/org/apache/fontbox/cff/CharStringCommand.java,,,,,,,,,,,,,,,,,,,,,,,,,4,24,0,21,3,9,3,4,5,5,10,2,8,5,5,8,5,,,,,,2,,0,14,5,5,8,5
Public Method,"org.apache.fontbox.cff.CharStringCommand.getType1KeyWord()",fontbox/src/main/java/org/apache/fontbox/cff/CharStringCommand.java,,,,,,,,,,,,,,,,,,,,,,,,,6,4,0,4,1,1,0,1,1,1,2,1,1,1,1,1,1,,,,,,0,,0,00,1,1,1,1
Public Method,"org.apache.fontbox.cff.CharStringCommand.getType2KeyWord()",fontbox/src/main/java/org/apache/fontbox/cff/CharStringCommand.java,,,,,,,,,,,,,,,,,,,,,,,,,6,4,0,4,1,1,0,1,1,1,2,1,1,1,1,1,1,,,,,,0,,0,00,1,1,1,1
Public Method,"org.apache.fontbox.cff.CharStringCommand.hashCode()",fontbox/src/main/java/org/apache/fontbox/cff/CharStringCommand.java,,,,,,,,,,,,,,,,,,,,,,,,,4,16,0,13,2,5,3,2,3,3,6,1,5,3,3,3,3,,,,,,1,,0,23,3,3,3,3
Public Method,"org.apache.fontbox.cff.CharStringCommand.toString()",fontbox/src/main/java/org/apache/fontbox/cff/CharStringCommand.java,,,,,,,,,,,,,,,,,,,,,,,,,4,21,0,18,3,8,3,2,3,5,8,2,6,3,3,3,1,,,,,,1,,0,17,3,3,3,1
Class,"org.apache.fontbox.cff.CharStringCommandTest",fontbox/src/test/java/org/apache/fontbox/cff/CharStringCommandTest.java,1,1,1,1,11,1,10,0,1,5,0,,0,0,,,3,0,3,15,3,0,0,0,,42,7,35,12,20,0,,,20,24,9,19,,,,,1,1,1,1,1,0,0,0,00,3,3,3,3
Method,"org.apache.fontbox.cff.CharStringCommandTest.testCharStringCommand()",fontbox/src/test/java/org/apache/fontbox/cff/CharStringCommandTest.java,,,,,,,,,,,,,,,,,,,,,,,,,4,20,3,17,6,13,0,8,1,13,14,5,12,1,1,1,1,,,,,,0,,0,00,1,1,1,1
Method,"org.apache.fontbox.cff.CharStringCommandTest.testKey()",fontbox/src/test/java/org/apache/fontbox/cff/CharStringCommandTest.java,,,,,,,,,,,,,,,,,,,,,,,,,5,9,0,9,2,5,0,3,1,5,6,1,5,1,1,1,1,,,,,,0,,0,00,1,1,1,1
Method,"org.apache.fontbox.cff.CharStringCommandTest.testUnknownCharStringCommand()",fontbox/src/test/java/org/apache/fontbox/cff/CharStringCommandTest.java,,,,,,,,,,,,,,,,,,,,,,,,,0,6,0,6,3,2,0,3,1,2,3,2,2,1,1,1,1,,,,,,0,,0,00,1,1,1,1
Public Interface,"org.apache.fontbox.cff.CharStringHandler",fontbox/src/main/java/org/apache/fontbox/cff/CharStringHandler.java,1,1,1,1,23,0,17,6,0,6,0,,0,0,,,2,0,2,2,2,0,0,0,,35,1,21,6,9,13,,,7,10,5,7,,,,,1,1,1,1,0,1,0,0,62,3,3,3,2
Abstract Method,"org.apache.fontbox.cff.CharStringHandler.handleCommand(List<Number>,CharStringCommand)",fontbox/src/main/java/org/apache/fontbox/cff/CharStringHandler.java,,,,,,,,,,,,,,,,,,,,,,,,,1,8,0,1,1,0,7,1,0,1,1,1,0,0,0,0,0,,,,,,0,,7,00,0,0,0,0
Method,"org.apache.fontbox.cff.CharStringHandler.handleSequence(List<Object>)",fontbox/src/main/java/org/apache/fontbox/cff/CharStringHandler.java,,,,,,,,,,,,,,,,,,,,,,,,,4,23,0,17,3,9,6,2,1,6,8,3,7,1,1,1,1,,,,,,1,,0,35,3,3,3,2
Lambda Method,"org.apache.fontbox.cff.CharStringHandler.handleSequence.(lambda_expr_1)(Object (inferred))",fontbox/src/main/java/org/apache/fontbox/cff/CharStringHandler.java,,,,,,,,,,,,,,,,,,,,,,,,,1,13,0,13,1,7,0,5,2,4,5,1,5,2,2,2,1,,,,,,0,,0,00,2,2,2,1
Public Class,"org.apache.fontbox.cff.DataInput",fontbox/src/main/java/org/apache/fontbox/cff/DataInput.java,1,1,1,1,12,0,7,4,1,2,1,,0,0,,,12,2,12,24,0,0,0,12,,169,13,95,22,40,61,,,31,52,22,36,,,,,3,3,3,1,1,1,37,0,64,20,20,20,12
Public Constructor,"org.apache.fontbox.cff.DataInput.DataInput(byte[])",fontbox/src/main/java/org/apache/fontbox/cff/DataInput.java,,,,,,,,,,,,,,,,,,,,,,,,,12,8,0,4,1,1,4,2,1,1,2,1,1,1,1,1,1,,,,,,0,,1,00,1,1,1,1
Public Method,"org.apache.fontbox.cff.DataInput.getPosition()",fontbox/src/main/java/org/apache/fontbox/cff/DataInput.java,,,,,,,,,,,,,,,,,,,,,,,,,3,8,0,4,1,1,4,1,1,1,2,1,1,1,1,1,1,,,,,,0,,1,00,1,1,1,1
Public Method,"org.apache.fontbox.cff.DataInput.hasRemaining()",fontbox/src/main/java/org/apache/fontbox/cff/DataInput.java,,,,,,,,,,,,,,,,,,,,,,,,,9,8,0,4,1,1,4,1,1,1,2,1,1,1,1,1,1,,,,,,0,,1,00,1,1,1,1
Public Method,"org.apache.fontbox.cff.DataInput.length()",fontbox/src/main/java/org/apache/fontbox/cff/DataInput.java,,,,,,,,,,,,,,,,,,,,,,,,,8,4,0,4,1,1,0,1,1,1,2,1,1,1,1,1,1,,,,,,0,,0,00,1,1,1,1
Public Method,"org.apache.fontbox.cff.DataInput.peekUnsignedByte(int)",fontbox/src/main/java/org/apache/fontbox/cff/DataInput.java,,,,,,,,,,,,,,,,,,,,,,,,,9,20,0,13,1,6,7,2,4,3,6,1,5,3,3,3,1,,,,,,1,,0,54,3,3,3,1
Public Method,"org.apache.fontbox.cff.DataInput.readByte()",fontbox/src/main/java/org/apache/fontbox/cff/DataInput.java,,,,,,,,,,,,,,,,,,,,,,,,,5,13,0,8,1,3,5,4,2,2,4,1,3,2,2,2,1,,,,,,1,,0,62,2,2,2,1
Public Method,"org.apache.fontbox.cff.DataInput.readBytes(int)",fontbox/src/main/java/org/apache/fontbox/cff/DataInput.java,,,,,,,,,,,,,,,,,,,,,,,,,11,21,0,15,2,8,6,4,4,6,9,2,7,3,3,3,1,,,,,,1,,0,40,3,3,3,1
Public Method,"org.apache.fontbox.cff.DataInput.readInt()",fontbox/src/main/java/org/apache/fontbox/cff/DataInput.java,,,,,,,,,,,,,,,,,,,,,,,,,5,13,0,8,5,5,5,2,1,5,6,5,5,1,1,1,1,,,,,,0,,0,62,1,1,1,1
Public Method,"org.apache.fontbox.cff.DataInput.readShort()",fontbox/src/main/java/org/apache/fontbox/cff/DataInput.java,,,,,,,,,,,,,,,,,,,,,,,,,5,9,0,4,1,1,5,2,1,1,2,1,1,1,1,1,1,,,,,,0,,1,25,1,1,1,1
Public Method,"org.apache.fontbox.cff.DataInput.readUnsignedByte()",fontbox/src/main/java/org/apache/fontbox/cff/DataInput.java,,,,,,,,,,,,,,,,,,,,,,,,,19,13,0,8,1,3,5,4,2,2,4,1,3,2,2,2,1,,,,,,1,,0,62,2,2,2,1
Public Method,"org.apache.fontbox.cff.DataInput.readUnsignedShort()",fontbox/src/main/java/org/apache/fontbox/cff/DataInput.java,,,,,,,,,,,,,,,,,,,,,,,,,7,11,0,6,3,3,5,2,1,3,4,3,3,1,1,1,1,,,,,,0,,0,83,1,1,1,1
Public Method,"org.apache.fontbox.cff.DataInput.setPosition(int)",fontbox/src/main/java/org/apache/fontbox/cff/DataInput.java,,,,,,,,,,,,,,,,,,,,,,,,,13,19,0,13,1,6,6,2,4,3,6,1,5,3,3,3,1,,,,,,1,,0,46,3,3,3,1
Class,"org.apache.fontbox.cff.DataInputTest",fontbox/src/test/java/org/apache/fontbox/cff/DataInputTest.java,1,1,1,1,12,0,12,0,1,4,0,,0,0,,,8,0,8,20,8,0,0,0,,110,10,100,38,65,0,,,64,73,29,54,,,,,1,1,1,1,1,0,0,0,00,22,22,22,22
Method,"org.apache.fontbox.cff.DataInputTest.testBasics()",fontbox/src/test/java/org/apache/fontbox/cff/DataInputTest.java,,,,,,,,,,,,,,,,,,,,,,,,,2,10,0,10,4,6,0,6,1,6,7,3,5,1,1,1,1,,,,,,0,,0,00,3,3,3,3
Lambda Method,"org.apache.fontbox.cff.DataInputTest.testBasics.(lambda_expr_1)()",fontbox/src/test/java/org/apache/fontbox/cff/DataInputTest.java,,,,,,,,,,,,,,,,,,,,,,,,,0,1,0,1,0,1,0,2,1,0,0,0,0,1,1,1,1,,,,,,0,,0,00,1,1,1,1
Lambda Method,"org.apache.fontbox.cff.DataInputTest.testBasics.(lambda_expr_2)()",fontbox/src/test/java/org/apache/fontbox/cff/DataInputTest.java,,,,,,,,,,,,,,,,,,,,,,,,,0,1,0,1,0,1,0,3,1,0,0,0,0,1,1,1,1,,,,,,0,,0,00,1,1,1,1
Method,"org.apache.fontbox.cff.DataInputTest.testPeek()",fontbox/src/test/java/org/apache/fontbox/cff/DataInputTest.java,,,,,,,,,,,,,,,,,,,,,,,,,2,10,0,10,4,6,0,4,1,6,7,3,5,1,1,1,1,,,,,,0,,0,00,3,3,3,3
Lambda Method,"org.apache.fontbox.cff.DataInputTest.testPeek.(lambda_expr_1)()",fontbox/src/test/java/org/apache/fontbox/cff/DataInputTest.java,,,,,,,,,,,,,,,,,,,,,,,,,0,1,0,1,0,1,0,2,1,0,0,0,0,1,1,1,1,,,,,,0,,0,00,1,1,1,1
Lambda Method,"org.apache.fontbox.cff.DataInputTest.testPeek.(lambda_expr_2)()",fontbox/src/test/java/org/apache/fontbox/cff/DataInputTest.java,,,,,,,,,,,,,,,,,,,,,,,,,0,1,0,1,0,1,0,3,1,0,0,0,0,1,1,1,1,,,,,,0,,0,00,1,1,1,1
Method,"org.apache.fontbox.cff.DataInputTest.testReadByte()",fontbox/src/test/java/org/apache/fontbox/cff/DataInputTest.java,,,,,,,,,,,,,,,,,,,,,,,,,1,14,0,14,4,10,0,6,1,10,11,3,9,1,1,1,1,,,,,,0,,0,00,2,2,2,2
Lambda Method,"org.apache.fontbox.cff.DataInputTest.testReadByte.(lambda_expr_1)()",fontbox/src/test/java/org/apache/fontbox/cff/DataInputTest.java,,,,,,,,,,,,,,,,,,,,,,,,,0,1,0,1,0,1,0,2,1,0,0,0,0,1,1,1,1,,,,,,0,,0,00,1,1,1,1
Method,"org.apache.fontbox.cff.DataInputTest.testReadBytes()",fontbox/src/test/java/org/apache/fontbox/cff/DataInputTest.java,,,,,,,,,,,,,,,,,,,,,,,,,3,13,0,13,4,9,0,5,1,9,10,3,8,1,1,1,1,,,,,,0,,0,00,4,4,4,4
Lambda Method,"org.apache.fontbox.cff.DataInputTest.testReadBytes.(lambda_expr_1)()",fontbox/src/test/java/org/apache/fontbox/cff/DataInputTest.java,,,,,,,,,,,,,,,,,,,,,,,,,0,1,0,1,0,1,0,2,1,0,0,0,0,1,1,1,1,,,,,,0,,0,00,1,1,1,1
Lambda Method,"org.apache.fontbox.cff.DataInputTest.testReadBytes.(lambda_expr_2)()",fontbox/src/test/java/org/apache/fontbox/cff/DataInputTest.java,,,,,,,,,,,,,,,,,,,,,,,,,0,1,0,1,0,1,0,2,1,0,0,0,0,1,1,1,1,,,,,,0,,0,00,1,1,1,1
Lambda Method,"org.apache.fontbox.cff.DataInputTest.testReadBytes.(lambda_expr_3)()",fontbox/src/test/java/org/apache/fontbox/cff/DataInputTest.java,,,,,,,,,,,,,,,,,,,,,,,,,0,1,0,1,0,1,0,2,1,0,0,0,0,1,1,1,1,,,,,,0,,0,00,1,1,1,1
Method,"org.apache.fontbox.cff.DataInputTest.testReadInt()",fontbox/src/test/java/org/apache/fontbox/cff/DataInputTest.java,,,,,,,,,,,,,,,,,,,,,,,,,2,15,2,13,7,9,0,4,1,8,9,5,6,1,1,1,1,,,,,,0,,0,00,3,3,3,3
Lambda Method,"org.apache.fontbox.cff.DataInputTest.testReadInt.(lambda_expr_1)()",fontbox/src/test/java/org/apache/fontbox/cff/DataInputTest.java,,,,,,,,,,,,,,,,,,,,,,,,,0,1,0,1,0,1,0,2,1,0,0,0,0,1,1,1,1,,,,,,0,,0,00,1,1,1,1
Lambda Method,"org.apache.fontbox.cff.DataInputTest.testReadInt.(lambda_expr_2)()",fontbox/src/test/java/org/apache/fontbox/cff/DataInputTest.java,,,,,,,,,,,,,,,,,,,,,,,,,0,1,0,1,0,1,0,2,1,0,0,0,0,1,1,1,1,,,,,,0,,0,00,1,1,1,1
Method,"org.apache.fontbox.cff.DataInputTest.testReadShort()",fontbox/src/test/java/org/apache/fontbox/cff/DataInputTest.java,,,,,,,,,,,,,,,,,,,,,,,,,1,10,0,10,4,6,0,4,1,6,7,3,5,1,1,1,1,,,,,,0,,0,00,2,2,2,2
Lambda Method,"org.apache.fontbox.cff.DataInputTest.testReadShort.(lambda_expr_1)()",fontbox/src/test/java/org/apache/fontbox/cff/DataInputTest.java,,,,,,,,,,,,,,,,,,,,,,,,,0,1,0,1,0,1,0,2,1,0,0,0,0,1,1,1,1,,,,,,0,,0,00,1,1,1,1
Method,"org.apache.fontbox.cff.DataInputTest.testReadUnsignedByte()",fontbox/src/test/java/org/apache/fontbox/cff/DataInputTest.java,,,,,,,,,,,,,,,,,,,,,,,,,1,14,0,14,4,10,0,6,1,10,11,3,9,1,1,1,1,,,,,,0,,0,00,2,2,2,2
Lambda Method,"org.apache.fontbox.cff.DataInputTest.testReadUnsignedByte.(lambda_expr_1)()",fontbox/src/test/java/org/apache/fontbox/cff/DataInputTest.java,,,,,,,,,,,,,,,,,,,,,,,,,0,1,0,1,0,1,0,2,1,0,0,0,0,1,1,1,1,,,,,,0,,0,00,1,1,1,1
Method,"org.apache.fontbox.cff.DataInputTest.testReadUnsignedShort()",fontbox/src/test/java/org/apache/fontbox/cff/DataInputTest.java,,,,,,,,,,,,,,,,,,,,,,,,,2,14,1,13,6,9,0,4,1,9,10,5,7,1,1,1,1,,,,,,0,,0,00,3,3,3,3
Lambda Method,"org.apache.fontbox.cff.DataInputTest.testReadUnsignedShort.(lambda_expr_1)()",fontbox/src/test/java/org/apache/fontbox/cff/DataInputTest.java,,,,,,,,,,,,,,,,,,,,,,,,,0,1,0,1,0,1,0,2,1,0,0,0,0,1,1,1,1,,,,,,0,,0,00,1,1,1,1
Lambda Method,"org.apache.fontbox.cff.DataInputTest.testReadUnsignedShort.(lambda_expr_2)()",fontbox/src/test/java/org/apache/fontbox/cff/DataInputTest.java,,,,,,,,,,,,,,,,,,,,,,,,,0,1,0,1,0,1,0,2,1,0,0,0,0,1,1,1,1,,,,,,0,,0,00,1,1,1,1
Class,"org.apache.fontbox.cff.EmbeddedCharset",fontbox/src/main/java/org/apache/fontbox/cff/EmbeddedCharset.java,1,1,1,1,4,0,4,0,2,4,3,,0,0,,,10,1,10,22,1,0,0,9,,67,10,53,21,10,4,,,11,22,12,10,,,,,2,2,2,1,1,0,0,0,08,11,11,11,10
Constructor,"org.apache.fontbox.cff.EmbeddedCharset.EmbeddedCharset(boolean)",fontbox/src/main/java/org/apache/fontbox/cff/EmbeddedCharset.java,,,,,,,,,,,,,,,,,,,,,,,,,5,4,0,4,1,1,0,2,1,1,2,1,1,2,2,2,1,,,,,,0,,0,00,2,2,2,1
Public Method,"org.apache.fontbox.cff.EmbeddedCharset.addCID(int,int)",fontbox/src/main/java/org/apache/fontbox/cff/EmbeddedCharset.java,,,,,,,,,,,,,,,,,,,,,,,,,8,5,0,5,2,1,0,1,1,1,2,1,1,1,1,1,1,,,,,,0,,0,00,1,1,1,1
Public Method,"org.apache.fontbox.cff.EmbeddedCharset.addSID(int,int,String)",fontbox/src/main/java/org/apache/fontbox/cff/EmbeddedCharset.java,,,,,,,,,,,,,,,,,,,,,,,,,9,5,0,5,2,1,0,1,1,1,2,1,1,1,1,1,1,,,,,,0,,0,00,1,1,1,1
Public Method,"org.apache.fontbox.cff.EmbeddedCharset.getCIDForGID(int)",fontbox/src/main/java/org/apache/fontbox/cff/EmbeddedCharset.java,,,,,,,,,,,,,,,,,,,,,,,,,6,5,0,5,2,1,0,2,1,1,2,1,1,1,1,1,1,,,,,,0,,0,00,1,1,1,1
Public Method,"org.apache.fontbox.cff.EmbeddedCharset.getGIDForCID(int)",fontbox/src/main/java/org/apache/fontbox/cff/EmbeddedCharset.java,,,,,,,,,,,,,,,,,,,,,,,,,6,5,0,5,2,1,0,2,1,1,2,1,1,1,1,1,1,,,,,,0,,0,00,1,1,1,1
Public Method,"org.apache.fontbox.cff.EmbeddedCharset.getGIDForSID(int)",fontbox/src/main/java/org/apache/fontbox/cff/EmbeddedCharset.java,,,,,,,,,,,,,,,,,,,,,,,,,4,5,0,5,2,1,0,2,1,1,2,1,1,1,1,1,1,,,,,,0,,0,00,1,1,1,1
Public Method,"org.apache.fontbox.cff.EmbeddedCharset.getNameForGID(int)",fontbox/src/main/java/org/apache/fontbox/cff/EmbeddedCharset.java,,,,,,,,,,,,,,,,,,,,,,,,,3,5,0,5,2,1,0,2,1,1,2,1,1,1,1,1,1,,,,,,0,,0,00,1,1,1,1
Public Method,"org.apache.fontbox.cff.EmbeddedCharset.getSID(String)",fontbox/src/main/java/org/apache/fontbox/cff/EmbeddedCharset.java,,,,,,,,,,,,,,,,,,,,,,,,,4,5,0,5,2,1,0,2,1,1,2,1,1,1,1,1,1,,,,,,0,,0,00,1,1,1,1
Public Method,"org.apache.fontbox.cff.EmbeddedCharset.getSIDForGID(int)",fontbox/src/main/java/org/apache/fontbox/cff/EmbeddedCharset.java,,,,,,,,,,,,,,,,,,,,,,,,,4,5,0,5,2,1,0,2,1,1,2,1,1,1,1,1,1,,,,,,0,,0,00,1,1,1,1
Public Method,"org.apache.fontbox.cff.EmbeddedCharset.isCIDFont()",fontbox/src/main/java/org/apache/fontbox/cff/EmbeddedCharset.java,,,,,,,,,,,,,,,,,,,,,,,,,4,5,0,5,2,1,0,2,1,1,2,1,1,1,1,1,1,,,,,,0,,0,00,1,1,1,1
Public Interface,"org.apache.fontbox.cff.FDSelect",fontbox/src/main/java/org/apache/fontbox/cff/FDSelect.java,0,0,0,0,0,0,0,0,0,0,2,,0,0,,,1,0,1,1,0,0,0,1,,9,0,4,2,0,5,,,1,2,2,0,,,,,0,0,0,0,0,0,0,1,25,0,0,0,0
Public Abstract Method,"org.apache.fontbox.cff.FDSelect.getFDIndex(int)",fontbox/src/main/java/org/apache/fontbox/cff/FDSelect.java,,,,,,,,,,,,,,,,,,,,,,,,,3,6,0,1,1,0,5,1,0,1,1,1,0,0,0,0,0,,,,,,0,,5,00,0,0,0,0
Public Class,"org.apache.fontbox.cff.Type1CharString",fontbox/src/main/java/org/apache/fontbox/cff/Type1CharString.java,4,2,4,2,25,0,20,4,1,24,1,,0,1,,,17,11,17,29,0,9,1,7,,474,27,364,63,215,83,,,142,195,59,165,,,,,44,21,44,22,1,3,73,0,23,72,49,72,42
Protected Constructor,"org.apache.fontbox.cff.Type1CharString.Type1CharString(Type1CharStringReader,String,String)",fontbox/src/main/java/org/apache/fontbox/cff/Type1CharString.java,,,,,,,,,,,,,,,,,,,,,,,,,5,14,0,7,1,4,7,5,1,4,5,1,4,1,1,1,1,,,,,,0,,1,00,1,1,1,1
Public Constructor,"org.apache.fontbox.cff.Type1CharString.Type1CharString(Type1CharStringReader,String,String,List<Object>)",fontbox/src/main/java/org/apache/fontbox/cff/Type1CharString.java,,,,,,,,,,,,,,,,,,,,,,,,,5,14,0,6,2,2,8,3,1,2,3,1,2,1,1,1,1,,,,,,0,,1,33,1,1,1,1
Private Method,"org.apache.fontbox.cff.Type1CharString.callothersubr(int)",fontbox/src/main/java/org/apache/fontbox/cff/Type1CharString.java,,,,,,,,,,,,,,,,,,,,,,,,,8,52,7,36,9,25,9,9,4,19,23,9,22,4,4,4,3,,,,,,2,,0,25,4,4,4,3
Private Method,"org.apache.fontbox.cff.Type1CharString.closeCharString1Path()",fontbox/src/main/java/org/apache/fontbox/cff/Type1CharString.java,,,,,,,,,,,,,,,,,,,,,,,,,6,15,0,12,1,5,3,6,2,3,5,1,4,2,2,2,1,,,,,,1,,0,25,2,2,2,1
Public Method,"org.apache.fontbox.cff.Type1CharString.getBounds()",fontbox/src/main/java/org/apache/fontbox/cff/Type1CharString.java,,,,,,,,,,,,,,,,,,,,,,,,,4,15,0,11,1,4,4,3,2,2,5,1,4,2,2,2,1,,,,,,1,,0,36,2,2,2,1
Public Method,"org.apache.fontbox.cff.Type1CharString.getName()",fontbox/src/main/java/org/apache/fontbox/cff/Type1CharString.java,,,,,,,,,,,,,,,,,,,,,,,,,1,4,0,4,1,1,0,1,1,1,2,1,1,1,1,1,1,,,,,,0,,0,00,1,1,1,1
Public Method,"org.apache.fontbox.cff.Type1CharString.getPath()",fontbox/src/main/java/org/apache/fontbox/cff/Type1CharString.java,,,,,,,,,,,,,,,,,,,,,,,,,9,15,0,11,1,4,4,2,2,2,5,1,4,2,2,2,1,,,,,,1,,0,36,2,2,2,1
Public Method,"org.apache.fontbox.cff.Type1CharString.getType1Sequence()",fontbox/src/main/java/org/apache/fontbox/cff/Type1CharString.java,,,,,,,,,,,,,,,,,,,,,,,,,1,8,0,4,1,1,4,1,1,1,2,1,1,1,1,1,1,,,,,,0,,1,00,1,1,1,1
Public Method,"org.apache.fontbox.cff.Type1CharString.getWidth()",fontbox/src/main/java/org/apache/fontbox/cff/Type1CharString.java,,,,,,,,,,,,,,,,,,,,,,,,,8,15,0,11,1,4,4,2,2,2,5,1,4,2,2,2,1,,,,,,1,,0,36,2,2,2,1
Private Method,"org.apache.fontbox.cff.Type1CharString.handleType1Command(List<Number>,CharStringCommand)",fontbox/src/main/java/org/apache/fontbox/cff/Type1CharString.java,,,,,,,,,,,,,,,,,,,,,,,,,33,166,2,157,6,108,7,24,39,56,77,6,75,44,21,44,22,,,,,,3,,0,04,44,21,44,22
Private Method,"org.apache.fontbox.cff.Type1CharString.render()",fontbox/src/main/java/org/apache/fontbox/cff/Type1CharString.java,,,,,,,,,,,,,,,,,,,,,,,,,5,11,0,8,2,5,3,5,1,5,6,2,4,1,1,1,1,,,,,,0,,0,38,1,1,1,1
Private Method,"org.apache.fontbox.cff.Type1CharString.rlineTo(Number,Number)",fontbox/src/main/java/org/apache/fontbox/cff/Type1CharString.java,,,,,,,,,,,,,,,,,,,,,,,,,8,18,0,15,3,8,3,8,2,6,8,3,7,2,2,2,1,,,,,,1,,0,20,2,2,2,1
Private Method,"org.apache.fontbox.cff.Type1CharString.rmoveTo(Number,Number)",fontbox/src/main/java/org/apache/fontbox/cff/Type1CharString.java,,,,,,,,,,,,,,,,,,,,,,,,,5,10,0,7,3,4,3,5,1,4,5,3,4,1,1,1,1,,,,,,0,,0,43,1,1,1,1
Private Method,"org.apache.fontbox.cff.Type1CharString.rrcurveTo(Number,Number,Number,Number,Number,Number)",fontbox/src/main/java/org/apache/fontbox/cff/Type1CharString.java,,,,,,,,,,,,,,,,,,,,,,,,,13,23,0,20,8,12,3,8,2,10,12,7,11,2,2,2,1,,,,,,1,,0,15,2,2,2,1
Private Method,"org.apache.fontbox.cff.Type1CharString.seac(Number,Number,Number,Number,Number)",fontbox/src/main/java/org/apache/fontbox/cff/Type1CharString.java,,,,,,,,,,,,,,,,,,,,,,,,,15,41,0,31,7,18,10,11,6,11,15,6,14,4,4,4,3,,,,,,2,,0,32,4,4,4,3
Private Method,"org.apache.fontbox.cff.Type1CharString.setcurrentpoint(Number,Number)",fontbox/src/main/java/org/apache/fontbox/cff/Type1CharString.java,,,,,,,,,,,,,,,,,,,,,,,,,4,8,0,4,1,1,4,2,1,1,2,1,1,1,1,1,1,,,,,,0,,1,00,1,1,1,1
Public Method,"org.apache.fontbox.cff.Type1CharString.toString()",fontbox/src/main/java/org/apache/fontbox/cff/Type1CharString.java,,,,,,,,,,,,,,,,,,,,,,,,,1,5,0,5,2,1,0,3,1,1,2,1,1,1,1,1,1,,,,,,0,,0,00,1,1,1,1
Public Class,"org.apache.fontbox.cff.Type1CharStringParser",fontbox/src/main/java/org/apache/fontbox/cff/Type1CharStringParser.java,3,3,4,1,23,0,20,3,1,15,0,,1,5,,,7,2,8,20,0,6,0,2,,223,17,171,33,95,38,,,68,97,33,79,,,,,7,6,9,5,1,2,62,0,22,30,28,39,14
Public Constructor,"org.apache.fontbox.cff.Type1CharStringParser.Type1CharStringParser(String)",fontbox/src/main/java/org/apache/fontbox/cff/Type1CharStringParser.java,,,,,,,,,,,,,,,,,,,,,,,,,2,9,0,4,1,1,5,2,1,1,2,1,1,1,1,1,1,,,,,,0,,1,25,1,1,1,1
Private Method,"org.apache.fontbox.cff.Type1CharStringParser.parse(byte[],List,List<Object>)",fontbox/src/main/java/org/apache/fontbox/cff/Type1CharStringParser.java,,,,,,,,,,,,,,,,,,,,,,,,,8,30,0,30,4,14,0,11,6,8,14,3,13,6,6,9,1,,,,,,2,,0,00,6,6,9,1
Public Method,"org.apache.fontbox.cff.Type1CharStringParser.parse(byte[],List,String)",fontbox/src/main/java/org/apache/fontbox/cff/Type1CharStringParser.java,,,,,,,,,,,,,,,,,,,,,,,,,4,13,0,5,1,2,8,4,1,2,3,1,2,1,1,1,1,,,,,,0,,1,60,1,1,1,1
Private Method,"org.apache.fontbox.cff.Type1CharStringParser.processCallOtherSubr(DataInput,List<Object>)",fontbox/src/main/java/org/apache/fontbox/cff/Type1CharStringParser.java,,,,,,,,,,,,,,,,,,,,,,,,,9,52,4,41,4,30,9,12,20,23,28,5,26,7,5,8,1,,,,,,2,,0,22,7,5,8,1
Private Method,"org.apache.fontbox.cff.Type1CharStringParser.processCallSubr(List,List<Object>)",fontbox/src/main/java/org/apache/fontbox/cff/Type1CharStringParser.java,,,,,,,,,,,,,,,,,,,,,,,,,7,34,1,31,5,18,3,7,5,10,15,5,13,5,5,7,1,,,,,,2,,0,10,5,5,7,1
Private Method,"org.apache.fontbox.cff.Type1CharStringParser.readCommand(DataInput,int)",fontbox/src/main/java/org/apache/fontbox/cff/Type1CharStringParser.java,,,,,,,,,,,,,,,,,,,,,,,,,3,9,0,9,2,4,0,4,2,3,5,2,4,2,2,2,1,,,,,,1,,0,00,2,2,2,1
Private Method,"org.apache.fontbox.cff.Type1CharStringParser.readNumber(DataInput,int)",fontbox/src/main/java/org/apache/fontbox/cff/Type1CharStringParser.java,,,,,,,,,,,,,,,,,,,,,,,,,3,25,0,25,3,12,0,4,5,7,12,3,11,5,5,8,5,,,,,,1,,0,00,5,5,8,5
Private Static Method,"org.apache.fontbox.cff.Type1CharStringParser.removeInteger(List<Object>)",fontbox/src/main/java/org/apache/fontbox/cff/Type1CharStringParser.java,,,,,,,,,,,,,,,,,,,,,,,,,3,18,1,16,5,9,1,5,3,7,10,5,8,3,3,3,3,,,,,,1,,0,06,3,3,3,3
Public Final Class,"org.apache.fontbox.cff.Type1FontUtil",fontbox/src/main/java/org/apache/fontbox/cff/Type1FontUtil.java,1,1,1,1,13,1,8,3,1,6,0,,8,0,,,1,0,9,21,0,3,0,6,,139,22,80,25,39,37,,,39,56,29,30,,,,,3,3,3,1,1,2,0,0,46,15,15,15,9
Private Constructor,"org.apache.fontbox.cff.Type1FontUtil.Type1FontUtil()",fontbox/src/main/java/org/apache/fontbox/cff/Type1FontUtil.java,,,,,,,,,,,,,,,,,,,,,,,,,0,3,0,3,1,0,0,1,1,0,1,1,0,1,1,1,1,,,,,,0,,0,00,1,1,1,1
Public Static Method,"org.apache.fontbox.cff.Type1FontUtil.charstringDecrypt(byte[],int)",fontbox/src/main/java/org/apache/fontbox/cff/Type1FontUtil.java,,,,,,,,,,,,,,,,,,,,,,,,,3,10,0,4,1,1,6,2,1,1,2,1,1,1,1,1,1,,,,,,0,,1,50,1,1,1,1
Public Static Method,"org.apache.fontbox.cff.Type1FontUtil.charstringEncrypt(byte[],int)",fontbox/src/main/java/org/apache/fontbox/cff/Type1FontUtil.java,,,,,,,,,,,,,,,,,,,,,,,,,3,10,0,4,1,1,6,2,1,1,2,1,1,1,1,1,1,,,,,,0,,1,50,1,1,1,1
Private Static Method,"org.apache.fontbox.cff.Type1FontUtil.decrypt(byte[],int,int)",fontbox/src/main/java/org/apache/fontbox/cff/Type1FontUtil.java,,,,,,,,,,,,,,,,,,,,,,,,,6,22,6,16,7,11,0,2,2,12,14,8,6,2,2,2,1,,,,,,1,,0,00,2,2,2,1
Public Static Method,"org.apache.fontbox.cff.Type1FontUtil.eexecDecrypt(byte[])",fontbox/src/main/java/org/apache/fontbox/cff/Type1FontUtil.java,,,,,,,,,,,,,,,,,,,,,,,,,2,9,0,4,1,1,5,2,1,1,2,1,1,1,1,1,1,,,,,,0,,1,25,1,1,1,1
Public Static Method,"org.apache.fontbox.cff.Type1FontUtil.eexecEncrypt(byte[])",fontbox/src/main/java/org/apache/fontbox/cff/Type1FontUtil.java,,,,,,,,,,,,,,,,,,,,,,,,,2,9,0,4,1,1,5,2,1,1,2,1,1,1,1,1,1,,,,,,0,,1,25,1,1,1,1
Private Static Method,"org.apache.fontbox.cff.Type1FontUtil.encrypt(byte[],int,int)",fontbox/src/main/java/org/apache/fontbox/cff/Type1FontUtil.java,,,,,,,,,,,,,,,,,,,,,,,,,6,23,7,16,7,11,0,2,2,12,14,8,6,2,2,2,1,,,,,,1,,0,00,2,2,2,1
Public Static Method,"org.apache.fontbox.cff.Type1FontUtil.hexDecode(String)",fontbox/src/main/java/org/apache/fontbox/cff/Type1FontUtil.java,,,,,,,,,,,,,,,,,,,,,,,,,2,18,0,13,2,6,5,5,4,6,9,3,7,3,3,3,1,,,,,,1,,0,38,3,3,3,1
Public Static Method,"org.apache.fontbox.cff.Type1FontUtil.hexEncode(byte[])",fontbox/src/main/java/org/apache/fontbox/cff/Type1FontUtil.java,,,,,,,,,,,,,,,,,,,,,,,,,3,19,0,14,3,7,5,7,3,5,9,4,7,3,3,3,1,,,,,,2,,0,36,3,3,3,1
Class,"org.apache.fontbox.cff.Type1FontUtilTest",fontbox/src/test/java/org/apache/fontbox/cff/Type1FontUtilTest.java,1,1,1,1,11,1,8,1,1,5,0,,1,2,,,6,0,7,19,3,4,0,0,,94,14,66,27,31,14,,,35,47,28,29,,,,,2,2,2,1,1,1,0,0,21,11,11,11,7
Private Static Method,"org.apache.fontbox.cff.Type1FontUtilTest.createRandomByteArray(int,long)",fontbox/src/test/java/org/apache/fontbox/cff/Type1FontUtilTest.java,,,,,,,,,,,,,,,,,,,,,,,,,5,11,1,10,3,5,0,3,2,6,8,4,5,2,2,2,1,,,,,,1,,0,00,2,2,2,1
Method,"org.apache.fontbox.cff.Type1FontUtilTest.testCharstringEncryption()",fontbox/src/test/java/org/apache/fontbox/cff/Type1FontUtilTest.java,,,,,,,,,,,,,,,,,,,,,,,,,2,13,0,10,3,4,3,2,2,5,7,3,4,2,2,2,1,,,,,,1,,0,30,2,2,2,1
Method,"org.apache.fontbox.cff.Type1FontUtilTest.testEexecEncryption()",fontbox/src/test/java/org/apache/fontbox/cff/Type1FontUtilTest.java,,,,,,,,,,,,,,,,,,,,,,,,,2,13,0,10,3,4,3,2,2,5,7,3,4,2,2,2,1,,,,,,1,,0,30,2,2,2,1
Method,"org.apache.fontbox.cff.Type1FontUtilTest.testHexEncoding()",fontbox/src/test/java/org/apache/fontbox/cff/Type1FontUtilTest.java,,,,,,,,,,,,,,,,,,,,,,,,,2,13,0,10,3,4,3,2,2,5,7,3,4,2,2,2,1,,,,,,1,,0,30,2,2,2,1
Private Method,"org.apache.fontbox.cff.Type1FontUtilTest.tryCharstringEncryption(long)",fontbox/src/test/java/org/apache/fontbox/cff/Type1FontUtilTest.java,,,,,,,,,,,,,,,,,,,,,,,,,2,9,2,7,4,4,0,4,1,4,5,4,4,1,1,1,1,,,,,,0,,0,00,1,1,1,1
Private Method,"org.apache.fontbox.cff.Type1FontUtilTest.tryEexecEncryption(long)",fontbox/src/test/java/org/apache/fontbox/cff/Type1FontUtilTest.java,,,,,,,,,,,,,,,,,,,,,,,,,2,9,2,7,4,4,0,4,1,4,5,4,4,1,1,1,1,,,,,,0,,0,00,1,1,1,1
Private Method,"org.apache.fontbox.cff.Type1FontUtilTest.tryHexEncoding(long)",fontbox/src/test/java/org/apache/fontbox/cff/Type1FontUtilTest.java,,,,,,,,,,,,,,,,,,,,,,,,,2,9,2,7,4,4,0,4,1,4,5,4,4,1,1,1,1,,,,,,0,,0,00,1,1,1,1
Public Class,"org.apache.fontbox.cff.Type2CharString",fontbox/src/main/java/org/apache/fontbox/cff/Type2CharString.java,5,3,5,1,21,0,19,1,1,12,1,,1,0,,,13,4,14,43,0,12,0,2,,330,16,285,44,188,29,,,118,152,39,128,,,,,35,14,36,1,2,2,83,0,10,75,52,77,15
Public Constructor,"org.apache.fontbox.cff.Type2CharString.Type2CharString(Type1CharStringReader,String,String,int,List<Object>,int,int)",fontbox/src/main/java/org/apache/fontbox/cff/Type2CharString.java,,,,,,,,,,,,,,,,,,,,,,,,,9,19,0,9,2,5,10,6,1,5,6,1,5,1,1,1,1,,,,,,0,,1,11,1,1,1,1
Private Method,"org.apache.fontbox.cff.Type2CharString.addCommand(List<Number>,CharStringCommand)",fontbox/src/main/java/org/apache/fontbox/cff/Type2CharString.java,,,,,,,,,,,,,,,,,,,,,,,,,10,5,0,5,1,2,0,2,1,2,3,1,2,1,1,1,1,,,,,,0,,0,00,1,1,1,1
Private Method,"org.apache.fontbox.cff.Type2CharString.addCommandList(List<List<Number>>,CharStringCommand)",fontbox/src/main/java/org/apache/fontbox/cff/Type2CharString.java,,,,,,,,,,,,,,,,,,,,,,,,,3,4,0,4,1,1,0,1,1,1,2,1,1,1,1,1,1,,,,,,0,,0,00,2,2,2,2
Lambda Method,"org.apache.fontbox.cff.Type2CharString.addCommandList.(lambda_expr_1)(List (inferred))",fontbox/src/main/java/org/apache/fontbox/cff/Type2CharString.java,,,,,,,,,,,,,,,,,,,,,,,,,2,1,0,1,0,1,0,2,1,0,0,0,0,1,1,1,1,,,,,,0,,0,00,1,1,1,1
Private Method,"org.apache.fontbox.cff.Type2CharString.clearStack(List<Number>,boolean)",fontbox/src/main/java/org/apache/fontbox/cff/Type2CharString.java,,,,,,,,,,,,,,,,,,,,,,,,,6,17,0,17,1,8,0,9,3,4,7,1,6,3,3,3,1,,,,,,2,,0,00,3,3,3,1
Private Method,"org.apache.fontbox.cff.Type2CharString.closeCharString2Path()",fontbox/src/main/java/org/apache/fontbox/cff/Type2CharString.java,,,,,,,,,,,,,,,,,,,,,,,,,4,12,1,11,4,6,0,6,2,3,5,3,4,3,3,4,1,,,,,,1,,0,00,3,3,4,1
Private Method,"org.apache.fontbox.cff.Type2CharString.convertType1ToType2(List<Object>)",fontbox/src/main/java/org/apache/fontbox/cff/Type2CharString.java,,,,,,,,,,,,,,,,,,,,,,,,,3,11,0,7,2,4,4,4,1,4,5,2,3,1,1,1,1,,,,,,0,,0,57,1,1,1,1
Private Method,"org.apache.fontbox.cff.Type2CharString.drawAlternatingCurve(List<Number>,boolean)",fontbox/src/main/java/org/apache/fontbox/cff/Type2CharString.java,,,,,,,,,,,,,,,,,,,,,,,,,3,23,0,23,2,14,0,6,3,5,8,2,7,6,6,6,1,,,,,,2,,0,00,6,6,6,1
Private Method,"org.apache.fontbox.cff.Type2CharString.drawAlternatingLine(List<Number>,boolean)",fontbox/src/main/java/org/apache/fontbox/cff/Type2CharString.java,,,,,,,,,,,,,,,,,,,,,,,,,3,10,0,10,1,5,0,5,2,3,5,1,4,3,3,3,1,,,,,,1,,0,00,3,3,3,1
Private Method,"org.apache.fontbox.cff.Type2CharString.drawCurve(List<Number>,boolean)",fontbox/src/main/java/org/apache/fontbox/cff/Type2CharString.java,,,,,,,,,,,,,,,,,,,,,,,,,3,24,1,23,2,14,0,6,3,4,7,2,6,14,14,14,1,,,,,,2,,0,00,14,14,14,1
Private Method,"org.apache.fontbox.cff.Type2CharString.expandStemHints(List<Number>,boolean)",fontbox/src/main/java/org/apache/fontbox/cff/Type2CharString.java,,,,,,,,,,,,,,,,,,,,,,,,,1,8,0,3,1,0,5,0,1,0,1,1,0,1,1,1,1,,,,,,0,,1,67,1,1,1,1
Public Method,"org.apache.fontbox.cff.Type2CharString.getGID()",fontbox/src/main/java/org/apache/fontbox/cff/Type2CharString.java,,,,,,,,,,,,,,,,,,,,,,,,,2,7,0,4,1,1,3,1,1,1,2,1,1,1,1,1,1,,,,,,0,,0,75,1,1,1,1
Private Method,"org.apache.fontbox.cff.Type2CharString.handleType2Command(List<Number>,CharStringCommand)",fontbox/src/main/java/org/apache/fontbox/cff/Type2CharString.java,,,,,,,,,,,,,,,,,,,,,,,,,26,145,0,144,17,117,1,25,29,74,84,13,80,35,12,36,1,,,,,,2,,0,01,35,12,36,1
Private Method,"org.apache.fontbox.cff.Type2CharString.markPath()",fontbox/src/main/java/org/apache/fontbox/cff/Type2CharString.java,,,,,,,,,,,,,,,,,,,,,,,,,2,8,0,8,1,3,0,2,2,2,4,1,3,2,2,2,1,,,,,,1,,0,00,2,2,2,1
Private Static Generic Method,"org.apache.fontbox.cff.Type2CharString.split(List<E>,int)",fontbox/src/main/java/org/apache/fontbox/cff/Type2CharString.java,,,,,,,,,,,,,,,,,,,,,,,,,3,10,0,10,3,5,0,5,2,6,8,4,6,2,2,2,1,,,,,,1,,0,00,2,2,2,1
TypeVariable,"org.apache.fontbox.cff.Type2CharString.split.E",fontbox/src/main/java/org/apache/fontbox/cff/Type2CharString.java,0,0,0,0,0,0,0,0,1,0,0,,0,0,,,0,0,0,0,0,0,0,0,,0,0,0,0,0,0,,,0,0,0,0,,,,,0,0,0,0,1,0,0,0,00,0,0,0,0
Public Class,"org.apache.fontbox.cff.Type2CharStringParser",fontbox/src/main/java/org/apache/fontbox/cff/Type2CharStringParser.java,3,3,4,2,18,0,16,2,1,11,0,,0,2,,,11,5,11,23,0,8,0,3,,234,21,187,45,89,27,,,68,104,40,77,,,,,6,6,15,6,1,2,72,0,14,35,35,54,22
Public Constructor,"org.apache.fontbox.cff.Type2CharStringParser.Type2CharStringParser(String)",fontbox/src/main/java/org/apache/fontbox/cff/Type2CharStringParser.java,,,,,,,,,,,,,,,,,,,,,,,,,3,9,0,4,1,1,5,2,1,1,2,1,1,1,1,1,1,,,,,,0,,1,25,1,1,1,1
Private Method,"org.apache.fontbox.cff.Type2CharStringParser.calculateSubrNumber(int,int)",fontbox/src/main/java/org/apache/fontbox/cff/Type2CharStringParser.java,,,,,,,,,,,,,,,,,,,,,,,,,4,12,0,12,1,5,0,1,3,3,6,1,5,3,3,3,3,,,,,,1,,0,00,3,3,3,3
Private Method,"org.apache.fontbox.cff.Type2CharStringParser.countNumbers()",fontbox/src/main/java/org/apache/fontbox/cff/Type2CharStringParser.java,,,,,,,,,,,,,,,,,,,,,,,,,2,13,0,13,2,6,0,3,3,6,9,3,7,3,3,3,3,,,,,,2,,0,00,3,3,3,3
Private Method,"org.apache.fontbox.cff.Type2CharStringParser.getMaskLength()",fontbox/src/main/java/org/apache/fontbox/cff/Type2CharStringParser.java,,,,,,,,,,,,,,,,,,,,,,,,,3,10,0,10,3,5,0,1,2,4,6,3,3,2,2,2,1,,,,,,1,,0,00,2,2,2,1
Public Method,"org.apache.fontbox.cff.Type2CharStringParser.parse(byte[],byte[][],byte[][],String)",fontbox/src/main/java/org/apache/fontbox/cff/Type2CharStringParser.java,,,,,,,,,,,,,,,,,,,,,,,,,6,22,0,9,2,5,13,7,1,5,6,1,5,1,1,1,1,,,,,,0,,1,44,1,1,1,1
Private Method,"org.apache.fontbox.cff.Type2CharStringParser.parseSequence(byte[],byte[][],byte[][])",fontbox/src/main/java/org/apache/fontbox/cff/Type2CharStringParser.java,,,,,,,,,,,,,,,,,,,,,,,,,10,33,1,32,6,16,0,10,6,10,16,5,13,6,6,15,1,,,,,,2,,0,00,6,6,15,1
Private Method,"org.apache.fontbox.cff.Type2CharStringParser.processCallGSubr(byte[][],byte[][])",fontbox/src/main/java/org/apache/fontbox/cff/Type2CharStringParser.java,,,,,,,,,,,,,,,,,,,,,,,,,6,18,0,17,6,9,1,6,3,5,8,4,6,3,3,4,1,,,,,,2,,0,06,3,3,4,1
Private Method,"org.apache.fontbox.cff.Type2CharStringParser.processCallSubr(byte[][],byte[][])",fontbox/src/main/java/org/apache/fontbox/cff/Type2CharStringParser.java,,,,,,,,,,,,,,,,,,,,,,,,,6,18,0,17,6,9,1,6,3,5,8,4,6,3,3,4,1,,,,,,2,,0,06,3,3,4,1
Private Method,"org.apache.fontbox.cff.Type2CharStringParser.readCommand(int,DataInput)",fontbox/src/main/java/org/apache/fontbox/cff/Type2CharStringParser.java,,,,,,,,,,,,,,,,,,,,,,,,,4,33,6,27,3,14,1,9,12,11,17,4,15,6,6,11,3,,,,,,2,,0,04,6,6,11,3
Private Method,"org.apache.fontbox.cff.Type2CharStringParser.readNumber(int,DataInput)",fontbox/src/main/java/org/apache/fontbox/cff/Type2CharStringParser.java,,,,,,,,,,,,,,,,,,,,,,,,,3,34,2,31,5,16,1,5,6,10,16,5,15,6,6,9,6,,,,,,1,,0,03,6,6,9,6
Public Method,"org.apache.fontbox.cff.Type2CharStringParser.toString()",fontbox/src/main/java/org/apache/fontbox/cff/Type2CharStringParser.java,,,,,,,,,,,,,,,,,,,,,,,,,2,5,0,5,2,1,0,1,1,1,2,1,1,1,1,1,1,,,,,,0,,0,00,1,1,1,1
Package,"org.apache.fontbox.cmap",fontbox/src/main/java/org/apache/fontbox/cmap/CIDRange.java,2,2,3,1,19,0,14,4,,,,10,2,4,8,,87,29,89,,25,23,1,40,,2175,182,1407,335,719,588,,,602,825,329,572,,,,,39,22,55,16,,5,,0,42,245,213,291,140
Class,"org.apache.fontbox.cmap.CIDRange",fontbox/src/main/java/org/apache/fontbox/cmap/CIDRange.java,1,1,2,1,15,0,8,7,1,1,0,,0,0,,,6,4,6,18,1,0,0,5,,108,8,55,12,20,45,,,19,31,12,20,,,,,3,3,4,3,1,2,16,0,82,11,11,17,8
Constructor,"org.apache.fontbox.cmap.CIDRange.CIDRange(int,int,int,int)",fontbox/src/main/java/org/apache/fontbox/cmap/CIDRange.java,,,,,,,,,,,,,,,,,,,,,,,,,7,15,0,7,1,4,8,5,1,4,5,1,4,1,1,1,1,,,,,,0,,1,14,1,1,1,1
Public Method,"org.apache.fontbox.cmap.CIDRange.extend(int,int,int,int)",fontbox/src/main/java/org/apache/fontbox/cmap/CIDRange.java,,,,,,,,,,,,,,,,,,,,,,,,,9,19,0,9,1,4,10,2,2,3,5,1,4,2,2,4,1,,,,,,1,,1,11,2,2,4,1
Public Method,"org.apache.fontbox.cmap.CIDRange.getCodeLength()",fontbox/src/main/java/org/apache/fontbox/cmap/CIDRange.java,,,,,,,,,,,,,,,,,,,,,,,,,3,9,0,4,1,1,5,1,1,1,2,1,1,1,1,1,1,,,,,,0,,1,25,1,1,1,1
Public Method,"org.apache.fontbox.cmap.CIDRange.map(byte[])",fontbox/src/main/java/org/apache/fontbox/cmap/CIDRange.java,,,,,,,,,,,,,,,,,,,,,,,,,9,18,0,12,2,5,6,2,3,3,6,2,5,3,3,4,3,,,,,,2,,0,50,3,3,4,3
Public Method,"org.apache.fontbox.cmap.CIDRange.map(int,int)",fontbox/src/main/java/org/apache/fontbox/cmap/CIDRange.java,,,,,,,,,,,,,,,,,,,,,,,,,9,15,0,8,1,3,7,1,2,2,4,1,3,2,2,4,1,,,,,,1,,0,88,2,2,4,1
Public Method,"org.apache.fontbox.cmap.CIDRange.unmap(int)",fontbox/src/main/java/org/apache/fontbox/cmap/CIDRange.java,,,,,,,,,,,,,,,,,,,,,,,,,6,14,0,8,1,3,6,1,2,2,4,1,3,2,2,3,1,,,,,,1,,0,75,2,2,3,1
Class,"org.apache.fontbox.cmap.CIDRangeTest",fontbox/src/test/java/org/apache/fontbox/cmap/CIDRangeTest.java,1,1,1,1,25,3,17,5,1,2,0,,0,0,,,2,0,2,14,2,0,0,0,,56,9,37,7,26,10,,,26,29,5,26,,,,,1,1,1,1,1,0,0,0,27,2,2,2,2
Method,"org.apache.fontbox.cmap.CIDRangeTest.testCIDRangeOneByte()",fontbox/src/test/java/org/apache/fontbox/cmap/CIDRangeTest.java,,,,,,,,,,,,,,,,,,,,,,,,,0,25,3,17,3,13,5,6,1,13,14,2,13,1,1,1,1,,,,,,0,,0,29,1,1,1,1
Method,"org.apache.fontbox.cmap.CIDRangeTest.testCIDRangeTwoByte()",fontbox/src/test/java/org/apache/fontbox/cmap/CIDRangeTest.java,,,,,,,,,,,,,,,,,,,,,,,,,0,25,3,17,3,13,5,6,1,13,14,2,13,1,1,1,1,,,,,,0,,0,29,1,1,1,1
Public Class,"org.apache.fontbox.cmap.CMap",fontbox/src/main/java/org/apache/fontbox/cmap/CMap.java,1,1,2,1,14,0,8,5,1,20,0,,2,2,,,36,18,38,50,7,5,0,26,,620,49,345,76,160,228,,,132,202,81,135,,,,,7,7,7,3,1,2,91,0,66,73,73,81,50
Constructor,"org.apache.fontbox.cmap.CMap.CMap()",fontbox/src/main/java/org/apache/fontbox/cmap/CMap.java,,,,,,,,,,,,,,,,,,,,,,,,,2,6,0,3,1,0,3,1,1,0,1,1,0,1,1,1,1,,,,,,0,,1,00,1,1,1,1
Method,"org.apache.fontbox.cmap.CMap.addCIDMapping(byte[],int)",fontbox/src/main/java/org/apache/fontbox/cmap/CMap.java,,,,,,,,,,,,,,,,,,,,,,,,,8,18,0,12,2,7,6,8,2,6,8,2,7,2,2,2,1,,,,,,1,,0,50,2,2,2,1
Private Method,"org.apache.fontbox.cmap.CMap.addCIDRange(List<CIDRange>,int,int,int,int)",fontbox/src/main/java/org/apache/fontbox/cmap/CMap.java,,,,,,,,,,,,,,,,,,,,,,,,,8,14,0,14,2,7,0,10,4,5,8,2,6,3,3,4,1,,,,,,1,,0,00,3,3,4,1
Method,"org.apache.fontbox.cmap.CMap.addCIDRange(byte[],byte[],int)",fontbox/src/main/java/org/apache/fontbox/cmap/CMap.java,,,,,,,,,,,,,,,,,,,,,,,,,6,12,0,4,1,1,8,2,1,1,2,1,1,1,1,1,1,,,,,,0,,2,00,1,1,1,1
Method,"org.apache.fontbox.cmap.CMap.addCharMapping(byte[],String)",fontbox/src/main/java/org/apache/fontbox/cmap/CMap.java,,,,,,,,,,,,,,,,,,,,,,,,,12,28,0,21,2,10,8,6,6,6,10,2,9,4,4,4,1,,,,,,1,,0,38,4,4,4,1
Method,"org.apache.fontbox.cmap.CMap.addCodespaceRange(CodespaceRange)",fontbox/src/main/java/org/apache/fontbox/cmap/CMap.java,,,,,,,,,,,,,,,,,,,,,,,,,5,11,0,6,1,3,5,6,1,3,4,1,3,1,1,1,1,,,,,,0,,0,83,1,1,1,1
Private Method,"org.apache.fontbox.cmap.CMap.getCodeFromArray(byte[],int,int)",fontbox/src/main/java/org/apache/fontbox/cmap/CMap.java,,,,,,,,,,,,,,,,,,,,,,,,,4,18,0,10,2,5,8,1,2,6,8,3,5,2,2,2,1,,,,,,1,,0,80,2,2,2,1
Public Method,"org.apache.fontbox.cmap.CMap.getCodesFromUnicode(String)",fontbox/src/main/java/org/apache/fontbox/cmap/CMap.java,,,,,,,,,,,,,,,,,,,,,,,,,3,10,0,4,1,1,6,2,1,1,2,1,1,1,1,1,1,,,,,,0,,1,50,1,1,1,1
Public Method,"org.apache.fontbox.cmap.CMap.getName()",fontbox/src/main/java/org/apache/fontbox/cmap/CMap.java,,,,,,,,,,,,,,,,,,,,,,,,,8,9,0,4,1,1,5,1,1,1,2,1,1,1,1,1,1,,,,,,0,,1,25,1,1,1,1
Public Method,"org.apache.fontbox.cmap.CMap.getOrdering()",fontbox/src/main/java/org/apache/fontbox/cmap/CMap.java,,,,,,,,,,,,,,,,,,,,,,,,,3,9,0,4,1,1,5,1,1,1,2,1,1,1,1,1,1,,,,,,0,,1,25,1,1,1,1
Public Method,"org.apache.fontbox.cmap.CMap.getRegistry()",fontbox/src/main/java/org/apache/fontbox/cmap/CMap.java,,,,,,,,,,,,,,,,,,,,,,,,,2,9,0,4,1,1,5,1,1,1,2,1,1,1,1,1,1,,,,,,0,,1,25,1,1,1,1
Public Method,"org.apache.fontbox.cmap.CMap.getSpaceMapping()",fontbox/src/main/java/org/apache/fontbox/cmap/CMap.java,,,,,,,,,,,,,,,,,,,,,,,,,2,9,0,4,1,1,5,1,1,1,2,1,1,1,1,1,1,,,,,,0,,1,25,1,1,1,1
Public Method,"org.apache.fontbox.cmap.CMap.getSupplement()",fontbox/src/main/java/org/apache/fontbox/cmap/CMap.java,,,,,,,,,,,,,,,,,,,,,,,,,1,9,0,4,1,1,5,1,1,1,2,1,1,1,1,1,1,,,,,,0,,1,25,1,1,1,1
Public Method,"org.apache.fontbox.cmap.CMap.getType()",fontbox/src/main/java/org/apache/fontbox/cmap/CMap.java,,,,,,,,,,,,,,,,,,,,,,,,,1,9,0,4,1,1,5,1,1,1,2,1,1,1,1,1,1,,,,,,0,,1,25,1,1,1,1
Public Method,"org.apache.fontbox.cmap.CMap.getVersion()",fontbox/src/main/java/org/apache/fontbox/cmap/CMap.java,,,,,,,,,,,,,,,,,,,,,,,,,1,9,0,4,1,1,5,1,1,1,2,1,1,1,1,1,1,,,,,,0,,1,25,1,1,1,1
Public Method,"org.apache.fontbox.cmap.CMap.getWMode()",fontbox/src/main/java/org/apache/fontbox/cmap/CMap.java,,,,,,,,,,,,,,,,,,,,,,,,,4,11,0,4,1,1,7,1,1,1,2,1,1,1,1,1,1,,,,,,0,,1,75,1,1,1,1
Public Method,"org.apache.fontbox.cmap.CMap.hasCIDMappings()",fontbox/src/main/java/org/apache/fontbox/cmap/CMap.java,,,,,,,,,,,,,,,,,,,,,,,,,8,9,0,4,1,1,5,3,1,1,2,1,1,1,1,2,1,,,,,,0,,1,25,1,1,2,1
Public Method,"org.apache.fontbox.cmap.CMap.hasUnicodeMappings()",fontbox/src/main/java/org/apache/fontbox/cmap/CMap.java,,,,,,,,,,,,,,,,,,,,,,,,,6,9,0,4,1,1,5,2,1,1,2,1,1,1,1,2,1,,,,,,0,,1,25,1,1,2,1
Public Method,"org.apache.fontbox.cmap.CMap.readCode(InputStream)",fontbox/src/main/java/org/apache/fontbox/cmap/CMap.java,,,,,,,,,,,,,,,,,,,,,,,,,8,47,0,37,4,20,11,14,19,16,23,6,18,7,7,7,3,,,,,,2,,0,30,8,8,8,4
Lambda Method,"org.apache.fontbox.cmap.CMap.readCode.(lambda_expr_1)(CodespaceRange (inferred))",fontbox/src/main/java/org/apache/fontbox/cmap/CMap.java,,,,,,,,,,,,,,,,,,,,,,,,,1,1,0,1,0,1,0,2,1,0,0,0,0,1,1,1,1,,,,,,0,,0,00,1,1,1,1
Public Method,"org.apache.fontbox.cmap.CMap.setName(String)",fontbox/src/main/java/org/apache/fontbox/cmap/CMap.java,,,,,,,,,,,,,,,,,,,,,,,,,2,9,0,4,1,1,5,1,1,1,2,1,1,1,1,1,1,,,,,,0,,1,25,1,1,1,1
Public Method,"org.apache.fontbox.cmap.CMap.setOrdering(String)",fontbox/src/main/java/org/apache/fontbox/cmap/CMap.java,,,,,,,,,,,,,,,,,,,,,,,,,2,9,0,4,1,1,5,1,1,1,2,1,1,1,1,1,1,,,,,,0,,1,25,1,1,1,1
Public Method,"org.apache.fontbox.cmap.CMap.setRegistry(String)",fontbox/src/main/java/org/apache/fontbox/cmap/CMap.java,,,,,,,,,,,,,,,,,,,,,,,,,2,9,0,4,1,1,5,1,1,1,2,1,1,1,1,1,1,,,,,,0,,1,25,1,1,1,1
Public Method,"org.apache.fontbox.cmap.CMap.setSupplement(int)",fontbox/src/main/java/org/apache/fontbox/cmap/CMap.java,,,,,,,,,,,,,,,,,,,,,,,,,2,9,0,4,1,1,5,1,1,1,2,1,1,1,1,1,1,,,,,,0,,1,25,1,1,1,1
Public Method,"org.apache.fontbox.cmap.CMap.setType(int)",fontbox/src/main/java/org/apache/fontbox/cmap/CMap.java,,,,,,,,,,,,,,,,,,,,,,,,,2,9,0,4,1,1,5,1,1,1,2,1,1,1,1,1,1,,,,,,0,,1,25,1,1,1,1
Public Method,"org.apache.fontbox.cmap.CMap.setVersion(String)",fontbox/src/main/java/org/apache/fontbox/cmap/CMap.java,,,,,,,,,,,,,,,,,,,,,,,,,2,9,0,4,1,1,5,1,1,1,2,1,1,1,1,1,1,,,,,,0,,1,25,1,1,1,1
Public Method,"org.apache.fontbox.cmap.CMap.setWMode(int)",fontbox/src/main/java/org/apache/fontbox/cmap/CMap.java,,,,,,,,,,,,,,,,,,,,,,,,,2,9,0,4,1,1,5,1,1,1,2,1,1,1,1,1,1,,,,,,0,,1,25,1,1,1,1
Public Method,"org.apache.fontbox.cmap.CMap.toCID(byte[])",fontbox/src/main/java/org/apache/fontbox/cmap/CMap.java,,,,,,,,,,,,,,,,,,,,,,,,,9,23,0,17,2,8,6,6,5,5,9,2,7,4,4,6,1,,,,,,1,,0,35,4,4,6,1
Public Method,"org.apache.fontbox.cmap.CMap.toCID(int)",fontbox/src/main/java/org/apache/fontbox/cmap/CMap.java,,,,,,,,,,,,,,,,,,,,,,,,,7,26,0,14,3,7,12,3,3,5,8,3,5,3,3,4,1,,,,,,1,,0,86,3,3,4,1
Public Method,"org.apache.fontbox.cmap.CMap.toCID(int,int)",fontbox/src/main/java/org/apache/fontbox/cmap/CMap.java,,,,,,,,,,,,,,,,,,,,,,,,,7,20,0,13,2,6,7,5,3,4,7,2,5,4,4,6,1,,,,,,1,,0,54,4,4,6,1
Private Method,"org.apache.fontbox.cmap.CMap.toCIDFromRanges(byte[])",fontbox/src/main/java/org/apache/fontbox/cmap/CMap.java,,,,,,,,,,,,,,,,,,,,,,,,,3,18,0,12,2,5,6,2,3,3,7,3,5,3,3,3,3,,,,,,2,,0,50,3,3,3,3
Private Method,"org.apache.fontbox.cmap.CMap.toCIDFromRanges(int,int)",fontbox/src/main/java/org/apache/fontbox/cmap/CMap.java,,,,,,,,,,,,,,,,,,,,,,,,,4,18,0,12,2,5,6,2,3,3,7,3,5,3,3,3,3,,,,,,2,,0,50,3,3,3,3
Static Method,"org.apache.fontbox.cmap.CMap.toInt(byte[])",fontbox/src/main/java/org/apache/fontbox/cmap/CMap.java,,,,,,,,,,,,,,,,,,,,,,,,,8,7,0,4,1,1,3,2,1,1,2,1,1,1,1,1,1,,,,,,0,,0,75,1,1,1,1
Private Static Method,"org.apache.fontbox.cmap.CMap.toInt(byte[],int)",fontbox/src/main/java/org/apache/fontbox/cmap/CMap.java,,,,,,,,,,,,,,,,,,,,,,,,,4,13,0,10,2,5,3,1,2,6,8,3,5,2,2,2,1,,,,,,1,,0,30,2,2,2,1
Public Method,"org.apache.fontbox.cmap.CMap.toString()",fontbox/src/main/java/org/apache/fontbox/cmap/CMap.java,,,,,,,,,,,,,,,,,,,,,,,,,1,5,0,5,2,1,0,1,1,1,2,1,1,1,1,1,1,,,,,,0,,0,00,1,1,1,1
Public Method,"org.apache.fontbox.cmap.CMap.toUnicode(byte[])",fontbox/src/main/java/org/apache/fontbox/cmap/CMap.java,,,,,,,,,,,,,,,,,,,,,,,,,6,10,0,4,1,1,6,3,1,1,2,1,1,1,1,1,1,,,,,,0,,1,50,1,1,1,1
Public Method,"org.apache.fontbox.cmap.CMap.toUnicode(int)",fontbox/src/main/java/org/apache/fontbox/cmap/CMap.java,,,,,,,,,,,,,,,,,,,,,,,,,6,21,0,9,2,4,12,2,2,3,5,2,4,3,3,3,1,,,,,,1,,1,33,3,3,3,1
Public Method,"org.apache.fontbox.cmap.CMap.toUnicode(int,int)",fontbox/src/main/java/org/apache/fontbox/cmap/CMap.java,,,,,,,,,,,,,,,,,,,,,,,,,8,20,0,13,1,6,7,3,3,4,7,1,6,3,3,3,3,,,,,,1,,0,54,3,3,3,3
Method,"org.apache.fontbox.cmap.CMap.useCmap(CMap)",fontbox/src/main/java/org/apache/fontbox/cmap/CMap.java,,,,,,,,,,,,,,,,,,,,,,,,,15,36,0,30,2,21,6,11,1,15,17,2,16,1,1,1,1,,,,,,1,,0,20,5,5,5,4
Lambda Method,"org.apache.fontbox.cmap.CMap.useCmap.(lambda_expr_1)(Entry (inferred))",fontbox/src/main/java/org/apache/fontbox/cmap/CMap.java,,,,,,,,,,,,,,,,,,,,,,,,,2,2,0,2,0,2,0,4,1,0,0,0,0,1,1,1,1,,,,,,0,,0,00,1,1,1,1
Lambda Method,"org.apache.fontbox.cmap.CMap.useCmap.(lambda_expr_2)(Entry (inferred))",fontbox/src/main/java/org/apache/fontbox/cmap/CMap.java,,,,,,,,,,,,,,,,,,,,,,,,,2,6,0,6,1,4,0,4,1,2,2,1,2,1,1,1,1,,,,,,0,,0,00,1,1,1,1
Lambda Method,"org.apache.fontbox.cmap.CMap.useCmap.(lambda_expr_3)(Integer (inferred),Map (inferred))",fontbox/src/main/java/org/apache/fontbox/cmap/CMap.java,,,,,,,,,,,,,,,,,,,,,,,,,3,11,0,11,0,5,0,5,2,2,3,0,3,2,2,2,1,,,,,,0,,0,00,2,2,2,1
Public Class,"org.apache.fontbox.cmap.CMapParser",fontbox/src/main/java/org/apache/fontbox/cmap/CMapParser.java,5,4,7,2,31,0,28,3,1,26,0,,0,2,,,22,2,22,34,0,16,1,5,,765,36,645,93,344,84,,,226,333,100,275,,,,,39,22,55,16,1,5,90,0,13,131,99,160,56
Public Constructor,"org.apache.fontbox.cmap.CMapParser.CMapParser()",fontbox/src/main/java/org/apache/fontbox/cmap/CMapParser.java,,,,,,,,,,,,,,,,,,,,,,,,,10,6,0,3,1,0,3,1,1,0,1,1,0,1,1,1,1,,,,,,0,,1,00,1,1,1,1
Public Constructor,"org.apache.fontbox.cmap.CMapParser.CMapParser(boolean)",fontbox/src/main/java/org/apache/fontbox/cmap/CMapParser.java,,,,,,,,,,,,,,,,,,,,,,,,,5,9,0,4,1,1,5,2,1,1,2,1,1,1,1,1,1,,,,,,0,,1,25,1,1,1,1
Private Static Final Class,"org.apache.fontbox.cmap.CMapParser.LiteralName",fontbox/src/main/java/org/apache/fontbox/cmap/CMapParser.java,1,1,1,1,4,0,4,0,1,1,0,,0,0,,,1,1,1,13,0,1,0,0,,12,1,8,3,1,3,,,2,4,3,1,,,,,1,1,1,1,1,0,0,0,38,1,1,1,1
Private Constructor,"org.apache.fontbox.cmap.CMapParser.LiteralName.LiteralName(String)",fontbox/src/main/java/org/apache/fontbox/cmap/CMapParser.java,,,,,,,,,,,,,,,,,,,,,,,,,2,4,0,4,1,1,0,2,1,1,2,1,1,1,1,1,1,,,,,,0,,0,00,1,1,1,1
Private Static Final Class,"org.apache.fontbox.cmap.CMapParser.Operator",fontbox/src/main/java/org/apache/fontbox/cmap/CMapParser.java,1,1,1,1,4,0,4,0,1,1,0,,0,0,,,1,1,1,13,0,1,0,0,,12,1,8,3,1,3,,,2,4,3,1,,,,,1,1,1,1,1,0,0,0,38,1,1,1,1
Private Constructor,"org.apache.fontbox.cmap.CMapParser.Operator.Operator(String)",fontbox/src/main/java/org/apache/fontbox/cmap/CMapParser.java,,,,,,,,,,,,,,,,,,,,,,,,,2,4,0,4,1,1,0,2,1,1,2,1,1,1,1,1,1,,,,,,0,,0,00,1,1,1,1
Private Method,"org.apache.fontbox.cmap.CMapParser.addMappingFrombfrange(CMap,byte[],List)",fontbox/src/main/java/org/apache/fontbox/cmap/CMapParser.java,,,,,,,,,,,,,,,,,,,,,,,,,5,9,0,9,2,4,0,3,2,3,6,3,4,2,2,2,1,,,,,,1,,0,00,2,2,2,1
Private Method,"org.apache.fontbox.cmap.CMapParser.addMappingFrombfrange(CMap,byte[],int,byte[])",fontbox/src/main/java/org/apache/fontbox/cmap/CMapParser.java,,,,,,,,,,,,,,,,,,,,,,,,,7,15,0,14,3,6,1,3,3,6,9,3,7,3,3,3,3,,,,,,2,,0,07,3,3,3,3
Private Method,"org.apache.fontbox.cmap.CMapParser.checkExpectedOperator(Operator,String,String)",fontbox/src/main/java/org/apache/fontbox/cmap/CMapParser.java,,,,,,,,,,,,,,,,,,,,,,,,,9,18,0,8,1,3,10,2,2,1,3,1,2,2,2,2,1,,,,,,1,,1,25,2,2,2,1
Private Method,"org.apache.fontbox.cmap.CMapParser.createStringFromBytes(byte[])",fontbox/src/main/java/org/apache/fontbox/cmap/CMapParser.java,,,,,,,,,,,,,,,,,,,,,,,,,7,4,0,4,1,1,0,2,1,1,2,1,1,2,2,2,1,,,,,,0,,0,00,2,2,2,1
Protected Method,"org.apache.fontbox.cmap.CMapParser.getExternalCMap(String)",fontbox/src/main/java/org/apache/fontbox/cmap/CMapParser.java,,,,,,,,,,,,,,,,,,,,,,,,,3,16,0,9,2,4,7,4,2,3,5,2,4,2,2,2,1,,,,,,1,,0,78,2,2,2,1
Private Method,"org.apache.fontbox.cmap.CMapParser.increment(byte[],int,boolean)",fontbox/src/main/java/org/apache/fontbox/cmap/CMapParser.java,,,,,,,,,,,,,,,,,,,,,,,,,5,19,0,17,1,8,2,2,3,5,8,1,7,3,3,4,3,,,,,,2,,0,12,3,3,4,3
Private Method,"org.apache.fontbox.cmap.CMapParser.isDelimiter(int)",fontbox/src/main/java/org/apache/fontbox/cmap/CMapParser.java,,,,,,,,,,,,,,,,,,,,,,,,,2,20,0,19,1,14,1,1,2,2,4,1,3,11,2,11,1,,,,,,1,,0,05,11,2,11,1
Private Method,"org.apache.fontbox.cmap.CMapParser.isWhitespaceOrEOF(int)",fontbox/src/main/java/org/apache/fontbox/cmap/CMapParser.java,,,,,,,,,,,,,,,,,,,,,,,,,2,4,0,4,1,1,0,1,1,1,2,1,1,1,1,4,1,,,,,,0,,0,00,1,1,4,1
Public Method,"org.apache.fontbox.cmap.CMapParser.parse(File)",fontbox/src/main/java/org/apache/fontbox/cmap/CMapParser.java,,,,,,,,,,,,,,,,,,,,,,,,,6,14,0,7,1,2,7,3,1,1,3,1,2,1,1,1,1,,,,,,1,,1,00,1,1,1,1
Public Method,"org.apache.fontbox.cmap.CMapParser.parse(InputStream)",fontbox/src/main/java/org/apache/fontbox/cmap/CMapParser.java,,,,,,,,,,,,,,,,,,,,,,,,,7,63,1,54,6,26,8,12,21,15,28,6,24,13,13,15,4,,,,,,5,,0,15,13,13,15,4
Private Method,"org.apache.fontbox.cmap.CMapParser.parseBeginbfchar(Number,PushbackInputStream,CMap)",fontbox/src/main/java/org/apache/fontbox/cmap/CMapParser.java,,,,,,,,,,,,,,,,,,,,,,,,,5,29,0,29,5,16,0,7,7,12,17,6,13,5,5,5,3,,,,,,2,,0,00,5,5,5,3
Private Method,"org.apache.fontbox.cmap.CMapParser.parseBeginbfrange(Number,PushbackInputStream,CMap)",fontbox/src/main/java/org/apache/fontbox/cmap/CMapParser.java,,,,,,,,,,,,,,,,,,,,,,,,,5,75,0,66,8,37,9,9,225,27,40,10,33,13,13,18,5,,,,,,5,,0,14,13,13,18,5
Private Method,"org.apache.fontbox.cmap.CMapParser.parseBegincidchar(Number,PushbackInputStream,CMap)",fontbox/src/main/java/org/apache/fontbox/cmap/CMapParser.java,,,,,,,,,,,,,,,,,,,,,,,,,4,15,0,15,4,8,0,4,3,8,11,5,8,3,3,3,3,,,,,,2,,0,00,3,3,3,3
Private Method,"org.apache.fontbox.cmap.CMapParser.parseBegincidrange(int,PushbackInputStream,CMap)",fontbox/src/main/java/org/apache/fontbox/cmap/CMapParser.java,,,,,,,,,,,,,,,,,,,,,,,,,5,32,0,31,5,16,1,6,7,11,16,6,13,5,5,5,3,,,,,,3,,0,03,5,5,5,3
Private Method,"org.apache.fontbox.cmap.CMapParser.parseBegincodespacerange(Number,PushbackInputStream,CMap)",fontbox/src/main/java/org/apache/fontbox/cmap/CMapParser.java,,,,,,,,,,,,,,,,,,,,,,,,,5,22,0,22,4,11,0,6,5,9,13,5,10,4,4,4,3,,,,,,2,,0,00,4,4,4,3
Private Method,"org.apache.fontbox.cmap.CMapParser.parseLiteralName(LiteralName,PushbackInputStream,CMap)",fontbox/src/main/java/org/apache/fontbox/cmap/CMapParser.java,,,,,,,,,,,,,,,,,,,,,,,,,5,75,0,75,8,40,0,9,16,23,33,8,32,16,10,16,1,,,,,,2,,0,00,16,10,16,1
Private Method,"org.apache.fontbox.cmap.CMapParser.parseNextToken(PushbackInputStream)",fontbox/src/main/java/org/apache/fontbox/cmap/CMapParser.java,,,,,,,,,,,,,,,,,,,,,,,,,14,225,7,207,22,130,11,25,82,82,104,22,98,39,22,55,16,,,,,,5,,0,05,39,22,55,16
Public Method,"org.apache.fontbox.cmap.CMapParser.parsePredefined(String)",fontbox/src/main/java/org/apache/fontbox/cmap/CMapParser.java,,,,,,,,,,,,,,,,,,,,,,,,,7,16,0,8,1,3,8,5,1,2,4,1,3,1,1,1,1,,,,,,1,,1,00,1,1,1,1
Private Method,"org.apache.fontbox.cmap.CMapParser.parseUsecmap(LiteralName,CMap)",fontbox/src/main/java/org/apache/fontbox/cmap/CMapParser.java,,,,,,,,,,,,,,,,,,,,,,,,,4,8,0,8,2,3,0,4,1,2,4,2,3,1,1,1,1,,,,,,1,,0,00,1,1,1,1
Private Method,"org.apache.fontbox.cmap.CMapParser.readUntilEndOfLine(InputStream,StringBuilder)",fontbox/src/main/java/org/apache/fontbox/cmap/CMapParser.java,,,,,,,,,,,,,,,,,,,,,,,,,3,9,0,9,2,4,0,2,2,3,5,2,4,2,2,4,1,,,,,,1,,0,00,2,2,4,1
Public Class,"org.apache.fontbox.cmap.CodespaceRange",fontbox/src/main/java/org/apache/fontbox/cmap/CodespaceRange.java,2,2,3,1,17,0,11,5,1,1,0,,0,0,,,4,3,4,16,0,0,0,4,,84,5,51,10,21,28,,,21,32,12,20,,,,,4,4,6,4,1,2,41,0,55,10,10,13,7
Public Constructor,"org.apache.fontbox.cmap.CodespaceRange.CodespaceRange(byte[],byte[])",fontbox/src/main/java/org/apache/fontbox/cmap/CodespaceRange.java,,,,,,,,,,,,,,,,,,,,,,,,,7,32,0,21,2,12,11,5,6,10,14,3,11,4,4,6,1,,,,,,1,,0,52,4,4,6,1
Public Method,"org.apache.fontbox.cmap.CodespaceRange.getCodeLength()",fontbox/src/main/java/org/apache/fontbox/cmap/CodespaceRange.java,,,,,,,,,,,,,,,,,,,,,,,,,3,9,0,4,1,1,5,1,1,1,2,1,1,1,1,1,1,,,,,,0,,1,25,1,1,1,1
Public Method,"org.apache.fontbox.cmap.CodespaceRange.isFullMatch(byte[],int)",fontbox/src/main/java/org/apache/fontbox/cmap/CodespaceRange.java,,,,,,,,,,,,,,,,,,,,,,,,,7,20,0,16,2,7,4,1,4,6,10,3,7,4,4,5,4,,,,,,2,,0,25,4,4,5,4
Public Method,"org.apache.fontbox.cmap.CodespaceRange.matches(byte[])",fontbox/src/main/java/org/apache/fontbox/cmap/CodespaceRange.java,,,,,,,,,,,,,,,,,,,,,,,,,3,7,0,4,1,1,3,2,1,1,2,1,1,1,1,1,1,,,,,,0,,0,75,1,1,1,1
Class,"org.apache.fontbox.cmap.TestCMap",fontbox/src/test/java/org/apache/fontbox/cmap/TestCMap.java,1,1,1,1,13,0,8,5,1,6,0,,0,0,,,2,0,2,14,2,0,0,0,,36,2,20,8,7,14,,,6,10,6,6,,,,,1,1,1,1,1,1,0,0,70,2,2,2,2
Method,"org.apache.fontbox.cmap.TestCMap.testLookup()",fontbox/src/test/java/org/apache/fontbox/cmap/TestCMap.java,,,,,,,,,,,,,,,,,,,,,,,,,0,12,0,8,4,4,4,4,1,4,5,3,3,1,1,1,1,,,,,,0,,0,50,1,1,1,1
Method,"org.apache.fontbox.cmap.TestCMap.testPDFBox3997()",fontbox/src/test/java/org/apache/fontbox/cmap/TestCMap.java,,,,,,,,,,,,,,,,,,,,,,,,,0,15,0,9,3,3,6,5,1,2,4,2,3,1,1,1,1,,,,,,1,,0,67,1,1,1,1
Class,"org.apache.fontbox.cmap.TestCMapParser",fontbox/src/test/java/org/apache/fontbox/cmap/TestCMapParser.java,1,1,1,1,19,3,14,2,1,7,0,,0,0,,,10,0,10,22,10,0,0,0,,210,43,143,55,100,24,,,82,93,42,62,,,,,1,1,1,1,1,0,0,0,17,10,10,10,10
Method,"org.apache.fontbox.cmap.TestCMapParser.testAdobe_GB1_UCS2()",fontbox/src/test/java/org/apache/fontbox/cmap/TestCMapParser.java,,,,,,,,,,,,,,,,,,,,,,,,,0,8,1,7,3,3,0,4,1,2,3,2,2,1,1,1,1,,,,,,0,,0,00,1,1,1,1
Method,"org.apache.fontbox.cmap.TestCMapParser.testIdentity()",fontbox/src/test/java/org/apache/fontbox/cmap/TestCMapParser.java,,,,,,,,,,,,,,,,,,,,,,,,,0,10,1,9,3,5,0,4,1,4,5,2,4,1,1,1,1,,,,,,0,,0,00,1,1,1,1
Method,"org.apache.fontbox.cmap.TestCMapParser.testIdentitybfrange()",fontbox/src/test/java/org/apache/fontbox/cmap/TestCMapParser.java,,,,,,,,,,,,,,,,,,,,,,,,,1,27,2,22,5,18,3,7,1,12,13,3,11,1,1,1,1,,,,,,0,,0,14,1,1,1,1
Method,"org.apache.fontbox.cmap.TestCMapParser.testLookup()",fontbox/src/test/java/org/apache/fontbox/cmap/TestCMapParser.java,,,,,,,,,,,,,,,,,,,,,,,,,0,52,11,34,21,30,7,7,1,29,30,20,12,1,1,1,1,,,,,,0,,0,21,1,1,1,1
Method,"org.apache.fontbox.cmap.TestCMapParser.testParserWithMalformedbfrange1()",fontbox/src/test/java/org/apache/fontbox/cmap/TestCMapParser.java,,,,,,,,,,,,,,,,,,,,,,,,,0,15,4,11,6,7,0,7,1,6,7,4,4,1,1,1,1,,,,,,0,,0,00,1,1,1,1
Method,"org.apache.fontbox.cmap.TestCMapParser.testParserWithMalformedbfrange2()",fontbox/src/test/java/org/apache/fontbox/cmap/TestCMapParser.java,,,,,,,,,,,,,,,,,,,,,,,,,0,26,6,17,4,13,3,8,1,9,10,2,9,1,1,1,1,,,,,,0,,0,18,1,1,1,1
Method,"org.apache.fontbox.cmap.TestCMapParser.testParserWithPoorWhitespace()",fontbox/src/test/java/org/apache/fontbox/cmap/TestCMapParser.java,,,,,,,,,,,,,,,,,,,,,,,,,0,11,1,6,3,2,4,4,1,2,3,2,2,1,1,1,1,,,,,,0,,0,67,1,1,1,1
Method,"org.apache.fontbox.cmap.TestCMapParser.testPredefinedMap()",fontbox/src/test/java/org/apache/fontbox/cmap/TestCMapParser.java,,,,,,,,,,,,,,,,,,,,,,,,,0,14,2,12,3,8,0,10,1,8,9,2,8,1,1,1,1,,,,,,0,,0,00,1,1,1,1
Method,"org.apache.fontbox.cmap.TestCMapParser.testUniJIS_UCS2_H()",fontbox/src/test/java/org/apache/fontbox/cmap/TestCMapParser.java,,,,,,,,,,,,,,,,,,,,,,,,,0,7,1,6,3,2,0,4,1,2,3,2,2,1,1,1,1,,,,,,0,,0,00,1,1,1,1
Method,"org.apache.fontbox.cmap.TestCMapParser.testUniJIS_UTF16_H()",fontbox/src/test/java/org/apache/fontbox/cmap/TestCMapParser.java,,,,,,,,,,,,,,,,,,,,,,,,,0,23,4,16,3,12,3,7,1,8,9,2,8,1,1,1,1,,,,,,0,,0,19,1,1,1,1
Class,"org.apache.fontbox.cmap.TestCodespaceRange",fontbox/src/test/java/org/apache/fontbox/cmap/TestCodespaceRange.java,1,1,1,1,28,1,19,8,1,3,0,,0,0,,,3,0,3,15,3,0,0,0,,95,7,60,23,41,28,,,39,44,20,28,,,,,2,2,2,1,1,1,0,0,47,4,4,4,3
Method,"org.apache.fontbox.cmap.TestCodespaceRange.testCodeLength()",fontbox/src/test/java/org/apache/fontbox/cmap/TestCodespaceRange.java,,,,,,,,,,,,,,,,,,,,,,,,,0,16,1,12,8,8,3,3,1,8,9,7,4,1,1,1,1,,,,,,0,,0,25,1,1,1,1
Method,"org.apache.fontbox.cmap.TestCodespaceRange.testConstructor()",fontbox/src/test/java/org/apache/fontbox/cmap/TestCodespaceRange.java,,,,,,,,,,,,,,,,,,,,,,,,,0,24,1,17,6,9,6,2,2,7,9,5,4,2,2,2,1,,,,,,1,,0,35,2,2,2,1
Method,"org.apache.fontbox.cmap.TestCodespaceRange.testMatches()",fontbox/src/test/java/org/apache/fontbox/cmap/TestCodespaceRange.java,,,,,,,,,,,,,,,,,,,,,,,,,0,44,1,28,8,24,15,4,1,24,25,7,20,1,1,1,1,,,,,,0,,0,54,1,1,1,1
Package,"org.apache.fontbox.encoding",fontbox/src/main/java/org/apache/fontbox/encoding/BuiltInEncoding.java,1,1,1,1,11,0,7,4,,,,5,0,8,5,,9,2,9,,2,1,1,5,,640,25,458,398,393,157,,,47,66,40,31,,,,,2,2,2,1,,1,,0,34,12,12,12,9
Public Class,"org.apache.fontbox.encoding.BuiltInEncoding",fontbox/src/main/java/org/apache/fontbox/encoding/BuiltInEncoding.java,1,1,1,1,9,0,4,5,1,1,0,,0,0,,,1,0,1,17,0,0,0,1,,16,0,6,2,1,10,,,1,3,2,1,,,,,1,1,1,1,2,0,0,1,67,1,1,1,1
Public Constructor,"org.apache.fontbox.encoding.BuiltInEncoding.BuiltInEncoding(Map<Integer,String>)",fontbox/src/main/java/org/apache/fontbox/encoding/BuiltInEncoding.java,,,,,,,,,,,,,,,,,,,,,,,,,3,9,0,4,1,1,5,2,1,1,2,1,1,1,1,1,1,,,,,,0,,1,25,1,1,1,1
Public Abstract Class,"org.apache.fontbox.encoding.Encoding",fontbox/src/main/java/org/apache/fontbox/encoding/Encoding.java,1,1,1,1,11,0,5,6,1,5,4,,0,0,,,4,2,4,16,0,0,1,3,,67,5,27,8,10,35,,,9,15,8,10,,,,,2,2,2,1,1,1,37,1,30,5,5,5,4
Protected Method,"org.apache.fontbox.encoding.Encoding.addCharacterEncoding(int,String)",fontbox/src/main/java/org/apache/fontbox/encoding/Encoding.java,,,,,,,,,,,,,,,,,,,,,,,,,8,11,0,5,1,2,6,1,1,2,3,1,2,1,1,1,1,,,,,,0,,1,20,1,1,1,1
Public Method,"org.apache.fontbox.encoding.Encoding.getCode(String)",fontbox/src/main/java/org/apache/fontbox/encoding/Encoding.java,,,,,,,,,,,,,,,,,,,,,,,,,6,10,0,4,1,1,6,2,1,1,2,1,1,1,1,1,1,,,,,,0,,1,50,1,1,1,1
Public Method,"org.apache.fontbox.encoding.Encoding.getCodeToNameMap()",fontbox/src/main/java/org/apache/fontbox/encoding/Encoding.java,,,,,,,,,,,,,,,,,,,,,,,,,2,9,0,4,1,1,5,2,1,1,2,1,1,1,1,1,1,,,,,,0,,1,25,1,1,1,1
Public Method,"org.apache.fontbox.encoding.Encoding.getName(int)",fontbox/src/main/java/org/apache/fontbox/encoding/Encoding.java,,,,,,,,,,,,,,,,,,,,,,,,,7,16,0,9,2,4,7,2,2,3,5,2,4,2,2,2,1,,,,,,1,,0,78,2,2,2,1
Class,"org.apache.fontbox.encoding.EncodingTest",fontbox/src/test/java/org/apache/fontbox/encoding/EncodingTest.java,1,1,1,1,13,0,12,1,1,4,0,,0,0,,,2,0,2,14,2,0,0,0,,31,2,27,7,16,2,,,16,19,5,14,,,,,1,1,1,1,1,0,0,0,07,2,2,2,2
Method,"org.apache.fontbox.encoding.EncodingTest.testMacRomanEncoding()",fontbox/src/test/java/org/apache/fontbox/encoding/EncodingTest.java,,,,,,,,,,,,,,,,,,,,,,,,,1,13,0,12,3,8,1,3,1,8,9,2,7,1,1,1,1,,,,,,0,,0,08,1,1,1,1
Method,"org.apache.fontbox.encoding.EncodingTest.testStandardEncoding()",fontbox/src/test/java/org/apache/fontbox/encoding/EncodingTest.java,,,,,,,,,,,,,,,,,,,,,,,,,1,13,0,12,3,8,1,3,1,8,9,2,7,1,1,1,1,,,,,,0,,0,08,1,1,1,1
Public Class,"org.apache.fontbox.encoding.MacRomanEncoding",fontbox/src/main/java/org/apache/fontbox/encoding/MacRomanEncoding.java,2,2,2,1,10,0,7,3,1,1,0,,0,4,,,1,0,1,17,0,1,0,0,,242,5,221,214,212,16,,,5,9,7,3,,,,,2,2,2,1,2,1,0,0,07,2,2,2,1
Private Constructor,"org.apache.fontbox.encoding.MacRomanEncoding.MacRomanEncoding()",fontbox/src/main/java/org/apache/fontbox/encoding/MacRomanEncoding.java,,,,,,,,,,,,,,,,,,,,,,,,,3,10,0,7,1,2,3,3,2,1,4,2,2,2,2,2,1,,,,,,1,,0,43,2,2,2,1
Public Class,"org.apache.fontbox.encoding.StandardEncoding",fontbox/src/main/java/org/apache/fontbox/encoding/StandardEncoding.java,2,2,2,1,10,0,7,3,1,1,0,,0,4,,,1,0,1,17,0,0,0,1,,180,2,163,156,154,15,,,5,9,7,3,,,,,2,2,2,1,2,1,0,0,09,2,2,2,1
Public Constructor,"org.apache.fontbox.encoding.StandardEncoding.StandardEncoding()",fontbox/src/main/java/org/apache/fontbox/encoding/StandardEncoding.java,,,,,,,,,,,,,,,,,,,,,,,,,3,10,0,7,1,2,3,3,2,1,4,2,2,2,2,2,1,,,,,,1,,0,43,2,2,2,1
Package,"org.apache.fontbox.pfb",fontbox/src/main/java/org/apache/fontbox/pfb/PfbParser.java,1,1,1,1,13,0,8,4,,,,2,0,6,2,,13,2,13,,2,2,0,9,,314,29,155,52,67,130,,,77,103,51,57,,,,,8,8,8,1,,2,,0,84,23,23,23,14
Public Class,"org.apache.fontbox.pfb.PfbParser",fontbox/src/main/java/org/apache/fontbox/pfb/PfbParser.java,1,1,1,1,13,0,8,4,1,9,0,,0,6,,,11,2,11,23,0,2,0,9,,211,22,103,29,48,86,,,42,62,29,38,,,,,8,8,8,1,1,2,54,0,83,19,19,19,11
Public Constructor,"org.apache.fontbox.pfb.PfbParser.PfbParser(InputStream)",fontbox/src/main/java/org/apache/fontbox/pfb/PfbParser.java,,,,,,,,,,,,,,,,,,,,,,,,,2,10,0,5,2,2,5,3,1,2,3,2,2,1,1,1,1,,,,,,0,,1,00,1,1,1,1
Public Constructor,"org.apache.fontbox.pfb.PfbParser.PfbParser(String)",fontbox/src/main/java/org/apache/fontbox/pfb/PfbParser.java,,,,,,,,,,,,,,,,,,,,,,,,,1,9,0,4,1,1,5,4,1,1,2,1,1,1,1,1,1,,,,,,0,,1,25,1,1,1,1
Public Constructor,"org.apache.fontbox.pfb.PfbParser.PfbParser(byte[])",fontbox/src/main/java/org/apache/fontbox/pfb/PfbParser.java,,,,,,,,,,,,,,,,,,,,,,,,,4,9,0,4,1,1,5,2,1,1,2,1,1,1,1,1,1,,,,,,0,,1,25,1,1,1,1
Public Method,"org.apache.fontbox.pfb.PfbParser.getInputStream()",fontbox/src/main/java/org/apache/fontbox/pfb/PfbParser.java,,,,,,,,,,,,,,,,,,,,,,,,,2,8,0,4,1,1,4,2,1,1,2,1,1,1,1,1,1,,,,,,0,,1,00,1,1,1,1
Public Method,"org.apache.fontbox.pfb.PfbParser.getLengths()",fontbox/src/main/java/org/apache/fontbox/pfb/PfbParser.java,,,,,,,,,,,,,,,,,,,,,,,,,2,8,0,4,1,1,4,1,1,1,2,1,1,1,1,1,1,,,,,,0,,1,00,1,1,1,1
Public Method,"org.apache.fontbox.pfb.PfbParser.getPfbdata()",fontbox/src/main/java/org/apache/fontbox/pfb/PfbParser.java,,,,,,,,,,,,,,,,,,,,,,,,,1,8,0,4,1,1,4,1,1,1,2,1,1,1,1,1,1,,,,,,0,,1,00,1,1,1,1
Public Method,"org.apache.fontbox.pfb.PfbParser.getSegment1()",fontbox/src/main/java/org/apache/fontbox/pfb/PfbParser.java,,,,,,,,,,,,,,,,,,,,,,,,,4,8,0,4,1,1,4,2,1,1,2,1,1,1,1,1,1,,,,,,0,,1,00,1,1,1,1
Public Method,"org.apache.fontbox.pfb.PfbParser.getSegment2()",fontbox/src/main/java/org/apache/fontbox/pfb/PfbParser.java,,,,,,,,,,,,,,,,,,,,,,,,,4,8,0,4,1,1,4,2,1,1,2,1,1,1,1,1,1,,,,,,0,,1,00,1,1,1,1
Private Method,"org.apache.fontbox.pfb.PfbParser.parsePfb(byte[])",fontbox/src/main/java/org/apache/fontbox/pfb/PfbParser.java,,,,,,,,,,,,,,,,,,,,,,,,,8,50,2,43,5,26,5,8,66,19,27,6,24,8,8,8,1,,,,,,2,,0,12,8,8,8,1
Private Method,"org.apache.fontbox.pfb.PfbParser.readFully(InputStream)",fontbox/src/main/java/org/apache/fontbox/pfb/PfbParser.java,,,,,,,,,,,,,,,,,,,,,,,,,3,18,0,11,4,5,7,5,2,5,7,4,4,2,2,2,1,,,,,,1,,0,64,2,2,2,1
Public Method,"org.apache.fontbox.pfb.PfbParser.size()",fontbox/src/main/java/org/apache/fontbox/pfb/PfbParser.java,,,,,,,,,,,,,,,,,,,,,,,,,3,8,0,4,1,1,4,1,1,1,2,1,1,1,1,1,1,,,,,,0,,1,00,1,1,1,1
Class,"org.apache.fontbox.pfb.PfbParserTest",fontbox/src/test/java/org/apache/fontbox/pfb/PfbParserTest.java,1,1,1,1,20,0,16,4,1,10,0,,0,0,,,2,0,2,14,2,0,0,0,,48,1,35,6,19,12,,,18,24,5,19,,,,,2,2,2,1,1,1,0,0,34,4,4,4,3
Method,"org.apache.fontbox.pfb.PfbParserTest.testEmpty()",fontbox/src/test/java/org/apache/fontbox/pfb/PfbParserTest.java,,,,,,,,,,,,,,,,,,,,,,,,,1,8,0,5,2,1,3,1,1,1,2,1,1,1,1,1,1,,,,,,0,,0,60,2,2,2,2
Lambda Method,"org.apache.fontbox.pfb.PfbParserTest.testEmpty.(lambda_expr_1)()",fontbox/src/test/java/org/apache/fontbox/pfb/PfbParserTest.java,,,,,,,,,,,,,,,,,,,,,,,,,0,1,0,1,0,1,0,2,1,0,0,0,0,1,1,1,1,,,,,,0,,0,00,1,1,1,1
Method,"org.apache.fontbox.pfb.PfbParserTest.testPfb()",fontbox/src/test/java/org/apache/fontbox/pfb/PfbParserTest.java,,,,,,,,,,,,,,,,,,,,,,,,,1,32,0,27,3,18,5,22,2,17,21,3,18,2,2,2,1,,,,,,1,,0,19,2,2,2,1
Package,"org.apache.fontbox.ttf",fontbox/src/main/java/org/apache/fontbox/ttf/BufferedRandomAccessFile.java,1,1,1,1,14,0,9,3,,,,60,9,148,54,,645,251,654,,113,88,6,447,,12396,1085,7411,2327,3499,3940,,,3340,4550,2157,2859,,,,,18,18,22,6,,7,,0,53,1143,1110,1242,743
Public Class,"org.apache.fontbox.ttf.BufferedRandomAccessFile",fontbox/src/main/java/org/apache/fontbox/ttf/BufferedRandomAccessFile.java,2,2,2,1,18,0,11,6,1,6,0,,0,0,,,8,4,8,70,0,2,0,6,,181,11,101,25,47,71,,,38,55,19,37,,,,,5,5,5,5,1,3,34,0,70,16,16,18,14
Public Constructor,"org.apache.fontbox.ttf.BufferedRandomAccessFile.BufferedRandomAccessFile(File,String,int)",fontbox/src/main/java/org/apache/fontbox/ttf/BufferedRandomAccessFile.java,,,,,,,,,,,,,,,,,,,,,,,,,6,18,0,6,2,2,12,3,1,2,3,1,2,1,1,1,1,,,,,,0,,2,00,1,1,1,1
Public Constructor,"org.apache.fontbox.ttf.BufferedRandomAccessFile.BufferedRandomAccessFile(String,String,int)",fontbox/src/main/java/org/apache/fontbox/ttf/BufferedRandomAccessFile.java,,,,,,,,,,,,,,,,,,,,,,,,,3,18,0,6,2,2,12,3,1,2,3,1,2,1,1,1,1,,,,,,0,,2,00,1,1,1,1
Private Method,"org.apache.fontbox.ttf.BufferedRandomAccessFile.fillBuffer()",fontbox/src/main/java/org/apache/fontbox/ttf/BufferedRandomAccessFile.java,,,,,,,,,,,,,,,,,,,,,,,,,3,20,1,11,2,6,8,5,2,5,7,2,6,2,2,2,1,,,,,,1,,0,73,2,2,2,1
Public Method,"org.apache.fontbox.ttf.BufferedRandomAccessFile.getFilePointer()",fontbox/src/main/java/org/apache/fontbox/ttf/BufferedRandomAccessFile.java,,,,,,,,,,,,,,,,,,,,,,,,,4,8,0,5,2,1,3,1,1,1,2,1,1,1,1,1,1,,,,,,0,,0,60,1,1,1,1
Private Method,"org.apache.fontbox.ttf.BufferedRandomAccessFile.invalidate()",fontbox/src/main/java/org/apache/fontbox/ttf/BufferedRandomAccessFile.java,,,,,,,,,,,,,,,,,,,,,,,,,1,11,0,6,1,3,5,4,1,3,4,1,3,1,1,1,1,,,,,,0,,0,83,1,1,1,1
Public Final Method,"org.apache.fontbox.ttf.BufferedRandomAccessFile.read()",fontbox/src/main/java/org/apache/fontbox/ttf/BufferedRandomAccessFile.java,,,,,,,,,,,,,,,,,,,,,,,,,4,18,0,13,2,5,5,3,3,3,6,1,5,3,3,4,3,,,,,,1,,0,38,3,3,4,3
Public Method,"org.apache.fontbox.ttf.BufferedRandomAccessFile.read(byte[],int,int)",fontbox/src/main/java/org/apache/fontbox/ttf/BufferedRandomAccessFile.java,,,,,,,,,,,,,,,,,,,,,,,,,8,38,1,33,6,19,6,4,5,14,19,5,14,5,5,5,5,,,,,,3,,0,18,5,5,5,5
Public Method,"org.apache.fontbox.ttf.BufferedRandomAccessFile.seek(long)",fontbox/src/main/java/org/apache/fontbox/ttf/BufferedRandomAccessFile.java,,,,,,,,,,,,,,,,,,,,,,,,,4,17,0,14,3,6,3,3,2,4,6,2,4,2,2,3,1,,,,,,1,,0,21,2,2,3,1
Class,"org.apache.fontbox.ttf.BufferedRandomAccessFileTest",fontbox/src/test/java/org/apache/fontbox/ttf/BufferedRandomAccessFileTest.java,1,1,1,1,60,8,47,5,1,9,0,,0,0,,,2,0,2,14,2,0,0,0,,130,19,97,15,75,14,,,71,79,13,69,,,,,2,2,2,1,1,2,0,0,14,3,3,3,2
Method,"org.apache.fontbox.ttf.BufferedRandomAccessFileTest.ensureReadFinishes()",fontbox/src/test/java/org/apache/fontbox/ttf/BufferedRandomAccessFileTest.java,,,,,,,,,,,,,,,,,,,,,,,,,1,30,2,23,7,12,5,10,2,10,14,6,9,2,2,2,1,,,,,,2,,0,22,2,2,2,1
Method,"org.apache.fontbox.ttf.BufferedRandomAccessFileTest.testReadBuffer()",fontbox/src/test/java/org/apache/fontbox/ttf/BufferedRandomAccessFileTest.java,,,,,,,,,,,,,,,,,,,,,,,,,1,91,15,71,7,63,5,14,1,61,64,6,60,1,1,1,1,,,,,,1,,0,07,1,1,1,1
Public Class,"org.apache.fontbox.ttf.CFFTable",fontbox/src/main/java/org/apache/fontbox/ttf/CFFTable.java,1,1,1,1,9,0,5,3,1,9,0,,0,1,,,3,1,3,26,2,0,0,1,,62,9,34,14,9,19,,,11,18,12,8,,,,,1,1,1,1,2,0,33,0,56,3,3,3,3
Private Static Class,"org.apache.fontbox.ttf.CFFTable.CFFBytesource",fontbox/src/main/java/org/apache/fontbox/ttf/CFFTable.java,1,1,1,1,4,0,4,0,2,5,0,,0,0,,,2,1,2,14,1,0,0,1,,18,2,13,5,2,3,,,3,6,4,2,,,,,1,1,1,1,1,0,0,0,23,2,2,2,2
Constructor,"org.apache.fontbox.ttf.CFFTable.CFFBytesource.CFFBytesource(TrueTypeFont)",fontbox/src/main/java/org/apache/fontbox/ttf/CFFTable.java,,,,,,,,,,,,,,,,,,,,,,,,,2,4,0,4,1,1,0,2,1,1,2,1,1,1,1,1,1,,,,,,0,,0,00,1,1,1,1
Public Method,"org.apache.fontbox.ttf.CFFTable.CFFBytesource.getBytes()",fontbox/src/main/java/org/apache/fontbox/ttf/CFFTable.java,,,,,,,,,,,,,,,,,,,,,,,,,2,5,0,5,2,1,0,4,1,1,2,1,1,1,1,1,1,,,,,,0,,0,00,1,1,1,1
Constructor,"org.apache.fontbox.ttf.CFFTable.CFFTable(TrueTypeFont)",fontbox/src/main/java/org/apache/fontbox/ttf/CFFTable.java,,,,,,,,,,,,,,,,,,,,,,,,,2,4,0,4,1,1,0,2,1,1,2,1,1,1,1,1,1,,,,,,0,,0,00,1,1,1,1
Public Method,"org.apache.fontbox.ttf.CFFTable.getFont()",fontbox/src/main/java/org/apache/fontbox/ttf/CFFTable.java,,,,,,,,,,,,,,,,,,,,,,,,,5,7,0,4,1,1,3,1,1,1,2,1,1,1,1,1,1,,,,,,0,,0,75,1,1,1,1
Method,"org.apache.fontbox.ttf.CFFTable.read(TrueTypeFont,TTFDataStream)",fontbox/src/main/java/org/apache/fontbox/ttf/CFFTable.java,,,,,,,,,,,,,,,,,,,,,,,,,2,17,2,8,4,4,7,7,1,4,5,3,4,1,1,1,1,,,,,,0,,0,88,1,1,1,1
Public Interface,"org.apache.fontbox.ttf.CmapLookup",fontbox/src/main/java/org/apache/fontbox/ttf/CmapLookup.java,0,0,0,0,0,0,0,0,0,1,2,,0,0,,,2,0,2,2,2,0,0,0,,18,2,4,3,0,12,,,2,3,3,0,,,,,0,0,0,0,0,0,0,3,00,0,0,0,0
Abstract Method,"org.apache.fontbox.ttf.CmapLookup.getCharCodes(int)",fontbox/src/main/java/org/apache/fontbox/ttf/CmapLookup.java,,,,,,,,,,,,,,,,,,,,,,,,,4,7,0,1,1,0,6,1,0,1,1,1,0,0,0,0,0,,,,,,0,,6,00,0,0,0,0
Abstract Method,"org.apache.fontbox.ttf.CmapLookup.getGlyphId(int)",fontbox/src/main/java/org/apache/fontbox/ttf/CmapLookup.java,,,,,,,,,,,,,,,,,,,,,,,,,9,7,0,1,1,0,6,1,0,1,1,1,0,0,0,0,0,,,,,,0,,6,00,0,0,0,0
Public Class,"org.apache.fontbox.ttf.CmapSubtable",fontbox/src/main/java/org/apache/fontbox/ttf/CmapSubtable.java,3,3,4,1,29,1,21,6,2,18,0,,0,3,,,21,6,21,33,11,3,0,7,,714,58,496,116,283,160,,,248,328,127,249,,,,,11,11,16,5,1,5,80,0,32,83,75,105,33
Private Static Class,"org.apache.fontbox.ttf.CmapSubtable.SubHeader",fontbox/src/main/java/org/apache/fontbox/ttf/CmapSubtable.java,1,1,1,1,7,0,4,2,1,0,0,,0,0,,,5,4,5,17,0,5,0,0,,58,5,30,10,8,23,,,12,18,10,8,,,,,1,1,1,1,1,0,60,0,77,5,5,5,5
Private Constructor,"org.apache.fontbox.ttf.CmapSubtable.SubHeader.SubHeader(int,int,short,int)",fontbox/src/main/java/org/apache/fontbox/ttf/CmapSubtable.java,,,,,,,,,,,,,,,,,,,,,,,,,5,7,0,7,1,4,0,5,1,4,5,1,4,1,1,1,1,,,,,,0,,0,00,1,1,1,1
Private Method,"org.apache.fontbox.ttf.CmapSubtable.SubHeader.getEntryCount()",fontbox/src/main/java/org/apache/fontbox/ttf/CmapSubtable.java,,,,,,,,,,,,,,,,,,,,,,,,,2,7,0,4,1,1,3,1,1,1,2,1,1,1,1,1,1,,,,,,0,,0,75,1,1,1,1
Private Method,"org.apache.fontbox.ttf.CmapSubtable.SubHeader.getFirstCode()",fontbox/src/main/java/org/apache/fontbox/ttf/CmapSubtable.java,,,,,,,,,,,,,,,,,,,,,,,,,2,7,0,4,1,1,3,1,1,1,2,1,1,1,1,1,1,,,,,,0,,0,75,1,1,1,1
Private Method,"org.apache.fontbox.ttf.CmapSubtable.SubHeader.getIdDelta()",fontbox/src/main/java/org/apache/fontbox/ttf/CmapSubtable.java,,,,,,,,,,,,,,,,,,,,,,,,,2,7,0,4,1,1,3,1,1,1,2,1,1,1,1,1,1,,,,,,0,,0,75,1,1,1,1
Private Method,"org.apache.fontbox.ttf.CmapSubtable.SubHeader.getIdRangeOffset()",fontbox/src/main/java/org/apache/fontbox/ttf/CmapSubtable.java,,,,,,,,,,,,,,,,,,,,,,,,,2,7,0,4,1,1,3,1,1,1,2,1,1,1,1,1,1,,,,,,0,,0,75,1,1,1,1
Private Method,"org.apache.fontbox.ttf.CmapSubtable.buildGlyphIdToCharacterCodeLookup(int)",fontbox/src/main/java/org/apache/fontbox/ttf/CmapSubtable.java,,,,,,,,,,,,,,,,,,,,,,,,,6,26,0,23,2,13,3,3,1,9,12,2,11,1,1,1,1,,,,,,2,,0,13,4,4,4,2
Lambda Method,"org.apache.fontbox.ttf.CmapSubtable.buildGlyphIdToCharacterCodeLookup.(lambda_expr_1)(Integer (inferred),Integer (inferred))",fontbox/src/main/java/org/apache/fontbox/ttf/CmapSubtable.java,,,,,,,,,,,,,,,,,,,,,,,,,5,22,0,19,1,11,3,6,3,7,9,1,9,3,3,3,1,,,,,,0,,0,16,3,3,3,1
Private Method,"org.apache.fontbox.ttf.CmapSubtable.getCharCode(int)",fontbox/src/main/java/org/apache/fontbox/ttf/CmapSubtable.java,,,,,,,,,,,,,,,,,,,,,,,,,4,8,0,8,1,3,0,1,2,2,4,1,3,2,2,3,1,,,,,,1,,0,00,2,2,3,1
Public Method,"org.apache.fontbox.ttf.CmapSubtable.getCharCodes(int)",fontbox/src/main/java/org/apache/fontbox/ttf/CmapSubtable.java,,,,,,,,,,,,,,,,,,,,,,,,,5,33,0,25,5,13,8,7,4,9,13,4,11,4,4,4,1,,,,,,2,,0,32,4,4,4,1
Public Method,"org.apache.fontbox.ttf.CmapSubtable.getGlyphId(int)",fontbox/src/main/java/org/apache/fontbox/ttf/CmapSubtable.java,,,,,,,,,,,,,,,,,,,,,,,,,5,12,0,6,3,2,6,2,1,2,3,2,2,2,2,2,1,,,,,,0,,1,00,2,2,2,1
Public Method,"org.apache.fontbox.ttf.CmapSubtable.getPlatformEncodingId()",fontbox/src/main/java/org/apache/fontbox/ttf/CmapSubtable.java,,,,,,,,,,,,,,,,,,,,,,,,,5,7,0,4,1,1,3,1,1,1,2,1,1,1,1,1,1,,,,,,0,,0,75,1,1,1,1
Public Method,"org.apache.fontbox.ttf.CmapSubtable.getPlatformId()",fontbox/src/main/java/org/apache/fontbox/ttf/CmapSubtable.java,,,,,,,,,,,,,,,,,,,,,,,,,5,7,0,4,1,1,3,1,1,1,2,1,1,1,1,1,1,,,,,,0,,0,75,1,1,1,1
Method,"org.apache.fontbox.ttf.CmapSubtable.initData(TTFDataStream)",fontbox/src/main/java/org/apache/fontbox/ttf/CmapSubtable.java,,,,,,,,,,,,,,,,,,,,,,,,,2,12,0,6,1,3,6,5,1,3,4,1,3,1,1,1,1,,,,,,0,,1,00,1,1,1,1
Method,"org.apache.fontbox.ttf.CmapSubtable.initSubtable(CmapTable,int,TTFDataStream)",fontbox/src/main/java/org/apache/fontbox/ttf/CmapSubtable.java,,,,,,,,,,,,,,,,,,,,,,,,,5,60,1,50,4,39,9,14,20,28,31,4,28,11,3,11,1,,,,,,1,,0,18,11,3,11,1
Private Method,"org.apache.fontbox.ttf.CmapSubtable.newGlyphIdToCharacterCode(int)",fontbox/src/main/java/org/apache/fontbox/ttf/CmapSubtable.java,,,,,,,,,,,,,,,,,,,,,,,,,7,10,0,6,2,3,4,2,1,3,4,2,2,1,1,1,1,,,,,,0,,0,67,1,1,1,1
Method,"org.apache.fontbox.ttf.CmapSubtable.processSubtype0(TTFDataStream)",fontbox/src/main/java/org/apache/fontbox/ttf/CmapSubtable.java,,,,,,,,,,,,,,,,,,,,,,,,,4,18,0,12,3,7,6,6,2,8,10,4,7,2,2,2,1,,,,,,1,,0,50,2,2,2,1
Method,"org.apache.fontbox.ttf.CmapSubtable.processSubtype10(TTFDataStream,int)",fontbox/src/main/java/org/apache/fontbox/ttf/CmapSubtable.java,,,,,,,,,,,,,,,,,,,,,,,,,3,24,2,15,3,8,7,3,4,4,7,3,6,3,3,7,1,,,,,,1,,0,47,3,3,7,1
Method,"org.apache.fontbox.ttf.CmapSubtable.processSubtype12(TTFDataStream,int)",fontbox/src/main/java/org/apache/fontbox/ttf/CmapSubtable.java,,,,,,,,,,,,,,,,,,,,,,,,,5,57,5,45,7,28,7,11,22,22,30,9,25,8,8,15,5,,,,,,3,,0,16,8,8,15,5
Method,"org.apache.fontbox.ttf.CmapSubtable.processSubtype13(TTFDataStream,int)",fontbox/src/main/java/org/apache/fontbox/ttf/CmapSubtable.java,,,,,,,,,,,,,,,,,,,,,,,,,6,57,6,44,5,25,7,9,42,20,29,7,26,9,9,16,4,,,,,,3,,0,16,9,9,16,4
Method,"org.apache.fontbox.ttf.CmapSubtable.processSubtype14(TTFDataStream,int)",fontbox/src/main/java/org/apache/fontbox/ttf/CmapSubtable.java,,,,,,,,,,,,,,,,,,,,,,,,,2,13,0,4,1,1,9,1,1,1,2,1,1,1,1,1,1,,,,,,0,,2,25,1,1,1,1
Method,"org.apache.fontbox.ttf.CmapSubtable.processSubtype2(TTFDataStream,int)",fontbox/src/main/java/org/apache/fontbox/ttf/CmapSubtable.java,,,,,,,,,,,,,,,,,,,,,,,,,5,76,4,57,16,38,15,16,36,38,47,20,37,9,9,9,5,,,,,,4,,0,26,9,9,9,5
Method,"org.apache.fontbox.ttf.CmapSubtable.processSubtype4(TTFDataStream,int)",fontbox/src/main/java/org/apache/fontbox/ttf/CmapSubtable.java,,,,,,,,,,,,,,,,,,,,,,,,,5,68,3,54,21,37,11,11,12,34,41,23,29,7,7,8,1,,,,,,5,,0,20,7,7,8,1
Method,"org.apache.fontbox.ttf.CmapSubtable.processSubtype6(TTFDataStream,int)",fontbox/src/main/java/org/apache/fontbox/ttf/CmapSubtable.java,,,,,,,,,,,,,,,,,,,,,,,,,4,26,0,18,5,11,8,7,3,11,14,6,11,3,3,3,1,,,,,,1,,0,44,3,3,3,1
Method,"org.apache.fontbox.ttf.CmapSubtable.processSubtype8(TTFDataStream,int)",fontbox/src/main/java/org/apache/fontbox/ttf/CmapSubtable.java,,,,,,,,,,,,,,,,,,,,,,,,,9,82,8,60,11,34,14,9,104,28,39,13,31,11,11,13,1,,,,,,4,,0,23,11,11,13,1
Public Method,"org.apache.fontbox.ttf.CmapSubtable.setPlatformEncodingId(int)",fontbox/src/main/java/org/apache/fontbox/ttf/CmapSubtable.java,,,,,,,,,,,,,,,,,,,,,,,,,1,7,0,4,1,1,3,1,1,1,2,1,1,1,1,1,1,,,,,,0,,0,75,1,1,1,1
Public Method,"org.apache.fontbox.ttf.CmapSubtable.setPlatformId(int)",fontbox/src/main/java/org/apache/fontbox/ttf/CmapSubtable.java,,,,,,,,,,,,,,,,,,,,,,,,,1,7,0,4,1,1,3,1,1,1,2,1,1,1,1,1,1,,,,,,0,,0,75,1,1,1,1
Public Method,"org.apache.fontbox.ttf.CmapSubtable.toString()",fontbox/src/main/java/org/apache/fontbox/ttf/CmapSubtable.java,,,,,,,,,,,,,,,,,,,,,,,,,0,5,0,5,2,1,0,3,1,1,2,1,1,1,1,1,1,,,,,,0,,0,00,1,1,1,1
Public Class,"org.apache.fontbox.ttf.CmapTable",fontbox/src/main/java/org/apache/fontbox/ttf/CmapTable.java,1,1,2,1,12,0,8,3,1,7,0,,0,17,,,5,1,5,28,2,0,0,3,,103,10,65,30,36,31,,,36,47,31,20,,,,,3,3,4,3,2,2,19,0,48,9,9,10,7
Constructor,"org.apache.fontbox.ttf.CmapTable.CmapTable(TrueTypeFont)",fontbox/src/main/java/org/apache/fontbox/ttf/CmapTable.java,,,,,,,,,,,,,,,,,,,,,,,,,2,4,0,4,1,1,0,2,1,1,2,1,1,1,1,1,1,,,,,,0,,0,00,1,1,1,1
Public Method,"org.apache.fontbox.ttf.CmapTable.getCmaps()",fontbox/src/main/java/org/apache/fontbox/ttf/CmapTable.java,,,,,,,,,,,,,,,,,,,,,,,,,5,7,0,4,1,1,3,1,1,1,2,1,1,1,1,1,1,,,,,,0,,0,75,1,1,1,1
Public Method,"org.apache.fontbox.ttf.CmapTable.getSubtable(int,int)",fontbox/src/main/java/org/apache/fontbox/ttf/CmapTable.java,,,,,,,,,,,,,,,,,,,,,,,,,5,15,0,12,1,5,3,3,3,2,6,2,4,3,3,4,3,,,,,,2,,0,25,3,3,4,3
Method,"org.apache.fontbox.ttf.CmapTable.read(TrueTypeFont,TTFDataStream)",fontbox/src/main/java/org/apache/fontbox/ttf/CmapTable.java,,,,,,,,,,,,,,,,,,,,,,,,,3,27,0,20,7,11,7,6,4,13,16,7,13,3,3,3,1,,,,,,1,,0,35,3,3,3,1
Public Method,"org.apache.fontbox.ttf.CmapTable.setCmaps(CmapSubtable[])",fontbox/src/main/java/org/apache/fontbox/ttf/CmapTable.java,,,,,,,,,,,,,,,,,,,,,,,,,1,7,0,4,1,1,3,1,1,1,2,1,1,1,1,1,1,,,,,,0,,0,75,1,1,1,1
Public Class,"org.apache.fontbox.ttf.DigitalSignatureTable",fontbox/src/main/java/org/apache/fontbox/ttf/DigitalSignatureTable.java,1,1,1,1,4,0,4,0,1,2,0,,0,1,,,1,0,1,24,1,0,0,0,,17,1,8,3,2,8,,,2,4,3,1,,,,,1,1,1,1,2,0,0,1,00,1,1,1,1
Constructor,"org.apache.fontbox.ttf.DigitalSignatureTable.DigitalSignatureTable(TrueTypeFont)",fontbox/src/main/java/org/apache/fontbox/ttf/DigitalSignatureTable.java,,,,,,,,,,,,,,,,,,,,,,,,,2,4,0,4,1,1,0,2,1,1,2,1,1,1,1,1,1,,,,,,0,,0,00,1,1,1,1
Public Class,"org.apache.fontbox.ttf.GSUBTableDebugger",fontbox/src/test/java/org/apache/fontbox/ttf/GSUBTableDebugger.java,1,1,1,1,19,5,14,0,1,11,0,,0,1,,,1,0,1,13,0,0,0,1,,31,8,18,10,11,5,,,8,10,7,7,,,,,1,1,1,1,1,0,0,0,28,1,1,1,1
Public Method,"org.apache.fontbox.ttf.GSUBTableDebugger.printLohitBengaliTTF()",fontbox/src/test/java/org/apache/fontbox/ttf/GSUBTableDebugger.java,,,,,,,,,,,,,,,,,,,,,,,,,2,19,5,14,8,10,0,10,1,7,8,5,7,1,1,1,1,,,,,,0,,0,00,1,1,1,1
Public Class,"org.apache.fontbox.ttf.GlyfCompositeComp",fontbox/src/main/java/org/apache/fontbox/ttf/GlyfCompositeComp.java,1,1,1,1,12,0,6,6,1,3,0,,0,9,,,17,14,17,29,1,0,0,16,,296,23,138,44,64,136,,,63,86,44,45,,,,,6,6,6,1,1,1,87,0,99,22,22,22,17
Constructor,"org.apache.fontbox.ttf.GlyfCompositeComp.GlyfCompositeComp(TTFDataStream)",fontbox/src/main/java/org/apache/fontbox/ttf/GlyfCompositeComp.java,,,,,,,,,,,,,,,,,,,,,,,,,10,70,3,48,4,31,20,16,16,24,30,4,29,6,6,6,1,,,,,,1,,0,42,6,6,6,1
Public Method,"org.apache.fontbox.ttf.GlyfCompositeComp.getArgument1()",fontbox/src/main/java/org/apache/fontbox/ttf/GlyfCompositeComp.java,,,,,,,,,,,,,,,,,,,,,,,,,1,9,0,4,1,1,5,1,1,1,2,1,1,1,1,1,1,,,,,,0,,1,25,1,1,1,1
Public Method,"org.apache.fontbox.ttf.GlyfCompositeComp.getArgument2()",fontbox/src/main/java/org/apache/fontbox/ttf/GlyfCompositeComp.java,,,,,,,,,,,,,,,,,,,,,,,,,1,9,0,4,1,1,5,1,1,1,2,1,1,1,1,1,1,,,,,,0,,1,25,1,1,1,1
Public Method,"org.apache.fontbox.ttf.GlyfCompositeComp.getFirstContour()",fontbox/src/main/java/org/apache/fontbox/ttf/GlyfCompositeComp.java,,,,,,,,,,,,,,,,,,,,,,,,,4,9,0,4,1,1,5,1,1,1,2,1,1,1,1,1,1,,,,,,0,,1,25,1,1,1,1
Public Method,"org.apache.fontbox.ttf.GlyfCompositeComp.getFirstIndex()",fontbox/src/main/java/org/apache/fontbox/ttf/GlyfCompositeComp.java,,,,,,,,,,,,,,,,,,,,,,,,,7,9,0,4,1,1,5,1,1,1,2,1,1,1,1,1,1,,,,,,0,,1,25,1,1,1,1
Public Method,"org.apache.fontbox.ttf.GlyfCompositeComp.getFlags()",fontbox/src/main/java/org/apache/fontbox/ttf/GlyfCompositeComp.java,,,,,,,,,,,,,,,,,,,,,,,,,2,9,0,4,1,1,5,1,1,1,2,1,1,1,1,1,1,,,,,,0,,1,25,1,1,1,1
Public Method,"org.apache.fontbox.ttf.GlyfCompositeComp.getGlyphIndex()",fontbox/src/main/java/org/apache/fontbox/ttf/GlyfCompositeComp.java,,,,,,,,,,,,,,,,,,,,,,,,,11,9,0,4,1,1,5,1,1,1,2,1,1,1,1,1,1,,,,,,0,,1,25,1,1,1,1
Public Method,"org.apache.fontbox.ttf.GlyfCompositeComp.getScale01()",fontbox/src/main/java/org/apache/fontbox/ttf/GlyfCompositeComp.java,,,,,,,,,,,,,,,,,,,,,,,,,1,9,0,4,1,1,5,1,1,1,2,1,1,1,1,1,1,,,,,,0,,1,25,1,1,1,1
Public Method,"org.apache.fontbox.ttf.GlyfCompositeComp.getScale10()",fontbox/src/main/java/org/apache/fontbox/ttf/GlyfCompositeComp.java,,,,,,,,,,,,,,,,,,,,,,,,,1,9,0,4,1,1,5,1,1,1,2,1,1,1,1,1,1,,,,,,0,,1,25,1,1,1,1
Public Method,"org.apache.fontbox.ttf.GlyfCompositeComp.getXScale()",fontbox/src/main/java/org/apache/fontbox/ttf/GlyfCompositeComp.java,,,,,,,,,,,,,,,,,,,,,,,,,1,9,0,4,1,1,5,1,1,1,2,1,1,1,1,1,1,,,,,,0,,1,25,1,1,1,1
Public Method,"org.apache.fontbox.ttf.GlyfCompositeComp.getXTranslate()",fontbox/src/main/java/org/apache/fontbox/ttf/GlyfCompositeComp.java,,,,,,,,,,,,,,,,,,,,,,,,,2,9,0,4,1,1,5,1,1,1,2,1,1,1,1,1,1,,,,,,0,,1,25,1,1,1,1
Public Method,"org.apache.fontbox.ttf.GlyfCompositeComp.getYScale()",fontbox/src/main/java/org/apache/fontbox/ttf/GlyfCompositeComp.java,,,,,,,,,,,,,,,,,,,,,,,,,1,9,0,4,1,1,5,1,1,1,2,1,1,1,1,1,1,,,,,,0,,1,25,1,1,1,1
Public Method,"org.apache.fontbox.ttf.GlyfCompositeComp.getYTranslate()",fontbox/src/main/java/org/apache/fontbox/ttf/GlyfCompositeComp.java,,,,,,,,,,,,,,,,,,,,,,,,,2,9,0,4,1,1,5,1,1,1,2,1,1,1,1,1,1,,,,,,0,,1,25,1,1,1,1
Public Method,"org.apache.fontbox.ttf.GlyfCompositeComp.scaleX(int,int)",fontbox/src/main/java/org/apache/fontbox/ttf/GlyfCompositeComp.java,,,,,,,,,,,,,,,,,,,,,,,,,5,11,0,4,1,1,7,2,1,1,2,1,1,1,1,1,1,,,,,,0,,1,75,1,1,1,1
Public Method,"org.apache.fontbox.ttf.GlyfCompositeComp.scaleY(int,int)",fontbox/src/main/java/org/apache/fontbox/ttf/GlyfCompositeComp.java,,,,,,,,,,,,,,,,,,,,,,,,,5,11,0,4,1,1,7,2,1,1,2,1,1,1,1,1,1,,,,,,0,,1,75,1,1,1,1
Public Method,"org.apache.fontbox.ttf.GlyfCompositeComp.setFirstContour(int)",fontbox/src/main/java/org/apache/fontbox/ttf/GlyfCompositeComp.java,,,,,,,,,,,,,,,,,,,,,,,,,2,9,0,4,1,1,5,1,1,1,2,1,1,1,1,1,1,,,,,,0,,1,25,1,1,1,1
Public Method,"org.apache.fontbox.ttf.GlyfCompositeComp.setFirstIndex(int)",fontbox/src/main/java/org/apache/fontbox/ttf/GlyfCompositeComp.java,,,,,,,,,,,,,,,,,,,,,,,,,2,9,0,4,1,1,5,1,1,1,2,1,1,1,1,1,1,,,,,,0,,1,25,1,1,1,1
Public Class,"org.apache.fontbox.ttf.GlyfCompositeDescript",fontbox/src/main/java/org/apache/fontbox/ttf/GlyfCompositeDescript.java,2,2,3,1,18,0,15,2,1,13,0,,0,1,,,13,7,13,30,1,3,0,9,,275,20,206,56,103,49,,,78,118,52,92,,,,,5,5,5,3,2,3,71,0,24,36,36,40,19
Constructor,"org.apache.fontbox.ttf.GlyfCompositeDescript.GlyfCompositeDescript(TTFDataStream,GlyphTable)",fontbox/src/main/java/org/apache/fontbox/ttf/GlyfCompositeDescript.java,,,,,,,,,,,,,,,,,,,,,,,,,6,29,3,17,2,9,9,9,2,8,10,2,8,3,3,3,1,,,,,,1,,0,53,3,3,3,1
Public Method,"org.apache.fontbox.ttf.GlyfCompositeDescript.getComponentCount()",fontbox/src/main/java/org/apache/fontbox/ttf/GlyfCompositeDescript.java,,,,,,,,,,,,,,,,,,,,,,,,,1,9,0,4,1,1,5,2,1,1,2,1,1,1,1,1,1,,,,,,0,,1,25,1,1,1,1
Private Method,"org.apache.fontbox.ttf.GlyfCompositeDescript.getCompositeComp(int)",fontbox/src/main/java/org/apache/fontbox/ttf/GlyfCompositeDescript.java,,,,,,,,,,,,,,,,,,,,,,,,,6,12,0,12,2,5,0,5,3,3,7,3,5,3,3,5,3,,,,,,2,,0,00,3,3,5,3
Private Method,"org.apache.fontbox.ttf.GlyfCompositeDescript.getCompositeCompEndPt(int)",fontbox/src/main/java/org/apache/fontbox/ttf/GlyfCompositeDescript.java,,,,,,,,,,,,,,,,,,,,,,,,,4,12,0,12,2,5,0,5,3,3,7,3,5,3,3,5,3,,,,,,2,,0,00,3,3,5,3
Public Method,"org.apache.fontbox.ttf.GlyfCompositeDescript.getContourCount()",fontbox/src/main/java/org/apache/fontbox/ttf/GlyfCompositeDescript.java,,,,,,,,,,,,,,,,,,,,,,,,,5,26,0,23,4,11,3,9,6,7,11,3,10,4,4,4,1,,,,,,2,,0,13,4,4,4,1
Public Method,"org.apache.fontbox.ttf.GlyfCompositeDescript.getEndPtOfContours(int)",fontbox/src/main/java/org/apache/fontbox/ttf/GlyfCompositeDescript.java,,,,,,,,,,,,,,,,,,,,,,,,,2,14,0,11,4,5,3,7,2,4,6,3,5,2,2,2,1,,,,,,1,,0,27,2,2,2,1
Public Method,"org.apache.fontbox.ttf.GlyfCompositeDescript.getFlags(int)",fontbox/src/main/java/org/apache/fontbox/ttf/GlyfCompositeDescript.java,,,,,,,,,,,,,,,,,,,,,,,,,2,14,0,11,4,5,3,6,2,4,6,3,5,2,2,2,1,,,,,,1,,0,27,2,2,2,1
Public Method,"org.apache.fontbox.ttf.GlyfCompositeDescript.getPointCount()",fontbox/src/main/java/org/apache/fontbox/ttf/GlyfCompositeDescript.java,,,,,,,,,,,,,,,,,,,,,,,,,5,26,0,23,4,11,3,9,6,7,11,3,10,4,4,4,1,,,,,,2,,0,13,4,4,4,1
Public Method,"org.apache.fontbox.ttf.GlyfCompositeDescript.getXCoordinate(int)",fontbox/src/main/java/org/apache/fontbox/ttf/GlyfCompositeDescript.java,,,,,,,,,,,,,,,,,,,,,,,,,2,17,0,14,7,8,3,9,2,7,9,6,8,2,2,2,1,,,,,,1,,0,21,2,2,2,1
Public Method,"org.apache.fontbox.ttf.GlyfCompositeDescript.getYCoordinate(int)",fontbox/src/main/java/org/apache/fontbox/ttf/GlyfCompositeDescript.java,,,,,,,,,,,,,,,,,,,,,,,,,2,17,0,14,7,8,3,9,2,7,9,6,8,2,2,2,1,,,,,,1,,0,21,2,2,2,1
Private Method,"org.apache.fontbox.ttf.GlyfCompositeDescript.initDescriptions()",fontbox/src/main/java/org/apache/fontbox/ttf/GlyfCompositeDescript.java,,,,,,,,,,,,,,,,,,,,,,,,,6,19,0,19,3,8,0,5,4,4,9,4,7,4,4,4,1,,,,,,3,,0,00,4,4,4,1
Public Method,"org.apache.fontbox.ttf.GlyfCompositeDescript.isComposite()",fontbox/src/main/java/org/apache/fontbox/ttf/GlyfCompositeDescript.java,,,,,,,,,,,,,,,,,,,,,,,,,0,8,0,5,2,1,3,1,1,1,2,1,1,1,1,1,1,,,,,,0,,0,60,1,1,1,1
Public Method,"org.apache.fontbox.ttf.GlyfCompositeDescript.resolve()",fontbox/src/main/java/org/apache/fontbox/ttf/GlyfCompositeDescript.java,,,,,,,,,,,,,,,,,,,,,,,,,5,36,3,30,5,18,3,10,5,14,20,5,16,5,5,5,3,,,,,,2,,0,10,5,5,5,3
Public Abstract Class,"org.apache.fontbox.ttf.GlyfDescript",fontbox/src/main/java/org/apache/fontbox/ttf/GlyfDescript.java,1,1,1,1,8,0,4,4,2,3,2,,0,6,,,5,2,5,17,2,0,0,3,,96,8,32,16,10,56,,,12,18,14,4,,,,,1,1,1,1,1,0,60,1,75,5,5,5,5
Constructor,"org.apache.fontbox.ttf.GlyfDescript.GlyfDescript(short)",fontbox/src/main/java/org/apache/fontbox/ttf/GlyfDescript.java,,,,,,,,,,,,,,,,,,,,,,,,,4,9,0,4,1,1,5,2,1,1,2,1,1,1,1,1,1,,,,,,0,,1,25,1,1,1,1
Public Method,"org.apache.fontbox.ttf.GlyfDescript.getContourCount()",fontbox/src/main/java/org/apache/fontbox/ttf/GlyfDescript.java,,,,,,,,,,,,,,,,,,,,,,,,,1,8,0,5,2,1,3,1,1,1,2,1,1,1,1,1,1,,,,,,0,,0,60,1,1,1,1
Public Method,"org.apache.fontbox.ttf.GlyfDescript.getInstructions()",fontbox/src/main/java/org/apache/fontbox/ttf/GlyfDescript.java,,,,,,,,,,,,,,,,,,,,,,,,,1,8,0,4,1,1,4,1,1,1,2,1,1,1,1,1,1,,,,,,0,,1,00,1,1,1,1
Method,"org.apache.fontbox.ttf.GlyfDescript.readInstructions(TTFDataStream,int)",fontbox/src/main/java/org/apache/fontbox/ttf/GlyfDescript.java,,,,,,,,,,,,,,,,,,,,,,,,,4,10,0,4,1,1,6,2,1,1,2,1,1,1,1,1,1,,,,,,0,,1,50,1,1,1,1
Public Method,"org.apache.fontbox.ttf.GlyfDescript.resolve()",fontbox/src/main/java/org/apache/fontbox/ttf/GlyfDescript.java,,,,,,,,,,,,,,,,,,,,,,,,,0,7,0,4,2,0,3,0,1,0,1,1,0,1,1,1,1,,,,,,0,,0,75,1,1,1,1
Public Class,"org.apache.fontbox.ttf.GlyfSimpleDescript",fontbox/src/main/java/org/apache/fontbox/ttf/GlyfSimpleDescript.java,2,2,2,1,18,0,12,4,1,6,0,,0,1,,,10,5,10,27,2,2,0,6,,208,18,138,28,58,52,,,52,77,26,54,,,,,9,9,9,3,2,4,70,0,38,24,24,25,12
Constructor,"org.apache.fontbox.ttf.GlyfSimpleDescript.GlyfSimpleDescript()",fontbox/src/main/java/org/apache/fontbox/ttf/GlyfSimpleDescript.java,,,,,,,,,,,,,,,,,,,,,,,,,1,10,0,5,1,2,5,3,1,2,3,1,2,1,1,1,1,,,,,,0,,1,00,1,1,1,1
Constructor,"org.apache.fontbox.ttf.GlyfSimpleDescript.GlyfSimpleDescript(short,TTFDataStream,short)",fontbox/src/main/java/org/apache/fontbox/ttf/GlyfSimpleDescript.java,,,,,,,,,,,,,,,,,,,,,,,,,6,45,5,24,3,17,16,12,3,15,18,3,16,3,3,4,3,,,,,,1,,0,67,3,3,4,3
Public Method,"org.apache.fontbox.ttf.GlyfSimpleDescript.getEndPtOfContours(int)",fontbox/src/main/java/org/apache/fontbox/ttf/GlyfSimpleDescript.java,,,,,,,,,,,,,,,,,,,,,,,,,2,8,0,5,2,1,3,1,1,1,2,1,1,1,1,1,1,,,,,,0,,0,60,1,1,1,1
Public Method,"org.apache.fontbox.ttf.GlyfSimpleDescript.getFlags(int)",fontbox/src/main/java/org/apache/fontbox/ttf/GlyfSimpleDescript.java,,,,,,,,,,,,,,,,,,,,,,,,,2,8,0,5,2,1,3,1,1,1,2,1,1,1,1,1,1,,,,,,0,,0,60,1,1,1,1
Public Method,"org.apache.fontbox.ttf.GlyfSimpleDescript.getPointCount()",fontbox/src/main/java/org/apache/fontbox/ttf/GlyfSimpleDescript.java,,,,,,,,,,,,,,,,,,,,,,,,,1,8,0,5,2,1,3,1,1,1,2,1,1,1,1,1,1,,,,,,0,,0,60,1,1,1,1
Public Method,"org.apache.fontbox.ttf.GlyfSimpleDescript.getXCoordinate(int)",fontbox/src/main/java/org/apache/fontbox/ttf/GlyfSimpleDescript.java,,,,,,,,,,,,,,,,,,,,,,,,,2,8,0,5,2,1,3,1,1,1,2,1,1,1,1,1,1,,,,,,0,,0,60,1,1,1,1
Public Method,"org.apache.fontbox.ttf.GlyfSimpleDescript.getYCoordinate(int)",fontbox/src/main/java/org/apache/fontbox/ttf/GlyfSimpleDescript.java,,,,,,,,,,,,,,,,,,,,,,,,,2,8,0,5,2,1,3,1,1,1,2,1,1,1,1,1,1,,,,,,0,,0,60,1,1,1,1
Public Method,"org.apache.fontbox.ttf.GlyfSimpleDescript.isComposite()",fontbox/src/main/java/org/apache/fontbox/ttf/GlyfSimpleDescript.java,,,,,,,,,,,,,,,,,,,,,,,,,0,8,0,5,2,1,3,1,1,1,2,1,1,1,1,1,1,,,,,,0,,0,60,1,1,1,1
Private Method,"org.apache.fontbox.ttf.GlyfSimpleDescript.readCoords(int,TTFDataStream,short)",fontbox/src/main/java/org/apache/fontbox/ttf/GlyfSimpleDescript.java,,,,,,,,,,,,,,,,,,,,,,,,,9,53,1,49,3,22,3,4,25,14,23,5,18,9,9,9,1,,,,,,3,,0,06,9,9,9,1
Private Method,"org.apache.fontbox.ttf.GlyfSimpleDescript.readFlags(int,TTFDataStream)",fontbox/src/main/java/org/apache/fontbox/ttf/GlyfSimpleDescript.java,,,,,,,,,,,,,,,,,,,,,,,,,6,24,0,21,2,10,3,3,5,9,14,4,11,5,5,5,1,,,,,,4,,0,14,5,5,5,1
Public Class,"org.apache.fontbox.ttf.GlyphData",fontbox/src/main/java/org/apache/fontbox/ttf/GlyphData.java,1,1,1,1,9,0,5,4,1,10,0,,0,0,,,12,7,12,24,2,0,0,10,,140,13,73,21,25,54,,,28,42,21,21,,,,,2,2,2,1,1,1,77,0,74,13,13,13,12
Public Method,"org.apache.fontbox.ttf.GlyphData.getBoundingBox()",fontbox/src/main/java/org/apache/fontbox/ttf/GlyphData.java,,,,,,,,,,,,,,,,,,,,,,,,,2,7,0,4,1,1,3,1,1,1,2,1,1,1,1,1,1,,,,,,0,,0,75,1,1,1,1
Public Method,"org.apache.fontbox.ttf.GlyphData.getDescription()",fontbox/src/main/java/org/apache/fontbox/ttf/GlyphData.java,,,,,,,,,,,,,,,,,,,,,,,,,3,8,0,4,1,1,4,1,1,1,2,1,1,1,1,1,1,,,,,,0,,1,00,1,1,1,1
Public Method,"org.apache.fontbox.ttf.GlyphData.getNumberOfContours()",fontbox/src/main/java/org/apache/fontbox/ttf/GlyphData.java,,,,,,,,,,,,,,,,,,,,,,,,,1,7,0,4,1,1,3,1,1,1,2,1,1,1,1,1,1,,,,,,0,,0,75,1,1,1,1
Public Method,"org.apache.fontbox.ttf.GlyphData.getPath()",fontbox/src/main/java/org/apache/fontbox/ttf/GlyphData.java,,,,,,,,,,,,,,,,,,,,,,,,,5,8,0,4,1,1,4,3,1,1,2,1,1,1,1,1,1,,,,,,0,,1,00,1,1,1,1
Public Method,"org.apache.fontbox.ttf.GlyphData.getXMaximum()",fontbox/src/main/java/org/apache/fontbox/ttf/GlyphData.java,,,,,,,,,,,,,,,,,,,,,,,,,1,8,0,4,1,1,4,1,1,1,2,1,1,1,1,1,1,,,,,,0,,1,00,1,1,1,1
Public Method,"org.apache.fontbox.ttf.GlyphData.getXMinimum()",fontbox/src/main/java/org/apache/fontbox/ttf/GlyphData.java,,,,,,,,,,,,,,,,,,,,,,,,,1,8,0,4,1,1,4,1,1,1,2,1,1,1,1,1,1,,,,,,0,,1,00,1,1,1,1
Public Method,"org.apache.fontbox.ttf.GlyphData.getYMaximum()",fontbox/src/main/java/org/apache/fontbox/ttf/GlyphData.java,,,,,,,,,,,,,,,,,,,,,,,,,3,8,0,4,1,1,4,1,1,1,2,1,1,1,1,1,1,,,,,,0,,1,00,1,1,1,1
Public Method,"org.apache.fontbox.ttf.GlyphData.getYMinimum()",fontbox/src/main/java/org/apache/fontbox/ttf/GlyphData.java,,,,,,,,,,,,,,,,,,,,,,,,,1,8,0,4,1,1,4,1,1,1,2,1,1,1,1,1,1,,,,,,0,,1,00,1,1,1,1
Method,"org.apache.fontbox.ttf.GlyphData.initData(GlyphTable,TTFDataStream,int)",fontbox/src/main/java/org/apache/fontbox/ttf/GlyphData.java,,,,,,,,,,,,,,,,,,,,,,,,,9,29,1,18,2,11,10,11,2,9,11,2,9,2,2,2,1,,,,,,1,,0,56,2,2,2,1
Method,"org.apache.fontbox.ttf.GlyphData.initEmptyData()",fontbox/src/main/java/org/apache/fontbox/ttf/GlyphData.java,,,,,,,,,,,,,,,,,,,,,,,,,1,8,0,5,1,2,3,4,1,2,3,1,2,1,1,1,1,,,,,,0,,0,60,1,1,1,1
Public Method,"org.apache.fontbox.ttf.GlyphData.setBoundingBox(BoundingBox)",fontbox/src/main/java/org/apache/fontbox/ttf/GlyphData.java,,,,,,,,,,,,,,,,,,,,,,,,,1,7,0,4,1,1,3,1,1,1,2,1,1,1,1,1,1,,,,,,0,,0,75,1,1,1,1
Public Method,"org.apache.fontbox.ttf.GlyphData.setNumberOfContours(short)",fontbox/src/main/java/org/apache/fontbox/ttf/GlyphData.java,,,,,,,,,,,,,,,,,,,,,,,,,1,7,0,4,1,1,3,1,1,1,2,1,1,1,1,1,1,,,,,,0,,0,75,1,1,1,1
Public Interface,"org.apache.fontbox.ttf.GlyphDescription",fontbox/src/main/java/org/apache/fontbox/ttf/GlyphDescription.java,0,0,0,0,0,0,0,0,0,0,1,,0,0,,,8,0,8,8,8,0,0,0,,58,7,11,9,0,40,,,8,9,9,0,,,,,0,0,0,0,0,0,0,3,64,0,0,0,0
Abstract Method,"org.apache.fontbox.ttf.GlyphDescription.getContourCount()",fontbox/src/main/java/org/apache/fontbox/ttf/GlyphDescription.java,,,,,,,,,,,,,,,,,,,,,,,,,3,5,0,1,1,0,4,1,0,1,1,1,0,0,0,0,0,,,,,,0,,4,00,0,0,0,0
Abstract Method,"org.apache.fontbox.ttf.GlyphDescription.getEndPtOfContours(int)",fontbox/src/main/java/org/apache/fontbox/ttf/GlyphDescription.java,,,,,,,,,,,,,,,,,,,,,,,,,2,7,0,1,1,0,6,1,0,1,1,1,0,0,0,0,0,,,,,,0,,6,00,0,0,0,0
Abstract Method,"org.apache.fontbox.ttf.GlyphDescription.getFlags(int)",fontbox/src/main/java/org/apache/fontbox/ttf/GlyphDescription.java,,,,,,,,,,,,,,,,,,,,,,,,,2,10,0,1,1,0,9,1,0,1,1,1,0,0,0,0,0,,,,,,0,,9,00,0,0,0,0
Abstract Method,"org.apache.fontbox.ttf.GlyphDescription.getPointCount()",fontbox/src/main/java/org/apache/fontbox/ttf/GlyphDescription.java,,,,,,,,,,,,,,,,,,,,,,,,,4,5,0,1,1,0,4,1,0,1,1,1,0,0,0,0,0,,,,,,0,,4,00,0,0,0,0
Abstract Method,"org.apache.fontbox.ttf.GlyphDescription.getXCoordinate(int)",fontbox/src/main/java/org/apache/fontbox/ttf/GlyphDescription.java,,,,,,,,,,,,,,,,,,,,,,,,,3,6,0,1,1,0,5,1,0,1,1,1,0,0,0,0,0,,,,,,0,,5,00,0,0,0,0
Abstract Method,"org.apache.fontbox.ttf.GlyphDescription.getYCoordinate(int)",fontbox/src/main/java/org/apache/fontbox/ttf/GlyphDescription.java,,,,,,,,,,,,,,,,,,,,,,,,,3,6,0,1,1,0,5,1,0,1,1,1,0,0,0,0,0,,,,,,0,,5,00,0,0,0,0
Abstract Method,"org.apache.fontbox.ttf.GlyphDescription.isComposite()",fontbox/src/main/java/org/apache/fontbox/ttf/GlyphDescription.java,,,,,,,,,,,,,,,,,,,,,,,,,1,5,0,1,1,0,4,1,0,1,1,1,0,0,0,0,0,,,,,,0,,4,00,0,0,0,0
Abstract Method,"org.apache.fontbox.ttf.GlyphDescription.resolve()",fontbox/src/main/java/org/apache/fontbox/ttf/GlyphDescription.java,,,,,,,,,,,,,,,,,,,,,,,,,2,4,0,1,1,0,3,0,0,1,1,1,0,0,0,0,0,,,,,,0,,3,00,0,0,0,0
Class,"org.apache.fontbox.ttf.GlyphRenderer",fontbox/src/main/java/org/apache/fontbox/ttf/GlyphRenderer.java,2,2,2,1,14,0,13,1,1,13,0,,0,1,,,9,1,9,21,1,7,0,1,,196,15,146,33,70,35,,,60,88,36,60,,,,,9,9,9,1,1,4,77,0,24,23,23,23,9
Constructor,"org.apache.fontbox.ttf.GlyphRenderer.GlyphRenderer(GlyphDescription)",fontbox/src/main/java/org/apache/fontbox/ttf/GlyphRenderer.java,,,,,,,,,,,,,,,,,,,,,,,,,2,4,0,4,1,1,0,2,1,1,2,1,1,1,1,1,1,,,,,,0,,0,00,1,1,1,1
Private Static Class,"org.apache.fontbox.ttf.GlyphRenderer.Point",fontbox/src/main/java/org/apache/fontbox/ttf/GlyphRenderer.java,1,1,1,1,5,0,5,0,1,3,0,,0,0,,,3,4,3,15,2,0,0,1,,31,3,24,9,11,4,,,10,14,8,6,,,,,3,3,3,1,1,0,33,0,17,5,5,5,3
Constructor,"org.apache.fontbox.ttf.GlyphRenderer.Point.Point(int,int)",fontbox/src/main/java/org/apache/fontbox/ttf/GlyphRenderer.java,,,,,,,,,,,,,,,,,,,,,,,,,3,4,0,4,1,1,0,2,1,1,2,1,1,1,1,1,1,,,,,,0,,0,00,1,1,1,1
Constructor,"org.apache.fontbox.ttf.GlyphRenderer.Point.Point(int,int,boolean,boolean)",fontbox/src/main/java/org/apache/fontbox/ttf/GlyphRenderer.java,,,,,,,,,,,,,,,,,,,,,,,,,6,7,0,7,1,4,0,5,1,4,5,1,4,1,1,1,1,,,,,,0,,0,00,1,1,1,1
Public Method,"org.apache.fontbox.ttf.GlyphRenderer.Point.toString()",fontbox/src/main/java/org/apache/fontbox/ttf/GlyphRenderer.java,,,,,,,,,,,,,,,,,,,,,,,,,5,6,0,6,2,2,0,2,1,1,2,1,1,3,3,3,1,,,,,,0,,0,00,3,3,3,1
Private Method,"org.apache.fontbox.ttf.GlyphRenderer.calculatePath(Point[])",fontbox/src/main/java/org/apache/fontbox/ttf/GlyphRenderer.java,,,,,,,,,,,,,,,,,,,,,,,,,5,63,0,53,8,30,10,12,26,26,35,11,29,9,9,9,1,,,,,,4,,0,19,9,9,9,1
Private Method,"org.apache.fontbox.ttf.GlyphRenderer.describe(GlyphDescription)",fontbox/src/main/java/org/apache/fontbox/ttf/GlyphRenderer.java,,,,,,,,,,,,,,,,,,,,,,,,,4,25,0,22,5,13,3,7,5,11,15,6,10,4,4,4,1,,,,,,2,,0,14,4,4,4,1
Public Method,"org.apache.fontbox.ttf.GlyphRenderer.getPath()",fontbox/src/main/java/org/apache/fontbox/ttf/GlyphRenderer.java,,,,,,,,,,,,,,,,,,,,,,,,,2,9,0,5,2,2,4,3,1,2,3,2,2,1,1,1,1,,,,,,0,,0,80,1,1,1,1
Private Method,"org.apache.fontbox.ttf.GlyphRenderer.lineTo(GeneralPath,Point)",fontbox/src/main/java/org/apache/fontbox/ttf/GlyphRenderer.java,,,,,,,,,,,,,,,,,,,,,,,,,7,8,0,8,1,3,0,4,2,2,4,1,3,2,2,2,1,,,,,,1,,0,00,2,2,2,1
Private Method,"org.apache.fontbox.ttf.GlyphRenderer.midValue(Point,Point)",fontbox/src/main/java/org/apache/fontbox/ttf/GlyphRenderer.java,,,,,,,,,,,,,,,,,,,,,,,,,5,4,0,4,1,1,0,3,1,1,2,1,1,1,1,1,1,,,,,,0,,0,00,1,1,1,1
Private Method,"org.apache.fontbox.ttf.GlyphRenderer.midValue(int,int)",fontbox/src/main/java/org/apache/fontbox/ttf/GlyphRenderer.java,,,,,,,,,,,,,,,,,,,,,,,,,3,4,0,4,1,1,0,1,1,1,2,1,1,1,1,1,1,,,,,,0,,0,00,1,1,1,1
Private Method,"org.apache.fontbox.ttf.GlyphRenderer.moveTo(GeneralPath,Point)",fontbox/src/main/java/org/apache/fontbox/ttf/GlyphRenderer.java,,,,,,,,,,,,,,,,,,,,,,,,,7,8,0,8,1,3,0,4,2,2,4,1,3,2,2,2,1,,,,,,1,,0,00,2,2,2,1
Private Method,"org.apache.fontbox.ttf.GlyphRenderer.quadTo(GeneralPath,Point,Point)",fontbox/src/main/java/org/apache/fontbox/ttf/GlyphRenderer.java,,,,,,,,,,,,,,,,,,,,,,,,,8,9,0,9,1,4,0,4,2,2,4,1,3,2,2,2,1,,,,,,1,,0,00,2,2,2,1
Public Class,"org.apache.fontbox.ttf.GlyphSubstitutionTable",fontbox/src/main/java/org/apache/fontbox/ttf/GlyphSubstitutionTable.java,3,3,3,1,24,1,20,2,1,43,0,,0,2,,,25,7,25,48,2,20,0,3,,657,67,516,133,292,75,,,252,342,152,252,,,,,7,6,8,5,2,3,93,0,15,89,86,98,43
Constructor,"org.apache.fontbox.ttf.GlyphSubstitutionTable.GlyphSubstitutionTable(TrueTypeFont)",fontbox/src/main/java/org/apache/fontbox/ttf/GlyphSubstitutionTable.java,,,,,,,,,,,,,,,,,,,,,,,,,4,4,0,4,1,1,0,2,1,1,2,1,1,1,1,1,1,,,,,,0,,0,00,1,1,1,1
Private Method,"org.apache.fontbox.ttf.GlyphSubstitutionTable.applyFeature(FeatureRecord,int)",fontbox/src/main/java/org/apache/fontbox/ttf/GlyphSubstitutionTable.java,,,,,,,,,,,,,,,,,,,,,,,,,5,17,0,17,3,10,0,8,3,6,10,4,7,3,3,3,3,,,,,,2,,0,00,3,3,3,3
Private Method,"org.apache.fontbox.ttf.GlyphSubstitutionTable.containsFeature(List<FeatureRecord>,String)",fontbox/src/main/java/org/apache/fontbox/ttf/GlyphSubstitutionTable.java,,,,,,,,,,,,,,,,,,,,,,,,,3,5,0,5,1,2,0,3,1,1,2,1,1,1,1,1,1,,,,,,0,,0,00,2,2,2,2
Lambda Method,"org.apache.fontbox.ttf.GlyphSubstitutionTable.containsFeature.(lambda_expr_1)(FeatureRecord (inferred))",fontbox/src/main/java/org/apache/fontbox/ttf/GlyphSubstitutionTable.java,,,,,,,,,,,,,,,,,,,,,,,,,2,1,0,1,0,1,0,3,1,0,0,0,0,1,1,1,1,,,,,,0,,0,00,1,1,1,1
Private Method,"org.apache.fontbox.ttf.GlyphSubstitutionTable.doLookup(LookupTable,int)",fontbox/src/main/java/org/apache/fontbox/ttf/GlyphSubstitutionTable.java,,,,,,,,,,,,,,,,,,,,,,,,,3,12,0,12,2,5,0,5,3,3,7,3,5,3,3,3,3,,,,,,2,,0,00,3,3,3,3
Private Method,"org.apache.fontbox.ttf.GlyphSubstitutionTable.getFeatureRecords(Collection<LangSysTable>,List<String>)",fontbox/src/main/java/org/apache/fontbox/ttf/GlyphSubstitutionTable.java,,,,,,,,,,,,,,,,,,,,,,,,,5,55,3,37,5,20,16,9,5,10,18,5,16,4,4,5,1,,,,,,2,,0,43,9,9,13,3
Lambda Method,"org.apache.fontbox.ttf.GlyphSubstitutionTable.getFeatureRecords.(lambda_expr_1)(LangSysTable (inferred))",fontbox/src/main/java/org/apache/fontbox/ttf/GlyphSubstitutionTable.java,,,,,,,,,,,,,,,,,,,,,,,,,4,18,0,18,2,10,1,7,6,4,8,3,7,4,4,7,1,,,,,,0,,0,06,4,4,7,1
Lambda Method,"org.apache.fontbox.ttf.GlyphSubstitutionTable.getFeatureRecords.(lambda_expr_2)(FeatureRecord (inferred),FeatureRecord (inferred))",fontbox/src/main/java/org/apache/fontbox/ttf/GlyphSubstitutionTable.java,,,,,,,,,,,,,,,,,,,,,,,,,3,2,0,2,0,2,0,4,1,0,0,0,0,1,1,1,1,,,,,,0,,0,00,1,1,1,1
Public Method,"org.apache.fontbox.ttf.GlyphSubstitutionTable.getGsubData()",fontbox/src/main/java/org/apache/fontbox/ttf/GlyphSubstitutionTable.java,,,,,,,,,,,,,,,,,,,,,,,,,4,4,0,4,1,1,0,1,1,1,2,1,1,1,1,1,1,,,,,,0,,0,00,1,1,1,1
Private Method,"org.apache.fontbox.ttf.GlyphSubstitutionTable.getLangSysTables(String)",fontbox/src/main/java/org/apache/fontbox/ttf/GlyphSubstitutionTable.java,,,,,,,,,,,,,,,,,,,,,,,,,3,18,0,18,3,9,0,8,3,6,9,3,8,3,3,3,1,,,,,,2,,0,00,3,3,3,1
Public Method,"org.apache.fontbox.ttf.GlyphSubstitutionTable.getSubstitution(int,String[],List<String>)",fontbox/src/main/java/org/apache/fontbox/ttf/GlyphSubstitutionTable.java,,,,,,,,,,,,,,,,,,,,,,,,,6,39,0,23,6,14,16,7,4,11,16,7,13,4,4,4,3,,,,,,1,,0,70,4,4,4,3
Public Method,"org.apache.fontbox.ttf.GlyphSubstitutionTable.getUnsubstitution(int)",fontbox/src/main/java/org/apache/fontbox/ttf/GlyphSubstitutionTable.java,,,,,,,,,,,,,,,,,,,,,,,,,4,19,0,10,2,5,9,3,2,4,6,2,5,2,2,2,1,,,,,,1,,0,90,2,2,2,1
Method,"org.apache.fontbox.ttf.GlyphSubstitutionTable.read(TrueTypeFont,TTFDataStream)",fontbox/src/main/java/org/apache/fontbox/ttf/GlyphSubstitutionTable.java,,,,,,,,,,,,,,,,,,,,,,,,,6,27,3,24,13,15,0,11,2,13,15,9,13,2,2,2,1,,,,,,1,,0,00,2,2,2,1
Private Method,"org.apache.fontbox.ttf.GlyphSubstitutionTable.readCoverageTable(TTFDataStream,long)",fontbox/src/main/java/org/apache/fontbox/ttf/GlyphSubstitutionTable.java,,,,,,,,,,,,,,,,,,,,,,,,,4,34,3,30,6,17,1,7,5,15,19,8,14,5,4,5,1,,,,,,2,,0,03,5,4,5,1
Private Method,"org.apache.fontbox.ttf.GlyphSubstitutionTable.readFeatureList(TTFDataStream,long)",fontbox/src/main/java/org/apache/fontbox/ttf/GlyphSubstitutionTable.java,,,,,,,,,,,,,,,,,,,,,,,,,4,37,0,33,6,20,4,11,7,17,22,8,16,5,5,7,4,,,,,,3,,0,12,5,5,7,4
Private Method,"org.apache.fontbox.ttf.GlyphSubstitutionTable.readFeatureTable(TTFDataStream,long)",fontbox/src/main/java/org/apache/fontbox/ttf/GlyphSubstitutionTable.java,,,,,,,,,,,,,,,,,,,,,,,,,3,12,0,12,4,7,0,4,2,8,10,5,7,2,2,2,1,,,,,,1,,0,00,2,2,2,1
Private Method,"org.apache.fontbox.ttf.GlyphSubstitutionTable.readLangSysTable(TTFDataStream,long)",fontbox/src/main/java/org/apache/fontbox/ttf/GlyphSubstitutionTable.java,,,,,,,,,,,,,,,,,,,,,,,,,3,14,0,14,5,9,0,4,2,9,11,6,8,2,2,2,1,,,,,,1,,0,00,2,2,2,1
Private Method,"org.apache.fontbox.ttf.GlyphSubstitutionTable.readLigatureSetTable(TTFDataStream,long,int)",fontbox/src/main/java/org/apache/fontbox/ttf/GlyphSubstitutionTable.java,,,,,,,,,,,,,,,,,,,,,,,,,6,25,5,20,6,12,0,6,4,13,16,7,10,3,3,3,1,,,,,,1,,0,00,3,3,3,1
Private Method,"org.apache.fontbox.ttf.GlyphSubstitutionTable.readLigatureSubstitutionSubtable(TTFDataStream,long)",fontbox/src/main/java/org/apache/fontbox/ttf/GlyphSubstitutionTable.java,,,,,,,,,,,,,,,,,,,,,,,,,3,44,11,33,9,21,0,9,16,17,22,10,17,5,5,5,1,,,,,,1,,0,00,5,5,5,1
Private Method,"org.apache.fontbox.ttf.GlyphSubstitutionTable.readLigatureTable(TTFDataStream,long,int)",fontbox/src/main/java/org/apache/fontbox/ttf/GlyphSubstitutionTable.java,,,,,,,,,,,,,,,,,,,,,,,,,4,24,7,17,5,9,0,4,4,9,12,5,9,3,3,3,1,,,,,,1,,0,00,3,3,3,1
Private Method,"org.apache.fontbox.ttf.GlyphSubstitutionTable.readLookupList(TTFDataStream,long)",fontbox/src/main/java/org/apache/fontbox/ttf/GlyphSubstitutionTable.java,,,,,,,,,,,,,,,,,,,,,,,,,3,16,0,16,4,9,0,5,4,11,14,6,9,3,3,3,1,,,,,,1,,0,00,3,3,3,1
Private Method,"org.apache.fontbox.ttf.GlyphSubstitutionTable.readLookupSubTable(TTFDataStream,long)",fontbox/src/main/java/org/apache/fontbox/ttf/GlyphSubstitutionTable.java,,,,,,,,,,,,,,,,,,,,,,,,,3,33,0,29,9,18,4,8,4,15,18,10,15,4,3,4,1,,,,,,2,,0,14,4,3,4,1
Private Method,"org.apache.fontbox.ttf.GlyphSubstitutionTable.readLookupTable(TTFDataStream,long)",fontbox/src/main/java/org/apache/fontbox/ttf/GlyphSubstitutionTable.java,,,,,,,,,,,,,,,,,,,,,,,,,4,47,1,41,7,25,5,7,20,22,28,10,21,7,6,7,1,,,,,,2,,0,12,7,6,7,1
Private Method,"org.apache.fontbox.ttf.GlyphSubstitutionTable.readRangeRecord(TTFDataStream)",fontbox/src/main/java/org/apache/fontbox/ttf/GlyphSubstitutionTable.java,,,,,,,,,,,,,,,,,,,,,,,,,2,7,0,7,4,4,0,3,1,4,5,4,4,1,1,1,1,,,,,,0,,0,00,1,1,1,1
Private Method,"org.apache.fontbox.ttf.GlyphSubstitutionTable.readScriptList(TTFDataStream,long)",fontbox/src/main/java/org/apache/fontbox/ttf/GlyphSubstitutionTable.java,,,,,,,,,,,,,,,,,,,,,,,,,3,25,0,25,8,15,0,11,8,18,22,10,15,4,4,4,1,,,,,,1,,0,00,4,4,4,1
Private Method,"org.apache.fontbox.ttf.GlyphSubstitutionTable.readScriptTable(TTFDataStream,long)",fontbox/src/main/java/org/apache/fontbox/ttf/GlyphSubstitutionTable.java,,,,,,,,,,,,,,,,,,,,,,,,,4,41,2,37,9,24,2,15,17,21,28,12,20,6,6,7,3,,,,,,2,,0,05,6,6,7,3
Private Method,"org.apache.fontbox.ttf.GlyphSubstitutionTable.removeFeature(List<FeatureRecord>,String)",fontbox/src/main/java/org/apache/fontbox/ttf/GlyphSubstitutionTable.java,,,,,,,,,,,,,,,,,,,,,,,,,3,11,0,11,2,4,0,6,3,2,5,2,4,3,3,3,1,,,,,,2,,0,00,3,3,3,1
Private Method,"org.apache.fontbox.ttf.GlyphSubstitutionTable.selectScriptTag(String[])",fontbox/src/main/java/org/apache/fontbox/ttf/GlyphSubstitutionTable.java,,,,,,,,,,,,,,,,,,,,,,,,,7,38,1,25,2,12,12,7,8,6,13,3,10,6,6,8,5,,,,,,3,,0,48,6,6,8,5
Class,"org.apache.fontbox.ttf.GlyphSubstitutionTableTest",fontbox/src/test/java/org/apache/fontbox/ttf/GlyphSubstitutionTableTest.java,4,4,4,3,40,7,31,1,1,24,0,,0,2,,,2,0,2,14,1,1,0,0,,91,19,69,22,42,3,,,29,42,18,35,,,,,7,7,7,5,1,3,0,0,04,9,9,9,6
Private Method,"org.apache.fontbox.ttf.GlyphSubstitutionTableTest.getExpectedGsubTableRawData(String)",fontbox/src/test/java/org/apache/fontbox/ttf/GlyphSubstitutionTableTest.java,,,,,,,,,,,,,,,,,,,,,,,,,3,45,7,38,7,20,0,15,33,12,21,7,19,7,7,7,5,,,,,,3,,0,00,7,7,7,5
Method,"org.apache.fontbox.ttf.GlyphSubstitutionTableTest.testGetGsubData()",fontbox/src/test/java/org/apache/fontbox/ttf/GlyphSubstitutionTableTest.java,,,,,,,,,,,,,,,,,,,,,,,,,5,35,7,25,11,19,3,18,2,15,18,8,15,2,2,2,1,,,,,,1,,0,12,2,2,2,1
Public Class,"org.apache.fontbox.ttf.GlyphTable",fontbox/src/main/java/org/apache/fontbox/ttf/GlyphTable.java,2,2,3,1,20,2,13,5,1,9,0,,0,3,,,5,5,5,28,2,1,0,2,,140,21,77,21,37,42,,,34,47,20,32,,,,,5,5,9,3,2,1,56,0,55,12,12,16,7
Constructor,"org.apache.fontbox.ttf.GlyphTable.GlyphTable(TrueTypeFont)",fontbox/src/main/java/org/apache/fontbox/ttf/GlyphTable.java,,,,,,,,,,,,,,,,,,,,,,,,,2,4,0,4,1,1,0,2,1,1,2,1,1,1,1,1,1,,,,,,0,,0,00,1,1,1,1
Public Method,"org.apache.fontbox.ttf.GlyphTable.getGlyph(int)",fontbox/src/main/java/org/apache/fontbox/ttf/GlyphTable.java,,,,,,,,,,,,,,,,,,,,,,,,,18,57,9,34,4,18,14,9,6,13,19,4,17,5,5,9,3,,,,,,1,,0,41,5,5,9,3
Private Method,"org.apache.fontbox.ttf.GlyphTable.getGlyphData(int)",fontbox/src/main/java/org/apache/fontbox/ttf/GlyphTable.java,,,,,,,,,,,,,,,,,,,,,,,,,4,13,0,12,4,7,1,7,2,6,8,4,7,3,3,3,1,,,,,,1,,0,08,3,3,3,1
Method,"org.apache.fontbox.ttf.GlyphTable.read(TrueTypeFont,TTFDataStream)",fontbox/src/main/java/org/apache/fontbox/ttf/GlyphTable.java,,,,,,,,,,,,,,,,,,,,,,,,,4,23,2,12,2,6,9,7,2,5,7,1,6,2,2,2,1,,,,,,1,,0,75,2,2,2,1
Public Method,"org.apache.fontbox.ttf.GlyphTable.setGlyphs(GlyphData[])",fontbox/src/main/java/org/apache/fontbox/ttf/GlyphTable.java,,,,,,,,,,,,,,,,,,,,,,,,,1,7,0,4,1,1,3,1,1,1,2,1,1,1,1,1,1,,,,,,0,,0,75,1,1,1,1
Public Class,"org.apache.fontbox.ttf.HeaderTable",fontbox/src/main/java/org/apache/fontbox/ttf/HeaderTable.java,1,1,1,1,7,0,4,3,1,6,0,,0,3,,,36,17,36,59,2,0,0,34,,313,5,185,58,56,123,,,73,110,57,53,,,,,1,1,1,1,2,0,91,0,66,36,36,36,36
Constructor,"org.apache.fontbox.ttf.HeaderTable.HeaderTable(TrueTypeFont)",fontbox/src/main/java/org/apache/fontbox/ttf/HeaderTable.java,,,,,,,,,,,,,,,,,,,,,,,,,2,4,0,4,1,1,0,2,1,1,2,1,1,1,1,1,1,,,,,,0,,0,00,1,1,1,1
Public Method,"org.apache.fontbox.ttf.HeaderTable.getCheckSumAdjustment()",fontbox/src/main/java/org/apache/fontbox/ttf/HeaderTable.java,,,,,,,,,,,,,,,,,,,,,,,,,1,7,0,4,1,1,3,1,1,1,2,1,1,1,1,1,1,,,,,,0,,0,75,1,1,1,1
Public Method,"org.apache.fontbox.ttf.HeaderTable.getCreated()",fontbox/src/main/java/org/apache/fontbox/ttf/HeaderTable.java,,,,,,,,,,,,,,,,,,,,,,,,,3,7,0,4,1,1,3,1,1,1,2,1,1,1,1,1,1,,,,,,0,,0,75,1,1,1,1
Public Method,"org.apache.fontbox.ttf.HeaderTable.getFlags()",fontbox/src/main/java/org/apache/fontbox/ttf/HeaderTable.java,,,,,,,,,,,,,,,,,,,,,,,,,2,7,0,4,1,1,3,1,1,1,2,1,1,1,1,1,1,,,,,,0,,0,75,1,1,1,1
Public Method,"org.apache.fontbox.ttf.HeaderTable.getFontDirectionHint()",fontbox/src/main/java/org/apache/fontbox/ttf/HeaderTable.java,,,,,,,,,,,,,,,,,,,,,,,,,2,7,0,4,1,1,3,1,1,1,2,1,1,1,1,1,1,,,,,,0,,0,75,1,1,1,1
Public Method,"org.apache.fontbox.ttf.HeaderTable.getFontRevision()",fontbox/src/main/java/org/apache/fontbox/ttf/HeaderTable.java,,,,,,,,,,,,,,,,,,,,,,,,,2,7,0,4,1,1,3,1,1,1,2,1,1,1,1,1,1,,,,,,0,,0,75,1,1,1,1
Public Method,"org.apache.fontbox.ttf.HeaderTable.getGlyphDataFormat()",fontbox/src/main/java/org/apache/fontbox/ttf/HeaderTable.java,,,,,,,,,,,,,,,,,,,,,,,,,2,7,0,4,1,1,3,1,1,1,2,1,1,1,1,1,1,,,,,,0,,0,75,1,1,1,1
Public Method,"org.apache.fontbox.ttf.HeaderTable.getIndexToLocFormat()",fontbox/src/main/java/org/apache/fontbox/ttf/HeaderTable.java,,,,,,,,,,,,,,,,,,,,,,,,,2,7,0,4,1,1,3,1,1,1,2,1,1,1,1,1,1,,,,,,0,,0,75,1,1,1,1
Public Method,"org.apache.fontbox.ttf.HeaderTable.getLowestRecPPEM()",fontbox/src/main/java/org/apache/fontbox/ttf/HeaderTable.java,,,,,,,,,,,,,,,,,,,,,,,,,2,7,0,4,1,1,3,1,1,1,2,1,1,1,1,1,1,,,,,,0,,0,75,1,1,1,1
Public Method,"org.apache.fontbox.ttf.HeaderTable.getMacStyle()",fontbox/src/main/java/org/apache/fontbox/ttf/HeaderTable.java,,,,,,,,,,,,,,,,,,,,,,,,,3,7,0,4,1,1,3,1,1,1,2,1,1,1,1,1,1,,,,,,0,,0,75,1,1,1,1
Public Method,"org.apache.fontbox.ttf.HeaderTable.getMagicNumber()",fontbox/src/main/java/org/apache/fontbox/ttf/HeaderTable.java,,,,,,,,,,,,,,,,,,,,,,,,,2,7,0,4,1,1,3,1,1,1,2,1,1,1,1,1,1,,,,,,0,,0,75,1,1,1,1
Public Method,"org.apache.fontbox.ttf.HeaderTable.getModified()",fontbox/src/main/java/org/apache/fontbox/ttf/HeaderTable.java,,,,,,,,,,,,,,,,,,,,,,,,,2,7,0,4,1,1,3,1,1,1,2,1,1,1,1,1,1,,,,,,0,,0,75,1,1,1,1
Public Method,"org.apache.fontbox.ttf.HeaderTable.getUnitsPerEm()",fontbox/src/main/java/org/apache/fontbox/ttf/HeaderTable.java,,,,,,,,,,,,,,,,,,,,,,,,,11,7,0,4,1,1,3,1,1,1,2,1,1,1,1,1,1,,,,,,0,,0,75,1,1,1,1
Public Method,"org.apache.fontbox.ttf.HeaderTable.getVersion()",fontbox/src/main/java/org/apache/fontbox/ttf/HeaderTable.java,,,,,,,,,,,,,,,,,,,,,,,,,2,7,0,4,1,1,3,1,1,1,2,1,1,1,1,1,1,,,,,,0,,0,75,1,1,1,1
Public Method,"org.apache.fontbox.ttf.HeaderTable.getXMax()",fontbox/src/main/java/org/apache/fontbox/ttf/HeaderTable.java,,,,,,,,,,,,,,,,,,,,,,,,,4,7,0,4,1,1,3,1,1,1,2,1,1,1,1,1,1,,,,,,0,,0,75,1,1,1,1
Public Method,"org.apache.fontbox.ttf.HeaderTable.getXMin()",fontbox/src/main/java/org/apache/fontbox/ttf/HeaderTable.java,,,,,,,,,,,,,,,,,,,,,,,,,4,7,0,4,1,1,3,1,1,1,2,1,1,1,1,1,1,,,,,,0,,0,75,1,1,1,1
Public Method,"org.apache.fontbox.ttf.HeaderTable.getYMax()",fontbox/src/main/java/org/apache/fontbox/ttf/HeaderTable.java,,,,,,,,,,,,,,,,,,,,,,,,,4,7,0,4,1,1,3,1,1,1,2,1,1,1,1,1,1,,,,,,0,,0,75,1,1,1,1
Public Method,"org.apache.fontbox.ttf.HeaderTable.getYMin()",fontbox/src/main/java/org/apache/fontbox/ttf/HeaderTable.java,,,,,,,,,,,,,,,,,,,,,,,,,4,7,0,4,1,1,3,1,1,1,2,1,1,1,1,1,1,,,,,,0,,0,75,1,1,1,1
Method,"org.apache.fontbox.ttf.HeaderTable.read(TrueTypeFont,TTFDataStream)",fontbox/src/main/java/org/apache/fontbox/ttf/HeaderTable.java,,,,,,,,,,,,,,,,,,,,,,,,,1,29,0,22,2,18,7,23,1,18,19,1,18,1,1,1,1,,,,,,0,,0,32,1,1,1,1
Public Method,"org.apache.fontbox.ttf.HeaderTable.setCheckSumAdjustment(long)",fontbox/src/main/java/org/apache/fontbox/ttf/HeaderTable.java,,,,,,,,,,,,,,,,,,,,,,,,,1,7,0,4,1,1,3,1,1,1,2,1,1,1,1,1,1,,,,,,0,,0,75,1,1,1,1
Public Method,"org.apache.fontbox.ttf.HeaderTable.setCreated(Calendar)",fontbox/src/main/java/org/apache/fontbox/ttf/HeaderTable.java,,,,,,,,,,,,,,,,,,,,,,,,,1,7,0,4,1,1,3,1,1,1,2,1,1,1,1,1,1,,,,,,0,,0,75,1,1,1,1
Public Method,"org.apache.fontbox.ttf.HeaderTable.setFlags(int)",fontbox/src/main/java/org/apache/fontbox/ttf/HeaderTable.java,,,,,,,,,,,,,,,,,,,,,,,,,1,7,0,4,1,1,3,1,1,1,2,1,1,1,1,1,1,,,,,,0,,0,75,1,1,1,1
Public Method,"org.apache.fontbox.ttf.HeaderTable.setFontDirectionHint(short)",fontbox/src/main/java/org/apache/fontbox/ttf/HeaderTable.java,,,,,,,,,,,,,,,,,,,,,,,,,1,7,0,4,1,1,3,1,1,1,2,1,1,1,1,1,1,,,,,,0,,0,75,1,1,1,1
Public Method,"org.apache.fontbox.ttf.HeaderTable.setFontRevision(float)",fontbox/src/main/java/org/apache/fontbox/ttf/HeaderTable.java,,,,,,,,,,,,,,,,,,,,,,,,,1,7,0,4,1,1,3,1,1,1,2,1,1,1,1,1,1,,,,,,0,,0,75,1,1,1,1
Public Method,"org.apache.fontbox.ttf.HeaderTable.setGlyphDataFormat(short)",fontbox/src/main/java/org/apache/fontbox/ttf/HeaderTable.java,,,,,,,,,,,,,,,,,,,,,,,,,1,7,0,4,1,1,3,1,1,1,2,1,1,1,1,1,1,,,,,,0,,0,75,1,1,1,1
Public Method,"org.apache.fontbox.ttf.HeaderTable.setIndexToLocFormat(short)",fontbox/src/main/java/org/apache/fontbox/ttf/HeaderTable.java,,,,,,,,,,,,,,,,,,,,,,,,,1,7,0,4,1,1,3,1,1,1,2,1,1,1,1,1,1,,,,,,0,,0,75,1,1,1,1
Public Method,"org.apache.fontbox.ttf.HeaderTable.setLowestRecPPEM(int)",fontbox/src/main/java/org/apache/fontbox/ttf/HeaderTable.java,,,,,,,,,,,,,,,,,,,,,,,,,1,7,0,4,1,1,3,1,1,1,2,1,1,1,1,1,1,,,,,,0,,0,75,1,1,1,1
Public Method,"org.apache.fontbox.ttf.HeaderTable.setMacStyle(int)",fontbox/src/main/java/org/apache/fontbox/ttf/HeaderTable.java,,,,,,,,,,,,,,,,,,,,,,,,,1,7,0,4,1,1,3,1,1,1,2,1,1,1,1,1,1,,,,,,0,,0,75,1,1,1,1
Public Method,"org.apache.fontbox.ttf.HeaderTable.setMagicNumber(long)",fontbox/src/main/java/org/apache/fontbox/ttf/HeaderTable.java,,,,,,,,,,,,,,,,,,,,,,,,,1,7,0,4,1,1,3,1,1,1,2,1,1,1,1,1,1,,,,,,0,,0,75,1,1,1,1
Public Method,"org.apache.fontbox.ttf.HeaderTable.setModified(Calendar)",fontbox/src/main/java/org/apache/fontbox/ttf/HeaderTable.java,,,,,,,,,,,,,,,,,,,,,,,,,1,7,0,4,1,1,3,1,1,1,2,1,1,1,1,1,1,,,,,,0,,0,75,1,1,1,1
Public Method,"org.apache.fontbox.ttf.HeaderTable.setUnitsPerEm(int)",fontbox/src/main/java/org/apache/fontbox/ttf/HeaderTable.java,,,,,,,,,,,,,,,,,,,,,,,,,1,7,0,4,1,1,3,1,1,1,2,1,1,1,1,1,1,,,,,,0,,0,75,1,1,1,1
Public Method,"org.apache.fontbox.ttf.HeaderTable.setVersion(float)",fontbox/src/main/java/org/apache/fontbox/ttf/HeaderTable.java,,,,,,,,,,,,,,,,,,,,,,,,,1,7,0,4,1,1,3,1,1,1,2,1,1,1,1,1,1,,,,,,0,,0,75,1,1,1,1
Public Method,"org.apache.fontbox.ttf.HeaderTable.setXMax(short)",fontbox/src/main/java/org/apache/fontbox/ttf/HeaderTable.java,,,,,,,,,,,,,,,,,,,,,,,,,1,7,0,4,1,1,3,1,1,1,2,1,1,1,1,1,1,,,,,,0,,0,75,1,1,1,1
Public Method,"org.apache.fontbox.ttf.HeaderTable.setXMin(short)",fontbox/src/main/java/org/apache/fontbox/ttf/HeaderTable.java,,,,,,,,,,,,,,,,,,,,,,,,,1,7,0,4,1,1,3,1,1,1,2,1,1,1,1,1,1,,,,,,0,,0,75,1,1,1,1
Public Method,"org.apache.fontbox.ttf.HeaderTable.setYMax(short)",fontbox/src/main/java/org/apache/fontbox/ttf/HeaderTable.java,,,,,,,,,,,,,,,,,,,,,,,,,1,7,0,4,1,1,3,1,1,1,2,1,1,1,1,1,1,,,,,,0,,0,75,1,1,1,1
Public Method,"org.apache.fontbox.ttf.HeaderTable.setYMin(short)",fontbox/src/main/java/org/apache/fontbox/ttf/HeaderTable.java,,,,,,,,,,,,,,,,,,,,,,,,,1,7,0,4,1,1,3,1,1,1,2,1,1,1,1,1,1,,,,,,0,,0,75,1,1,1,1
Public Class,"org.apache.fontbox.ttf.HorizontalHeaderTable",fontbox/src/main/java/org/apache/fontbox/ttf/HorizontalHeaderTable.java,1,1,1,1,7,0,4,3,1,5,0,,0,1,,,36,17,36,59,2,0,0,34,,304,4,183,56,54,117,,,71,108,55,53,,,,,1,1,1,1,2,0,91,0,64,36,36,36,36
Constructor,"org.apache.fontbox.ttf.HorizontalHeaderTable.HorizontalHeaderTable(TrueTypeFont)",fontbox/src/main/java/org/apache/fontbox/ttf/HorizontalHeaderTable.java,,,,,,,,,,,,,,,,,,,,,,,,,2,4,0,4,1,1,0,2,1,1,2,1,1,1,1,1,1,,,,,,0,,0,00,1,1,1,1
Public Method,"org.apache.fontbox.ttf.HorizontalHeaderTable.getAdvanceWidthMax()",fontbox/src/main/java/org/apache/fontbox/ttf/HorizontalHeaderTable.java,,,,,,,,,,,,,,,,,,,,,,,,,2,7,0,4,1,1,3,1,1,1,2,1,1,1,1,1,1,,,,,,0,,0,75,1,1,1,1
Public Method,"org.apache.fontbox.ttf.HorizontalHeaderTable.getAscender()",fontbox/src/main/java/org/apache/fontbox/ttf/HorizontalHeaderTable.java,,,,,,,,,,,,,,,,,,,,,,,,,4,7,0,4,1,1,3,1,1,1,2,1,1,1,1,1,1,,,,,,0,,0,75,1,1,1,1
Public Method,"org.apache.fontbox.ttf.HorizontalHeaderTable.getCaretSlopeRise()",fontbox/src/main/java/org/apache/fontbox/ttf/HorizontalHeaderTable.java,,,,,,,,,,,,,,,,,,,,,,,,,2,7,0,4,1,1,3,1,1,1,2,1,1,1,1,1,1,,,,,,0,,0,75,1,1,1,1
Public Method,"org.apache.fontbox.ttf.HorizontalHeaderTable.getCaretSlopeRun()",fontbox/src/main/java/org/apache/fontbox/ttf/HorizontalHeaderTable.java,,,,,,,,,,,,,,,,,,,,,,,,,2,7,0,4,1,1,3,1,1,1,2,1,1,1,1,1,1,,,,,,0,,0,75,1,1,1,1
Public Method,"org.apache.fontbox.ttf.HorizontalHeaderTable.getDescender()",fontbox/src/main/java/org/apache/fontbox/ttf/HorizontalHeaderTable.java,,,,,,,,,,,,,,,,,,,,,,,,,4,7,0,4,1,1,3,1,1,1,2,1,1,1,1,1,1,,,,,,0,,0,75,1,1,1,1
Public Method,"org.apache.fontbox.ttf.HorizontalHeaderTable.getLineGap()",fontbox/src/main/java/org/apache/fontbox/ttf/HorizontalHeaderTable.java,,,,,,,,,,,,,,,,,,,,,,,,,2,7,0,4,1,1,3,1,1,1,2,1,1,1,1,1,1,,,,,,0,,0,75,1,1,1,1
Public Method,"org.apache.fontbox.ttf.HorizontalHeaderTable.getMetricDataFormat()",fontbox/src/main/java/org/apache/fontbox/ttf/HorizontalHeaderTable.java,,,,,,,,,,,,,,,,,,,,,,,,,2,7,0,4,1,1,3,1,1,1,2,1,1,1,1,1,1,,,,,,0,,0,75,1,1,1,1
Public Method,"org.apache.fontbox.ttf.HorizontalHeaderTable.getMinLeftSideBearing()",fontbox/src/main/java/org/apache/fontbox/ttf/HorizontalHeaderTable.java,,,,,,,,,,,,,,,,,,,,,,,,,2,7,0,4,1,1,3,1,1,1,2,1,1,1,1,1,1,,,,,,0,,0,75,1,1,1,1
Public Method,"org.apache.fontbox.ttf.HorizontalHeaderTable.getMinRightSideBearing()",fontbox/src/main/java/org/apache/fontbox/ttf/HorizontalHeaderTable.java,,,,,,,,,,,,,,,,,,,,,,,,,2,7,0,4,1,1,3,1,1,1,2,1,1,1,1,1,1,,,,,,0,,0,75,1,1,1,1
Public Method,"org.apache.fontbox.ttf.HorizontalHeaderTable.getNumberOfHMetrics()",fontbox/src/main/java/org/apache/fontbox/ttf/HorizontalHeaderTable.java,,,,,,,,,,,,,,,,,,,,,,,,,5,7,0,4,1,1,3,1,1,1,2,1,1,1,1,1,1,,,,,,0,,0,75,1,1,1,1
Public Method,"org.apache.fontbox.ttf.HorizontalHeaderTable.getReserved1()",fontbox/src/main/java/org/apache/fontbox/ttf/HorizontalHeaderTable.java,,,,,,,,,,,,,,,,,,,,,,,,,2,7,0,4,1,1,3,1,1,1,2,1,1,1,1,1,1,,,,,,0,,0,75,1,1,1,1
Public Method,"org.apache.fontbox.ttf.HorizontalHeaderTable.getReserved2()",fontbox/src/main/java/org/apache/fontbox/ttf/HorizontalHeaderTable.java,,,,,,,,,,,,,,,,,,,,,,,,,2,7,0,4,1,1,3,1,1,1,2,1,1,1,1,1,1,,,,,,0,,0,75,1,1,1,1
Public Method,"org.apache.fontbox.ttf.HorizontalHeaderTable.getReserved3()",fontbox/src/main/java/org/apache/fontbox/ttf/HorizontalHeaderTable.java,,,,,,,,,,,,,,,,,,,,,,,,,2,7,0,4,1,1,3,1,1,1,2,1,1,1,1,1,1,,,,,,0,,0,75,1,1,1,1
Public Method,"org.apache.fontbox.ttf.HorizontalHeaderTable.getReserved4()",fontbox/src/main/java/org/apache/fontbox/ttf/HorizontalHeaderTable.java,,,,,,,,,,,,,,,,,,,,,,,,,2,7,0,4,1,1,3,1,1,1,2,1,1,1,1,1,1,,,,,,0,,0,75,1,1,1,1
Public Method,"org.apache.fontbox.ttf.HorizontalHeaderTable.getReserved5()",fontbox/src/main/java/org/apache/fontbox/ttf/HorizontalHeaderTable.java,,,,,,,,,,,,,,,,,,,,,,,,,2,7,0,4,1,1,3,1,1,1,2,1,1,1,1,1,1,,,,,,0,,0,75,1,1,1,1
Public Method,"org.apache.fontbox.ttf.HorizontalHeaderTable.getVersion()",fontbox/src/main/java/org/apache/fontbox/ttf/HorizontalHeaderTable.java,,,,,,,,,,,,,,,,,,,,,,,,,2,7,0,4,1,1,3,1,1,1,2,1,1,1,1,1,1,,,,,,0,,0,75,1,1,1,1
Public Method,"org.apache.fontbox.ttf.HorizontalHeaderTable.getXMaxExtent()",fontbox/src/main/java/org/apache/fontbox/ttf/HorizontalHeaderTable.java,,,,,,,,,,,,,,,,,,,,,,,,,2,7,0,4,1,1,3,1,1,1,2,1,1,1,1,1,1,,,,,,0,,0,75,1,1,1,1
Method,"org.apache.fontbox.ttf.HorizontalHeaderTable.read(TrueTypeFont,TTFDataStream)",fontbox/src/main/java/org/apache/fontbox/ttf/HorizontalHeaderTable.java,,,,,,,,,,,,,,,,,,,,,,,,,1,29,0,22,2,18,7,21,1,18,19,1,18,1,1,1,1,,,,,,0,,0,32,1,1,1,1
Public Method,"org.apache.fontbox.ttf.HorizontalHeaderTable.setAdvanceWidthMax(int)",fontbox/src/main/java/org/apache/fontbox/ttf/HorizontalHeaderTable.java,,,,,,,,,,,,,,,,,,,,,,,,,1,7,0,4,1,1,3,1,1,1,2,1,1,1,1,1,1,,,,,,0,,0,75,1,1,1,1
Public Method,"org.apache.fontbox.ttf.HorizontalHeaderTable.setAscender(short)",fontbox/src/main/java/org/apache/fontbox/ttf/HorizontalHeaderTable.java,,,,,,,,,,,,,,,,,,,,,,,,,1,7,0,4,1,1,3,1,1,1,2,1,1,1,1,1,1,,,,,,0,,0,75,1,1,1,1
Public Method,"org.apache.fontbox.ttf.HorizontalHeaderTable.setCaretSlopeRise(short)",fontbox/src/main/java/org/apache/fontbox/ttf/HorizontalHeaderTable.java,,,,,,,,,,,,,,,,,,,,,,,,,1,7,0,4,1,1,3,1,1,1,2,1,1,1,1,1,1,,,,,,0,,0,75,1,1,1,1
Public Method,"org.apache.fontbox.ttf.HorizontalHeaderTable.setCaretSlopeRun(short)",fontbox/src/main/java/org/apache/fontbox/ttf/HorizontalHeaderTable.java,,,,,,,,,,,,,,,,,,,,,,,,,1,7,0,4,1,1,3,1,1,1,2,1,1,1,1,1,1,,,,,,0,,0,75,1,1,1,1
Public Method,"org.apache.fontbox.ttf.HorizontalHeaderTable.setDescender(short)",fontbox/src/main/java/org/apache/fontbox/ttf/HorizontalHeaderTable.java,,,,,,,,,,,,,,,,,,,,,,,,,1,7,0,4,1,1,3,1,1,1,2,1,1,1,1,1,1,,,,,,0,,0,75,1,1,1,1
Public Method,"org.apache.fontbox.ttf.HorizontalHeaderTable.setLineGap(short)",fontbox/src/main/java/org/apache/fontbox/ttf/HorizontalHeaderTable.java,,,,,,,,,,,,,,,,,,,,,,,,,1,7,0,4,1,1,3,1,1,1,2,1,1,1,1,1,1,,,,,,0,,0,75,1,1,1,1
Public Method,"org.apache.fontbox.ttf.HorizontalHeaderTable.setMetricDataFormat(short)",fontbox/src/main/java/org/apache/fontbox/ttf/HorizontalHeaderTable.java,,,,,,,,,,,,,,,,,,,,,,,,,1,7,0,4,1,1,3,1,1,1,2,1,1,1,1,1,1,,,,,,0,,0,75,1,1,1,1
Public Method,"org.apache.fontbox.ttf.HorizontalHeaderTable.setMinLeftSideBearing(short)",fontbox/src/main/java/org/apache/fontbox/ttf/HorizontalHeaderTable.java,,,,,,,,,,,,,,,,,,,,,,,,,1,7,0,4,1,1,3,1,1,1,2,1,1,1,1,1,1,,,,,,0,,0,75,1,1,1,1
Public Method,"org.apache.fontbox.ttf.HorizontalHeaderTable.setMinRightSideBearing(short)",fontbox/src/main/java/org/apache/fontbox/ttf/HorizontalHeaderTable.java,,,,,,,,,,,,,,,,,,,,,,,,,1,7,0,4,1,1,3,1,1,1,2,1,1,1,1,1,1,,,,,,0,,0,75,1,1,1,1
Public Method,"org.apache.fontbox.ttf.HorizontalHeaderTable.setNumberOfHMetrics(int)",fontbox/src/main/java/org/apache/fontbox/ttf/HorizontalHeaderTable.java,,,,,,,,,,,,,,,,,,,,,,,,,1,7,0,4,1,1,3,1,1,1,2,1,1,1,1,1,1,,,,,,0,,0,75,1,1,1,1
Public Method,"org.apache.fontbox.ttf.HorizontalHeaderTable.setReserved1(short)",fontbox/src/main/java/org/apache/fontbox/ttf/HorizontalHeaderTable.java,,,,,,,,,,,,,,,,,,,,,,,,,1,7,0,4,1,1,3,1,1,1,2,1,1,1,1,1,1,,,,,,0,,0,75,1,1,1,1
Public Method,"org.apache.fontbox.ttf.HorizontalHeaderTable.setReserved2(short)",fontbox/src/main/java/org/apache/fontbox/ttf/HorizontalHeaderTable.java,,,,,,,,,,,,,,,,,,,,,,,,,1,7,0,4,1,1,3,1,1,1,2,1,1,1,1,1,1,,,,,,0,,0,75,1,1,1,1
Public Method,"org.apache.fontbox.ttf.HorizontalHeaderTable.setReserved3(short)",fontbox/src/main/java/org/apache/fontbox/ttf/HorizontalHeaderTable.java,,,,,,,,,,,,,,,,,,,,,,,,,1,7,0,4,1,1,3,1,1,1,2,1,1,1,1,1,1,,,,,,0,,0,75,1,1,1,1
Public Method,"org.apache.fontbox.ttf.HorizontalHeaderTable.setReserved4(short)",fontbox/src/main/java/org/apache/fontbox/ttf/HorizontalHeaderTable.java,,,,,,,,,,,,,,,,,,,,,,,,,1,7,0,4,1,1,3,1,1,1,2,1,1,1,1,1,1,,,,,,0,,0,75,1,1,1,1
Public Method,"org.apache.fontbox.ttf.HorizontalHeaderTable.setReserved5(short)",fontbox/src/main/java/org/apache/fontbox/ttf/HorizontalHeaderTable.java,,,,,,,,,,,,,,,,,,,,,,,,,1,7,0,4,1,1,3,1,1,1,2,1,1,1,1,1,1,,,,,,0,,0,75,1,1,1,1
Public Method,"org.apache.fontbox.ttf.HorizontalHeaderTable.setVersion(float)",fontbox/src/main/java/org/apache/fontbox/ttf/HorizontalHeaderTable.java,,,,,,,,,,,,,,,,,,,,,,,,,1,7,0,4,1,1,3,1,1,1,2,1,1,1,1,1,1,,,,,,0,,0,75,1,1,1,1
Public Method,"org.apache.fontbox.ttf.HorizontalHeaderTable.setXMaxExtent(short)",fontbox/src/main/java/org/apache/fontbox/ttf/HorizontalHeaderTable.java,,,,,,,,,,,,,,,,,,,,,,,,,1,7,0,4,1,1,3,1,1,1,2,1,1,1,1,1,1,,,,,,0,,0,75,1,1,1,1
Public Class,"org.apache.fontbox.ttf.HorizontalMetricsTable",fontbox/src/main/java/org/apache/fontbox/ttf/HorizontalMetricsTable.java,3,3,3,2,25,1,18,5,1,6,0,,0,1,,,4,4,4,27,2,0,0,2,,121,11,80,15,36,30,,,32,47,16,33,,,,,7,7,7,3,2,3,43,0,38,14,14,14,8
Constructor,"org.apache.fontbox.ttf.HorizontalMetricsTable.HorizontalMetricsTable(TrueTypeFont)",fontbox/src/main/java/org/apache/fontbox/ttf/HorizontalMetricsTable.java,,,,,,,,,,,,,,,,,,,,,,,,,2,4,0,4,1,1,0,2,1,1,2,1,1,1,1,1,1,,,,,,0,,0,00,1,1,1,1
Public Method,"org.apache.fontbox.ttf.HorizontalMetricsTable.getAdvanceWidth(int)",fontbox/src/main/java/org/apache/fontbox/ttf/HorizontalMetricsTable.java,,,,,,,,,,,,,,,,,,,,,,,,,10,22,0,15,1,6,7,1,3,3,6,1,5,3,3,3,3,,,,,,1,,0,47,3,3,3,3
Public Method,"org.apache.fontbox.ttf.HorizontalMetricsTable.getLeftSideBearing(int)",fontbox/src/main/java/org/apache/fontbox/ttf/HorizontalMetricsTable.java,,,,,,,,,,,,,,,,,,,,,,,,,9,20,0,15,1,6,5,1,3,3,6,1,5,3,3,3,3,,,,,,1,,0,33,3,3,3,3
Method,"org.apache.fontbox.ttf.HorizontalMetricsTable.read(TrueTypeFont,TTFDataStream)",fontbox/src/main/java/org/apache/fontbox/ttf/HorizontalMetricsTable.java,,,,,,,,,,,,,,,,,,,,,,,,,3,54,6,38,6,22,10,12,32,20,27,7,22,7,7,7,1,,,,,,3,,0,26,7,7,7,1
Public Class,"org.apache.fontbox.ttf.IndexToLocationTable",fontbox/src/main/java/org/apache/fontbox/ttf/IndexToLocationTable.java,2,2,2,1,13,0,9,3,1,6,0,,0,3,,,4,1,4,27,2,0,0,2,,71,4,46,12,19,21,,,17,26,12,16,,,,,5,5,5,1,2,2,25,0,46,8,8,8,4
Constructor,"org.apache.fontbox.ttf.IndexToLocationTable.IndexToLocationTable(TrueTypeFont)",fontbox/src/main/java/org/apache/fontbox/ttf/IndexToLocationTable.java,,,,,,,,,,,,,,,,,,,,,,,,,2,4,0,4,1,1,0,2,1,1,2,1,1,1,1,1,1,,,,,,0,,0,00,1,1,1,1
Public Method,"org.apache.fontbox.ttf.IndexToLocationTable.getOffsets()",fontbox/src/main/java/org/apache/fontbox/ttf/IndexToLocationTable.java,,,,,,,,,,,,,,,,,,,,,,,,,4,7,0,4,1,1,3,1,1,1,2,1,1,1,1,1,1,,,,,,0,,0,75,1,1,1,1
Method,"org.apache.fontbox.ttf.IndexToLocationTable.read(TrueTypeFont,TTFDataStream)",fontbox/src/main/java/org/apache/fontbox/ttf/IndexToLocationTable.java,,,,,,,,,,,,,,,,,,,,,,,,,4,34,0,27,4,13,7,8,8,10,15,4,13,5,5,5,1,,,,,,2,,0,26,5,5,5,1
Public Method,"org.apache.fontbox.ttf.IndexToLocationTable.setOffsets(long[])",fontbox/src/main/java/org/apache/fontbox/ttf/IndexToLocationTable.java,,,,,,,,,,,,,,,,,,,,,,,,,1,7,0,4,1,1,3,1,1,1,2,1,1,1,1,1,1,,,,,,0,,0,75,1,1,1,1
Public Class,"org.apache.fontbox.ttf.KerningSubtable",fontbox/src/main/java/org/apache/fontbox/ttf/KerningSubtable.java,2,2,2,1,15,0,11,3,1,8,0,,2,9,,,10,4,12,24,2,6,0,4,,281,21,210,56,97,50,,,86,124,56,81,,,,,8,8,8,5,1,4,81,0,24,29,29,29,19
Constructor,"org.apache.fontbox.ttf.KerningSubtable.KerningSubtable()",fontbox/src/main/java/org/apache/fontbox/ttf/KerningSubtable.java,,,,,,,,,,,,,,,,,,,,,,,,,1,3,0,3,1,0,0,1,1,0,1,1,0,1,1,1,1,,,,,,0,,0,00,1,1,1,1
Private Interface,"org.apache.fontbox.ttf.KerningSubtable.PairData",fontbox/src/main/java/org/apache/fontbox/ttf/KerningSubtable.java,0,0,0,0,0,0,0,0,0,2,1,,0,0,,,2,0,2,2,2,0,0,0,,6,1,5,3,0,0,,,2,3,3,0,,,,,0,0,0,0,0,0,0,0,00,0,0,0,0
Abstract Method,"org.apache.fontbox.ttf.KerningSubtable.PairData.getKerning(int,int)",fontbox/src/main/java/org/apache/fontbox/ttf/KerningSubtable.java,,,,,,,,,,,,,,,,,,,,,,,,,1,1,0,1,1,0,0,1,0,1,1,1,0,0,0,0,0,,,,,,0,,0,00,0,0,0,0
Abstract Method,"org.apache.fontbox.ttf.KerningSubtable.PairData.read(TTFDataStream)",fontbox/src/main/java/org/apache/fontbox/ttf/KerningSubtable.java,,,,,,,,,,,,,,,,,,,,,,,,,1,1,0,1,1,0,0,0,0,1,1,1,0,0,0,0,0,,,,,,0,,0,00,0,0,0,0
Private Static Class,"org.apache.fontbox.ttf.KerningSubtable.PairData0Format0",fontbox/src/main/java/org/apache/fontbox/ttf/KerningSubtable.java,2,2,2,1,14,0,14,0,3,5,0,,0,0,,,3,2,3,15,0,0,0,3,,51,3,48,18,25,0,,,26,33,16,25,,,,,2,2,2,1,1,1,50,0,00,6,6,6,3
Public Method,"org.apache.fontbox.ttf.KerningSubtable.PairData0Format0.compare(int[],int[])",fontbox/src/main/java/org/apache/fontbox/ttf/KerningSubtable.java,,,,,,,,,,,,,,,,,,,,,,,,,3,14,0,14,3,8,0,2,2,7,9,2,8,2,2,2,1,,,,,,1,,0,00,2,2,2,1
Public Method,"org.apache.fontbox.ttf.KerningSubtable.PairData0Format0.getKerning(int,int)",fontbox/src/main/java/org/apache/fontbox/ttf/KerningSubtable.java,,,,,,,,,,,,,,,,,,,,,,,,,3,11,0,11,4,5,0,2,2,4,6,3,4,2,2,2,1,,,,,,1,,0,00,2,2,2,1
Public Method,"org.apache.fontbox.ttf.KerningSubtable.PairData0Format0.read(TTFDataStream)",fontbox/src/main/java/org/apache/fontbox/ttf/KerningSubtable.java,,,,,,,,,,,,,,,,,,,,,,,,,1,18,0,18,8,12,0,4,2,13,15,8,13,2,2,2,1,,,,,,1,,0,00,2,2,2,1
Private Static Method,"org.apache.fontbox.ttf.KerningSubtable.getBits(int,int,int)",fontbox/src/main/java/org/apache/fontbox/ttf/KerningSubtable.java,,,,,,,,,,,,,,,,,,,,,,,,,5,4,0,4,1,1,0,1,1,1,2,1,1,1,1,1,1,,,,,,0,,0,00,1,1,1,1
Public Method,"org.apache.fontbox.ttf.KerningSubtable.getKerning(int,int)",fontbox/src/main/java/org/apache/fontbox/ttf/KerningSubtable.java,,,,,,,,,,,,,,,,,,,,,,,,,5,16,0,9,1,4,7,3,2,3,5,1,4,2,2,2,1,,,,,,1,,0,78,2,2,2,1
Public Method,"org.apache.fontbox.ttf.KerningSubtable.getKerning(int[])",fontbox/src/main/java/org/apache/fontbox/ttf/KerningSubtable.java,,,,,,,,,,,,,,,,,,,,,,,,,4,39,0,29,6,16,10,3,5,15,20,8,12,5,5,5,5,,,,,,4,,0,34,5,5,5,5
Private Static Method,"org.apache.fontbox.ttf.KerningSubtable.isBitsSet(int,int,int)",fontbox/src/main/java/org/apache/fontbox/ttf/KerningSubtable.java,,,,,,,,,,,,,,,,,,,,,,,,,4,4,0,4,1,1,0,2,1,1,2,1,1,1,1,1,1,,,,,,0,,0,00,1,1,1,1
Public Method,"org.apache.fontbox.ttf.KerningSubtable.isHorizontalKerning()",fontbox/src/main/java/org/apache/fontbox/ttf/KerningSubtable.java,,,,,,,,,,,,,,,,,,,,,,,,,0,11,0,4,1,1,7,2,1,1,2,1,1,1,1,1,1,,,,,,0,,1,75,1,1,1,1
Public Method,"org.apache.fontbox.ttf.KerningSubtable.isHorizontalKerning(boolean)",fontbox/src/main/java/org/apache/fontbox/ttf/KerningSubtable.java,,,,,,,,,,,,,,,,,,,,,,,,,6,28,0,19,1,8,9,1,4,4,8,1,7,4,4,4,4,,,,,,1,,0,47,4,4,4,4
Method,"org.apache.fontbox.ttf.KerningSubtable.read(TTFDataStream,int)",fontbox/src/main/java/org/apache/fontbox/ttf/KerningSubtable.java,,,,,,,,,,,,,,,,,,,,,,,,,3,22,0,15,1,6,7,3,3,3,6,1,5,3,3,3,1,,,,,,1,,0,47,3,3,3,1
Private Method,"org.apache.fontbox.ttf.KerningSubtable.readSubtable0(TTFDataStream)",fontbox/src/main/java/org/apache/fontbox/ttf/KerningSubtable.java,,,,,,,,,,,,,,,,,,,,,,,,,11,41,0,41,5,22,0,11,49,13,21,5,20,8,8,8,1,,,,,,1,,0,00,8,8,8,1
Private Method,"org.apache.fontbox.ttf.KerningSubtable.readSubtable0Format0(TTFDataStream)",fontbox/src/main/java/org/apache/fontbox/ttf/KerningSubtable.java,,,,,,,,,,,,,,,,,,,,,,,,,3,5,0,5,1,2,0,2,1,2,3,1,2,1,1,1,1,,,,,,0,,0,00,1,1,1,1
Private Method,"org.apache.fontbox.ttf.KerningSubtable.readSubtable0Format2(TTFDataStream)",fontbox/src/main/java/org/apache/fontbox/ttf/KerningSubtable.java,,,,,,,,,,,,,,,,,,,,,,,,,2,4,0,4,1,1,0,1,1,1,2,1,1,1,1,1,1,,,,,,0,,0,00,1,1,1,1
Private Method,"org.apache.fontbox.ttf.KerningSubtable.readSubtable1(TTFDataStream)",fontbox/src/main/java/org/apache/fontbox/ttf/KerningSubtable.java,,,,,,,,,,,,,,,,,,,,,,,,,2,4,0,4,1,1,0,1,1,1,2,1,1,1,1,1,1,,,,,,0,,0,00,1,1,1,1
Public Class,"org.apache.fontbox.ttf.KerningTable",fontbox/src/main/java/org/apache/fontbox/ttf/KerningTable.java,3,3,3,1,18,0,13,4,1,9,0,,0,2,,,4,1,4,27,2,0,0,2,,94,7,61,12,26,26,,,20,34,13,24,,,,,6,6,6,4,2,3,50,0,43,12,12,12,7
Constructor,"org.apache.fontbox.ttf.KerningTable.KerningTable(TrueTypeFont)",fontbox/src/main/java/org/apache/fontbox/ttf/KerningTable.java,,,,,,,,,,,,,,,,,,,,,,,,,2,4,0,4,1,1,0,2,1,1,2,1,1,1,1,1,1,,,,,,0,,0,00,1,1,1,1
Public Method,"org.apache.fontbox.ttf.KerningTable.getHorizontalKerningSubtable()",fontbox/src/main/java/org/apache/fontbox/ttf/KerningTable.java,,,,,,,,,,,,,,,,,,,,,,,,,0,9,0,4,1,1,5,2,1,1,2,1,1,1,1,1,1,,,,,,0,,1,25,1,1,1,1
Public Method,"org.apache.fontbox.ttf.KerningTable.getHorizontalKerningSubtable(boolean)",fontbox/src/main/java/org/apache/fontbox/ttf/KerningTable.java,,,,,,,,,,,,,,,,,,,,,,,,,3,20,0,14,1,5,6,2,4,2,7,2,5,4,4,4,4,,,,,,3,,0,43,4,4,4,4
Method,"org.apache.fontbox.ttf.KerningTable.read(TrueTypeFont,TTFDataStream)",fontbox/src/main/java/org/apache/fontbox/ttf/KerningTable.java,,,,,,,,,,,,,,,,,,,,,,,,,2,40,0,33,5,17,7,7,18,13,19,5,16,6,6,6,1,,,,,,2,,0,21,6,6,6,1
Public Class,"org.apache.fontbox.ttf.MaximumProfileTable",fontbox/src/main/java/org/apache/fontbox/ttf/MaximumProfileTable.java,1,1,1,1,7,0,4,3,1,5,0,,0,1,,,32,15,32,55,2,0,0,30,,272,4,163,50,48,105,,,63,96,49,47,,,,,1,1,1,1,2,0,90,0,64,32,32,32,32
Constructor,"org.apache.fontbox.ttf.MaximumProfileTable.MaximumProfileTable(TrueTypeFont)",fontbox/src/main/java/org/apache/fontbox/ttf/MaximumProfileTable.java,,,,,,,,,,,,,,,,,,,,,,,,,2,4,0,4,1,1,0,2,1,1,2,1,1,1,1,1,1,,,,,,0,,0,00,1,1,1,1
Public Method,"org.apache.fontbox.ttf.MaximumProfileTable.getMaxComponentDepth()",fontbox/src/main/java/org/apache/fontbox/ttf/MaximumProfileTable.java,,,,,,,,,,,,,,,,,,,,,,,,,2,7,0,4,1,1,3,1,1,1,2,1,1,1,1,1,1,,,,,,0,,0,75,1,1,1,1
Public Method,"org.apache.fontbox.ttf.MaximumProfileTable.getMaxComponentElements()",fontbox/src/main/java/org/apache/fontbox/ttf/MaximumProfileTable.java,,,,,,,,,,,,,,,,,,,,,,,,,2,7,0,4,1,1,3,1,1,1,2,1,1,1,1,1,1,,,,,,0,,0,75,1,1,1,1
Public Method,"org.apache.fontbox.ttf.MaximumProfileTable.getMaxCompositeContours()",fontbox/src/main/java/org/apache/fontbox/ttf/MaximumProfileTable.java,,,,,,,,,,,,,,,,,,,,,,,,,2,7,0,4,1,1,3,1,1,1,2,1,1,1,1,1,1,,,,,,0,,0,75,1,1,1,1
Public Method,"org.apache.fontbox.ttf.MaximumProfileTable.getMaxCompositePoints()",fontbox/src/main/java/org/apache/fontbox/ttf/MaximumProfileTable.java,,,,,,,,,,,,,,,,,,,,,,,,,2,7,0,4,1,1,3,1,1,1,2,1,1,1,1,1,1,,,,,,0,,0,75,1,1,1,1
Public Method,"org.apache.fontbox.ttf.MaximumProfileTable.getMaxContours()",fontbox/src/main/java/org/apache/fontbox/ttf/MaximumProfileTable.java,,,,,,,,,,,,,,,,,,,,,,,,,2,7,0,4,1,1,3,1,1,1,2,1,1,1,1,1,1,,,,,,0,,0,75,1,1,1,1
Public Method,"org.apache.fontbox.ttf.MaximumProfileTable.getMaxFunctionDefs()",fontbox/src/main/java/org/apache/fontbox/ttf/MaximumProfileTable.java,,,,,,,,,,,,,,,,,,,,,,,,,2,7,0,4,1,1,3,1,1,1,2,1,1,1,1,1,1,,,,,,0,,0,75,1,1,1,1
Public Method,"org.apache.fontbox.ttf.MaximumProfileTable.getMaxInstructionDefs()",fontbox/src/main/java/org/apache/fontbox/ttf/MaximumProfileTable.java,,,,,,,,,,,,,,,,,,,,,,,,,2,7,0,4,1,1,3,1,1,1,2,1,1,1,1,1,1,,,,,,0,,0,75,1,1,1,1
Public Method,"org.apache.fontbox.ttf.MaximumProfileTable.getMaxPoints()",fontbox/src/main/java/org/apache/fontbox/ttf/MaximumProfileTable.java,,,,,,,,,,,,,,,,,,,,,,,,,2,7,0,4,1,1,3,1,1,1,2,1,1,1,1,1,1,,,,,,0,,0,75,1,1,1,1
Public Method,"org.apache.fontbox.ttf.MaximumProfileTable.getMaxSizeOfInstructions()",fontbox/src/main/java/org/apache/fontbox/ttf/MaximumProfileTable.java,,,,,,,,,,,,,,,,,,,,,,,,,2,7,0,4,1,1,3,1,1,1,2,1,1,1,1,1,1,,,,,,0,,0,75,1,1,1,1
Public Method,"org.apache.fontbox.ttf.MaximumProfileTable.getMaxStackElements()",fontbox/src/main/java/org/apache/fontbox/ttf/MaximumProfileTable.java,,,,,,,,,,,,,,,,,,,,,,,,,2,7,0,4,1,1,3,1,1,1,2,1,1,1,1,1,1,,,,,,0,,0,75,1,1,1,1
Public Method,"org.apache.fontbox.ttf.MaximumProfileTable.getMaxStorage()",fontbox/src/main/java/org/apache/fontbox/ttf/MaximumProfileTable.java,,,,,,,,,,,,,,,,,,,,,,,,,2,7,0,4,1,1,3,1,1,1,2,1,1,1,1,1,1,,,,,,0,,0,75,1,1,1,1
Public Method,"org.apache.fontbox.ttf.MaximumProfileTable.getMaxTwilightPoints()",fontbox/src/main/java/org/apache/fontbox/ttf/MaximumProfileTable.java,,,,,,,,,,,,,,,,,,,,,,,,,2,7,0,4,1,1,3,1,1,1,2,1,1,1,1,1,1,,,,,,0,,0,75,1,1,1,1
Public Method,"org.apache.fontbox.ttf.MaximumProfileTable.getMaxZones()",fontbox/src/main/java/org/apache/fontbox/ttf/MaximumProfileTable.java,,,,,,,,,,,,,,,,,,,,,,,,,2,7,0,4,1,1,3,1,1,1,2,1,1,1,1,1,1,,,,,,0,,0,75,1,1,1,1
Public Method,"org.apache.fontbox.ttf.MaximumProfileTable.getNumGlyphs()",fontbox/src/main/java/org/apache/fontbox/ttf/MaximumProfileTable.java,,,,,,,,,,,,,,,,,,,,,,,,,5,7,0,4,1,1,3,1,1,1,2,1,1,1,1,1,1,,,,,,0,,0,75,1,1,1,1
Public Method,"org.apache.fontbox.ttf.MaximumProfileTable.getVersion()",fontbox/src/main/java/org/apache/fontbox/ttf/MaximumProfileTable.java,,,,,,,,,,,,,,,,,,,,,,,,,1,7,0,4,1,1,3,1,1,1,2,1,1,1,1,1,1,,,,,,0,,0,75,1,1,1,1
Method,"org.apache.fontbox.ttf.MaximumProfileTable.read(TrueTypeFont,TTFDataStream)",fontbox/src/main/java/org/apache/fontbox/ttf/MaximumProfileTable.java,,,,,,,,,,,,,,,,,,,,,,,,,1,27,0,20,2,16,7,18,1,16,17,1,16,1,1,1,1,,,,,,0,,0,35,1,1,1,1
Public Method,"org.apache.fontbox.ttf.MaximumProfileTable.setMaxComponentDepth(int)",fontbox/src/main/java/org/apache/fontbox/ttf/MaximumProfileTable.java,,,,,,,,,,,,,,,,,,,,,,,,,1,7,0,4,1,1,3,1,1,1,2,1,1,1,1,1,1,,,,,,0,,0,75,1,1,1,1
Public Method,"org.apache.fontbox.ttf.MaximumProfileTable.setMaxComponentElements(int)",fontbox/src/main/java/org/apache/fontbox/ttf/MaximumProfileTable.java,,,,,,,,,,,,,,,,,,,,,,,,,1,7,0,4,1,1,3,1,1,1,2,1,1,1,1,1,1,,,,,,0,,0,75,1,1,1,1
Public Method,"org.apache.fontbox.ttf.MaximumProfileTable.setMaxCompositeContours(int)",fontbox/src/main/java/org/apache/fontbox/ttf/MaximumProfileTable.java,,,,,,,,,,,,,,,,,,,,,,,,,1,7,0,4,1,1,3,1,1,1,2,1,1,1,1,1,1,,,,,,0,,0,75,1,1,1,1
Public Method,"org.apache.fontbox.ttf.MaximumProfileTable.setMaxCompositePoints(int)",fontbox/src/main/java/org/apache/fontbox/ttf/MaximumProfileTable.java,,,,,,,,,,,,,,,,,,,,,,,,,1,7,0,4,1,1,3,1,1,1,2,1,1,1,1,1,1,,,,,,0,,0,75,1,1,1,1
Public Method,"org.apache.fontbox.ttf.MaximumProfileTable.setMaxContours(int)",fontbox/src/main/java/org/apache/fontbox/ttf/MaximumProfileTable.java,,,,,,,,,,,,,,,,,,,,,,,,,1,7,0,4,1,1,3,1,1,1,2,1,1,1,1,1,1,,,,,,0,,0,75,1,1,1,1
Public Method,"org.apache.fontbox.ttf.MaximumProfileTable.setMaxFunctionDefs(int)",fontbox/src/main/java/org/apache/fontbox/ttf/MaximumProfileTable.java,,,,,,,,,,,,,,,,,,,,,,,,,1,7,0,4,1,1,3,1,1,1,2,1,1,1,1,1,1,,,,,,0,,0,75,1,1,1,1
Public Method,"org.apache.fontbox.ttf.MaximumProfileTable.setMaxInstructionDefs(int)",fontbox/src/main/java/org/apache/fontbox/ttf/MaximumProfileTable.java,,,,,,,,,,,,,,,,,,,,,,,,,1,7,0,4,1,1,3,1,1,1,2,1,1,1,1,1,1,,,,,,0,,0,75,1,1,1,1
Public Method,"org.apache.fontbox.ttf.MaximumProfileTable.setMaxPoints(int)",fontbox/src/main/java/org/apache/fontbox/ttf/MaximumProfileTable.java,,,,,,,,,,,,,,,,,,,,,,,,,1,7,0,4,1,1,3,1,1,1,2,1,1,1,1,1,1,,,,,,0,,0,75,1,1,1,1
Public Method,"org.apache.fontbox.ttf.MaximumProfileTable.setMaxSizeOfInstructions(int)",fontbox/src/main/java/org/apache/fontbox/ttf/MaximumProfileTable.java,,,,,,,,,,,,,,,,,,,,,,,,,1,7,0,4,1,1,3,1,1,1,2,1,1,1,1,1,1,,,,,,0,,0,75,1,1,1,1
Public Method,"org.apache.fontbox.ttf.MaximumProfileTable.setMaxStackElements(int)",fontbox/src/main/java/org/apache/fontbox/ttf/MaximumProfileTable.java,,,,,,,,,,,,,,,,,,,,,,,,,1,7,0,4,1,1,3,1,1,1,2,1,1,1,1,1,1,,,,,,0,,0,75,1,1,1,1
Public Method,"org.apache.fontbox.ttf.MaximumProfileTable.setMaxStorage(int)",fontbox/src/main/java/org/apache/fontbox/ttf/MaximumProfileTable.java,,,,,,,,,,,,,,,,,,,,,,,,,1,7,0,4,1,1,3,1,1,1,2,1,1,1,1,1,1,,,,,,0,,0,75,1,1,1,1
Public Method,"org.apache.fontbox.ttf.MaximumProfileTable.setMaxTwilightPoints(int)",fontbox/src/main/java/org/apache/fontbox/ttf/MaximumProfileTable.java,,,,,,,,,,,,,,,,,,,,,,,,,1,7,0,4,1,1,3,1,1,1,2,1,1,1,1,1,1,,,,,,0,,0,75,1,1,1,1
Public Method,"org.apache.fontbox.ttf.MaximumProfileTable.setMaxZones(int)",fontbox/src/main/java/org/apache/fontbox/ttf/MaximumProfileTable.java,,,,,,,,,,,,,,,,,,,,,,,,,1,7,0,4,1,1,3,1,1,1,2,1,1,1,1,1,1,,,,,,0,,0,75,1,1,1,1
Public Method,"org.apache.fontbox.ttf.MaximumProfileTable.setNumGlyphs(int)",fontbox/src/main/java/org/apache/fontbox/ttf/MaximumProfileTable.java,,,,,,,,,,,,,,,,,,,,,,,,,1,7,0,4,1,1,3,1,1,1,2,1,1,1,1,1,1,,,,,,0,,0,75,1,1,1,1
Public Method,"org.apache.fontbox.ttf.MaximumProfileTable.setVersion(float)",fontbox/src/main/java/org/apache/fontbox/ttf/MaximumProfileTable.java,,,,,,,,,,,,,,,,,,,,,,,,,1,7,0,4,1,1,3,1,1,1,2,1,1,1,1,1,1,,,,,,0,,0,75,1,1,1,1
Class,"org.apache.fontbox.ttf.MemoryTTFDataStream",fontbox/src/main/java/org/apache/fontbox/ttf/MemoryTTFDataStream.java,1,1,1,1,14,0,9,5,1,9,0,,0,0,,,12,2,12,46,1,0,0,11,,198,12,114,37,45,72,,,36,57,27,39,,,,,2,2,3,1,2,2,62,0,63,19,19,20,12
Constructor,"org.apache.fontbox.ttf.MemoryTTFDataStream.MemoryTTFDataStream(InputStream)",fontbox/src/main/java/org/apache/fontbox/ttf/MemoryTTFDataStream.java,,,,,,,,,,,,,,,,,,,,,,,,,7,22,0,17,3,7,5,8,2,5,8,3,5,2,2,2,1,,,,,,2,,0,29,2,2,2,1
Public Method,"org.apache.fontbox.ttf.MemoryTTFDataStream.close()",fontbox/src/main/java/org/apache/fontbox/ttf/MemoryTTFDataStream.java,,,,,,,,,,,,,,,,,,,,,,,,,1,9,0,4,2,0,5,0,1,0,1,1,0,1,1,1,1,,,,,,0,,1,25,1,1,1,1
Public Method,"org.apache.fontbox.ttf.MemoryTTFDataStream.getCurrentPosition()",fontbox/src/main/java/org/apache/fontbox/ttf/MemoryTTFDataStream.java,,,,,,,,,,,,,,,,,,,,,,,,,1,10,0,5,2,1,5,1,1,1,2,1,1,1,1,1,1,,,,,,0,,1,00,1,1,1,1
Public Method,"org.apache.fontbox.ttf.MemoryTTFDataStream.getOriginalData()",fontbox/src/main/java/org/apache/fontbox/ttf/MemoryTTFDataStream.java,,,,,,,,,,,,,,,,,,,,,,,,,1,8,0,5,2,1,3,2,1,1,2,1,1,1,1,1,1,,,,,,0,,0,60,1,1,1,1
Public Method,"org.apache.fontbox.ttf.MemoryTTFDataStream.getOriginalDataSize()",fontbox/src/main/java/org/apache/fontbox/ttf/MemoryTTFDataStream.java,,,,,,,,,,,,,,,,,,,,,,,,,2,8,0,5,2,1,3,1,1,1,2,1,1,1,1,1,1,,,,,,0,,0,60,1,1,1,1
Public Method,"org.apache.fontbox.ttf.MemoryTTFDataStream.read()",fontbox/src/main/java/org/apache/fontbox/ttf/MemoryTTFDataStream.java,,,,,,,,,,,,,,,,,,,,,,,,,7,16,0,11,3,5,5,2,2,4,6,2,4,2,2,2,1,,,,,,1,,0,45,2,2,2,1
Public Method,"org.apache.fontbox.ttf.MemoryTTFDataStream.read(byte[],int,int)",fontbox/src/main/java/org/apache/fontbox/ttf/MemoryTTFDataStream.java,,,,,,,,,,,,,,,,,,,,,,,,,6,26,0,15,3,7,11,4,2,5,7,2,6,2,2,2,1,,,,,,1,,0,73,2,2,2,1
Public Method,"org.apache.fontbox.ttf.MemoryTTFDataStream.readLong()",fontbox/src/main/java/org/apache/fontbox/ttf/MemoryTTFDataStream.java,,,,,,,,,,,,,,,,,,,,,,,,,0,10,0,5,2,1,5,2,1,1,2,1,1,1,1,1,1,,,,,,0,,1,00,1,1,1,1
Public Method,"org.apache.fontbox.ttf.MemoryTTFDataStream.readSignedInt()",fontbox/src/main/java/org/apache/fontbox/ttf/MemoryTTFDataStream.java,,,,,,,,,,,,,,,,,,,,,,,,,1,18,0,12,5,7,6,3,2,6,8,5,7,2,2,2,1,,,,,,1,,0,50,2,2,2,1
Public Method,"org.apache.fontbox.ttf.MemoryTTFDataStream.readSignedShort()",fontbox/src/main/java/org/apache/fontbox/ttf/MemoryTTFDataStream.java,,,,,,,,,,,,,,,,,,,,,,,,,0,17,0,11,4,5,6,3,2,4,6,3,5,2,2,2,1,,,,,,1,,0,55,2,2,2,1
Public Method,"org.apache.fontbox.ttf.MemoryTTFDataStream.readUnsignedShort()",fontbox/src/main/java/org/apache/fontbox/ttf/MemoryTTFDataStream.java,,,,,,,,,,,,,,,,,,,,,,,,,0,17,0,11,4,5,6,3,2,4,6,3,5,2,2,2,1,,,,,,1,,0,55,2,2,2,1
Public Method,"org.apache.fontbox.ttf.MemoryTTFDataStream.seek(long)",fontbox/src/main/java/org/apache/fontbox/ttf/MemoryTTFDataStream.java,,,,,,,,,,,,,,,,,,,,,,,,,4,15,0,9,2,3,6,2,2,2,4,1,3,2,2,3,1,,,,,,1,,0,67,2,2,3,1
Public Class,"org.apache.fontbox.ttf.NameRecord",fontbox/src/main/java/org/apache/fontbox/ttf/NameRecord.java,1,1,1,1,8,0,4,3,1,4,0,,0,23,,,16,7,16,28,1,0,0,15,,186,12,107,47,49,67,,,51,68,47,21,,,,,1,1,1,1,1,0,77,0,63,16,16,16,16
Public Method,"org.apache.fontbox.ttf.NameRecord.getLanguageId()",fontbox/src/main/java/org/apache/fontbox/ttf/NameRecord.java,,,,,,,,,,,,,,,,,,,,,,,,,4,7,0,4,1,1,3,1,1,1,2,1,1,1,1,1,1,,,,,,0,,0,75,1,1,1,1
Public Method,"org.apache.fontbox.ttf.NameRecord.getNameId()",fontbox/src/main/java/org/apache/fontbox/ttf/NameRecord.java,,,,,,,,,,,,,,,,,,,,,,,,,4,7,0,4,1,1,3,1,1,1,2,1,1,1,1,1,1,,,,,,0,,0,75,1,1,1,1
Public Method,"org.apache.fontbox.ttf.NameRecord.getPlatformEncodingId()",fontbox/src/main/java/org/apache/fontbox/ttf/NameRecord.java,,,,,,,,,,,,,,,,,,,,,,,,,4,7,0,4,1,1,3,1,1,1,2,1,1,1,1,1,1,,,,,,0,,0,75,1,1,1,1
Public Method,"org.apache.fontbox.ttf.NameRecord.getPlatformId()",fontbox/src/main/java/org/apache/fontbox/ttf/NameRecord.java,,,,,,,,,,,,,,,,,,,,,,,,,4,7,0,4,1,1,3,1,1,1,2,1,1,1,1,1,1,,,,,,0,,0,75,1,1,1,1
Public Method,"org.apache.fontbox.ttf.NameRecord.getString()",fontbox/src/main/java/org/apache/fontbox/ttf/NameRecord.java,,,,,,,,,,,,,,,,,,,,,,,,,3,7,0,4,1,1,3,1,1,1,2,1,1,1,1,1,1,,,,,,0,,0,75,1,1,1,1
Public Method,"org.apache.fontbox.ttf.NameRecord.getStringLength()",fontbox/src/main/java/org/apache/fontbox/ttf/NameRecord.java,,,,,,,,,,,,,,,,,,,,,,,,,2,7,0,4,1,1,3,1,1,1,2,1,1,1,1,1,1,,,,,,0,,0,75,1,1,1,1
Public Method,"org.apache.fontbox.ttf.NameRecord.getStringOffset()",fontbox/src/main/java/org/apache/fontbox/ttf/NameRecord.java,,,,,,,,,,,,,,,,,,,,,,,,,2,7,0,4,1,1,3,1,1,1,2,1,1,1,1,1,1,,,,,,0,,0,75,1,1,1,1
Method,"org.apache.fontbox.ttf.NameRecord.initData(TrueTypeFont,TTFDataStream)",fontbox/src/main/java/org/apache/fontbox/ttf/NameRecord.java,,,,,,,,,,,,,,,,,,,,,,,,,2,16,0,9,1,6,7,7,1,6,7,1,6,1,1,1,1,,,,,,0,,0,78,1,1,1,1
Public Method,"org.apache.fontbox.ttf.NameRecord.setLanguageId(int)",fontbox/src/main/java/org/apache/fontbox/ttf/NameRecord.java,,,,,,,,,,,,,,,,,,,,,,,,,1,7,0,4,1,1,3,1,1,1,2,1,1,1,1,1,1,,,,,,0,,0,75,1,1,1,1
Public Method,"org.apache.fontbox.ttf.NameRecord.setNameId(int)",fontbox/src/main/java/org/apache/fontbox/ttf/NameRecord.java,,,,,,,,,,,,,,,,,,,,,,,,,1,7,0,4,1,1,3,1,1,1,2,1,1,1,1,1,1,,,,,,0,,0,75,1,1,1,1
Public Method,"org.apache.fontbox.ttf.NameRecord.setPlatformEncodingId(int)",fontbox/src/main/java/org/apache/fontbox/ttf/NameRecord.java,,,,,,,,,,,,,,,,,,,,,,,,,1,7,0,4,1,1,3,1,1,1,2,1,1,1,1,1,1,,,,,,0,,0,75,1,1,1,1
Public Method,"org.apache.fontbox.ttf.NameRecord.setPlatformId(int)",fontbox/src/main/java/org/apache/fontbox/ttf/NameRecord.java,,,,,,,,,,,,,,,,,,,,,,,,,1,7,0,4,1,1,3,1,1,1,2,1,1,1,1,1,1,,,,,,0,,0,75,1,1,1,1
Public Method,"org.apache.fontbox.ttf.NameRecord.setString(String)",fontbox/src/main/java/org/apache/fontbox/ttf/NameRecord.java,,,,,,,,,,,,,,,,,,,,,,,,,2,7,0,4,1,1,3,1,1,1,2,1,1,1,1,1,1,,,,,,0,,0,75,1,1,1,1
Public Method,"org.apache.fontbox.ttf.NameRecord.setStringLength(int)",fontbox/src/main/java/org/apache/fontbox/ttf/NameRecord.java,,,,,,,,,,,,,,,,,,,,,,,,,1,7,0,4,1,1,3,1,1,1,2,1,1,1,1,1,1,,,,,,0,,0,75,1,1,1,1
Public Method,"org.apache.fontbox.ttf.NameRecord.setStringOffset(int)",fontbox/src/main/java/org/apache/fontbox/ttf/NameRecord.java,,,,,,,,,,,,,,,,,,,,,,,,,1,7,0,4,1,1,3,1,1,1,2,1,1,1,1,1,1,,,,,,0,,0,75,1,1,1,1
Public Method,"org.apache.fontbox.ttf.NameRecord.toString()",fontbox/src/main/java/org/apache/fontbox/ttf/NameRecord.java,,,,,,,,,,,,,,,,,,,,,,,,,5,14,0,9,1,6,5,1,1,1,2,1,1,1,1,1,1,,,,,,0,,0,56,1,1,1,1
Public Class,"org.apache.fontbox.ttf.NamingTable",fontbox/src/main/java/org/apache/fontbox/ttf/NamingTable.java,3,3,3,2,27,1,20,6,1,12,0,,0,1,,,8,5,8,31,2,1,0,5,,248,19,170,34,100,59,,,68,98,35,78,,,,,16,14,18,4,2,3,75,0,35,29,27,31,16
Constructor,"org.apache.fontbox.ttf.NamingTable.NamingTable(TrueTypeFont)",fontbox/src/main/java/org/apache/fontbox/ttf/NamingTable.java,,,,,,,,,,,,,,,,,,,,,,,,,2,4,0,4,1,1,0,2,1,1,2,1,1,1,1,1,1,,,,,,0,,0,00,1,1,1,1
Private Method,"org.apache.fontbox.ttf.NamingTable.getEnglishName(int)",fontbox/src/main/java/org/apache/fontbox/ttf/NamingTable.java,,,,,,,,,,,,,,,,,,,,,,,,,10,36,2,28,5,17,6,2,5,7,11,4,9,4,4,4,4,,,,,,2,,0,21,4,4,4,4
Public Method,"org.apache.fontbox.ttf.NamingTable.getFontFamily()",fontbox/src/main/java/org/apache/fontbox/ttf/NamingTable.java,,,,,,,,,,,,,,,,,,,,,,,,,2,9,0,4,1,1,5,1,1,1,2,1,1,1,1,1,1,,,,,,0,,1,25,1,1,1,1
Public Method,"org.apache.fontbox.ttf.NamingTable.getFontSubFamily()",fontbox/src/main/java/org/apache/fontbox/ttf/NamingTable.java,,,,,,,,,,,,,,,,,,,,,,,,,2,9,0,4,1,1,5,1,1,1,2,1,1,1,1,1,1,,,,,,0,,1,25,1,1,1,1
Public Method,"org.apache.fontbox.ttf.NamingTable.getName(int,int,int,int)",fontbox/src/main/java/org/apache/fontbox/ttf/NamingTable.java,,,,,,,,,,,,,,,,,,,,,,,,,7,28,0,19,4,10,9,2,4,7,11,4,10,4,4,4,4,,,,,,1,,0,47,4,4,4,4
Public Method,"org.apache.fontbox.ttf.NamingTable.getNameRecords()",fontbox/src/main/java/org/apache/fontbox/ttf/NamingTable.java,,,,,,,,,,,,,,,,,,,,,,,,,2,9,0,4,1,1,5,1,1,1,2,1,1,1,1,1,1,,,,,,0,,1,25,1,1,1,1
Public Method,"org.apache.fontbox.ttf.NamingTable.getPostScriptName()",fontbox/src/main/java/org/apache/fontbox/ttf/NamingTable.java,,,,,,,,,,,,,,,,,,,,,,,,,4,9,0,4,1,1,5,1,1,1,2,1,1,1,1,1,1,,,,,,0,,1,25,1,1,1,1
Method,"org.apache.fontbox.ttf.NamingTable.read(TrueTypeFont,TTFDataStream)",fontbox/src/main/java/org/apache/fontbox/ttf/NamingTable.java,,,,,,,,,,,,,,,,,,,,,,,,,21,116,6,94,13,64,16,30,1080,43,59,15,54,16,14,18,3,,,,,,3,,0,17,16,14,18,3
Public Class,"org.apache.fontbox.ttf.OS2WindowsMetricsTable",fontbox/src/main/java/org/apache/fontbox/ttf/OS2WindowsMetricsTable.java,1,1,1,1,8,0,5,3,1,9,0,,0,36,,,71,37,71,94,2,0,0,69,,849,81,433,146,167,335,,,192,269,145,125,,,,,6,6,6,6,2,2,95,0,77,76,76,76,76
Constructor,"org.apache.fontbox.ttf.OS2WindowsMetricsTable.OS2WindowsMetricsTable(TrueTypeFont)",fontbox/src/main/java/org/apache/fontbox/ttf/OS2WindowsMetricsTable.java,,,,,,,,,,,,,,,,,,,,,,,,,2,4,0,4,1,1,0,2,1,1,2,1,1,1,1,1,1,,,,,,0,,0,00,1,1,1,1
Public Method,"org.apache.fontbox.ttf.OS2WindowsMetricsTable.getAchVendId()",fontbox/src/main/java/org/apache/fontbox/ttf/OS2WindowsMetricsTable.java,,,,,,,,,,,,,,,,,,,,,,,,,2,7,0,4,1,1,3,1,1,1,2,1,1,1,1,1,1,,,,,,0,,0,75,1,1,1,1
Public Method,"org.apache.fontbox.ttf.OS2WindowsMetricsTable.getAverageCharWidth()",fontbox/src/main/java/org/apache/fontbox/ttf/OS2WindowsMetricsTable.java,,,,,,,,,,,,,,,,,,,,,,,,,2,7,0,4,1,1,3,1,1,1,2,1,1,1,1,1,1,,,,,,0,,0,75,1,1,1,1
Public Method,"org.apache.fontbox.ttf.OS2WindowsMetricsTable.getBreakChar()",fontbox/src/main/java/org/apache/fontbox/ttf/OS2WindowsMetricsTable.java,,,,,,,,,,,,,,,,,,,,,,,,,1,7,0,4,1,1,3,1,1,1,2,1,1,1,1,1,1,,,,,,0,,0,75,1,1,1,1
Public Method,"org.apache.fontbox.ttf.OS2WindowsMetricsTable.getCapHeight()",fontbox/src/main/java/org/apache/fontbox/ttf/OS2WindowsMetricsTable.java,,,,,,,,,,,,,,,,,,,,,,,,,2,7,0,4,1,1,3,1,1,1,2,1,1,1,1,1,1,,,,,,0,,0,75,1,1,1,1
Public Method,"org.apache.fontbox.ttf.OS2WindowsMetricsTable.getCodePageRange1()",fontbox/src/main/java/org/apache/fontbox/ttf/OS2WindowsMetricsTable.java,,,,,,,,,,,,,,,,,,,,,,,,,2,7,0,4,1,1,3,1,1,1,2,1,1,1,1,1,1,,,,,,0,,0,75,1,1,1,1
Public Method,"org.apache.fontbox.ttf.OS2WindowsMetricsTable.getCodePageRange2()",fontbox/src/main/java/org/apache/fontbox/ttf/OS2WindowsMetricsTable.java,,,,,,,,,,,,,,,,,,,,,,,,,2,7,0,4,1,1,3,1,1,1,2,1,1,1,1,1,1,,,,,,0,,0,75,1,1,1,1
Public Method,"org.apache.fontbox.ttf.OS2WindowsMetricsTable.getDefaultChar()",fontbox/src/main/java/org/apache/fontbox/ttf/OS2WindowsMetricsTable.java,,,,,,,,,,,,,,,,,,,,,,,,,1,7,0,4,1,1,3,1,1,1,2,1,1,1,1,1,1,,,,,,0,,0,75,1,1,1,1
Public Method,"org.apache.fontbox.ttf.OS2WindowsMetricsTable.getFamilyClass()",fontbox/src/main/java/org/apache/fontbox/ttf/OS2WindowsMetricsTable.java,,,,,,,,,,,,,,,,,,,,,,,,,4,7,0,4,1,1,3,1,1,1,2,1,1,1,1,1,1,,,,,,0,,0,75,1,1,1,1
Public Method,"org.apache.fontbox.ttf.OS2WindowsMetricsTable.getFirstCharIndex()",fontbox/src/main/java/org/apache/fontbox/ttf/OS2WindowsMetricsTable.java,,,,,,,,,,,,,,,,,,,,,,,,,1,7,0,4,1,1,3,1,1,1,2,1,1,1,1,1,1,,,,,,0,,0,75,1,1,1,1
Public Method,"org.apache.fontbox.ttf.OS2WindowsMetricsTable.getFsSelection()",fontbox/src/main/java/org/apache/fontbox/ttf/OS2WindowsMetricsTable.java,,,,,,,,,,,,,,,,,,,,,,,,,3,7,0,4,1,1,3,1,1,1,2,1,1,1,1,1,1,,,,,,0,,0,75,1,1,1,1
Public Method,"org.apache.fontbox.ttf.OS2WindowsMetricsTable.getFsType()",fontbox/src/main/java/org/apache/fontbox/ttf/OS2WindowsMetricsTable.java,,,,,,,,,,,,,,,,,,,,,,,,,5,7,0,4,1,1,3,1,1,1,2,1,1,1,1,1,1,,,,,,0,,0,75,1,1,1,1
Public Method,"org.apache.fontbox.ttf.OS2WindowsMetricsTable.getHeight()",fontbox/src/main/java/org/apache/fontbox/ttf/OS2WindowsMetricsTable.java,,,,,,,,,,,,,,,,,,,,,,,,,2,7,0,4,1,1,3,1,1,1,2,1,1,1,1,1,1,,,,,,0,,0,75,1,1,1,1
Public Method,"org.apache.fontbox.ttf.OS2WindowsMetricsTable.getLastCharIndex()",fontbox/src/main/java/org/apache/fontbox/ttf/OS2WindowsMetricsTable.java,,,,,,,,,,,,,,,,,,,,,,,,,1,7,0,4,1,1,3,1,1,1,2,1,1,1,1,1,1,,,,,,0,,0,75,1,1,1,1
Public Method,"org.apache.fontbox.ttf.OS2WindowsMetricsTable.getMaxContext()",fontbox/src/main/java/org/apache/fontbox/ttf/OS2WindowsMetricsTable.java,,,,,,,,,,,,,,,,,,,,,,,,,1,7,0,4,1,1,3,1,1,1,2,1,1,1,1,1,1,,,,,,0,,0,75,1,1,1,1
Public Method,"org.apache.fontbox.ttf.OS2WindowsMetricsTable.getPanose()",fontbox/src/main/java/org/apache/fontbox/ttf/OS2WindowsMetricsTable.java,,,,,,,,,,,,,,,,,,,,,,,,,3,7,0,4,1,1,3,1,1,1,2,1,1,1,1,1,1,,,,,,0,,0,75,1,1,1,1
Public Method,"org.apache.fontbox.ttf.OS2WindowsMetricsTable.getStrikeoutPosition()",fontbox/src/main/java/org/apache/fontbox/ttf/OS2WindowsMetricsTable.java,,,,,,,,,,,,,,,,,,,,,,,,,2,7,0,4,1,1,3,1,1,1,2,1,1,1,1,1,1,,,,,,0,,0,75,1,1,1,1
Public Method,"org.apache.fontbox.ttf.OS2WindowsMetricsTable.getStrikeoutSize()",fontbox/src/main/java/org/apache/fontbox/ttf/OS2WindowsMetricsTable.java,,,,,,,,,,,,,,,,,,,,,,,,,2,7,0,4,1,1,3,1,1,1,2,1,1,1,1,1,1,,,,,,0,,0,75,1,1,1,1
Public Method,"org.apache.fontbox.ttf.OS2WindowsMetricsTable.getSubscriptXOffset()",fontbox/src/main/java/org/apache/fontbox/ttf/OS2WindowsMetricsTable.java,,,,,,,,,,,,,,,,,,,,,,,,,2,7,0,4,1,1,3,1,1,1,2,1,1,1,1,1,1,,,,,,0,,0,75,1,1,1,1
Public Method,"org.apache.fontbox.ttf.OS2WindowsMetricsTable.getSubscriptXSize()",fontbox/src/main/java/org/apache/fontbox/ttf/OS2WindowsMetricsTable.java,,,,,,,,,,,,,,,,,,,,,,,,,2,7,0,4,1,1,3,1,1,1,2,1,1,1,1,1,1,,,,,,0,,0,75,1,1,1,1
Public Method,"org.apache.fontbox.ttf.OS2WindowsMetricsTable.getSubscriptYOffset()",fontbox/src/main/java/org/apache/fontbox/ttf/OS2WindowsMetricsTable.java,,,,,,,,,,,,,,,,,,,,,,,,,2,7,0,4,1,1,3,1,1,1,2,1,1,1,1,1,1,,,,,,0,,0,75,1,1,1,1
Public Method,"org.apache.fontbox.ttf.OS2WindowsMetricsTable.getSubscriptYSize()",fontbox/src/main/java/org/apache/fontbox/ttf/OS2WindowsMetricsTable.java,,,,,,,,,,,,,,,,,,,,,,,,,2,7,0,4,1,1,3,1,1,1,2,1,1,1,1,1,1,,,,,,0,,0,75,1,1,1,1
Public Method,"org.apache.fontbox.ttf.OS2WindowsMetricsTable.getSuperscriptXOffset()",fontbox/src/main/java/org/apache/fontbox/ttf/OS2WindowsMetricsTable.java,,,,,,,,,,,,,,,,,,,,,,,,,2,7,0,4,1,1,3,1,1,1,2,1,1,1,1,1,1,,,,,,0,,0,75,1,1,1,1
Public Method,"org.apache.fontbox.ttf.OS2WindowsMetricsTable.getSuperscriptXSize()",fontbox/src/main/java/org/apache/fontbox/ttf/OS2WindowsMetricsTable.java,,,,,,,,,,,,,,,,,,,,,,,,,2,7,0,4,1,1,3,1,1,1,2,1,1,1,1,1,1,,,,,,0,,0,75,1,1,1,1
Public Method,"org.apache.fontbox.ttf.OS2WindowsMetricsTable.getSuperscriptYOffset()",fontbox/src/main/java/org/apache/fontbox/ttf/OS2WindowsMetricsTable.java,,,,,,,,,,,,,,,,,,,,,,,,,2,7,0,4,1,1,3,1,1,1,2,1,1,1,1,1,1,,,,,,0,,0,75,1,1,1,1
Public Method,"org.apache.fontbox.ttf.OS2WindowsMetricsTable.getSuperscriptYSize()",fontbox/src/main/java/org/apache/fontbox/ttf/OS2WindowsMetricsTable.java,,,,,,,,,,,,,,,,,,,,,,,,,2,7,0,4,1,1,3,1,1,1,2,1,1,1,1,1,1,,,,,,0,,0,75,1,1,1,1
Public Method,"org.apache.fontbox.ttf.OS2WindowsMetricsTable.getTypoAscender()",fontbox/src/main/java/org/apache/fontbox/ttf/OS2WindowsMetricsTable.java,,,,,,,,,,,,,,,,,,,,,,,,,3,7,0,4,1,1,3,1,1,1,2,1,1,1,1,1,1,,,,,,0,,0,75,1,1,1,1
Public Method,"org.apache.fontbox.ttf.OS2WindowsMetricsTable.getTypoDescender()",fontbox/src/main/java/org/apache/fontbox/ttf/OS2WindowsMetricsTable.java,,,,,,,,,,,,,,,,,,,,,,,,,3,7,0,4,1,1,3,1,1,1,2,1,1,1,1,1,1,,,,,,0,,0,75,1,1,1,1
Public Method,"org.apache.fontbox.ttf.OS2WindowsMetricsTable.getTypoLineGap()",fontbox/src/main/java/org/apache/fontbox/ttf/OS2WindowsMetricsTable.java,,,,,,,,,,,,,,,,,,,,,,,,,2,7,0,4,1,1,3,1,1,1,2,1,1,1,1,1,1,,,,,,0,,0,75,1,1,1,1
Public Method,"org.apache.fontbox.ttf.OS2WindowsMetricsTable.getUnicodeRange1()",fontbox/src/main/java/org/apache/fontbox/ttf/OS2WindowsMetricsTable.java,,,,,,,,,,,,,,,,,,,,,,,,,1,7,0,4,1,1,3,1,1,1,2,1,1,1,1,1,1,,,,,,0,,0,75,1,1,1,1
Public Method,"org.apache.fontbox.ttf.OS2WindowsMetricsTable.getUnicodeRange2()",fontbox/src/main/java/org/apache/fontbox/ttf/OS2WindowsMetricsTable.java,,,,,,,,,,,,,,,,,,,,,,,,,1,7,0,4,1,1,3,1,1,1,2,1,1,1,1,1,1,,,,,,0,,0,75,1,1,1,1
Public Method,"org.apache.fontbox.ttf.OS2WindowsMetricsTable.getUnicodeRange3()",fontbox/src/main/java/org/apache/fontbox/ttf/OS2WindowsMetricsTable.java,,,,,,,,,,,,,,,,,,,,,,,,,1,7,0,4,1,1,3,1,1,1,2,1,1,1,1,1,1,,,,,,0,,0,75,1,1,1,1
Public Method,"org.apache.fontbox.ttf.OS2WindowsMetricsTable.getUnicodeRange4()",fontbox/src/main/java/org/apache/fontbox/ttf/OS2WindowsMetricsTable.java,,,,,,,,,,,,,,,,,,,,,,,,,1,7,0,4,1,1,3,1,1,1,2,1,1,1,1,1,1,,,,,,0,,0,75,1,1,1,1
Public Method,"org.apache.fontbox.ttf.OS2WindowsMetricsTable.getVersion()",fontbox/src/main/java/org/apache/fontbox/ttf/OS2WindowsMetricsTable.java,,,,,,,,,,,,,,,,,,,,,,,,,3,7,0,4,1,1,3,1,1,1,2,1,1,1,1,1,1,,,,,,0,,0,75,1,1,1,1
Public Method,"org.apache.fontbox.ttf.OS2WindowsMetricsTable.getWeightClass()",fontbox/src/main/java/org/apache/fontbox/ttf/OS2WindowsMetricsTable.java,,,,,,,,,,,,,,,,,,,,,,,,,4,7,0,4,1,1,3,1,1,1,2,1,1,1,1,1,1,,,,,,0,,0,75,1,1,1,1
Public Method,"org.apache.fontbox.ttf.OS2WindowsMetricsTable.getWidthClass()",fontbox/src/main/java/org/apache/fontbox/ttf/OS2WindowsMetricsTable.java,,,,,,,,,,,,,,,,,,,,,,,,,2,7,0,4,1,1,3,1,1,1,2,1,1,1,1,1,1,,,,,,0,,0,75,1,1,1,1
Public Method,"org.apache.fontbox.ttf.OS2WindowsMetricsTable.getWinAscent()",fontbox/src/main/java/org/apache/fontbox/ttf/OS2WindowsMetricsTable.java,,,,,,,,,,,,,,,,,,,,,,,,,2,7,0,4,1,1,3,1,1,1,2,1,1,1,1,1,1,,,,,,0,,0,75,1,1,1,1
Public Method,"org.apache.fontbox.ttf.OS2WindowsMetricsTable.getWinDescent()",fontbox/src/main/java/org/apache/fontbox/ttf/OS2WindowsMetricsTable.java,,,,,,,,,,,,,,,,,,,,,,,,,2,7,0,4,1,1,3,1,1,1,2,1,1,1,1,1,1,,,,,,0,,0,75,1,1,1,1
Method,"org.apache.fontbox.ttf.OS2WindowsMetricsTable.read(TrueTypeFont,TTFDataStream)",fontbox/src/main/java/org/apache/fontbox/ttf/OS2WindowsMetricsTable.java,,,,,,,,,,,,,,,,,,,,,,,,,5,84,0,77,2,57,7,45,8,49,55,1,54,6,6,6,6,,,,,,2,,0,09,6,6,6,6
Public Method,"org.apache.fontbox.ttf.OS2WindowsMetricsTable.setAchVendId(String)",fontbox/src/main/java/org/apache/fontbox/ttf/OS2WindowsMetricsTable.java,,,,,,,,,,,,,,,,,,,,,,,,,1,7,0,4,1,1,3,1,1,1,2,1,1,1,1,1,1,,,,,,0,,0,75,1,1,1,1
Public Method,"org.apache.fontbox.ttf.OS2WindowsMetricsTable.setAverageCharWidth(short)",fontbox/src/main/java/org/apache/fontbox/ttf/OS2WindowsMetricsTable.java,,,,,,,,,,,,,,,,,,,,,,,,,1,7,0,4,1,1,3,1,1,1,2,1,1,1,1,1,1,,,,,,0,,0,75,1,1,1,1
Public Method,"org.apache.fontbox.ttf.OS2WindowsMetricsTable.setCodePageRange1(long)",fontbox/src/main/java/org/apache/fontbox/ttf/OS2WindowsMetricsTable.java,,,,,,,,,,,,,,,,,,,,,,,,,1,7,0,4,1,1,3,1,1,1,2,1,1,1,1,1,1,,,,,,0,,0,75,1,1,1,1
Public Method,"org.apache.fontbox.ttf.OS2WindowsMetricsTable.setCodePageRange2(long)",fontbox/src/main/java/org/apache/fontbox/ttf/OS2WindowsMetricsTable.java,,,,,,,,,,,,,,,,,,,,,,,,,1,7,0,4,1,1,3,1,1,1,2,1,1,1,1,1,1,,,,,,0,,0,75,1,1,1,1
Public Method,"org.apache.fontbox.ttf.OS2WindowsMetricsTable.setFamilyClass(int)",fontbox/src/main/java/org/apache/fontbox/ttf/OS2WindowsMetricsTable.java,,,,,,,,,,,,,,,,,,,,,,,,,1,7,0,4,1,1,3,1,1,1,2,1,1,1,1,1,1,,,,,,0,,0,75,1,1,1,1
Public Method,"org.apache.fontbox.ttf.OS2WindowsMetricsTable.setFirstCharIndex(int)",fontbox/src/main/java/org/apache/fontbox/ttf/OS2WindowsMetricsTable.java,,,,,,,,,,,,,,,,,,,,,,,,,1,7,0,4,1,1,3,1,1,1,2,1,1,1,1,1,1,,,,,,0,,0,75,1,1,1,1
Public Method,"org.apache.fontbox.ttf.OS2WindowsMetricsTable.setFsSelection(int)",fontbox/src/main/java/org/apache/fontbox/ttf/OS2WindowsMetricsTable.java,,,,,,,,,,,,,,,,,,,,,,,,,1,7,0,4,1,1,3,1,1,1,2,1,1,1,1,1,1,,,,,,0,,0,75,1,1,1,1
Public Method,"org.apache.fontbox.ttf.OS2WindowsMetricsTable.setFsType(short)",fontbox/src/main/java/org/apache/fontbox/ttf/OS2WindowsMetricsTable.java,,,,,,,,,,,,,,,,,,,,,,,,,1,7,0,4,1,1,3,1,1,1,2,1,1,1,1,1,1,,,,,,0,,0,75,1,1,1,1
Public Method,"org.apache.fontbox.ttf.OS2WindowsMetricsTable.setLastCharIndex(int)",fontbox/src/main/java/org/apache/fontbox/ttf/OS2WindowsMetricsTable.java,,,,,,,,,,,,,,,,,,,,,,,,,1,7,0,4,1,1,3,1,1,1,2,1,1,1,1,1,1,,,,,,0,,0,75,1,1,1,1
Public Method,"org.apache.fontbox.ttf.OS2WindowsMetricsTable.setPanose(byte[])",fontbox/src/main/java/org/apache/fontbox/ttf/OS2WindowsMetricsTable.java,,,,,,,,,,,,,,,,,,,,,,,,,1,7,0,4,1,1,3,1,1,1,2,1,1,1,1,1,1,,,,,,0,,0,75,1,1,1,1
Public Method,"org.apache.fontbox.ttf.OS2WindowsMetricsTable.setStrikeoutPosition(short)",fontbox/src/main/java/org/apache/fontbox/ttf/OS2WindowsMetricsTable.java,,,,,,,,,,,,,,,,,,,,,,,,,1,7,0,4,1,1,3,1,1,1,2,1,1,1,1,1,1,,,,,,0,,0,75,1,1,1,1
Public Method,"org.apache.fontbox.ttf.OS2WindowsMetricsTable.setStrikeoutSize(short)",fontbox/src/main/java/org/apache/fontbox/ttf/OS2WindowsMetricsTable.java,,,,,,,,,,,,,,,,,,,,,,,,,1,7,0,4,1,1,3,1,1,1,2,1,1,1,1,1,1,,,,,,0,,0,75,1,1,1,1
Public Method,"org.apache.fontbox.ttf.OS2WindowsMetricsTable.setSubscriptXOffset(short)",fontbox/src/main/java/org/apache/fontbox/ttf/OS2WindowsMetricsTable.java,,,,,,,,,,,,,,,,,,,,,,,,,1,7,0,4,1,1,3,1,1,1,2,1,1,1,1,1,1,,,,,,0,,0,75,1,1,1,1
Public Method,"org.apache.fontbox.ttf.OS2WindowsMetricsTable.setSubscriptXSize(short)",fontbox/src/main/java/org/apache/fontbox/ttf/OS2WindowsMetricsTable.java,,,,,,,,,,,,,,,,,,,,,,,,,1,7,0,4,1,1,3,1,1,1,2,1,1,1,1,1,1,,,,,,0,,0,75,1,1,1,1
Public Method,"org.apache.fontbox.ttf.OS2WindowsMetricsTable.setSubscriptYOffset(short)",fontbox/src/main/java/org/apache/fontbox/ttf/OS2WindowsMetricsTable.java,,,,,,,,,,,,,,,,,,,,,,,,,1,7,0,4,1,1,3,1,1,1,2,1,1,1,1,1,1,,,,,,0,,0,75,1,1,1,1
Public Method,"org.apache.fontbox.ttf.OS2WindowsMetricsTable.setSubscriptYSize(short)",fontbox/src/main/java/org/apache/fontbox/ttf/OS2WindowsMetricsTable.java,,,,,,,,,,,,,,,,,,,,,,,,,1,7,0,4,1,1,3,1,1,1,2,1,1,1,1,1,1,,,,,,0,,0,75,1,1,1,1
Public Method,"org.apache.fontbox.ttf.OS2WindowsMetricsTable.setSuperscriptXOffset(short)",fontbox/src/main/java/org/apache/fontbox/ttf/OS2WindowsMetricsTable.java,,,,,,,,,,,,,,,,,,,,,,,,,1,7,0,4,1,1,3,1,1,1,2,1,1,1,1,1,1,,,,,,0,,0,75,1,1,1,1
Public Method,"org.apache.fontbox.ttf.OS2WindowsMetricsTable.setSuperscriptXSize(short)",fontbox/src/main/java/org/apache/fontbox/ttf/OS2WindowsMetricsTable.java,,,,,,,,,,,,,,,,,,,,,,,,,1,7,0,4,1,1,3,1,1,1,2,1,1,1,1,1,1,,,,,,0,,0,75,1,1,1,1
Public Method,"org.apache.fontbox.ttf.OS2WindowsMetricsTable.setSuperscriptYOffset(short)",fontbox/src/main/java/org/apache/fontbox/ttf/OS2WindowsMetricsTable.java,,,,,,,,,,,,,,,,,,,,,,,,,1,7,0,4,1,1,3,1,1,1,2,1,1,1,1,1,1,,,,,,0,,0,75,1,1,1,1
Public Method,"org.apache.fontbox.ttf.OS2WindowsMetricsTable.setSuperscriptYSize(short)",fontbox/src/main/java/org/apache/fontbox/ttf/OS2WindowsMetricsTable.java,,,,,,,,,,,,,,,,,,,,,,,,,1,7,0,4,1,1,3,1,1,1,2,1,1,1,1,1,1,,,,,,0,,0,75,1,1,1,1
Public Method,"org.apache.fontbox.ttf.OS2WindowsMetricsTable.setTypoAscender(int)",fontbox/src/main/java/org/apache/fontbox/ttf/OS2WindowsMetricsTable.java,,,,,,,,,,,,,,,,,,,,,,,,,1,7,0,4,1,1,3,1,1,1,2,1,1,1,1,1,1,,,,,,0,,0,75,1,1,1,1
Public Method,"org.apache.fontbox.ttf.OS2WindowsMetricsTable.setTypoDescender(int)",fontbox/src/main/java/org/apache/fontbox/ttf/OS2WindowsMetricsTable.java,,,,,,,,,,,,,,,,,,,,,,,,,1,7,0,4,1,1,3,1,1,1,2,1,1,1,1,1,1,,,,,,0,,0,75,1,1,1,1
Public Method,"org.apache.fontbox.ttf.OS2WindowsMetricsTable.setTypoLineGap(int)",fontbox/src/main/java/org/apache/fontbox/ttf/OS2WindowsMetricsTable.java,,,,,,,,,,,,,,,,,,,,,,,,,1,7,0,4,1,1,3,1,1,1,2,1,1,1,1,1,1,,,,,,0,,0,75,1,1,1,1
Public Method,"org.apache.fontbox.ttf.OS2WindowsMetricsTable.setUnicodeRange1(long)",fontbox/src/main/java/org/apache/fontbox/ttf/OS2WindowsMetricsTable.java,,,,,,,,,,,,,,,,,,,,,,,,,1,7,0,4,1,1,3,1,1,1,2,1,1,1,1,1,1,,,,,,0,,0,75,1,1,1,1
Public Method,"org.apache.fontbox.ttf.OS2WindowsMetricsTable.setUnicodeRange2(long)",fontbox/src/main/java/org/apache/fontbox/ttf/OS2WindowsMetricsTable.java,,,,,,,,,,,,,,,,,,,,,,,,,1,7,0,4,1,1,3,1,1,1,2,1,1,1,1,1,1,,,,,,0,,0,75,1,1,1,1
Public Method,"org.apache.fontbox.ttf.OS2WindowsMetricsTable.setUnicodeRange3(long)",fontbox/src/main/java/org/apache/fontbox/ttf/OS2WindowsMetricsTable.java,,,,,,,,,,,,,,,,,,,,,,,,,1,7,0,4,1,1,3,1,1,1,2,1,1,1,1,1,1,,,,,,0,,0,75,1,1,1,1
Public Method,"org.apache.fontbox.ttf.OS2WindowsMetricsTable.setUnicodeRange4(long)",fontbox/src/main/java/org/apache/fontbox/ttf/OS2WindowsMetricsTable.java,,,,,,,,,,,,,,,,,,,,,,,,,1,7,0,4,1,1,3,1,1,1,2,1,1,1,1,1,1,,,,,,0,,0,75,1,1,1,1
Public Method,"org.apache.fontbox.ttf.OS2WindowsMetricsTable.setVersion(int)",fontbox/src/main/java/org/apache/fontbox/ttf/OS2WindowsMetricsTable.java,,,,,,,,,,,,,,,,,,,,,,,,,1,7,0,4,1,1,3,1,1,1,2,1,1,1,1,1,1,,,,,,0,,0,75,1,1,1,1
Public Method,"org.apache.fontbox.ttf.OS2WindowsMetricsTable.setWeightClass(int)",fontbox/src/main/java/org/apache/fontbox/ttf/OS2WindowsMetricsTable.java,,,,,,,,,,,,,,,,,,,,,,,,,1,7,0,4,1,1,3,1,1,1,2,1,1,1,1,1,1,,,,,,0,,0,75,1,1,1,1
Public Method,"org.apache.fontbox.ttf.OS2WindowsMetricsTable.setWidthClass(int)",fontbox/src/main/java/org/apache/fontbox/ttf/OS2WindowsMetricsTable.java,,,,,,,,,,,,,,,,,,,,,,,,,1,7,0,4,1,1,3,1,1,1,2,1,1,1,1,1,1,,,,,,0,,0,75,1,1,1,1
Public Method,"org.apache.fontbox.ttf.OS2WindowsMetricsTable.setWinAscent(int)",fontbox/src/main/java/org/apache/fontbox/ttf/OS2WindowsMetricsTable.java,,,,,,,,,,,,,,,,,,,,,,,,,1,7,0,4,1,1,3,1,1,1,2,1,1,1,1,1,1,,,,,,0,,0,75,1,1,1,1
Public Method,"org.apache.fontbox.ttf.OS2WindowsMetricsTable.setWinDescent(int)",fontbox/src/main/java/org/apache/fontbox/ttf/OS2WindowsMetricsTable.java,,,,,,,,,,,,,,,,,,,,,,,,,1,7,0,4,1,1,3,1,1,1,2,1,1,1,1,1,1,,,,,,0,,0,75,1,1,1,1
Public Final Class,"org.apache.fontbox.ttf.OTFParser",fontbox/src/main/java/org/apache/fontbox/ttf/OTFParser.java,1,1,1,1,7,0,5,1,1,11,0,,0,0,,,10,0,10,35,2,0,2,6,,89,9,62,18,20,18,,,12,24,11,13,,,,,7,2,7,1,2,1,0,0,29,16,11,16,10
Public Constructor,"org.apache.fontbox.ttf.OTFParser.OTFParser()",fontbox/src/main/java/org/apache/fontbox/ttf/OTFParser.java,,,,,,,,,,,,,,,,,,,,,,,,,0,7,0,4,1,1,3,2,1,1,2,1,1,1,1,1,1,,,,,,0,,0,75,1,1,1,1
Public Constructor,"org.apache.fontbox.ttf.OTFParser.OTFParser(boolean)",fontbox/src/main/java/org/apache/fontbox/ttf/OTFParser.java,,,,,,,,,,,,,,,,,,,,,,,,,3,9,0,4,1,1,5,2,1,1,2,1,1,1,1,1,1,,,,,,0,,1,25,1,1,1,1
Public Constructor,"org.apache.fontbox.ttf.OTFParser.OTFParser(boolean,boolean)",fontbox/src/main/java/org/apache/fontbox/ttf/OTFParser.java,,,,,,,,,,,,,,,,,,,,,,,,,6,10,0,4,1,1,6,2,1,1,2,1,1,1,1,1,1,,,,,,0,,1,50,1,1,1,1
Protected Method,"org.apache.fontbox.ttf.OTFParser.allowCFF()",fontbox/src/main/java/org/apache/fontbox/ttf/OTFParser.java,,,,,,,,,,,,,,,,,,,,,,,,,0,5,0,5,2,1,0,1,1,1,2,1,1,1,1,1,1,,,,,,0,,0,00,1,1,1,1
Method,"org.apache.fontbox.ttf.OTFParser.newFont(TTFDataStream)",fontbox/src/main/java/org/apache/fontbox/ttf/OTFParser.java,,,,,,,,,,,,,,,,,,,,,,,,,1,5,0,5,2,1,0,2,1,1,2,1,1,1,1,1,1,,,,,,0,,0,00,1,1,1,1
Public Method,"org.apache.fontbox.ttf.OTFParser.parse(File)",fontbox/src/main/java/org/apache/fontbox/ttf/OTFParser.java,,,,,,,,,,,,,,,,,,,,,,,,,4,5,0,5,2,1,0,2,1,1,2,1,1,1,1,1,1,,,,,,0,,0,00,1,1,1,1
Public Method,"org.apache.fontbox.ttf.OTFParser.parse(InputStream)",fontbox/src/main/java/org/apache/fontbox/ttf/OTFParser.java,,,,,,,,,,,,,,,,,,,,,,,,,2,5,0,5,2,1,0,2,1,1,2,1,1,1,1,1,1,,,,,,0,,0,00,1,1,1,1
Public Method,"org.apache.fontbox.ttf.OTFParser.parse(String)",fontbox/src/main/java/org/apache/fontbox/ttf/OTFParser.java,,,,,,,,,,,,,,,,,,,,,,,,,1,5,0,5,2,1,0,2,1,1,2,1,1,1,1,1,1,,,,,,0,,0,00,1,1,1,1
Method,"org.apache.fontbox.ttf.OTFParser.parse(TTFDataStream)",fontbox/src/main/java/org/apache/fontbox/ttf/OTFParser.java,,,,,,,,,,,,,,,,,,,,,,,,,1,5,0,5,2,1,0,2,1,1,2,1,1,1,1,1,1,,,,,,0,,0,00,1,1,1,1
Protected Method,"org.apache.fontbox.ttf.OTFParser.readTable(TrueTypeFont,String)",fontbox/src/main/java/org/apache/fontbox/ttf/OTFParser.java,,,,,,,,,,,,,,,,,,,,,,,,,2,18,0,17,2,11,1,4,3,3,5,1,4,7,2,7,1,,,,,,1,,0,06,7,2,7,1
Public Class,"org.apache.fontbox.ttf.OTLTable",fontbox/src/main/java/org/apache/fontbox/ttf/OTLTable.java,1,1,1,1,4,0,4,0,1,1,0,,0,0,,,1,0,1,24,1,0,0,0,,12,1,7,2,1,4,,,1,3,2,1,,,,,1,1,1,1,2,0,0,0,57,1,1,1,1
Constructor,"org.apache.fontbox.ttf.OTLTable.OTLTable(TrueTypeFont)",fontbox/src/main/java/org/apache/fontbox/ttf/OTLTable.java,,,,,,,,,,,,,,,,,,,,,,,,,2,4,0,4,1,1,0,2,1,1,2,1,1,1,1,1,1,,,,,,0,,0,00,1,1,1,1
Public Class,"org.apache.fontbox.ttf.OpenTypeFont",fontbox/src/main/java/org/apache/fontbox/ttf/OpenTypeFont.java,1,1,1,1,8,0,6,2,1,12,0,,0,0,,,7,1,7,68,2,0,0,5,,75,7,49,13,17,20,,,12,22,10,13,,,,,2,2,5,1,2,1,57,0,41,9,9,13,7
Constructor,"org.apache.fontbox.ttf.OpenTypeFont.OpenTypeFont(TTFDataStream)",fontbox/src/main/java/org/apache/fontbox/ttf/OpenTypeFont.java,,,,,,,,,,,,,,,,,,,,,,,,,2,9,0,4,1,1,5,2,1,1,2,1,1,1,1,1,1,,,,,,0,,1,25,1,1,1,1
Public Method,"org.apache.fontbox.ttf.OpenTypeFont.getCFF()",fontbox/src/main/java/org/apache/fontbox/ttf/OpenTypeFont.java,,,,,,,,,,,,,,,,,,,,,,,,,6,13,0,8,1,3,5,3,2,2,4,1,3,2,2,2,1,,,,,,1,,0,62,2,2,2,1
Public Method,"org.apache.fontbox.ttf.OpenTypeFont.getGlyph()",fontbox/src/main/java/org/apache/fontbox/ttf/OpenTypeFont.java,,,,,,,,,,,,,,,,,,,,,,,,,1,9,0,9,2,3,0,3,2,2,4,1,3,2,2,2,1,,,,,,1,,0,00,2,2,2,1
Public Method,"org.apache.fontbox.ttf.OpenTypeFont.getPath(String)",fontbox/src/main/java/org/apache/fontbox/ttf/OpenTypeFont.java,,,,,,,,,,,,,,,,,,,,,,,,,1,6,0,6,3,2,0,6,1,2,3,2,2,1,1,1,1,,,,,,0,,0,00,1,1,1,1
Public Method,"org.apache.fontbox.ttf.OpenTypeFont.hasLayoutTables()",fontbox/src/main/java/org/apache/fontbox/ttf/OpenTypeFont.java,,,,,,,,,,,,,,,,,,,,,,,,,1,11,0,8,1,5,3,2,1,1,2,1,1,1,1,5,1,,,,,,0,,0,38,1,1,5,1
Public Method,"org.apache.fontbox.ttf.OpenTypeFont.isPostScript()",fontbox/src/main/java/org/apache/fontbox/ttf/OpenTypeFont.java,,,,,,,,,,,,,,,,,,,,,,,,,5,7,0,4,1,1,3,2,1,1,2,1,1,1,1,1,1,,,,,,0,,0,75,1,1,1,1
Method,"org.apache.fontbox.ttf.OpenTypeFont.setVersion(float)",fontbox/src/main/java/org/apache/fontbox/ttf/OpenTypeFont.java,,,,,,,,,,,,,,,,,,,,,,,,,1,6,0,6,2,2,1,3,1,2,3,1,2,1,1,1,1,,,,,,0,,0,17,1,1,1,1
Public Final Class,"org.apache.fontbox.ttf.OpenTypeScript",fontbox/src/main/java/org/apache/fontbox/ttf/OpenTypeScript.java,3,3,3,1,23,0,19,3,1,19,0,,4,7,,,1,2,5,17,0,4,0,1,,324,14,269,171,205,45,,,52,73,32,53,,,,,9,9,10,5,1,3,80,0,17,17,17,19,10
Private Constructor,"org.apache.fontbox.ttf.OpenTypeScript.OpenTypeScript()",fontbox/src/main/java/org/apache/fontbox/ttf/OpenTypeScript.java,,,,,,,,,,,,,,,,,,,,,,,,,0,3,0,3,1,0,0,1,1,0,1,1,0,1,1,1,1,,,,,,0,,0,00,1,1,1,1
Private Static Method,"org.apache.fontbox.ttf.OpenTypeScript.ensureValidCodePoint(int)",fontbox/src/main/java/org/apache/fontbox/ttf/OpenTypeScript.java,,,,,,,,,,,,,,,,,,,,,,,,,5,7,0,7,1,2,0,1,2,1,3,1,2,2,2,3,1,,,,,,1,,0,00,2,2,3,1
Public Static Method,"org.apache.fontbox.ttf.OpenTypeScript.getScriptTags(int)",fontbox/src/main/java/org/apache/fontbox/ttf/OpenTypeScript.java,,,,,,,,,,,,,,,,,,,,,,,,,3,17,0,6,2,3,11,4,1,3,4,2,3,1,1,1,1,,,,,,0,,1,83,1,1,1,1
Private Static Method,"org.apache.fontbox.ttf.OpenTypeScript.getUnicodeScript(int)",fontbox/src/main/java/org/apache/fontbox/ttf/OpenTypeScript.java,,,,,,,,,,,,,,,,,,,,,,,,,6,21,0,15,3,8,6,4,3,6,9,3,8,3,3,3,1,,,,,,1,,0,40,3,3,3,1
Private Static Method,"org.apache.fontbox.ttf.OpenTypeScript.parseScriptsFile(InputStream)",fontbox/src/main/java/org/apache/fontbox/ttf/OpenTypeScript.java,,,,,,,,,,,,,,,,,,,,,,,,,3,71,4,65,13,40,2,22,128,29,39,14,33,9,9,10,5,,,,,,3,,0,03,10,10,11,6
Lambda Method,"org.apache.fontbox.ttf.OpenTypeScript.parseScriptsFile.(lambda_expr_1)(,)",fontbox/src/main/java/org/apache/fontbox/ttf/OpenTypeScript.java,,,,,,,,,,,,,,,,,,,,,,,,,2,1,0,1,1,1,0,2,1,0,0,0,0,1,1,1,1,,,,,,0,,0,00,1,1,1,1
Public Class,"org.apache.fontbox.ttf.PostScriptTable",fontbox/src/main/java/org/apache/fontbox/ttf/PostScriptTable.java,1,1,2,1,11,0,8,3,1,12,0,,0,2,,,23,10,23,46,2,0,0,21,,321,25,211,48,87,85,,,85,127,53,81,,,,,18,18,22,6,2,5,86,0,40,41,41,47,28
Constructor,"org.apache.fontbox.ttf.PostScriptTable.PostScriptTable(TrueTypeFont)",fontbox/src/main/java/org/apache/fontbox/ttf/PostScriptTable.java,,,,,,,,,,,,,,,,,,,,,,,,,2,4,0,4,1,1,0,2,1,1,2,1,1,1,1,1,1,,,,,,0,,0,00,1,1,1,1
Public Method,"org.apache.fontbox.ttf.PostScriptTable.getFormatType()",fontbox/src/main/java/org/apache/fontbox/ttf/PostScriptTable.java,,,,,,,,,,,,,,,,,,,,,,,,,1,7,0,4,1,1,3,1,1,1,2,1,1,1,1,1,1,,,,,,0,,0,75,1,1,1,1
Public Method,"org.apache.fontbox.ttf.PostScriptTable.getGlyphNames()",fontbox/src/main/java/org/apache/fontbox/ttf/PostScriptTable.java,,,,,,,,,,,,,,,,,,,,,,,,,3,7,0,4,1,1,3,1,1,1,2,1,1,1,1,1,1,,,,,,0,,0,75,1,1,1,1
Public Method,"org.apache.fontbox.ttf.PostScriptTable.getIsFixedPitch()",fontbox/src/main/java/org/apache/fontbox/ttf/PostScriptTable.java,,,,,,,,,,,,,,,,,,,,,,,,,3,7,0,4,1,1,3,1,1,1,2,1,1,1,1,1,1,,,,,,0,,0,75,1,1,1,1
Public Method,"org.apache.fontbox.ttf.PostScriptTable.getItalicAngle()",fontbox/src/main/java/org/apache/fontbox/ttf/PostScriptTable.java,,,,,,,,,,,,,,,,,,,,,,,,,3,7,0,4,1,1,3,1,1,1,2,1,1,1,1,1,1,,,,,,0,,0,75,1,1,1,1
Public Method,"org.apache.fontbox.ttf.PostScriptTable.getMaxMemType1()",fontbox/src/main/java/org/apache/fontbox/ttf/PostScriptTable.java,,,,,,,,,,,,,,,,,,,,,,,,,2,7,0,4,1,1,3,1,1,1,2,1,1,1,1,1,1,,,,,,0,,0,75,1,1,1,1
Public Method,"org.apache.fontbox.ttf.PostScriptTable.getMaxMemType42()",fontbox/src/main/java/org/apache/fontbox/ttf/PostScriptTable.java,,,,,,,,,,,,,,,,,,,,,,,,,2,7,0,4,1,1,3,1,1,1,2,1,1,1,1,1,1,,,,,,0,,0,75,1,1,1,1
Public Method,"org.apache.fontbox.ttf.PostScriptTable.getMinMemType1()",fontbox/src/main/java/org/apache/fontbox/ttf/PostScriptTable.java,,,,,,,,,,,,,,,,,,,,,,,,,2,7,0,4,1,1,3,1,1,1,2,1,1,1,1,1,1,,,,,,0,,0,75,1,1,1,1
Public Method,"org.apache.fontbox.ttf.PostScriptTable.getMinMemType42()",fontbox/src/main/java/org/apache/fontbox/ttf/PostScriptTable.java,,,,,,,,,,,,,,,,,,,,,,,,,2,7,0,4,1,1,3,1,1,1,2,1,1,1,1,1,1,,,,,,0,,0,75,1,1,1,1
Public Method,"org.apache.fontbox.ttf.PostScriptTable.getName(int)",fontbox/src/main/java/org/apache/fontbox/ttf/PostScriptTable.java,,,,,,,,,,,,,,,,,,,,,,,,,6,11,0,8,1,3,3,1,2,2,4,1,3,2,2,4,1,,,,,,1,,0,38,2,2,4,1
Public Method,"org.apache.fontbox.ttf.PostScriptTable.getUnderlinePosition()",fontbox/src/main/java/org/apache/fontbox/ttf/PostScriptTable.java,,,,,,,,,,,,,,,,,,,,,,,,,2,7,0,4,1,1,3,1,1,1,2,1,1,1,1,1,1,,,,,,0,,0,75,1,1,1,1
Public Method,"org.apache.fontbox.ttf.PostScriptTable.getUnderlineThickness()",fontbox/src/main/java/org/apache/fontbox/ttf/PostScriptTable.java,,,,,,,,,,,,,,,,,,,,,,,,,2,7,0,4,1,1,3,1,1,1,2,1,1,1,1,1,1,,,,,,0,,0,75,1,1,1,1
Method,"org.apache.fontbox.ttf.PostScriptTable.read(TrueTypeFont,TTFDataStream)",fontbox/src/main/java/org/apache/fontbox/ttf/PostScriptTable.java,,,,,,,,,,,,,,,,,,,,,,,,,10,119,1,104,13,60,14,26,71,50,68,18,56,18,18,22,6,,,,,,5,,0,13,18,18,22,6
Public Method,"org.apache.fontbox.ttf.PostScriptTable.setFormatType(float)",fontbox/src/main/java/org/apache/fontbox/ttf/PostScriptTable.java,,,,,,,,,,,,,,,,,,,,,,,,,1,7,0,4,1,1,3,1,1,1,2,1,1,1,1,1,1,,,,,,0,,0,75,1,1,1,1
Public Method,"org.apache.fontbox.ttf.PostScriptTable.setGlyphNames(String[])",fontbox/src/main/java/org/apache/fontbox/ttf/PostScriptTable.java,,,,,,,,,,,,,,,,,,,,,,,,,1,7,0,4,1,1,3,1,1,1,2,1,1,1,1,1,1,,,,,,0,,0,75,1,1,1,1
Public Method,"org.apache.fontbox.ttf.PostScriptTable.setIsFixedPitch(long)",fontbox/src/main/java/org/apache/fontbox/ttf/PostScriptTable.java,,,,,,,,,,,,,,,,,,,,,,,,,1,7,0,4,1,1,3,1,1,1,2,1,1,1,1,1,1,,,,,,0,,0,75,1,1,1,1
Public Method,"org.apache.fontbox.ttf.PostScriptTable.setItalicAngle(float)",fontbox/src/main/java/org/apache/fontbox/ttf/PostScriptTable.java,,,,,,,,,,,,,,,,,,,,,,,,,1,7,0,4,1,1,3,1,1,1,2,1,1,1,1,1,1,,,,,,0,,0,75,1,1,1,1
Public Method,"org.apache.fontbox.ttf.PostScriptTable.setMaxMemType1(long)",fontbox/src/main/java/org/apache/fontbox/ttf/PostScriptTable.java,,,,,,,,,,,,,,,,,,,,,,,,,1,7,0,4,1,1,3,1,1,1,2,1,1,1,1,1,1,,,,,,0,,0,75,1,1,1,1
Public Method,"org.apache.fontbox.ttf.PostScriptTable.setMaxMemType42(long)",fontbox/src/main/java/org/apache/fontbox/ttf/PostScriptTable.java,,,,,,,,,,,,,,,,,,,,,,,,,1,7,0,4,1,1,3,1,1,1,2,1,1,1,1,1,1,,,,,,0,,0,75,1,1,1,1
Public Method,"org.apache.fontbox.ttf.PostScriptTable.setMimMemType1(long)",fontbox/src/main/java/org/apache/fontbox/ttf/PostScriptTable.java,,,,,,,,,,,,,,,,,,,,,,,,,1,7,0,4,1,1,3,1,1,1,2,1,1,1,1,1,1,,,,,,0,,0,75,1,1,1,1
Public Method,"org.apache.fontbox.ttf.PostScriptTable.setMinMemType42(long)",fontbox/src/main/java/org/apache/fontbox/ttf/PostScriptTable.java,,,,,,,,,,,,,,,,,,,,,,,,,1,7,0,4,1,1,3,1,1,1,2,1,1,1,1,1,1,,,,,,0,,0,75,1,1,1,1
Public Method,"org.apache.fontbox.ttf.PostScriptTable.setUnderlinePosition(short)",fontbox/src/main/java/org/apache/fontbox/ttf/PostScriptTable.java,,,,,,,,,,,,,,,,,,,,,,,,,1,7,0,4,1,1,3,1,1,1,2,1,1,1,1,1,1,,,,,,0,,0,75,1,1,1,1
Public Method,"org.apache.fontbox.ttf.PostScriptTable.setUnderlineThickness(short)",fontbox/src/main/java/org/apache/fontbox/ttf/PostScriptTable.java,,,,,,,,,,,,,,,,,,,,,,,,,1,7,0,4,1,1,3,1,1,1,2,1,1,1,1,1,1,,,,,,0,,0,75,1,1,1,1
Class,"org.apache.fontbox.ttf.RAFDataStream",fontbox/src/main/java/org/apache/fontbox/ttf/RAFDataStream.java,1,1,1,1,11,0,5,6,1,8,0,,0,1,,,12,2,12,46,2,0,0,10,,166,12,69,26,18,85,,,17,31,16,15,,,,,2,2,2,1,2,1,50,1,23,13,13,13,12
Constructor,"org.apache.fontbox.ttf.RAFDataStream.RAFDataStream(File,String)",fontbox/src/main/java/org/apache/fontbox/ttf/RAFDataStream.java,,,,,,,,,,,,,,,,,,,,,,,,,6,15,0,5,1,2,10,4,1,2,3,1,2,1,1,1,1,,,,,,0,,2,00,1,1,1,1
Constructor,"org.apache.fontbox.ttf.RAFDataStream.RAFDataStream(String,String)",fontbox/src/main/java/org/apache/fontbox/ttf/RAFDataStream.java,,,,,,,,,,,,,,,,,,,,,,,,,3,14,0,4,1,1,10,3,1,1,2,1,1,1,1,1,1,,,,,,0,,2,50,1,1,1,1
Public Method,"org.apache.fontbox.ttf.RAFDataStream.close()",fontbox/src/main/java/org/apache/fontbox/ttf/RAFDataStream.java,,,,,,,,,,,,,,,,,,,,,,,,,3,14,0,9,2,3,5,2,2,2,4,1,3,2,2,2,1,,,,,,1,,0,56,2,2,2,1
Public Method,"org.apache.fontbox.ttf.RAFDataStream.getCurrentPosition()",fontbox/src/main/java/org/apache/fontbox/ttf/RAFDataStream.java,,,,,,,,,,,,,,,,,,,,,,,,,1,10,0,5,2,1,5,2,1,1,2,1,1,1,1,1,1,,,,,,0,,1,00,1,1,1,1
Public Method,"org.apache.fontbox.ttf.RAFDataStream.getOriginalData()",fontbox/src/main/java/org/apache/fontbox/ttf/RAFDataStream.java,,,,,,,,,,,,,,,,,,,,,,,,,1,8,0,5,2,1,3,2,1,1,2,1,1,1,1,1,1,,,,,,0,,0,60,1,1,1,1
Public Method,"org.apache.fontbox.ttf.RAFDataStream.getOriginalDataSize()",fontbox/src/main/java/org/apache/fontbox/ttf/RAFDataStream.java,,,,,,,,,,,,,,,,,,,,,,,,,1,8,0,5,2,1,3,2,1,1,2,1,1,1,1,1,1,,,,,,0,,0,60,1,1,1,1
Public Method,"org.apache.fontbox.ttf.RAFDataStream.read()",fontbox/src/main/java/org/apache/fontbox/ttf/RAFDataStream.java,,,,,,,,,,,,,,,,,,,,,,,,,1,11,0,5,2,1,6,2,1,1,2,1,1,1,1,1,1,,,,,,0,,1,20,1,1,1,1
Public Method,"org.apache.fontbox.ttf.RAFDataStream.read(byte[],int,int)",fontbox/src/main/java/org/apache/fontbox/ttf/RAFDataStream.java,,,,,,,,,,,,,,,,,,,,,,,,,4,16,0,5,2,1,11,2,1,1,2,1,1,1,1,1,1,,,,,,0,,2,20,1,1,1,1
Public Method,"org.apache.fontbox.ttf.RAFDataStream.readLong()",fontbox/src/main/java/org/apache/fontbox/ttf/RAFDataStream.java,,,,,,,,,,,,,,,,,,,,,,,,,1,12,0,5,2,1,7,2,1,1,2,1,1,1,1,1,1,,,,,,0,,1,40,1,1,1,1
Public Method,"org.apache.fontbox.ttf.RAFDataStream.readSignedShort()",fontbox/src/main/java/org/apache/fontbox/ttf/RAFDataStream.java,,,,,,,,,,,,,,,,,,,,,,,,,1,12,0,5,2,1,7,2,1,1,2,1,1,1,1,1,1,,,,,,0,,1,40,1,1,1,1
Public Method,"org.apache.fontbox.ttf.RAFDataStream.readUnsignedShort()",fontbox/src/main/java/org/apache/fontbox/ttf/RAFDataStream.java,,,,,,,,,,,,,,,,,,,,,,,,,1,12,0,5,2,1,7,2,1,1,2,1,1,1,1,1,1,,,,,,0,,1,40,1,1,1,1
Public Method,"org.apache.fontbox.ttf.RAFDataStream.seek(long)",fontbox/src/main/java/org/apache/fontbox/ttf/RAFDataStream.java,,,,,,,,,,,,,,,,,,,,,,,,,2,11,0,5,2,1,6,1,1,1,2,1,1,1,1,1,1,,,,,,0,,1,20,1,1,1,1
Class,"org.apache.fontbox.ttf.RAFDataStreamTest",fontbox/src/test/java/org/apache/fontbox/ttf/RAFDataStreamTest.java,1,1,1,1,12,0,7,5,1,3,0,,0,0,,,1,0,1,13,1,0,0,0,,19,0,10,4,3,9,,,3,5,3,3,,,,,1,1,1,1,1,0,0,0,90,1,1,1,1
Method,"org.apache.fontbox.ttf.RAFDataStreamTest.testDoubleClose()",fontbox/src/test/java/org/apache/fontbox/ttf/RAFDataStreamTest.java,,,,,,,,,,,,,,,,,,,,,,,,,0,12,0,7,3,3,5,2,1,3,4,2,3,1,1,1,1,,,,,,0,,0,71,1,1,1,1
Public Class,"org.apache.fontbox.ttf.SubstitutingCmapLookup",fontbox/src/main/java/org/apache/fontbox/ttf/SubstitutingCmapLookup.java,1,1,1,1,6,0,6,0,2,6,0,,0,0,,,3,3,3,15,0,0,0,3,,33,3,25,12,7,5,,,10,14,9,7,,,,,1,1,1,1,1,0,11,0,20,3,3,3,3
Public Constructor,"org.apache.fontbox.ttf.SubstitutingCmapLookup.SubstitutingCmapLookup(CmapSubtable,GlyphSubstitutionTable,List<String>)",fontbox/src/main/java/org/apache/fontbox/ttf/SubstitutingCmapLookup.java,,,,,,,,,,,,,,,,,,,,,,,,,4,7,0,7,2,3,0,4,1,3,4,1,3,1,1,1,1,,,,,,0,,0,00,1,1,1,1
Public Method,"org.apache.fontbox.ttf.SubstitutingCmapLookup.getCharCodes(int)",fontbox/src/main/java/org/apache/fontbox/ttf/SubstitutingCmapLookup.java,,,,,,,,,,,,,,,,,,,,,,,,,3,5,0,5,2,1,0,3,1,1,2,1,1,1,1,1,1,,,,,,0,,0,00,1,1,1,1
Public Method,"org.apache.fontbox.ttf.SubstitutingCmapLookup.getGlyphId(int)",fontbox/src/main/java/org/apache/fontbox/ttf/SubstitutingCmapLookup.java,,,,,,,,,,,,,,,,,,,,,,,,,4,7,0,7,4,3,0,4,1,3,4,3,3,1,1,1,1,,,,,,0,,0,00,1,1,1,1
Class,"org.apache.fontbox.ttf.TTCDataStream",fontbox/src/main/java/org/apache/fontbox/ttf/TTCDataStream.java,1,1,1,1,5,0,4,0,1,3,0,,0,0,,,11,1,11,45,1,0,0,10,,75,11,57,23,10,7,,,11,23,13,10,,,,,1,1,1,1,2,0,9,0,12,11,11,11,11
Constructor,"org.apache.fontbox.ttf.TTCDataStream.TTCDataStream(TTFDataStream)",fontbox/src/main/java/org/apache/fontbox/ttf/TTCDataStream.java,,,,,,,,,,,,,,,,,,,,,,,,,2,4,0,4,1,1,0,2,1,1,2,1,1,1,1,1,1,,,,,,0,,0,00,1,1,1,1
Public Method,"org.apache.fontbox.ttf.TTCDataStream.close()",fontbox/src/main/java/org/apache/fontbox/ttf/TTCDataStream.java,,,,,,,,,,,,,,,,,,,,,,,,,0,6,0,4,2,0,2,0,1,0,1,1,0,1,1,1,1,,,,,,0,,0,50,1,1,1,1
Public Method,"org.apache.fontbox.ttf.TTCDataStream.getCurrentPosition()",fontbox/src/main/java/org/apache/fontbox/ttf/TTCDataStream.java,,,,,,,,,,,,,,,,,,,,,,,,,1,5,0,5,2,1,0,2,1,1,2,1,1,1,1,1,1,,,,,,0,,0,00,1,1,1,1
Public Method,"org.apache.fontbox.ttf.TTCDataStream.getOriginalData()",fontbox/src/main/java/org/apache/fontbox/ttf/TTCDataStream.java,,,,,,,,,,,,,,,,,,,,,,,,,1,5,0,5,2,1,0,2,1,1,2,1,1,1,1,1,1,,,,,,0,,0,00,1,1,1,1
Public Method,"org.apache.fontbox.ttf.TTCDataStream.getOriginalDataSize()",fontbox/src/main/java/org/apache/fontbox/ttf/TTCDataStream.java,,,,,,,,,,,,,,,,,,,,,,,,,1,5,0,5,2,1,0,2,1,1,2,1,1,1,1,1,1,,,,,,0,,0,00,1,1,1,1
Public Method,"org.apache.fontbox.ttf.TTCDataStream.read()",fontbox/src/main/java/org/apache/fontbox/ttf/TTCDataStream.java,,,,,,,,,,,,,,,,,,,,,,,,,1,5,0,5,2,1,0,2,1,1,2,1,1,1,1,1,1,,,,,,0,,0,00,1,1,1,1
Public Method,"org.apache.fontbox.ttf.TTCDataStream.read(byte[],int,int)",fontbox/src/main/java/org/apache/fontbox/ttf/TTCDataStream.java,,,,,,,,,,,,,,,,,,,,,,,,,4,5,0,5,2,1,0,2,1,1,2,1,1,1,1,1,1,,,,,,0,,0,00,1,1,1,1
Public Method,"org.apache.fontbox.ttf.TTCDataStream.readLong()",fontbox/src/main/java/org/apache/fontbox/ttf/TTCDataStream.java,,,,,,,,,,,,,,,,,,,,,,,,,1,5,0,5,2,1,0,2,1,1,2,1,1,1,1,1,1,,,,,,0,,0,00,1,1,1,1
Public Method,"org.apache.fontbox.ttf.TTCDataStream.readSignedShort()",fontbox/src/main/java/org/apache/fontbox/ttf/TTCDataStream.java,,,,,,,,,,,,,,,,,,,,,,,,,1,5,0,5,2,1,0,2,1,1,2,1,1,1,1,1,1,,,,,,0,,0,00,1,1,1,1
Public Method,"org.apache.fontbox.ttf.TTCDataStream.readUnsignedShort()",fontbox/src/main/java/org/apache/fontbox/ttf/TTCDataStream.java,,,,,,,,,,,,,,,,,,,,,,,,,1,5,0,5,2,1,0,2,1,1,2,1,1,1,1,1,1,,,,,,0,,0,00,1,1,1,1
Public Method,"org.apache.fontbox.ttf.TTCDataStream.seek(long)",fontbox/src/main/java/org/apache/fontbox/ttf/TTCDataStream.java,,,,,,,,,,,,,,,,,,,,,,,,,2,5,0,5,2,1,0,1,1,1,2,1,1,1,1,1,1,,,,,,0,,0,00,1,1,1,1
Abstract Class,"org.apache.fontbox.ttf.TTFDataStream",fontbox/src/main/java/org/apache/fontbox/ttf/TTFDataStream.java,1,1,1,1,13,0,7,6,2,8,3,,0,0,,,22,0,22,34,1,0,0,21,,275,20,113,40,48,142,,,53,73,42,43,,,,,3,3,4,1,1,1,0,1,26,20,20,21,13
Constructor,"org.apache.fontbox.ttf.TTFDataStream.TTFDataStream()",fontbox/src/main/java/org/apache/fontbox/ttf/TTFDataStream.java,,,,,,,,,,,,,,,,,,,,,,,,,0,3,0,3,1,0,0,1,1,0,1,1,0,1,1,1,1,,,,,,0,,0,00,1,1,1,1
Public Abstract Method,"org.apache.fontbox.ttf.TTFDataStream.getCurrentPosition()",fontbox/src/main/java/org/apache/fontbox/ttf/TTFDataStream.java,,,,,,,,,,,,,,,,,,,,,,,,,7,7,0,1,1,0,6,1,0,1,1,1,0,0,0,0,0,,,,,,0,,6,00,0,0,0,0
Public Abstract Method,"org.apache.fontbox.ttf.TTFDataStream.getOriginalData()",fontbox/src/main/java/org/apache/fontbox/ttf/TTFDataStream.java,,,,,,,,,,,,,,,,,,,,,,,,,2,7,0,1,1,0,6,1,0,1,1,1,0,0,0,0,0,,,,,,0,,6,00,0,0,0,0
Public Abstract Method,"org.apache.fontbox.ttf.TTFDataStream.getOriginalDataSize()",fontbox/src/main/java/org/apache/fontbox/ttf/TTFDataStream.java,,,,,,,,,,,,,,,,,,,,,,,,,2,6,0,1,1,0,5,1,0,1,1,1,0,0,0,0,0,,,,,,0,,5,00,0,0,0,0
Public Abstract Method,"org.apache.fontbox.ttf.TTFDataStream.read()",fontbox/src/main/java/org/apache/fontbox/ttf/TTFDataStream.java,,,,,,,,,,,,,,,,,,,,,,,,,5,7,0,1,1,0,6,1,0,1,1,1,0,0,0,0,0,,,,,,0,,6,00,0,0,0,0
Public Abstract Method,"org.apache.fontbox.ttf.TTFDataStream.read(byte[],int,int)",fontbox/src/main/java/org/apache/fontbox/ttf/TTFDataStream.java,,,,,,,,,,,,,,,,,,,,,,,,,2,12,0,1,1,0,11,1,0,1,1,1,0,0,0,0,0,,,,,,0,,11,00,0,0,0,0
Public Method,"org.apache.fontbox.ttf.TTFDataStream.read(int)",fontbox/src/main/java/org/apache/fontbox/ttf/TTFDataStream.java,,,,,,,,,,,,,,,,,,,,,,,,,8,27,0,19,4,10,8,3,4,6,9,4,5,3,3,4,1,,,,,,1,,0,42,3,3,4,1
Public Method,"org.apache.fontbox.ttf.TTFDataStream.read32Fixed()",fontbox/src/main/java/org/apache/fontbox/ttf/TTFDataStream.java,,,,,,,,,,,,,,,,,,,,,,,,,8,12,0,6,2,3,6,3,1,3,4,2,3,1,1,1,1,,,,,,0,,1,00,1,1,1,1
Public Method,"org.apache.fontbox.ttf.TTFDataStream.readInternationalDate()",fontbox/src/main/java/org/apache/fontbox/ttf/TTFDataStream.java,,,,,,,,,,,,,,,,,,,,,,,,,2,17,0,11,4,8,6,8,1,8,9,4,8,1,1,1,1,,,,,,0,,0,55,1,1,1,1
Public Abstract Method,"org.apache.fontbox.ttf.TTFDataStream.readLong()",fontbox/src/main/java/org/apache/fontbox/ttf/TTFDataStream.java,,,,,,,,,,,,,,,,,,,,,,,,,2,7,0,1,1,0,6,1,0,1,1,1,0,0,0,0,0,,,,,,0,,6,00,0,0,0,0
Public Method,"org.apache.fontbox.ttf.TTFDataStream.readSignedByte()",fontbox/src/main/java/org/apache/fontbox/ttf/TTFDataStream.java,,,,,,,,,,,,,,,,,,,,,,,,,2,11,0,5,2,2,6,2,1,2,3,2,2,2,2,2,1,,,,,,0,,1,20,2,2,2,1
Public Abstract Method,"org.apache.fontbox.ttf.TTFDataStream.readSignedShort()",fontbox/src/main/java/org/apache/fontbox/ttf/TTFDataStream.java,,,,,,,,,,,,,,,,,,,,,,,,,16,7,0,1,1,0,6,1,0,1,1,1,0,0,0,0,0,,,,,,0,,6,00,0,0,0,0
Public Method,"org.apache.fontbox.ttf.TTFDataStream.readString(int)",fontbox/src/main/java/org/apache/fontbox/ttf/TTFDataStream.java,,,,,,,,,,,,,,,,,,,,,,,,,8,11,0,4,1,1,7,2,1,1,2,1,1,1,1,1,1,,,,,,0,,1,75,1,1,1,1
Public Method,"org.apache.fontbox.ttf.TTFDataStream.readString(int,Charset)",fontbox/src/main/java/org/apache/fontbox/ttf/TTFDataStream.java,,,,,,,,,,,,,,,,,,,,,,,,,4,13,0,5,2,2,8,3,1,2,3,2,2,1,1,1,1,,,,,,0,,1,60,1,1,1,1
Public Method,"org.apache.fontbox.ttf.TTFDataStream.readString(int,String)",fontbox/src/main/java/org/apache/fontbox/ttf/TTFDataStream.java,,,,,,,,,,,,,,,,,,,,,,,,,2,13,0,5,2,2,8,3,1,2,3,2,2,1,1,1,1,,,,,,0,,1,60,1,1,1,1
Public Method,"org.apache.fontbox.ttf.TTFDataStream.readTag()",fontbox/src/main/java/org/apache/fontbox/ttf/TTFDataStream.java,,,,,,,,,,,,,,,,,,,,,,,,,3,8,0,4,1,1,4,3,1,1,2,1,1,1,1,1,1,,,,,,0,,1,00,1,1,1,1
Public Method,"org.apache.fontbox.ttf.TTFDataStream.readUnsignedByte()",fontbox/src/main/java/org/apache/fontbox/ttf/TTFDataStream.java,,,,,,,,,,,,,,,,,,,,,,,,,3,15,0,9,2,4,6,3,2,3,5,2,4,2,2,2,1,,,,,,1,,0,67,2,2,2,1
Public Method,"org.apache.fontbox.ttf.TTFDataStream.readUnsignedByteArray(int)",fontbox/src/main/java/org/apache/fontbox/ttf/TTFDataStream.java,,,,,,,,,,,,,,,,,,,,,,,,,3,16,0,9,2,4,7,2,2,5,7,3,4,2,2,2,1,,,,,,1,,0,78,2,2,2,1
Public Method,"org.apache.fontbox.ttf.TTFDataStream.readUnsignedInt()",fontbox/src/main/java/org/apache/fontbox/ttf/TTFDataStream.java,,,,,,,,,,,,,,,,,,,,,,,,,14,18,0,12,5,7,6,3,2,6,8,5,7,2,2,2,1,,,,,,1,,0,50,2,2,2,1
Public Abstract Method,"org.apache.fontbox.ttf.TTFDataStream.readUnsignedShort()",fontbox/src/main/java/org/apache/fontbox/ttf/TTFDataStream.java,,,,,,,,,,,,,,,,,,,,,,,,,43,7,0,1,1,0,6,1,0,1,1,1,0,0,0,0,0,,,,,,0,,6,00,0,0,0,0
Public Method,"org.apache.fontbox.ttf.TTFDataStream.readUnsignedShortArray(int)",fontbox/src/main/java/org/apache/fontbox/ttf/TTFDataStream.java,,,,,,,,,,,,,,,,,,,,,,,,,4,16,0,9,2,4,7,2,2,5,7,3,4,2,2,2,1,,,,,,1,,0,78,2,2,2,1
Public Abstract Method,"org.apache.fontbox.ttf.TTFDataStream.seek(long)",fontbox/src/main/java/org/apache/fontbox/ttf/TTFDataStream.java,,,,,,,,,,,,,,,,,,,,,,,,,21,7,0,1,1,0,6,0,0,1,1,1,0,0,0,0,0,,,,,,0,,6,00,0,0,0,0
Public Class,"org.apache.fontbox.ttf.TTFParser",fontbox/src/main/java/org/apache/fontbox/ttf/TTFParser.java,3,2,4,1,22,1,16,4,1,30,1,,0,1,,,13,2,13,25,2,2,2,7,,313,28,218,34,131,67,,,92,127,36,107,,,,,18,14,19,1,1,3,80,0,31,48,33,53,13
Public Constructor,"org.apache.fontbox.ttf.TTFParser.TTFParser()",fontbox/src/main/java/org/apache/fontbox/ttf/TTFParser.java,,,,,,,,,,,,,,,,,,,,,,,,,23,7,0,4,1,1,3,2,1,1,2,1,1,1,1,1,1,,,,,,0,,0,75,1,1,1,1
Public Constructor,"org.apache.fontbox.ttf.TTFParser.TTFParser(boolean)",fontbox/src/main/java/org/apache/fontbox/ttf/TTFParser.java,,,,,,,,,,,,,,,,,,,,,,,,,8,9,0,4,1,1,5,2,1,1,2,1,1,1,1,1,1,,,,,,0,,1,25,1,1,1,1
Public Constructor,"org.apache.fontbox.ttf.TTFParser.TTFParser(boolean,boolean)",fontbox/src/main/java/org/apache/fontbox/ttf/TTFParser.java,,,,,,,,,,,,,,,,,,,,,,,,,7,11,0,5,1,2,6,3,1,2,3,1,2,1,1,1,1,,,,,,0,,1,20,1,1,1,1
Protected Method,"org.apache.fontbox.ttf.TTFParser.allowCFF()",fontbox/src/main/java/org/apache/fontbox/ttf/TTFParser.java,,,,,,,,,,,,,,,,,,,,,,,,,1,4,0,4,1,1,0,1,1,1,2,1,1,1,1,1,1,,,,,,0,,0,00,1,1,1,1
Method,"org.apache.fontbox.ttf.TTFParser.newFont(TTFDataStream)",fontbox/src/main/java/org/apache/fontbox/ttf/TTFParser.java,,,,,,,,,,,,,,,,,,,,,,,,,2,4,0,4,1,1,0,2,1,1,2,1,1,1,1,1,1,,,,,,0,,0,00,1,1,1,1
Public Method,"org.apache.fontbox.ttf.TTFParser.parse(File)",fontbox/src/main/java/org/apache/fontbox/ttf/TTFParser.java,,,,,,,,,,,,,,,,,,,,,,,,,14,21,0,13,2,6,8,4,2,4,6,2,5,2,2,2,1,,,,,,1,,0,62,2,2,2,1
Public Method,"org.apache.fontbox.ttf.TTFParser.parse(InputStream)",fontbox/src/main/java/org/apache/fontbox/ttf/TTFParser.java,,,,,,,,,,,,,,,,,,,,,,,,,17,11,0,4,1,1,7,3,1,1,2,1,1,1,1,1,1,,,,,,0,,1,75,1,1,1,1
Public Method,"org.apache.fontbox.ttf.TTFParser.parse(String)",fontbox/src/main/java/org/apache/fontbox/ttf/TTFParser.java,,,,,,,,,,,,,,,,,,,,,,,,,7,11,0,4,1,1,7,3,1,1,2,1,1,1,1,1,1,,,,,,0,,1,75,1,1,1,1
Method,"org.apache.fontbox.ttf.TTFParser.parse(TTFDataStream)",fontbox/src/main/java/org/apache/fontbox/ttf/TTFParser.java,,,,,,,,,,,,,,,,,,,,,,,,,8,44,2,32,7,19,10,13,8,13,18,8,16,5,5,5,1,,,,,,3,,0,31,5,5,5,1
Public Method,"org.apache.fontbox.ttf.TTFParser.parseEmbedded(InputStream)",fontbox/src/main/java/org/apache/fontbox/ttf/TTFParser.java,,,,,,,,,,,,,,,,,,,,,,,,,3,12,0,5,1,2,7,4,1,2,3,1,2,1,1,1,1,,,,,,0,,1,40,1,1,1,1
Private Method,"org.apache.fontbox.ttf.TTFParser.parseTables(TrueTypeFont)",fontbox/src/main/java/org/apache/fontbox/ttf/TTFParser.java,,,,,,,,,,,,,,,,,,,,,,,,,5,78,10,61,9,32,7,15,3456,19,34,10,31,14,14,18,1,,,,,,2,,0,11,14,14,18,1
Protected Method,"org.apache.fontbox.ttf.TTFParser.readTable(TrueTypeFont,String)",fontbox/src/main/java/org/apache/fontbox/ttf/TTFParser.java,,,,,,,,,,,,,,,,,,,,,,,,,3,5,0,4,1,1,1,2,1,1,2,1,1,1,1,1,1,,,,,,0,,0,25,1,1,1,1
Private Method,"org.apache.fontbox.ttf.TTFParser.readTableDirectory(TrueTypeFont,TTFDataStream)",fontbox/src/main/java/org/apache/fontbox/ttf/TTFParser.java,,,,,,,,,,,,,,,,,,,,,,,,,19,71,2,68,3,60,1,26,34,42,45,3,43,18,3,19,1,,,,,,1,,0,01,18,3,19,1
Public Final Class,"org.apache.fontbox.ttf.TTFSubsetter",fontbox/src/main/java/org/apache/fontbox/ttf/TTFSubsetter.java,3,3,4,1,29,3,23,3,1,48,0,,0,2,,,34,7,34,46,0,26,0,8,,1071,144,806,165,516,146,,,443,567,181,468,,,,,16,16,18,3,1,7,83,0,18,111,111,137,37
Public Constructor,"org.apache.fontbox.ttf.TTFSubsetter.TTFSubsetter(TrueTypeFont)",fontbox/src/main/java/org/apache/fontbox/ttf/TTFSubsetter.java,,,,,,,,,,,,,,,,,,,,,,,,,5,9,0,4,1,1,5,2,1,1,2,1,1,1,1,1,1,,,,,,0,,1,25,1,1,1,1
Public Constructor,"org.apache.fontbox.ttf.TTFSubsetter.TTFSubsetter(TrueTypeFont,List<String>)",fontbox/src/main/java/org/apache/fontbox/ttf/TTFSubsetter.java,,,,,,,,,,,,,,,,,,,,,,,,,7,20,3,9,1,6,8,10,1,6,7,1,6,1,1,1,1,,,,,,0,,0,89,1,1,1,1
Public Method,"org.apache.fontbox.ttf.TTFSubsetter.add(int)",fontbox/src/main/java/org/apache/fontbox/ttf/TTFSubsetter.java,,,,,,,,,,,,,,,,,,,,,,,,,8,14,0,9,2,4,5,3,2,3,5,2,4,2,2,2,1,,,,,,1,,0,56,2,2,2,1
Public Method,"org.apache.fontbox.ttf.TTFSubsetter.addAll(Set<Integer>)",fontbox/src/main/java/org/apache/fontbox/ttf/TTFSubsetter.java,,,,,,,,,,,,,,,,,,,,,,,,,3,9,0,4,1,1,5,1,1,1,2,1,1,1,1,1,1,,,,,,0,,1,25,1,1,1,1
Private Method,"org.apache.fontbox.ttf.TTFSubsetter.addCompoundReferences()",fontbox/src/main/java/org/apache/fontbox/ttf/TTFSubsetter.java,,,,,,,,,,,,,,,,,,,,,,,,,7,109,8,93,14,52,9,15,405,36,52,15,41,16,16,18,1,,,,,,7,,0,10,16,16,18,1
Public Method,"org.apache.fontbox.ttf.TTFSubsetter.addGlyphIds(Set<Integer>)",fontbox/src/main/java/org/apache/fontbox/ttf/TTFSubsetter.java,,,,,,,,,,,,,,,,,,,,,,,,,3,4,0,4,1,1,0,1,1,1,2,1,1,1,1,1,1,,,,,,0,,0,00,1,1,1,1
Private Method,"org.apache.fontbox.ttf.TTFSubsetter.buildCmapTable()",fontbox/src/main/java/org/apache/fontbox/ttf/TTFSubsetter.java,,,,,,,,,,,,,,,,,,,,,,,,,8,118,16,87,14,64,27,21,145,60,71,18,62,11,11,15,1,,,,,,3,,0,31,11,11,15,1
Private Method,"org.apache.fontbox.ttf.TTFSubsetter.buildGlyfTable(long[])",fontbox/src/main/java/org/apache/fontbox/ttf/TTFSubsetter.java,,,,,,,,,,,,,,,,,,,,,,,,,6,130,20,93,17,59,21,16,290,45,60,18,47,14,14,16,1,,,,,,5,,0,23,14,14,16,1
Private Method,"org.apache.fontbox.ttf.TTFSubsetter.buildHeadTable()",fontbox/src/main/java/org/apache/fontbox/ttf/TTFSubsetter.java,,,,,,,,,,,,,,,,,,,,,,,,,2,28,2,25,4,22,3,26,1,22,23,4,22,1,1,1,1,,,,,,0,,0,12,1,1,1,1
Private Method,"org.apache.fontbox.ttf.TTFSubsetter.buildHheaTable()",fontbox/src/main/java/org/apache/fontbox/ttf/TTFSubsetter.java,,,,,,,,,,,,,,,,,,,,,,,,,3,35,3,30,5,25,3,30,2,24,26,5,25,2,2,3,1,,,,,,1,,0,10,2,2,3,1
Private Method,"org.apache.fontbox.ttf.TTFSubsetter.buildHmtxTable()",fontbox/src/main/java/org/apache/fontbox/ttf/TTFSubsetter.java,,,,,,,,,,,,,,,,,,,,,,,,,4,59,8,43,10,25,8,15,8,19,26,11,22,5,5,6,1,,,,,,4,,0,19,5,5,6,1
Private Method,"org.apache.fontbox.ttf.TTFSubsetter.buildLocaTable(long[])",fontbox/src/main/java/org/apache/fontbox/ttf/TTFSubsetter.java,,,,,,,,,,,,,,,,,,,,,,,,,2,13,2,11,3,6,0,6,2,5,8,4,6,2,2,2,1,,,,,,1,,0,00,2,2,2,1
Private Method,"org.apache.fontbox.ttf.TTFSubsetter.buildMaxpTable()",fontbox/src/main/java/org/apache/fontbox/ttf/TTFSubsetter.java,,,,,,,,,,,,,,,,,,,,,,,,,3,25,2,23,4,20,0,22,1,20,21,4,20,1,1,1,1,,,,,,0,,0,00,1,1,1,1
Private Method,"org.apache.fontbox.ttf.TTFSubsetter.buildNameTable()",fontbox/src/main/java/org/apache/fontbox/ttf/TTFSubsetter.java,,,,,,,,,,,,,,,,,,,,,,,,,12,84,8,75,13,48,4,20,74,37,52,16,44,13,13,17,3,,,,,,4,,0,05,13,13,17,3
Private Method,"org.apache.fontbox.ttf.TTFSubsetter.buildOS2Table()",fontbox/src/main/java/org/apache/fontbox/ttf/TTFSubsetter.java,,,,,,,,,,,,,,,,,,,,,,,,,6,53,10,43,4,38,0,39,2,36,38,4,37,2,2,5,1,,,,,,1,,0,00,2,2,5,1
Private Method,"org.apache.fontbox.ttf.TTFSubsetter.buildPostTable()",fontbox/src/main/java/org/apache/fontbox/ttf/TTFSubsetter.java,,,,,,,,,,,,,,,,,,,,,,,,,8,56,7,43,9,30,7,28,7,25,32,11,29,5,5,7,1,,,,,,2,,0,16,6,6,8,2
Lambda Method,"org.apache.fontbox.ttf.TTFSubsetter.buildPostTable.(lambda_expr_1)(String (inferred))",fontbox/src/main/java/org/apache/fontbox/ttf/TTFSubsetter.java,,,,,,,,,,,,,,,,,,,,,,,,,0,1,0,1,1,1,0,2,1,0,0,0,0,1,1,1,1,,,,,,0,,0,00,1,1,1,1
Private Method,"org.apache.fontbox.ttf.TTFSubsetter.copyBytes(InputStream,OutputStream,long,long,int)",fontbox/src/main/java/org/apache/fontbox/ttf/TTFSubsetter.java,,,,,,,,,,,,,,,,,,,,,,,,,6,17,0,16,4,8,1,5,4,6,9,3,6,3,3,3,1,,,,,,1,,0,06,3,3,3,1
Public Method,"org.apache.fontbox.ttf.TTFSubsetter.getGIDMap()",fontbox/src/main/java/org/apache/fontbox/ttf/TTFSubsetter.java,,,,,,,,,,,,,,,,,,,,,,,,,3,16,1,12,3,7,3,4,2,6,9,4,6,2,2,2,1,,,,,,1,,0,25,2,2,2,1
Private Method,"org.apache.fontbox.ttf.TTFSubsetter.getNewGlyphId(Integer)",fontbox/src/main/java/org/apache/fontbox/ttf/TTFSubsetter.java,,,,,,,,,,,,,,,,,,,,,,,,,4,4,0,4,1,1,0,3,1,1,2,1,1,1,1,1,1,,,,,,0,,0,00,1,1,1,1
Private Method,"org.apache.fontbox.ttf.TTFSubsetter.log2(int)",fontbox/src/main/java/org/apache/fontbox/ttf/TTFSubsetter.java,,,,,,,,,,,,,,,,,,,,,,,,,3,4,0,4,1,1,0,3,1,1,2,1,1,1,1,1,1,,,,,,0,,0,00,1,1,1,1
Public Method,"org.apache.fontbox.ttf.TTFSubsetter.setPrefix(String)",fontbox/src/main/java/org/apache/fontbox/ttf/TTFSubsetter.java,,,,,,,,,,,,,,,,,,,,,,,,,2,9,0,4,1,1,5,1,1,1,2,1,1,1,1,1,1,,,,,,0,,1,25,1,1,1,1
Private Method,"org.apache.fontbox.ttf.TTFSubsetter.shouldCopyNameRecord(NameRecord)",fontbox/src/main/java/org/apache/fontbox/ttf/TTFSubsetter.java,,,,,,,,,,,,,,,,,,,,,,,,,5,7,0,7,1,4,0,5,1,1,2,1,1,1,1,5,1,,,,,,0,,0,00,1,1,5,1
Private Method,"org.apache.fontbox.ttf.TTFSubsetter.toUInt32(byte[])",fontbox/src/main/java/org/apache/fontbox/ttf/TTFSubsetter.java,,,,,,,,,,,,,,,,,,,,,,,,,2,7,0,7,1,4,0,1,1,1,2,1,1,1,1,1,1,,,,,,0,,0,00,1,1,1,1
Private Method,"org.apache.fontbox.ttf.TTFSubsetter.toUInt32(int,int)",fontbox/src/main/java/org/apache/fontbox/ttf/TTFSubsetter.java,,,,,,,,,,,,,,,,,,,,,,,,,3,4,0,4,1,1,0,1,1,1,2,1,1,1,1,1,1,,,,,,0,,0,00,1,1,1,1
Private Method,"org.apache.fontbox.ttf.TTFSubsetter.writeFileHeader(DataOutputStream,int)",fontbox/src/main/java/org/apache/fontbox/ttf/TTFSubsetter.java,,,,,,,,,,,,,,,,,,,,,,,,,3,25,5,13,5,10,7,6,1,10,11,5,8,1,1,1,1,,,,,,0,,0,54,1,1,1,1
Private Method,"org.apache.fontbox.ttf.TTFSubsetter.writeFixed(DataOutputStream,double)",fontbox/src/main/java/org/apache/fontbox/ttf/TTFSubsetter.java,,,,,,,,,,,,,,,,,,,,,,,,,6,7,0,7,3,4,0,2,1,4,5,3,3,1,1,1,1,,,,,,0,,0,00,1,1,1,1
Private Method,"org.apache.fontbox.ttf.TTFSubsetter.writeLongDateTime(DataOutputStream,Calendar)",fontbox/src/main/java/org/apache/fontbox/ttf/TTFSubsetter.java,,,,,,,,,,,,,,,,,,,,,,,,,4,10,0,9,4,6,1,6,1,6,7,4,6,1,1,1,1,,,,,,0,,0,11,1,1,1,1
Private Method,"org.apache.fontbox.ttf.TTFSubsetter.writeSInt16(DataOutputStream,short)",fontbox/src/main/java/org/apache/fontbox/ttf/TTFSubsetter.java,,,,,,,,,,,,,,,,,,,,,,,,,6,4,0,4,1,1,0,1,1,1,2,1,1,1,1,1,1,,,,,,0,,0,00,1,1,1,1
Private Method,"org.apache.fontbox.ttf.TTFSubsetter.writeTableBody(OutputStream,byte[])",fontbox/src/main/java/org/apache/fontbox/ttf/TTFSubsetter.java,,,,,,,,,,,,,,,,,,,,,,,,,5,9,0,9,2,4,0,2,2,3,5,2,3,2,2,2,1,,,,,,1,,0,00,2,2,2,1
Private Method,"org.apache.fontbox.ttf.TTFSubsetter.writeTableHeader(DataOutputStream,String,long,byte[])",fontbox/src/main/java/org/apache/fontbox/ttf/TTFSubsetter.java,,,,,,,,,,,,,,,,,,,,,,,,,7,20,3,16,4,10,1,5,2,11,13,4,10,2,2,2,1,,,,,,1,,0,06,2,2,2,1
Public Method,"org.apache.fontbox.ttf.TTFSubsetter.writeToStream(OutputStream)",fontbox/src/main/java/org/apache/fontbox/ttf/TTFSubsetter.java,,,,,,,,,,,,,,,,,,,,,,,,,24,90,8,70,17,47,12,30,384,37,51,20,47,10,10,13,1,,,,,,3,,0,17,10,10,13,1
Private Method,"org.apache.fontbox.ttf.TTFSubsetter.writeUint16(DataOutputStream,int)",fontbox/src/main/java/org/apache/fontbox/ttf/TTFSubsetter.java,,,,,,,,,,,,,,,,,,,,,,,,,9,4,0,4,1,1,0,1,1,1,2,1,1,1,1,1,1,,,,,,0,,0,00,1,1,1,1
Private Method,"org.apache.fontbox.ttf.TTFSubsetter.writeUint32(DataOutputStream,long)",fontbox/src/main/java/org/apache/fontbox/ttf/TTFSubsetter.java,,,,,,,,,,,,,,,,,,,,,,,,,7,4,0,4,1,1,0,1,1,1,2,1,1,1,1,1,1,,,,,,0,,0,00,1,1,1,1
Private Method,"org.apache.fontbox.ttf.TTFSubsetter.writeUint8(DataOutputStream,int)",fontbox/src/main/java/org/apache/fontbox/ttf/TTFSubsetter.java,,,,,,,,,,,,,,,,,,,,,,,,,3,4,0,4,1,1,0,1,1,1,2,1,1,1,1,1,1,,,,,,0,,0,00,1,1,1,1
Class,"org.apache.fontbox.ttf.TTFSubsetterTest",fontbox/src/test/java/org/apache/fontbox/ttf/TTFSubsetterTest.java,1,1,2,1,36,1,28,5,1,26,0,,0,0,,,6,0,6,18,6,0,0,0,,229,16,174,44,125,39,,,109,129,42,115,,,,,5,5,6,3,1,2,0,0,22,11,11,12,8
Method,"org.apache.fontbox.ttf.TTFSubsetterTest.testEmptySubset()",fontbox/src/test/java/org/apache/fontbox/ttf/TTFSubsetterTest.java,,,,,,,,,,,,,,,,,,,,,,,,,0,20,1,14,5,8,5,15,1,7,9,4,8,1,1,1,1,,,,,,1,,0,36,1,1,1,1
Method,"org.apache.fontbox.ttf.TTFSubsetterTest.testEmptySubset2()",fontbox/src/test/java/org/apache/fontbox/ttf/TTFSubsetterTest.java,,,,,,,,,,,,,,,,,,,,,,,,,0,32,1,25,6,19,6,17,1,18,20,5,19,1,1,1,1,,,,,,1,,0,24,1,1,1,1
Method,"org.apache.fontbox.ttf.TTFSubsetterTest.testNonEmptySubset()",fontbox/src/test/java/org/apache/fontbox/ttf/TTFSubsetterTest.java,,,,,,,,,,,,,,,,,,,,,,,,,0,27,0,22,5,16,5,20,1,13,15,4,14,1,1,1,1,,,,,,1,,0,23,1,1,1,1
Method,"org.apache.fontbox.ttf.TTFSubsetterTest.testPDFBox3319()",fontbox/src/test/java/org/apache/fontbox/ttf/TTFSubsetterTest.java,,,,,,,,,,,,,,,,,,,,,,,,,2,66,5,53,14,39,8,32,12,35,42,16,36,5,5,6,3,,,,,,2,,0,15,5,5,6,3
Method,"org.apache.fontbox.ttf.TTFSubsetterTest.testPDFBox3379()",fontbox/src/test/java/org/apache/fontbox/ttf/TTFSubsetterTest.java,,,,,,,,,,,,,,,,,,,,,,,,,0,32,0,27,6,19,5,15,2,15,19,6,16,2,2,2,1,,,,,,2,,0,19,2,2,2,1
Method,"org.apache.fontbox.ttf.TTFSubsetterTest.testPDFBox3757()",fontbox/src/test/java/org/apache/fontbox/ttf/TTFSubsetterTest.java,,,,,,,,,,,,,,,,,,,,,,,,,0,39,3,30,7,24,6,21,1,21,23,6,22,1,1,1,1,,,,,,1,,0,20,1,1,1,1
Public Class,"org.apache.fontbox.ttf.TTFTable",fontbox/src/main/java/org/apache/fontbox/ttf/TTFTable.java,1,1,1,1,7,0,3,3,1,4,18,,0,0,,,11,6,11,23,6,0,0,5,,117,13,52,18,10,52,,,16,28,18,10,,,,,1,1,1,1,1,0,84,1,00,11,11,11,11
Constructor,"org.apache.fontbox.ttf.TTFTable.TTFTable(TrueTypeFont)",fontbox/src/main/java/org/apache/fontbox/ttf/TTFTable.java,,,,,,,,,,,,,,,,,,,,,,,,,20,9,0,4,1,1,5,2,1,1,2,1,1,1,1,1,1,,,,,,0,,1,25,1,1,1,1
Public Method,"org.apache.fontbox.ttf.TTFTable.getCheckSum()",fontbox/src/main/java/org/apache/fontbox/ttf/TTFTable.java,,,,,,,,,,,,,,,,,,,,,,,,,1,7,0,4,1,1,3,1,1,1,2,1,1,1,1,1,1,,,,,,0,,0,75,1,1,1,1
Public Method,"org.apache.fontbox.ttf.TTFTable.getInitialized()",fontbox/src/main/java/org/apache/fontbox/ttf/TTFTable.java,,,,,,,,,,,,,,,,,,,,,,,,,2,9,0,4,1,1,5,1,1,1,2,1,1,1,1,1,1,,,,,,0,,1,25,1,1,1,1
Public Method,"org.apache.fontbox.ttf.TTFTable.getLength()",fontbox/src/main/java/org/apache/fontbox/ttf/TTFTable.java,,,,,,,,,,,,,,,,,,,,,,,,,8,7,0,4,1,1,3,1,1,1,2,1,1,1,1,1,1,,,,,,0,,0,75,1,1,1,1
Public Method,"org.apache.fontbox.ttf.TTFTable.getOffset()",fontbox/src/main/java/org/apache/fontbox/ttf/TTFTable.java,,,,,,,,,,,,,,,,,,,,,,,,,10,7,0,4,1,1,3,1,1,1,2,1,1,1,1,1,1,,,,,,0,,0,75,1,1,1,1
Public Method,"org.apache.fontbox.ttf.TTFTable.getTag()",fontbox/src/main/java/org/apache/fontbox/ttf/TTFTable.java,,,,,,,,,,,,,,,,,,,,,,,,,3,7,0,4,1,1,3,1,1,1,2,1,1,1,1,1,1,,,,,,0,,0,75,1,1,1,1
Method,"org.apache.fontbox.ttf.TTFTable.read(TrueTypeFont,TTFDataStream)",fontbox/src/main/java/org/apache/fontbox/ttf/TTFTable.java,,,,,,,,,,,,,,,,,,,,,,,,,1,10,0,3,1,0,7,0,1,0,1,1,0,1,1,1,1,,,,,,0,,2,33,1,1,1,1
Method,"org.apache.fontbox.ttf.TTFTable.setCheckSum(long)",fontbox/src/main/java/org/apache/fontbox/ttf/TTFTable.java,,,,,,,,,,,,,,,,,,,,,,,,,2,7,0,4,1,1,3,1,1,1,2,1,1,1,1,1,1,,,,,,0,,0,75,1,1,1,1
Method,"org.apache.fontbox.ttf.TTFTable.setLength(long)",fontbox/src/main/java/org/apache/fontbox/ttf/TTFTable.java,,,,,,,,,,,,,,,,,,,,,,,,,2,7,0,4,1,1,3,1,1,1,2,1,1,1,1,1,1,,,,,,0,,0,75,1,1,1,1
Method,"org.apache.fontbox.ttf.TTFTable.setOffset(long)",fontbox/src/main/java/org/apache/fontbox/ttf/TTFTable.java,,,,,,,,,,,,,,,,,,,,,,,,,2,7,0,4,1,1,3,1,1,1,2,1,1,1,1,1,1,,,,,,0,,0,75,1,1,1,1
Method,"org.apache.fontbox.ttf.TTFTable.setTag(String)",fontbox/src/main/java/org/apache/fontbox/ttf/TTFTable.java,,,,,,,,,,,,,,,,,,,,,,,,,2,7,0,4,1,1,3,1,1,1,2,1,1,1,1,1,1,,,,,,0,,0,75,1,1,1,1
Class,"org.apache.fontbox.ttf.TestCMapSubtable",fontbox/src/test/java/org/apache/fontbox/ttf/TestCMapSubtable.java,1,1,1,1,27,5,19,3,1,12,0,,0,0,,,1,0,1,13,1,0,0,0,,34,5,22,15,15,7,,,15,17,14,14,,,,,1,1,1,1,1,0,0,0,32,1,1,1,1
Method,"org.apache.fontbox.ttf.TestCMapSubtable.testPDFBox5328()",fontbox/src/test/java/org/apache/fontbox/ttf/TestCMapSubtable.java,,,,,,,,,,,,,,,,,,,,,,,,,3,27,5,19,14,15,3,10,1,15,16,13,14,1,1,1,1,,,,,,0,,0,16,1,1,1,1
Class,"org.apache.fontbox.ttf.TestMemoryTTFDataStream",fontbox/src/test/java/org/apache/fontbox/ttf/TestMemoryTTFDataStream.java,3,3,3,1,23,0,23,0,1,5,0,,0,0,,,1,0,1,13,1,0,0,0,,27,1,26,7,11,0,,,7,11,6,8,,,,,3,3,3,1,1,2,0,0,00,3,3,3,1
Method,"org.apache.fontbox.ttf.TestMemoryTTFDataStream.testEOF()",fontbox/src/test/java/org/apache/fontbox/ttf/TestMemoryTTFDataStream.java,,,,,,,,,,,,,,,,,,,,,,,,,0,23,0,23,6,11,0,5,3,7,10,5,8,3,3,3,1,,,,,,2,,0,00,3,3,3,1
Class,"org.apache.fontbox.ttf.TestTTFParser",fontbox/src/test/java/org/apache/fontbox/ttf/TestTTFParser.java,2,2,2,2,36,5,23,8,1,15,0,,0,0,,,2,0,2,14,2,0,0,0,,83,14,50,21,35,21,,,31,37,19,32,,,,,3,3,4,3,1,2,0,0,42,4,4,5,4
Method,"org.apache.fontbox.ttf.TestTTFParser.testPostTable()",fontbox/src/test/java/org/apache/fontbox/ttf/TestTTFParser.java,,,,,,,,,,,,,,,,,,,,,,,,,2,49,10,32,12,24,9,12,3,20,24,11,21,3,3,4,3,,,,,,2,,0,28,3,3,4,3
Method,"org.apache.fontbox.ttf.TestTTFParser.testUTCDate()",fontbox/src/test/java/org/apache/fontbox/ttf/TestTTFParser.java,,,,,,,,,,,,,,,,,,,,,,,,,1,23,1,15,8,11,7,12,1,11,12,7,11,1,1,1,1,,,,,,0,,0,47,1,1,1,1
Public Class,"org.apache.fontbox.ttf.TrueTypeCollection",fontbox/src/main/java/org/apache/fontbox/ttf/TrueTypeCollection.java,2,2,2,1,15,0,10,5,2,13,0,,0,0,,,7,3,7,19,1,1,0,5,,136,9,85,23,33,42,,,35,52,24,35,,,,,5,5,6,3,1,2,61,0,49,15,15,16,9
Public Constructor,"org.apache.fontbox.ttf.TrueTypeCollection.TrueTypeCollection(File)",fontbox/src/main/java/org/apache/fontbox/ttf/TrueTypeCollection.java,,,,,,,,,,,,,,,,,,,,,,,,,6,10,0,4,1,1,6,3,1,1,2,1,1,1,1,1,1,,,,,,0,,1,50,1,1,1,1
Public Constructor,"org.apache.fontbox.ttf.TrueTypeCollection.TrueTypeCollection(InputStream)",fontbox/src/main/java/org/apache/fontbox/ttf/TrueTypeCollection.java,,,,,,,,,,,,,,,,,,,,,,,,,2,10,0,4,1,1,6,3,1,1,2,1,1,1,1,1,1,,,,,,0,,1,50,1,1,1,1
Constructor,"org.apache.fontbox.ttf.TrueTypeCollection.TrueTypeCollection(TTFDataStream)",fontbox/src/main/java/org/apache/fontbox/ttf/TrueTypeCollection.java,,,,,,,,,,,,,,,,,,,,,,,,,4,35,1,26,6,15,8,10,16,13,18,7,16,5,5,6,1,,,,,,1,,0,31,5,5,6,1
Public Interface,"org.apache.fontbox.ttf.TrueTypeCollection.TrueTypeFontProcessor",fontbox/src/main/java/org/apache/fontbox/ttf/TrueTypeCollection.java,0,0,0,0,0,0,0,0,0,3,0,,0,0,,,1,0,1,1,1,0,0,0,,5,0,5,3,0,0,,,1,2,2,0,,,,,0,0,0,0,0,0,0,0,00,0,0,0,0
Abstract Method,"org.apache.fontbox.ttf.TrueTypeCollection.TrueTypeFontProcessor.process(TrueTypeFont)",fontbox/src/main/java/org/apache/fontbox/ttf/TrueTypeCollection.java,,,,,,,,,,,,,,,,,,,,,,,,,1,1,0,1,1,0,0,0,0,1,1,1,0,0,0,0,0,,,,,,0,,0,00,0,0,0,0
Public Method,"org.apache.fontbox.ttf.TrueTypeCollection.close()",fontbox/src/main/java/org/apache/fontbox/ttf/TrueTypeCollection.java,,,,,,,,,,,,,,,,,,,,,,,,,3,8,0,5,2,1,3,1,1,1,2,1,1,1,1,1,1,,,,,,0,,0,60,1,1,1,1
Private Method,"org.apache.fontbox.ttf.TrueTypeCollection.getFontAtIndex(int)",fontbox/src/main/java/org/apache/fontbox/ttf/TrueTypeCollection.java,,,,,,,,,,,,,,,,,,,,,,,,,5,15,0,15,2,7,0,8,2,6,8,2,6,2,2,2,1,,,,,,1,,0,00,2,2,2,1
Public Method,"org.apache.fontbox.ttf.TrueTypeCollection.getFontByName(String)",fontbox/src/main/java/org/apache/fontbox/ttf/TrueTypeCollection.java,,,,,,,,,,,,,,,,,,,,,,,,,6,19,0,12,2,5,7,4,3,5,8,3,6,3,3,3,3,,,,,,2,,0,58,3,3,3,3
Public Method,"org.apache.fontbox.ttf.TrueTypeCollection.processAllFonts(TrueTypeFontProcessor)",fontbox/src/main/java/org/apache/fontbox/ttf/TrueTypeCollection.java,,,,,,,,,,,,,,,,,,,,,,,,,4,14,0,8,2,3,6,2,2,4,6,3,4,2,2,2,1,,,,,,1,,0,75,2,2,2,1
Public Class,"org.apache.fontbox.ttf.TrueTypeFont",fontbox/src/main/java/org/apache/fontbox/ttf/TrueTypeFont.java,1,1,1,1,13,0,8,4,3,43,1,,0,1,,,49,9,49,61,4,3,2,40,,752,59,451,105,187,243,,,137,227,97,169,,,,,10,10,10,4,1,4,95,0,54,86,86,91,61
Constructor,"org.apache.fontbox.ttf.TrueTypeFont.TrueTypeFont(TTFDataStream)",fontbox/src/main/java/org/apache/fontbox/ttf/TrueTypeFont.java,,,,,,,,,,,,,,,,,,,,,,,,,3,9,0,4,1,1,5,2,1,1,2,1,1,1,1,1,1,,,,,,0,,1,25,1,1,1,1
Method,"org.apache.fontbox.ttf.TrueTypeFont.addTable(TTFTable)",fontbox/src/main/java/org/apache/fontbox/ttf/TrueTypeFont.java,,,,,,,,,,,,,,,,,,,,,,,,,3,9,0,4,1,1,5,2,1,1,2,1,1,1,1,1,1,,,,,,0,,1,25,1,1,1,1
Public Method,"org.apache.fontbox.ttf.TrueTypeFont.close()",fontbox/src/main/java/org/apache/fontbox/ttf/TrueTypeFont.java,,,,,,,,,,,,,,,,,,,,,,,,,7,5,0,5,2,1,0,1,1,1,2,1,1,1,1,1,1,,,,,,0,,0,00,1,1,1,1
Public Method,"org.apache.fontbox.ttf.TrueTypeFont.disableGsubFeature(String)",fontbox/src/main/java/org/apache/fontbox/ttf/TrueTypeFont.java,,,,,,,,,,,,,,,,,,,,,,,,,3,9,0,4,1,1,5,1,1,1,2,1,1,1,1,1,1,,,,,,0,,1,25,1,1,1,1
Public Method,"org.apache.fontbox.ttf.TrueTypeFont.enableGsubFeature(String)",fontbox/src/main/java/org/apache/fontbox/ttf/TrueTypeFont.java,,,,,,,,,,,,,,,,,,,,,,,,,3,10,0,4,1,1,6,1,1,1,2,1,1,1,1,1,1,,,,,,0,,1,50,1,1,1,1
Public Method,"org.apache.fontbox.ttf.TrueTypeFont.enableVerticalSubstitutions()",fontbox/src/main/java/org/apache/fontbox/ttf/TrueTypeFont.java,,,,,,,,,,,,,,,,,,,,,,,,,1,8,0,5,1,2,3,1,1,2,3,1,2,1,1,1,1,,,,,,0,,0,60,1,1,1,1
Protected Method,"org.apache.fontbox.ttf.TrueTypeFont.finalize()",fontbox/src/main/java/org/apache/fontbox/ttf/TrueTypeFont.java,,,,,,,,,,,,,,,,,,,,,,,,,0,7,0,6,2,2,1,2,1,2,3,1,2,1,1,1,1,,,,,,0,,0,17,1,1,1,1
Public Method,"org.apache.fontbox.ttf.TrueTypeFont.getAdvanceHeight(int)",fontbox/src/main/java/org/apache/fontbox/ttf/TrueTypeFont.java,,,,,,,,,,,,,,,,,,,,,,,,,1,20,0,12,2,5,8,3,2,3,5,2,4,2,2,2,1,,,,,,1,,0,67,2,2,2,1
Public Method,"org.apache.fontbox.ttf.TrueTypeFont.getAdvanceWidth(int)",fontbox/src/main/java/org/apache/fontbox/ttf/TrueTypeFont.java,,,,,,,,,,,,,,,,,,,,,,,,,7,20,0,12,2,5,8,3,2,3,5,2,4,2,2,2,1,,,,,,1,,0,67,2,2,2,1
Public Method,"org.apache.fontbox.ttf.TrueTypeFont.getCmap()",fontbox/src/main/java/org/apache/fontbox/ttf/TrueTypeFont.java,,,,,,,,,,,,,,,,,,,,,,,,,8,10,0,4,1,1,6,2,1,1,2,1,1,1,1,1,1,,,,,,0,,1,50,1,1,1,1
Public Method,"org.apache.fontbox.ttf.TrueTypeFont.getFontBBox()",fontbox/src/main/java/org/apache/fontbox/ttf/TrueTypeFont.java,,,,,,,,,,,,,,,,,,,,,,,,,2,11,0,11,8,7,0,8,1,7,8,7,7,1,1,1,1,,,,,,0,,0,00,1,1,1,1
Public Method,"org.apache.fontbox.ttf.TrueTypeFont.getFontMatrix()",fontbox/src/main/java/org/apache/fontbox/ttf/TrueTypeFont.java,,,,,,,,,,,,,,,,,,,,,,,,,0,6,0,6,3,2,0,3,1,2,3,2,2,1,1,1,1,,,,,,0,,0,00,1,1,1,1
Public Method,"org.apache.fontbox.ttf.TrueTypeFont.getGlyph()",fontbox/src/main/java/org/apache/fontbox/ttf/TrueTypeFont.java,,,,,,,,,,,,,,,,,,,,,,,,,15,10,0,4,1,1,6,2,1,1,2,1,1,1,1,1,1,,,,,,0,,1,50,1,1,1,1
Public Method,"org.apache.fontbox.ttf.TrueTypeFont.getGsub()",fontbox/src/main/java/org/apache/fontbox/ttf/TrueTypeFont.java,,,,,,,,,,,,,,,,,,,,,,,,,3,10,0,4,1,1,6,2,1,1,2,1,1,1,1,1,1,,,,,,0,,1,50,1,1,1,1
Public Method,"org.apache.fontbox.ttf.TrueTypeFont.getGsubData()",fontbox/src/main/java/org/apache/fontbox/ttf/TrueTypeFont.java,,,,,,,,,,,,,,,,,,,,,,,,,2,10,1,9,2,4,0,3,2,3,5,2,4,2,2,2,1,,,,,,1,,0,00,2,2,2,1
Public Method,"org.apache.fontbox.ttf.TrueTypeFont.getHeader()",fontbox/src/main/java/org/apache/fontbox/ttf/TrueTypeFont.java,,,,,,,,,,,,,,,,,,,,,,,,,16,10,0,4,1,1,6,2,1,1,2,1,1,1,1,1,1,,,,,,0,,1,50,1,1,1,1
Public Method,"org.apache.fontbox.ttf.TrueTypeFont.getHorizontalHeader()",fontbox/src/main/java/org/apache/fontbox/ttf/TrueTypeFont.java,,,,,,,,,,,,,,,,,,,,,,,,,7,10,0,4,1,1,6,2,1,1,2,1,1,1,1,1,1,,,,,,0,,1,50,1,1,1,1
Public Method,"org.apache.fontbox.ttf.TrueTypeFont.getHorizontalMetrics()",fontbox/src/main/java/org/apache/fontbox/ttf/TrueTypeFont.java,,,,,,,,,,,,,,,,,,,,,,,,,13,10,0,4,1,1,6,2,1,1,2,1,1,1,1,1,1,,,,,,0,,1,50,1,1,1,1
Public Method,"org.apache.fontbox.ttf.TrueTypeFont.getIndexToLocation()",fontbox/src/main/java/org/apache/fontbox/ttf/TrueTypeFont.java,,,,,,,,,,,,,,,,,,,,,,,,,5,10,0,4,1,1,6,2,1,1,2,1,1,1,1,1,1,,,,,,0,,1,50,1,1,1,1
Public Method,"org.apache.fontbox.ttf.TrueTypeFont.getKerning()",fontbox/src/main/java/org/apache/fontbox/ttf/TrueTypeFont.java,,,,,,,,,,,,,,,,,,,,,,,,,1,10,0,4,1,1,6,2,1,1,2,1,1,1,1,1,1,,,,,,0,,1,50,1,1,1,1
Public Method,"org.apache.fontbox.ttf.TrueTypeFont.getMaximumProfile()",fontbox/src/main/java/org/apache/fontbox/ttf/TrueTypeFont.java,,,,,,,,,,,,,,,,,,,,,,,,,7,10,0,4,1,1,6,2,1,1,2,1,1,1,1,1,1,,,,,,0,,1,50,1,1,1,1
Public Method,"org.apache.fontbox.ttf.TrueTypeFont.getName()",fontbox/src/main/java/org/apache/fontbox/ttf/TrueTypeFont.java,,,,,,,,,,,,,,,,,,,,,,,,,10,13,0,13,3,5,0,3,2,3,5,2,4,2,2,2,1,,,,,,1,,0,00,2,2,2,1
Public Method,"org.apache.fontbox.ttf.TrueTypeFont.getNaming()",fontbox/src/main/java/org/apache/fontbox/ttf/TrueTypeFont.java,,,,,,,,,,,,,,,,,,,,,,,,,6,10,0,4,1,1,6,2,1,1,2,1,1,1,1,1,1,,,,,,0,,1,50,1,1,1,1
Public Method,"org.apache.fontbox.ttf.TrueTypeFont.getNumberOfGlyphs()",fontbox/src/main/java/org/apache/fontbox/ttf/TrueTypeFont.java,,,,,,,,,,,,,,,,,,,,,,,,,17,23,0,16,2,7,7,4,3,4,7,2,6,3,3,3,1,,,,,,2,,0,44,3,3,3,1
Public Method,"org.apache.fontbox.ttf.TrueTypeFont.getOS2Windows()",fontbox/src/main/java/org/apache/fontbox/ttf/TrueTypeFont.java,,,,,,,,,,,,,,,,,,,,,,,,,7,10,0,4,1,1,6,2,1,1,2,1,1,1,1,1,1,,,,,,0,,1,50,1,1,1,1
Public Method,"org.apache.fontbox.ttf.TrueTypeFont.getOriginalData()",fontbox/src/main/java/org/apache/fontbox/ttf/TrueTypeFont.java,,,,,,,,,,,,,,,,,,,,,,,,,5,13,0,4,1,1,9,2,1,1,2,1,1,1,1,1,1,,,,,,0,,2,25,1,1,1,1
Public Method,"org.apache.fontbox.ttf.TrueTypeFont.getOriginalDataSize()",fontbox/src/main/java/org/apache/fontbox/ttf/TrueTypeFont.java,,,,,,,,,,,,,,,,,,,,,,,,,4,10,0,4,1,1,6,2,1,1,2,1,1,1,1,1,1,,,,,,0,,1,50,1,1,1,1
Public Method,"org.apache.fontbox.ttf.TrueTypeFont.getPath(String)",fontbox/src/main/java/org/apache/fontbox/ttf/TrueTypeFont.java,,,,,,,,,,,,,,,,,,,,,,,,,3,17,1,14,4,6,2,6,2,4,6,3,5,2,2,2,1,,,,,,1,,0,14,2,2,2,1
Public Method,"org.apache.fontbox.ttf.TrueTypeFont.getPostScript()",fontbox/src/main/java/org/apache/fontbox/ttf/TrueTypeFont.java,,,,,,,,,,,,,,,,,,,,,,,,,8,10,0,4,1,1,6,2,1,1,2,1,1,1,1,1,1,,,,,,0,,1,50,1,1,1,1
Protected Method,"org.apache.fontbox.ttf.TrueTypeFont.getTable(String)",fontbox/src/main/java/org/apache/fontbox/ttf/TrueTypeFont.java,,,,,,,,,,,,,,,,,,,,,,,,,20,24,0,15,2,6,9,3,3,3,7,2,6,3,3,4,1,,,,,,2,,0,60,3,3,4,1
Public Method,"org.apache.fontbox.ttf.TrueTypeFont.getTableBytes(TTFTable)",fontbox/src/main/java/org/apache/fontbox/ttf/TrueTypeFont.java,,,,,,,,,,,,,,,,,,,,,,,,,6,21,2,11,3,6,8,6,1,5,7,3,6,1,1,1,1,,,,,,0,,0,73,1,1,1,1
Public Method,"org.apache.fontbox.ttf.TrueTypeFont.getTableMap()",fontbox/src/main/java/org/apache/fontbox/ttf/TrueTypeFont.java,,,,,,,,,,,,,,,,,,,,,,,,,4,9,0,4,1,1,5,1,1,1,2,1,1,1,1,1,1,,,,,,0,,1,25,1,1,1,1
Public Method,"org.apache.fontbox.ttf.TrueTypeFont.getTables()",fontbox/src/main/java/org/apache/fontbox/ttf/TrueTypeFont.java,,,,,,,,,,,,,,,,,,,,,,,,,2,9,0,4,1,1,5,2,1,1,2,1,1,1,1,1,1,,,,,,0,,1,25,1,1,1,1
Private Method,"org.apache.fontbox.ttf.TrueTypeFont.getUnicodeCmapImpl(boolean)",fontbox/src/main/java/org/apache/fontbox/ttf/TrueTypeFont.java,,,,,,,,,,,,,,,,,,,,,,,,,10,53,1,49,4,26,3,6,129,11,21,3,20,10,10,10,3,,,,,,2,,0,06,10,10,10,3
Public Method,"org.apache.fontbox.ttf.TrueTypeFont.getUnicodeCmapLookup()",fontbox/src/main/java/org/apache/fontbox/ttf/TrueTypeFont.java,,,,,,,,,,,,,,,,,,,,,,,,,5,12,0,4,1,1,8,2,1,1,2,1,1,1,1,1,1,,,,,,0,,2,00,1,1,1,1
Public Method,"org.apache.fontbox.ttf.TrueTypeFont.getUnicodeCmapLookup(boolean)",fontbox/src/main/java/org/apache/fontbox/ttf/TrueTypeFont.java,,,,,,,,,,,,,,,,,,,,,,,,,7,23,0,14,3,7,9,6,3,4,7,3,6,3,3,3,3,,,,,,2,,0,64,3,3,3,3
Public Method,"org.apache.fontbox.ttf.TrueTypeFont.getUnitsPerEm()",fontbox/src/main/java/org/apache/fontbox/ttf/TrueTypeFont.java,,,,,,,,,,,,,,,,,,,,,,,,,9,23,0,16,2,7,7,4,3,4,7,2,6,3,3,3,1,,,,,,2,,0,44,3,3,3,1
Public Method,"org.apache.fontbox.ttf.TrueTypeFont.getVersion()",fontbox/src/main/java/org/apache/fontbox/ttf/TrueTypeFont.java,,,,,,,,,,,,,,,,,,,,,,,,,1,7,0,4,1,1,3,1,1,1,2,1,1,1,1,1,1,,,,,,0,,0,75,1,1,1,1
Public Method,"org.apache.fontbox.ttf.TrueTypeFont.getVerticalHeader()",fontbox/src/main/java/org/apache/fontbox/ttf/TrueTypeFont.java,,,,,,,,,,,,,,,,,,,,,,,,,4,10,0,4,1,1,6,2,1,1,2,1,1,1,1,1,1,,,,,,0,,1,50,1,1,1,1
Public Method,"org.apache.fontbox.ttf.TrueTypeFont.getVerticalMetrics()",fontbox/src/main/java/org/apache/fontbox/ttf/TrueTypeFont.java,,,,,,,,,,,,,,,,,,,,,,,,,4,10,0,4,1,1,6,2,1,1,2,1,1,1,1,1,1,,,,,,0,,1,50,1,1,1,1
Public Method,"org.apache.fontbox.ttf.TrueTypeFont.getVerticalOrigin()",fontbox/src/main/java/org/apache/fontbox/ttf/TrueTypeFont.java,,,,,,,,,,,,,,,,,,,,,,,,,1,10,0,4,1,1,6,2,1,1,2,1,1,1,1,1,1,,,,,,0,,1,50,1,1,1,1
Public Method,"org.apache.fontbox.ttf.TrueTypeFont.getWidth(String)",fontbox/src/main/java/org/apache/fontbox/ttf/TrueTypeFont.java,,,,,,,,,,,,,,,,,,,,,,,,,1,6,0,6,3,2,0,3,1,2,3,2,2,1,1,1,1,,,,,,0,,0,00,1,1,1,1
Public Method,"org.apache.fontbox.ttf.TrueTypeFont.hasGlyph(String)",fontbox/src/main/java/org/apache/fontbox/ttf/TrueTypeFont.java,,,,,,,,,,,,,,,,,,,,,,,,,2,5,0,5,2,1,0,2,1,1,2,1,1,1,1,1,1,,,,,,0,,0,00,1,1,1,1
Public Method,"org.apache.fontbox.ttf.TrueTypeFont.nameToGID(String)",fontbox/src/main/java/org/apache/fontbox/ttf/TrueTypeFont.java,,,,,,,,,,,,,,,,,,,,,,,,,15,27,2,19,4,10,6,8,5,7,11,4,10,4,4,6,4,,,,,,2,,0,32,4,4,6,4
Private Method,"org.apache.fontbox.ttf.TrueTypeFont.parseUniName(String)",fontbox/src/main/java/org/apache/fontbox/ttf/TrueTypeFont.java,,,,,,,,,,,,,,,,,,,,,,,,,2,33,0,30,5,15,4,9,8,11,17,6,15,6,6,8,4,,,,,,4,,0,13,6,6,8,4
Private Method,"org.apache.fontbox.ttf.TrueTypeFont.readPostScriptNames()",fontbox/src/main/java/org/apache/fontbox/ttf/TrueTypeFont.java,,,,,,,,,,,,,,,,,,,,,,,,,4,30,0,29,4,14,1,6,5,10,16,5,13,6,6,6,1,,,,,,4,,0,03,6,6,6,1
Method,"org.apache.fontbox.ttf.TrueTypeFont.readTable(TTFTable)",fontbox/src/main/java/org/apache/fontbox/ttf/TrueTypeFont.java,,,,,,,,,,,,,,,,,,,,,,,,,4,21,0,10,2,5,11,4,1,4,6,2,5,1,1,1,1,,,,,,0,,1,10,1,1,1,1
Method,"org.apache.fontbox.ttf.TrueTypeFont.setVersion(float)",fontbox/src/main/java/org/apache/fontbox/ttf/TrueTypeFont.java,,,,,,,,,,,,,,,,,,,,,,,,,3,8,0,4,1,1,4,1,1,1,2,1,1,1,1,1,1,,,,,,0,,1,00,1,1,1,1
Public Method,"org.apache.fontbox.ttf.TrueTypeFont.toString()",fontbox/src/main/java/org/apache/fontbox/ttf/TrueTypeFont.java,,,,,,,,,,,,,,,,,,,,,,,,,2,21,0,21,3,9,0,5,3,5,8,2,7,3,3,3,3,,,,,,2,,0,00,3,3,3,3
Class,"org.apache.fontbox.ttf.TrueTypeFontCollectionTest",fontbox/src/test/java/org/apache/fontbox/ttf/TrueTypeFontCollectionTest.java,1,1,1,1,9,0,9,0,1,5,0,,0,0,,,1,0,1,13,1,0,0,0,,12,0,12,5,5,0,,,2,4,3,1,,,,,1,1,1,1,1,0,0,0,00,2,2,2,2
Method,"org.apache.fontbox.ttf.TrueTypeFontCollectionTest.testNumberOfFonts()",fontbox/src/test/java/org/apache/fontbox/ttf/TrueTypeFontCollectionTest.java,,,,,,,,,,,,,,,,,,,,,,,,,1,9,0,9,4,5,0,1,1,2,3,2,1,1,1,1,1,,,,,,0,,0,00,2,2,2,2
Lambda Method,"org.apache.fontbox.ttf.TrueTypeFontCollectionTest.testNumberOfFonts.(lambda_expr_1)()",fontbox/src/test/java/org/apache/fontbox/ttf/TrueTypeFontCollectionTest.java,,,,,,,,,,,,,,,,,,,,,,,,,0,1,0,1,0,1,0,3,1,0,0,0,0,1,1,1,1,,,,,,0,,0,00,1,1,1,1
Public Class,"org.apache.fontbox.ttf.VerticalHeaderTable",fontbox/src/main/java/org/apache/fontbox/ttf/VerticalHeaderTable.java,1,1,1,1,8,0,4,3,1,5,0,,0,1,,,19,17,19,42,2,0,0,17,,195,4,115,39,37,76,,,54,74,38,36,,,,,1,1,1,1,2,0,89,0,66,19,19,19,19
Constructor,"org.apache.fontbox.ttf.VerticalHeaderTable.VerticalHeaderTable(TrueTypeFont)",fontbox/src/main/java/org/apache/fontbox/ttf/VerticalHeaderTable.java,,,,,,,,,,,,,,,,,,,,,,,,,2,4,0,4,1,1,0,2,1,1,2,1,1,1,1,1,1,,,,,,0,,0,00,1,1,1,1
Public Method,"org.apache.fontbox.ttf.VerticalHeaderTable.getAdvanceHeightMax()",fontbox/src/main/java/org/apache/fontbox/ttf/VerticalHeaderTable.java,,,,,,,,,,,,,,,,,,,,,,,,,3,7,0,4,1,1,3,1,1,1,2,1,1,1,1,1,1,,,,,,0,,0,75,1,1,1,1
Public Method,"org.apache.fontbox.ttf.VerticalHeaderTable.getAscender()",fontbox/src/main/java/org/apache/fontbox/ttf/VerticalHeaderTable.java,,,,,,,,,,,,,,,,,,,,,,,,,3,7,0,4,1,1,3,1,1,1,2,1,1,1,1,1,1,,,,,,0,,0,75,1,1,1,1
Public Method,"org.apache.fontbox.ttf.VerticalHeaderTable.getCaretOffset()",fontbox/src/main/java/org/apache/fontbox/ttf/VerticalHeaderTable.java,,,,,,,,,,,,,,,,,,,,,,,,,1,7,0,4,1,1,3,1,1,1,2,1,1,1,1,1,1,,,,,,0,,0,75,1,1,1,1
Public Method,"org.apache.fontbox.ttf.VerticalHeaderTable.getCaretSlopeRise()",fontbox/src/main/java/org/apache/fontbox/ttf/VerticalHeaderTable.java,,,,,,,,,,,,,,,,,,,,,,,,,1,7,0,4,1,1,3,1,1,1,2,1,1,1,1,1,1,,,,,,0,,0,75,1,1,1,1
Public Method,"org.apache.fontbox.ttf.VerticalHeaderTable.getCaretSlopeRun()",fontbox/src/main/java/org/apache/fontbox/ttf/VerticalHeaderTable.java,,,,,,,,,,,,,,,,,,,,,,,,,1,7,0,4,1,1,3,1,1,1,2,1,1,1,1,1,1,,,,,,0,,0,75,1,1,1,1
Public Method,"org.apache.fontbox.ttf.VerticalHeaderTable.getDescender()",fontbox/src/main/java/org/apache/fontbox/ttf/VerticalHeaderTable.java,,,,,,,,,,,,,,,,,,,,,,,,,1,7,0,4,1,1,3,1,1,1,2,1,1,1,1,1,1,,,,,,0,,0,75,1,1,1,1
Public Method,"org.apache.fontbox.ttf.VerticalHeaderTable.getLineGap()",fontbox/src/main/java/org/apache/fontbox/ttf/VerticalHeaderTable.java,,,,,,,,,,,,,,,,,,,,,,,,,1,7,0,4,1,1,3,1,1,1,2,1,1,1,1,1,1,,,,,,0,,0,75,1,1,1,1
Public Method,"org.apache.fontbox.ttf.VerticalHeaderTable.getMetricDataFormat()",fontbox/src/main/java/org/apache/fontbox/ttf/VerticalHeaderTable.java,,,,,,,,,,,,,,,,,,,,,,,,,1,7,0,4,1,1,3,1,1,1,2,1,1,1,1,1,1,,,,,,0,,0,75,1,1,1,1
Public Method,"org.apache.fontbox.ttf.VerticalHeaderTable.getMinBottomSideBearing()",fontbox/src/main/java/org/apache/fontbox/ttf/VerticalHeaderTable.java,,,,,,,,,,,,,,,,,,,,,,,,,1,7,0,4,1,1,3,1,1,1,2,1,1,1,1,1,1,,,,,,0,,0,75,1,1,1,1
Public Method,"org.apache.fontbox.ttf.VerticalHeaderTable.getMinTopSideBearing()",fontbox/src/main/java/org/apache/fontbox/ttf/VerticalHeaderTable.java,,,,,,,,,,,,,,,,,,,,,,,,,1,7,0,4,1,1,3,1,1,1,2,1,1,1,1,1,1,,,,,,0,,0,75,1,1,1,1
Public Method,"org.apache.fontbox.ttf.VerticalHeaderTable.getNumberOfVMetrics()",fontbox/src/main/java/org/apache/fontbox/ttf/VerticalHeaderTable.java,,,,,,,,,,,,,,,,,,,,,,,,,2,7,0,4,1,1,3,1,1,1,2,1,1,1,1,1,1,,,,,,0,,0,75,1,1,1,1
Public Method,"org.apache.fontbox.ttf.VerticalHeaderTable.getReserved1()",fontbox/src/main/java/org/apache/fontbox/ttf/VerticalHeaderTable.java,,,,,,,,,,,,,,,,,,,,,,,,,1,7,0,4,1,1,3,1,1,1,2,1,1,1,1,1,1,,,,,,0,,0,75,1,1,1,1
Public Method,"org.apache.fontbox.ttf.VerticalHeaderTable.getReserved2()",fontbox/src/main/java/org/apache/fontbox/ttf/VerticalHeaderTable.java,,,,,,,,,,,,,,,,,,,,,,,,,1,7,0,4,1,1,3,1,1,1,2,1,1,1,1,1,1,,,,,,0,,0,75,1,1,1,1
Public Method,"org.apache.fontbox.ttf.VerticalHeaderTable.getReserved3()",fontbox/src/main/java/org/apache/fontbox/ttf/VerticalHeaderTable.java,,,,,,,,,,,,,,,,,,,,,,,,,1,7,0,4,1,1,3,1,1,1,2,1,1,1,1,1,1,,,,,,0,,0,75,1,1,1,1
Public Method,"org.apache.fontbox.ttf.VerticalHeaderTable.getReserved4()",fontbox/src/main/java/org/apache/fontbox/ttf/VerticalHeaderTable.java,,,,,,,,,,,,,,,,,,,,,,,,,1,7,0,4,1,1,3,1,1,1,2,1,1,1,1,1,1,,,,,,0,,0,75,1,1,1,1
Public Method,"org.apache.fontbox.ttf.VerticalHeaderTable.getVersion()",fontbox/src/main/java/org/apache/fontbox/ttf/VerticalHeaderTable.java,,,,,,,,,,,,,,,,,,,,,,,,,1,7,0,4,1,1,3,1,1,1,2,1,1,1,1,1,1,,,,,,0,,0,75,1,1,1,1
Public Method,"org.apache.fontbox.ttf.VerticalHeaderTable.getYMaxExtent()",fontbox/src/main/java/org/apache/fontbox/ttf/VerticalHeaderTable.java,,,,,,,,,,,,,,,,,,,,,,,,,1,7,0,4,1,1,3,1,1,1,2,1,1,1,1,1,1,,,,,,0,,0,75,1,1,1,1
Method,"org.apache.fontbox.ttf.VerticalHeaderTable.read(TrueTypeFont,TTFDataStream)",fontbox/src/main/java/org/apache/fontbox/ttf/VerticalHeaderTable.java,,,,,,,,,,,,,,,,,,,,,,,,,1,29,0,22,2,18,7,21,1,18,19,1,18,1,1,1,1,,,,,,0,,0,32,1,1,1,1
Public Class,"org.apache.fontbox.ttf.VerticalMetricsTable",fontbox/src/main/java/org/apache/fontbox/ttf/VerticalMetricsTable.java,3,3,3,1,22,1,16,5,1,6,0,,0,1,,,4,4,4,27,2,0,0,2,,116,10,72,15,32,34,,,30,43,16,29,,,,,7,7,7,1,2,3,43,0,47,12,12,12,4
Constructor,"org.apache.fontbox.ttf.VerticalMetricsTable.VerticalMetricsTable(TrueTypeFont)",fontbox/src/main/java/org/apache/fontbox/ttf/VerticalMetricsTable.java,,,,,,,,,,,,,,,,,,,,,,,,,2,4,0,4,1,1,0,2,1,1,2,1,1,1,1,1,1,,,,,,0,,0,00,1,1,1,1
Public Method,"org.apache.fontbox.ttf.VerticalMetricsTable.getAdvanceHeight(int)",fontbox/src/main/java/org/apache/fontbox/ttf/VerticalMetricsTable.java,,,,,,,,,,,,,,,,,,,,,,,,,7,18,0,11,1,4,7,1,2,2,4,1,3,2,2,2,1,,,,,,1,,0,64,2,2,2,1
Public Method,"org.apache.fontbox.ttf.VerticalMetricsTable.getTopSideBearing(int)",fontbox/src/main/java/org/apache/fontbox/ttf/VerticalMetricsTable.java,,,,,,,,,,,,,,,,,,,,,,,,,6,16,0,11,1,4,5,1,2,2,4,1,3,2,2,2,1,,,,,,1,,0,45,2,2,2,1
Method,"org.apache.fontbox.ttf.VerticalMetricsTable.read(TrueTypeFont,TTFDataStream)",fontbox/src/main/java/org/apache/fontbox/ttf/VerticalMetricsTable.java,,,,,,,,,,,,,,,,,,,,,,,,,3,51,5,38,6,22,8,12,28,20,27,7,22,7,7,7,1,,,,,,3,,0,21,7,7,7,1
Public Class,"org.apache.fontbox.ttf.VerticalOriginTable",fontbox/src/main/java/org/apache/fontbox/ttf/VerticalOriginTable.java,1,1,1,1,12,0,8,4,1,7,0,,0,1,,,4,3,4,27,2,0,0,2,,81,5,41,13,16,35,,,18,25,13,15,,,,,2,2,2,1,2,1,50,0,85,6,6,6,4
Constructor,"org.apache.fontbox.ttf.VerticalOriginTable.VerticalOriginTable(TrueTypeFont)",fontbox/src/main/java/org/apache/fontbox/ttf/VerticalOriginTable.java,,,,,,,,,,,,,,,,,,,,,,,,,2,4,0,4,1,1,0,2,1,1,2,1,1,1,1,1,1,,,,,,0,,0,00,1,1,1,1
Public Method,"org.apache.fontbox.ttf.VerticalOriginTable.getOriginY(int)",fontbox/src/main/java/org/apache/fontbox/ttf/VerticalOriginTable.java,,,,,,,,,,,,,,,,,,,,,,,,,3,18,0,11,1,4,7,3,2,2,4,1,3,2,2,2,1,,,,,,1,,0,64,2,2,2,1
Public Method,"org.apache.fontbox.ttf.VerticalOriginTable.getVersion()",fontbox/src/main/java/org/apache/fontbox/ttf/VerticalOriginTable.java,,,,,,,,,,,,,,,,,,,,,,,,,1,7,0,4,1,1,3,1,1,1,2,1,1,1,1,1,1,,,,,,0,,0,75,1,1,1,1
Method,"org.apache.fontbox.ttf.VerticalOriginTable.read(TrueTypeFont,TTFDataStream)",fontbox/src/main/java/org/apache/fontbox/ttf/VerticalOriginTable.java,,,,,,,,,,,,,,,,,,,,,,,,,2,22,0,15,5,9,7,9,2,10,12,5,10,2,2,2,1,,,,,,1,,0,47,2,2,2,1
Public Final Class,"org.apache.fontbox.ttf.WGL4Names",fontbox/src/main/java/org/apache/fontbox/ttf/WGL4Names.java,1,1,1,1,8,0,4,4,1,5,0,,3,3,,,1,0,4,16,0,1,0,3,,111,7,75,11,52,29,,,12,18,10,8,,,,,2,2,3,1,1,0,0,0,39,5,5,6,4
Private Constructor,"org.apache.fontbox.ttf.WGL4Names.WGL4Names()",fontbox/src/main/java/org/apache/fontbox/ttf/WGL4Names.java,,,,,,,,,,,,,,,,,,,,,,,,,0,3,0,3,1,0,0,1,1,0,1,1,0,1,1,1,1,,,,,,0,,0,00,1,1,1,1
Public Static Method,"org.apache.fontbox.ttf.WGL4Names.getAllNames()",fontbox/src/main/java/org/apache/fontbox/ttf/WGL4Names.java,,,,,,,,,,,,,,,,,,,,,,,,,4,11,0,6,2,3,5,2,1,3,4,2,2,1,1,1,1,,,,,,0,,0,83,1,1,1,1
Public Static Method,"org.apache.fontbox.ttf.WGL4Names.getGlyphIndex(String)",fontbox/src/main/java/org/apache/fontbox/ttf/WGL4Names.java,,,,,,,,,,,,,,,,,,,,,,,,,4,10,0,4,1,1,6,2,1,1,2,1,1,1,1,1,1,,,,,,0,,1,50,1,1,1,1
Public Static Method,"org.apache.fontbox.ttf.WGL4Names.getGlyphName(int)",fontbox/src/main/java/org/apache/fontbox/ttf/WGL4Names.java,,,,,,,,,,,,,,,,,,,,,,,,,5,10,0,4,1,1,6,1,1,1,2,1,1,2,2,3,1,,,,,,0,,1,50,2,2,3,1
Class,"org.apache.fontbox.ttf.WGL4NamesTest",fontbox/src/test/java/org/apache/fontbox/ttf/WGL4NamesTest.java,1,1,1,1,9,0,9,0,1,3,0,,0,0,,,3,0,3,15,3,0,0,0,,35,3,32,8,17,0,,,17,21,5,17,,,,,1,1,1,1,1,0,0,0,00,3,3,3,3
Method,"org.apache.fontbox.ttf.WGL4NamesTest.testAllNames()",fontbox/src/test/java/org/apache/fontbox/ttf/WGL4NamesTest.java,,,,,,,,,,,,,,,,,,,,,,,,,2,7,0,7,3,3,0,3,1,3,4,2,3,1,1,1,1,,,,,,0,,0,00,1,1,1,1
Method,"org.apache.fontbox.ttf.WGL4NamesTest.testGetGlyphName()",fontbox/src/test/java/org/apache/fontbox/ttf/WGL4NamesTest.java,,,,,,,,,,,,,,,,,,,,,,,,,1,11,0,11,2,7,0,3,1,7,8,1,7,1,1,1,1,,,,,,0,,0,00,1,1,1,1
Method,"org.apache.fontbox.ttf.WGL4NamesTest.testGlyphIndices()",fontbox/src/test/java/org/apache/fontbox/ttf/WGL4NamesTest.java,,,,,,,,,,,,,,,,,,,,,,,,,0,11,0,11,2,7,0,3,1,7,8,1,7,1,1,1,1,,,,,,0,,0,00,1,1,1,1
Package,"org.apache.fontbox.ttf.gsub",fontbox/src/main/java/org/apache/fontbox/ttf/gsub/CompoundCharacterTokenizer.java,1,1,1,1,14,1,11,0,,,,12,0,7,10,,52,12,52,,16,24,0,12,,1229,209,746,311,333,274,,,328,460,286,264,,,,,5,5,5,4,,3,,0,37,102,102,103,63
Public Class,"org.apache.fontbox.ttf.gsub.CompoundCharacterTokenizer",fontbox/src/main/java/org/apache/fontbox/ttf/gsub/CompoundCharacterTokenizer.java,1,1,1,1,12,3,9,0,1,8,0,,0,0,,,4,1,4,16,0,1,0,3,,66,17,42,14,20,7,,,18,26,14,19,,,,,4,4,4,1,1,2,25,0,17,7,7,7,4
Public Constructor,"org.apache.fontbox.ttf.gsub.CompoundCharacterTokenizer.CompoundCharacterTokenizer(Set<String>)",fontbox/src/main/java/org/apache/fontbox/ttf/gsub/CompoundCharacterTokenizer.java,,,,,,,,,,,,,,,,,,,,,,,,,10,4,0,4,1,1,0,4,1,1,2,1,1,1,1,1,1,,,,,,0,,0,00,1,1,1,1
Public Constructor,"org.apache.fontbox.ttf.gsub.CompoundCharacterTokenizer.CompoundCharacterTokenizer(String)",fontbox/src/main/java/org/apache/fontbox/ttf/gsub/CompoundCharacterTokenizer.java,,,,,,,,,,,,,,,,,,,,,,,,,2,4,0,4,1,1,0,3,1,1,2,1,1,1,1,1,1,,,,,,0,,0,00,1,1,1,1
Private Method,"org.apache.fontbox.ttf.gsub.CompoundCharacterTokenizer.getRegexFromTokens(Set<String>)",fontbox/src/main/java/org/apache/fontbox/ttf/gsub/CompoundCharacterTokenizer.java,,,,,,,,,,,,,,,,,,,,,,,,,3,6,0,6,2,3,0,4,1,3,4,2,3,1,1,1,1,,,,,,0,,0,00,1,1,1,1
Public Method,"org.apache.fontbox.ttf.gsub.CompoundCharacterTokenizer.tokenize(String)",fontbox/src/main/java/org/apache/fontbox/ttf/gsub/CompoundCharacterTokenizer.java,,,,,,,,,,,,,,,,,,,,,,,,,12,36,12,24,8,15,0,11,6,12,16,8,14,4,4,4,1,,,,,,2,,0,00,4,4,4,1
Class,"org.apache.fontbox.ttf.gsub.CompoundCharacterTokenizerTest",fontbox/src/test/java/org/apache/fontbox/ttf/gsub/CompoundCharacterTokenizerTest.java,1,1,1,1,16,2,10,3,1,6,0,,0,0,,,8,0,8,20,8,0,0,0,,142,30,88,49,53,24,,,43,52,33,35,,,,,1,1,1,1,1,0,0,0,27,8,8,8,8
Method,"org.apache.fontbox.ttf.gsub.CompoundCharacterTokenizerTest.testTokenize_Bangla()",fontbox/src/test/java/org/apache/fontbox/ttf/gsub/CompoundCharacterTokenizerTest.java,,,,,,,,,,,,,,,,,,,,,,,,,0,16,2,11,6,7,3,8,1,6,7,4,5,1,1,1,1,,,,,,0,,0,27,1,1,1,1
Method,"org.apache.fontbox.ttf.gsub.CompoundCharacterTokenizerTest.testTokenize_happyPath_1()",fontbox/src/test/java/org/apache/fontbox/ttf/gsub/CompoundCharacterTokenizerTest.java,,,,,,,,,,,,,,,,,,,,,,,,,0,17,3,11,6,7,3,6,1,5,6,4,4,1,1,1,1,,,,,,0,,0,27,1,1,1,1
Method,"org.apache.fontbox.ttf.gsub.CompoundCharacterTokenizerTest.testTokenize_happyPath_2()",fontbox/src/test/java/org/apache/fontbox/ttf/gsub/CompoundCharacterTokenizerTest.java,,,,,,,,,,,,,,,,,,,,,,,,,0,17,3,11,6,7,3,6,1,5,6,4,4,1,1,1,1,,,,,,0,,0,27,1,1,1,1
Method,"org.apache.fontbox.ttf.gsub.CompoundCharacterTokenizerTest.testTokenize_happyPath_3()",fontbox/src/test/java/org/apache/fontbox/ttf/gsub/CompoundCharacterTokenizerTest.java,,,,,,,,,,,,,,,,,,,,,,,,,0,16,3,10,6,6,3,6,1,5,6,4,4,1,1,1,1,,,,,,0,,0,30,1,1,1,1
Method,"org.apache.fontbox.ttf.gsub.CompoundCharacterTokenizerTest.testTokenize_happyPath_4()",fontbox/src/test/java/org/apache/fontbox/ttf/gsub/CompoundCharacterTokenizerTest.java,,,,,,,,,,,,,,,,,,,,,,,,,0,16,3,10,6,6,3,6,1,5,6,4,4,1,1,1,1,,,,,,0,,0,30,1,1,1,1
Method,"org.apache.fontbox.ttf.gsub.CompoundCharacterTokenizerTest.testTokenize_happyPath_5()",fontbox/src/test/java/org/apache/fontbox/ttf/gsub/CompoundCharacterTokenizerTest.java,,,,,,,,,,,,,,,,,,,,,,,,,0,16,3,10,6,6,3,6,1,5,6,4,4,1,1,1,1,,,,,,0,,0,30,1,1,1,1
Method,"org.apache.fontbox.ttf.gsub.CompoundCharacterTokenizerTest.testTokenize_regexAtEnd()",fontbox/src/test/java/org/apache/fontbox/ttf/gsub/CompoundCharacterTokenizerTest.java,,,,,,,,,,,,,,,,,,,,,,,,,0,17,2,12,6,8,3,9,1,7,8,4,6,1,1,1,1,,,,,,0,,0,25,1,1,1,1
Method,"org.apache.fontbox.ttf.gsub.CompoundCharacterTokenizerTest.testTokenize_regexAtStart()",fontbox/src/test/java/org/apache/fontbox/ttf/gsub/CompoundCharacterTokenizerTest.java,,,,,,,,,,,,,,,,,,,,,,,,,0,15,2,10,6,6,3,7,1,5,6,4,4,1,1,1,1,,,,,,0,,0,30,1,1,1,1
Public Class,"org.apache.fontbox.ttf.gsub.GSUBTablePrintUtil",fontbox/src/test/java/org/apache/fontbox/ttf/gsub/GSUBTablePrintUtil.java,3,3,3,1,24,3,20,0,1,12,0,,0,0,,,4,0,4,16,0,3,0,1,,115,17,86,19,45,12,,,28,51,24,36,,,,,5,5,5,3,1,2,0,0,14,14,14,15,6
Private Method,"org.apache.fontbox.ttf.gsub.GSUBTablePrintUtil.getExplainedUnicodeText(String)",fontbox/src/test/java/org/apache/fontbox/ttf/gsub/GSUBTablePrintUtil.java,,,,,,,,,,,,,,,,,,,,,,,,,2,21,4,17,2,10,0,8,4,8,13,4,10,3,3,3,1,,,,,,1,,0,00,3,3,3,1
Private Method,"org.apache.fontbox.ttf.gsub.GSUBTablePrintUtil.getUnicodeChar(Map<Integer,List<Integer>>,CmapLookup,Integer)",fontbox/src/test/java/org/apache/fontbox/ttf/gsub/GSUBTablePrintUtil.java,,,,,,,,,,,,,,,,,,,,,,,,,4,32,3,28,7,14,1,9,4,8,13,6,10,4,4,5,3,,,,,,2,,0,04,4,4,5,3
Private Method,"org.apache.fontbox.ttf.gsub.GSUBTablePrintUtil.getUnicodeString(Map<Integer,List<Integer>>,CmapLookup,List<Integer>)",fontbox/src/test/java/org/apache/fontbox/ttf/gsub/GSUBTablePrintUtil.java,,,,,,,,,,,,,,,,,,,,,,,,,5,10,0,10,3,4,0,5,2,3,6,3,4,2,2,2,1,,,,,,1,,0,00,2,2,2,1
Public Method,"org.apache.fontbox.ttf.gsub.GSUBTablePrintUtil.printCharacterToGlyph(GsubData,CmapLookup)",fontbox/src/test/java/org/apache/fontbox/ttf/gsub/GSUBTablePrintUtil.java,,,,,,,,,,,,,,,,,,,,,,,,,5,33,5,28,6,17,0,9,9,9,18,10,12,5,5,5,1,,,,,,2,,0,00,5,5,5,1
Public Interface,"org.apache.fontbox.ttf.gsub.GlyphArraySplitter",fontbox/src/main/java/org/apache/fontbox/ttf/gsub/GlyphArraySplitter.java,0,0,0,0,0,0,0,0,0,1,1,,0,0,,,1,0,1,1,1,0,0,0,,6,2,4,2,0,0,,,1,2,2,0,,,,,0,0,0,0,0,0,0,0,00,0,0,0,0
Abstract Method,"org.apache.fontbox.ttf.gsub.GlyphArraySplitter.split(List<Integer>)",fontbox/src/main/java/org/apache/fontbox/ttf/gsub/GlyphArraySplitter.java,,,,,,,,,,,,,,,,,,,,,,,,,5,1,0,1,1,0,0,1,0,1,1,1,0,0,0,0,0,,,,,,0,,0,00,0,0,0,0
Public Class,"org.apache.fontbox.ttf.gsub.GlyphArraySplitterRegexImpl",fontbox/src/main/java/org/apache/fontbox/ttf/gsub/GlyphArraySplitterRegexImpl.java,1,1,1,1,8,0,8,0,2,10,0,,0,1,,,5,1,5,17,0,3,0,2,,61,10,45,15,21,6,,,20,29,15,20,,,,,3,3,3,3,1,2,60,0,13,10,10,10,10
Public Constructor,"org.apache.fontbox.ttf.gsub.GlyphArraySplitterRegexImpl.GlyphArraySplitterRegexImpl(Set<List<Integer>>)",fontbox/src/main/java/org/apache/fontbox/ttf/gsub/GlyphArraySplitterRegexImpl.java,,,,,,,,,,,,,,,,,,,,,,,,,6,4,0,4,1,1,0,4,1,1,2,1,1,1,1,1,1,,,,,,0,,0,00,1,1,1,1
Private Method,"org.apache.fontbox.ttf.gsub.GlyphArraySplitterRegexImpl.convertGlyphIdsToList(String)",fontbox/src/main/java/org/apache/fontbox/ttf/gsub/GlyphArraySplitterRegexImpl.java,,,,,,,,,,,,,,,,,,,,,,,,,3,16,2,14,2,7,0,7,3,5,9,3,7,3,3,3,3,,,,,,2,,0,00,3,3,3,3
Private Method,"org.apache.fontbox.ttf.gsub.GlyphArraySplitterRegexImpl.convertGlyphIdsToString(List<Integer>)",fontbox/src/main/java/org/apache/fontbox/ttf/gsub/GlyphArraySplitterRegexImpl.java,,,,,,,,,,,,,,,,,,,,,,,,,5,7,0,7,2,4,0,5,1,4,5,2,4,1,1,1,1,,,,,,0,,0,00,2,2,2,2
Lambda Method,"org.apache.fontbox.ttf.gsub.GlyphArraySplitterRegexImpl.convertGlyphIdsToString.(lambda_expr_1)(Integer (inferred))",fontbox/src/main/java/org/apache/fontbox/ttf/gsub/GlyphArraySplitterRegexImpl.java,,,,,,,,,,,,,,,,,,,,,,,,,2,1,0,1,0,1,0,3,1,0,0,0,0,1,1,1,1,,,,,,0,,0,00,1,1,1,1
Private Method,"org.apache.fontbox.ttf.gsub.GlyphArraySplitterRegexImpl.getMatchersAsStrings(Set<List<Integer>>)",fontbox/src/main/java/org/apache/fontbox/ttf/gsub/GlyphArraySplitterRegexImpl.java,,,,,,,,,,,,,,,,,,,,,,,,,3,6,0,6,2,3,0,4,1,3,4,2,3,1,1,1,1,,,,,,0,,0,00,2,2,2,2
Lambda Method,"org.apache.fontbox.ttf.gsub.GlyphArraySplitterRegexImpl.getMatchersAsStrings.(lambda_expr_1)(List (inferred))",fontbox/src/main/java/org/apache/fontbox/ttf/gsub/GlyphArraySplitterRegexImpl.java,,,,,,,,,,,,,,,,,,,,,,,,,1,1,0,1,0,1,0,3,1,0,0,0,0,1,1,1,1,,,,,,0,,0,00,1,1,1,1
Public Method,"org.apache.fontbox.ttf.gsub.GlyphArraySplitterRegexImpl.split(List<Integer>)",fontbox/src/main/java/org/apache/fontbox/ttf/gsub/GlyphArraySplitterRegexImpl.java,,,,,,,,,,,,,,,,,,,,,,,,,3,10,1,9,5,5,0,6,1,5,6,4,5,1,1,1,1,,,,,,0,,0,00,2,2,2,2
Lambda Method,"org.apache.fontbox.ttf.gsub.GlyphArraySplitterRegexImpl.split.(lambda_expr_1)(String (inferred))",fontbox/src/main/java/org/apache/fontbox/ttf/gsub/GlyphArraySplitterRegexImpl.java,,,,,,,,,,,,,,,,,,,,,,,,,1,1,0,1,0,1,0,3,1,0,0,0,0,1,1,1,1,,,,,,0,,0,00,1,1,1,1
Class,"org.apache.fontbox.ttf.gsub.GlyphArraySplitterRegexImplTest",fontbox/src/test/java/org/apache/fontbox/ttf/gsub/GlyphArraySplitterRegexImplTest.java,1,1,1,1,16,2,10,3,1,7,0,,0,0,,,4,0,4,16,4,0,0,0,,74,16,46,29,27,12,,,20,25,21,20,,,,,1,1,1,1,1,0,0,0,26,4,4,4,4
Method,"org.apache.fontbox.ttf.gsub.GlyphArraySplitterRegexImplTest.testSplit_1()",fontbox/src/test/java/org/apache/fontbox/ttf/gsub/GlyphArraySplitterRegexImplTest.java,,,,,,,,,,,,,,,,,,,,,,,,,0,16,2,11,7,7,3,5,1,5,6,5,5,1,1,1,1,,,,,,0,,0,27,1,1,1,1
Method,"org.apache.fontbox.ttf.gsub.GlyphArraySplitterRegexImplTest.testSplit_2()",fontbox/src/test/java/org/apache/fontbox/ttf/gsub/GlyphArraySplitterRegexImplTest.java,,,,,,,,,,,,,,,,,,,,,,,,,0,17,3,11,7,7,3,5,1,5,6,5,5,1,1,1,1,,,,,,0,,0,27,1,1,1,1
Method,"org.apache.fontbox.ttf.gsub.GlyphArraySplitterRegexImplTest.testSplit_3()",fontbox/src/test/java/org/apache/fontbox/ttf/gsub/GlyphArraySplitterRegexImplTest.java,,,,,,,,,,,,,,,,,,,,,,,,,0,17,3,11,7,7,3,5,1,5,6,5,5,1,1,1,1,,,,,,0,,0,27,1,1,1,1
Method,"org.apache.fontbox.ttf.gsub.GlyphArraySplitterRegexImplTest.testSplit_4()",fontbox/src/test/java/org/apache/fontbox/ttf/gsub/GlyphArraySplitterRegexImplTest.java,,,,,,,,,,,,,,,,,,,,,,,,,0,16,3,10,7,6,3,5,1,5,6,5,5,1,1,1,1,,,,,,0,,0,30,1,1,1,1
Public Class,"org.apache.fontbox.ttf.gsub.GlyphSubstitutionDataExtractor",fontbox/src/main/java/org/apache/fontbox/ttf/gsub/GlyphSubstitutionDataExtractor.java,3,3,3,1,18,1,16,0,1,29,0,,0,1,,,10,0,10,22,0,9,0,1,,236,37,190,52,82,9,,,53,99,48,69,,,,,5,5,5,4,1,3,0,0,05,31,31,31,13
Private Static Class,"org.apache.fontbox.ttf.gsub.GlyphSubstitutionDataExtractor.ScriptTableDetails",fontbox/src/main/java/org/apache/fontbox/ttf/gsub/GlyphSubstitutionDataExtractor.java,1,1,1,1,4,0,4,0,1,3,0,,0,0,,,4,3,4,16,0,1,0,3,,29,5,24,8,6,0,,,9,14,8,6,,,,,1,1,1,1,1,0,50,0,00,4,4,4,4
Private Constructor,"org.apache.fontbox.ttf.gsub.GlyphSubstitutionDataExtractor.ScriptTableDetails.ScriptTableDetails(Language,String,ScriptTable)",fontbox/src/main/java/org/apache/fontbox/ttf/gsub/GlyphSubstitutionDataExtractor.java,,,,,,,,,,,,,,,,,,,,,,,,,4,6,0,6,1,3,0,4,1,3,4,1,3,1,1,1,1,,,,,,0,,0,00,1,1,1,1
Public Method,"org.apache.fontbox.ttf.gsub.GlyphSubstitutionDataExtractor.ScriptTableDetails.getFeatureName()",fontbox/src/main/java/org/apache/fontbox/ttf/gsub/GlyphSubstitutionDataExtractor.java,,,,,,,,,,,,,,,,,,,,,,,,,2,4,0,4,1,1,0,1,1,1,2,1,1,1,1,1,1,,,,,,0,,0,00,1,1,1,1
Public Method,"org.apache.fontbox.ttf.gsub.GlyphSubstitutionDataExtractor.ScriptTableDetails.getLanguage()",fontbox/src/main/java/org/apache/fontbox/ttf/gsub/GlyphSubstitutionDataExtractor.java,,,,,,,,,,,,,,,,,,,,,,,,,2,4,0,4,1,1,0,1,1,1,2,1,1,1,1,1,1,,,,,,0,,0,00,1,1,1,1
Public Method,"org.apache.fontbox.ttf.gsub.GlyphSubstitutionDataExtractor.ScriptTableDetails.getScriptTable()",fontbox/src/main/java/org/apache/fontbox/ttf/gsub/GlyphSubstitutionDataExtractor.java,,,,,,,,,,,,,,,,,,,,,,,,,2,4,0,4,1,1,0,1,1,1,2,1,1,1,1,1,1,,,,,,0,,0,00,1,1,1,1
Private Method,"org.apache.fontbox.ttf.gsub.GlyphSubstitutionDataExtractor.extractData(Map<List<Integer>,Integer>,LookupTable)",fontbox/src/main/java/org/apache/fontbox/ttf/gsub/GlyphSubstitutionDataExtractor.java,,,,,,,,,,,,,,,,,,,,,,,,,4,29,2,26,2,12,1,6,5,4,10,2,8,5,5,5,1,,,,,,2,,0,04,5,5,5,1
Private Method,"org.apache.fontbox.ttf.gsub.GlyphSubstitutionDataExtractor.extractDataFromLigatureSubstitutionSubstFormat1Table(Map<List<Integer>,Integer>,LookupTypeLigatureSubstitutionSubstFormat1)",fontbox/src/main/java/org/apache/fontbox/ttf/gsub/GlyphSubstitutionDataExtractor.java,,,,,,,,,,,,,,,,,,,,,,,,,3,15,3,12,3,3,0,3,3,1,6,3,3,3,3,3,1,,,,,,2,,0,00,3,3,3,1
Private Method,"org.apache.fontbox.ttf.gsub.GlyphSubstitutionDataExtractor.extractDataFromLigatureTable(Map<List<Integer>,Integer>,LigatureTable)",fontbox/src/main/java/org/apache/fontbox/ttf/gsub/GlyphSubstitutionDataExtractor.java,,,,,,,,,,,,,,,,,,,,,,,,,5,16,3,13,4,7,0,7,2,5,8,4,6,2,2,2,1,,,,,,1,,0,00,2,2,2,1
Private Method,"org.apache.fontbox.ttf.gsub.GlyphSubstitutionDataExtractor.extractDataFromSingleSubstTableFormat1Table(Map<List<Integer>,Integer>,LookupTypeSingleSubstFormat1)",fontbox/src/main/java/org/apache/fontbox/ttf/gsub/GlyphSubstitutionDataExtractor.java,,,,,,,,,,,,,,,,,,,,,,,,,3,13,0,13,6,6,0,6,2,6,8,5,6,2,2,2,1,,,,,,1,,0,00,2,2,2,1
Private Method,"org.apache.fontbox.ttf.gsub.GlyphSubstitutionDataExtractor.extractDataFromSingleSubstTableFormat2Table(Map<List<Integer>,Integer>,LookupTypeSingleSubstFormat2)",fontbox/src/main/java/org/apache/fontbox/ttf/gsub/GlyphSubstitutionDataExtractor.java,,,,,,,,,,,,,,,,,,,,,,,,,4,22,3,19,7,10,0,7,4,7,10,5,8,3,3,3,1,,,,,,1,,0,00,3,3,3,1
Public Method,"org.apache.fontbox.ttf.gsub.GlyphSubstitutionDataExtractor.getGsubData(Map<String,ScriptTable>,FeatureListTable,LookupListTable)",fontbox/src/main/java/org/apache/fontbox/ttf/gsub/GlyphSubstitutionDataExtractor.java,,,,,,,,,,,,,,,,,,,,,,,,,5,28,5,22,5,12,1,11,5,7,12,5,10,4,4,4,1,,,,,,1,,0,05,4,4,4,1
Private Method,"org.apache.fontbox.ttf.gsub.GlyphSubstitutionDataExtractor.getSupportedLanguage(Map<String,ScriptTable>)",fontbox/src/main/java/org/apache/fontbox/ttf/gsub/GlyphSubstitutionDataExtractor.java,,,,,,,,,,,,,,,,,,,,,,,,,2,15,0,15,2,6,0,5,4,3,9,4,6,4,4,4,4,,,,,,3,,0,00,4,4,4,4
Private Method,"org.apache.fontbox.ttf.gsub.GlyphSubstitutionDataExtractor.populateGsubData(Map<String,Map<List<Integer>,Integer>>,FeatureRecord,LookupListTable)",fontbox/src/main/java/org/apache/fontbox/ttf/gsub/GlyphSubstitutionDataExtractor.java,,,,,,,,,,,,,,,,,,,,,,,,,6,20,2,18,4,10,0,10,3,5,9,4,7,3,3,3,1,,,,,,2,,0,00,3,3,3,1
Private Method,"org.apache.fontbox.ttf.gsub.GlyphSubstitutionDataExtractor.populateGsubData(Map<String,Map<List<Integer>,Integer>>,LangSysTable,FeatureListTable,LookupListTable)",fontbox/src/main/java/org/apache/fontbox/ttf/gsub/GlyphSubstitutionDataExtractor.java,,,,,,,,,,,,,,,,,,,,,,,,,6,13,0,13,4,4,0,3,3,2,6,3,4,3,3,3,1,,,,,,2,,0,00,3,3,3,1
Private Method,"org.apache.fontbox.ttf.gsub.GlyphSubstitutionDataExtractor.putNewSubstitutionEntry(Map<List<Integer>,Integer>,int,List<Integer>)",fontbox/src/main/java/org/apache/fontbox/ttf/gsub/GlyphSubstitutionDataExtractor.java,,,,,,,,,,,,,,,,,,,,,,,,,7,12,1,11,5,5,0,3,2,3,5,3,4,2,2,2,1,,,,,,1,,0,00,2,2,2,1
Public Interface,"org.apache.fontbox.ttf.gsub.GsubWorker",fontbox/src/main/java/org/apache/fontbox/ttf/gsub/GsubWorker.java,0,0,0,0,0,0,0,0,0,1,1,,0,0,,,1,0,1,1,1,0,0,0,,10,1,4,2,0,5,,,1,2,2,0,,,,,0,0,0,0,0,0,0,1,25,0,0,0,0
Abstract Method,"org.apache.fontbox.ttf.gsub.GsubWorker.applyTransforms(List<Integer>)",fontbox/src/main/java/org/apache/fontbox/ttf/gsub/GsubWorker.java,,,,,,,,,,,,,,,,,,,,,,,,,15,6,0,1,1,0,5,1,0,1,1,1,0,0,0,0,0,,,,,,0,,5,00,0,0,0,0
Public Class,"org.apache.fontbox.ttf.gsub.GsubWorkerFactory",fontbox/src/main/java/org/apache/fontbox/ttf/gsub/GsubWorkerFactory.java,2,2,2,1,12,1,11,0,1,6,0,,0,0,,,1,0,1,13,0,0,0,1,,23,3,14,2,6,6,,,2,5,2,3,,,,,2,2,2,1,1,1,0,0,43,2,2,2,1
Public Method,"org.apache.fontbox.ttf.gsub.GsubWorkerFactory.getGsubWorker(CmapLookup,GsubData)",fontbox/src/main/java/org/apache/fontbox/ttf/gsub/GsubWorkerFactory.java,,,,,,,,,,,,,,,,,,,,,,,,,5,12,1,11,1,6,0,4,2,2,4,1,3,2,2,2,1,,,,,,1,,0,00,2,2,2,1
Public Class,"org.apache.fontbox.ttf.gsub.GsubWorkerForBengali",fontbox/src/main/java/org/apache/fontbox/ttf/gsub/GsubWorkerForBengali.java,2,2,2,1,15,2,13,0,2,19,0,,0,5,,,9,4,9,21,1,7,0,1,,208,39,149,49,79,20,,,64,91,47,62,,,,,4,4,4,3,1,2,75,0,13,21,21,21,12
Private Static Class,"org.apache.fontbox.ttf.gsub.GsubWorkerForBengali.BeforeAndAfterSpanComponent",fontbox/src/main/java/org/apache/fontbox/ttf/gsub/GsubWorkerForBengali.java,1,1,1,1,7,0,7,0,1,0,0,,0,0,,,1,3,1,13,1,0,0,0,,22,2,12,6,3,8,,,6,8,5,3,,,,,1,1,1,1,1,0,0,0,67,1,1,1,1
Constructor,"org.apache.fontbox.ttf.gsub.GsubWorkerForBengali.BeforeAndAfterSpanComponent.BeforeAndAfterSpanComponent(char,char,char)",fontbox/src/main/java/org/apache/fontbox/ttf/gsub/GsubWorkerForBengali.java,,,,,,,,,,,,,,,,,,,,,,,,,3,7,0,7,2,3,0,4,1,3,4,1,3,1,1,1,1,,,,,,0,,0,00,1,1,1,1
Constructor,"org.apache.fontbox.ttf.gsub.GsubWorkerForBengali.GsubWorkerForBengali(CmapLookup,GsubData)",fontbox/src/main/java/org/apache/fontbox/ttf/gsub/GsubWorkerForBengali.java,,,,,,,,,,,,,,,,,,,,,,,,,3,7,0,7,1,4,0,7,1,4,5,1,4,1,1,1,1,,,,,,0,,0,00,1,1,1,1
Private Method,"org.apache.fontbox.ttf.gsub.GsubWorkerForBengali.applyGsubFeature(ScriptFeature,List<Integer>)",fontbox/src/main/java/org/apache/fontbox/ttf/gsub/GsubWorkerForBengali.java,,,,,,,,,,,,,,,,,,,,,,,,,5,30,6,23,7,14,1,9,1,9,11,5,10,1,1,1,1,,,,,,1,,0,04,3,3,3,2
Lambda Method,"org.apache.fontbox.ttf.gsub.GsubWorkerForBengali.applyGsubFeature.(lambda_expr_1)(List (inferred))",fontbox/src/main/java/org/apache/fontbox/ttf/gsub/GsubWorkerForBengali.java,,,,,,,,,,,,,,,,,,,,,,,,,2,13,0,12,1,6,1,5,2,3,4,1,4,2,2,2,1,,,,,,0,,0,08,2,2,2,1
Public Method,"org.apache.fontbox.ttf.gsub.GsubWorkerForBengali.applyTransforms(List<Integer>)",fontbox/src/main/java/org/apache/fontbox/ttf/gsub/GsubWorkerForBengali.java,,,,,,,,,,,,,,,,,,,,,,,,,4,23,5,18,4,10,0,7,3,7,11,4,8,3,3,3,3,,,,,,2,,0,00,3,3,3,3
Private Method,"org.apache.fontbox.ttf.gsub.GsubWorkerForBengali.getBeforeAndAfterSpanGlyphIds()",fontbox/src/main/java/org/apache/fontbox/ttf/gsub/GsubWorkerForBengali.java,,,,,,,,,,,,,,,,,,,,,,,,,3,13,2,11,2,6,0,5,2,3,6,3,4,2,2,2,1,,,,,,1,,0,00,2,2,2,1
Private Method,"org.apache.fontbox.ttf.gsub.GsubWorkerForBengali.getBeforeHalfGlyphIds()",fontbox/src/main/java/org/apache/fontbox/ttf/gsub/GsubWorkerForBengali.java,,,,,,,,,,,,,,,,,,,,,,,,,5,21,4,17,3,8,0,9,6,5,11,5,8,4,4,4,1,,,,,,2,,0,00,4,4,4,1
Private Method,"org.apache.fontbox.ttf.gsub.GsubWorkerForBengali.getGlyphId(char)",fontbox/src/main/java/org/apache/fontbox/ttf/gsub/GsubWorkerForBengali.java,,,,,,,,,,,,,,,,,,,,,,,,,5,4,0,4,1,1,0,2,1,1,2,1,1,1,1,1,1,,,,,,0,,0,00,1,1,1,1
Private Method,"org.apache.fontbox.ttf.gsub.GsubWorkerForBengali.repositionBeforeAndAfterSpanGlyphIds(List<Integer>)",fontbox/src/main/java/org/apache/fontbox/ttf/gsub/GsubWorkerForBengali.java,,,,,,,,,,,,,,,,,,,,,,,,,5,21,1,20,6,13,0,9,3,10,13,6,11,3,3,3,1,,,,,,2,,0,00,3,3,3,1
Private Method,"org.apache.fontbox.ttf.gsub.GsubWorkerForBengali.repositionBeforeHalfGlyphIds(List<Integer>)",fontbox/src/main/java/org/apache/fontbox/ttf/gsub/GsubWorkerForBengali.java,,,,,,,,,,,,,,,,,,,,,,,,,3,16,1,15,4,8,0,6,3,8,11,5,9,3,3,3,1,,,,,,2,,0,00,3,3,3,1
Private Method,"org.apache.fontbox.ttf.gsub.GsubWorkerForBengali.repositionGlyphs(List<Integer>)",fontbox/src/main/java/org/apache/fontbox/ttf/gsub/GsubWorkerForBengali.java,,,,,,,,,,,,,,,,,,,,,,,,,2,6,0,6,3,3,0,3,1,2,3,2,2,1,1,1,1,,,,,,0,,0,00,1,1,1,1
Package,"org.apache.fontbox.ttf.model",fontbox/src/main/java/org/apache/fontbox/ttf/model/GsubData.java,1,1,1,1,7,0,6,0,,,,6,0,0,5,,31,8,31,,9,1,0,21,,384,54,201,71,61,129,,,72,107,62,46,,,,,10,10,10,10,,2,,0,64,33,33,33,29
Public Interface,"org.apache.fontbox.ttf.model.GsubData",fontbox/src/main/java/org/apache/fontbox/ttf/model/GsubData.java,0,0,0,0,0,0,0,0,0,4,2,,0,0,,,5,1,5,5,5,0,0,0,,56,11,36,8,16,9,,,11,17,12,6,,,,,0,0,0,0,0,0,0,0,25,0,0,0,0
Anonymous Class,"org.apache.fontbox.ttf.model.GsubData.(Anon_1)",fontbox/src/main/java/org/apache/fontbox/ttf/model/GsubData.java,1,1,1,1,5,0,5,0,2,6,0,,0,0,,,5,0,5,17,0,0,0,5,,34,5,26,0,15,3,,,5,10,5,5,,,,,1,1,1,1,1,0,0,0,12,5,5,5,5
Public Method,"org.apache.fontbox.ttf.model.GsubData.(Anon_1).getActiveScriptName()",fontbox/src/main/java/org/apache/fontbox/ttf/model/GsubData.java,,,,,,,,,,,,,,,,,,,,,,,,,0,5,0,5,0,3,0,2,1,1,2,1,1,1,1,1,1,,,,,,0,,0,00,1,1,1,1
Public Method,"org.apache.fontbox.ttf.model.GsubData.(Anon_1).getFeature(String)",fontbox/src/main/java/org/apache/fontbox/ttf/model/GsubData.java,,,,,,,,,,,,,,,,,,,,,,,,,0,5,0,5,0,3,0,2,1,1,2,1,1,1,1,1,1,,,,,,0,,0,00,1,1,1,1
Public Method,"org.apache.fontbox.ttf.model.GsubData.(Anon_1).getLanguage()",fontbox/src/main/java/org/apache/fontbox/ttf/model/GsubData.java,,,,,,,,,,,,,,,,,,,,,,,,,0,5,0,5,0,3,0,2,1,1,2,1,1,1,1,1,1,,,,,,0,,0,00,1,1,1,1
Public Method,"org.apache.fontbox.ttf.model.GsubData.(Anon_1).getSupportedFeatures()",fontbox/src/main/java/org/apache/fontbox/ttf/model/GsubData.java,,,,,,,,,,,,,,,,,,,,,,,,,0,5,0,5,0,3,0,2,1,1,2,1,1,1,1,1,1,,,,,,0,,0,00,1,1,1,1
Public Method,"org.apache.fontbox.ttf.model.GsubData.(Anon_1).isFeatureSupported(String)",fontbox/src/main/java/org/apache/fontbox/ttf/model/GsubData.java,,,,,,,,,,,,,,,,,,,,,,,,,0,5,0,5,0,3,0,2,1,1,2,1,1,1,1,1,1,,,,,,0,,0,00,1,1,1,1
Abstract Method,"org.apache.fontbox.ttf.model.GsubData.getActiveScriptName()",fontbox/src/main/java/org/apache/fontbox/ttf/model/GsubData.java,,,,,,,,,,,,,,,,,,,,,,,,,1,7,0,1,1,0,6,1,0,1,1,1,0,0,0,0,0,,,,,,0,,6,00,0,0,0,0
Abstract Method,"org.apache.fontbox.ttf.model.GsubData.getFeature(String)",fontbox/src/main/java/org/apache/fontbox/ttf/model/GsubData.java,,,,,,,,,,,,,,,,,,,,,,,,,4,1,0,1,1,0,0,1,0,1,1,1,0,0,0,0,0,,,,,,0,,0,00,0,0,0,0
Abstract Method,"org.apache.fontbox.ttf.model.GsubData.getLanguage()",fontbox/src/main/java/org/apache/fontbox/ttf/model/GsubData.java,,,,,,,,,,,,,,,,,,,,,,,,,2,1,0,1,1,0,0,1,0,1,1,1,0,0,0,0,0,,,,,,0,,0,00,0,0,0,0
Abstract Method,"org.apache.fontbox.ttf.model.GsubData.getSupportedFeatures()",fontbox/src/main/java/org/apache/fontbox/ttf/model/GsubData.java,,,,,,,,,,,,,,,,,,,,,,,,,2,1,0,1,1,0,0,1,0,1,1,1,0,0,0,0,0,,,,,,0,,0,00,0,0,0,0
Abstract Method,"org.apache.fontbox.ttf.model.GsubData.isFeatureSupported(String)",fontbox/src/main/java/org/apache/fontbox/ttf/model/GsubData.java,,,,,,,,,,,,,,,,,,,,,,,,,2,1,0,1,1,0,0,1,0,1,1,1,0,0,0,0,0,,,,,,0,,0,00,0,0,0,0
Public Enum Type,"org.apache.fontbox.ttf.model.Language",fontbox/src/main/java/org/apache/fontbox/ttf/model/Language.java,0,0,0,0,3,0,2,1,1,1,0,,0,0,,,4,2,4,30,0,1,0,3,,32,5,13,5,2,14,,,4,6,4,2,,,,,1,1,1,1,1,0,,1,08,2,2,2,2
Private Constructor,"org.apache.fontbox.ttf.model.Language.Language(String[])",fontbox/src/main/java/org/apache/fontbox/ttf/model/Language.java,,,,,,,,,,,,,,,,,,,,,,,,,1,4,0,4,1,1,0,2,1,1,2,1,1,1,1,1,1,,,,,,0,,0,00,1,1,1,1
Public Method,"org.apache.fontbox.ttf.model.Language.getScriptNames()",fontbox/src/main/java/org/apache/fontbox/ttf/model/Language.java,,,,,,,,,,,,,,,,,,,,,,,,,2,9,0,4,1,1,5,1,1,1,2,1,1,1,1,1,1,,,,,,0,,1,25,1,1,1,1
Public Implicit Method,"org.apache.fontbox.ttf.model.Language.valueOf()",fontbox/src/main/java/org/apache/fontbox/ttf/model/Language.java,,,,,,,,,,,,,,,,,,,,,,,,,,,,,,,,,,,,,,,,,,,,,,,,,0,00,0,0,0,0
Public Implicit Method,"org.apache.fontbox.ttf.model.Language.values()",fontbox/src/main/java/org/apache/fontbox/ttf/model/Language.java,,,,,,,,,,,,,,,,,,,,,,,,,,,,,,,,,,,,,,,,,,,,,,,,,0,00,0,0,0,0
Public Class,"org.apache.fontbox.ttf.model.MapBackedGsubData",fontbox/src/main/java/org/apache/fontbox/ttf/model/MapBackedGsubData.java,1,1,1,1,6,0,6,0,2,8,0,,0,0,,,6,3,6,18,0,0,0,6,,59,9,43,16,11,7,,,12,20,10,10,,,,,2,2,2,1,1,1,55,0,16,7,7,7,6
Public Constructor,"org.apache.fontbox.ttf.model.MapBackedGsubData.MapBackedGsubData(Language,String,Map<String,Map<List<Integer>,Integer>>)",fontbox/src/main/java/org/apache/fontbox/ttf/model/MapBackedGsubData.java,,,,,,,,,,,,,,,,,,,,,,,,,4,7,0,7,2,3,0,4,1,3,4,1,3,1,1,1,1,,,,,,0,,0,00,1,1,1,1
Public Method,"org.apache.fontbox.ttf.model.MapBackedGsubData.getActiveScriptName()",fontbox/src/main/java/org/apache/fontbox/ttf/model/MapBackedGsubData.java,,,,,,,,,,,,,,,,,,,,,,,,,1,5,0,5,2,1,0,1,1,1,2,1,1,1,1,1,1,,,,,,0,,0,00,1,1,1,1
Public Method,"org.apache.fontbox.ttf.model.MapBackedGsubData.getFeature(String)",fontbox/src/main/java/org/apache/fontbox/ttf/model/MapBackedGsubData.java,,,,,,,,,,,,,,,,,,,,,,,,,2,11,1,10,2,4,0,5,2,2,4,1,3,2,2,2,1,,,,,,1,,0,00,2,2,2,1
Public Method,"org.apache.fontbox.ttf.model.MapBackedGsubData.getLanguage()",fontbox/src/main/java/org/apache/fontbox/ttf/model/MapBackedGsubData.java,,,,,,,,,,,,,,,,,,,,,,,,,1,5,0,5,2,1,0,1,1,1,2,1,1,1,1,1,1,,,,,,0,,0,00,1,1,1,1
Public Method,"org.apache.fontbox.ttf.model.MapBackedGsubData.getSupportedFeatures()",fontbox/src/main/java/org/apache/fontbox/ttf/model/MapBackedGsubData.java,,,,,,,,,,,,,,,,,,,,,,,,,1,5,0,5,2,1,0,2,1,1,2,1,1,1,1,1,1,,,,,,0,,0,00,1,1,1,1
Public Method,"org.apache.fontbox.ttf.model.MapBackedGsubData.isFeatureSupported(String)",fontbox/src/main/java/org/apache/fontbox/ttf/model/MapBackedGsubData.java,,,,,,,,,,,,,,,,,,,,,,,,,3,5,0,5,2,1,0,2,1,1,2,1,1,1,1,1,1,,,,,,0,,0,00,1,1,1,1
Public Class,"org.apache.fontbox.ttf.model.MapBackedScriptFeature",fontbox/src/main/java/org/apache/fontbox/ttf/model/MapBackedScriptFeature.java,2,2,2,2,11,0,11,0,2,7,0,,0,0,,,7,2,7,19,0,0,0,7,,99,8,84,19,32,7,,,23,41,13,28,,,,,10,10,10,10,1,2,28,0,08,19,19,19,16
Public Constructor,"org.apache.fontbox.ttf.model.MapBackedScriptFeature.MapBackedScriptFeature(String,Map<List<Integer>,Integer>)",fontbox/src/main/java/org/apache/fontbox/ttf/model/MapBackedScriptFeature.java,,,,,,,,,,,,,,,,,,,,,,,,,4,5,0,5,1,2,0,3,1,2,3,1,2,1,1,1,1,,,,,,0,,0,00,1,1,1,1
Public Method,"org.apache.fontbox.ttf.model.MapBackedScriptFeature.canReplaceGlyphs(List<Integer>)",fontbox/src/main/java/org/apache/fontbox/ttf/model/MapBackedScriptFeature.java,,,,,,,,,,,,,,,,,,,,,,,,,3,5,0,5,2,1,0,2,1,1,2,1,1,1,1,1,1,,,,,,0,,0,00,1,1,1,1
Public Method,"org.apache.fontbox.ttf.model.MapBackedScriptFeature.equals(Object)",fontbox/src/main/java/org/apache/fontbox/ttf/model/MapBackedScriptFeature.java,,,,,,,,,,,,,,,,,,,,,,,,,3,40,0,40,3,18,0,4,13,9,19,2,17,10,10,10,10,,,,,,2,,0,00,10,10,10,10
Public Method,"org.apache.fontbox.ttf.model.MapBackedScriptFeature.getAllGlyphIdsForSubstitution()",fontbox/src/main/java/org/apache/fontbox/ttf/model/MapBackedScriptFeature.java,,,,,,,,,,,,,,,,,,,,,,,,,1,5,0,5,2,1,0,2,1,1,2,1,1,1,1,1,1,,,,,,0,,0,00,1,1,1,1
Public Method,"org.apache.fontbox.ttf.model.MapBackedScriptFeature.getName()",fontbox/src/main/java/org/apache/fontbox/ttf/model/MapBackedScriptFeature.java,,,,,,,,,,,,,,,,,,,,,,,,,1,5,0,5,2,1,0,1,1,1,2,1,1,1,1,1,1,,,,,,0,,0,00,1,1,1,1
Public Method,"org.apache.fontbox.ttf.model.MapBackedScriptFeature.getReplacementForGlyphs(List<Integer>)",fontbox/src/main/java/org/apache/fontbox/ttf/model/MapBackedScriptFeature.java,,,,,,,,,,,,,,,,,,,,,,,,,2,10,0,10,2,4,0,5,2,2,4,1,3,2,2,2,1,,,,,,1,,0,00,2,2,2,1
Public Method,"org.apache.fontbox.ttf.model.MapBackedScriptFeature.hashCode()",fontbox/src/main/java/org/apache/fontbox/ttf/model/MapBackedScriptFeature.java,,,,,,,,,,,,,,,,,,,,,,,,,2,9,0,9,4,5,0,3,1,5,6,3,3,3,3,3,1,,,,,,0,,0,00,3,3,3,1
Public Interface,"org.apache.fontbox.ttf.model.ScriptFeature",fontbox/src/main/java/org/apache/fontbox/ttf/model/ScriptFeature.java,0,0,0,0,0,0,0,0,0,4,1,,0,0,,,4,0,4,4,4,0,0,0,,12,5,7,5,0,0,,,4,5,5,0,,,,,0,0,0,0,0,0,0,0,00,0,0,0,0
Abstract Method,"org.apache.fontbox.ttf.model.ScriptFeature.canReplaceGlyphs(List<Integer>)",fontbox/src/main/java/org/apache/fontbox/ttf/model/ScriptFeature.java,,,,,,,,,,,,,,,,,,,,,,,,,1,1,0,1,1,0,0,1,0,1,1,1,0,0,0,0,0,,,,,,0,,0,00,0,0,0,0
Abstract Method,"org.apache.fontbox.ttf.model.ScriptFeature.getAllGlyphIdsForSubstitution()",fontbox/src/main/java/org/apache/fontbox/ttf/model/ScriptFeature.java,,,,,,,,,,,,,,,,,,,,,,,,,3,1,0,1,1,0,0,1,0,1,1,1,0,0,0,0,0,,,,,,0,,0,00,0,0,0,0
Abstract Method,"org.apache.fontbox.ttf.model.ScriptFeature.getName()",fontbox/src/main/java/org/apache/fontbox/ttf/model/ScriptFeature.java,,,,,,,,,,,,,,,,,,,,,,,,,0,1,0,1,1,0,0,1,0,1,1,1,0,0,0,0,0,,,,,,0,,0,00,0,0,0,0
Abstract Method,"org.apache.fontbox.ttf.model.ScriptFeature.getReplacementForGlyphs(List<Integer>)",fontbox/src/main/java/org/apache/fontbox/ttf/model/ScriptFeature.java,,,,,,,,,,,,,,,,,,,,,,,,,3,1,0,1,1,0,0,1,0,1,1,1,0,0,0,0,0,,,,,,0,,0,00,0,0,0,0
Package,"org.apache.fontbox.ttf.table",,0,0,0,0,0,0,0,0,,,,0,0,0,0,,0,0,0,,0,0,0,0,,0,0,0,0,0,0,,,0,0,0,0,,,,,0,0,0,0,,0,,0,00,0,0,0,0
Package,"org.apache.fontbox.ttf.table.common",fontbox/src/main/java/org/apache/fontbox/ttf/table/common/CoverageTable.java,1,1,1,1,4,0,4,0,,,,14,1,0,14,,64,31,65,,0,1,0,64,,831,105,394,147,93,332,,,141,220,133,90,,,,,4,4,4,1,,2,,0,84,64,64,64,61
Public Abstract Class,"org.apache.fontbox.ttf.table.common.CoverageTable",fontbox/src/main/java/org/apache/fontbox/ttf/table/common/CoverageTable.java,1,1,1,1,4,0,4,0,1,0,1,,0,0,,,5,1,5,17,0,0,0,5,,27,5,14,7,2,8,,,6,9,7,2,,,,,1,1,1,1,1,0,0,0,57,2,2,2,2
Public Constructor,"org.apache.fontbox.ttf.table.common.CoverageTable.CoverageTable(int)",fontbox/src/main/java/org/apache/fontbox/ttf/table/common/CoverageTable.java,,,,,,,,,,,,,,,,,,,,,,,,,2,4,0,4,1,1,0,2,1,1,2,1,1,1,1,1,1,,,,,,0,,0,00,1,1,1,1
Public Method,"org.apache.fontbox.ttf.table.common.CoverageTable.getCoverageFormat()",fontbox/src/main/java/org/apache/fontbox/ttf/table/common/CoverageTable.java,,,,,,,,,,,,,,,,,,,,,,,,,3,4,0,4,1,1,0,1,1,1,2,1,1,1,1,1,1,,,,,,0,,0,00,1,1,1,1
Public Abstract Method,"org.apache.fontbox.ttf.table.common.CoverageTable.getCoverageIndex(int)",fontbox/src/main/java/org/apache/fontbox/ttf/table/common/CoverageTable.java,,,,,,,,,,,,,,,,,,,,,,,,,1,1,0,1,1,0,0,1,0,1,1,1,0,0,0,0,0,,,,,,0,,0,00,0,0,0,0
Public Abstract Method,"org.apache.fontbox.ttf.table.common.CoverageTable.getGlyphId(int)",fontbox/src/main/java/org/apache/fontbox/ttf/table/common/CoverageTable.java,,,,,,,,,,,,,,,,,,,,,,,,,3,1,0,1,1,0,0,1,0,1,1,1,0,0,0,0,0,,,,,,0,,0,00,0,0,0,0
Public Abstract Method,"org.apache.fontbox.ttf.table.common.CoverageTable.getSize()",fontbox/src/main/java/org/apache/fontbox/ttf/table/common/CoverageTable.java,,,,,,,,,,,,,,,,,,,,,,,,,3,1,0,1,1,0,0,1,0,1,1,1,0,0,0,0,0,,,,,,0,,0,00,0,0,0,0
Public Class,"org.apache.fontbox.ttf.table.common.CoverageTableFormat1",fontbox/src/main/java/org/apache/fontbox/ttf/table/common/CoverageTableFormat1.java,1,1,1,1,5,0,5,0,1,3,1,,0,0,,,6,1,6,23,0,0,0,6,,48,7,33,12,8,8,,,8,15,8,7,,,,,1,1,1,1,2,0,0,0,24,6,6,6,6
Public Constructor,"org.apache.fontbox.ttf.table.common.CoverageTableFormat1.CoverageTableFormat1(int,int[])",fontbox/src/main/java/org/apache/fontbox/ttf/table/common/CoverageTableFormat1.java,,,,,,,,,,,,,,,,,,,,,,,,,4,5,0,5,1,2,0,3,1,2,3,1,2,1,1,1,1,,,,,,0,,0,00,1,1,1,1
Public Method,"org.apache.fontbox.ttf.table.common.CoverageTableFormat1.getCoverageIndex(int)",fontbox/src/main/java/org/apache/fontbox/ttf/table/common/CoverageTableFormat1.java,,,,,,,,,,,,,,,,,,,,,,,,,2,5,0,5,2,1,0,2,1,1,2,1,1,1,1,1,1,,,,,,0,,0,00,1,1,1,1
Public Method,"org.apache.fontbox.ttf.table.common.CoverageTableFormat1.getGlyphArray()",fontbox/src/main/java/org/apache/fontbox/ttf/table/common/CoverageTableFormat1.java,,,,,,,,,,,,,,,,,,,,,,,,,1,4,0,4,1,1,0,1,1,1,2,1,1,1,1,1,1,,,,,,0,,0,00,1,1,1,1
Public Method,"org.apache.fontbox.ttf.table.common.CoverageTableFormat1.getGlyphId(int)",fontbox/src/main/java/org/apache/fontbox/ttf/table/common/CoverageTableFormat1.java,,,,,,,,,,,,,,,,,,,,,,,,,2,5,0,5,2,1,0,1,1,1,2,1,1,1,1,1,1,,,,,,0,,0,00,1,1,1,1
Public Method,"org.apache.fontbox.ttf.table.common.CoverageTableFormat1.getSize()",fontbox/src/main/java/org/apache/fontbox/ttf/table/common/CoverageTableFormat1.java,,,,,,,,,,,,,,,,,,,,,,,,,2,5,0,5,2,1,0,1,1,1,2,1,1,1,1,1,1,,,,,,0,,0,00,1,1,1,1
Public Method,"org.apache.fontbox.ttf.table.common.CoverageTableFormat1.toString()",fontbox/src/main/java/org/apache/fontbox/ttf/table/common/CoverageTableFormat1.java,,,,,,,,,,,,,,,,,,,,,,,,,1,6,0,6,2,2,0,4,1,1,2,1,1,1,1,1,1,,,,,,0,,0,00,1,1,1,1
Public Class,"org.apache.fontbox.ttf.table.common.CoverageTableFormat2",fontbox/src/main/java/org/apache/fontbox/ttf/table/common/CoverageTableFormat2.java,1,1,1,1,8,1,7,0,1,5,0,,1,0,,,3,1,4,27,0,1,0,3,,51,8,35,9,12,8,,,14,23,11,15,,,,,4,4,4,1,3,2,50,0,23,7,7,7,4
Public Constructor,"org.apache.fontbox.ttf.table.common.CoverageTableFormat2.CoverageTableFormat2(int,RangeRecord[])",fontbox/src/main/java/org/apache/fontbox/ttf/table/common/CoverageTableFormat2.java,,,,,,,,,,,,,,,,,,,,,,,,,3,5,0,5,1,2,0,4,1,2,3,1,2,1,1,1,1,,,,,,0,,0,00,1,1,1,1
Public Method,"org.apache.fontbox.ttf.table.common.CoverageTableFormat2.getRangeRecords()",fontbox/src/main/java/org/apache/fontbox/ttf/table/common/CoverageTableFormat2.java,,,,,,,,,,,,,,,,,,,,,,,,,1,4,0,4,1,1,0,1,1,1,2,1,1,1,1,1,1,,,,,,0,,0,00,1,1,1,1
Private Static Method,"org.apache.fontbox.ttf.table.common.CoverageTableFormat2.getRangeRecordsAsArray(RangeRecord[])",fontbox/src/main/java/org/apache/fontbox/ttf/table/common/CoverageTableFormat2.java,,,,,,,,,,,,,,,,,,,,,,,,,3,21,4,17,3,8,0,7,6,9,14,6,11,4,4,4,1,,,,,,2,,0,00,4,4,4,1
Public Method,"org.apache.fontbox.ttf.table.common.CoverageTableFormat2.toString()",fontbox/src/main/java/org/apache/fontbox/ttf/table/common/CoverageTableFormat2.java,,,,,,,,,,,,,,,,,,,,,,,,,0,5,0,5,2,1,0,3,1,1,2,1,1,1,1,1,1,,,,,,0,,0,00,1,1,1,1
Public Class,"org.apache.fontbox.ttf.table.common.FeatureListTable",fontbox/src/main/java/org/apache/fontbox/ttf/table/common/FeatureListTable.java,1,1,1,1,4,0,4,0,1,4,0,,0,0,,,4,2,4,16,0,0,0,4,,37,5,24,8,6,8,,,7,12,7,5,,,,,1,1,1,1,1,0,37,0,33,4,4,4,4
Public Constructor,"org.apache.fontbox.ttf.table.common.FeatureListTable.FeatureListTable(int,FeatureRecord[])",fontbox/src/main/java/org/apache/fontbox/ttf/table/common/FeatureListTable.java,,,,,,,,,,,,,,,,,,,,,,,,,3,5,0,5,1,2,0,3,1,2,3,1,2,1,1,1,1,,,,,,0,,0,00,1,1,1,1
Public Method,"org.apache.fontbox.ttf.table.common.FeatureListTable.getFeatureCount()",fontbox/src/main/java/org/apache/fontbox/ttf/table/common/FeatureListTable.java,,,,,,,,,,,,,,,,,,,,,,,,,1,4,0,4,1,1,0,1,1,1,2,1,1,1,1,1,1,,,,,,0,,0,00,1,1,1,1
Public Method,"org.apache.fontbox.ttf.table.common.FeatureListTable.getFeatureRecords()",fontbox/src/main/java/org/apache/fontbox/ttf/table/common/FeatureListTable.java,,,,,,,,,,,,,,,,,,,,,,,,,3,4,0,4,1,1,0,1,1,1,2,1,1,1,1,1,1,,,,,,0,,0,00,1,1,1,1
Public Method,"org.apache.fontbox.ttf.table.common.FeatureListTable.toString()",fontbox/src/main/java/org/apache/fontbox/ttf/table/common/FeatureListTable.java,,,,,,,,,,,,,,,,,,,,,,,,,1,6,0,6,2,2,0,3,1,1,2,1,1,1,1,1,1,,,,,,0,,0,00,1,1,1,1
Public Class,"org.apache.fontbox.ttf.table.common.FeatureRecord",fontbox/src/main/java/org/apache/fontbox/ttf/table/common/FeatureRecord.java,1,1,1,1,4,0,4,0,1,3,0,,0,0,,,4,2,4,16,0,0,0,4,,35,4,23,8,5,8,,,7,12,7,5,,,,,1,1,1,1,1,0,37,0,35,4,4,4,4
Public Constructor,"org.apache.fontbox.ttf.table.common.FeatureRecord.FeatureRecord(String,FeatureTable)",fontbox/src/main/java/org/apache/fontbox/ttf/table/common/FeatureRecord.java,,,,,,,,,,,,,,,,,,,,,,,,,3,5,0,5,1,2,0,3,1,2,3,1,2,1,1,1,1,,,,,,0,,0,00,1,1,1,1
Public Method,"org.apache.fontbox.ttf.table.common.FeatureRecord.getFeatureTable()",fontbox/src/main/java/org/apache/fontbox/ttf/table/common/FeatureRecord.java,,,,,,,,,,,,,,,,,,,,,,,,,3,4,0,4,1,1,0,1,1,1,2,1,1,1,1,1,1,,,,,,0,,0,00,1,1,1,1
Public Method,"org.apache.fontbox.ttf.table.common.FeatureRecord.getFeatureTag()",fontbox/src/main/java/org/apache/fontbox/ttf/table/common/FeatureRecord.java,,,,,,,,,,,,,,,,,,,,,,,,,7,4,0,4,1,1,0,1,1,1,2,1,1,1,1,1,1,,,,,,0,,0,00,1,1,1,1
Public Method,"org.apache.fontbox.ttf.table.common.FeatureRecord.toString()",fontbox/src/main/java/org/apache/fontbox/ttf/table/common/FeatureRecord.java,,,,,,,,,,,,,,,,,,,,,,,,,1,5,0,5,2,1,0,2,1,1,2,1,1,1,1,1,1,,,,,,0,,0,00,1,1,1,1
Public Class,"org.apache.fontbox.ttf.table.common.FeatureTable",fontbox/src/main/java/org/apache/fontbox/ttf/table/common/FeatureTable.java,1,1,1,1,4,0,4,0,1,2,0,,0,0,,,5,3,5,17,0,0,0,5,,42,5,29,10,7,8,,,10,16,9,7,,,,,1,1,1,1,1,0,53,0,28,5,5,5,5
Public Constructor,"org.apache.fontbox.ttf.table.common.FeatureTable.FeatureTable(int,int,int[])",fontbox/src/main/java/org/apache/fontbox/ttf/table/common/FeatureTable.java,,,,,,,,,,,,,,,,,,,,,,,,,4,6,0,6,1,3,0,4,1,3,4,1,3,1,1,1,1,,,,,,0,,0,00,1,1,1,1
Public Method,"org.apache.fontbox.ttf.table.common.FeatureTable.getFeatureParams()",fontbox/src/main/java/org/apache/fontbox/ttf/table/common/FeatureTable.java,,,,,,,,,,,,,,,,,,,,,,,,,1,4,0,4,1,1,0,1,1,1,2,1,1,1,1,1,1,,,,,,0,,0,00,1,1,1,1
Public Method,"org.apache.fontbox.ttf.table.common.FeatureTable.getLookupIndexCount()",fontbox/src/main/java/org/apache/fontbox/ttf/table/common/FeatureTable.java,,,,,,,,,,,,,,,,,,,,,,,,,1,4,0,4,1,1,0,1,1,1,2,1,1,1,1,1,1,,,,,,0,,0,00,1,1,1,1
Public Method,"org.apache.fontbox.ttf.table.common.FeatureTable.getLookupListIndices()",fontbox/src/main/java/org/apache/fontbox/ttf/table/common/FeatureTable.java,,,,,,,,,,,,,,,,,,,,,,,,,3,4,0,4,1,1,0,1,1,1,2,1,1,1,1,1,1,,,,,,0,,0,00,1,1,1,1
Public Method,"org.apache.fontbox.ttf.table.common.FeatureTable.toString()",fontbox/src/main/java/org/apache/fontbox/ttf/table/common/FeatureTable.java,,,,,,,,,,,,,,,,,,,,,,,,,2,5,0,5,2,1,0,2,1,1,2,1,1,1,1,1,1,,,,,,0,,0,00,1,1,1,1
Public Class,"org.apache.fontbox.ttf.table.common.LangSysRecord",fontbox/src/main/java/org/apache/fontbox/ttf/table/common/LangSysRecord.java,1,1,1,1,4,0,4,0,1,3,0,,0,0,,,4,2,4,16,0,0,0,4,,34,4,23,8,5,7,,,7,12,7,5,,,,,1,1,1,1,1,0,37,0,30,4,4,4,4
Public Constructor,"org.apache.fontbox.ttf.table.common.LangSysRecord.LangSysRecord(String,LangSysTable)",fontbox/src/main/java/org/apache/fontbox/ttf/table/common/LangSysRecord.java,,,,,,,,,,,,,,,,,,,,,,,,,3,5,0,5,1,2,0,3,1,2,3,1,2,1,1,1,1,,,,,,0,,0,00,1,1,1,1
Public Method,"org.apache.fontbox.ttf.table.common.LangSysRecord.getLangSysTable()",fontbox/src/main/java/org/apache/fontbox/ttf/table/common/LangSysRecord.java,,,,,,,,,,,,,,,,,,,,,,,,,2,4,0,4,1,1,0,1,1,1,2,1,1,1,1,1,1,,,,,,0,,0,00,1,1,1,1
Public Method,"org.apache.fontbox.ttf.table.common.LangSysRecord.getLangSysTag()",fontbox/src/main/java/org/apache/fontbox/ttf/table/common/LangSysRecord.java,,,,,,,,,,,,,,,,,,,,,,,,,2,4,0,4,1,1,0,1,1,1,2,1,1,1,1,1,1,,,,,,0,,0,00,1,1,1,1
Public Method,"org.apache.fontbox.ttf.table.common.LangSysRecord.toString()",fontbox/src/main/java/org/apache/fontbox/ttf/table/common/LangSysRecord.java,,,,,,,,,,,,,,,,,,,,,,,,,1,5,0,5,2,1,0,2,1,1,2,1,1,1,1,1,1,,,,,,0,,0,00,1,1,1,1
Public Class,"org.apache.fontbox.ttf.table.common.LangSysTable",fontbox/src/main/java/org/apache/fontbox/ttf/table/common/LangSysTable.java,1,1,1,1,4,0,4,0,1,2,0,,0,0,,,6,4,6,18,0,0,0,6,,49,6,36,13,9,7,,,13,20,11,9,,,,,1,1,1,1,1,0,62,0,19,6,6,6,6
Public Constructor,"org.apache.fontbox.ttf.table.common.LangSysTable.LangSysTable(int,int,int,int[])",fontbox/src/main/java/org/apache/fontbox/ttf/table/common/LangSysTable.java,,,,,,,,,,,,,,,,,,,,,,,,,5,8,0,8,2,4,0,5,1,4,5,1,4,1,1,1,1,,,,,,0,,0,00,1,1,1,1
Public Method,"org.apache.fontbox.ttf.table.common.LangSysTable.getFeatureIndexCount()",fontbox/src/main/java/org/apache/fontbox/ttf/table/common/LangSysTable.java,,,,,,,,,,,,,,,,,,,,,,,,,1,4,0,4,1,1,0,1,1,1,2,1,1,1,1,1,1,,,,,,0,,0,00,1,1,1,1
Public Method,"org.apache.fontbox.ttf.table.common.LangSysTable.getFeatureIndices()",fontbox/src/main/java/org/apache/fontbox/ttf/table/common/LangSysTable.java,,,,,,,,,,,,,,,,,,,,,,,,,3,4,0,4,1,1,0,1,1,1,2,1,1,1,1,1,1,,,,,,0,,0,00,1,1,1,1
Public Method,"org.apache.fontbox.ttf.table.common.LangSysTable.getLookupOrder()",fontbox/src/main/java/org/apache/fontbox/ttf/table/common/LangSysTable.java,,,,,,,,,,,,,,,,,,,,,,,,,1,4,0,4,1,1,0,1,1,1,2,1,1,1,1,1,1,,,,,,0,,0,00,1,1,1,1
Public Method,"org.apache.fontbox.ttf.table.common.LangSysTable.getRequiredFeatureIndex()",fontbox/src/main/java/org/apache/fontbox/ttf/table/common/LangSysTable.java,,,,,,,,,,,,,,,,,,,,,,,,,2,4,0,4,1,1,0,1,1,1,2,1,1,1,1,1,1,,,,,,0,,0,00,1,1,1,1
Public Method,"org.apache.fontbox.ttf.table.common.LangSysTable.toString()",fontbox/src/main/java/org/apache/fontbox/ttf/table/common/LangSysTable.java,,,,,,,,,,,,,,,,,,,,,,,,,1,5,0,5,2,1,0,2,1,1,2,1,1,1,1,1,1,,,,,,0,,0,00,1,1,1,1
Public Class,"org.apache.fontbox.ttf.table.common.LookupListTable",fontbox/src/main/java/org/apache/fontbox/ttf/table/common/LookupListTable.java,1,1,1,1,4,0,4,0,1,4,0,,0,0,,,4,2,4,16,0,0,0,4,,36,4,24,8,6,8,,,7,12,7,5,,,,,1,1,1,1,1,0,37,0,33,4,4,4,4
Public Constructor,"org.apache.fontbox.ttf.table.common.LookupListTable.LookupListTable(int,LookupTable[])",fontbox/src/main/java/org/apache/fontbox/ttf/table/common/LookupListTable.java,,,,,,,,,,,,,,,,,,,,,,,,,3,5,0,5,1,2,0,3,1,2,3,1,2,1,1,1,1,,,,,,0,,0,00,1,1,1,1
Public Method,"org.apache.fontbox.ttf.table.common.LookupListTable.getLookupCount()",fontbox/src/main/java/org/apache/fontbox/ttf/table/common/LookupListTable.java,,,,,,,,,,,,,,,,,,,,,,,,,1,4,0,4,1,1,0,1,1,1,2,1,1,1,1,1,1,,,,,,0,,0,00,1,1,1,1
Public Method,"org.apache.fontbox.ttf.table.common.LookupListTable.getLookups()",fontbox/src/main/java/org/apache/fontbox/ttf/table/common/LookupListTable.java,,,,,,,,,,,,,,,,,,,,,,,,,3,4,0,4,1,1,0,1,1,1,2,1,1,1,1,1,1,,,,,,0,,0,00,1,1,1,1
Public Method,"org.apache.fontbox.ttf.table.common.LookupListTable.toString()",fontbox/src/main/java/org/apache/fontbox/ttf/table/common/LookupListTable.java,,,,,,,,,,,,,,,,,,,,,,,,,1,6,0,6,2,2,0,3,1,1,2,1,1,1,1,1,1,,,,,,0,,0,00,1,1,1,1
Public Abstract Class,"org.apache.fontbox.ttf.table.common.LookupSubTable",fontbox/src/main/java/org/apache/fontbox/ttf/table/common/LookupSubTable.java,1,1,1,1,4,0,4,0,1,1,3,,0,0,,,4,2,4,16,0,0,0,4,,30,4,18,7,4,8,,,7,11,7,4,,,,,1,1,1,1,1,0,33,0,44,3,3,3,3
Public Constructor,"org.apache.fontbox.ttf.table.common.LookupSubTable.LookupSubTable(int,CoverageTable)",fontbox/src/main/java/org/apache/fontbox/ttf/table/common/LookupSubTable.java,,,,,,,,,,,,,,,,,,,,,,,,,5,5,0,5,1,2,0,3,1,2,3,1,2,1,1,1,1,,,,,,0,,0,00,1,1,1,1
Public Abstract Method,"org.apache.fontbox.ttf.table.common.LookupSubTable.doSubstitution(int,int)",fontbox/src/main/java/org/apache/fontbox/ttf/table/common/LookupSubTable.java,,,,,,,,,,,,,,,,,,,,,,,,,1,1,0,1,1,0,0,1,0,1,1,1,0,0,0,0,0,,,,,,0,,0,00,0,0,0,0
Public Method,"org.apache.fontbox.ttf.table.common.LookupSubTable.getCoverageTable()",fontbox/src/main/java/org/apache/fontbox/ttf/table/common/LookupSubTable.java,,,,,,,,,,,,,,,,,,,,,,,,,4,4,0,4,1,1,0,1,1,1,2,1,1,1,1,1,1,,,,,,0,,0,00,1,1,1,1
Public Method,"org.apache.fontbox.ttf.table.common.LookupSubTable.getSubstFormat()",fontbox/src/main/java/org/apache/fontbox/ttf/table/common/LookupSubTable.java,,,,,,,,,,,,,,,,,,,,,,,,,4,4,0,4,1,1,0,1,1,1,2,1,1,1,1,1,1,,,,,,0,,0,00,1,1,1,1
Public Class,"org.apache.fontbox.ttf.table.common.LookupTable",fontbox/src/main/java/org/apache/fontbox/ttf/table/common/LookupTable.java,1,1,1,1,5,0,5,0,1,3,0,,0,0,,,6,4,6,18,0,0,0,6,,51,6,37,13,10,8,,,13,20,11,9,,,,,1,1,1,1,1,0,54,0,22,6,6,6,6
Public Constructor,"org.apache.fontbox.ttf.table.common.LookupTable.LookupTable(int,int,int,LookupSubTable[])",fontbox/src/main/java/org/apache/fontbox/ttf/table/common/LookupTable.java,,,,,,,,,,,,,,,,,,,,,,,,,5,8,0,8,2,4,0,5,1,4,5,1,4,1,1,1,1,,,,,,0,,0,00,1,1,1,1
Public Method,"org.apache.fontbox.ttf.table.common.LookupTable.getLookupFlag()",fontbox/src/main/java/org/apache/fontbox/ttf/table/common/LookupTable.java,,,,,,,,,,,,,,,,,,,,,,,,,1,4,0,4,1,1,0,1,1,1,2,1,1,1,1,1,1,,,,,,0,,0,00,1,1,1,1
Public Method,"org.apache.fontbox.ttf.table.common.LookupTable.getLookupType()",fontbox/src/main/java/org/apache/fontbox/ttf/table/common/LookupTable.java,,,,,,,,,,,,,,,,,,,,,,,,,2,4,0,4,1,1,0,1,1,1,2,1,1,1,1,1,1,,,,,,0,,0,00,1,1,1,1
Public Method,"org.apache.fontbox.ttf.table.common.LookupTable.getMarkFilteringSet()",fontbox/src/main/java/org/apache/fontbox/ttf/table/common/LookupTable.java,,,,,,,,,,,,,,,,,,,,,,,,,1,4,0,4,1,1,0,1,1,1,2,1,1,1,1,1,1,,,,,,0,,0,00,1,1,1,1
Public Method,"org.apache.fontbox.ttf.table.common.LookupTable.getSubTables()",fontbox/src/main/java/org/apache/fontbox/ttf/table/common/LookupTable.java,,,,,,,,,,,,,,,,,,,,,,,,,3,4,0,4,1,1,0,1,1,1,2,1,1,1,1,1,1,,,,,,0,,0,00,1,1,1,1
Public Method,"org.apache.fontbox.ttf.table.common.LookupTable.toString()",fontbox/src/main/java/org/apache/fontbox/ttf/table/common/LookupTable.java,,,,,,,,,,,,,,,,,,,,,,,,,3,6,0,6,2,2,0,2,1,1,2,1,1,1,1,1,1,,,,,,0,,0,00,1,1,1,1
Public Class,"org.apache.fontbox.ttf.table.common.RangeRecord",fontbox/src/main/java/org/apache/fontbox/ttf/table/common/RangeRecord.java,1,1,1,1,4,0,4,0,1,2,0,,0,0,,,5,3,5,17,0,0,0,5,,42,5,29,10,8,8,,,10,16,9,7,,,,,1,1,1,1,1,0,40,0,28,5,5,5,5
Public Constructor,"org.apache.fontbox.ttf.table.common.RangeRecord.RangeRecord(int,int,int)",fontbox/src/main/java/org/apache/fontbox/ttf/table/common/RangeRecord.java,,,,,,,,,,,,,,,,,,,,,,,,,4,6,0,6,1,3,0,4,1,3,4,1,3,1,1,1,1,,,,,,0,,0,00,1,1,1,1
Public Method,"org.apache.fontbox.ttf.table.common.RangeRecord.getEndGlyphID()",fontbox/src/main/java/org/apache/fontbox/ttf/table/common/RangeRecord.java,,,,,,,,,,,,,,,,,,,,,,,,,2,4,0,4,1,1,0,1,1,1,2,1,1,1,1,1,1,,,,,,0,,0,00,1,1,1,1
Public Method,"org.apache.fontbox.ttf.table.common.RangeRecord.getStartCoverageIndex()",fontbox/src/main/java/org/apache/fontbox/ttf/table/common/RangeRecord.java,,,,,,,,,,,,,,,,,,,,,,,,,1,4,0,4,1,1,0,1,1,1,2,1,1,1,1,1,1,,,,,,0,,0,00,1,1,1,1
Public Method,"org.apache.fontbox.ttf.table.common.RangeRecord.getStartGlyphID()",fontbox/src/main/java/org/apache/fontbox/ttf/table/common/RangeRecord.java,,,,,,,,,,,,,,,,,,,,,,,,,2,4,0,4,1,1,0,1,1,1,2,1,1,1,1,1,1,,,,,,0,,0,00,1,1,1,1
Public Method,"org.apache.fontbox.ttf.table.common.RangeRecord.toString()",fontbox/src/main/java/org/apache/fontbox/ttf/table/common/RangeRecord.java,,,,,,,,,,,,,,,,,,,,,,,,,3,6,0,6,2,2,0,2,1,1,2,1,1,1,1,1,1,,,,,,0,,0,00,1,1,1,1
Public Class,"org.apache.fontbox.ttf.table.common.ScriptRecord",fontbox/src/main/java/org/apache/fontbox/ttf/table/common/ScriptRecord.java,1,1,1,1,4,0,4,0,1,3,0,,0,0,,,4,2,4,16,0,0,0,4,,34,4,23,8,5,7,,,7,12,7,5,,,,,1,1,1,1,1,0,37,0,30,4,4,4,4
Public Constructor,"org.apache.fontbox.ttf.table.common.ScriptRecord.ScriptRecord(String,ScriptTable)",fontbox/src/main/java/org/apache/fontbox/ttf/table/common/ScriptRecord.java,,,,,,,,,,,,,,,,,,,,,,,,,3,5,0,5,1,2,0,3,1,2,3,1,2,1,1,1,1,,,,,,0,,0,00,1,1,1,1
Public Method,"org.apache.fontbox.ttf.table.common.ScriptRecord.getScriptTable()",fontbox/src/main/java/org/apache/fontbox/ttf/table/common/ScriptRecord.java,,,,,,,,,,,,,,,,,,,,,,,,,2,4,0,4,1,1,0,1,1,1,2,1,1,1,1,1,1,,,,,,0,,0,00,1,1,1,1
Public Method,"org.apache.fontbox.ttf.table.common.ScriptRecord.getScriptTag()",fontbox/src/main/java/org/apache/fontbox/ttf/table/common/ScriptRecord.java,,,,,,,,,,,,,,,,,,,,,,,,,2,4,0,4,1,1,0,1,1,1,2,1,1,1,1,1,1,,,,,,0,,0,00,1,1,1,1
Public Method,"org.apache.fontbox.ttf.table.common.ScriptRecord.toString()",fontbox/src/main/java/org/apache/fontbox/ttf/table/common/ScriptRecord.java,,,,,,,,,,,,,,,,,,,,,,,,,1,5,0,5,2,1,0,2,1,1,2,1,1,1,1,1,1,,,,,,0,,0,00,1,1,1,1
Public Class,"org.apache.fontbox.ttf.table.common.ScriptTable",fontbox/src/main/java/org/apache/fontbox/ttf/table/common/ScriptTable.java,1,1,1,1,4,0,4,0,1,4,0,,0,0,,,4,2,4,16,0,0,0,4,,34,4,23,8,6,7,,,7,12,7,5,,,,,1,1,1,1,1,0,25,0,30,4,4,4,4
Public Constructor,"org.apache.fontbox.ttf.table.common.ScriptTable.ScriptTable(LangSysTable,Map<String,LangSysTable>)",fontbox/src/main/java/org/apache/fontbox/ttf/table/common/ScriptTable.java,,,,,,,,,,,,,,,,,,,,,,,,,3,5,0,5,1,2,0,3,1,2,3,1,2,1,1,1,1,,,,,,0,,0,00,1,1,1,1
Public Method,"org.apache.fontbox.ttf.table.common.ScriptTable.getDefaultLangSysTable()",fontbox/src/main/java/org/apache/fontbox/ttf/table/common/ScriptTable.java,,,,,,,,,,,,,,,,,,,,,,,,,3,4,0,4,1,1,0,1,1,1,2,1,1,1,1,1,1,,,,,,0,,0,00,1,1,1,1
Public Method,"org.apache.fontbox.ttf.table.common.ScriptTable.getLangSysTables()",fontbox/src/main/java/org/apache/fontbox/ttf/table/common/ScriptTable.java,,,,,,,,,,,,,,,,,,,,,,,,,3,4,0,4,1,1,0,1,1,1,2,1,1,1,1,1,1,,,,,,0,,0,00,1,1,1,1
Public Method,"org.apache.fontbox.ttf.table.common.ScriptTable.toString()",fontbox/src/main/java/org/apache/fontbox/ttf/table/common/ScriptTable.java,,,,,,,,,,,,,,,,,,,,,,,,,2,6,0,6,2,2,0,3,1,1,2,1,1,1,1,1,1,,,,,,0,,0,00,1,1,1,1
Package,"org.apache.fontbox.ttf.table.gsub",fontbox/src/main/java/org/apache/fontbox/ttf/table/gsub/LigatureSetTable.java,1,1,1,1,5,0,5,0,,,,5,0,0,5,,21,8,21,,0,0,0,21,,312,35,142,57,33,135,,,47,73,46,27,,,,,2,2,2,1,,0,,0,95,23,23,23,21
Public Class,"org.apache.fontbox.ttf.table.gsub.LigatureSetTable",fontbox/src/main/java/org/apache/fontbox/ttf/table/gsub/LigatureSetTable.java,1,1,1,1,4,0,4,0,1,4,0,,0,0,,,4,2,4,16,0,0,0,4,,39,4,24,8,6,11,,,7,12,7,5,,,,,1,1,1,1,1,0,37,0,46,4,4,4,4
Public Constructor,"org.apache.fontbox.ttf.table.gsub.LigatureSetTable.LigatureSetTable(int,LigatureTable[])",fontbox/src/main/java/org/apache/fontbox/ttf/table/gsub/LigatureSetTable.java,,,,,,,,,,,,,,,,,,,,,,,,,3,5,0,5,1,2,0,3,1,2,3,1,2,1,1,1,1,,,,,,0,,0,00,1,1,1,1
Public Method,"org.apache.fontbox.ttf.table.gsub.LigatureSetTable.getLigatureCount()",fontbox/src/main/java/org/apache/fontbox/ttf/table/gsub/LigatureSetTable.java,,,,,,,,,,,,,,,,,,,,,,,,,1,4,0,4,1,1,0,1,1,1,2,1,1,1,1,1,1,,,,,,0,,0,00,1,1,1,1
Public Method,"org.apache.fontbox.ttf.table.gsub.LigatureSetTable.getLigatureTables()",fontbox/src/main/java/org/apache/fontbox/ttf/table/gsub/LigatureSetTable.java,,,,,,,,,,,,,,,,,,,,,,,,,2,4,0,4,1,1,0,1,1,1,2,1,1,1,1,1,1,,,,,,0,,0,00,1,1,1,1
Public Method,"org.apache.fontbox.ttf.table.gsub.LigatureSetTable.toString()",fontbox/src/main/java/org/apache/fontbox/ttf/table/gsub/LigatureSetTable.java,,,,,,,,,,,,,,,,,,,,,,,,,1,6,0,6,2,2,0,3,1,1,2,1,1,1,1,1,1,,,,,,0,,0,00,1,1,1,1
Public Class,"org.apache.fontbox.ttf.table.gsub.LigatureTable",fontbox/src/main/java/org/apache/fontbox/ttf/table/gsub/LigatureTable.java,1,1,1,1,4,0,4,0,1,3,0,,0,0,,,5,3,5,17,0,0,0,5,,46,5,30,10,8,11,,,10,16,9,7,,,,,1,1,1,1,1,0,46,0,37,5,5,5,5
Public Constructor,"org.apache.fontbox.ttf.table.gsub.LigatureTable.LigatureTable(int,int,int[])",fontbox/src/main/java/org/apache/fontbox/ttf/table/gsub/LigatureTable.java,,,,,,,,,,,,,,,,,,,,,,,,,4,6,0,6,1,3,0,4,1,3,4,1,3,1,1,1,1,,,,,,0,,0,00,1,1,1,1
Public Method,"org.apache.fontbox.ttf.table.gsub.LigatureTable.getComponentCount()",fontbox/src/main/java/org/apache/fontbox/ttf/table/gsub/LigatureTable.java,,,,,,,,,,,,,,,,,,,,,,,,,1,4,0,4,1,1,0,1,1,1,2,1,1,1,1,1,1,,,,,,0,,0,00,1,1,1,1
Public Method,"org.apache.fontbox.ttf.table.gsub.LigatureTable.getComponentGlyphIDs()",fontbox/src/main/java/org/apache/fontbox/ttf/table/gsub/LigatureTable.java,,,,,,,,,,,,,,,,,,,,,,,,,2,4,0,4,1,1,0,1,1,1,2,1,1,1,1,1,1,,,,,,0,,0,00,1,1,1,1
Public Method,"org.apache.fontbox.ttf.table.gsub.LigatureTable.getLigatureGlyph()",fontbox/src/main/java/org/apache/fontbox/ttf/table/gsub/LigatureTable.java,,,,,,,,,,,,,,,,,,,,,,,,,2,4,0,4,1,1,0,1,1,1,2,1,1,1,1,1,1,,,,,,0,,0,00,1,1,1,1
Public Method,"org.apache.fontbox.ttf.table.gsub.LigatureTable.toString()",fontbox/src/main/java/org/apache/fontbox/ttf/table/gsub/LigatureTable.java,,,,,,,,,,,,,,,,,,,,,,,,,2,6,0,6,2,2,0,3,1,1,2,1,1,1,1,1,1,,,,,,0,,0,00,1,1,1,1
Public Class,"org.apache.fontbox.ttf.table.gsub.LookupTypeLigatureSubstitutionSubstFormat1",fontbox/src/main/java/org/apache/fontbox/ttf/table/gsub/LookupTypeLigatureSubstitutionSubstFormat1.java,1,1,1,1,5,0,5,0,1,6,0,,0,0,,,4,1,4,20,0,0,0,4,,39,4,24,9,6,11,,,6,11,6,5,,,,,1,1,1,1,2,0,50,0,46,4,4,4,4
Public Constructor,"org.apache.fontbox.ttf.table.gsub.LookupTypeLigatureSubstitutionSubstFormat1.LookupTypeLigatureSubstitutionSubstFormat1(int,CoverageTable,LigatureSetTable[])",fontbox/src/main/java/org/apache/fontbox/ttf/table/gsub/LookupTypeLigatureSubstitutionSubstFormat1.java,,,,,,,,,,,,,,,,,,,,,,,,,4,6,0,6,2,2,0,3,1,2,3,1,2,1,1,1,1,,,,,,0,,0,00,1,1,1,1
Public Method,"org.apache.fontbox.ttf.table.gsub.LookupTypeLigatureSubstitutionSubstFormat1.doSubstitution(int,int)",fontbox/src/main/java/org/apache/fontbox/ttf/table/gsub/LookupTypeLigatureSubstitutionSubstFormat1.java,,,,,,,,,,,,,,,,,,,,,,,,,0,5,0,5,2,1,0,2,1,1,2,1,1,1,1,1,1,,,,,,0,,0,00,1,1,1,1
Public Method,"org.apache.fontbox.ttf.table.gsub.LookupTypeLigatureSubstitutionSubstFormat1.getLigatureSetTables()",fontbox/src/main/java/org/apache/fontbox/ttf/table/gsub/LookupTypeLigatureSubstitutionSubstFormat1.java,,,,,,,,,,,,,,,,,,,,,,,,,2,4,0,4,1,1,0,1,1,1,2,1,1,1,1,1,1,,,,,,0,,0,00,1,1,1,1
Public Method,"org.apache.fontbox.ttf.table.gsub.LookupTypeLigatureSubstitutionSubstFormat1.toString()",fontbox/src/main/java/org/apache/fontbox/ttf/table/gsub/LookupTypeLigatureSubstitutionSubstFormat1.java,,,,,,,,,,,,,,,,,,,,,,,,,0,6,0,6,2,2,0,4,1,1,2,1,1,1,1,1,1,,,,,,0,,0,00,1,1,1,1
Public Class,"org.apache.fontbox.ttf.table.gsub.LookupTypeSingleSubstFormat1",fontbox/src/main/java/org/apache/fontbox/ttf/table/gsub/LookupTypeSingleSubstFormat1.java,1,1,1,1,5,0,5,0,1,3,0,,0,0,,,4,1,4,20,0,0,0,4,,40,4,25,9,6,11,,,6,11,6,5,,,,,2,2,2,1,2,0,0,0,44,5,5,5,4
Public Constructor,"org.apache.fontbox.ttf.table.gsub.LookupTypeSingleSubstFormat1.LookupTypeSingleSubstFormat1(int,CoverageTable,short)",fontbox/src/main/java/org/apache/fontbox/ttf/table/gsub/LookupTypeSingleSubstFormat1.java,,,,,,,,,,,,,,,,,,,,,,,,,4,6,0,6,2,2,0,3,1,2,3,1,2,1,1,1,1,,,,,,0,,0,00,1,1,1,1
Public Method,"org.apache.fontbox.ttf.table.gsub.LookupTypeSingleSubstFormat1.doSubstitution(int,int)",fontbox/src/main/java/org/apache/fontbox/ttf/table/gsub/LookupTypeSingleSubstFormat1.java,,,,,,,,,,,,,,,,,,,,,,,,,3,5,0,5,2,1,0,1,1,1,2,1,1,2,2,2,1,,,,,,0,,0,00,2,2,2,1
Public Method,"org.apache.fontbox.ttf.table.gsub.LookupTypeSingleSubstFormat1.getDeltaGlyphID()",fontbox/src/main/java/org/apache/fontbox/ttf/table/gsub/LookupTypeSingleSubstFormat1.java,,,,,,,,,,,,,,,,,,,,,,,,,2,4,0,4,1,1,0,1,1,1,2,1,1,1,1,1,1,,,,,,0,,0,00,1,1,1,1
Public Method,"org.apache.fontbox.ttf.table.gsub.LookupTypeSingleSubstFormat1.toString()",fontbox/src/main/java/org/apache/fontbox/ttf/table/gsub/LookupTypeSingleSubstFormat1.java,,,,,,,,,,,,,,,,,,,,,,,,,1,6,0,6,2,2,0,3,1,1,2,1,1,1,1,1,1,,,,,,0,,0,00,1,1,1,1
Public Class,"org.apache.fontbox.ttf.table.gsub.LookupTypeSingleSubstFormat2",fontbox/src/main/java/org/apache/fontbox/ttf/table/gsub/LookupTypeSingleSubstFormat2.java,1,1,1,1,5,0,5,0,1,4,0,,0,0,,,4,1,4,20,0,0,0,4,,40,4,25,9,7,11,,,6,11,6,5,,,,,2,2,2,1,2,0,0,0,44,5,5,5,4
Public Constructor,"org.apache.fontbox.ttf.table.gsub.LookupTypeSingleSubstFormat2.LookupTypeSingleSubstFormat2(int,CoverageTable,int[])",fontbox/src/main/java/org/apache/fontbox/ttf/table/gsub/LookupTypeSingleSubstFormat2.java,,,,,,,,,,,,,,,,,,,,,,,,,4,6,0,6,2,2,0,3,1,2,3,1,2,1,1,1,1,,,,,,0,,0,00,1,1,1,1
Public Method,"org.apache.fontbox.ttf.table.gsub.LookupTypeSingleSubstFormat2.doSubstitution(int,int)",fontbox/src/main/java/org/apache/fontbox/ttf/table/gsub/LookupTypeSingleSubstFormat2.java,,,,,,,,,,,,,,,,,,,,,,,,,3,5,0,5,2,1,0,1,1,1,2,1,1,2,2,2,1,,,,,,0,,0,00,2,2,2,1
Public Method,"org.apache.fontbox.ttf.table.gsub.LookupTypeSingleSubstFormat2.getSubstituteGlyphIDs()",fontbox/src/main/java/org/apache/fontbox/ttf/table/gsub/LookupTypeSingleSubstFormat2.java,,,,,,,,,,,,,,,,,,,,,,,,,2,4,0,4,1,1,0,1,1,1,2,1,1,1,1,1,1,,,,,,0,,0,00,1,1,1,1
Public Method,"org.apache.fontbox.ttf.table.gsub.LookupTypeSingleSubstFormat2.toString()",fontbox/src/main/java/org/apache/fontbox/ttf/table/gsub/LookupTypeSingleSubstFormat2.java,,,,,,,,,,,,,,,,,,,,,,,,,1,7,0,7,2,3,0,4,1,1,2,1,1,1,1,1,1,,,,,,0,,0,00,1,1,1,1
Package,"org.apache.fontbox.type1",fontbox/src/main/java/org/apache/fontbox/type1/DamagedFontException.java,2,2,3,1,19,0,14,4,,,,8,3,15,7,,99,58,102,,11,33,0,58,,2445,201,1615,328,878,635,,,733,981,323,744,,,,,22,22,24,20,,6,,0,39,290,240,331,177
Public Class,"org.apache.fontbox.type1.DamagedFontException",fontbox/src/main/java/org/apache/fontbox/type1/DamagedFontException.java,1,1,1,1,4,0,4,0,1,1,0,,0,0,,,1,0,1,48,0,0,0,1,,12,0,7,2,1,5,,,1,3,2,1,,,,,1,1,1,1,1,0,0,0,71,1,1,1,1
Public Constructor,"org.apache.fontbox.type1.DamagedFontException.DamagedFontException(String)",fontbox/src/main/java/org/apache/fontbox/type1/DamagedFontException.java,,,,,,,,,,,,,,,,,,,,,,,,,2,4,0,4,1,1,0,2,1,1,2,1,1,1,1,1,1,,,,,,0,,0,00,1,1,1,1
Class,"org.apache.fontbox.type1.Token",fontbox/src/main/java/org/apache/fontbox/type1/Token.java,1,1,1,1,7,0,5,2,1,5,0,,0,12,,,10,3,10,22,3,0,0,7,,120,12,76,33,28,32,,,29,42,27,15,,,,,2,2,2,1,1,1,50,0,42,11,11,11,10
Enum Type,"org.apache.fontbox.type1.Token.Kind",fontbox/src/main/java/org/apache/fontbox/type1/Token.java,0,0,0,0,0,0,0,0,1,1,0,,0,0,,,2,13,2,28,0,0,0,2,,12,0,8,6,0,4,,,0,1,1,0,,,,,0,0,0,0,1,0,,0,50,0,0,0,0
Public Implicit Method,"org.apache.fontbox.type1.Token.Kind.valueOf()",fontbox/src/main/java/org/apache/fontbox/type1/Token.java,,,,,,,,,,,,,,,,,,,,,,,,,,,,,,,,,,,,,,,,,,,,,,,,,0,00,0,0,0,0
Public Implicit Method,"org.apache.fontbox.type1.Token.Kind.values()",fontbox/src/main/java/org/apache/fontbox/type1/Token.java,,,,,,,,,,,,,,,,,,,,,,,,,,,,,,,,,,,,,,,,,,,,,,,,,0,00,0,0,0,0
Constructor,"org.apache.fontbox.type1.Token.Token(String,Kind)",fontbox/src/main/java/org/apache/fontbox/type1/Token.java,,,,,,,,,,,,,,,,,,,,,,,,,5,10,0,5,1,2,5,3,1,2,3,1,2,1,1,1,1,,,,,,0,,1,00,1,1,1,1
Constructor,"org.apache.fontbox.type1.Token.Token(byte[],Kind)",fontbox/src/main/java/org/apache/fontbox/type1/Token.java,,,,,,,,,,,,,,,,,,,,,,,,,3,11,0,5,1,2,6,3,1,2,3,1,2,1,1,1,1,,,,,,0,,1,20,1,1,1,1
Constructor,"org.apache.fontbox.type1.Token.Token(char,Kind)",fontbox/src/main/java/org/apache/fontbox/type1/Token.java,,,,,,,,,,,,,,,,,,,,,,,,,3,10,0,5,1,2,5,4,1,2,3,1,2,1,1,1,1,,,,,,0,,1,00,1,1,1,1
Public Method,"org.apache.fontbox.type1.Token.booleanValue()",fontbox/src/main/java/org/apache/fontbox/type1/Token.java,,,,,,,,,,,,,,,,,,,,,,,,,3,4,0,4,1,1,0,2,1,1,2,1,1,1,1,1,1,,,,,,0,,0,00,1,1,1,1
Public Method,"org.apache.fontbox.type1.Token.floatValue()",fontbox/src/main/java/org/apache/fontbox/type1/Token.java,,,,,,,,,,,,,,,,,,,,,,,,,6,4,0,4,1,1,0,2,1,1,2,1,1,1,1,1,1,,,,,,0,,0,00,1,1,1,1
Public Method,"org.apache.fontbox.type1.Token.getData()",fontbox/src/main/java/org/apache/fontbox/type1/Token.java,,,,,,,,,,,,,,,,,,,,,,,,,4,4,0,4,1,1,0,1,1,1,2,1,1,1,1,1,1,,,,,,0,,0,00,1,1,1,1
Public Method,"org.apache.fontbox.type1.Token.getKind()",fontbox/src/main/java/org/apache/fontbox/type1/Token.java,,,,,,,,,,,,,,,,,,,,,,,,,12,4,0,4,1,1,0,1,1,1,2,1,1,1,1,1,1,,,,,,0,,0,00,1,1,1,1
Public Method,"org.apache.fontbox.type1.Token.getText()",fontbox/src/main/java/org/apache/fontbox/type1/Token.java,,,,,,,,,,,,,,,,,,,,,,,,,17,4,0,4,1,1,0,1,1,1,2,1,1,1,1,1,1,,,,,,0,,0,00,1,1,1,1
Public Method,"org.apache.fontbox.type1.Token.intValue()",fontbox/src/main/java/org/apache/fontbox/type1/Token.java,,,,,,,,,,,,,,,,,,,,,,,,,13,5,0,4,1,1,1,2,1,1,2,1,1,1,1,1,1,,,,,,0,,0,25,1,1,1,1
Public Method,"org.apache.fontbox.type1.Token.toString()",fontbox/src/main/java/org/apache/fontbox/type1/Token.java,,,,,,,,,,,,,,,,,,,,,,,,,5,15,0,12,2,4,3,1,2,2,4,1,3,2,2,2,1,,,,,,1,,0,25,2,2,2,1
Public Interface,"org.apache.fontbox.type1.Type1CharStringReader",fontbox/src/main/java/org/apache/fontbox/type1/Type1CharStringReader.java,0,0,0,0,0,0,0,0,0,3,3,,0,0,,,1,0,1,1,1,0,0,0,,10,0,4,2,0,6,,,1,2,2,0,,,,,0,0,0,0,0,0,0,1,50,0,0,0,0
Abstract Method,"org.apache.fontbox.type1.Type1CharStringReader.getType1CharString(String)",fontbox/src/main/java/org/apache/fontbox/type1/Type1CharStringReader.java,,,,,,,,,,,,,,,,,,,,,,,,,1,7,0,1,1,0,6,1,0,1,1,1,0,0,0,0,0,,,,,,0,,6,00,0,0,0,0
Public Final Class,"org.apache.fontbox.type1.Type1Font",fontbox/src/main/java/org/apache/fontbox/type1/Type1Font.java,1,1,1,1,9,0,4,4,4,18,0,,3,0,,,43,37,46,58,1,1,0,44,,535,55,259,100,87,221,,,97,148,92,77,,,,,3,3,3,1,1,2,97,0,85,50,50,50,46
Constructor,"org.apache.fontbox.type1.Type1Font.Type1Font(byte[],byte[])",fontbox/src/main/java/org/apache/fontbox/type1/Type1Font.java,,,,,,,,,,,,,,,,,,,,,,,,,3,8,0,5,1,2,3,3,1,2,3,1,2,1,1,1,1,,,,,,0,,0,60,1,1,1,1
Public Static Method,"org.apache.fontbox.type1.Type1Font.createWithPFB(InputStream)",fontbox/src/main/java/org/apache/fontbox/type1/Type1Font.java,,,,,,,,,,,,,,,,,,,,,,,,,4,14,0,6,3,3,8,5,1,3,4,3,3,1,1,1,1,,,,,,0,,1,33,1,1,1,1
Public Static Method,"org.apache.fontbox.type1.Type1Font.createWithPFB(byte[])",fontbox/src/main/java/org/apache/fontbox/type1/Type1Font.java,,,,,,,,,,,,,,,,,,,,,,,,,4,14,0,6,3,3,8,5,1,3,4,3,3,1,1,1,1,,,,,,0,,1,33,1,1,1,1
Public Static Method,"org.apache.fontbox.type1.Type1Font.createWithSegments(byte[],byte[])",fontbox/src/main/java/org/apache/fontbox/type1/Type1Font.java,,,,,,,,,,,,,,,,,,,,,,,,,3,13,0,5,2,2,8,2,1,2,3,2,2,1,1,1,1,,,,,,0,,1,60,1,1,1,1
Public Method,"org.apache.fontbox.type1.Type1Font.getASCIISegment()",fontbox/src/main/java/org/apache/fontbox/type1/Type1Font.java,,,,,,,,,,,,,,,,,,,,,,,,,2,9,0,4,1,1,5,1,1,1,2,1,1,1,1,1,1,,,,,,0,,1,25,1,1,1,1
Public Method,"org.apache.fontbox.type1.Type1Font.getBinarySegment()",fontbox/src/main/java/org/apache/fontbox/type1/Type1Font.java,,,,,,,,,,,,,,,,,,,,,,,,,2,9,0,4,1,1,5,1,1,1,2,1,1,1,1,1,1,,,,,,0,,1,25,1,1,1,1
Public Method,"org.apache.fontbox.type1.Type1Font.getBlueFuzz()",fontbox/src/main/java/org/apache/fontbox/type1/Type1Font.java,,,,,,,,,,,,,,,,,,,,,,,,,1,9,0,4,1,1,5,1,1,1,2,1,1,1,1,1,1,,,,,,0,,1,25,1,1,1,1
Public Method,"org.apache.fontbox.type1.Type1Font.getBlueScale()",fontbox/src/main/java/org/apache/fontbox/type1/Type1Font.java,,,,,,,,,,,,,,,,,,,,,,,,,1,9,0,4,1,1,5,1,1,1,2,1,1,1,1,1,1,,,,,,0,,1,25,1,1,1,1
Public Method,"org.apache.fontbox.type1.Type1Font.getBlueShift()",fontbox/src/main/java/org/apache/fontbox/type1/Type1Font.java,,,,,,,,,,,,,,,,,,,,,,,,,1,9,0,4,1,1,5,1,1,1,2,1,1,1,1,1,1,,,,,,0,,1,25,1,1,1,1
Public Method,"org.apache.fontbox.type1.Type1Font.getBlueValues()",fontbox/src/main/java/org/apache/fontbox/type1/Type1Font.java,,,,,,,,,,,,,,,,,,,,,,,,,2,9,0,4,1,1,5,2,1,1,2,1,1,1,1,1,1,,,,,,0,,1,25,1,1,1,1
Public Method,"org.apache.fontbox.type1.Type1Font.getCharStringsDict()",fontbox/src/main/java/org/apache/fontbox/type1/Type1Font.java,,,,,,,,,,,,,,,,,,,,,,,,,2,9,0,4,1,1,5,2,1,1,2,1,1,1,1,1,1,,,,,,0,,1,25,1,1,1,1
Public Method,"org.apache.fontbox.type1.Type1Font.getEncoding()",fontbox/src/main/java/org/apache/fontbox/type1/Type1Font.java,,,,,,,,,,,,,,,,,,,,,,,,,4,10,0,5,2,1,5,1,1,1,2,1,1,1,1,1,1,,,,,,0,,1,00,1,1,1,1
Public Method,"org.apache.fontbox.type1.Type1Font.getFamilyBlues()",fontbox/src/main/java/org/apache/fontbox/type1/Type1Font.java,,,,,,,,,,,,,,,,,,,,,,,,,1,9,0,4,1,1,5,2,1,1,2,1,1,1,1,1,1,,,,,,0,,1,25,1,1,1,1
Public Method,"org.apache.fontbox.type1.Type1Font.getFamilyName()",fontbox/src/main/java/org/apache/fontbox/type1/Type1Font.java,,,,,,,,,,,,,,,,,,,,,,,,,4,9,0,4,1,1,5,1,1,1,2,1,1,1,1,1,1,,,,,,0,,1,25,1,1,1,1
Public Method,"org.apache.fontbox.type1.Type1Font.getFamilyOtherBlues()",fontbox/src/main/java/org/apache/fontbox/type1/Type1Font.java,,,,,,,,,,,,,,,,,,,,,,,,,1,9,0,4,1,1,5,2,1,1,2,1,1,1,1,1,1,,,,,,0,,1,25,1,1,1,1
Public Method,"org.apache.fontbox.type1.Type1Font.getFontBBox()",fontbox/src/main/java/org/apache/fontbox/type1/Type1Font.java,,,,,,,,,,,,,,,,,,,,,,,,,2,16,0,9,2,3,7,5,2,2,4,1,3,2,2,2,1,,,,,,1,,0,78,2,2,2,1
Public Method,"org.apache.fontbox.type1.Type1Font.getFontID()",fontbox/src/main/java/org/apache/fontbox/type1/Type1Font.java,,,,,,,,,,,,,,,,,,,,,,,,,1,9,0,4,1,1,5,1,1,1,2,1,1,1,1,1,1,,,,,,0,,1,25,1,1,1,1
Public Method,"org.apache.fontbox.type1.Type1Font.getFontMatrix()",fontbox/src/main/java/org/apache/fontbox/type1/Type1Font.java,,,,,,,,,,,,,,,,,,,,,,,,,1,9,0,4,1,1,5,2,1,1,2,1,1,1,1,1,1,,,,,,0,,1,25,1,1,1,1
Public Method,"org.apache.fontbox.type1.Type1Font.getFontName()",fontbox/src/main/java/org/apache/fontbox/type1/Type1Font.java,,,,,,,,,,,,,,,,,,,,,,,,,2,9,0,4,1,1,5,1,1,1,2,1,1,1,1,1,1,,,,,,0,,1,25,1,1,1,1
Public Method,"org.apache.fontbox.type1.Type1Font.getFontType()",fontbox/src/main/java/org/apache/fontbox/type1/Type1Font.java,,,,,,,,,,,,,,,,,,,,,,,,,1,9,0,4,1,1,5,1,1,1,2,1,1,1,1,1,1,,,,,,0,,1,25,1,1,1,1
Public Method,"org.apache.fontbox.type1.Type1Font.getFullName()",fontbox/src/main/java/org/apache/fontbox/type1/Type1Font.java,,,,,,,,,,,,,,,,,,,,,,,,,2,9,0,4,1,1,5,1,1,1,2,1,1,1,1,1,1,,,,,,0,,1,25,1,1,1,1
Public Method,"org.apache.fontbox.type1.Type1Font.getItalicAngle()",fontbox/src/main/java/org/apache/fontbox/type1/Type1Font.java,,,,,,,,,,,,,,,,,,,,,,,,,3,9,0,4,1,1,5,1,1,1,2,1,1,1,1,1,1,,,,,,0,,1,25,1,1,1,1
Public Method,"org.apache.fontbox.type1.Type1Font.getLanguageGroup()",fontbox/src/main/java/org/apache/fontbox/type1/Type1Font.java,,,,,,,,,,,,,,,,,,,,,,,,,1,9,0,4,1,1,5,1,1,1,2,1,1,1,1,1,1,,,,,,0,,1,25,1,1,1,1
Public Method,"org.apache.fontbox.type1.Type1Font.getName()",fontbox/src/main/java/org/apache/fontbox/type1/Type1Font.java,,,,,,,,,,,,,,,,,,,,,,,,,4,5,0,5,2,1,0,1,1,1,2,1,1,1,1,1,1,,,,,,0,,0,00,1,1,1,1
Public Method,"org.apache.fontbox.type1.Type1Font.getNotice()",fontbox/src/main/java/org/apache/fontbox/type1/Type1Font.java,,,,,,,,,,,,,,,,,,,,,,,,,2,9,0,4,1,1,5,1,1,1,2,1,1,1,1,1,1,,,,,,0,,1,25,1,1,1,1
Public Method,"org.apache.fontbox.type1.Type1Font.getOtherBlues()",fontbox/src/main/java/org/apache/fontbox/type1/Type1Font.java,,,,,,,,,,,,,,,,,,,,,,,,,1,9,0,4,1,1,5,2,1,1,2,1,1,1,1,1,1,,,,,,0,,1,25,1,1,1,1
Public Method,"org.apache.fontbox.type1.Type1Font.getPaintType()",fontbox/src/main/java/org/apache/fontbox/type1/Type1Font.java,,,,,,,,,,,,,,,,,,,,,,,,,1,9,0,4,1,1,5,1,1,1,2,1,1,1,1,1,1,,,,,,0,,1,25,1,1,1,1
Private Method,"org.apache.fontbox.type1.Type1Font.getParser()",fontbox/src/main/java/org/apache/fontbox/type1/Type1Font.java,,,,,,,,,,,,,,,,,,,,,,,,,3,8,0,8,1,3,0,3,2,2,4,1,3,2,2,2,1,,,,,,1,,0,00,2,2,2,1
Public Method,"org.apache.fontbox.type1.Type1Font.getPath(String)",fontbox/src/main/java/org/apache/fontbox/type1/Type1Font.java,,,,,,,,,,,,,,,,,,,,,,,,,2,5,0,5,2,1,0,3,1,1,2,1,1,1,1,1,1,,,,,,0,,0,00,1,1,1,1
Public Method,"org.apache.fontbox.type1.Type1Font.getStdHW()",fontbox/src/main/java/org/apache/fontbox/type1/Type1Font.java,,,,,,,,,,,,,,,,,,,,,,,,,1,9,0,4,1,1,5,2,1,1,2,1,1,1,1,1,1,,,,,,0,,1,25,1,1,1,1
Public Method,"org.apache.fontbox.type1.Type1Font.getStdVW()",fontbox/src/main/java/org/apache/fontbox/type1/Type1Font.java,,,,,,,,,,,,,,,,,,,,,,,,,1,9,0,4,1,1,5,2,1,1,2,1,1,1,1,1,1,,,,,,0,,1,25,1,1,1,1
Public Method,"org.apache.fontbox.type1.Type1Font.getStemSnapH()",fontbox/src/main/java/org/apache/fontbox/type1/Type1Font.java,,,,,,,,,,,,,,,,,,,,,,,,,1,9,0,4,1,1,5,2,1,1,2,1,1,1,1,1,1,,,,,,0,,1,25,1,1,1,1
Public Method,"org.apache.fontbox.type1.Type1Font.getStemSnapV()",fontbox/src/main/java/org/apache/fontbox/type1/Type1Font.java,,,,,,,,,,,,,,,,,,,,,,,,,1,9,0,4,1,1,5,2,1,1,2,1,1,1,1,1,1,,,,,,0,,1,25,1,1,1,1
Public Method,"org.apache.fontbox.type1.Type1Font.getStrokeWidth()",fontbox/src/main/java/org/apache/fontbox/type1/Type1Font.java,,,,,,,,,,,,,,,,,,,,,,,,,1,9,0,4,1,1,5,1,1,1,2,1,1,1,1,1,1,,,,,,0,,1,25,1,1,1,1
Public Method,"org.apache.fontbox.type1.Type1Font.getSubrsArray()",fontbox/src/main/java/org/apache/fontbox/type1/Type1Font.java,,,,,,,,,,,,,,,,,,,,,,,,,1,9,0,4,1,1,5,2,1,1,2,1,1,1,1,1,1,,,,,,0,,1,25,1,1,1,1
Public Method,"org.apache.fontbox.type1.Type1Font.getType1CharString(String)",fontbox/src/main/java/org/apache/fontbox/type1/Type1Font.java,,,,,,,,,,,,,,,,,,,,,,,,,7,17,0,17,5,9,0,6,3,7,10,4,9,3,3,3,1,,,,,,2,,0,00,3,3,3,1
Public Method,"org.apache.fontbox.type1.Type1Font.getUnderlinePosition()",fontbox/src/main/java/org/apache/fontbox/type1/Type1Font.java,,,,,,,,,,,,,,,,,,,,,,,,,1,9,0,4,1,1,5,1,1,1,2,1,1,1,1,1,1,,,,,,0,,1,25,1,1,1,1
Public Method,"org.apache.fontbox.type1.Type1Font.getUnderlineThickness()",fontbox/src/main/java/org/apache/fontbox/type1/Type1Font.java,,,,,,,,,,,,,,,,,,,,,,,,,1,9,0,4,1,1,5,1,1,1,2,1,1,1,1,1,1,,,,,,0,,1,25,1,1,1,1
Public Method,"org.apache.fontbox.type1.Type1Font.getUniqueID()",fontbox/src/main/java/org/apache/fontbox/type1/Type1Font.java,,,,,,,,,,,,,,,,,,,,,,,,,1,9,0,4,1,1,5,1,1,1,2,1,1,1,1,1,1,,,,,,0,,1,25,1,1,1,1
Public Method,"org.apache.fontbox.type1.Type1Font.getVersion()",fontbox/src/main/java/org/apache/fontbox/type1/Type1Font.java,,,,,,,,,,,,,,,,,,,,,,,,,2,9,0,4,1,1,5,1,1,1,2,1,1,1,1,1,1,,,,,,0,,1,25,1,1,1,1
Public Method,"org.apache.fontbox.type1.Type1Font.getWeight()",fontbox/src/main/java/org/apache/fontbox/type1/Type1Font.java,,,,,,,,,,,,,,,,,,,,,,,,,3,9,0,4,1,1,5,1,1,1,2,1,1,1,1,1,1,,,,,,0,,1,25,1,1,1,1
Public Method,"org.apache.fontbox.type1.Type1Font.getWidth(String)",fontbox/src/main/java/org/apache/fontbox/type1/Type1Font.java,,,,,,,,,,,,,,,,,,,,,,,,,2,5,0,5,2,1,0,3,1,1,2,1,1,1,1,1,1,,,,,,0,,0,00,1,1,1,1
Public Method,"org.apache.fontbox.type1.Type1Font.hasGlyph(String)",fontbox/src/main/java/org/apache/fontbox/type1/Type1Font.java,,,,,,,,,,,,,,,,,,,,,,,,,3,5,0,5,2,1,0,2,1,1,2,1,1,1,1,1,1,,,,,,0,,0,00,1,1,1,1
Public Method,"org.apache.fontbox.type1.Type1Font.isFixedPitch()",fontbox/src/main/java/org/apache/fontbox/type1/Type1Font.java,,,,,,,,,,,,,,,,,,,,,,,,,2,9,0,4,1,1,5,1,1,1,2,1,1,1,1,1,1,,,,,,0,,1,25,1,1,1,1
Public Method,"org.apache.fontbox.type1.Type1Font.isForceBold()",fontbox/src/main/java/org/apache/fontbox/type1/Type1Font.java,,,,,,,,,,,,,,,,,,,,,,,,,2,9,0,4,1,1,5,1,1,1,2,1,1,1,1,1,1,,,,,,0,,1,25,1,1,1,1
Public Method,"org.apache.fontbox.type1.Type1Font.toString()",fontbox/src/main/java/org/apache/fontbox/type1/Type1Font.java,,,,,,,,,,,,,,,,,,,,,,,,,4,9,0,6,2,2,3,4,1,1,2,1,1,1,1,1,1,,,,,,0,,0,50,1,1,1,1
Class,"org.apache.fontbox.type1.Type1Lexer",fontbox/src/main/java/org/apache/fontbox/type1/Type1Lexer.java,6,5,8,4,40,1,33,6,1,16,0,,0,1,,,11,3,11,23,1,7,0,3,,490,28,371,39,207,92,,,141,201,39,180,,,,,22,22,24,20,1,6,60,0,25,71,60,90,49
Constructor,"org.apache.fontbox.type1.Type1Lexer.Type1Lexer(byte[])",fontbox/src/main/java/org/apache/fontbox/type1/Type1Lexer.java,,,,,,,,,,,,,,,,,,,,,,,,,7,10,0,5,1,2,5,5,1,2,3,1,2,1,1,1,1,,,,,,0,,1,00,1,1,1,1
Private Method,"org.apache.fontbox.type1.Type1Lexer.getChar()",fontbox/src/main/java/org/apache/fontbox/type1/Type1Lexer.java,,,,,,,,,,,,,,,,,,,,,,,,,6,14,0,11,1,4,3,3,2,2,4,1,3,2,2,2,1,,,,,,1,,0,27,2,2,2,1
Public Method,"org.apache.fontbox.type1.Type1Lexer.nextToken()",fontbox/src/main/java/org/apache/fontbox/type1/Type1Lexer.java,,,,,,,,,,,,,,,,,,,,,,,,,10,11,0,6,2,3,5,3,1,3,4,2,2,1,1,1,1,,,,,,0,,0,83,1,1,1,1
Public Method,"org.apache.fontbox.type1.Type1Lexer.peekKind(Token.Kind)",fontbox/src/main/java/org/apache/fontbox/type1/Type1Lexer.java,,,,,,,,,,,,,,,,,,,,,,,,,12,9,0,4,1,1,5,2,1,1,2,1,1,1,1,2,1,,,,,,0,,1,25,1,1,2,1
Public Method,"org.apache.fontbox.type1.Type1Lexer.peekToken()",fontbox/src/main/java/org/apache/fontbox/type1/Type1Lexer.java,,,,,,,,,,,,,,,,,,,,,,,,,13,8,0,4,1,1,4,1,1,1,2,1,1,1,1,1,1,,,,,,0,,1,00,1,1,1,1
Private Method,"org.apache.fontbox.type1.Type1Lexer.readCharString(int)",fontbox/src/main/java/org/apache/fontbox/type1/Type1Lexer.java,,,,,,,,,,,,,,,,,,,,,,,,,4,17,0,14,2,7,4,5,2,5,7,2,5,2,2,2,1,,,,,,1,,0,29,2,2,2,1
Private Method,"org.apache.fontbox.type1.Type1Lexer.readComment()",fontbox/src/main/java/org/apache/fontbox/type1/Type1Lexer.java,,,,,,,,,,,,,,,,,,,,,,,,,2,20,0,17,3,8,3,6,3,5,8,3,7,3,3,4,3,,,,,,2,,0,18,3,3,4,3
Private Method,"org.apache.fontbox.type1.Type1Lexer.readRegular()",fontbox/src/main/java/org/apache/fontbox/type1/Type1Lexer.java,,,,,,,,,,,,,,,,,,,,,,,,,2,32,0,28,3,17,4,10,6,8,12,3,11,4,4,14,3,,,,,,2,,0,14,4,4,14,3
Private Method,"org.apache.fontbox.type1.Type1Lexer.readString()",fontbox/src/main/java/org/apache/fontbox/type1/Type1Lexer.java,,,,,,,,,,,,,,,,,,,,,,,,,5,69,2,60,6,43,7,13,30,35,42,6,41,18,7,18,7,,,,,,4,,0,12,18,7,18,7
Private Method,"org.apache.fontbox.type1.Type1Lexer.readToken(Token)",fontbox/src/main/java/org/apache/fontbox/type1/Type1Lexer.java,,,,,,,,,,,,,,,,,,,,,,,,,14,137,3,120,8,62,14,19,23,34,55,8,53,22,22,24,20,,,,,,6,,0,12,22,22,24,20
Private Method,"org.apache.fontbox.type1.Type1Lexer.tryReadNumber()",fontbox/src/main/java/org/apache/fontbox/type1/Type1Lexer.java,,,,,,,,,,,,,,,,,,,,,,,,,5,123,11,95,6,57,17,16,836,41,57,6,53,16,16,21,10,,,,,,2,,0,18,16,16,21,10
Class,"org.apache.fontbox.type1.Type1LexerTest",fontbox/src/test/java/org/apache/fontbox/type1/Type1LexerTest.java,1,1,1,1,18,0,18,0,1,11,0,,0,0,,,6,0,6,18,5,1,0,0,,124,6,111,25,74,7,,,71,80,21,67,,,,,3,3,3,1,1,2,0,0,06,10,10,10,6
Method,"org.apache.fontbox.type1.Type1LexerTest.TestData()",fontbox/src/test/java/org/apache/fontbox/type1/Type1LexerTest.java,,,,,,,,,,,,,,,,,,,,,,,,,4,13,0,13,5,9,0,10,1,9,10,4,8,1,1,1,1,,,,,,0,,0,00,1,1,1,1
Constructor,"org.apache.fontbox.type1.Type1LexerTest.Type1LexerTest()",fontbox/src/test/java/org/apache/fontbox/type1/Type1LexerTest.java,,,,,,,,,,,,,,,,,,,,,,,,,0,3,0,3,1,0,0,1,1,0,1,1,0,1,1,1,1,,,,,,0,,0,00,1,1,1,1
Private Method,"org.apache.fontbox.type1.Type1LexerTest.readTokens(Type1Lexer)",fontbox/src/test/java/org/apache/fontbox/type1/Type1LexerTest.java,,,,,,,,,,,,,,,,,,,,,,,,,4,15,0,15,3,7,0,4,2,6,8,3,6,3,3,3,1,,,,,,2,,0,00,3,3,3,1
Method,"org.apache.fontbox.type1.Type1LexerTest.testEmptyName()",fontbox/src/test/java/org/apache/fontbox/type1/Type1LexerTest.java,,,,,,,,,,,,,,,,,,,,,,,,,2,20,0,20,5,9,0,6,2,7,9,4,6,3,3,3,1,,,,,,2,,0,00,3,3,3,1
Method,"org.apache.fontbox.type1.Type1LexerTest.testProcAndNameAndDictAndString()",fontbox/src/test/java/org/apache/fontbox/type1/Type1LexerTest.java,,,,,,,,,,,,,,,,,,,,,,,,,9,27,0,27,5,23,0,7,1,23,24,4,22,1,1,1,1,,,,,,0,,0,00,1,1,1,1
Method,"org.apache.fontbox.type1.Type1LexerTest.testRealNumbers()",fontbox/src/test/java/org/apache/fontbox/type1/Type1LexerTest.java,,,,,,,,,,,,,,,,,,,,,,,,,7,33,0,30,5,26,3,8,1,26,27,4,25,1,1,1,1,,,,,,0,,0,10,1,1,1,1
Final Class,"org.apache.fontbox.type1.Type1Parser",fontbox/src/main/java/org/apache/fontbox/type1/Type1Parser.java,5,4,6,2,36,2,29,5,1,15,0,,0,2,,,25,2,25,37,0,24,0,1,,967,79,742,83,481,151,,,349,461,96,404,,,,,14,10,15,9,1,4,60,0,20,147,108,169,65
Private Method,"org.apache.fontbox.type1.Type1Parser.arrayToNumbers(List<Token>)",fontbox/src/main/java/org/apache/fontbox/type1/Type1Parser.java,,,,,,,,,,,,,,,,,,,,,,,,,5,25,0,22,3,11,3,9,4,8,12,4,11,4,4,4,1,,,,,,2,,0,14,4,4,4,1
Private Method,"org.apache.fontbox.type1.Type1Parser.decrypt(byte[],int,int)",fontbox/src/main/java/org/apache/fontbox/type1/Type1Parser.java,,,,,,,,,,,,,,,,,,,,,,,,,7,36,0,25,6,14,11,1,5,12,17,7,10,5,5,6,3,,,,,,2,,0,44,5,5,6,3
Private Method,"org.apache.fontbox.type1.Type1Parser.hexToBinary(byte[])",fontbox/src/main/java/org/apache/fontbox/type1/Type1Parser.java,,,,,,,,,,,,,,,,,,,,,,,,,2,32,0,31,6,16,1,2,12,10,18,8,11,6,6,6,1,,,,,,3,,0,03,6,6,6,1
Private Method,"org.apache.fontbox.type1.Type1Parser.isBinary(byte[])",fontbox/src/main/java/org/apache/fontbox/type1/Type1Parser.java,,,,,,,,,,,,,,,,,,,,,,,,,3,19,0,17,2,8,2,2,4,6,10,3,7,4,4,8,4,,,,,,2,,0,12,4,4,8,4
Public Method,"org.apache.fontbox.type1.Type1Parser.parse(byte[],byte[])",fontbox/src/main/java/org/apache/fontbox/type1/Type1Parser.java,,,,,,,,,,,,,,,,,,,,,,,,,8,24,0,17,1,8,7,6,4,5,8,1,7,3,3,3,1,,,,,,1,,0,41,3,3,3,1
Private Method,"org.apache.fontbox.type1.Type1Parser.parseASCII(byte[])",fontbox/src/main/java/org/apache/fontbox/type1/Type1Parser.java,,,,,,,,,,,,,,,,,,,,,,,,,8,80,8,61,4,44,12,16,136,33,41,5,39,11,8,15,4,,,,,,2,,0,20,11,8,15,4
Private Method,"org.apache.fontbox.type1.Type1Parser.parseBinary(byte[])",fontbox/src/main/java/org/apache/fontbox/type1/Type1Parser.java,,,,,,,,,,,,,,,,,,,,,,,,,9,112,8,85,6,65,20,22,240,52,60,7,56,13,8,15,3,,,,,,2,,0,24,13,8,15,3
Private Method,"org.apache.fontbox.type1.Type1Parser.read(Token.Kind)",fontbox/src/main/java/org/apache/fontbox/type1/Type1Parser.java,,,,,,,,,,,,,,,,,,,,,,,,,14,14,0,9,2,4,5,4,2,3,5,2,4,2,2,3,1,,,,,,1,,0,56,2,2,3,1
Private Method,"org.apache.fontbox.type1.Type1Parser.read(Token.Kind,String)",fontbox/src/main/java/org/apache/fontbox/type1/Type1Parser.java,,,,,,,,,,,,,,,,,,,,,,,,,10,14,0,8,2,3,6,4,2,2,4,2,3,2,2,3,1,,,,,,1,,0,75,2,2,3,1
Private Method,"org.apache.fontbox.type1.Type1Parser.readCharStrings(int)",fontbox/src/main/java/org/apache/fontbox/type1/Type1Parser.java,,,,,,,,,,,,,,,,,,,,,,,,,10,41,3,25,4,16,13,11,5,14,18,5,16,4,4,5,4,,,,,,2,,0,52,4,4,5,4
Private Method,"org.apache.fontbox.type1.Type1Parser.readDef()",fontbox/src/main/java/org/apache/fontbox/type1/Type1Parser.java,,,,,,,,,,,,,,,,,,,,,,,,,5,27,2,22,2,15,4,5,5,9,12,2,11,5,3,5,4,,,,,,1,,0,18,5,3,5,4
Private Method,"org.apache.fontbox.type1.Type1Parser.readDictValue()",fontbox/src/main/java/org/apache/fontbox/type1/Type1Parser.java,,,,,,,,,,,,,,,,,,,,,,,,,3,9,0,6,2,3,3,3,1,3,4,2,3,1,1,1,1,,,,,,0,,0,50,1,1,1,1
Private Method,"org.apache.fontbox.type1.Type1Parser.readEncoding()",fontbox/src/main/java/org/apache/fontbox/type1/Type1Parser.java,,,,,,,,,,,,,,,,,,,,,,,,,6,48,3,42,5,27,3,15,6,17,22,5,21,5,5,9,1,,,,,,2,,0,07,5,5,9,1
Private Method,"org.apache.fontbox.type1.Type1Parser.readFontInfo(Map<String,List<Token>>)",fontbox/src/main/java/org/apache/fontbox/type1/Type1Parser.java,,,,,,,,,,,,,,,,,,,,,,,,,2,44,1,40,3,33,3,17,11,21,25,4,23,11,3,11,1,,,,,,2,,0,07,11,3,11,1
Private Method,"org.apache.fontbox.type1.Type1Parser.readMaybe(Token.Kind,String)",fontbox/src/main/java/org/apache/fontbox/type1/Type1Parser.java,,,,,,,,,,,,,,,,,,,,,,,,,11,14,0,8,1,3,6,6,2,2,4,1,3,2,2,3,1,,,,,,1,,0,75,2,2,3,1
Private Method,"org.apache.fontbox.type1.Type1Parser.readOtherSubrs()",fontbox/src/main/java/org/apache/fontbox/type1/Type1Parser.java,,,,,,,,,,,,,,,,,,,,,,,,,5,26,1,25,2,14,2,9,6,12,16,3,14,4,4,4,1,,,,,,2,,0,08,4,4,4,1
Private Method,"org.apache.fontbox.type1.Type1Parser.readPostScriptWrapper(List<Token>)",fontbox/src/main/java/org/apache/fontbox/type1/Type1Parser.java,,,,,,,,,,,,,,,,,,,,,,,,,7,31,5,24,1,17,2,10,4,15,18,1,17,3,3,3,1,,,,,,1,,0,08,3,3,3,1
Private Method,"org.apache.fontbox.type1.Type1Parser.readPrivate(String,List<Token>)",fontbox/src/main/java/org/apache/fontbox/type1/Type1Parser.java,,,,,,,,,,,,,,,,,,,,,,,,,3,50,0,47,1,42,3,19,14,27,29,1,28,14,2,14,1,,,,,,1,,0,06,14,2,14,1
Private Method,"org.apache.fontbox.type1.Type1Parser.readProc()",fontbox/src/main/java/org/apache/fontbox/type1/Type1Parser.java,,,,,,,,,,,,,,,,,,,,,,,,,5,40,5,32,5,17,3,9,26,11,18,5,16,7,7,7,4,,,,,,3,,0,09,7,7,7,4
Private Method,"org.apache.fontbox.type1.Type1Parser.readProcVoid()",fontbox/src/main/java/org/apache/fontbox/type1/Type1Parser.java,,,,,,,,,,,,,,,,,,,,,,,,,7,30,2,25,3,12,3,6,13,7,13,3,11,6,6,6,4,,,,,,3,,0,12,6,6,6,4
Private Method,"org.apache.fontbox.type1.Type1Parser.readPut()",fontbox/src/main/java/org/apache/fontbox/type1/Type1Parser.java,,,,,,,,,,,,,,,,,,,,,,,,,3,26,2,21,2,14,3,5,5,8,11,2,10,5,3,5,4,,,,,,1,,0,14,5,3,5,4
Private Method,"org.apache.fontbox.type1.Type1Parser.readSimpleDict()",fontbox/src/main/java/org/apache/fontbox/type1/Type1Parser.java,,,,,,,,,,,,,,,,,,,,,,,,,5,47,5,36,5,23,6,12,17,18,24,6,22,6,6,8,5,,,,,,2,,0,17,6,6,8,5
Private Method,"org.apache.fontbox.type1.Type1Parser.readSimpleValue(String)",fontbox/src/main/java/org/apache/fontbox/type1/Type1Parser.java,,,,,,,,,,,,,,,,,,,,,,,,,2,34,1,33,2,28,0,15,9,18,20,2,19,9,2,9,1,,,,,,1,,0,00,9,2,9,1
Private Method,"org.apache.fontbox.type1.Type1Parser.readSubrs(int)",fontbox/src/main/java/org/apache/fontbox/type1/Type1Parser.java,,,,,,,,,,,,,,,,,,,,,,,,,9,38,3,28,4,17,7,13,10,16,21,6,18,5,5,6,4,,,,,,2,,0,25,5,5,6,4
Private Method,"org.apache.fontbox.type1.Type1Parser.readValue()",fontbox/src/main/java/org/apache/fontbox/type1/Type1Parser.java,,,,,,,,,,,,,,,,,,,,,,,,,9,56,4,46,4,25,6,11,12,16,26,4,24,10,10,10,9,,,,,,4,,0,13,10,10,10,9
Package,"org.apache.fontbox.util",fontbox/src/main/java/org/apache/fontbox/util/BoundingBox.java,1,1,1,1,9,0,4,5,,,,1,0,0,1,,15,4,15,,0,0,0,15,,199,19,77,23,22,103,,,26,42,22,20,,,,,1,1,4,1,,0,,1,34,15,15,18,15
Public Class,"org.apache.fontbox.util.BoundingBox",fontbox/src/main/java/org/apache/fontbox/util/BoundingBox.java,1,1,1,1,9,0,4,5,1,4,0,,0,0,,,15,4,15,27,0,0,0,15,,176,15,74,21,22,87,,,24,40,20,20,,,,,1,1,4,1,1,0,66,1,18,15,15,18,15
Public Constructor,"org.apache.fontbox.util.BoundingBox.BoundingBox()",fontbox/src/main/java/org/apache/fontbox/util/BoundingBox.java,,,,,,,,,,,,,,,,,,,,,,,,,7,6,0,3,1,0,3,1,1,0,1,1,0,1,1,1,1,,,,,,0,,1,00,1,1,1,1
Public Constructor,"org.apache.fontbox.util.BoundingBox.BoundingBox(List<Number>)",fontbox/src/main/java/org/apache/fontbox/util/BoundingBox.java,,,,,,,,,,,,,,,,,,,,,,,,,3,12,0,7,1,4,5,7,1,4,5,1,4,1,1,1,1,,,,,,0,,0,71,1,1,1,1
Public Constructor,"org.apache.fontbox.util.BoundingBox.BoundingBox(float,float,float,float)",fontbox/src/main/java/org/apache/fontbox/util/BoundingBox.java,,,,,,,,,,,,,,,,,,,,,,,,,14,15,0,7,1,4,8,5,1,4,5,1,4,1,1,1,1,,,,,,0,,1,14,1,1,1,1
Public Method,"org.apache.fontbox.util.BoundingBox.contains(float,float)",fontbox/src/main/java/org/apache/fontbox/util/BoundingBox.java,,,,,,,,,,,,,,,,,,,,,,,,,6,13,0,5,1,2,8,1,1,1,2,1,1,1,1,4,1,,,,,,0,,1,60,1,1,4,1
Public Method,"org.apache.fontbox.util.BoundingBox.getHeight()",fontbox/src/main/java/org/apache/fontbox/util/BoundingBox.java,,,,,,,,,,,,,,,,,,,,,,,,,13,10,0,4,1,1,6,3,1,1,2,1,1,1,1,1,1,,,,,,0,,1,50,1,1,1,1
Public Method,"org.apache.fontbox.util.BoundingBox.getLowerLeftX()",fontbox/src/main/java/org/apache/fontbox/util/BoundingBox.java,,,,,,,,,,,,,,,,,,,,,,,,,13,9,0,4,1,1,5,1,1,1,2,1,1,1,1,1,1,,,,,,0,,1,25,1,1,1,1
Public Method,"org.apache.fontbox.util.BoundingBox.getLowerLeftY()",fontbox/src/main/java/org/apache/fontbox/util/BoundingBox.java,,,,,,,,,,,,,,,,,,,,,,,,,18,9,0,4,1,1,5,1,1,1,2,1,1,1,1,1,1,,,,,,0,,1,25,1,1,1,1
Public Method,"org.apache.fontbox.util.BoundingBox.getUpperRightX()",fontbox/src/main/java/org/apache/fontbox/util/BoundingBox.java,,,,,,,,,,,,,,,,,,,,,,,,,11,9,0,4,1,1,5,1,1,1,2,1,1,1,1,1,1,,,,,,0,,1,25,1,1,1,1
Public Method,"org.apache.fontbox.util.BoundingBox.getUpperRightY()",fontbox/src/main/java/org/apache/fontbox/util/BoundingBox.java,,,,,,,,,,,,,,,,,,,,,,,,,12,9,0,4,1,1,5,1,1,1,2,1,1,1,1,1,1,,,,,,0,,1,25,1,1,1,1
Public Method,"org.apache.fontbox.util.BoundingBox.getWidth()",fontbox/src/main/java/org/apache/fontbox/util/BoundingBox.java,,,,,,,,,,,,,,,,,,,,,,,,,2,10,0,4,1,1,6,3,1,1,2,1,1,1,1,1,1,,,,,,0,,1,50,1,1,1,1
Public Method,"org.apache.fontbox.util.BoundingBox.setLowerLeftX(float)",fontbox/src/main/java/org/apache/fontbox/util/BoundingBox.java,,,,,,,,,,,,,,,,,,,,,,,,,5,9,0,4,1,1,5,1,1,1,2,1,1,1,1,1,1,,,,,,0,,1,25,1,1,1,1
Public Method,"org.apache.fontbox.util.BoundingBox.setLowerLeftY(float)",fontbox/src/main/java/org/apache/fontbox/util/BoundingBox.java,,,,,,,,,,,,,,,,,,,,,,,,,7,9,0,4,1,1,5,1,1,1,2,1,1,1,1,1,1,,,,,,0,,1,25,1,1,1,1
Public Method,"org.apache.fontbox.util.BoundingBox.setUpperRightX(float)",fontbox/src/main/java/org/apache/fontbox/util/BoundingBox.java,,,,,,,,,,,,,,,,,,,,,,,,,5,9,0,4,1,1,5,1,1,1,2,1,1,1,1,1,1,,,,,,0,,1,25,1,1,1,1
Public Method,"org.apache.fontbox.util.BoundingBox.setUpperRightY(float)",fontbox/src/main/java/org/apache/fontbox/util/BoundingBox.java,,,,,,,,,,,,,,,,,,,,,,,,,5,9,0,4,1,1,5,1,1,1,2,1,1,1,1,1,1,,,,,,0,,1,25,1,1,1,1
Public Method,"org.apache.fontbox.util.BoundingBox.toString()",fontbox/src/main/java/org/apache/fontbox/util/BoundingBox.java,,,,,,,,,,,,,,,,,,,,,,,,,0,11,0,6,2,2,5,5,1,1,2,1,1,1,1,1,1,,,,,,0,,0,83,1,1,1,1
Package,"org.apache.fontbox.util.autodetect",fontbox/src/main/java/org/apache/fontbox/util/autodetect/FontDirFinder.java,3,3,4,2,25,0,20,5,,,,7,0,3,7,,14,1,14,,1,4,4,5,,568,39,317,79,130,223,,,105,162,77,104,,,,,18,18,25,8,,4,,0,70,49,49,61,28
Public Interface,"org.apache.fontbox.util.autodetect.FontDirFinder",fontbox/src/main/java/org/apache/fontbox/util/autodetect/FontDirFinder.java,0,0,0,0,0,0,0,0,0,1,2,,0,0,,,1,0,1,1,1,0,0,0,,9,0,4,2,0,5,,,1,2,2,0,,,,,0,0,0,0,0,0,0,1,25,0,0,0,0
Abstract Method,"org.apache.fontbox.util.autodetect.FontDirFinder.find()",fontbox/src/main/java/org/apache/fontbox/util/autodetect/FontDirFinder.java,,,,,,,,,,,,,,,,,,,,,,,,,1,6,0,1,1,0,5,1,0,1,1,1,0,0,0,0,0,,,,,,0,,5,00,0,0,0,0
Public Class,"org.apache.fontbox.util.autodetect.FontFileFinder",fontbox/src/main/java/org/apache/fontbox/util/autodetect/FontFileFinder.java,3,3,4,2,20,0,15,4,1,15,0,,0,1,,,6,1,6,18,0,3,0,3,,137,7,97,16,44,33,,,27,49,17,40,,,,,10,10,10,6,1,4,83,0,34,21,21,25,15
Public Constructor,"org.apache.fontbox.util.autodetect.FontFileFinder.FontFileFinder()",fontbox/src/main/java/org/apache/fontbox/util/autodetect/FontFileFinder.java,,,,,,,,,,,,,,,,,,,,,,,,,3,6,0,3,1,0,3,1,1,0,1,1,0,1,1,1,1,,,,,,0,,1,00,1,1,1,1
Private Method,"org.apache.fontbox.util.autodetect.FontFileFinder.checkFontfile(File)",fontbox/src/main/java/org/apache/fontbox/util/autodetect/FontFileFinder.java,,,,,,,,,,,,,,,,,,,,,,,,,3,13,0,6,2,3,7,5,1,2,3,2,2,1,1,5,1,,,,,,0,,1,17,1,1,5,1
Private Method,"org.apache.fontbox.util.autodetect.FontFileFinder.determineDirFinder()",fontbox/src/main/java/org/apache/fontbox/util/autodetect/FontFileFinder.java,,,,,,,,,,,,,,,,,,,,,,,,,1,20,0,20,2,9,0,3,4,5,9,2,8,4,4,4,4,,,,,,1,,0,00,4,4,4,4
Public Method,"org.apache.fontbox.util.autodetect.FontFileFinder.find()",fontbox/src/main/java/org/apache/fontbox/util/autodetect/FontFileFinder.java,,,,,,,,,,,,,,,,,,,,,,,,,5,16,0,11,3,6,5,6,2,5,7,3,6,2,2,2,1,,,,,,1,,0,45,3,3,3,2
Public Method,"org.apache.fontbox.util.autodetect.FontFileFinder.find(String)",fontbox/src/main/java/org/apache/fontbox/util/autodetect/FontFileFinder.java,,,,,,,,,,,,,,,,,,,,,,,,,1,16,0,10,3,5,6,5,2,4,6,3,5,2,2,2,1,,,,,,1,,0,60,2,2,2,1
Lambda Method,"org.apache.fontbox.util.autodetect.FontFileFinder.find.(lambda_expr_1)(File (inferred))",fontbox/src/main/java/org/apache/fontbox/util/autodetect/FontFileFinder.java,,,,,,,,,,,,,,,,,,,,,,,,,1,1,0,1,0,1,0,2,1,0,0,0,0,1,1,1,1,,,,,,0,,0,00,1,1,1,1
Private Method,"org.apache.fontbox.util.autodetect.FontFileFinder.walk(File,List<URI>)",fontbox/src/main/java/org/apache/fontbox/util/autodetect/FontFileFinder.java,,,,,,,,,,,,,,,,,,,,,,,,,5,50,0,42,2,19,8,8,12,9,20,3,18,10,10,10,6,,,,,,4,,0,19,10,10,10,6
Public Class,"org.apache.fontbox.util.autodetect.MacFontDirFinder",fontbox/src/main/java/org/apache/fontbox/util/autodetect/MacFontDirFinder.java,1,1,1,1,14,0,9,9,1,3,0,,0,0,,,1,0,1,15,0,0,1,0,,22,1,12,3,5,13,,,1,3,2,1,,,,,1,1,1,1,2,0,0,1,08,1,1,1,1
Protected Method,"org.apache.fontbox.util.autodetect.MacFontDirFinder.getSearchableDirectories()",fontbox/src/main/java/org/apache/fontbox/util/autodetect/MacFontDirFinder.java,,,,,,,,,,,,,,,,,,,,,,,,,0,14,0,9,2,5,9,2,1,1,2,1,1,1,1,1,1,,,,,,0,,1,00,1,1,1,1
Public Abstract Class,"org.apache.fontbox.util.autodetect.NativeFontDirFinder",fontbox/src/main/java/org/apache/fontbox/util/autodetect/NativeFontDirFinder.java,5,5,6,1,31,0,25,6,2,9,3,,0,1,,,2,0,2,14,0,0,1,1,,49,4,30,8,12,15,,,8,15,8,11,,,,,5,5,6,1,1,4,0,0,50,5,5,6,1
Public Method,"org.apache.fontbox.util.autodetect.NativeFontDirFinder.find()",fontbox/src/main/java/org/apache/fontbox/util/autodetect/NativeFontDirFinder.java,,,,,,,,,,,,,,,,,,,,,,,,,2,31,0,25,5,11,6,7,5,6,12,5,10,5,5,6,1,,,,,,4,,0,24,5,5,6,1
Protected Abstract Method,"org.apache.fontbox.util.autodetect.NativeFontDirFinder.getSearchableDirectories()",fontbox/src/main/java/org/apache/fontbox/util/autodetect/NativeFontDirFinder.java,,,,,,,,,,,,,,,,,,,,,,,,,1,6,0,1,1,0,5,1,0,1,1,1,0,0,0,0,0,,,,,,0,,5,00,0,0,0,0
Public Class,"org.apache.fontbox.util.autodetect.OS400FontDirFinder",fontbox/src/main/java/org/apache/fontbox/util/autodetect/OS400FontDirFinder.java,1,1,1,1,7,0,7,1,1,3,0,,0,0,,,1,0,1,15,0,0,1,0,,13,0,10,3,3,4,,,1,3,2,1,,,,,1,1,1,1,2,0,0,0,40,1,1,1,1
Protected Method,"org.apache.fontbox.util.autodetect.OS400FontDirFinder.getSearchableDirectories()",fontbox/src/main/java/org/apache/fontbox/util/autodetect/OS400FontDirFinder.java,,,,,,,,,,,,,,,,,,,,,,,,,0,7,0,7,2,3,1,2,1,1,2,1,1,1,1,1,1,,,,,,0,,0,14,1,1,1,1
Public Class,"org.apache.fontbox.util.autodetect.UnixFontDirFinder",fontbox/src/main/java/org/apache/fontbox/util/autodetect/UnixFontDirFinder.java,1,1,1,1,16,0,11,11,1,3,0,,0,0,,,1,0,1,15,0,0,1,0,,24,1,14,3,7,15,,,1,3,2,1,,,,,1,1,1,1,2,0,0,1,07,1,1,1,1
Protected Method,"org.apache.fontbox.util.autodetect.UnixFontDirFinder.getSearchableDirectories()",fontbox/src/main/java/org/apache/fontbox/util/autodetect/UnixFontDirFinder.java,,,,,,,,,,,,,,,,,,,,,,,,,0,16,0,11,2,7,11,2,1,1,2,1,1,1,1,1,1,,,,,,0,,1,00,1,1,1,1
Public Class,"org.apache.fontbox.util.autodetect.WindowsFontDirFinder",fontbox/src/main/java/org/apache/fontbox/util/autodetect/WindowsFontDirFinder.java,10,10,13,4,68,1,59,8,2,16,0,,0,1,,,2,0,2,14,0,1,0,1,,148,5,122,16,59,21,,,38,59,16,50,,,,,18,18,25,8,1,4,0,0,17,20,20,27,9
Public Method,"org.apache.fontbox.util.autodetect.WindowsFontDirFinder.find()",fontbox/src/main/java/org/apache/fontbox/util/autodetect/WindowsFontDirFinder.java,,,,,,,,,,,,,,,,,,,,,,,,,7,115,2,100,11,50,13,13,576,32,49,11,43,18,18,25,8,,,,,,4,,0,13,18,18,25,8
Private Method,"org.apache.fontbox.util.autodetect.WindowsFontDirFinder.getWinDir(String)",fontbox/src/main/java/org/apache/fontbox/util/autodetect/WindowsFontDirFinder.java,,,,,,,,,,,,,,,,,,,,,,,,,3,22,0,18,3,8,4,8,2,5,8,3,6,2,2,2,1,,,,,,1,,0,22,2,2,2,1
Package,"org.apache.pdfbox",pdfbox/src/main/java/org/apache/pdfbox/Loader.java,1,1,1,1,17,0,6,10,,,,1,23,0,1,,1,0,24,,0,1,0,23,,465,16,167,61,48,282,,,57,87,50,42,,,,,2,2,2,1,,1,,1,69,27,27,27,24
Public Class,"org.apache.pdfbox.Loader",pdfbox/src/main/java/org/apache/pdfbox/Loader.java,1,1,1,1,17,0,6,10,1,16,0,,23,0,,,1,0,24,36,0,1,0,23,,428,12,150,44,48,266,,,40,70,33,42,,,,,2,2,2,1,1,1,0,1,77,27,27,27,24
Private Constructor,"org.apache.pdfbox.Loader.Loader()",pdfbox/src/main/java/org/apache/pdfbox/Loader.java,,,,,,,,,,,,,,,,,,,,,,,,,0,3,0,3,1,0,0,1,1,0,1,1,0,1,1,1,1,,,,,,0,,0,00,1,1,1,1
Public Static Method,"org.apache.pdfbox.Loader.loadFDF(File)",pdfbox/src/main/java/org/apache/pdfbox/Loader.java,,,,,,,,,,,,,,,,,,,,,,,,,4,17,0,8,2,3,9,4,1,2,4,2,3,1,1,1,1,,,,,,1,,1,12,1,1,1,1
Public Static Method,"org.apache.pdfbox.Loader.loadFDF(InputStream)",pdfbox/src/main/java/org/apache/pdfbox/Loader.java,,,,,,,,,,,,,,,,,,,,,,,,,1,17,0,8,2,3,9,4,1,2,4,2,3,1,1,1,1,,,,,,1,,1,12,1,1,1,1
Public Static Method,"org.apache.pdfbox.Loader.loadFDF(String)",pdfbox/src/main/java/org/apache/pdfbox/Loader.java,,,,,,,,,,,,,,,,,,,,,,,,,1,13,0,4,1,1,9,3,1,1,2,1,1,1,1,1,1,,,,,,0,,2,25,1,1,1,1
Public Static Method,"org.apache.pdfbox.Loader.loadPDF(File)",pdfbox/src/main/java/org/apache/pdfbox/Loader.java,,,,,,,,,,,,,,,,,,,,,,,,,179,14,0,4,1,1,10,3,1,1,2,1,1,1,1,1,1,,,,,,0,,2,50,1,1,1,1
Public Static Method,"org.apache.pdfbox.Loader.loadPDF(File,MemoryUsageSetting)",pdfbox/src/main/java/org/apache/pdfbox/Loader.java,,,,,,,,,,,,,,,,,,,,,,,,,7,15,0,4,1,1,11,2,1,1,2,1,1,1,1,1,1,,,,,,0,,2,75,1,1,1,1
Public Static Method,"org.apache.pdfbox.Loader.loadPDF(File,String)",pdfbox/src/main/java/org/apache/pdfbox/Loader.java,,,,,,,,,,,,,,,,,,,,,,,,,22,15,0,4,1,1,11,3,1,1,2,1,1,1,1,1,1,,,,,,0,,2,75,1,1,1,1
Public Static Method,"org.apache.pdfbox.Loader.loadPDF(File,String,InputStream,String)",pdfbox/src/main/java/org/apache/pdfbox/Loader.java,,,,,,,,,,,,,,,,,,,,,,,,,5,17,0,5,2,1,12,3,1,1,2,1,1,1,1,1,1,,,,,,0,,2,40,1,1,1,1
Public Static Method,"org.apache.pdfbox.Loader.loadPDF(File,String,InputStream,String,MemoryUsageSetting)",pdfbox/src/main/java/org/apache/pdfbox/Loader.java,,,,,,,,,,,,,,,,,,,,,,,,,11,29,0,15,3,7,14,4,2,5,7,2,5,2,2,2,1,,,,,,1,,0,93,2,2,2,1
Public Static Method,"org.apache.pdfbox.Loader.loadPDF(File,String,MemoryUsageSetting)",pdfbox/src/main/java/org/apache/pdfbox/Loader.java,,,,,,,,,,,,,,,,,,,,,,,,,4,17,0,5,2,1,12,2,1,1,2,1,1,1,1,1,1,,,,,,0,,2,40,1,1,1,1
Public Static Method,"org.apache.pdfbox.Loader.loadPDF(InputStream)",pdfbox/src/main/java/org/apache/pdfbox/Loader.java,,,,,,,,,,,,,,,,,,,,,,,,,40,15,0,4,1,1,11,3,1,1,2,1,1,1,1,1,1,,,,,,0,,2,75,1,1,1,1
Public Static Method,"org.apache.pdfbox.Loader.loadPDF(InputStream,MemoryUsageSetting)",pdfbox/src/main/java/org/apache/pdfbox/Loader.java,,,,,,,,,,,,,,,,,,,,,,,,,4,17,0,5,2,1,12,2,1,1,2,1,1,1,1,1,1,,,,,,0,,2,40,1,1,1,1
Public Static Method,"org.apache.pdfbox.Loader.loadPDF(InputStream,String)",pdfbox/src/main/java/org/apache/pdfbox/Loader.java,,,,,,,,,,,,,,,,,,,,,,,,,3,16,0,4,1,1,12,3,1,1,2,1,1,1,1,1,1,,,,,,0,,3,00,1,1,1,1
Public Static Method,"org.apache.pdfbox.Loader.loadPDF(InputStream,String,InputStream,String)",pdfbox/src/main/java/org/apache/pdfbox/Loader.java,,,,,,,,,,,,,,,,,,,,,,,,,6,18,0,5,2,1,13,3,1,1,2,1,1,1,1,1,1,,,,,,0,,2,60,1,1,1,1
Public Static Method,"org.apache.pdfbox.Loader.loadPDF(InputStream,String,InputStream,String,MemoryUsageSetting)",pdfbox/src/main/java/org/apache/pdfbox/Loader.java,,,,,,,,,,,,,,,,,,,,,,,,,13,31,0,16,4,8,15,5,2,6,8,3,6,2,2,2,1,,,,,,1,,0,94,2,2,2,1
Public Static Method,"org.apache.pdfbox.Loader.loadPDF(InputStream,String,MemoryUsageSetting)",pdfbox/src/main/java/org/apache/pdfbox/Loader.java,,,,,,,,,,,,,,,,,,,,,,,,,3,18,0,5,2,1,13,2,1,1,2,1,1,1,1,1,1,,,,,,0,,2,60,1,1,1,1
Public Static Method,"org.apache.pdfbox.Loader.loadPDF(RandomAccessRead,String,InputStream,String,MemoryUsageSetting)",pdfbox/src/main/java/org/apache/pdfbox/Loader.java,,,,,,,,,,,,,,,,,,,,,,,,,6,20,0,7,4,2,13,3,1,2,3,2,2,1,1,1,1,,,,,,0,,1,86,1,1,1,1
Public Static Method,"org.apache.pdfbox.Loader.loadPDF(byte[])",pdfbox/src/main/java/org/apache/pdfbox/Loader.java,,,,,,,,,,,,,,,,,,,,,,,,,20,14,0,4,1,1,10,2,1,1,2,1,1,1,1,1,1,,,,,,0,,2,50,1,1,1,1
Public Static Method,"org.apache.pdfbox.Loader.loadPDF(byte[],String)",pdfbox/src/main/java/org/apache/pdfbox/Loader.java,,,,,,,,,,,,,,,,,,,,,,,,,4,15,0,4,1,1,11,2,1,1,2,1,1,1,1,1,1,,,,,,0,,2,75,1,1,1,1
Public Static Method,"org.apache.pdfbox.Loader.loadPDF(byte[],String,InputStream,String)",pdfbox/src/main/java/org/apache/pdfbox/Loader.java,,,,,,,,,,,,,,,,,,,,,,,,,5,18,0,5,2,1,13,3,1,1,2,1,1,1,1,1,1,,,,,,0,,2,60,1,1,1,1
Public Static Method,"org.apache.pdfbox.Loader.loadPDF(byte[],String,InputStream,String,MemoryUsageSetting)",pdfbox/src/main/java/org/apache/pdfbox/Loader.java,,,,,,,,,,,,,,,,,,,,,,,,,7,31,0,16,4,8,15,5,2,6,8,3,6,2,2,2,1,,,,,,1,,0,94,2,2,2,1
Public Static Method,"org.apache.pdfbox.Loader.loadXFDF(File)",pdfbox/src/main/java/org/apache/pdfbox/Loader.java,,,,,,,,,,,,,,,,,,,,,,,,,3,13,0,4,1,1,9,4,1,1,2,1,1,1,1,1,1,,,,,,0,,2,25,1,1,1,1
Public Static Method,"org.apache.pdfbox.Loader.loadXFDF(InputStream)",pdfbox/src/main/java/org/apache/pdfbox/Loader.java,,,,,,,,,,,,,,,,,,,,,,,,,3,13,0,4,1,1,9,3,1,1,2,1,1,1,1,1,1,,,,,,0,,2,25,1,1,1,1
Public Static Method,"org.apache.pdfbox.Loader.loadXFDF(String)",pdfbox/src/main/java/org/apache/pdfbox/Loader.java,,,,,,,,,,,,,,,,,,,,,,,,,1,13,0,4,1,1,9,4,1,1,2,1,1,1,1,1,1,,,,,,0,,2,25,1,1,1,1
Package,"org.apache.pdfbox.benchmark",benchmark/src/main/java/org/apache/pdfbox/benchmark/LoadAndSave.java,1,1,1,1,9,0,9,0,,,,4,0,7,4,,19,0,19,,0,0,0,19,,359,38,252,165,92,69,,,140,170,118,88,,,,,2,2,2,1,,1,,0,27,25,25,25,19
Public Class,"org.apache.pdfbox.benchmark.LoadAndSave",benchmark/src/main/java/org/apache/pdfbox/benchmark/LoadAndSave.java,1,1,1,1,8,0,8,0,1,13,0,,0,2,,,8,0,8,20,0,0,0,8,,77,10,67,43,26,0,,,26,35,19,24,,,,,1,1,1,1,1,0,0,0,00,8,8,8,8
Public Method,"org.apache.pdfbox.benchmark.LoadAndSave.loadLargeFile(Blackhole)",benchmark/src/main/java/org/apache/pdfbox/benchmark/LoadAndSave.java,,,,,,,,,,,,,,,,,,,,,,,,,2,8,0,8,5,3,0,4,1,3,4,2,3,1,1,1,1,,,,,,0,,0,00,1,1,1,1
Public Method,"org.apache.pdfbox.benchmark.LoadAndSave.loadMediumFile(Blackhole)",benchmark/src/main/java/org/apache/pdfbox/benchmark/LoadAndSave.java,,,,,,,,,,,,,,,,,,,,,,,,,2,8,0,8,5,3,0,4,1,3,4,2,3,1,1,1,1,,,,,,0,,0,00,1,1,1,1
Public Method,"org.apache.pdfbox.benchmark.LoadAndSave.saveIncrementalLargeFile(Blackhole)",benchmark/src/main/java/org/apache/pdfbox/benchmark/LoadAndSave.java,,,,,,,,,,,,,,,,,,,,,,,,,1,8,0,8,5,3,0,4,1,3,4,2,3,1,1,1,1,,,,,,0,,0,00,1,1,1,1
Public Method,"org.apache.pdfbox.benchmark.LoadAndSave.saveIncrementalMediumFile(Blackhole)",benchmark/src/main/java/org/apache/pdfbox/benchmark/LoadAndSave.java,,,,,,,,,,,,,,,,,,,,,,,,,1,8,0,8,5,3,0,4,1,3,4,2,3,1,1,1,1,,,,,,0,,0,00,1,1,1,1
Public Method,"org.apache.pdfbox.benchmark.LoadAndSave.saveLargeFile(Blackhole)",benchmark/src/main/java/org/apache/pdfbox/benchmark/LoadAndSave.java,,,,,,,,,,,,,,,,,,,,,,,,,1,8,0,8,5,3,0,4,1,3,4,2,3,1,1,1,1,,,,,,0,,0,00,1,1,1,1
Public Method,"org.apache.pdfbox.benchmark.LoadAndSave.saveMediumFile(Blackhole)",benchmark/src/main/java/org/apache/pdfbox/benchmark/LoadAndSave.java,,,,,,,,,,,,,,,,,,,,,,,,,1,8,0,8,5,3,0,4,1,3,4,2,3,1,1,1,1,,,,,,0,,0,00,1,1,1,1
Public Method,"org.apache.pdfbox.benchmark.LoadAndSave.saveNoCompressionLargeFile(Blackhole)",benchmark/src/main/java/org/apache/pdfbox/benchmark/LoadAndSave.java,,,,,,,,,,,,,,,,,,,,,,,,,2,8,0,8,5,3,0,4,1,3,4,2,3,1,1,1,1,,,,,,0,,0,00,1,1,1,1
Public Method,"org.apache.pdfbox.benchmark.LoadAndSave.saveNoCompressionMediumFile(Blackhole)",benchmark/src/main/java/org/apache/pdfbox/benchmark/LoadAndSave.java,,,,,,,,,,,,,,,,,,,,,,,,,2,8,0,8,5,3,0,4,1,3,4,2,3,1,1,1,1,,,,,,0,,0,00,1,1,1,1
Public Class,"org.apache.pdfbox.benchmark.NullOutputStream",benchmark/src/main/java/org/apache/pdfbox/benchmark/NullOutputStream.java,1,1,1,1,4,0,3,1,1,2,0,,0,0,,,3,0,3,22,0,0,0,3,,17,3,11,7,0,3,,,0,4,4,0,,,,,1,1,1,1,1,0,0,0,27,3,3,3,3
Public Method,"org.apache.pdfbox.benchmark.NullOutputStream.write(byte[])",benchmark/src/main/java/org/apache/pdfbox/benchmark/NullOutputStream.java,,,,,,,,,,,,,,,,,,,,,,,,,0,4,0,3,2,0,1,0,1,0,1,1,0,1,1,1,1,,,,,,0,,0,33,1,1,1,1
Public Method,"org.apache.pdfbox.benchmark.NullOutputStream.write(byte[],int,int)",benchmark/src/main/java/org/apache/pdfbox/benchmark/NullOutputStream.java,,,,,,,,,,,,,,,,,,,,,,,,,0,4,0,3,2,0,1,0,1,0,1,1,0,1,1,1,1,,,,,,0,,0,33,1,1,1,1
Public Method,"org.apache.pdfbox.benchmark.NullOutputStream.write(int)",benchmark/src/main/java/org/apache/pdfbox/benchmark/NullOutputStream.java,,,,,,,,,,,,,,,,,,,,,,,,,0,4,0,3,2,0,1,0,1,0,1,1,0,1,1,1,1,,,,,,0,,0,33,1,1,1,1
Public Class,"org.apache.pdfbox.benchmark.Rendering",benchmark/src/main/java/org/apache/pdfbox/benchmark/Rendering.java,2,2,2,1,13,0,13,0,1,20,0,,0,4,,,6,0,6,18,0,0,0,6,,106,8,96,52,50,2,,,53,67,39,50,,,,,2,2,2,1,1,1,0,0,02,12,12,12,6
Public Method,"org.apache.pdfbox.benchmark.Rendering.renderAltona(Blackhole)",benchmark/src/main/java/org/apache/pdfbox/benchmark/Rendering.java,,,,,,,,,,,,,,,,,,,,,,,,,2,14,0,14,8,7,0,8,2,8,10,6,8,2,2,2,1,,,,,,1,,0,00,2,2,2,1
Public Method,"org.apache.pdfbox.benchmark.Rendering.renderAltonaNoOutput(Blackhole)",benchmark/src/main/java/org/apache/pdfbox/benchmark/Rendering.java,,,,,,,,,,,,,,,,,,,,,,,,,2,13,0,13,7,6,0,7,2,7,9,5,7,2,2,2,1,,,,,,1,,0,00,2,2,2,1
Public Method,"org.apache.pdfbox.benchmark.Rendering.renderGhentCMYK(Blackhole)",benchmark/src/main/java/org/apache/pdfbox/benchmark/Rendering.java,,,,,,,,,,,,,,,,,,,,,,,,,2,14,0,14,8,7,0,8,2,8,10,6,8,2,2,2,1,,,,,,1,,0,00,2,2,2,1
Public Method,"org.apache.pdfbox.benchmark.Rendering.renderGhentCMYKNoOutput(Blackhole)",benchmark/src/main/java/org/apache/pdfbox/benchmark/Rendering.java,,,,,,,,,,,,,,,,,,,,,,,,,2,13,0,13,7,6,0,7,2,7,9,5,7,2,2,2,1,,,,,,1,,0,00,2,2,2,1
Public Method,"org.apache.pdfbox.benchmark.Rendering.renderPDFSpec(Blackhole)",benchmark/src/main/java/org/apache/pdfbox/benchmark/Rendering.java,,,,,,,,,,,,,,,,,,,,,,,,,2,14,0,14,8,7,0,10,2,8,10,6,8,2,2,2,1,,,,,,1,,0,00,2,2,2,1
Public Method,"org.apache.pdfbox.benchmark.Rendering.renderPDFSpecNoOutput(Blackhole)",benchmark/src/main/java/org/apache/pdfbox/benchmark/Rendering.java,,,,,,,,,,,,,,,,,,,,,,,,,2,13,0,13,7,6,0,7,2,7,9,5,7,2,2,2,1,,,,,,1,,0,00,2,2,2,1
Public Class,"org.apache.pdfbox.benchmark.TextExtraction",benchmark/src/main/java/org/apache/pdfbox/benchmark/TextExtraction.java,1,1,1,1,11,0,11,0,1,13,0,,0,1,,,2,0,2,14,0,0,0,2,,34,5,29,17,16,0,,,15,18,10,14,,,,,1,1,1,1,1,0,0,0,00,2,2,2,2
Public Method,"org.apache.pdfbox.benchmark.TextExtraction.extractPDFSpecSorted(Blackhole)",benchmark/src/main/java/org/apache/pdfbox/benchmark/TextExtraction.java,,,,,,,,,,,,,,,,,,,,,,,,,2,11,0,11,7,6,0,7,1,6,7,4,6,1,1,1,1,,,,,,0,,0,00,1,1,1,1
Public Method,"org.apache.pdfbox.benchmark.TextExtraction.extractPDFSpecUnsorted(Blackhole)",benchmark/src/main/java/org/apache/pdfbox/benchmark/TextExtraction.java,,,,,,,,,,,,,,,,,,,,,,,,,2,11,0,11,7,6,0,7,1,6,7,4,6,1,1,1,1,,,,,,0,,0,00,1,1,1,1
Package,"org.apache.pdfbox.contentstream",pdfbox/src/main/java/org/apache/pdfbox/contentstream/PDContentStream.java,1,1,1,1,18,0,11,6,,,,3,0,1,3,,75,11,75,,5,7,21,42,,1461,143,824,307,363,498,,,450,553,294,322,,,,,7,7,7,1,,3,,0,60,94,94,102,57
Public Interface,"org.apache.pdfbox.contentstream.PDContentStream",pdfbox/src/main/java/org/apache/pdfbox/contentstream/PDContentStream.java,0,0,0,0,0,0,0,0,0,6,4,,0,0,,,5,0,5,5,5,0,0,0,,33,4,8,6,0,21,,,5,6,6,0,,,,,0,0,0,0,0,0,0,2,62,0,0,0,0
Abstract Method,"org.apache.pdfbox.contentstream.PDContentStream.getBBox()",pdfbox/src/main/java/org/apache/pdfbox/contentstream/PDContentStream.java,,,,,,,,,,,,,,,,,,,,,,,,,1,4,0,1,1,0,3,1,0,1,1,1,0,0,0,0,0,,,,,,0,,3,00,0,0,0,0
Abstract Method,"org.apache.pdfbox.contentstream.PDContentStream.getContents()",pdfbox/src/main/java/org/apache/pdfbox/contentstream/PDContentStream.java,,,,,,,,,,,,,,,,,,,,,,,,,0,7,0,1,1,0,6,1,0,1,1,1,0,0,0,0,0,,,,,,0,,6,00,0,0,0,0
Abstract Method,"org.apache.pdfbox.contentstream.PDContentStream.getContentsForRandomAccess()",pdfbox/src/main/java/org/apache/pdfbox/contentstream/PDContentStream.java,,,,,,,,,,,,,,,,,,,,,,,,,1,7,0,1,1,0,6,1,0,1,1,1,0,0,0,0,0,,,,,,0,,6,00,0,0,0,0
Abstract Method,"org.apache.pdfbox.contentstream.PDContentStream.getMatrix()",pdfbox/src/main/java/org/apache/pdfbox/contentstream/PDContentStream.java,,,,,,,,,,,,,,,,,,,,,,,,,1,4,0,1,1,0,3,1,0,1,1,1,0,0,0,0,0,,,,,,0,,3,00,0,0,0,0
Abstract Method,"org.apache.pdfbox.contentstream.PDContentStream.getResources()",pdfbox/src/main/java/org/apache/pdfbox/contentstream/PDContentStream.java,,,,,,,,,,,,,,,,,,,,,,,,,1,4,0,1,1,0,3,1,0,1,1,1,0,0,0,0,0,,,,,,0,,3,00,0,0,0,0
Public Abstract Class,"org.apache.pdfbox.contentstream.PDFGraphicsStreamEngine",pdfbox/src/main/java/org/apache/pdfbox/contentstream/PDFGraphicsStreamEngine.java,1,1,1,1,40,0,36,3,1,70,3,,0,0,,,15,1,15,82,0,0,2,13,,174,16,93,20,67,66,,,81,84,17,67,,,,,1,1,1,1,2,0,0,0,71,2,2,2,2
Protected Constructor,"org.apache.pdfbox.contentstream.PDFGraphicsStreamEngine.PDFGraphicsStreamEngine(PDPage)",pdfbox/src/main/java/org/apache/pdfbox/contentstream/PDFGraphicsStreamEngine.java,,,,,,,,,,,,,,,,,,,,,,,,,4,73,1,69,1,66,4,3,1,66,67,1,66,1,1,1,1,,,,,,0,,0,06,1,1,1,1
Public Abstract Method,"org.apache.pdfbox.contentstream.PDFGraphicsStreamEngine.appendRectangle(Point2D,Point2D,Point2D,Point2D)",pdfbox/src/main/java/org/apache/pdfbox/contentstream/PDFGraphicsStreamEngine.java,,,,,,,,,,,,,,,,,,,,,,,,,1,5,0,2,2,0,3,0,0,1,1,1,0,0,0,0,0,,,,,,0,,1,50,0,0,0,0
Public Abstract Method,"org.apache.pdfbox.contentstream.PDFGraphicsStreamEngine.clip(int)",pdfbox/src/main/java/org/apache/pdfbox/contentstream/PDFGraphicsStreamEngine.java,,,,,,,,,,,,,,,,,,,,,,,,,2,7,0,1,1,0,6,0,0,1,1,1,0,0,0,0,0,,,,,,0,,6,00,0,0,0,0
Public Abstract Method,"org.apache.pdfbox.contentstream.PDFGraphicsStreamEngine.closePath()",pdfbox/src/main/java/org/apache/pdfbox/contentstream/PDFGraphicsStreamEngine.java,,,,,,,,,,,,,,,,,,,,,,,,,1,4,0,1,1,0,3,0,0,1,1,1,0,0,0,0,0,,,,,,0,,3,00,0,0,0,0
Public Abstract Method,"org.apache.pdfbox.contentstream.PDFGraphicsStreamEngine.curveTo(float,float,float,float,float,float)",pdfbox/src/main/java/org/apache/pdfbox/contentstream/PDFGraphicsStreamEngine.java,,,,,,,,,,,,,,,,,,,,,,,,,3,6,0,3,3,0,3,0,0,1,1,1,0,0,0,0,0,,,,,,0,,1,00,0,0,0,0
Public Abstract Method,"org.apache.pdfbox.contentstream.PDFGraphicsStreamEngine.drawImage(PDImage)",pdfbox/src/main/java/org/apache/pdfbox/contentstream/PDFGraphicsStreamEngine.java,,,,,,,,,,,,,,,,,,,,,,,,,2,6,0,1,1,0,5,0,0,1,1,1,0,0,0,0,0,,,,,,0,,5,00,0,0,0,0
Public Abstract Method,"org.apache.pdfbox.contentstream.PDFGraphicsStreamEngine.endPath()",pdfbox/src/main/java/org/apache/pdfbox/contentstream/PDFGraphicsStreamEngine.java,,,,,,,,,,,,,,,,,,,,,,,,,1,4,0,1,1,0,3,0,0,1,1,1,0,0,0,0,0,,,,,,0,,3,00,0,0,0,0
Public Abstract Method,"org.apache.pdfbox.contentstream.PDFGraphicsStreamEngine.fillAndStrokePath(int)",pdfbox/src/main/java/org/apache/pdfbox/contentstream/PDFGraphicsStreamEngine.java,,,,,,,,,,,,,,,,,,,,,,,,,2,6,0,1,1,0,5,0,0,1,1,1,0,0,0,0,0,,,,,,0,,5,00,0,0,0,0
Public Abstract Method,"org.apache.pdfbox.contentstream.PDFGraphicsStreamEngine.fillPath(int)",pdfbox/src/main/java/org/apache/pdfbox/contentstream/PDFGraphicsStreamEngine.java,,,,,,,,,,,,,,,,,,,,,,,,,2,6,0,1,1,0,5,0,0,1,1,1,0,0,0,0,0,,,,,,0,,5,00,0,0,0,0
Public Abstract Method,"org.apache.pdfbox.contentstream.PDFGraphicsStreamEngine.getCurrentPoint()",pdfbox/src/main/java/org/apache/pdfbox/contentstream/PDFGraphicsStreamEngine.java,,,,,,,,,,,,,,,,,,,,,,,,,4,4,0,1,1,0,3,1,0,1,1,1,0,0,0,0,0,,,,,,0,,3,00,0,0,0,0
Protected Final Method,"org.apache.pdfbox.contentstream.PDFGraphicsStreamEngine.getPage()",pdfbox/src/main/java/org/apache/pdfbox/contentstream/PDFGraphicsStreamEngine.java,,,,,,,,,,,,,,,,,,,,,,,,,5,7,0,4,1,1,3,1,1,1,2,1,1,1,1,1,1,,,,,,0,,0,75,1,1,1,1
Public Abstract Method,"org.apache.pdfbox.contentstream.PDFGraphicsStreamEngine.lineTo(float,float)",pdfbox/src/main/java/org/apache/pdfbox/contentstream/PDFGraphicsStreamEngine.java,,,,,,,,,,,,,,,,,,,,,,,,,1,4,0,1,1,0,3,0,0,1,1,1,0,0,0,0,0,,,,,,0,,3,00,0,0,0,0
Public Abstract Method,"org.apache.pdfbox.contentstream.PDFGraphicsStreamEngine.moveTo(float,float)",pdfbox/src/main/java/org/apache/pdfbox/contentstream/PDFGraphicsStreamEngine.java,,,,,,,,,,,,,,,,,,,,,,,,,4,4,0,1,1,0,3,0,0,1,1,1,0,0,0,0,0,,,,,,0,,3,00,0,0,0,0
Public Abstract Method,"org.apache.pdfbox.contentstream.PDFGraphicsStreamEngine.shadingFill(COSName)",pdfbox/src/main/java/org/apache/pdfbox/contentstream/PDFGraphicsStreamEngine.java,,,,,,,,,,,,,,,,,,,,,,,,,1,6,0,1,1,0,5,0,0,1,1,1,0,0,0,0,0,,,,,,0,,5,00,0,0,0,0
Public Abstract Method,"org.apache.pdfbox.contentstream.PDFGraphicsStreamEngine.strokePath()",pdfbox/src/main/java/org/apache/pdfbox/contentstream/PDFGraphicsStreamEngine.java,,,,,,,,,,,,,,,,,,,,,,,,,1,6,0,1,1,0,5,0,0,1,1,1,0,0,0,0,0,,,,,,0,,5,00,0,0,0,0
Public Abstract Class,"org.apache.pdfbox.contentstream.PDFStreamEngine",pdfbox/src/main/java/org/apache/pdfbox/contentstream/PDFStreamEngine.java,1,1,1,1,17,0,10,6,1,64,4,,0,1,,,55,10,55,67,0,7,19,29,,1065,114,596,154,296,358,,,237,336,144,255,,,,,7,7,7,1,1,3,91,0,60,92,92,100,55
Protected Constructor,"org.apache.pdfbox.contentstream.PDFStreamEngine.PDFStreamEngine()",pdfbox/src/main/java/org/apache/pdfbox/contentstream/PDFStreamEngine.java,,,,,,,,,,,,,,,,,,,,,,,,,0,6,0,3,1,0,3,1,1,0,1,1,0,1,1,1,1,,,,,,0,,1,00,1,1,1,1
Public Final Method,"org.apache.pdfbox.contentstream.PDFStreamEngine.addOperator(OperatorProcessor)",pdfbox/src/main/java/org/apache/pdfbox/contentstream/PDFStreamEngine.java,,,,,,,,,,,,,,,,,,,,,,,,,8,10,0,5,1,2,5,3,1,2,3,1,2,1,1,1,1,,,,,,0,,1,00,1,1,1,1
Protected Method,"org.apache.pdfbox.contentstream.PDFStreamEngine.applyTextAdjustment(float,float)",pdfbox/src/main/java/org/apache/pdfbox/contentstream/PDFStreamEngine.java,,,,,,,,,,,,,,,,,,,,,,,,,4,11,0,4,1,1,7,1,1,1,2,1,1,1,1,1,1,,,,,,0,,1,75,1,1,1,1
Public Method,"org.apache.pdfbox.contentstream.PDFStreamEngine.beginMarkedContentSequence(COSName,COSDictionary)",pdfbox/src/main/java/org/apache/pdfbox/contentstream/PDFStreamEngine.java,,,,,,,,,,,,,,,,,,,,,,,,,2,10,0,3,1,0,7,0,1,0,1,1,0,1,1,1,1,,,,,,0,,2,33,1,1,1,1
Public Method,"org.apache.pdfbox.contentstream.PDFStreamEngine.beginText()",pdfbox/src/main/java/org/apache/pdfbox/contentstream/PDFStreamEngine.java,,,,,,,,,,,,,,,,,,,,,,,,,1,10,0,3,1,0,7,0,1,0,1,1,0,1,1,1,1,,,,,,0,,2,33,1,1,1,1
Private Method,"org.apache.pdfbox.contentstream.PDFStreamEngine.clipToRect(PDRectangle)",pdfbox/src/main/java/org/apache/pdfbox/contentstream/PDFStreamEngine.java,,,,,,,,,,,,,,,,,,,,,,,,,5,13,0,9,3,4,4,4,2,3,5,3,4,2,2,2,1,,,,,,1,,0,44,2,2,2,1
Public Method,"org.apache.pdfbox.contentstream.PDFStreamEngine.decreaseLevel()",pdfbox/src/main/java/org/apache/pdfbox/contentstream/PDFStreamEngine.java,,,,,,,,,,,,,,,,,,,,,,,,,5,13,0,8,1,3,5,2,2,2,4,1,3,2,2,2,1,,,,,,1,,0,62,2,2,2,1
Public Method,"org.apache.pdfbox.contentstream.PDFStreamEngine.endMarkedContentSequence()",pdfbox/src/main/java/org/apache/pdfbox/contentstream/PDFStreamEngine.java,,,,,,,,,,,,,,,,,,,,,,,,,1,7,0,3,1,0,4,0,1,0,1,1,0,1,1,1,1,,,,,,0,,1,33,1,1,1,1
Public Method,"org.apache.pdfbox.contentstream.PDFStreamEngine.endText()",pdfbox/src/main/java/org/apache/pdfbox/contentstream/PDFStreamEngine.java,,,,,,,,,,,,,,,,,,,,,,,,,1,10,0,3,1,0,7,0,1,0,1,1,0,1,1,1,1,,,,,,0,,2,33,1,1,1,1
Public Method,"org.apache.pdfbox.contentstream.PDFStreamEngine.getAppearance(PDAnnotation)",pdfbox/src/main/java/org/apache/pdfbox/contentstream/PDFStreamEngine.java,,,,,,,,,,,,,,,,,,,,,,,,,2,11,0,4,1,1,7,2,1,1,2,1,1,1,1,1,1,,,,,,0,,1,75,1,1,1,1
Public Method,"org.apache.pdfbox.contentstream.PDFStreamEngine.getCurrentPage()",pdfbox/src/main/java/org/apache/pdfbox/contentstream/PDFStreamEngine.java,,,,,,,,,,,,,,,,,,,,,,,,,2,7,0,4,1,1,3,1,1,1,2,1,1,1,1,1,1,,,,,,0,,0,75,1,1,1,1
Private Method,"org.apache.pdfbox.contentstream.PDFStreamEngine.getDefaultFont()",pdfbox/src/main/java/org/apache/pdfbox/contentstream/PDFStreamEngine.java,,,,,,,,,,,,,,,,,,,,,,,,,3,12,0,8,1,3,4,3,2,2,4,1,3,2,2,2,1,,,,,,1,,0,50,2,2,2,1
Public Method,"org.apache.pdfbox.contentstream.PDFStreamEngine.getGraphicsStackSize()",pdfbox/src/main/java/org/apache/pdfbox/contentstream/PDFStreamEngine.java,,,,,,,,,,,,,,,,,,,,,,,,,3,7,0,4,1,1,3,2,1,1,2,1,1,1,1,1,1,,,,,,0,,0,75,1,1,1,1
Public Method,"org.apache.pdfbox.contentstream.PDFStreamEngine.getGraphicsState()",pdfbox/src/main/java/org/apache/pdfbox/contentstream/PDFStreamEngine.java,,,,,,,,,,,,,,,,,,,,,,,,,73,7,0,4,1,1,3,2,1,1,2,1,1,1,1,1,1,,,,,,0,,0,75,1,1,1,1
Public Method,"org.apache.pdfbox.contentstream.PDFStreamEngine.getInitialMatrix()",pdfbox/src/main/java/org/apache/pdfbox/contentstream/PDFStreamEngine.java,,,,,,,,,,,,,,,,,,,,,,,,,5,7,0,4,1,1,3,1,1,1,2,1,1,1,1,1,1,,,,,,0,,0,75,1,1,1,1
Public Method,"org.apache.pdfbox.contentstream.PDFStreamEngine.getLevel()",pdfbox/src/main/java/org/apache/pdfbox/contentstream/PDFStreamEngine.java,,,,,,,,,,,,,,,,,,,,,,,,,4,10,0,4,1,1,6,1,1,1,2,1,1,1,1,1,1,,,,,,0,,1,50,1,1,1,1
Public Method,"org.apache.pdfbox.contentstream.PDFStreamEngine.getResources()",pdfbox/src/main/java/org/apache/pdfbox/contentstream/PDFStreamEngine.java,,,,,,,,,,,,,,,,,,,,,,,,,20,8,0,4,1,1,4,1,1,1,2,1,1,1,1,1,1,,,,,,0,,1,00,1,1,1,1
Public Method,"org.apache.pdfbox.contentstream.PDFStreamEngine.getTextLineMatrix()",pdfbox/src/main/java/org/apache/pdfbox/contentstream/PDFStreamEngine.java,,,,,,,,,,,,,,,,,,,,,,,,,2,7,0,4,1,1,3,1,1,1,2,1,1,1,1,1,1,,,,,,0,,0,75,1,1,1,1
Public Method,"org.apache.pdfbox.contentstream.PDFStreamEngine.getTextMatrix()",pdfbox/src/main/java/org/apache/pdfbox/contentstream/PDFStreamEngine.java,,,,,,,,,,,,,,,,,,,,,,,,,4,7,0,4,1,1,3,1,1,1,2,1,1,1,1,1,1,,,,,,0,,0,75,1,1,1,1
Public Method,"org.apache.pdfbox.contentstream.PDFStreamEngine.increaseLevel()",pdfbox/src/main/java/org/apache/pdfbox/contentstream/PDFStreamEngine.java,,,,,,,,,,,,,,,,,,,,,,,,,3,7,0,4,1,1,3,1,1,1,2,1,1,1,1,1,1,,,,,,0,,0,75,1,1,1,1
Private Method,"org.apache.pdfbox.contentstream.PDFStreamEngine.initPage(PDPage)",pdfbox/src/main/java/org/apache/pdfbox/contentstream/PDFStreamEngine.java,,,,,,,,,,,,,,,,,,,,,,,,,4,17,0,14,1,9,3,11,2,8,10,1,9,2,2,2,1,,,,,,1,,0,21,2,2,2,1
Protected Method,"org.apache.pdfbox.contentstream.PDFStreamEngine.operatorException(Operator,List<COSBase>,IOException)",pdfbox/src/main/java/org/apache/pdfbox/contentstream/PDFStreamEngine.java,,,,,,,,,,,,,,,,,,,,,,,,,4,30,0,22,2,10,8,5,4,4,8,1,7,4,4,6,1,,,,,,1,,0,36,4,4,6,1
Private Method,"org.apache.pdfbox.contentstream.PDFStreamEngine.popResources(PDResources)",pdfbox/src/main/java/org/apache/pdfbox/contentstream/PDFStreamEngine.java,,,,,,,,,,,,,,,,,,,,,,,,,6,7,0,4,1,1,3,1,1,1,2,1,1,1,1,1,1,,,,,,0,,0,75,1,1,1,1
Protected Method,"org.apache.pdfbox.contentstream.PDFStreamEngine.processAnnotation(PDAnnotation,PDAppearanceStream)",pdfbox/src/main/java/org/apache/pdfbox/contentstream/PDFStreamEngine.java,,,,,,,,,,,,,,,,,,,,,,,,,3,59,9,31,10,21,19,27,2,16,19,9,18,2,2,7,1,,,,,,2,,0,61,2,2,7,1
Protected Method,"org.apache.pdfbox.contentstream.PDFStreamEngine.processChildStream(PDContentStream,PDPage)",pdfbox/src/main/java/org/apache/pdfbox/contentstream/PDFStreamEngine.java,,,,,,,,,,,,,,,,,,,,,,,,,6,18,0,11,1,6,7,4,2,4,6,1,5,2,2,2,1,,,,,,1,,0,64,2,2,2,1
Protected Method,"org.apache.pdfbox.contentstream.PDFStreamEngine.processOperator(Operator,List<COSBase>)",pdfbox/src/main/java/org/apache/pdfbox/contentstream/PDFStreamEngine.java,,,,,,,,,,,,,,,,,,,,,,,,,9,28,0,21,3,10,7,6,3,6,9,3,8,3,3,3,1,,,,,,2,,0,33,3,3,3,1
Public Method,"org.apache.pdfbox.contentstream.PDFStreamEngine.processOperator(String,List<COSBase>)",pdfbox/src/main/java/org/apache/pdfbox/contentstream/PDFStreamEngine.java,,,,,,,,,,,,,,,,,,,,,,,,,9,12,0,5,2,2,7,2,1,2,3,2,2,1,1,1,1,,,,,,0,,1,40,1,1,1,1
Public Method,"org.apache.pdfbox.contentstream.PDFStreamEngine.processPage(PDPage)",pdfbox/src/main/java/org/apache/pdfbox/contentstream/PDFStreamEngine.java,,,,,,,,,,,,,,,,,,,,,,,,,7,16,0,10,1,5,6,4,2,4,6,1,5,2,2,2,1,,,,,,1,,0,60,2,2,2,1
Protected Method,"org.apache.pdfbox.contentstream.PDFStreamEngine.processSoftMask(PDTransparencyGroup)",pdfbox/src/main/java/org/apache/pdfbox/contentstream/PDFStreamEngine.java,,,,,,,,,,,,,,,,,,,,,,,,,3,13,0,8,2,5,5,7,1,5,6,2,5,1,1,1,1,,,,,,0,,0,62,1,1,1,1
Private Method,"org.apache.pdfbox.contentstream.PDFStreamEngine.processStream(PDContentStream)",pdfbox/src/main/java/org/apache/pdfbox/contentstream/PDFStreamEngine.java,,,,,,,,,,,,,,,,,,,,,,,,,5,34,4,21,6,14,9,13,1,12,14,6,12,1,1,1,1,,,,,,1,,0,43,1,1,1,1
Private Method,"org.apache.pdfbox.contentstream.PDFStreamEngine.processStreamOperators(PDContentStream)",pdfbox/src/main/java/org/apache/pdfbox/contentstream/PDFStreamEngine.java,,,,,,,,,,,,,,,,,,,,,,,,,6,25,0,19,4,10,6,6,3,7,10,4,9,3,3,3,1,,,,,,2,,0,32,3,3,3,1
Protected Final Method,"org.apache.pdfbox.contentstream.PDFStreamEngine.processTilingPattern(PDTilingPattern,PDColor,PDColorSpace)",pdfbox/src/main/java/org/apache/pdfbox/contentstream/PDFStreamEngine.java,,,,,,,,,,,,,,,,,,,,,,,,,4,13,0,5,2,1,8,2,1,1,2,1,1,1,1,1,1,,,,,,0,,1,60,1,1,1,1
Protected Final Method,"org.apache.pdfbox.contentstream.PDFStreamEngine.processTilingPattern(PDTilingPattern,PDColor,PDColorSpace,Matrix)",pdfbox/src/main/java/org/apache/pdfbox/contentstream/PDFStreamEngine.java,,,,,,,,,,,,,,,,,,,,,,,,,10,63,8,39,13,28,16,29,2,24,27,10,23,2,2,2,1,,,,,,1,,0,41,2,2,2,1
Protected Method,"org.apache.pdfbox.contentstream.PDFStreamEngine.processTransparencyGroup(PDTransparencyGroup)",pdfbox/src/main/java/org/apache/pdfbox/contentstream/PDFStreamEngine.java,,,,,,,,,,,,,,,,,,,,,,,,,7,48,8,29,5,20,11,18,2,16,19,5,17,2,2,2,1,,,,,,1,,0,38,2,2,2,1
Protected Method,"org.apache.pdfbox.contentstream.PDFStreamEngine.processType3Stream(PDType3CharProc,Matrix)",pdfbox/src/main/java/org/apache/pdfbox/contentstream/PDFStreamEngine.java,,,,,,,,,,,,,,,,,,,,,,,,,6,47,7,28,6,18,12,13,2,14,17,5,14,2,2,2,1,,,,,,1,,0,43,2,2,2,1
Private Method,"org.apache.pdfbox.contentstream.PDFStreamEngine.pushResources(PDContentStream)",pdfbox/src/main/java/org/apache/pdfbox/contentstream/PDFStreamEngine.java,,,,,,,,,,,,,,,,,,,,,,,,,8,30,2,21,3,10,7,5,4,6,10,3,8,4,4,4,1,,,,,,2,,0,33,4,4,4,1
Protected Final Method,"org.apache.pdfbox.contentstream.PDFStreamEngine.restoreGraphicsStack(Deque<PDGraphicsState>)",pdfbox/src/main/java/org/apache/pdfbox/contentstream/PDFStreamEngine.java,,,,,,,,,,,,,,,,,,,,,,,,,6,7,0,4,1,1,3,1,1,1,2,1,1,1,1,1,1,,,,,,0,,0,75,1,1,1,1
Public Method,"org.apache.pdfbox.contentstream.PDFStreamEngine.restoreGraphicsState()",pdfbox/src/main/java/org/apache/pdfbox/contentstream/PDFStreamEngine.java,,,,,,,,,,,,,,,,,,,,,,,,,4,7,0,4,1,1,3,1,1,1,2,1,1,1,1,1,1,,,,,,0,,0,75,1,1,1,1
Protected Final Method,"org.apache.pdfbox.contentstream.PDFStreamEngine.saveGraphicsStack()",pdfbox/src/main/java/org/apache/pdfbox/contentstream/PDFStreamEngine.java,,,,,,,,,,,,,,,,,,,,,,,,,6,12,0,7,2,4,5,6,1,4,5,2,3,1,1,1,1,,,,,,0,,0,71,1,1,1,1
Public Method,"org.apache.pdfbox.contentstream.PDFStreamEngine.saveGraphicsState()",pdfbox/src/main/java/org/apache/pdfbox/contentstream/PDFStreamEngine.java,,,,,,,,,,,,,,,,,,,,,,,,,4,7,0,4,1,1,3,3,1,1,2,1,1,1,1,1,1,,,,,,0,,0,75,1,1,1,1
Public Method,"org.apache.pdfbox.contentstream.PDFStreamEngine.setLineDashPattern(COSArray,int)",pdfbox/src/main/java/org/apache/pdfbox/contentstream/PDFStreamEngine.java,,,,,,,,,,,,,,,,,,,,,,,,,4,14,0,10,2,5,4,4,2,4,6,2,5,2,2,2,1,,,,,,1,,0,40,2,2,2,1
Public Method,"org.apache.pdfbox.contentstream.PDFStreamEngine.setTextLineMatrix(Matrix)",pdfbox/src/main/java/org/apache/pdfbox/contentstream/PDFStreamEngine.java,,,,,,,,,,,,,,,,,,,,,,,,,4,7,0,4,1,1,3,1,1,1,2,1,1,1,1,1,1,,,,,,0,,0,75,1,1,1,1
Public Method,"org.apache.pdfbox.contentstream.PDFStreamEngine.setTextMatrix(Matrix)",pdfbox/src/main/java/org/apache/pdfbox/contentstream/PDFStreamEngine.java,,,,,,,,,,,,,,,,,,,,,,,,,5,7,0,4,1,1,3,1,1,1,2,1,1,1,1,1,1,,,,,,0,,0,75,1,1,1,1
Public Method,"org.apache.pdfbox.contentstream.PDFStreamEngine.showAnnotation(PDAnnotation)",pdfbox/src/main/java/org/apache/pdfbox/contentstream/PDFStreamEngine.java,,,,,,,,,,,,,,,,,,,,,,,,,3,14,0,8,2,3,6,2,2,2,4,2,3,2,2,2,1,,,,,,1,,0,75,2,2,2,1
Protected Method,"org.apache.pdfbox.contentstream.PDFStreamEngine.showFontGlyph(Matrix,PDFont,int,Vector)",pdfbox/src/main/java/org/apache/pdfbox/contentstream/PDFStreamEngine.java,,,,,,,,,,,,,,,,,,,,,,,,,1,15,0,4,2,0,11,0,1,0,1,1,0,1,1,1,1,,,,,,0,,2,75,1,1,1,1
Public Method,"org.apache.pdfbox.contentstream.PDFStreamEngine.showForm(PDFormXObject)",pdfbox/src/main/java/org/apache/pdfbox/contentstream/PDFStreamEngine.java,,,,,,,,,,,,,,,,,,,,,,,,,7,18,0,12,1,5,6,4,4,2,5,1,4,3,3,3,1,,,,,,1,,0,50,3,3,3,1
Protected Method,"org.apache.pdfbox.contentstream.PDFStreamEngine.showGlyph(Matrix,PDFont,int,Vector)",pdfbox/src/main/java/org/apache/pdfbox/contentstream/PDFStreamEngine.java,,,,,,,,,,,,,,,,,,,,,,,,,7,22,0,12,2,4,10,2,2,2,4,1,3,2,2,2,1,,,,,,1,,0,83,2,2,2,1
Protected Method,"org.apache.pdfbox.contentstream.PDFStreamEngine.showText(byte[])",pdfbox/src/main/java/org/apache/pdfbox/contentstream/PDFStreamEngine.java,,,,,,,,,,,,,,,,,,,,,,,,,5,87,12,52,20,35,26,24,18,28,34,19,30,6,6,7,1,,,,,,2,,0,50,6,6,7,1
Public Method,"org.apache.pdfbox.contentstream.PDFStreamEngine.showTextString(byte[])",pdfbox/src/main/java/org/apache/pdfbox/contentstream/PDFStreamEngine.java,,,,,,,,,,,,,,,,,,,,,,,,,3,10,0,4,1,1,6,1,1,1,2,1,1,1,1,1,1,,,,,,0,,1,50,1,1,1,1
Public Method,"org.apache.pdfbox.contentstream.PDFStreamEngine.showTextStrings(COSArray)",pdfbox/src/main/java/org/apache/pdfbox/contentstream/PDFStreamEngine.java,,,,,,,,,,,,,,,,,,,,,,,,,4,56,3,46,10,25,7,14,12,18,26,11,21,7,7,7,1,,,,,,3,,0,15,7,7,7,1
Public Method,"org.apache.pdfbox.contentstream.PDFStreamEngine.showTransparencyGroup(PDTransparencyGroup)",pdfbox/src/main/java/org/apache/pdfbox/contentstream/PDFStreamEngine.java,,,,,,,,,,,,,,,,,,,,,,,,,4,10,0,4,1,1,6,1,1,1,2,1,1,1,1,1,1,,,,,,0,,1,50,1,1,1,1
Protected Method,"org.apache.pdfbox.contentstream.PDFStreamEngine.showType3Glyph(Matrix,PDType3Font,int,Vector)",pdfbox/src/main/java/org/apache/pdfbox/contentstream/PDFStreamEngine.java,,,,,,,,,,,,,,,,,,,,,,,,,5,19,0,9,3,3,10,2,2,2,4,2,3,2,2,2,1,,,,,,1,,1,11,2,2,2,1
Protected Method,"org.apache.pdfbox.contentstream.PDFStreamEngine.transformWidth(float)",pdfbox/src/main/java/org/apache/pdfbox/contentstream/PDFStreamEngine.java,,,,,,,,,,,,,,,,,,,,,,,,,3,10,0,7,4,4,3,8,1,4,5,4,4,1,1,1,1,,,,,,0,,0,43,1,1,1,1
Public Method,"org.apache.pdfbox.contentstream.PDFStreamEngine.transformedPoint(float,float)",pdfbox/src/main/java/org/apache/pdfbox/contentstream/PDFStreamEngine.java,,,,,,,,,,,,,,,,,,,,,,,,,8,10,0,7,2,4,3,5,1,3,4,2,2,1,1,1,1,,,,,,0,,0,43,1,1,1,1
Protected Method,"org.apache.pdfbox.contentstream.PDFStreamEngine.unsupportedOperator(Operator,List<COSBase>)",pdfbox/src/main/java/org/apache/pdfbox/contentstream/PDFStreamEngine.java,,,,,,,,,,,,,,,,,,,,,,,,,1,10,0,3,1,0,7,0,1,0,1,1,0,1,1,1,1,,,,,,0,,2,33,1,1,1,1
Package,"org.apache.pdfbox.contentstream.operator",pdfbox/src/main/java/org/apache/pdfbox/contentstream/operator/DrawObject.java,1,1,1,1,12,0,7,4,,,,5,1,75,5,,17,4,18,,0,2,2,14,,476,44,245,133,120,187,,,136,168,130,42,,,,,7,7,7,5,,3,,0,76,26,26,27,20
Public Class,"org.apache.pdfbox.contentstream.operator.DrawObject",pdfbox/src/main/java/org/apache/pdfbox/contentstream/operator/DrawObject.java,4,4,4,3,26,1,24,0,1,17,0,,0,1,,,2,0,2,20,0,0,0,2,,64,5,52,9,23,7,,,14,24,7,20,,,,,7,7,7,5,2,3,0,0,13,8,8,8,6
Public Method,"org.apache.pdfbox.contentstream.operator.DrawObject.getName()",pdfbox/src/main/java/org/apache/pdfbox/contentstream/operator/DrawObject.java,,,,,,,,,,,,,,,,,,,,,,,,,1,5,0,5,2,1,0,1,1,1,2,1,1,1,1,1,1,,,,,,0,,0,00,1,1,1,1
Public Method,"org.apache.pdfbox.contentstream.operator.DrawObject.process(Operator,List<COSBase>)",pdfbox/src/main/java/org/apache/pdfbox/contentstream/operator/DrawObject.java,,,,,,,,,,,,,,,,,,,,,,,,,4,47,3,43,5,21,1,12,12,12,20,4,18,7,7,7,5,,,,,,3,,0,02,7,7,7,5
Public Final Class,"org.apache.pdfbox.contentstream.operator.MissingOperandException",pdfbox/src/main/java/org/apache/pdfbox/contentstream/operator/MissingOperandException.java,1,1,1,1,4,0,4,0,1,2,0,,0,0,,,1,0,1,48,0,0,0,1,,10,0,7,2,1,3,,,1,3,2,1,,,,,1,1,1,1,1,0,0,0,43,1,1,1,1
Public Constructor,"org.apache.pdfbox.contentstream.operator.MissingOperandException.MissingOperandException(Operator,List<COSBase>)",pdfbox/src/main/java/org/apache/pdfbox/contentstream/operator/MissingOperandException.java,,,,,,,,,,,,,,,,,,,,,,,,,31,4,0,4,1,1,0,4,1,1,2,1,1,1,1,1,1,,,,,,0,,0,00,1,1,1,1
Public Final Class,"org.apache.pdfbox.contentstream.operator.Operator",pdfbox/src/main/java/org/apache/pdfbox/contentstream/operator/Operator.java,1,1,1,1,12,0,6,5,1,8,0,,1,1,,,7,3,8,20,0,1,0,7,,125,10,62,15,20,53,,,18,31,14,18,,,,,4,4,5,1,1,3,70,0,85,12,12,13,8
Private Constructor,"org.apache.pdfbox.contentstream.operator.Operator.Operator(String)",pdfbox/src/main/java/org/apache/pdfbox/contentstream/operator/Operator.java,,,,,,,,,,,,,,,,,,,,,,,,,2,14,0,8,1,3,6,4,2,2,4,1,3,2,2,2,1,,,,,,1,,0,75,2,2,2,1
Public Method,"org.apache.pdfbox.contentstream.operator.Operator.getImageData()",pdfbox/src/main/java/org/apache/pdfbox/contentstream/operator/Operator.java,,,,,,,,,,,,,,,,,,,,,,,,,9,10,0,4,1,1,6,1,1,1,2,1,1,1,1,1,1,,,,,,0,,1,50,1,1,1,1
Public Method,"org.apache.pdfbox.contentstream.operator.Operator.getImageParameters()",pdfbox/src/main/java/org/apache/pdfbox/contentstream/operator/Operator.java,,,,,,,,,,,,,,,,,,,,,,,,,8,9,0,4,1,1,5,1,1,1,2,1,1,1,1,1,1,,,,,,0,,1,25,1,1,1,1
Public Method,"org.apache.pdfbox.contentstream.operator.Operator.getName()",pdfbox/src/main/java/org/apache/pdfbox/contentstream/operator/Operator.java,,,,,,,,,,,,,,,,,,,,,,,,,31,9,0,4,1,1,5,1,1,1,2,1,1,1,1,1,1,,,,,,0,,1,25,1,1,1,1
Public Static Method,"org.apache.pdfbox.contentstream.operator.Operator.getOperator(String)",pdfbox/src/main/java/org/apache/pdfbox/contentstream/operator/Operator.java,,,,,,,,,,,,,,,,,,,,,,,,,6,33,1,22,2,10,10,5,4,6,10,2,8,4,4,5,1,,,,,,3,,0,45,4,4,5,1
Public Method,"org.apache.pdfbox.contentstream.operator.Operator.setImageData(byte[])",pdfbox/src/main/java/org/apache/pdfbox/contentstream/operator/Operator.java,,,,,,,,,,,,,,,,,,,,,,,,,2,9,0,4,1,1,5,1,1,1,2,1,1,1,1,1,1,,,,,,0,,1,25,1,1,1,1
Public Method,"org.apache.pdfbox.contentstream.operator.Operator.setImageParameters(COSDictionary)",pdfbox/src/main/java/org/apache/pdfbox/contentstream/operator/Operator.java,,,,,,,,,,,,,,,,,,,,,,,,,2,9,0,4,1,1,5,1,1,1,2,1,1,1,1,1,1,,,,,,0,,1,25,1,1,1,1
Public Method,"org.apache.pdfbox.contentstream.operator.Operator.toString()",pdfbox/src/main/java/org/apache/pdfbox/contentstream/operator/Operator.java,,,,,,,,,,,,,,,,,,,,,,,,,1,10,0,5,2,1,5,1,1,1,2,1,1,1,1,1,1,,,,,,0,,1,00,1,1,1,1
Public Final Class,"org.apache.pdfbox.contentstream.operator.OperatorName",pdfbox/src/main/java/org/apache/pdfbox/contentstream/operator/OperatorName.java,1,1,1,1,6,0,3,3,1,1,0,,0,73,,,1,0,1,13,0,1,0,0,,100,10,79,75,73,11,,,73,75,75,0,,,,,1,1,1,1,1,0,0,0,14,1,1,1,1
Private Constructor,"org.apache.pdfbox.contentstream.operator.OperatorName.OperatorName()",pdfbox/src/main/java/org/apache/pdfbox/contentstream/operator/OperatorName.java,,,,,,,,,,,,,,,,,,,,,,,,,0,6,0,3,1,0,3,1,1,0,1,1,0,1,1,1,1,,,,,,0,,1,00,1,1,1,1
Public Abstract Class,"org.apache.pdfbox.contentstream.operator.OperatorProcessor",pdfbox/src/main/java/org/apache/pdfbox/contentstream/operator/OperatorProcessor.java,1,1,1,1,8,0,3,4,1,8,38,,0,0,,,6,1,6,18,0,0,2,4,,60,6,21,8,3,33,,,6,11,8,3,,,,,1,1,1,1,1,0,50,1,57,4,4,4,4
Protected Constructor,"org.apache.pdfbox.contentstream.operator.OperatorProcessor.OperatorProcessor()",pdfbox/src/main/java/org/apache/pdfbox/contentstream/operator/OperatorProcessor.java,,,,,,,,,,,,,,,,,,,,,,,,,0,6,0,3,1,0,3,1,1,0,1,1,0,1,1,1,1,,,,,,0,,1,00,1,1,1,1
Public Method,"org.apache.pdfbox.contentstream.operator.OperatorProcessor.checkArrayTypesClass(List<COSBase>,Class<?>)",pdfbox/src/main/java/org/apache/pdfbox/contentstream/operator/OperatorProcessor.java,,,,,,,,,,,,,,,,,,,,,,,,,11,11,0,4,1,1,7,3,1,1,2,1,1,1,1,1,1,,,,,,0,,1,75,1,1,1,1
Protected Final Method,"org.apache.pdfbox.contentstream.operator.OperatorProcessor.getContext()",pdfbox/src/main/java/org/apache/pdfbox/contentstream/operator/OperatorProcessor.java,,,,,,,,,,,,,,,,,,,,,,,,,1,8,0,4,1,1,4,1,1,1,2,1,1,1,1,1,1,,,,,,0,,1,00,1,1,1,1
Public Abstract Method,"org.apache.pdfbox.contentstream.operator.OperatorProcessor.getName()",pdfbox/src/main/java/org/apache/pdfbox/contentstream/operator/OperatorProcessor.java,,,,,,,,,,,,,,,,,,,,,,,,,1,4,0,1,1,0,3,1,0,1,1,1,0,0,0,0,0,,,,,,0,,3,00,0,0,0,0
Public Abstract Method,"org.apache.pdfbox.contentstream.operator.OperatorProcessor.process(Operator,List<COSBase>)",pdfbox/src/main/java/org/apache/pdfbox/contentstream/operator/OperatorProcessor.java,,,,,,,,,,,,,,,,,,,,,,,,,1,7,0,1,1,0,6,0,0,1,1,1,0,0,0,0,0,,,,,,0,,6,00,0,0,0,0
Public Method,"org.apache.pdfbox.contentstream.operator.OperatorProcessor.setContext(PDFStreamEngine)",pdfbox/src/main/java/org/apache/pdfbox/contentstream/operator/OperatorProcessor.java,,,,,,,,,,,,,,,,,,,,,,,,,4,8,0,4,1,1,4,1,1,1,2,1,1,1,1,1,1,,,,,,0,,1,00,1,1,1,1
Package,"org.apache.pdfbox.contentstream.operator.color",pdfbox/src/main/java/org/apache/pdfbox/contentstream/operator/color/SetColor.java,1,1,1,1,7,0,6,1,,,,13,0,0,13,,30,0,30,,0,0,9,21,,694,54,315,172,61,325,,,147,194,145,61,,,,,4,4,4,3,,2,,1,03,34,34,34,33
Public Abstract Class,"org.apache.pdfbox.contentstream.operator.color.SetColor",pdfbox/src/main/java/org/apache/pdfbox/contentstream/operator/color/SetColor.java,4,4,4,3,19,0,19,0,1,11,2,,0,0,,,4,0,4,22,0,0,3,1,,45,3,25,8,9,17,,,9,14,7,9,,,,,4,4,4,3,2,2,0,0,68,4,4,4,3
Protected Abstract Method,"org.apache.pdfbox.contentstream.operator.color.SetColor.getColor()",pdfbox/src/main/java/org/apache/pdfbox/contentstream/operator/color/SetColor.java,,,,,,,,,,,,,,,,,,,,,,,,,0,5,0,1,1,0,4,1,0,1,1,1,0,0,0,0,0,,,,,,0,,4,00,0,0,0,0
Protected Abstract Method,"org.apache.pdfbox.contentstream.operator.color.SetColor.getColorSpace()",pdfbox/src/main/java/org/apache/pdfbox/contentstream/operator/color/SetColor.java,,,,,,,,,,,,,,,,,,,,,,,,,1,5,0,1,1,0,4,1,0,1,1,1,0,0,0,0,0,,,,,,0,,4,00,0,0,0,0
Public Method,"org.apache.pdfbox.contentstream.operator.color.SetColor.process(Operator,List<COSBase>)",pdfbox/src/main/java/org/apache/pdfbox/contentstream/operator/color/SetColor.java,,,,,,,,,,,,,,,,,,,,,,,,,8,19,0,19,4,9,0,9,5,6,10,3,9,4,4,4,3,,,,,,2,,0,00,4,4,4,3
Protected Abstract Method,"org.apache.pdfbox.contentstream.operator.color.SetColor.setColor(PDColor)",pdfbox/src/main/java/org/apache/pdfbox/contentstream/operator/color/SetColor.java,,,,,,,,,,,,,,,,,,,,,,,,,1,5,0,1,1,0,4,0,0,1,1,1,0,0,0,0,0,,,,,,0,,4,00,0,0,0,0
Public Class,"org.apache.pdfbox.contentstream.operator.color.SetNonStrokingColor",pdfbox/src/main/java/org/apache/pdfbox/contentstream/operator/color/SetNonStrokingColor.java,1,1,1,1,8,0,5,3,1,7,4,,0,0,,,4,0,4,26,0,0,3,1,,43,3,23,9,4,17,,,4,9,5,4,,,,,1,1,1,1,3,0,0,0,74,4,4,4,4
Protected Method,"org.apache.pdfbox.contentstream.operator.color.SetNonStrokingColor.getColor()",pdfbox/src/main/java/org/apache/pdfbox/contentstream/operator/color/SetNonStrokingColor.java,,,,,,,,,,,,,,,,,,,,,,,,,1,9,0,5,2,1,4,3,1,1,2,1,1,1,1,1,1,,,,,,0,,0,80,1,1,1,1
Protected Method,"org.apache.pdfbox.contentstream.operator.color.SetNonStrokingColor.getColorSpace()",pdfbox/src/main/java/org/apache/pdfbox/contentstream/operator/color/SetNonStrokingColor.java,,,,,,,,,,,,,,,,,,,,,,,,,1,9,0,5,2,1,4,3,1,1,2,1,1,1,1,1,1,,,,,,0,,0,80,1,1,1,1
Public Method,"org.apache.pdfbox.contentstream.operator.color.SetNonStrokingColor.getName()",pdfbox/src/main/java/org/apache/pdfbox/contentstream/operator/color/SetNonStrokingColor.java,,,,,,,,,,,,,,,,,,,,,,,,,1,5,0,5,2,1,0,1,1,1,2,1,1,1,1,1,1,,,,,,0,,0,00,1,1,1,1
Protected Method,"org.apache.pdfbox.contentstream.operator.color.SetNonStrokingColor.setColor(PDColor)",pdfbox/src/main/java/org/apache/pdfbox/contentstream/operator/color/SetNonStrokingColor.java,,,,,,,,,,,,,,,,,,,,,,,,,2,9,0,5,2,1,4,2,1,1,2,1,1,1,1,1,1,,,,,,0,,0,80,1,1,1,1
Public Class,"org.apache.pdfbox.contentstream.operator.color.SetNonStrokingColorN",pdfbox/src/main/java/org/apache/pdfbox/contentstream/operator/color/SetNonStrokingColorN.java,1,1,1,1,5,0,5,0,1,3,0,,0,0,,,1,0,1,27,0,0,0,1,,14,0,8,3,1,6,,,1,3,2,1,,,,,1,1,1,1,4,0,0,0,75,1,1,1,1
Public Method,"org.apache.pdfbox.contentstream.operator.color.SetNonStrokingColorN.getName()",pdfbox/src/main/java/org/apache/pdfbox/contentstream/operator/color/SetNonStrokingColorN.java,,,,,,,,,,,,,,,,,,,,,,,,,1,5,0,5,2,1,0,1,1,1,2,1,1,1,1,1,1,,,,,,0,,0,00,1,1,1,1
Public Class,"org.apache.pdfbox.contentstream.operator.color.SetNonStrokingColorSpace",pdfbox/src/main/java/org/apache/pdfbox/contentstream/operator/color/SetNonStrokingColorSpace.java,2,2,2,2,10,0,10,0,1,12,0,,0,0,,,2,0,2,20,0,0,0,2,,31,1,24,7,9,6,,,7,12,5,9,,,,,3,3,3,3,2,1,0,0,25,4,4,4,4
Public Method,"org.apache.pdfbox.contentstream.operator.color.SetNonStrokingColorSpace.getName()",pdfbox/src/main/java/org/apache/pdfbox/contentstream/operator/color/SetNonStrokingColorSpace.java,,,,,,,,,,,,,,,,,,,,,,,,,1,5,0,5,2,1,0,1,1,1,2,1,1,1,1,1,1,,,,,,0,,0,00,1,1,1,1
Public Method,"org.apache.pdfbox.contentstream.operator.color.SetNonStrokingColorSpace.process(Operator,List<COSBase>)",pdfbox/src/main/java/org/apache/pdfbox/contentstream/operator/color/SetNonStrokingColorSpace.java,,,,,,,,,,,,,,,,,,,,,,,,,2,16,0,16,4,8,0,8,3,6,9,3,8,3,3,3,3,,,,,,1,,0,00,3,3,3,3
Public Class,"org.apache.pdfbox.contentstream.operator.color.SetNonStrokingDeviceCMYKColor",pdfbox/src/main/java/org/apache/pdfbox/contentstream/operator/color/SetNonStrokingDeviceCMYKColor.java,1,1,1,1,6,0,6,0,1,11,0,,0,0,,,2,0,2,28,0,0,0,2,,22,1,15,6,4,6,,,4,7,4,4,,,,,1,1,1,1,4,0,0,0,40,2,2,2,2
Public Method,"org.apache.pdfbox.contentstream.operator.color.SetNonStrokingDeviceCMYKColor.getName()",pdfbox/src/main/java/org/apache/pdfbox/contentstream/operator/color/SetNonStrokingDeviceCMYKColor.java,,,,,,,,,,,,,,,,,,,,,,,,,1,5,0,5,2,1,0,1,1,1,2,1,1,1,1,1,1,,,,,,0,,0,00,1,1,1,1
Public Method,"org.apache.pdfbox.contentstream.operator.color.SetNonStrokingDeviceCMYKColor.process(Operator,List<COSBase>)",pdfbox/src/main/java/org/apache/pdfbox/contentstream/operator/color/SetNonStrokingDeviceCMYKColor.java,,,,,,,,,,,,,,,,,,,,,,,,,4,7,0,7,3,3,0,5,1,3,4,2,3,1,1,1,1,,,,,,0,,0,00,1,1,1,1
Public Class,"org.apache.pdfbox.contentstream.operator.color.SetNonStrokingDeviceGrayColor",pdfbox/src/main/java/org/apache/pdfbox/contentstream/operator/color/SetNonStrokingDeviceGrayColor.java,1,1,1,1,6,0,6,0,1,11,0,,0,0,,,2,0,2,28,0,0,0,2,,22,1,15,6,4,6,,,4,7,4,4,,,,,1,1,1,1,4,0,0,0,40,2,2,2,2
Public Method,"org.apache.pdfbox.contentstream.operator.color.SetNonStrokingDeviceGrayColor.getName()",pdfbox/src/main/java/org/apache/pdfbox/contentstream/operator/color/SetNonStrokingDeviceGrayColor.java,,,,,,,,,,,,,,,,,,,,,,,,,1,5,0,5,2,1,0,1,1,1,2,1,1,1,1,1,1,,,,,,0,,0,00,1,1,1,1
Public Method,"org.apache.pdfbox.contentstream.operator.color.SetNonStrokingDeviceGrayColor.process(Operator,List<COSBase>)",pdfbox/src/main/java/org/apache/pdfbox/contentstream/operator/color/SetNonStrokingDeviceGrayColor.java,,,,,,,,,,,,,,,,,,,,,,,,,4,7,0,7,3,3,0,5,1,3,4,2,3,1,1,1,1,,,,,,0,,0,00,1,1,1,1
Public Class,"org.apache.pdfbox.contentstream.operator.color.SetNonStrokingDeviceRGBColor",pdfbox/src/main/java/org/apache/pdfbox/contentstream/operator/color/SetNonStrokingDeviceRGBColor.java,1,1,1,1,6,0,6,0,1,11,0,,0,0,,,2,0,2,28,0,0,0,2,,22,1,15,6,4,6,,,4,7,4,4,,,,,1,1,1,1,4,0,0,0,40,2,2,2,2
Public Method,"org.apache.pdfbox.contentstream.operator.color.SetNonStrokingDeviceRGBColor.getName()",pdfbox/src/main/java/org/apache/pdfbox/contentstream/operator/color/SetNonStrokingDeviceRGBColor.java,,,,,,,,,,,,,,,,,,,,,,,,,1,5,0,5,2,1,0,1,1,1,2,1,1,1,1,1,1,,,,,,0,,0,00,1,1,1,1
Public Method,"org.apache.pdfbox.contentstream.operator.color.SetNonStrokingDeviceRGBColor.process(Operator,List<COSBase>)",pdfbox/src/main/java/org/apache/pdfbox/contentstream/operator/color/SetNonStrokingDeviceRGBColor.java,,,,,,,,,,,,,,,,,,,,,,,,,4,7,0,7,3,3,0,5,1,3,4,2,3,1,1,1,1,,,,,,0,,0,00,1,1,1,1
Public Class,"org.apache.pdfbox.contentstream.operator.color.SetStrokingColor",pdfbox/src/main/java/org/apache/pdfbox/contentstream/operator/color/SetStrokingColor.java,1,1,1,1,8,0,5,3,1,7,4,,0,0,,,4,0,4,26,0,0,3,1,,43,3,23,9,4,17,,,4,9,5,4,,,,,1,1,1,1,3,0,0,0,74,4,4,4,4
Protected Method,"org.apache.pdfbox.contentstream.operator.color.SetStrokingColor.getColor()",pdfbox/src/main/java/org/apache/pdfbox/contentstream/operator/color/SetStrokingColor.java,,,,,,,,,,,,,,,,,,,,,,,,,1,9,0,5,2,1,4,3,1,1,2,1,1,1,1,1,1,,,,,,0,,0,80,1,1,1,1
Protected Method,"org.apache.pdfbox.contentstream.operator.color.SetStrokingColor.getColorSpace()",pdfbox/src/main/java/org/apache/pdfbox/contentstream/operator/color/SetStrokingColor.java,,,,,,,,,,,,,,,,,,,,,,,,,1,9,0,5,2,1,4,3,1,1,2,1,1,1,1,1,1,,,,,,0,,0,80,1,1,1,1
Public Method,"org.apache.pdfbox.contentstream.operator.color.SetStrokingColor.getName()",pdfbox/src/main/java/org/apache/pdfbox/contentstream/operator/color/SetStrokingColor.java,,,,,,,,,,,,,,,,,,,,,,,,,1,5,0,5,2,1,0,1,1,1,2,1,1,1,1,1,1,,,,,,0,,0,00,1,1,1,1
Protected Method,"org.apache.pdfbox.contentstream.operator.color.SetStrokingColor.setColor(PDColor)",pdfbox/src/main/java/org/apache/pdfbox/contentstream/operator/color/SetStrokingColor.java,,,,,,,,,,,,,,,,,,,,,,,,,2,9,0,5,2,1,4,2,1,1,2,1,1,1,1,1,1,,,,,,0,,0,80,1,1,1,1
Public Class,"org.apache.pdfbox.contentstream.operator.color.SetStrokingColorN",pdfbox/src/main/java/org/apache/pdfbox/contentstream/operator/color/SetStrokingColorN.java,1,1,1,1,5,0,5,0,1,3,0,,0,0,,,1,0,1,27,0,0,0,1,,14,0,8,3,1,6,,,1,3,2,1,,,,,1,1,1,1,4,0,0,0,75,1,1,1,1
Public Method,"org.apache.pdfbox.contentstream.operator.color.SetStrokingColorN.getName()",pdfbox/src/main/java/org/apache/pdfbox/contentstream/operator/color/SetStrokingColorN.java,,,,,,,,,,,,,,,,,,,,,,,,,1,5,0,5,2,1,0,1,1,1,2,1,1,1,1,1,1,,,,,,0,,0,00,1,1,1,1
Public Class,"org.apache.pdfbox.contentstream.operator.color.SetStrokingColorSpace",pdfbox/src/main/java/org/apache/pdfbox/contentstream/operator/color/SetStrokingColorSpace.java,2,2,2,2,10,0,10,0,1,12,0,,0,0,,,2,0,2,20,0,0,0,2,,30,1,23,7,9,6,,,7,12,5,9,,,,,3,3,3,3,2,1,0,0,26,4,4,4,4
Public Method,"org.apache.pdfbox.contentstream.operator.color.SetStrokingColorSpace.getName()",pdfbox/src/main/java/org/apache/pdfbox/contentstream/operator/color/SetStrokingColorSpace.java,,,,,,,,,,,,,,,,,,,,,,,,,1,5,0,5,2,1,0,1,1,1,2,1,1,1,1,1,1,,,,,,0,,0,00,1,1,1,1
Public Method,"org.apache.pdfbox.contentstream.operator.color.SetStrokingColorSpace.process(Operator,List<COSBase>)",pdfbox/src/main/java/org/apache/pdfbox/contentstream/operator/color/SetStrokingColorSpace.java,,,,,,,,,,,,,,,,,,,,,,,,,2,16,0,16,4,8,0,8,3,6,9,3,8,3,3,3,3,,,,,,1,,0,00,3,3,3,3
Public Class,"org.apache.pdfbox.contentstream.operator.color.SetStrokingDeviceCMYKColor",pdfbox/src/main/java/org/apache/pdfbox/contentstream/operator/color/SetStrokingDeviceCMYKColor.java,1,1,1,1,6,0,6,0,1,11,0,,0,0,,,2,0,2,28,0,0,0,2,,21,1,15,6,4,5,,,4,7,4,4,,,,,1,1,1,1,4,0,0,0,33,2,2,2,2
Public Method,"org.apache.pdfbox.contentstream.operator.color.SetStrokingDeviceCMYKColor.getName()",pdfbox/src/main/java/org/apache/pdfbox/contentstream/operator/color/SetStrokingDeviceCMYKColor.java,,,,,,,,,,,,,,,,,,,,,,,,,1,5,0,5,2,1,0,1,1,1,2,1,1,1,1,1,1,,,,,,0,,0,00,1,1,1,1
Public Method,"org.apache.pdfbox.contentstream.operator.color.SetStrokingDeviceCMYKColor.process(Operator,List<COSBase>)",pdfbox/src/main/java/org/apache/pdfbox/contentstream/operator/color/SetStrokingDeviceCMYKColor.java,,,,,,,,,,,,,,,,,,,,,,,,,4,7,0,7,3,3,0,5,1,3,4,2,3,1,1,1,1,,,,,,0,,0,00,1,1,1,1
Public Class,"org.apache.pdfbox.contentstream.operator.color.SetStrokingDeviceGrayColor",pdfbox/src/main/java/org/apache/pdfbox/contentstream/operator/color/SetStrokingDeviceGrayColor.java,1,1,1,1,6,0,6,0,1,11,0,,0,0,,,2,0,2,28,0,0,0,2,,22,1,15,6,4,6,,,4,7,4,4,,,,,1,1,1,1,4,0,0,0,40,2,2,2,2
Public Method,"org.apache.pdfbox.contentstream.operator.color.SetStrokingDeviceGrayColor.getName()",pdfbox/src/main/java/org/apache/pdfbox/contentstream/operator/color/SetStrokingDeviceGrayColor.java,,,,,,,,,,,,,,,,,,,,,,,,,1,5,0,5,2,1,0,1,1,1,2,1,1,1,1,1,1,,,,,,0,,0,00,1,1,1,1
Public Method,"org.apache.pdfbox.contentstream.operator.color.SetStrokingDeviceGrayColor.process(Operator,List<COSBase>)",pdfbox/src/main/java/org/apache/pdfbox/contentstream/operator/color/SetStrokingDeviceGrayColor.java,,,,,,,,,,,,,,,,,,,,,,,,,4,7,0,7,3,3,0,5,1,3,4,2,3,1,1,1,1,,,,,,0,,0,00,1,1,1,1
Public Class,"org.apache.pdfbox.contentstream.operator.color.SetStrokingDeviceRGBColor",pdfbox/src/main/java/org/apache/pdfbox/contentstream/operator/color/SetStrokingDeviceRGBColor.java,1,1,1,1,10,0,6,4,1,11,0,,0,0,,,2,0,2,28,0,0,0,2,,29,1,15,6,4,13,,,4,7,4,4,,,,,1,1,1,1,4,0,0,0,87,2,2,2,2
Public Method,"org.apache.pdfbox.contentstream.operator.color.SetStrokingDeviceRGBColor.getName()",pdfbox/src/main/java/org/apache/pdfbox/contentstream/operator/color/SetStrokingDeviceRGBColor.java,,,,,,,,,,,,,,,,,,,,,,,,,1,5,0,5,2,1,0,1,1,1,2,1,1,1,1,1,1,,,,,,0,,0,00,1,1,1,1
Public Method,"org.apache.pdfbox.contentstream.operator.color.SetStrokingDeviceRGBColor.process(Operator,List<COSBase>)",pdfbox/src/main/java/org/apache/pdfbox/contentstream/operator/color/SetStrokingDeviceRGBColor.java,,,,,,,,,,,,,,,,,,,,,,,,,4,15,0,7,3,3,8,5,1,3,4,2,3,1,1,1,1,,,,,,0,,1,14,1,1,1,1
Package,"org.apache.pdfbox.contentstream.operator.graphics",pdfbox/src/main/java/org/apache/pdfbox/contentstream/operator/graphics/AppendRectangleToPath.java,1,1,1,1,9,0,9,0,,,,23,0,5,23,,44,1,44,,0,0,0,44,,1266,115,665,344,176,486,,,313,408,299,157,,,,,8,8,8,6,,3,,0,73,71,71,72,53
Public Final Class,"org.apache.pdfbox.contentstream.operator.graphics.AppendRectangleToPath",pdfbox/src/main/java/org/apache/pdfbox/contentstream/operator/graphics/AppendRectangleToPath.java,2,2,2,1,17,2,15,0,1,12,0,,0,0,,,2,0,2,21,0,0,0,2,,44,5,33,17,18,6,,,16,21,15,18,,,,,3,3,3,1,3,1,0,0,18,4,4,4,2
Public Method,"org.apache.pdfbox.contentstream.operator.graphics.AppendRectangleToPath.getName()",pdfbox/src/main/java/org/apache/pdfbox/contentstream/operator/graphics/AppendRectangleToPath.java,,,,,,,,,,,,,,,,,,,,,,,,,1,5,0,5,2,1,0,1,1,1,2,1,1,1,1,1,1,,,,,,0,,0,00,1,1,1,1
Public Method,"org.apache.pdfbox.contentstream.operator.graphics.AppendRectangleToPath.process(Operator,List<COSBase>)",pdfbox/src/main/java/org/apache/pdfbox/contentstream/operator/graphics/AppendRectangleToPath.java,,,,,,,,,,,,,,,,,,,,,,,,,3,30,4,25,14,17,1,7,4,15,18,13,17,3,3,3,1,,,,,,1,,0,04,3,3,3,1
Public Final Class,"org.apache.pdfbox.contentstream.operator.graphics.BeginInlineImage",pdfbox/src/main/java/org/apache/pdfbox/contentstream/operator/graphics/BeginInlineImage.java,1,1,2,1,8,0,8,0,1,10,0,,0,0,,,2,0,2,21,0,0,0,2,,26,1,20,7,7,5,,,4,8,4,5,,,,,2,2,3,1,3,1,0,0,25,3,3,4,2
Public Method,"org.apache.pdfbox.contentstream.operator.graphics.BeginInlineImage.getName()",pdfbox/src/main/java/org/apache/pdfbox/contentstream/operator/graphics/BeginInlineImage.java,,,,,,,,,,,,,,,,,,,,,,,,,1,5,0,5,2,1,0,1,1,1,2,1,1,1,1,1,1,,,,,,0,,0,00,1,1,1,1
Public Method,"org.apache.pdfbox.contentstream.operator.graphics.BeginInlineImage.process(Operator,List<COSBase>)",pdfbox/src/main/java/org/apache/pdfbox/contentstream/operator/graphics/BeginInlineImage.java,,,,,,,,,,,,,,,,,,,,,,,,,3,12,0,12,4,6,0,5,2,3,5,2,4,2,2,3,1,,,,,,1,,0,00,2,2,3,1
Public Final Class,"org.apache.pdfbox.contentstream.operator.graphics.ClipEvenOddRule",pdfbox/src/main/java/org/apache/pdfbox/contentstream/operator/graphics/ClipEvenOddRule.java,1,1,1,1,5,0,5,0,1,8,0,,0,0,,,2,0,2,21,0,0,0,2,,19,1,13,5,2,5,,,2,5,3,2,,,,,1,1,1,1,3,0,0,0,38,2,2,2,2
Public Method,"org.apache.pdfbox.contentstream.operator.graphics.ClipEvenOddRule.getName()",pdfbox/src/main/java/org/apache/pdfbox/contentstream/operator/graphics/ClipEvenOddRule.java,,,,,,,,,,,,,,,,,,,,,,,,,1,5,0,5,2,1,0,1,1,1,2,1,1,1,1,1,1,,,,,,0,,0,00,1,1,1,1
Public Method,"org.apache.pdfbox.contentstream.operator.graphics.ClipEvenOddRule.process(Operator,List<COSBase>)",pdfbox/src/main/java/org/apache/pdfbox/contentstream/operator/graphics/ClipEvenOddRule.java,,,,,,,,,,,,,,,,,,,,,,,,,2,5,0,5,2,1,0,1,1,1,2,1,1,1,1,1,1,,,,,,0,,0,00,1,1,1,1
Public Class,"org.apache.pdfbox.contentstream.operator.graphics.ClipNonZeroRule",pdfbox/src/main/java/org/apache/pdfbox/contentstream/operator/graphics/ClipNonZeroRule.java,1,1,1,1,5,0,5,0,1,8,0,,0,0,,,2,0,2,21,0,0,0,2,,19,1,13,5,2,5,,,2,5,3,2,,,,,1,1,1,1,3,0,0,0,38,2,2,2,2
Public Method,"org.apache.pdfbox.contentstream.operator.graphics.ClipNonZeroRule.getName()",pdfbox/src/main/java/org/apache/pdfbox/contentstream/operator/graphics/ClipNonZeroRule.java,,,,,,,,,,,,,,,,,,,,,,,,,1,5,0,5,2,1,0,1,1,1,2,1,1,1,1,1,1,,,,,,0,,0,00,1,1,1,1
Public Method,"org.apache.pdfbox.contentstream.operator.graphics.ClipNonZeroRule.process(Operator,List<COSBase>)",pdfbox/src/main/java/org/apache/pdfbox/contentstream/operator/graphics/ClipNonZeroRule.java,,,,,,,,,,,,,,,,,,,,,,,,,2,5,0,5,2,1,0,1,1,1,2,1,1,1,1,1,1,,,,,,0,,0,00,1,1,1,1
Public Class,"org.apache.pdfbox.contentstream.operator.graphics.CloseAndStrokePath",pdfbox/src/main/java/org/apache/pdfbox/contentstream/operator/graphics/CloseAndStrokePath.java,1,1,1,1,5,0,5,0,1,7,0,,0,0,,,2,0,2,21,0,0,0,2,,20,1,14,5,3,5,,,3,6,3,3,,,,,1,1,1,1,3,0,0,0,36,2,2,2,2
Public Method,"org.apache.pdfbox.contentstream.operator.graphics.CloseAndStrokePath.getName()",pdfbox/src/main/java/org/apache/pdfbox/contentstream/operator/graphics/CloseAndStrokePath.java,,,,,,,,,,,,,,,,,,,,,,,,,1,5,0,5,2,1,0,1,1,1,2,1,1,1,1,1,1,,,,,,0,,0,00,1,1,1,1
Public Method,"org.apache.pdfbox.contentstream.operator.graphics.CloseAndStrokePath.process(Operator,List<COSBase>)",pdfbox/src/main/java/org/apache/pdfbox/contentstream/operator/graphics/CloseAndStrokePath.java,,,,,,,,,,,,,,,,,,,,,,,,,4,6,0,6,2,2,0,1,1,2,3,1,2,1,1,1,1,,,,,,0,,0,00,1,1,1,1
Public Final Class,"org.apache.pdfbox.contentstream.operator.graphics.CloseFillEvenOddAndStrokePath",pdfbox/src/main/java/org/apache/pdfbox/contentstream/operator/graphics/CloseFillEvenOddAndStrokePath.java,1,1,1,1,5,0,5,0,1,7,0,,0,0,,,2,0,2,21,0,0,0,2,,19,1,14,5,3,4,,,3,6,3,3,,,,,1,1,1,1,3,0,0,0,29,2,2,2,2
Public Method,"org.apache.pdfbox.contentstream.operator.graphics.CloseFillEvenOddAndStrokePath.getName()",pdfbox/src/main/java/org/apache/pdfbox/contentstream/operator/graphics/CloseFillEvenOddAndStrokePath.java,,,,,,,,,,,,,,,,,,,,,,,,,1,5,0,5,2,1,0,1,1,1,2,1,1,1,1,1,1,,,,,,0,,0,00,1,1,1,1
Public Method,"org.apache.pdfbox.contentstream.operator.graphics.CloseFillEvenOddAndStrokePath.process(Operator,List<COSBase>)",pdfbox/src/main/java/org/apache/pdfbox/contentstream/operator/graphics/CloseFillEvenOddAndStrokePath.java,,,,,,,,,,,,,,,,,,,,,,,,,4,6,0,6,2,2,0,1,1,2,3,1,2,1,1,1,1,,,,,,0,,0,00,1,1,1,1
Public Final Class,"org.apache.pdfbox.contentstream.operator.graphics.CloseFillNonZeroAndStrokePath",pdfbox/src/main/java/org/apache/pdfbox/contentstream/operator/graphics/CloseFillNonZeroAndStrokePath.java,1,1,1,1,5,0,5,0,1,7,0,,0,0,,,2,0,2,21,0,0,0,2,,20,1,14,5,3,5,,,3,6,3,3,,,,,1,1,1,1,3,0,0,0,36,2,2,2,2
Public Method,"org.apache.pdfbox.contentstream.operator.graphics.CloseFillNonZeroAndStrokePath.getName()",pdfbox/src/main/java/org/apache/pdfbox/contentstream/operator/graphics/CloseFillNonZeroAndStrokePath.java,,,,,,,,,,,,,,,,,,,,,,,,,1,5,0,5,2,1,0,1,1,1,2,1,1,1,1,1,1,,,,,,0,,0,00,1,1,1,1
Public Method,"org.apache.pdfbox.contentstream.operator.graphics.CloseFillNonZeroAndStrokePath.process(Operator,List<COSBase>)",pdfbox/src/main/java/org/apache/pdfbox/contentstream/operator/graphics/CloseFillNonZeroAndStrokePath.java,,,,,,,,,,,,,,,,,,,,,,,,,4,6,0,6,2,2,0,1,1,2,3,1,2,1,1,1,1,,,,,,0,,0,00,1,1,1,1
Public Final Class,"org.apache.pdfbox.contentstream.operator.graphics.ClosePath",pdfbox/src/main/java/org/apache/pdfbox/contentstream/operator/graphics/ClosePath.java,1,1,1,1,7,0,7,0,1,10,0,,0,1,,,2,0,2,21,0,0,0,2,,26,2,19,6,6,5,,,5,9,4,6,,,,,2,2,2,1,3,1,0,0,26,3,3,3,2
Public Method,"org.apache.pdfbox.contentstream.operator.graphics.ClosePath.getName()",pdfbox/src/main/java/org/apache/pdfbox/contentstream/operator/graphics/ClosePath.java,,,,,,,,,,,,,,,,,,,,,,,,,1,5,0,5,2,1,0,1,1,1,2,1,1,1,1,1,1,,,,,,0,,0,00,1,1,1,1
Public Method,"org.apache.pdfbox.contentstream.operator.graphics.ClosePath.process(Operator,List<COSBase>)",pdfbox/src/main/java/org/apache/pdfbox/contentstream/operator/graphics/ClosePath.java,,,,,,,,,,,,,,,,,,,,,,,,,2,10,0,10,2,4,0,3,2,3,5,1,4,2,2,2,1,,,,,,1,,0,00,2,2,2,1
Public Class,"org.apache.pdfbox.contentstream.operator.graphics.CurveTo",pdfbox/src/main/java/org/apache/pdfbox/contentstream/operator/graphics/CurveTo.java,2,2,2,1,19,1,18,0,1,14,0,,0,1,,,2,0,2,21,0,0,0,2,,50,4,41,15,22,5,,,16,22,13,19,,,,,4,4,4,1,3,1,0,0,12,5,5,5,2
Public Method,"org.apache.pdfbox.contentstream.operator.graphics.CurveTo.getName()",pdfbox/src/main/java/org/apache/pdfbox/contentstream/operator/graphics/CurveTo.java,,,,,,,,,,,,,,,,,,,,,,,,,1,5,0,5,2,1,0,1,1,1,2,1,1,1,1,1,1,,,,,,0,,0,00,1,1,1,1
Public Method,"org.apache.pdfbox.contentstream.operator.graphics.CurveTo.process(Operator,List<COSBase>)",pdfbox/src/main/java/org/apache/pdfbox/contentstream/operator/graphics/CurveTo.java,,,,,,,,,,,,,,,,,,,,,,,,,6,34,2,32,11,20,0,10,6,14,18,10,17,4,4,4,1,,,,,,1,,0,00,4,4,4,1
Public Final Class,"org.apache.pdfbox.contentstream.operator.graphics.CurveToReplicateFinalPoint",pdfbox/src/main/java/org/apache/pdfbox/contentstream/operator/graphics/CurveToReplicateFinalPoint.java,2,2,2,1,14,1,13,0,1,12,0,,0,0,,,2,0,2,21,0,0,0,2,,37,3,29,11,14,5,,,10,15,9,12,,,,,3,3,3,1,3,1,0,0,17,4,4,4,2
Public Method,"org.apache.pdfbox.contentstream.operator.graphics.CurveToReplicateFinalPoint.getName()",pdfbox/src/main/java/org/apache/pdfbox/contentstream/operator/graphics/CurveToReplicateFinalPoint.java,,,,,,,,,,,,,,,,,,,,,,,,,1,5,0,5,2,1,0,1,1,1,2,1,1,1,1,1,1,,,,,,0,,0,00,1,1,1,1
Public Method,"org.apache.pdfbox.contentstream.operator.graphics.CurveToReplicateFinalPoint.process(Operator,List<COSBase>)",pdfbox/src/main/java/org/apache/pdfbox/contentstream/operator/graphics/CurveToReplicateFinalPoint.java,,,,,,,,,,,,,,,,,,,,,,,,,5,23,2,21,8,13,0,7,4,9,12,7,11,3,3,3,1,,,,,,1,,0,00,3,3,3,1
Public Class,"org.apache.pdfbox.contentstream.operator.graphics.CurveToReplicateInitialPoint",pdfbox/src/main/java/org/apache/pdfbox/contentstream/operator/graphics/CurveToReplicateInitialPoint.java,2,2,2,1,19,1,17,0,1,15,0,,0,1,,,2,0,2,21,0,0,0,2,,49,5,39,13,20,5,,,14,20,11,17,,,,,4,4,4,1,3,1,0,0,13,5,5,5,2
Public Method,"org.apache.pdfbox.contentstream.operator.graphics.CurveToReplicateInitialPoint.getName()",pdfbox/src/main/java/org/apache/pdfbox/contentstream/operator/graphics/CurveToReplicateInitialPoint.java,,,,,,,,,,,,,,,,,,,,,,,,,1,5,0,5,2,1,0,1,1,1,2,1,1,1,1,1,1,,,,,,0,,0,00,1,1,1,1
Public Method,"org.apache.pdfbox.contentstream.operator.graphics.CurveToReplicateInitialPoint.process(Operator,List<COSBase>)",pdfbox/src/main/java/org/apache/pdfbox/contentstream/operator/graphics/CurveToReplicateInitialPoint.java,,,,,,,,,,,,,,,,,,,,,,,,,6,33,3,30,9,18,0,12,6,12,16,8,15,4,4,4,1,,,,,,1,,0,00,4,4,4,1
Public Final Class,"org.apache.pdfbox.contentstream.operator.graphics.DrawObject",pdfbox/src/main/java/org/apache/pdfbox/contentstream/operator/graphics/DrawObject.java,4,4,4,3,27,0,26,0,1,20,0,,0,1,,,2,0,2,21,0,0,0,2,,66,3,57,10,26,6,,,16,27,8,22,,,,,8,8,8,6,3,3,0,0,11,9,9,9,7
Public Method,"org.apache.pdfbox.contentstream.operator.graphics.DrawObject.getName()",pdfbox/src/main/java/org/apache/pdfbox/contentstream/operator/graphics/DrawObject.java,,,,,,,,,,,,,,,,,,,,,,,,,1,5,0,5,2,1,0,1,1,1,2,1,1,1,1,1,1,,,,,,0,,0,00,1,1,1,1
Public Method,"org.apache.pdfbox.contentstream.operator.graphics.DrawObject.process(Operator,List<COSBase>)",pdfbox/src/main/java/org/apache/pdfbox/contentstream/operator/graphics/DrawObject.java,,,,,,,,,,,,,,,,,,,,,,,,,4,49,1,48,6,24,0,14,14,14,23,5,20,8,8,8,6,,,,,,3,,0,00,8,8,8,6
Public Final Class,"org.apache.pdfbox.contentstream.operator.graphics.EndPath",pdfbox/src/main/java/org/apache/pdfbox/contentstream/operator/graphics/EndPath.java,1,1,1,1,5,0,5,0,1,7,0,,0,0,,,2,0,2,21,0,0,0,2,,19,1,13,5,2,5,,,2,5,3,2,,,,,1,1,1,1,3,0,0,0,38,2,2,2,2
Public Method,"org.apache.pdfbox.contentstream.operator.graphics.EndPath.getName()",pdfbox/src/main/java/org/apache/pdfbox/contentstream/operator/graphics/EndPath.java,,,,,,,,,,,,,,,,,,,,,,,,,1,5,0,5,2,1,0,1,1,1,2,1,1,1,1,1,1,,,,,,0,,0,00,1,1,1,1
Public Method,"org.apache.pdfbox.contentstream.operator.graphics.EndPath.process(Operator,List<COSBase>)",pdfbox/src/main/java/org/apache/pdfbox/contentstream/operator/graphics/EndPath.java,,,,,,,,,,,,,,,,,,,,,,,,,1,5,0,5,2,1,0,1,1,1,2,1,1,1,1,1,1,,,,,,0,,0,00,1,1,1,1
Public Final Class,"org.apache.pdfbox.contentstream.operator.graphics.FillEvenOddAndStrokePath",pdfbox/src/main/java/org/apache/pdfbox/contentstream/operator/graphics/FillEvenOddAndStrokePath.java,1,1,1,1,5,0,5,0,1,8,0,,0,0,,,2,0,2,21,0,0,0,2,,18,1,13,5,2,4,,,2,5,3,2,,,,,1,1,1,1,3,0,0,0,31,2,2,2,2
Public Method,"org.apache.pdfbox.contentstream.operator.graphics.FillEvenOddAndStrokePath.getName()",pdfbox/src/main/java/org/apache/pdfbox/contentstream/operator/graphics/FillEvenOddAndStrokePath.java,,,,,,,,,,,,,,,,,,,,,,,,,1,5,0,5,2,1,0,1,1,1,2,1,1,1,1,1,1,,,,,,0,,0,00,1,1,1,1
Public Method,"org.apache.pdfbox.contentstream.operator.graphics.FillEvenOddAndStrokePath.process(Operator,List<COSBase>)",pdfbox/src/main/java/org/apache/pdfbox/contentstream/operator/graphics/FillEvenOddAndStrokePath.java,,,,,,,,,,,,,,,,,,,,,,,,,2,5,0,5,2,1,0,1,1,1,2,1,1,1,1,1,1,,,,,,0,,0,00,1,1,1,1
Public Final Class,"org.apache.pdfbox.contentstream.operator.graphics.FillEvenOddRule",pdfbox/src/main/java/org/apache/pdfbox/contentstream/operator/graphics/FillEvenOddRule.java,1,1,1,1,5,0,5,0,1,8,0,,0,0,,,2,0,2,21,0,0,0,2,,19,1,13,5,2,5,,,2,5,3,2,,,,,1,1,1,1,3,0,0,0,38,2,2,2,2
Public Method,"org.apache.pdfbox.contentstream.operator.graphics.FillEvenOddRule.getName()",pdfbox/src/main/java/org/apache/pdfbox/contentstream/operator/graphics/FillEvenOddRule.java,,,,,,,,,,,,,,,,,,,,,,,,,1,5,0,5,2,1,0,1,1,1,2,1,1,1,1,1,1,,,,,,0,,0,00,1,1,1,1
Public Method,"org.apache.pdfbox.contentstream.operator.graphics.FillEvenOddRule.process(Operator,List<COSBase>)",pdfbox/src/main/java/org/apache/pdfbox/contentstream/operator/graphics/FillEvenOddRule.java,,,,,,,,,,,,,,,,,,,,,,,,,2,5,0,5,2,1,0,1,1,1,2,1,1,1,1,1,1,,,,,,0,,0,00,1,1,1,1
Public Class,"org.apache.pdfbox.contentstream.operator.graphics.FillNonZeroAndStrokePath",pdfbox/src/main/java/org/apache/pdfbox/contentstream/operator/graphics/FillNonZeroAndStrokePath.java,1,1,1,1,5,0,5,0,1,8,0,,0,0,,,2,0,2,21,0,0,0,2,,20,1,13,5,2,6,,,2,5,3,2,,,,,1,1,1,1,3,0,0,0,46,2,2,2,2
Public Method,"org.apache.pdfbox.contentstream.operator.graphics.FillNonZeroAndStrokePath.getName()",pdfbox/src/main/java/org/apache/pdfbox/contentstream/operator/graphics/FillNonZeroAndStrokePath.java,,,,,,,,,,,,,,,,,,,,,,,,,1,5,0,5,2,1,0,1,1,1,2,1,1,1,1,1,1,,,,,,0,,0,00,1,1,1,1
Public Method,"org.apache.pdfbox.contentstream.operator.graphics.FillNonZeroAndStrokePath.process(Operator,List<COSBase>)",pdfbox/src/main/java/org/apache/pdfbox/contentstream/operator/graphics/FillNonZeroAndStrokePath.java,,,,,,,,,,,,,,,,,,,,,,,,,2,5,0,5,2,1,0,1,1,1,2,1,1,1,1,1,1,,,,,,0,,0,00,1,1,1,1
Public Class,"org.apache.pdfbox.contentstream.operator.graphics.FillNonZeroRule",pdfbox/src/main/java/org/apache/pdfbox/contentstream/operator/graphics/FillNonZeroRule.java,1,1,1,1,5,0,5,0,1,8,1,,0,0,,,2,0,2,21,0,0,0,2,,19,1,13,5,2,5,,,2,5,3,2,,,,,1,1,1,1,3,0,0,0,38,2,2,2,2
Public Method,"org.apache.pdfbox.contentstream.operator.graphics.FillNonZeroRule.getName()",pdfbox/src/main/java/org/apache/pdfbox/contentstream/operator/graphics/FillNonZeroRule.java,,,,,,,,,,,,,,,,,,,,,,,,,1,5,0,5,2,1,0,1,1,1,2,1,1,1,1,1,1,,,,,,0,,0,00,1,1,1,1
Public Final Method,"org.apache.pdfbox.contentstream.operator.graphics.FillNonZeroRule.process(Operator,List<COSBase>)",pdfbox/src/main/java/org/apache/pdfbox/contentstream/operator/graphics/FillNonZeroRule.java,,,,,,,,,,,,,,,,,,,,,,,,,2,5,0,5,2,1,0,1,1,1,2,1,1,1,1,1,1,,,,,,0,,0,00,1,1,1,1
Public Abstract Class,"org.apache.pdfbox.contentstream.operator.graphics.GraphicsOperatorProcessor",pdfbox/src/main/java/org/apache/pdfbox/contentstream/operator/graphics/GraphicsOperatorProcessor.java,1,1,1,1,6,0,6,0,1,3,21,,0,0,,,1,1,1,19,0,0,0,1,,17,1,10,4,2,6,,,3,5,3,2,,,,,1,1,1,1,2,0,0,0,60,1,1,1,1
Public Method,"org.apache.pdfbox.contentstream.operator.graphics.GraphicsOperatorProcessor.setContext(PDFStreamEngine)",pdfbox/src/main/java/org/apache/pdfbox/contentstream/operator/graphics/GraphicsOperatorProcessor.java,,,,,,,,,,,,,,,,,,,,,,,,,1,6,0,6,2,2,0,2,1,2,3,1,2,1,1,1,1,,,,,,0,,0,00,1,1,1,1
Public Final Class,"org.apache.pdfbox.contentstream.operator.graphics.LegacyFillNonZeroRule",pdfbox/src/main/java/org/apache/pdfbox/contentstream/operator/graphics/LegacyFillNonZeroRule.java,1,1,1,1,5,0,5,0,1,3,0,,0,0,,,1,0,1,22,0,0,0,1,,13,0,8,3,1,5,,,1,3,2,1,,,,,1,1,1,1,4,0,0,0,62,1,1,1,1
Public Method,"org.apache.pdfbox.contentstream.operator.graphics.LegacyFillNonZeroRule.getName()",pdfbox/src/main/java/org/apache/pdfbox/contentstream/operator/graphics/LegacyFillNonZeroRule.java,,,,,,,,,,,,,,,,,,,,,,,,,1,5,0,5,2,1,0,1,1,1,2,1,1,1,1,1,1,,,,,,0,,0,00,1,1,1,1
Public Class,"org.apache.pdfbox.contentstream.operator.graphics.LineTo",pdfbox/src/main/java/org/apache/pdfbox/contentstream/operator/graphics/LineTo.java,3,3,3,2,19,1,17,0,1,15,0,,0,1,,,2,0,2,21,0,0,0,2,,49,4,39,11,18,6,,,13,20,9,15,,,,,5,5,5,3,3,1,0,0,15,6,6,6,4
Public Method,"org.apache.pdfbox.contentstream.operator.graphics.LineTo.getName()",pdfbox/src/main/java/org/apache/pdfbox/contentstream/operator/graphics/LineTo.java,,,,,,,,,,,,,,,,,,,,,,,,,1,5,0,5,2,1,0,1,1,1,2,1,1,1,1,1,1,,,,,,0,,0,00,1,1,1,1
Public Method,"org.apache.pdfbox.contentstream.operator.graphics.LineTo.process(Operator,List<COSBase>)",pdfbox/src/main/java/org/apache/pdfbox/contentstream/operator/graphics/LineTo.java,,,,,,,,,,,,,,,,,,,,,,,,,6,33,2,30,7,16,1,9,8,11,16,6,13,5,5,5,3,,,,,,1,,0,03,5,5,5,3
Public Final Class,"org.apache.pdfbox.contentstream.operator.graphics.MoveTo",pdfbox/src/main/java/org/apache/pdfbox/contentstream/operator/graphics/MoveTo.java,2,2,2,2,13,0,13,0,1,12,0,,0,0,,,2,0,2,21,0,0,0,2,,36,1,30,10,13,5,,,10,16,8,11,,,,,4,4,4,3,3,1,0,0,17,5,5,5,4
Public Method,"org.apache.pdfbox.contentstream.operator.graphics.MoveTo.getName()",pdfbox/src/main/java/org/apache/pdfbox/contentstream/operator/graphics/MoveTo.java,,,,,,,,,,,,,,,,,,,,,,,,,1,5,0,5,2,1,0,1,1,1,2,1,1,1,1,1,1,,,,,,0,,0,00,1,1,1,1
Public Method,"org.apache.pdfbox.contentstream.operator.graphics.MoveTo.process(Operator,List<COSBase>)",pdfbox/src/main/java/org/apache/pdfbox/contentstream/operator/graphics/MoveTo.java,,,,,,,,,,,,,,,,,,,,,,,,,5,22,0,22,7,12,0,6,6,9,13,6,10,4,4,4,3,,,,,,1,,0,00,4,4,4,3
Public Final Class,"org.apache.pdfbox.contentstream.operator.graphics.ShadingFill",pdfbox/src/main/java/org/apache/pdfbox/contentstream/operator/graphics/ShadingFill.java,1,1,1,1,7,0,7,0,1,9,0,,0,0,,,2,0,2,21,0,0,0,2,,23,1,17,5,4,5,,,3,7,3,4,,,,,2,2,2,1,3,1,0,0,29,3,3,3,2
Public Method,"org.apache.pdfbox.contentstream.operator.graphics.ShadingFill.getName()",pdfbox/src/main/java/org/apache/pdfbox/contentstream/operator/graphics/ShadingFill.java,,,,,,,,,,,,,,,,,,,,,,,,,1,5,0,5,2,1,0,1,1,1,2,1,1,1,1,1,1,,,,,,0,,0,00,1,1,1,1
Public Method,"org.apache.pdfbox.contentstream.operator.graphics.ShadingFill.process(Operator,List<COSBase>)",pdfbox/src/main/java/org/apache/pdfbox/contentstream/operator/graphics/ShadingFill.java,,,,,,,,,,,,,,,,,,,,,,,,,3,9,0,9,2,3,0,4,2,2,4,1,3,2,2,2,1,,,,,,1,,0,00,2,2,2,1
Public Final Class,"org.apache.pdfbox.contentstream.operator.graphics.StrokePath",pdfbox/src/main/java/org/apache/pdfbox/contentstream/operator/graphics/StrokePath.java,1,1,1,1,5,0,5,0,1,7,0,,0,0,,,2,0,2,21,0,0,0,2,,19,1,13,5,2,5,,,2,5,3,2,,,,,1,1,1,1,3,0,0,0,38,2,2,2,2
Public Method,"org.apache.pdfbox.contentstream.operator.graphics.StrokePath.getName()",pdfbox/src/main/java/org/apache/pdfbox/contentstream/operator/graphics/StrokePath.java,,,,,,,,,,,,,,,,,,,,,,,,,1,5,0,5,2,1,0,1,1,1,2,1,1,1,1,1,1,,,,,,0,,0,00,1,1,1,1
Public Method,"org.apache.pdfbox.contentstream.operator.graphics.StrokePath.process(Operator,List<COSBase>)",pdfbox/src/main/java/org/apache/pdfbox/contentstream/operator/graphics/StrokePath.java,,,,,,,,,,,,,,,,,,,,,,,,,1,5,0,5,2,1,0,1,1,1,2,1,1,1,1,1,1,,,,,,0,,0,00,1,1,1,1
Package,"org.apache.pdfbox.contentstream.operator.markedcontent",pdfbox/src/main/java/org/apache/pdfbox/contentstream/operator/markedcontent/BeginMarkedContentSequence.java,2,2,2,1,12,0,12,0,,,,4,0,1,4,,8,0,8,,0,0,0,8,,251,18,148,66,39,85,,,65,90,60,33,,,,,6,6,6,4,,3,,0,57,18,18,18,11
Public Class,"org.apache.pdfbox.contentstream.operator.markedcontent.BeginMarkedContentSequence",pdfbox/src/main/java/org/apache/pdfbox/contentstream/operator/markedcontent/BeginMarkedContentSequence.java,2,2,2,1,9,0,9,0,1,9,0,,0,0,,,2,0,2,20,0,0,0,2,,27,1,21,6,6,5,,,4,10,5,5,,,,,3,3,3,1,2,2,0,0,24,4,4,4,2
Public Method,"org.apache.pdfbox.contentstream.operator.markedcontent.BeginMarkedContentSequence.getName()",pdfbox/src/main/java/org/apache/pdfbox/contentstream/operator/markedcontent/BeginMarkedContentSequence.java,,,,,,,,,,,,,,,,,,,,,,,,,1,5,0,5,2,1,0,1,1,1,2,1,1,1,1,1,1,,,,,,0,,0,00,1,1,1,1
Public Method,"org.apache.pdfbox.contentstream.operator.markedcontent.BeginMarkedContentSequence.process(Operator,List<COSBase>)",pdfbox/src/main/java/org/apache/pdfbox/contentstream/operator/markedcontent/BeginMarkedContentSequence.java,,,,,,,,,,,,,,,,,,,,,,,,,2,13,0,13,3,5,0,1,3,3,7,3,4,3,3,3,1,,,,,,2,,0,00,3,3,3,1
Public Class,"org.apache.pdfbox.contentstream.operator.markedcontent.BeginMarkedContentSequenceWithProperties",pdfbox/src/main/java/org/apache/pdfbox/contentstream/operator/markedcontent/BeginMarkedContentSequenceWithProperties.java,2,2,2,1,11,0,11,0,1,10,0,,0,0,,,2,0,2,20,0,0,0,2,,32,1,26,7,9,5,,,6,13,6,7,,,,,4,4,4,1,2,2,0,0,19,5,5,5,2
Public Method,"org.apache.pdfbox.contentstream.operator.markedcontent.BeginMarkedContentSequenceWithProperties.getName()",pdfbox/src/main/java/org/apache/pdfbox/contentstream/operator/markedcontent/BeginMarkedContentSequenceWithProperties.java,,,,,,,,,,,,,,,,,,,,,,,,,1,5,0,5,2,1,0,1,1,1,2,1,1,1,1,1,1,,,,,,0,,0,00,1,1,1,1
Public Method,"org.apache.pdfbox.contentstream.operator.markedcontent.BeginMarkedContentSequenceWithProperties.process(Operator,List<COSBase>)",pdfbox/src/main/java/org/apache/pdfbox/contentstream/operator/markedcontent/BeginMarkedContentSequenceWithProperties.java,,,,,,,,,,,,,,,,,,,,,,,,,2,18,0,18,4,8,0,1,4,5,10,4,6,4,4,4,1,,,,,,2,,0,00,4,4,4,1
Public Class,"org.apache.pdfbox.contentstream.operator.markedcontent.DrawObject",pdfbox/src/main/java/org/apache/pdfbox/contentstream/operator/markedcontent/DrawObject.java,3,3,3,2,23,0,22,0,1,18,0,,0,1,,,2,0,2,20,0,0,0,2,,58,3,49,9,22,6,,,14,23,7,19,,,,,6,6,6,4,2,3,0,0,12,7,7,7,5
Public Method,"org.apache.pdfbox.contentstream.operator.markedcontent.DrawObject.getName()",pdfbox/src/main/java/org/apache/pdfbox/contentstream/operator/markedcontent/DrawObject.java,,,,,,,,,,,,,,,,,,,,,,,,,1,5,0,5,2,1,0,1,1,1,2,1,1,1,1,1,1,,,,,,0,,0,00,1,1,1,1
Public Method,"org.apache.pdfbox.contentstream.operator.markedcontent.DrawObject.process(Operator,List<COSBase>)",pdfbox/src/main/java/org/apache/pdfbox/contentstream/operator/markedcontent/DrawObject.java,,,,,,,,,,,,,,,,,,,,,,,,,4,41,1,40,5,20,0,12,10,12,19,4,17,6,6,6,4,,,,,,3,,0,00,6,6,6,4
Public Class,"org.apache.pdfbox.contentstream.operator.markedcontent.EndMarkedContentSequence",pdfbox/src/main/java/org/apache/pdfbox/contentstream/operator/markedcontent/EndMarkedContentSequence.java,1,1,1,1,5,0,5,0,1,7,0,,0,0,,,2,0,2,20,0,0,0,2,,19,1,13,5,2,5,,,2,5,3,2,,,,,1,1,1,1,2,0,0,0,38,2,2,2,2
Public Method,"org.apache.pdfbox.contentstream.operator.markedcontent.EndMarkedContentSequence.getName()",pdfbox/src/main/java/org/apache/pdfbox/contentstream/operator/markedcontent/EndMarkedContentSequence.java,,,,,,,,,,,,,,,,,,,,,,,,,1,5,0,5,2,1,0,1,1,1,2,1,1,1,1,1,1,,,,,,0,,0,00,1,1,1,1
Public Method,"org.apache.pdfbox.contentstream.operator.markedcontent.EndMarkedContentSequence.process(Operator,List<COSBase>)",pdfbox/src/main/java/org/apache/pdfbox/contentstream/operator/markedcontent/EndMarkedContentSequence.java,,,,,,,,,,,,,,,,,,,,,,,,,1,5,0,5,2,1,0,1,1,1,2,1,1,1,1,1,1,,,,,,0,,0,00,1,1,1,1
Package,"org.apache.pdfbox.contentstream.operator.state",pdfbox/src/main/java/org/apache/pdfbox/contentstream/operator/state/Concatenate.java,1,1,1,1,10,0,10,0,,,,13,0,3,13,,25,0,25,,1,0,0,24,,746,66,406,207,108,274,,,193,254,182,99,,,,,7,7,7,6,,3,,0,67,47,47,47,32
Public Class,"org.apache.pdfbox.contentstream.operator.state.Concatenate",pdfbox/src/main/java/org/apache/pdfbox/contentstream/operator/state/Concatenate.java,2,2,2,1,15,1,13,0,1,12,0,,0,0,,,2,0,2,20,0,0,0,2,,39,4,29,13,14,6,,,11,16,10,13,,,,,3,3,3,1,2,1,0,0,21,4,4,4,2
Public Method,"org.apache.pdfbox.contentstream.operator.state.Concatenate.getName()",pdfbox/src/main/java/org/apache/pdfbox/contentstream/operator/state/Concatenate.java,,,,,,,,,,,,,,,,,,,,,,,,,1,5,0,5,2,1,0,1,1,1,2,1,1,1,1,1,1,,,,,,0,,0,00,1,1,1,1
Public Method,"org.apache.pdfbox.contentstream.operator.state.Concatenate.process(Operator,List<COSBase>)",pdfbox/src/main/java/org/apache/pdfbox/contentstream/operator/state/Concatenate.java,,,,,,,,,,,,,,,,,,,,,,,,,3,25,3,21,10,13,1,9,4,10,13,8,12,3,3,3,1,,,,,,1,,0,05,3,3,3,1
Public Final Class,"org.apache.pdfbox.contentstream.operator.state.EmptyGraphicsStackException",pdfbox/src/main/java/org/apache/pdfbox/contentstream/operator/state/EmptyGraphicsStackException.java,1,1,1,1,4,0,4,0,1,0,0,,0,1,,,1,0,1,48,1,0,0,0,,15,1,8,3,2,6,,,2,4,3,1,,,,,1,1,1,1,1,0,0,0,75,1,1,1,1
Constructor,"org.apache.pdfbox.contentstream.operator.state.EmptyGraphicsStackException.EmptyGraphicsStackException()",pdfbox/src/main/java/org/apache/pdfbox/contentstream/operator/state/EmptyGraphicsStackException.java,,,,,,,,,,,,,,,,,,,,,,,,,1,4,0,4,1,1,0,2,1,1,2,1,1,1,1,1,1,,,,,,0,,0,00,1,1,1,1
Public Class,"org.apache.pdfbox.contentstream.operator.state.Restore",pdfbox/src/main/java/org/apache/pdfbox/contentstream/operator/state/Restore.java,1,1,1,1,9,0,8,0,1,8,0,,0,0,,,2,0,2,20,0,0,0,2,,27,1,20,5,5,6,,,3,7,3,4,,,,,2,2,2,1,2,1,0,0,30,3,3,3,2
Public Method,"org.apache.pdfbox.contentstream.operator.state.Restore.getName()",pdfbox/src/main/java/org/apache/pdfbox/contentstream/operator/state/Restore.java,,,,,,,,,,,,,,,,,,,,,,,,,1,5,0,5,2,1,0,1,1,1,2,1,1,1,1,1,1,,,,,,0,,0,00,1,1,1,1
Public Method,"org.apache.pdfbox.contentstream.operator.state.Restore.process(Operator,List<COSBase>)",pdfbox/src/main/java/org/apache/pdfbox/contentstream/operator/state/Restore.java,,,,,,,,,,,,,,,,,,,,,,,,,1,13,0,12,2,4,1,3,2,2,4,1,3,2,2,2,1,,,,,,1,,0,08,2,2,2,1
Public Class,"org.apache.pdfbox.contentstream.operator.state.Save",pdfbox/src/main/java/org/apache/pdfbox/contentstream/operator/state/Save.java,1,1,1,1,5,0,5,0,1,6,0,,0,0,,,2,0,2,20,0,0,0,2,,19,1,13,5,2,5,,,2,5,3,2,,,,,1,1,1,1,2,0,0,0,38,2,2,2,2
Public Method,"org.apache.pdfbox.contentstream.operator.state.Save.getName()",pdfbox/src/main/java/org/apache/pdfbox/contentstream/operator/state/Save.java,,,,,,,,,,,,,,,,,,,,,,,,,1,5,0,5,2,1,0,1,1,1,2,1,1,1,1,1,1,,,,,,0,,0,00,1,1,1,1
Public Method,"org.apache.pdfbox.contentstream.operator.state.Save.process(Operator,List<COSBase>)",pdfbox/src/main/java/org/apache/pdfbox/contentstream/operator/state/Save.java,,,,,,,,,,,,,,,,,,,,,,,,,1,5,0,5,2,1,0,1,1,1,2,1,1,1,1,1,1,,,,,,0,,0,00,1,1,1,1
Public Class,"org.apache.pdfbox.contentstream.operator.state.SetFlatness",pdfbox/src/main/java/org/apache/pdfbox/contentstream/operator/state/SetFlatness.java,2,2,2,1,9,0,9,0,1,11,0,,0,0,,,2,0,2,20,0,0,0,2,,28,1,22,6,7,5,,,5,10,4,7,,,,,3,3,3,1,2,1,0,0,23,4,4,4,2
Public Method,"org.apache.pdfbox.contentstream.operator.state.SetFlatness.getName()",pdfbox/src/main/java/org/apache/pdfbox/contentstream/operator/state/SetFlatness.java,,,,,,,,,,,,,,,,,,,,,,,,,1,5,0,5,2,1,0,1,1,1,2,1,1,1,1,1,1,,,,,,0,,0,00,1,1,1,1
Public Method,"org.apache.pdfbox.contentstream.operator.state.SetFlatness.process(Operator,List<COSBase>)",pdfbox/src/main/java/org/apache/pdfbox/contentstream/operator/state/SetFlatness.java,,,,,,,,,,,,,,,,,,,,,,,,,3,14,0,14,3,6,0,7,4,4,7,2,6,3,3,3,1,,,,,,1,,0,00,3,3,3,1
Public Class,"org.apache.pdfbox.contentstream.operator.state.SetGraphicsStateParameters",pdfbox/src/main/java/org/apache/pdfbox/contentstream/operator/state/SetGraphicsStateParameters.java,2,2,2,2,14,0,13,0,1,15,0,,0,1,,,2,0,2,20,0,0,0,2,,39,3,30,9,13,6,,,10,16,7,12,,,,,4,4,4,3,2,1,0,0,20,5,5,5,4
Public Method,"org.apache.pdfbox.contentstream.operator.state.SetGraphicsStateParameters.getName()",pdfbox/src/main/java/org/apache/pdfbox/contentstream/operator/state/SetGraphicsStateParameters.java,,,,,,,,,,,,,,,,,,,,,,,,,1,5,0,5,2,1,0,1,1,1,2,1,1,1,1,1,1,,,,,,0,,0,00,1,1,1,1
Public Method,"org.apache.pdfbox.contentstream.operator.state.SetGraphicsStateParameters.process(Operator,List<COSBase>)",pdfbox/src/main/java/org/apache/pdfbox/contentstream/operator/state/SetGraphicsStateParameters.java,,,,,,,,,,,,,,,,,,,,,,,,,4,23,1,21,5,11,1,9,6,8,12,4,10,4,4,4,3,,,,,,1,,0,05,4,4,4,3
Public Class,"org.apache.pdfbox.contentstream.operator.state.SetLineCapStyle",pdfbox/src/main/java/org/apache/pdfbox/contentstream/operator/state/SetLineCapStyle.java,1,1,1,1,7,0,7,0,1,10,0,,0,0,,,2,0,2,20,0,0,0,2,,23,1,18,6,5,4,,,4,8,4,5,,,,,2,2,2,1,2,1,0,0,22,3,3,3,2
Public Method,"org.apache.pdfbox.contentstream.operator.state.SetLineCapStyle.getName()",pdfbox/src/main/java/org/apache/pdfbox/contentstream/operator/state/SetLineCapStyle.java,,,,,,,,,,,,,,,,,,,,,,,,,1,5,0,5,2,1,0,1,1,1,2,1,1,1,1,1,1,,,,,,0,,0,00,1,1,1,1
Public Method,"org.apache.pdfbox.contentstream.operator.state.SetLineCapStyle.process(Operator,List<COSBase>)",pdfbox/src/main/java/org/apache/pdfbox/contentstream/operator/state/SetLineCapStyle.java,,,,,,,,,,,,,,,,,,,,,,,,,3,10,0,10,3,4,0,6,2,3,5,2,4,2,2,2,1,,,,,,1,,0,00,2,2,2,1
Public Class,"org.apache.pdfbox.contentstream.operator.state.SetLineDashPattern",pdfbox/src/main/java/org/apache/pdfbox/contentstream/operator/state/SetLineDashPattern.java,4,4,4,3,22,0,21,0,1,14,0,,0,1,,,2,0,2,20,0,0,0,2,,55,3,47,11,22,5,,,15,25,10,19,,,,,7,7,7,6,2,3,0,0,11,8,8,8,7
Public Method,"org.apache.pdfbox.contentstream.operator.state.SetLineDashPattern.getName()",pdfbox/src/main/java/org/apache/pdfbox/contentstream/operator/state/SetLineDashPattern.java,,,,,,,,,,,,,,,,,,,,,,,,,1,5,0,5,2,1,0,1,1,1,2,1,1,1,1,1,1,,,,,,0,,0,00,1,1,1,1
Public Method,"org.apache.pdfbox.contentstream.operator.state.SetLineDashPattern.process(Operator,List<COSBase>)",pdfbox/src/main/java/org/apache/pdfbox/contentstream/operator/state/SetLineDashPattern.java,,,,,,,,,,,,,,,,,,,,,,,,,4,39,1,38,7,20,0,9,12,13,21,7,17,7,7,7,6,,,,,,3,,0,00,7,7,7,6
Public Class,"org.apache.pdfbox.contentstream.operator.state.SetLineJoinStyle",pdfbox/src/main/java/org/apache/pdfbox/contentstream/operator/state/SetLineJoinStyle.java,1,1,1,1,7,0,7,0,1,10,0,,0,0,,,2,0,2,20,0,0,0,2,,23,1,18,6,5,4,,,4,8,4,5,,,,,2,2,2,1,2,1,0,0,22,3,3,3,2
Public Method,"org.apache.pdfbox.contentstream.operator.state.SetLineJoinStyle.getName()",pdfbox/src/main/java/org/apache/pdfbox/contentstream/operator/state/SetLineJoinStyle.java,,,,,,,,,,,,,,,,,,,,,,,,,1,5,0,5,2,1,0,1,1,1,2,1,1,1,1,1,1,,,,,,0,,0,00,1,1,1,1
Public Method,"org.apache.pdfbox.contentstream.operator.state.SetLineJoinStyle.process(Operator,List<COSBase>)",pdfbox/src/main/java/org/apache/pdfbox/contentstream/operator/state/SetLineJoinStyle.java,,,,,,,,,,,,,,,,,,,,,,,,,3,10,0,10,3,4,0,6,2,3,5,2,4,2,2,2,1,,,,,,1,,0,00,2,2,2,1
Public Class,"org.apache.pdfbox.contentstream.operator.state.SetLineMiterLimit",pdfbox/src/main/java/org/apache/pdfbox/contentstream/operator/state/SetLineMiterLimit.java,1,1,1,1,7,0,7,0,1,10,0,,0,0,,,2,0,2,20,0,0,0,2,,23,1,18,6,5,4,,,4,8,4,5,,,,,2,2,2,1,2,1,0,0,22,3,3,3,2
Public Method,"org.apache.pdfbox.contentstream.operator.state.SetLineMiterLimit.getName()",pdfbox/src/main/java/org/apache/pdfbox/contentstream/operator/state/SetLineMiterLimit.java,,,,,,,,,,,,,,,,,,,,,,,,,1,5,0,5,2,1,0,1,1,1,2,1,1,1,1,1,1,,,,,,0,,0,00,1,1,1,1
Public Method,"org.apache.pdfbox.contentstream.operator.state.SetLineMiterLimit.process(Operator,List<COSBase>)",pdfbox/src/main/java/org/apache/pdfbox/contentstream/operator/state/SetLineMiterLimit.java,,,,,,,,,,,,,,,,,,,,,,,,,3,10,0,10,3,4,0,6,2,3,5,2,4,2,2,2,1,,,,,,1,,0,00,2,2,2,1
Public Class,"org.apache.pdfbox.contentstream.operator.state.SetLineWidth",pdfbox/src/main/java/org/apache/pdfbox/contentstream/operator/state/SetLineWidth.java,1,1,1,1,7,0,7,0,1,10,0,,0,0,,,2,0,2,20,0,0,0,2,,24,1,18,6,5,5,,,4,8,4,5,,,,,2,2,2,1,2,1,0,0,28,3,3,3,2
Public Method,"org.apache.pdfbox.contentstream.operator.state.SetLineWidth.getName()",pdfbox/src/main/java/org/apache/pdfbox/contentstream/operator/state/SetLineWidth.java,,,,,,,,,,,,,,,,,,,,,,,,,1,5,0,5,2,1,0,1,1,1,2,1,1,1,1,1,1,,,,,,0,,0,00,1,1,1,1
Public Method,"org.apache.pdfbox.contentstream.operator.state.SetLineWidth.process(Operator,List<COSBase>)",pdfbox/src/main/java/org/apache/pdfbox/contentstream/operator/state/SetLineWidth.java,,,,,,,,,,,,,,,,,,,,,,,,,3,10,0,10,3,4,0,6,2,3,5,2,4,2,2,2,1,,,,,,1,,0,00,2,2,2,1
Public Class,"org.apache.pdfbox.contentstream.operator.state.SetMatrix",pdfbox/src/main/java/org/apache/pdfbox/contentstream/operator/state/SetMatrix.java,2,2,2,1,15,1,13,0,1,10,0,,0,0,,,2,0,2,20,0,0,0,2,,39,4,30,13,15,5,,,12,17,10,14,,,,,3,3,3,1,2,1,0,0,17,4,4,4,2
Public Method,"org.apache.pdfbox.contentstream.operator.state.SetMatrix.getName()",pdfbox/src/main/java/org/apache/pdfbox/contentstream/operator/state/SetMatrix.java,,,,,,,,,,,,,,,,,,,,,,,,,1,5,0,5,2,1,0,1,1,1,2,1,1,1,1,1,1,,,,,,0,,0,00,1,1,1,1
Public Method,"org.apache.pdfbox.contentstream.operator.state.SetMatrix.process(Operator,List<COSBase>)",pdfbox/src/main/java/org/apache/pdfbox/contentstream/operator/state/SetMatrix.java,,,,,,,,,,,,,,,,,,,,,,,,,3,25,3,22,10,14,0,9,4,11,14,8,13,3,3,3,1,,,,,,1,,0,00,3,3,3,1
Public Class,"org.apache.pdfbox.contentstream.operator.state.SetRenderingIntent",pdfbox/src/main/java/org/apache/pdfbox/contentstream/operator/state/SetRenderingIntent.java,2,2,2,1,10,0,10,0,1,12,0,,0,0,,,2,0,2,20,0,0,0,2,,29,1,23,6,8,5,,,5,10,4,7,,,,,3,3,3,1,2,1,0,0,22,4,4,4,2
Public Method,"org.apache.pdfbox.contentstream.operator.state.SetRenderingIntent.getName()",pdfbox/src/main/java/org/apache/pdfbox/contentstream/operator/state/SetRenderingIntent.java,,,,,,,,,,,,,,,,,,,,,,,,,1,5,0,5,2,1,0,1,1,1,2,1,1,1,1,1,1,,,,,,0,,0,00,1,1,1,1
Public Method,"org.apache.pdfbox.contentstream.operator.state.SetRenderingIntent.process(Operator,List<COSBase>)",pdfbox/src/main/java/org/apache/pdfbox/contentstream/operator/state/SetRenderingIntent.java,,,,,,,,,,,,,,,,,,,,,,,,,3,15,0,15,3,7,0,7,4,4,7,2,6,3,3,3,1,,,,,,1,,0,00,3,3,3,1
Package,"org.apache.pdfbox.contentstream.operator.text",pdfbox/src/main/java/org/apache/pdfbox/contentstream/operator/text/BeginText.java,1,1,1,1,10,0,10,0,,,,16,0,2,16,,32,0,32,,0,0,0,32,,947,80,518,257,140,349,,,252,330,225,128,,,,,5,5,5,4,,1,,0,67,62,62,63,49
Public Class,"org.apache.pdfbox.contentstream.operator.text.BeginText",pdfbox/src/main/java/org/apache/pdfbox/contentstream/operator/text/BeginText.java,1,1,1,1,6,0,6,0,1,8,0,,0,0,,,2,0,2,20,0,0,0,2,,22,1,15,5,4,6,,,4,7,3,4,,,,,1,1,1,1,2,0,0,0,40,2,2,2,2
Public Method,"org.apache.pdfbox.contentstream.operator.text.BeginText.getName()",pdfbox/src/main/java/org/apache/pdfbox/contentstream/operator/text/BeginText.java,,,,,,,,,,,,,,,,,,,,,,,,,1,5,0,5,2,1,0,1,1,1,2,1,1,1,1,1,1,,,,,,0,,0,00,1,1,1,1
Public Method,"org.apache.pdfbox.contentstream.operator.text.BeginText.process(Operator,List<COSBase>)",pdfbox/src/main/java/org/apache/pdfbox/contentstream/operator/text/BeginText.java,,,,,,,,,,,,,,,,,,,,,,,,,1,7,0,7,2,3,0,4,1,3,4,1,3,1,1,1,1,,,,,,0,,0,00,1,1,1,1
Public Class,"org.apache.pdfbox.contentstream.operator.text.EndText",pdfbox/src/main/java/org/apache/pdfbox/contentstream/operator/text/EndText.java,1,1,1,1,6,0,6,0,1,7,0,,0,0,,,2,0,2,20,0,0,0,2,,21,1,15,5,4,5,,,4,7,3,4,,,,,1,1,1,1,2,0,0,0,33,2,2,2,2
Public Method,"org.apache.pdfbox.contentstream.operator.text.EndText.getName()",pdfbox/src/main/java/org/apache/pdfbox/contentstream/operator/text/EndText.java,,,,,,,,,,,,,,,,,,,,,,,,,1,5,0,5,2,1,0,1,1,1,2,1,1,1,1,1,1,,,,,,0,,0,00,1,1,1,1
Public Method,"org.apache.pdfbox.contentstream.operator.text.EndText.process(Operator,List<COSBase>)",pdfbox/src/main/java/org/apache/pdfbox/contentstream/operator/text/EndText.java,,,,,,,,,,,,,,,,,,,,,,,,,1,7,0,7,2,3,0,3,1,3,4,1,3,1,1,1,1,,,,,,0,,0,00,1,1,1,1
Public Class,"org.apache.pdfbox.contentstream.operator.text.MoveText",pdfbox/src/main/java/org/apache/pdfbox/contentstream/operator/text/MoveText.java,3,3,3,2,18,1,17,0,1,13,0,,0,1,,,2,0,2,20,0,0,0,2,,47,4,38,12,19,5,,,15,22,10,17,,,,,5,5,5,4,2,1,0,0,13,6,6,6,5
Public Method,"org.apache.pdfbox.contentstream.operator.text.MoveText.getName()",pdfbox/src/main/java/org/apache/pdfbox/contentstream/operator/text/MoveText.java,,,,,,,,,,,,,,,,,,,,,,,,,2,5,0,5,2,1,0,1,1,1,2,1,1,1,1,1,1,,,,,,0,,0,00,1,1,1,1
Public Method,"org.apache.pdfbox.contentstream.operator.text.MoveText.process(Operator,List<COSBase>)",pdfbox/src/main/java/org/apache/pdfbox/contentstream/operator/text/MoveText.java,,,,,,,,,,,,,,,,,,,,,,,,,4,31,2,29,8,17,0,11,8,13,18,7,15,5,5,5,4,,,,,,1,,0,00,5,5,5,4
Public Class,"org.apache.pdfbox.contentstream.operator.text.MoveTextSetLeading",pdfbox/src/main/java/org/apache/pdfbox/contentstream/operator/text/MoveTextSetLeading.java,2,2,2,1,13,1,11,0,1,12,0,,0,0,,,2,0,2,20,0,0,0,2,,35,3,26,8,11,6,,,9,14,6,10,,,,,3,3,3,1,2,1,0,0,23,4,4,4,2
Public Method,"org.apache.pdfbox.contentstream.operator.text.MoveTextSetLeading.getName()",pdfbox/src/main/java/org/apache/pdfbox/contentstream/operator/text/MoveTextSetLeading.java,,,,,,,,,,,,,,,,,,,,,,,,,1,5,0,5,2,1,0,1,1,1,2,1,1,1,1,1,1,,,,,,0,,0,00,1,1,1,1
Public Method,"org.apache.pdfbox.contentstream.operator.text.MoveTextSetLeading.process(Operator,List<COSBase>)",pdfbox/src/main/java/org/apache/pdfbox/contentstream/operator/text/MoveTextSetLeading.java,,,,,,,,,,,,,,,,,,,,,,,,,5,21,2,18,5,10,1,8,4,8,11,4,9,3,3,3,1,,,,,,1,,0,06,3,3,3,1
Public Class,"org.apache.pdfbox.contentstream.operator.text.NextLine",pdfbox/src/main/java/org/apache/pdfbox/contentstream/operator/text/NextLine.java,1,1,1,1,8,0,6,2,1,11,0,,0,0,,,2,0,2,20,0,0,0,2,,26,1,16,6,5,9,,,5,8,4,5,,,,,1,1,1,1,2,0,0,0,56,2,2,2,2
Public Method,"org.apache.pdfbox.contentstream.operator.text.NextLine.getName()",pdfbox/src/main/java/org/apache/pdfbox/contentstream/operator/text/NextLine.java,,,,,,,,,,,,,,,,,,,,,,,,,1,5,0,5,2,1,0,1,1,1,2,1,1,1,1,1,1,,,,,,0,,0,00,1,1,1,1
Public Method,"org.apache.pdfbox.contentstream.operator.text.NextLine.process(Operator,List<COSBase>)",pdfbox/src/main/java/org/apache/pdfbox/contentstream/operator/text/NextLine.java,,,,,,,,,,,,,,,,,,,,,,,,,2,12,0,8,3,4,4,7,1,4,5,2,4,1,1,1,1,,,,,,0,,0,50,1,1,1,1
Public Class,"org.apache.pdfbox.contentstream.operator.text.SetCharSpacing",pdfbox/src/main/java/org/apache/pdfbox/contentstream/operator/text/SetCharSpacing.java,2,2,2,1,11,0,9,1,1,11,0,,0,0,,,2,0,2,20,0,0,0,2,,32,2,22,7,7,8,,,5,10,5,6,,,,,3,3,3,1,2,1,0,0,36,4,4,4,2
Public Method,"org.apache.pdfbox.contentstream.operator.text.SetCharSpacing.getName()",pdfbox/src/main/java/org/apache/pdfbox/contentstream/operator/text/SetCharSpacing.java,,,,,,,,,,,,,,,,,,,,,,,,,1,5,0,5,2,1,0,1,1,1,2,1,1,1,1,1,1,,,,,,0,,0,00,1,1,1,1
Public Method,"org.apache.pdfbox.contentstream.operator.text.SetCharSpacing.process(Operator,List<COSBase>)",pdfbox/src/main/java/org/apache/pdfbox/contentstream/operator/text/SetCharSpacing.java,,,,,,,,,,,,,,,,,,,,,,,,,3,18,1,14,4,6,3,8,4,4,7,3,5,3,3,3,1,,,,,,1,,0,21,3,3,3,1
Public Class,"org.apache.pdfbox.contentstream.operator.text.SetFontAndSize",pdfbox/src/main/java/org/apache/pdfbox/contentstream/operator/text/SetFontAndSize.java,3,3,3,2,16,0,16,0,1,18,0,,0,1,,,2,0,2,20,0,0,0,2,,44,3,36,11,17,5,,,13,20,9,16,,,,,5,5,5,3,2,1,0,0,14,6,6,6,4
Public Method,"org.apache.pdfbox.contentstream.operator.text.SetFontAndSize.getName()",pdfbox/src/main/java/org/apache/pdfbox/contentstream/operator/text/SetFontAndSize.java,,,,,,,,,,,,,,,,,,,,,,,,,1,5,0,5,2,1,0,1,1,1,2,1,1,1,1,1,1,,,,,,0,,0,00,1,1,1,1
Public Method,"org.apache.pdfbox.contentstream.operator.text.SetFontAndSize.process(Operator,List<COSBase>)",pdfbox/src/main/java/org/apache/pdfbox/contentstream/operator/text/SetFontAndSize.java,,,,,,,,,,,,,,,,,,,,,,,,,4,28,1,27,7,15,0,12,8,11,16,6,14,5,5,5,3,,,,,,1,,0,00,5,5,5,3
Public Class,"org.apache.pdfbox.contentstream.operator.text.SetTextHorizontalScaling",pdfbox/src/main/java/org/apache/pdfbox/contentstream/operator/text/SetTextHorizontalScaling.java,2,2,2,1,10,0,10,0,1,12,0,,0,0,,,2,0,2,20,0,0,0,2,,30,2,23,7,8,5,,,6,11,5,7,,,,,3,3,3,1,2,1,0,0,22,4,4,4,2
Public Method,"org.apache.pdfbox.contentstream.operator.text.SetTextHorizontalScaling.getName()",pdfbox/src/main/java/org/apache/pdfbox/contentstream/operator/text/SetTextHorizontalScaling.java,,,,,,,,,,,,,,,,,,,,,,,,,1,5,0,5,2,1,0,1,1,1,2,1,1,1,1,1,1,,,,,,0,,0,00,1,1,1,1
Public Method,"org.apache.pdfbox.contentstream.operator.text.SetTextHorizontalScaling.process(Operator,List<COSBase>)",pdfbox/src/main/java/org/apache/pdfbox/contentstream/operator/text/SetTextHorizontalScaling.java,,,,,,,,,,,,,,,,,,,,,,,,,3,16,1,15,4,7,0,7,4,5,8,3,6,3,3,3,1,,,,,,1,,0,00,3,3,3,1
Public Class,"org.apache.pdfbox.contentstream.operator.text.SetTextLeading",pdfbox/src/main/java/org/apache/pdfbox/contentstream/operator/text/SetTextLeading.java,2,2,2,1,10,0,10,0,1,12,0,,0,0,,,2,0,2,20,0,0,0,2,,29,1,23,7,8,5,,,6,11,5,7,,,,,3,3,3,1,2,1,0,0,22,4,4,4,2
Public Method,"org.apache.pdfbox.contentstream.operator.text.SetTextLeading.getName()",pdfbox/src/main/java/org/apache/pdfbox/contentstream/operator/text/SetTextLeading.java,,,,,,,,,,,,,,,,,,,,,,,,,1,5,0,5,2,1,0,1,1,1,2,1,1,1,1,1,1,,,,,,0,,0,00,1,1,1,1
Public Method,"org.apache.pdfbox.contentstream.operator.text.SetTextLeading.process(Operator,List<COSBase>)",pdfbox/src/main/java/org/apache/pdfbox/contentstream/operator/text/SetTextLeading.java,,,,,,,,,,,,,,,,,,,,,,,,,3,15,0,15,4,7,0,7,4,5,8,3,6,3,3,3,1,,,,,,1,,0,00,3,3,3,1
Public Class,"org.apache.pdfbox.contentstream.operator.text.SetTextRenderingMode",pdfbox/src/main/java/org/apache/pdfbox/contentstream/operator/text/SetTextRenderingMode.java,2,2,3,2,13,0,13,0,1,13,0,,0,0,,,2,0,2,20,0,0,0,2,,35,1,29,9,12,5,,,9,15,7,11,,,,,4,4,5,3,2,1,0,0,17,5,5,6,4
Public Method,"org.apache.pdfbox.contentstream.operator.text.SetTextRenderingMode.getName()",pdfbox/src/main/java/org/apache/pdfbox/contentstream/operator/text/SetTextRenderingMode.java,,,,,,,,,,,,,,,,,,,,,,,,,1,5,0,5,2,1,0,1,1,1,2,1,1,1,1,1,1,,,,,,0,,0,00,1,1,1,1
Public Method,"org.apache.pdfbox.contentstream.operator.text.SetTextRenderingMode.process(Operator,List<COSBase>)",pdfbox/src/main/java/org/apache/pdfbox/contentstream/operator/text/SetTextRenderingMode.java,,,,,,,,,,,,,,,,,,,,,,,,,3,21,0,21,6,11,0,9,6,8,12,5,10,4,4,5,3,,,,,,1,,0,00,4,4,5,3
Public Class,"org.apache.pdfbox.contentstream.operator.text.SetTextRise",pdfbox/src/main/java/org/apache/pdfbox/contentstream/operator/text/SetTextRise.java,2,2,2,2,10,0,10,0,1,11,0,,0,0,,,2,0,2,20,0,0,0,2,,29,1,23,7,8,5,,,6,11,5,7,,,,,3,3,3,3,2,1,0,0,22,4,4,4,4
Public Method,"org.apache.pdfbox.contentstream.operator.text.SetTextRise.getName()",pdfbox/src/main/java/org/apache/pdfbox/contentstream/operator/text/SetTextRise.java,,,,,,,,,,,,,,,,,,,,,,,,,1,5,0,5,2,1,0,1,1,1,2,1,1,1,1,1,1,,,,,,0,,0,00,1,1,1,1
Public Method,"org.apache.pdfbox.contentstream.operator.text.SetTextRise.process(Operator,List<COSBase>)",pdfbox/src/main/java/org/apache/pdfbox/contentstream/operator/text/SetTextRise.java,,,,,,,,,,,,,,,,,,,,,,,,,2,15,0,15,4,7,0,6,3,5,8,3,6,3,3,3,3,,,,,,1,,0,00,3,3,3,3
Public Class,"org.apache.pdfbox.contentstream.operator.text.SetWordSpacing",pdfbox/src/main/java/org/apache/pdfbox/contentstream/operator/text/SetWordSpacing.java,2,2,2,2,10,0,10,0,1,10,0,,0,0,,,2,0,2,20,0,0,0,2,,29,1,23,7,8,5,,,6,11,5,7,,,,,3,3,3,3,2,1,0,0,22,4,4,4,4
Public Method,"org.apache.pdfbox.contentstream.operator.text.SetWordSpacing.getName()",pdfbox/src/main/java/org/apache/pdfbox/contentstream/operator/text/SetWordSpacing.java,,,,,,,,,,,,,,,,,,,,,,,,,1,5,0,5,2,1,0,1,1,1,2,1,1,1,1,1,1,,,,,,0,,0,00,1,1,1,1
Public Method,"org.apache.pdfbox.contentstream.operator.text.SetWordSpacing.process(Operator,List<COSBase>)",pdfbox/src/main/java/org/apache/pdfbox/contentstream/operator/text/SetWordSpacing.java,,,,,,,,,,,,,,,,,,,,,,,,,2,15,0,15,4,7,0,6,3,5,8,3,6,3,3,3,3,,,,,,1,,0,00,3,3,3,3
Public Class,"org.apache.pdfbox.contentstream.operator.text.ShowText",pdfbox/src/main/java/org/apache/pdfbox/contentstream/operator/text/ShowText.java,2,2,2,2,13,0,12,1,1,9,0,,0,0,,,2,0,2,20,0,0,0,2,,36,1,27,7,10,8,,,7,13,5,9,,,,,4,4,4,4,2,1,0,0,30,5,5,5,5
Public Method,"org.apache.pdfbox.contentstream.operator.text.ShowText.getName()",pdfbox/src/main/java/org/apache/pdfbox/contentstream/operator/text/ShowText.java,,,,,,,,,,,,,,,,,,,,,,,,,1,5,0,5,2,1,0,1,1,1,2,1,1,1,1,1,1,,,,,,0,,0,00,1,1,1,1
Public Method,"org.apache.pdfbox.contentstream.operator.text.ShowText.process(Operator,List<COSBase>)",pdfbox/src/main/java/org/apache/pdfbox/contentstream/operator/text/ShowText.java,,,,,,,,,,,,,,,,,,,,,,,,,2,22,0,19,4,9,3,5,4,6,10,3,8,4,4,4,4,,,,,,1,,0,16,4,4,4,4
Public Class,"org.apache.pdfbox.contentstream.operator.text.ShowTextAdjusted",pdfbox/src/main/java/org/apache/pdfbox/contentstream/operator/text/ShowTextAdjusted.java,2,2,2,2,12,0,12,0,1,9,0,,0,0,,,2,0,2,20,0,0,0,2,,34,1,27,7,10,6,,,7,13,5,9,,,,,4,4,4,4,2,1,0,0,22,5,5,5,5
Public Method,"org.apache.pdfbox.contentstream.operator.text.ShowTextAdjusted.getName()",pdfbox/src/main/java/org/apache/pdfbox/contentstream/operator/text/ShowTextAdjusted.java,,,,,,,,,,,,,,,,,,,,,,,,,1,5,0,5,2,1,0,1,1,1,2,1,1,1,1,1,1,,,,,,0,,0,00,1,1,1,1
Public Method,"org.apache.pdfbox.contentstream.operator.text.ShowTextAdjusted.process(Operator,List<COSBase>)",pdfbox/src/main/java/org/apache/pdfbox/contentstream/operator/text/ShowTextAdjusted.java,,,,,,,,,,,,,,,,,,,,,,,,,2,20,0,19,4,9,1,4,4,6,10,3,8,4,4,4,4,,,,,,1,,0,05,4,4,4,4
Public Class,"org.apache.pdfbox.contentstream.operator.text.ShowTextLine",pdfbox/src/main/java/org/apache/pdfbox/contentstream/operator/text/ShowTextLine.java,1,1,1,1,5,0,5,0,1,7,0,,0,0,,,2,0,2,20,0,0,0,2,,20,1,14,5,3,5,,,3,6,3,3,,,,,1,1,1,1,2,0,0,0,36,2,2,2,2
Public Method,"org.apache.pdfbox.contentstream.operator.text.ShowTextLine.getName()",pdfbox/src/main/java/org/apache/pdfbox/contentstream/operator/text/ShowTextLine.java,,,,,,,,,,,,,,,,,,,,,,,,,1,5,0,5,2,1,0,1,1,1,2,1,1,1,1,1,1,,,,,,0,,0,00,1,1,1,1
Public Method,"org.apache.pdfbox.contentstream.operator.text.ShowTextLine.process(Operator,List<COSBase>)",pdfbox/src/main/java/org/apache/pdfbox/contentstream/operator/text/ShowTextLine.java,,,,,,,,,,,,,,,,,,,,,,,,,4,6,0,6,2,2,0,1,1,2,3,1,2,1,1,1,1,,,,,,0,,0,00,1,1,1,1
Public Class,"org.apache.pdfbox.contentstream.operator.text.ShowTextLineAndSpace",pdfbox/src/main/java/org/apache/pdfbox/contentstream/operator/text/ShowTextLineAndSpace.java,1,1,1,1,8,0,8,0,1,8,0,,0,0,,,2,0,2,20,0,0,0,2,,25,1,19,5,6,5,,,5,9,3,6,,,,,2,2,2,1,2,1,0,0,26,3,3,3,2
Public Method,"org.apache.pdfbox.contentstream.operator.text.ShowTextLineAndSpace.getName()",pdfbox/src/main/java/org/apache/pdfbox/contentstream/operator/text/ShowTextLineAndSpace.java,,,,,,,,,,,,,,,,,,,,,,,,,1,5,0,5,2,1,0,1,1,1,2,1,1,1,1,1,1,,,,,,0,,0,00,1,1,1,1
Public Method,"org.apache.pdfbox.contentstream.operator.text.ShowTextLineAndSpace.process(Operator,List<COSBase>)",pdfbox/src/main/java/org/apache/pdfbox/contentstream/operator/text/ShowTextLineAndSpace.java,,,,,,,,,,,,,,,,,,,,,,,,,6,11,0,11,2,5,0,4,2,4,6,1,5,2,2,2,1,,,,,,1,,0,00,2,2,2,1
Package,"org.apache.pdfbox.cos",pdfbox/src/main/java/org/apache/pdfbox/cos/COSArray.java,1,1,1,1,14,0,9,4,,,,49,23,601,39,,472,62,495,,131,36,1,327,,10027,819,5753,2042,2816,3554,,,2716,3565,1880,2554,,,,,11,11,16,6,,7,,0,62,796,796,863,544
Public Class,"org.apache.pdfbox.cos.COSArray",pdfbox/src/main/java/org/apache/pdfbox/cos/COSArray.java,1,1,1,1,13,0,7,5,3,21,0,,3,0,,,44,2,47,66,0,0,0,47,,699,48,371,78,152,284,,,124,205,81,144,,,,,5,5,7,5,2,4,70,0,77,87,87,89,65
Public Constructor,"org.apache.pdfbox.cos.COSArray.COSArray()",pdfbox/src/main/java/org/apache/pdfbox/cos/COSArray.java,,,,,,,,,,,,,,,,,,,,,,,,,189,7,0,4,1,1,3,3,1,1,2,1,1,1,1,1,1,,,,,,0,,0,75,1,1,1,1
Public Constructor,"org.apache.pdfbox.cos.COSArray.COSArray(List<? extends COSObjectable>)",pdfbox/src/main/java/org/apache/pdfbox/cos/COSArray.java,,,,,,,,,,,,,,,,,,,,,,,,,27,15,0,10,1,5,5,5,2,3,5,1,4,2,2,2,1,,,,,,1,,0,50,4,4,4,2
Lambda Method,"org.apache.pdfbox.cos.COSArray.COSArray.(lambda_expr_1)(COSObjectable (inferred))",pdfbox/src/main/java/org/apache/pdfbox/cos/COSArray.java,,,,,,,,,,,,,,,,,,,,,,,,,2,2,0,2,0,2,0,3,1,0,0,0,0,2,2,2,1,,,,,,0,,0,00,2,2,2,1
Public Method,"org.apache.pdfbox.cos.COSArray.accept(ICOSVisitor)",pdfbox/src/main/java/org/apache/pdfbox/cos/COSArray.java,,,,,,,,,,,,,,,,,,,,,,,,,1,11,0,5,2,1,6,1,1,1,2,1,1,1,1,1,1,,,,,,0,,1,20,1,1,1,1
Public Method,"org.apache.pdfbox.cos.COSArray.add(COSBase)",pdfbox/src/main/java/org/apache/pdfbox/cos/COSArray.java,,,,,,,,,,,,,,,,,,,,,,,,,144,10,0,5,1,2,5,3,1,2,3,1,2,1,1,1,1,,,,,,0,,1,00,1,1,1,1
Public Method,"org.apache.pdfbox.cos.COSArray.add(COSObjectable)",pdfbox/src/main/java/org/apache/pdfbox/cos/COSArray.java,,,,,,,,,,,,,,,,,,,,,,,,,23,10,0,5,1,2,5,4,1,2,3,1,2,1,1,1,1,,,,,,0,,1,00,1,1,1,1
Public Method,"org.apache.pdfbox.cos.COSArray.add(int,COSBase)",pdfbox/src/main/java/org/apache/pdfbox/cos/COSArray.java,,,,,,,,,,,,,,,,,,,,,,,,,10,12,0,5,1,2,7,3,1,2,3,1,2,1,1,1,1,,,,,,0,,1,40,1,1,1,1
Public Method,"org.apache.pdfbox.cos.COSArray.addAll(COSArray)",pdfbox/src/main/java/org/apache/pdfbox/cos/COSArray.java,,,,,,,,,,,,,,,,,,,,,,,,,8,13,0,8,1,3,5,3,2,2,4,1,3,2,2,2,1,,,,,,1,,0,62,2,2,2,1
Public Method,"org.apache.pdfbox.cos.COSArray.addAll(Collection<COSBase>)",pdfbox/src/main/java/org/apache/pdfbox/cos/COSArray.java,,,,,,,,,,,,,,,,,,,,,,,,,5,10,0,5,1,2,5,3,1,2,3,1,2,1,1,1,1,,,,,,0,,1,00,1,1,1,1
Public Method,"org.apache.pdfbox.cos.COSArray.addAll(int,Collection<COSBase>)",pdfbox/src/main/java/org/apache/pdfbox/cos/COSArray.java,,,,,,,,,,,,,,,,,,,,,,,,,4,12,0,5,1,2,7,3,1,2,3,1,2,1,1,1,1,,,,,,0,,1,40,1,1,1,1
Public Method,"org.apache.pdfbox.cos.COSArray.clear()",pdfbox/src/main/java/org/apache/pdfbox/cos/COSArray.java,,,,,,,,,,,,,,,,,,,,,,,,,4,8,0,5,1,2,3,3,1,2,3,1,2,1,1,1,1,,,,,,0,,0,60,1,1,1,1
Public Method,"org.apache.pdfbox.cos.COSArray.get(int)",pdfbox/src/main/java/org/apache/pdfbox/cos/COSArray.java,,,,,,,,,,,,,,,,,,,,,,,,,68,12,0,4,1,1,8,2,1,1,2,1,1,1,1,1,1,,,,,,0,,2,00,1,1,1,1
Public Method,"org.apache.pdfbox.cos.COSArray.getInt(int)",pdfbox/src/main/java/org/apache/pdfbox/cos/COSArray.java,,,,,,,,,,,,,,,,,,,,,,,,,20,11,0,4,1,1,7,2,1,1,2,1,1,1,1,1,1,,,,,,0,,1,75,1,1,1,1
Public Method,"org.apache.pdfbox.cos.COSArray.getInt(int,int)",pdfbox/src/main/java/org/apache/pdfbox/cos/COSArray.java,,,,,,,,,,,,,,,,,,,,,,,,,6,20,0,13,3,6,7,4,3,4,7,3,5,3,3,3,1,,,,,,2,,0,54,3,3,3,1
Public Method,"org.apache.pdfbox.cos.COSArray.getName(int)",pdfbox/src/main/java/org/apache/pdfbox/cos/COSArray.java,,,,,,,,,,,,,,,,,,,,,,,,,13,10,0,4,1,1,6,2,1,1,2,1,1,1,1,1,1,,,,,,0,,1,50,1,1,1,1
Public Method,"org.apache.pdfbox.cos.COSArray.getName(int,String)",pdfbox/src/main/java/org/apache/pdfbox/cos/COSArray.java,,,,,,,,,,,,,,,,,,,,,,,,,9,19,0,13,3,6,6,4,3,4,7,3,5,3,3,3,1,,,,,,2,,0,46,3,3,3,1
Public Method,"org.apache.pdfbox.cos.COSArray.getObject(int)",pdfbox/src/main/java/org/apache/pdfbox/cos/COSArray.java,,,,,,,,,,,,,,,,,,,,,,,,,122,21,0,13,2,6,8,3,4,4,7,2,6,3,3,3,1,,,,,,1,,0,62,3,3,3,1
Public Method,"org.apache.pdfbox.cos.COSArray.getString(int)",pdfbox/src/main/java/org/apache/pdfbox/cos/COSArray.java,,,,,,,,,,,,,,,,,,,,,,,,,10,10,0,4,1,1,6,2,1,1,2,1,1,1,1,1,1,,,,,,0,,1,50,1,1,1,1
Public Method,"org.apache.pdfbox.cos.COSArray.getString(int,String)",pdfbox/src/main/java/org/apache/pdfbox/cos/COSArray.java,,,,,,,,,,,,,,,,,,,,,,,,,5,19,0,13,3,6,6,4,3,4,7,3,5,3,3,3,1,,,,,,2,,0,46,3,3,3,1
Public Method,"org.apache.pdfbox.cos.COSArray.getUpdateState()",pdfbox/src/main/java/org/apache/pdfbox/cos/COSArray.java,,,,,,,,,,,,,,,,,,,,,,,,,17,11,0,5,2,1,6,1,1,1,2,1,1,1,1,1,1,,,,,,0,,1,20,1,1,1,1
Public Method,"org.apache.pdfbox.cos.COSArray.growToSize(int)",pdfbox/src/main/java/org/apache/pdfbox/cos/COSArray.java,,,,,,,,,,,,,,,,,,,,,,,,,22,11,0,4,1,1,7,1,1,1,2,1,1,1,1,1,1,,,,,,0,,1,75,1,1,1,1
Public Method,"org.apache.pdfbox.cos.COSArray.growToSize(int,COSBase)",pdfbox/src/main/java/org/apache/pdfbox/cos/COSArray.java,,,,,,,,,,,,,,,,,,,,,,,,,5,17,0,9,1,4,8,5,2,3,5,1,4,2,2,2,1,,,,,,1,,0,89,2,2,2,1
Public Method,"org.apache.pdfbox.cos.COSArray.indexOf(COSBase)",pdfbox/src/main/java/org/apache/pdfbox/cos/COSArray.java,,,,,,,,,,,,,,,,,,,,,,,,,9,25,0,19,2,8,6,4,5,6,11,3,9,5,5,5,5,,,,,,3,,0,32,5,5,5,5
Public Method,"org.apache.pdfbox.cos.COSArray.indexOfObject(COSBase)",pdfbox/src/main/java/org/apache/pdfbox/cos/COSArray.java,,,,,,,,,,,,,,,,,,,,,,,,,3,27,0,20,2,9,7,5,5,6,11,3,9,5,5,7,5,,,,,,3,,0,35,5,5,7,5
Public Method,"org.apache.pdfbox.cos.COSArray.iterator()",pdfbox/src/main/java/org/apache/pdfbox/cos/COSArray.java,,,,,,,,,,,,,,,,,,,,,,,,,6,10,0,5,2,1,5,2,1,1,2,1,1,1,1,1,1,,,,,,0,,1,00,1,1,1,1
Public Static Method,"org.apache.pdfbox.cos.COSArray.ofCOSIntegers(List<Integer>)",pdfbox/src/main/java/org/apache/pdfbox/cos/COSArray.java,,,,,,,,,,,,,,,,,,,,,,,,,8,13,0,6,2,3,7,3,1,3,4,2,3,1,1,1,1,,,,,,0,,1,17,2,2,2,2
Lambda Method,"org.apache.pdfbox.cos.COSArray.ofCOSIntegers.(lambda_expr_1)(Integer (inferred))",pdfbox/src/main/java/org/apache/pdfbox/cos/COSArray.java,,,,,,,,,,,,,,,,,,,,,,,,,1,1,0,1,0,1,0,4,1,0,0,0,0,1,1,1,1,,,,,,0,,0,00,1,1,1,1
Public Static Method,"org.apache.pdfbox.cos.COSArray.ofCOSNames(List<String>)",pdfbox/src/main/java/org/apache/pdfbox/cos/COSArray.java,,,,,,,,,,,,,,,,,,,,,,,,,8,13,0,6,2,3,7,3,1,3,4,2,3,1,1,1,1,,,,,,0,,1,17,2,2,2,2
Lambda Method,"org.apache.pdfbox.cos.COSArray.ofCOSNames.(lambda_expr_1)(String (inferred))",pdfbox/src/main/java/org/apache/pdfbox/cos/COSArray.java,,,,,,,,,,,,,,,,,,,,,,,,,1,1,0,1,0,1,0,3,1,0,0,0,0,1,1,1,1,,,,,,0,,0,00,1,1,1,1
Public Static Method,"org.apache.pdfbox.cos.COSArray.ofCOSStrings(List<String>)",pdfbox/src/main/java/org/apache/pdfbox/cos/COSArray.java,,,,,,,,,,,,,,,,,,,,,,,,,11,13,0,6,2,3,7,3,1,3,4,2,3,1,1,1,1,,,,,,0,,1,17,2,2,2,2
Lambda Method,"org.apache.pdfbox.cos.COSArray.ofCOSStrings.(lambda_expr_1)(String (inferred))",pdfbox/src/main/java/org/apache/pdfbox/cos/COSArray.java,,,,,,,,,,,,,,,,,,,,,,,,,1,1,0,1,0,1,0,3,1,0,0,0,0,1,1,1,1,,,,,,0,,0,00,1,1,1,1
Public Method,"org.apache.pdfbox.cos.COSArray.remove(COSBase)",pdfbox/src/main/java/org/apache/pdfbox/cos/COSArray.java,,,,,,,,,,,,,,,,,,,,,,,,,12,17,0,9,2,4,8,4,2,3,5,2,4,2,2,2,1,,,,,,1,,0,89,2,2,2,1
Public Method,"org.apache.pdfbox.cos.COSArray.remove(int)",pdfbox/src/main/java/org/apache/pdfbox/cos/COSArray.java,,,,,,,,,,,,,,,,,,,,,,,,,11,13,0,6,2,3,7,4,1,3,4,2,3,1,1,1,1,,,,,,0,,1,17,1,1,1,1
Public Method,"org.apache.pdfbox.cos.COSArray.removeAll(Collection<COSBase>)",pdfbox/src/main/java/org/apache/pdfbox/cos/COSArray.java,,,,,,,,,,,,,,,,,,,,,,,,,3,10,0,5,1,2,5,3,1,2,3,1,2,1,1,1,1,,,,,,0,,1,00,1,1,1,1
Public Method,"org.apache.pdfbox.cos.COSArray.removeObject(COSBase)",pdfbox/src/main/java/org/apache/pdfbox/cos/COSArray.java,,,,,,,,,,,,,,,,,,,,,,,,,5,28,0,20,4,9,8,6,5,7,12,5,9,5,5,5,5,,,,,,4,,0,40,5,5,5,5
Public Method,"org.apache.pdfbox.cos.COSArray.retainAll(Collection<COSBase>)",pdfbox/src/main/java/org/apache/pdfbox/cos/COSArray.java,,,,,,,,,,,,,,,,,,,,,,,,,3,10,0,5,1,2,5,3,1,2,3,1,2,1,1,1,1,,,,,,0,,1,00,1,1,1,1
Public Method,"org.apache.pdfbox.cos.COSArray.set(int,COSBase)",pdfbox/src/main/java/org/apache/pdfbox/cos/COSArray.java,,,,,,,,,,,,,,,,,,,,,,,,,50,11,0,5,1,2,6,3,1,2,3,1,2,1,1,1,1,,,,,,0,,1,20,1,1,1,1
Public Method,"org.apache.pdfbox.cos.COSArray.set(int,COSObjectable)",pdfbox/src/main/java/org/apache/pdfbox/cos/COSArray.java,,,,,,,,,,,,,,,,,,,,,,,,,7,16,0,10,2,5,6,4,2,4,6,2,4,2,2,2,1,,,,,,1,,0,60,2,2,2,1
Public Method,"org.apache.pdfbox.cos.COSArray.set(int,int)",pdfbox/src/main/java/org/apache/pdfbox/cos/COSArray.java,,,,,,,,,,,,,,,,,,,,,,,,,5,11,0,5,1,2,6,4,1,2,3,1,2,1,1,1,1,,,,,,0,,1,20,1,1,1,1
Public Method,"org.apache.pdfbox.cos.COSArray.setFloatArray(float[])",pdfbox/src/main/java/org/apache/pdfbox/cos/COSArray.java,,,,,,,,,,,,,,,,,,,,,,,,,30,13,0,8,1,3,5,3,2,2,5,2,3,2,2,2,1,,,,,,1,,0,62,2,2,2,1
Public Method,"org.apache.pdfbox.cos.COSArray.setInt(int,int)",pdfbox/src/main/java/org/apache/pdfbox/cos/COSArray.java,,,,,,,,,,,,,,,,,,,,,,,,,13,10,0,4,1,1,6,2,1,1,2,1,1,1,1,1,1,,,,,,0,,1,50,1,1,1,1
Public Method,"org.apache.pdfbox.cos.COSArray.setName(int,String)",pdfbox/src/main/java/org/apache/pdfbox/cos/COSArray.java,,,,,,,,,,,,,,,,,,,,,,,,,19,9,0,4,1,1,5,2,1,1,2,1,1,1,1,1,1,,,,,,0,,1,25,1,1,1,1
Public Method,"org.apache.pdfbox.cos.COSArray.setString(int,String)",pdfbox/src/main/java/org/apache/pdfbox/cos/COSArray.java,,,,,,,,,,,,,,,,,,,,,,,,,5,16,0,11,1,4,5,2,2,2,4,1,3,2,2,2,1,,,,,,1,,0,45,2,2,2,1
Public Method,"org.apache.pdfbox.cos.COSArray.size()",pdfbox/src/main/java/org/apache/pdfbox/cos/COSArray.java,,,,,,,,,,,,,,,,,,,,,,,,,206,9,0,4,1,1,5,2,1,1,2,1,1,1,1,1,1,,,,,,0,,1,25,1,1,1,1
Public Method,"org.apache.pdfbox.cos.COSArray.toCOSNameStringList()",pdfbox/src/main/java/org/apache/pdfbox/cos/COSArray.java,,,,,,,,,,,,,,,,,,,,,,,,,10,11,0,6,1,3,7,6,1,1,2,1,1,1,1,1,1,,,,,,0,,1,17,2,2,2,2
Lambda Method,"org.apache.pdfbox.cos.COSArray.toCOSNameStringList.(lambda_expr_1)(T (inferred))",pdfbox/src/main/java/org/apache/pdfbox/cos/COSArray.java,,,,,,,,,,,,,,,,,,,,,,,,,1,1,0,1,0,1,0,2,1,0,0,0,0,1,1,1,1,,,,,,0,,0,00,1,1,1,1
Public Method,"org.apache.pdfbox.cos.COSArray.toCOSNumberFloatList()",pdfbox/src/main/java/org/apache/pdfbox/cos/COSArray.java,,,,,,,,,,,,,,,,,,,,,,,,,4,22,0,17,3,8,5,6,3,7,10,4,8,3,3,3,1,,,,,,2,,0,29,3,3,3,1
Public Method,"org.apache.pdfbox.cos.COSArray.toCOSNumberIntegerList()",pdfbox/src/main/java/org/apache/pdfbox/cos/COSArray.java,,,,,,,,,,,,,,,,,,,,,,,,,3,22,0,17,3,8,5,6,3,7,10,4,8,3,3,3,1,,,,,,2,,0,29,3,3,3,1
Public Method,"org.apache.pdfbox.cos.COSArray.toCOSStringStringList()",pdfbox/src/main/java/org/apache/pdfbox/cos/COSArray.java,,,,,,,,,,,,,,,,,,,,,,,,,7,11,0,6,1,3,7,6,1,1,2,1,1,1,1,1,1,,,,,,0,,1,17,2,2,2,2
Lambda Method,"org.apache.pdfbox.cos.COSArray.toCOSStringStringList.(lambda_expr_1)(T (inferred))",pdfbox/src/main/java/org/apache/pdfbox/cos/COSArray.java,,,,,,,,,,,,,,,,,,,,,,,,,1,1,0,1,0,1,0,2,1,0,0,0,0,1,1,1,1,,,,,,0,,0,00,1,1,1,1
Public Method,"org.apache.pdfbox.cos.COSArray.toFloatArray()",pdfbox/src/main/java/org/apache/pdfbox/cos/COSArray.java,,,,,,,,,,,,,,,,,,,,,,,,,47,15,0,10,3,5,5,4,2,6,8,4,6,3,3,3,1,,,,,,1,,0,50,3,3,3,1
Public Method,"org.apache.pdfbox.cos.COSArray.toList()",pdfbox/src/main/java/org/apache/pdfbox/cos/COSArray.java,,,,,,,,,,,,,,,,,,,,,,,,,7,9,0,4,1,1,5,2,1,1,2,1,1,1,1,1,1,,,,,,0,,1,25,1,1,1,1
Public Method,"org.apache.pdfbox.cos.COSArray.toString()",pdfbox/src/main/java/org/apache/pdfbox/cos/COSArray.java,,,,,,,,,,,,,,,,,,,,,,,,,2,8,0,5,2,1,3,2,1,1,2,1,1,1,1,1,1,,,,,,0,,0,60,1,1,1,1
Public Abstract Class,"org.apache.pdfbox.cos.COSBase",pdfbox/src/main/java/org/apache/pdfbox/cos/COSBase.java,1,1,1,1,8,0,4,4,2,4,9,,0,0,,,7,2,7,19,0,0,0,7,,79,9,30,11,5,40,,,8,15,10,5,,,,,1,1,1,1,1,0,66,1,33,6,6,6,6
Public Constructor,"org.apache.pdfbox.cos.COSBase.COSBase()",pdfbox/src/main/java/org/apache/pdfbox/cos/COSBase.java,,,,,,,,,,,,,,,,,,,,,,,,,0,6,0,3,1,0,3,1,1,0,1,1,0,1,1,1,1,,,,,,0,,1,00,1,1,1,1
Public Abstract Method,"org.apache.pdfbox.cos.COSBase.accept(ICOSVisitor)",pdfbox/src/main/java/org/apache/pdfbox/cos/COSBase.java,,,,,,,,,,,,,,,,,,,,,,,,,4,7,0,1,1,0,6,0,0,1,1,1,0,0,0,0,0,,,,,,0,,6,00,0,0,0,0
Public Method,"org.apache.pdfbox.cos.COSBase.getCOSObject()",pdfbox/src/main/java/org/apache/pdfbox/cos/COSBase.java,,,,,,,,,,,,,,,,,,,,,,,,,7,10,0,5,2,1,5,1,1,1,2,1,1,1,1,1,1,,,,,,0,,1,00,1,1,1,1
Public Method,"org.apache.pdfbox.cos.COSBase.getKey()",pdfbox/src/main/java/org/apache/pdfbox/cos/COSBase.java,,,,,,,,,,,,,,,,,,,,,,,,,7,9,0,4,1,1,5,1,1,1,2,1,1,1,1,1,1,,,,,,0,,1,25,1,1,1,1
Public Method,"org.apache.pdfbox.cos.COSBase.isDirect()",pdfbox/src/main/java/org/apache/pdfbox/cos/COSBase.java,,,,,,,,,,,,,,,,,,,,,,,,,6,10,0,4,1,1,6,1,1,1,2,1,1,1,1,1,1,,,,,,0,,1,50,1,1,1,1
Public Method,"org.apache.pdfbox.cos.COSBase.setDirect(boolean)",pdfbox/src/main/java/org/apache/pdfbox/cos/COSBase.java,,,,,,,,,,,,,,,,,,,,,,,,,39,9,0,4,1,1,5,1,1,1,2,1,1,1,1,1,1,,,,,,0,,1,25,1,1,1,1
Public Method,"org.apache.pdfbox.cos.COSBase.setKey(COSObjectKey)",pdfbox/src/main/java/org/apache/pdfbox/cos/COSBase.java,,,,,,,,,,,,,,,,,,,,,,,,,3,9,0,4,1,1,5,1,1,1,2,1,1,1,1,1,1,,,,,,0,,1,25,1,1,1,1
Public Final Class,"org.apache.pdfbox.cos.COSBoolean",pdfbox/src/main/java/org/apache/pdfbox/cos/COSBoolean.java,1,1,1,1,10,0,5,5,1,6,0,,2,4,,,8,1,10,29,0,1,0,9,,143,13,59,19,19,73,,,17,30,16,16,,,,,2,2,2,1,2,1,30,1,24,15,15,15,10
Private Constructor,"org.apache.pdfbox.cos.COSBoolean.COSBoolean(boolean)",pdfbox/src/main/java/org/apache/pdfbox/cos/COSBoolean.java,,,,,,,,,,,,,,,,,,,,,,,,,1,9,0,4,1,1,5,2,1,1,2,1,1,1,1,1,1,,,,,,0,,1,25,1,1,1,1
Public Method,"org.apache.pdfbox.cos.COSBoolean.accept(ICOSVisitor)",pdfbox/src/main/java/org/apache/pdfbox/cos/COSBoolean.java,,,,,,,,,,,,,,,,,,,,,,,,,2,11,0,5,2,1,6,1,1,1,2,1,1,1,1,1,1,,,,,,0,,1,20,1,1,1,1
Public Method,"org.apache.pdfbox.cos.COSBoolean.equals(Object)",pdfbox/src/main/java/org/apache/pdfbox/cos/COSBoolean.java,,,,,,,,,,,,,,,,,,,,,,,,,2,9,0,6,1,3,3,2,2,2,4,1,3,2,2,2,1,,,,,,1,,0,50,2,2,2,1
Public Static Method,"org.apache.pdfbox.cos.COSBoolean.getBoolean(Boolean)",pdfbox/src/main/java/org/apache/pdfbox/cos/COSBoolean.java,,,,,,,,,,,,,,,,,,,,,,,,,2,11,0,4,1,1,7,3,1,1,2,1,1,1,1,1,1,,,,,,0,,1,75,1,1,1,1
Public Static Method,"org.apache.pdfbox.cos.COSBoolean.getBoolean(boolean)",pdfbox/src/main/java/org/apache/pdfbox/cos/COSBoolean.java,,,,,,,,,,,,,,,,,,,,,,,,,9,11,0,4,1,1,7,1,1,1,2,1,1,2,2,2,1,,,,,,0,,1,75,2,2,2,1
Public Method,"org.apache.pdfbox.cos.COSBoolean.getValue()",pdfbox/src/main/java/org/apache/pdfbox/cos/COSBoolean.java,,,,,,,,,,,,,,,,,,,,,,,,,13,9,0,4,1,1,5,1,1,1,2,1,1,1,1,1,1,,,,,,0,,1,25,1,1,1,1
Public Method,"org.apache.pdfbox.cos.COSBoolean.getValueAsObject()",pdfbox/src/main/java/org/apache/pdfbox/cos/COSBoolean.java,,,,,,,,,,,,,,,,,,,,,,,,,4,9,0,4,1,1,5,1,1,1,2,1,1,2,2,2,1,,,,,,0,,1,25,2,2,2,1
Public Method,"org.apache.pdfbox.cos.COSBoolean.hashCode()",pdfbox/src/main/java/org/apache/pdfbox/cos/COSBoolean.java,,,,,,,,,,,,,,,,,,,,,,,,,1,8,0,4,2,1,4,1,1,1,2,1,1,2,2,2,1,,,,,,0,,1,00,2,2,2,1
Public Method,"org.apache.pdfbox.cos.COSBoolean.toString()",pdfbox/src/main/java/org/apache/pdfbox/cos/COSBoolean.java,,,,,,,,,,,,,,,,,,,,,,,,,1,10,0,5,2,1,5,2,1,1,2,1,1,1,1,1,1,,,,,,0,,1,00,1,1,1,1
Public Method,"org.apache.pdfbox.cos.COSBoolean.writePDF(OutputStream)",pdfbox/src/main/java/org/apache/pdfbox/cos/COSBoolean.java,,,,,,,,,,,,,,,,,,,,,,,,,7,18,0,11,1,4,7,1,2,2,4,1,3,2,2,2,1,,,,,,1,,0,64,2,2,2,1
Public Class,"org.apache.pdfbox.cos.COSDictionary",pdfbox/src/main/java/org/apache/pdfbox/cos/COSDictionary.java,1,1,1,1,13,0,6,6,2,35,2,,1,2,,,90,2,91,110,0,1,0,90,,1377,95,639,147,257,643,,,202,346,148,237,,,,,10,10,10,6,2,3,90,1,01,142,142,149,98
Public Constructor,"org.apache.pdfbox.cos.COSDictionary.COSDictionary()",pdfbox/src/main/java/org/apache/pdfbox/cos/COSDictionary.java,,,,,,,,,,,,,,,,,,,,,,,,,168,7,0,4,1,1,3,3,1,1,2,1,1,1,1,1,1,,,,,,0,,0,75,1,1,1,1
Public Constructor,"org.apache.pdfbox.cos.COSDictionary.COSDictionary(COSDictionary)",pdfbox/src/main/java/org/apache/pdfbox/cos/COSDictionary.java,,,,,,,,,,,,,,,,,,,,,,,,,3,10,0,5,1,2,5,4,1,2,3,1,2,1,1,1,1,,,,,,0,,1,00,1,1,1,1
Public Method,"org.apache.pdfbox.cos.COSDictionary.accept(ICOSVisitor)",pdfbox/src/main/java/org/apache/pdfbox/cos/COSDictionary.java,,,,,,,,,,,,,,,,,,,,,,,,,2,11,0,5,2,1,6,1,1,1,2,1,1,1,1,1,1,,,,,,0,,1,20,1,1,1,1
Public Method,"org.apache.pdfbox.cos.COSDictionary.addAll(COSDictionary)",pdfbox/src/main/java/org/apache/pdfbox/cos/COSDictionary.java,,,,,,,,,,,,,,,,,,,,,,,,,10,10,0,4,1,1,6,1,1,1,2,1,1,1,1,1,1,,,,,,0,,1,50,1,1,1,1
Public Method,"org.apache.pdfbox.cos.COSDictionary.asUnmodifiableDictionary()",pdfbox/src/main/java/org/apache/pdfbox/cos/COSDictionary.java,,,,,,,,,,,,,,,,,,,,,,,,,13,9,0,4,1,1,5,2,1,1,2,1,1,1,1,1,1,,,,,,0,,1,25,1,1,1,1
Public Method,"org.apache.pdfbox.cos.COSDictionary.clear()",pdfbox/src/main/java/org/apache/pdfbox/cos/COSDictionary.java,,,,,,,,,,,,,,,,,,,,,,,,,3,8,0,5,1,2,3,3,1,2,3,1,2,1,1,1,1,,,,,,0,,0,60,1,1,1,1
Public Method,"org.apache.pdfbox.cos.COSDictionary.containsKey(COSName)",pdfbox/src/main/java/org/apache/pdfbox/cos/COSDictionary.java,,,,,,,,,,,,,,,,,,,,,,,,,70,10,0,4,1,1,6,2,1,1,2,1,1,1,1,1,1,,,,,,0,,1,50,1,1,1,1
Public Method,"org.apache.pdfbox.cos.COSDictionary.containsKey(String)",pdfbox/src/main/java/org/apache/pdfbox/cos/COSDictionary.java,,,,,,,,,,,,,,,,,,,,,,,,,9,10,0,4,1,1,6,3,1,1,2,1,1,1,1,1,1,,,,,,0,,1,50,1,1,1,1
Public Method,"org.apache.pdfbox.cos.COSDictionary.containsValue(Object)",pdfbox/src/main/java/org/apache/pdfbox/cos/COSDictionary.java,,,,,,,,,,,,,,,,,,,,,,,,,3,16,0,9,2,4,7,3,2,3,5,2,4,2,2,3,1,,,,,,1,,0,78,2,2,3,1
Public Method,"org.apache.pdfbox.cos.COSDictionary.entrySet()",pdfbox/src/main/java/org/apache/pdfbox/cos/COSDictionary.java,,,,,,,,,,,,,,,,,,,,,,,,,15,11,0,4,1,1,7,2,1,1,2,1,1,1,1,1,1,,,,,,0,,1,75,1,1,1,1
Public Method,"org.apache.pdfbox.cos.COSDictionary.forEach(BiConsumer<? super COSName,? super COSBase>)",pdfbox/src/main/java/org/apache/pdfbox/cos/COSDictionary.java,,,,,,,,,,,,,,,,,,,,,,,,,5,10,0,4,1,1,6,1,1,1,2,1,1,1,1,1,1,,,,,,0,,1,50,1,1,1,1
Public Method,"org.apache.pdfbox.cos.COSDictionary.getBoolean(COSName,COSName,boolean)",pdfbox/src/main/java/org/apache/pdfbox/cos/COSDictionary.java,,,,,,,,,,,,,,,,,,,,,,,,,7,20,0,10,3,5,10,2,2,4,6,3,4,2,2,2,1,,,,,,1,,1,00,2,2,2,1
Public Method,"org.apache.pdfbox.cos.COSDictionary.getBoolean(COSName,boolean)",pdfbox/src/main/java/org/apache/pdfbox/cos/COSDictionary.java,,,,,,,,,,,,,,,,,,,,,,,,,40,13,0,4,1,1,9,2,1,1,2,1,1,1,1,1,1,,,,,,0,,2,25,1,1,1,1
Public Method,"org.apache.pdfbox.cos.COSDictionary.getBoolean(String,boolean)",pdfbox/src/main/java/org/apache/pdfbox/cos/COSDictionary.java,,,,,,,,,,,,,,,,,,,,,,,,,8,13,0,4,1,1,9,3,1,1,2,1,1,1,1,1,1,,,,,,0,,2,25,1,1,1,1
Public Method,"org.apache.pdfbox.cos.COSDictionary.getCOSArray(COSName)",pdfbox/src/main/java/org/apache/pdfbox/cos/COSDictionary.java,,,,,,,,,,,,,,,,,,,,,,,,,209,16,0,9,2,4,7,2,2,3,5,2,4,2,2,2,1,,,,,,1,,0,78,2,2,2,1
Public Method,"org.apache.pdfbox.cos.COSDictionary.getCOSDictionary(COSName)",pdfbox/src/main/java/org/apache/pdfbox/cos/COSDictionary.java,,,,,,,,,,,,,,,,,,,,,,,,,187,16,0,9,2,4,7,2,2,3,5,2,4,2,2,2,1,,,,,,1,,0,78,2,2,2,1
Public Method,"org.apache.pdfbox.cos.COSDictionary.getCOSDictionary(COSName,COSName)",pdfbox/src/main/java/org/apache/pdfbox/cos/COSDictionary.java,,,,,,,,,,,,,,,,,,,,,,,,,10,17,0,9,2,4,8,2,2,3,5,2,4,2,2,2,1,,,,,,1,,0,89,2,2,2,1
Public Method,"org.apache.pdfbox.cos.COSDictionary.getCOSName(COSName)",pdfbox/src/main/java/org/apache/pdfbox/cos/COSDictionary.java,,,,,,,,,,,,,,,,,,,,,,,,,63,16,0,9,2,4,7,2,2,3,5,2,4,2,2,2,1,,,,,,1,,0,78,2,2,2,1
Public Method,"org.apache.pdfbox.cos.COSDictionary.getCOSName(COSName,COSName)",pdfbox/src/main/java/org/apache/pdfbox/cos/COSDictionary.java,,,,,,,,,,,,,,,,,,,,,,,,,7,17,0,9,2,4,8,2,2,3,5,2,4,2,2,2,1,,,,,,1,,0,89,2,2,2,1
Public Method,"org.apache.pdfbox.cos.COSDictionary.getCOSObject(COSName)",pdfbox/src/main/java/org/apache/pdfbox/cos/COSDictionary.java,,,,,,,,,,,,,,,,,,,,,,,,,2,16,0,9,2,4,7,2,2,3,5,2,4,2,2,2,1,,,,,,1,,0,78,2,2,2,1
Public Method,"org.apache.pdfbox.cos.COSDictionary.getCOSStream(COSName)",pdfbox/src/main/java/org/apache/pdfbox/cos/COSDictionary.java,,,,,,,,,,,,,,,,,,,,,,,,,26,16,0,9,2,4,7,2,2,3,5,2,4,2,2,2,1,,,,,,1,,0,78,2,2,2,1
Public Method,"org.apache.pdfbox.cos.COSDictionary.getDate(COSName)",pdfbox/src/main/java/org/apache/pdfbox/cos/COSDictionary.java,,,,,,,,,,,,,,,,,,,,,,,,,8,16,0,9,2,4,7,3,2,3,5,2,4,2,2,2,1,,,,,,1,,0,78,2,2,2,1
Public Method,"org.apache.pdfbox.cos.COSDictionary.getDate(COSName,Calendar)",pdfbox/src/main/java/org/apache/pdfbox/cos/COSDictionary.java,,,,,,,,,,,,,,,,,,,,,,,,,4,16,0,9,2,4,7,2,2,3,5,2,4,2,2,2,1,,,,,,1,,0,78,2,2,2,1
Public Method,"org.apache.pdfbox.cos.COSDictionary.getDate(String)",pdfbox/src/main/java/org/apache/pdfbox/cos/COSDictionary.java,,,,,,,,,,,,,,,,,,,,,,,,,1,11,0,4,1,1,7,3,1,1,2,1,1,1,1,1,1,,,,,,0,,1,75,1,1,1,1
Public Method,"org.apache.pdfbox.cos.COSDictionary.getDate(String,Calendar)",pdfbox/src/main/java/org/apache/pdfbox/cos/COSDictionary.java,,,,,,,,,,,,,,,,,,,,,,,,,2,11,0,4,1,1,7,3,1,1,2,1,1,1,1,1,1,,,,,,0,,1,75,1,1,1,1
Public Method,"org.apache.pdfbox.cos.COSDictionary.getDictionaryObject(COSName)",pdfbox/src/main/java/org/apache/pdfbox/cos/COSDictionary.java,,,,,,,,,,,,,,,,,,,,,,,,,208,21,0,13,2,6,8,3,4,4,7,2,6,3,3,3,1,,,,,,1,,0,62,3,3,3,1
Public Method,"org.apache.pdfbox.cos.COSDictionary.getDictionaryObject(COSName,COSName)",pdfbox/src/main/java/org/apache/pdfbox/cos/COSDictionary.java,,,,,,,,,,,,,,,,,,,,,,,,,14,20,0,9,2,4,11,2,2,3,5,2,4,2,2,3,1,,,,,,1,,1,22,2,2,3,1
Public Method,"org.apache.pdfbox.cos.COSDictionary.getDictionaryObject(String)",pdfbox/src/main/java/org/apache/pdfbox/cos/COSDictionary.java,,,,,,,,,,,,,,,,,,,,,,,,,29,12,0,4,1,1,8,3,1,1,2,1,1,1,1,1,1,,,,,,0,,2,00,1,1,1,1
Private Static Method,"org.apache.pdfbox.cos.COSDictionary.getDictionaryString(COSBase,List<COSBase>)",pdfbox/src/main/java/org/apache/pdfbox/cos/COSDictionary.java,,,,,,,,,,,,,,,,,,,,,,,,,4,54,0,53,5,32,1,19,10,20,32,7,28,10,10,10,6,,,,,,3,,0,02,10,10,10,6
Public Method,"org.apache.pdfbox.cos.COSDictionary.getEmbeddedDate(COSName,COSName)",pdfbox/src/main/java/org/apache/pdfbox/cos/COSDictionary.java,,,,,,,,,,,,,,,,,,,,,,,,,4,12,0,4,1,1,8,2,1,1,2,1,1,1,1,1,1,,,,,,0,,2,00,1,1,1,1
Public Method,"org.apache.pdfbox.cos.COSDictionary.getEmbeddedDate(COSName,COSName,Calendar)",pdfbox/src/main/java/org/apache/pdfbox/cos/COSDictionary.java,,,,,,,,,,,,,,,,,,,,,,,,,4,14,0,5,2,2,9,3,1,2,3,2,2,2,2,2,1,,,,,,0,,1,80,2,2,2,1
Public Method,"org.apache.pdfbox.cos.COSDictionary.getEmbeddedInt(COSName,COSName)",pdfbox/src/main/java/org/apache/pdfbox/cos/COSDictionary.java,,,,,,,,,,,,,,,,,,,,,,,,,3,12,0,4,1,1,8,2,1,1,2,1,1,1,1,1,1,,,,,,0,,2,00,1,1,1,1
Public Method,"org.apache.pdfbox.cos.COSDictionary.getEmbeddedInt(COSName,COSName,int)",pdfbox/src/main/java/org/apache/pdfbox/cos/COSDictionary.java,,,,,,,,,,,,,,,,,,,,,,,,,4,14,0,5,2,2,9,3,1,2,3,2,2,2,2,2,1,,,,,,0,,1,80,2,2,2,1
Public Method,"org.apache.pdfbox.cos.COSDictionary.getEmbeddedString(COSName,COSName)",pdfbox/src/main/java/org/apache/pdfbox/cos/COSDictionary.java,,,,,,,,,,,,,,,,,,,,,,,,,6,12,0,4,1,1,8,2,1,1,2,1,1,1,1,1,1,,,,,,0,,2,00,1,1,1,1
Public Method,"org.apache.pdfbox.cos.COSDictionary.getEmbeddedString(COSName,COSName,String)",pdfbox/src/main/java/org/apache/pdfbox/cos/COSDictionary.java,,,,,,,,,,,,,,,,,,,,,,,,,4,14,0,5,2,2,9,3,1,2,3,2,2,2,2,2,1,,,,,,0,,1,80,2,2,2,1
Public Method,"org.apache.pdfbox.cos.COSDictionary.getFlag(COSName,int)",pdfbox/src/main/java/org/apache/pdfbox/cos/COSDictionary.java,,,,,,,,,,,,,,,,,,,,,,,,,58,13,0,5,2,2,8,2,1,2,3,2,2,1,1,1,1,,,,,,0,,1,60,1,1,1,1
Public Method,"org.apache.pdfbox.cos.COSDictionary.getFloat(COSName)",pdfbox/src/main/java/org/apache/pdfbox/cos/COSDictionary.java,,,,,,,,,,,,,,,,,,,,,,,,,8,11,0,4,1,1,7,2,1,1,2,1,1,1,1,1,1,,,,,,0,,1,75,1,1,1,1
Public Method,"org.apache.pdfbox.cos.COSDictionary.getFloat(COSName,float)",pdfbox/src/main/java/org/apache/pdfbox/cos/COSDictionary.java,,,,,,,,,,,,,,,,,,,,,,,,,31,18,0,10,3,5,8,3,2,4,6,3,4,2,2,2,1,,,,,,1,,0,80,2,2,2,1
Public Method,"org.apache.pdfbox.cos.COSDictionary.getFloat(String)",pdfbox/src/main/java/org/apache/pdfbox/cos/COSDictionary.java,,,,,,,,,,,,,,,,,,,,,,,,,3,11,0,4,1,1,7,3,1,1,2,1,1,1,1,1,1,,,,,,0,,1,75,1,1,1,1
Public Method,"org.apache.pdfbox.cos.COSDictionary.getFloat(String,float)",pdfbox/src/main/java/org/apache/pdfbox/cos/COSDictionary.java,,,,,,,,,,,,,,,,,,,,,,,,,4,12,0,4,1,1,8,3,1,1,2,1,1,1,1,1,1,,,,,,0,,2,00,1,1,1,1
Public Method,"org.apache.pdfbox.cos.COSDictionary.getInt(COSName)",pdfbox/src/main/java/org/apache/pdfbox/cos/COSDictionary.java,,,,,,,,,,,,,,,,,,,,,,,,,40,11,0,4,1,1,7,2,1,1,2,1,1,1,1,1,1,,,,,,0,,1,75,1,1,1,1
Public Method,"org.apache.pdfbox.cos.COSDictionary.getInt(COSName,COSName)",pdfbox/src/main/java/org/apache/pdfbox/cos/COSDictionary.java,,,,,,,,,,,,,,,,,,,,,,,,,3,12,0,4,1,1,8,2,1,1,2,1,1,1,1,1,1,,,,,,0,,2,00,1,1,1,1
Public Method,"org.apache.pdfbox.cos.COSDictionary.getInt(COSName,COSName,int)",pdfbox/src/main/java/org/apache/pdfbox/cos/COSDictionary.java,,,,,,,,,,,,,,,,,,,,,,,,,9,19,0,10,3,5,9,3,2,4,6,3,4,2,2,2,1,,,,,,1,,0,90,2,2,2,1
Public Method,"org.apache.pdfbox.cos.COSDictionary.getInt(COSName,int)",pdfbox/src/main/java/org/apache/pdfbox/cos/COSDictionary.java,,,,,,,,,,,,,,,,,,,,,,,,,60,12,0,4,1,1,8,2,1,1,2,1,1,1,1,1,1,,,,,,0,,2,00,1,1,1,1
Public Method,"org.apache.pdfbox.cos.COSDictionary.getInt(String)",pdfbox/src/main/java/org/apache/pdfbox/cos/COSDictionary.java,,,,,,,,,,,,,,,,,,,,,,,,,2,11,0,4,1,1,7,3,1,1,2,1,1,1,1,1,1,,,,,,0,,1,75,1,1,1,1
Public Method,"org.apache.pdfbox.cos.COSDictionary.getInt(String,int)",pdfbox/src/main/java/org/apache/pdfbox/cos/COSDictionary.java,,,,,,,,,,,,,,,,,,,,,,,,,3,12,0,4,1,1,8,3,1,1,2,1,1,1,1,1,1,,,,,,0,,2,00,1,1,1,1
Public Method,"org.apache.pdfbox.cos.COSDictionary.getItem(COSName)",pdfbox/src/main/java/org/apache/pdfbox/cos/COSDictionary.java,,,,,,,,,,,,,,,,,,,,,,,,,84,11,0,4,1,1,7,2,1,1,2,1,1,1,1,1,1,,,,,,0,,1,75,1,1,1,1
Public Method,"org.apache.pdfbox.cos.COSDictionary.getItem(COSName,COSName)",pdfbox/src/main/java/org/apache/pdfbox/cos/COSDictionary.java,,,,,,,,,,,,,,,,,,,,,,,,,3,19,0,9,2,4,10,2,2,3,5,2,4,2,2,3,1,,,,,,1,,1,11,2,2,3,1
Public Method,"org.apache.pdfbox.cos.COSDictionary.getItem(String)",pdfbox/src/main/java/org/apache/pdfbox/cos/COSDictionary.java,,,,,,,,,,,,,,,,,,,,,,,,,5,11,0,4,1,1,7,3,1,1,2,1,1,1,1,1,1,,,,,,0,,1,75,1,1,1,1
Public Method,"org.apache.pdfbox.cos.COSDictionary.getKeyForValue(Object)",pdfbox/src/main/java/org/apache/pdfbox/cos/COSDictionary.java,,,,,,,,,,,,,,,,,,,,,,,,,3,20,0,14,2,7,6,6,3,3,7,3,5,3,3,5,3,,,,,,2,,0,43,3,3,5,3
Public Method,"org.apache.pdfbox.cos.COSDictionary.getLong(COSName)",pdfbox/src/main/java/org/apache/pdfbox/cos/COSDictionary.java,,,,,,,,,,,,,,,,,,,,,,,,,7,11,0,4,1,1,7,2,1,1,2,1,1,1,1,1,1,,,,,,0,,1,75,1,1,1,1
Public Method,"org.apache.pdfbox.cos.COSDictionary.getLong(COSName,long)",pdfbox/src/main/java/org/apache/pdfbox/cos/COSDictionary.java,,,,,,,,,,,,,,,,,,,,,,,,,6,18,0,10,3,5,8,3,2,4,6,3,4,2,2,2,1,,,,,,1,,0,80,2,2,2,1
Public Method,"org.apache.pdfbox.cos.COSDictionary.getLong(String)",pdfbox/src/main/java/org/apache/pdfbox/cos/COSDictionary.java,,,,,,,,,,,,,,,,,,,,,,,,,1,12,0,4,1,1,8,3,1,1,2,1,1,1,1,1,1,,,,,,0,,2,00,1,1,1,1
Public Method,"org.apache.pdfbox.cos.COSDictionary.getLong(String,long)",pdfbox/src/main/java/org/apache/pdfbox/cos/COSDictionary.java,,,,,,,,,,,,,,,,,,,,,,,,,2,12,0,4,1,1,8,3,1,1,2,1,1,1,1,1,1,,,,,,0,,2,00,1,1,1,1
Public Method,"org.apache.pdfbox.cos.COSDictionary.getNameAsString(COSName)",pdfbox/src/main/java/org/apache/pdfbox/cos/COSDictionary.java,,,,,,,,,,,,,,,,,,,,,,,,,86,21,0,14,3,7,7,4,3,5,8,3,6,3,3,3,1,,,,,,1,,0,50,3,3,3,1
Public Method,"org.apache.pdfbox.cos.COSDictionary.getNameAsString(COSName,String)",pdfbox/src/main/java/org/apache/pdfbox/cos/COSDictionary.java,,,,,,,,,,,,,,,,,,,,,,,,,25,17,0,9,2,4,8,2,2,3,5,2,4,2,2,2,1,,,,,,1,,0,89,2,2,2,1
Public Method,"org.apache.pdfbox.cos.COSDictionary.getNameAsString(String)",pdfbox/src/main/java/org/apache/pdfbox/cos/COSDictionary.java,,,,,,,,,,,,,,,,,,,,,,,,,5,11,0,4,1,1,7,3,1,1,2,1,1,1,1,1,1,,,,,,0,,1,75,1,1,1,1
Public Method,"org.apache.pdfbox.cos.COSDictionary.getNameAsString(String,String)",pdfbox/src/main/java/org/apache/pdfbox/cos/COSDictionary.java,,,,,,,,,,,,,,,,,,,,,,,,,4,12,0,4,1,1,8,3,1,1,2,1,1,1,1,1,1,,,,,,0,,2,00,1,1,1,1
Public Method,"org.apache.pdfbox.cos.COSDictionary.getObjectFromPath(String)",pdfbox/src/main/java/org/apache/pdfbox/cos/COSDictionary.java,,,,,,,,,,,,,,,,,,,,,,,,,2,25,0,18,4,9,7,6,4,6,11,5,8,4,4,4,1,,,,,,2,,0,39,4,4,4,1
Public Method,"org.apache.pdfbox.cos.COSDictionary.getString(COSName)",pdfbox/src/main/java/org/apache/pdfbox/cos/COSDictionary.java,,,,,,,,,,,,,,,,,,,,,,,,,101,17,0,10,3,5,7,3,2,4,6,3,4,2,2,2,1,,,,,,1,,0,70,2,2,2,1
Public Method,"org.apache.pdfbox.cos.COSDictionary.getString(COSName,String)",pdfbox/src/main/java/org/apache/pdfbox/cos/COSDictionary.java,,,,,,,,,,,,,,,,,,,,,,,,,6,17,0,9,2,4,8,2,2,3,5,2,4,2,2,2,1,,,,,,1,,0,89,2,2,2,1
Public Method,"org.apache.pdfbox.cos.COSDictionary.getString(String)",pdfbox/src/main/java/org/apache/pdfbox/cos/COSDictionary.java,,,,,,,,,,,,,,,,,,,,,,,,,9,11,0,4,1,1,7,3,1,1,2,1,1,1,1,1,1,,,,,,0,,1,75,1,1,1,1
Public Method,"org.apache.pdfbox.cos.COSDictionary.getString(String,String)",pdfbox/src/main/java/org/apache/pdfbox/cos/COSDictionary.java,,,,,,,,,,,,,,,,,,,,,,,,,8,12,0,4,1,1,8,3,1,1,2,1,1,1,1,1,1,,,,,,0,,2,00,1,1,1,1
Public Method,"org.apache.pdfbox.cos.COSDictionary.getUpdateState()",pdfbox/src/main/java/org/apache/pdfbox/cos/COSDictionary.java,,,,,,,,,,,,,,,,,,,,,,,,,6,11,0,5,2,1,6,1,1,1,2,1,1,1,1,1,1,,,,,,0,,1,20,1,1,1,1
Public Method,"org.apache.pdfbox.cos.COSDictionary.getValues()",pdfbox/src/main/java/org/apache/pdfbox/cos/COSDictionary.java,,,,,,,,,,,,,,,,,,,,,,,,,6,9,0,4,1,1,5,2,1,1,2,1,1,1,1,1,1,,,,,,0,,1,25,1,1,1,1
Public Method,"org.apache.pdfbox.cos.COSDictionary.keySet()",pdfbox/src/main/java/org/apache/pdfbox/cos/COSDictionary.java,,,,,,,,,,,,,,,,,,,,,,,,,22,11,0,4,1,1,7,2,1,1,2,1,1,1,1,1,1,,,,,,0,,1,75,1,1,1,1
Public Method,"org.apache.pdfbox.cos.COSDictionary.removeItem(COSName)",pdfbox/src/main/java/org/apache/pdfbox/cos/COSDictionary.java,,,,,,,,,,,,,,,,,,,,,,,,,53,10,0,5,1,2,5,3,1,2,3,1,2,1,1,1,1,,,,,,0,,1,00,1,1,1,1
Public Method,"org.apache.pdfbox.cos.COSDictionary.setBoolean(COSName,boolean)",pdfbox/src/main/java/org/apache/pdfbox/cos/COSDictionary.java,,,,,,,,,,,,,,,,,,,,,,,,,47,10,0,4,1,1,6,2,1,1,2,1,1,1,1,1,1,,,,,,0,,1,50,1,1,1,1
Public Method,"org.apache.pdfbox.cos.COSDictionary.setBoolean(String,boolean)",pdfbox/src/main/java/org/apache/pdfbox/cos/COSDictionary.java,,,,,,,,,,,,,,,,,,,,,,,,,9,10,0,4,1,1,6,3,1,1,2,1,1,1,1,1,1,,,,,,0,,1,50,1,1,1,1
Public Method,"org.apache.pdfbox.cos.COSDictionary.setDate(COSName,Calendar)",pdfbox/src/main/java/org/apache/pdfbox/cos/COSDictionary.java,,,,,,,,,,,,,,,,,,,,,,,,,12,10,0,4,1,1,6,2,1,1,2,1,1,1,1,1,1,,,,,,0,,1,50,1,1,1,1
Public Method,"org.apache.pdfbox.cos.COSDictionary.setDate(String,Calendar)",pdfbox/src/main/java/org/apache/pdfbox/cos/COSDictionary.java,,,,,,,,,,,,,,,,,,,,,,,,,3,10,0,4,1,1,6,2,1,1,2,1,1,1,1,1,1,,,,,,0,,1,50,1,1,1,1
Public Method,"org.apache.pdfbox.cos.COSDictionary.setEmbeddedDate(COSName,COSName,Calendar)",pdfbox/src/main/java/org/apache/pdfbox/cos/COSDictionary.java,,,,,,,,,,,,,,,,,,,,,,,,,6,20,0,13,2,6,7,4,4,4,7,2,6,3,3,4,1,,,,,,1,,0,54,3,3,4,1
Public Method,"org.apache.pdfbox.cos.COSDictionary.setEmbeddedInt(COSName,COSName,int)",pdfbox/src/main/java/org/apache/pdfbox/cos/COSDictionary.java,,,,,,,,,,,,,,,,,,,,,,,,,5,17,0,10,2,5,7,4,2,4,6,2,5,2,2,2,1,,,,,,1,,0,70,2,2,2,1
Public Method,"org.apache.pdfbox.cos.COSDictionary.setEmbeddedString(COSName,COSName,String)",pdfbox/src/main/java/org/apache/pdfbox/cos/COSDictionary.java,,,,,,,,,,,,,,,,,,,,,,,,,8,21,0,13,2,6,8,4,4,4,7,2,6,3,3,4,1,,,,,,1,,0,62,3,3,4,1
Public Method,"org.apache.pdfbox.cos.COSDictionary.setFlag(COSName,int,boolean)",pdfbox/src/main/java/org/apache/pdfbox/cos/COSDictionary.java,,,,,,,,,,,,,,,,,,,,,,,,,60,20,0,13,2,6,7,2,2,4,6,2,5,2,2,2,1,,,,,,1,,0,54,2,2,2,1
Public Method,"org.apache.pdfbox.cos.COSDictionary.setFloat(COSName,float)",pdfbox/src/main/java/org/apache/pdfbox/cos/COSDictionary.java,,,,,,,,,,,,,,,,,,,,,,,,,34,11,0,5,2,2,6,2,1,2,3,2,2,1,1,1,1,,,,,,0,,1,20,1,1,1,1
Public Method,"org.apache.pdfbox.cos.COSDictionary.setFloat(String,float)",pdfbox/src/main/java/org/apache/pdfbox/cos/COSDictionary.java,,,,,,,,,,,,,,,,,,,,,,,,,6,10,0,4,1,1,6,2,1,1,2,1,1,1,1,1,1,,,,,,0,,1,50,1,1,1,1
Public Method,"org.apache.pdfbox.cos.COSDictionary.setInt(COSName,int)",pdfbox/src/main/java/org/apache/pdfbox/cos/COSDictionary.java,,,,,,,,,,,,,,,,,,,,,,,,,100,10,0,4,1,1,6,2,1,1,2,1,1,1,1,1,1,,,,,,0,,1,50,1,1,1,1
Public Method,"org.apache.pdfbox.cos.COSDictionary.setInt(String,int)",pdfbox/src/main/java/org/apache/pdfbox/cos/COSDictionary.java,,,,,,,,,,,,,,,,,,,,,,,,,10,10,0,4,1,1,6,2,1,1,2,1,1,1,1,1,1,,,,,,0,,1,50,1,1,1,1
Public Method,"org.apache.pdfbox.cos.COSDictionary.setItem(COSName,COSBase)",pdfbox/src/main/java/org/apache/pdfbox/cos/COSDictionary.java,,,,,,,,,,,,,,,,,,,,,,,,,404,18,0,12,1,5,6,4,2,3,5,1,4,2,2,2,1,,,,,,1,,0,50,2,2,2,1
Public Method,"org.apache.pdfbox.cos.COSDictionary.setItem(COSName,COSObjectable)",pdfbox/src/main/java/org/apache/pdfbox/cos/COSDictionary.java,,,,,,,,,,,,,,,,,,,,,,,,,192,15,0,9,2,4,6,2,2,3,5,2,3,2,2,2,1,,,,,,1,,0,67,2,2,2,1
Public Method,"org.apache.pdfbox.cos.COSDictionary.setItem(String,COSBase)",pdfbox/src/main/java/org/apache/pdfbox/cos/COSDictionary.java,,,,,,,,,,,,,,,,,,,,,,,,,15,10,0,4,1,1,6,2,1,1,2,1,1,1,1,1,1,,,,,,0,,1,50,1,1,1,1
Public Method,"org.apache.pdfbox.cos.COSDictionary.setItem(String,COSObjectable)",pdfbox/src/main/java/org/apache/pdfbox/cos/COSDictionary.java,,,,,,,,,,,,,,,,,,,,,,,,,8,10,0,4,1,1,6,2,1,1,2,1,1,1,1,1,1,,,,,,0,,1,50,1,1,1,1
Public Method,"org.apache.pdfbox.cos.COSDictionary.setLong(COSName,long)",pdfbox/src/main/java/org/apache/pdfbox/cos/COSDictionary.java,,,,,,,,,,,,,,,,,,,,,,,,,12,11,0,5,2,2,6,2,1,2,3,2,2,1,1,1,1,,,,,,0,,1,20,1,1,1,1
Public Method,"org.apache.pdfbox.cos.COSDictionary.setLong(String,long)",pdfbox/src/main/java/org/apache/pdfbox/cos/COSDictionary.java,,,,,,,,,,,,,,,,,,,,,,,,,3,10,0,4,1,1,6,2,1,1,2,1,1,1,1,1,1,,,,,,0,,1,50,1,1,1,1
Public Method,"org.apache.pdfbox.cos.COSDictionary.setName(COSName,String)",pdfbox/src/main/java/org/apache/pdfbox/cos/COSDictionary.java,,,,,,,,,,,,,,,,,,,,,,,,,128,16,0,9,2,4,7,2,2,3,5,2,3,2,2,2,1,,,,,,1,,0,78,2,2,2,1
Public Method,"org.apache.pdfbox.cos.COSDictionary.setName(String,String)",pdfbox/src/main/java/org/apache/pdfbox/cos/COSDictionary.java,,,,,,,,,,,,,,,,,,,,,,,,,8,11,0,4,1,1,7,2,1,1,2,1,1,1,1,1,1,,,,,,0,,1,75,1,1,1,1
Public Method,"org.apache.pdfbox.cos.COSDictionary.setString(COSName,String)",pdfbox/src/main/java/org/apache/pdfbox/cos/COSDictionary.java,,,,,,,,,,,,,,,,,,,,,,,,,95,16,0,9,2,4,7,2,2,3,5,2,3,2,2,2,1,,,,,,1,,0,78,2,2,2,1
Public Method,"org.apache.pdfbox.cos.COSDictionary.setString(String,String)",pdfbox/src/main/java/org/apache/pdfbox/cos/COSDictionary.java,,,,,,,,,,,,,,,,,,,,,,,,,16,11,0,4,1,1,7,2,1,1,2,1,1,1,1,1,1,,,,,,0,,1,75,1,1,1,1
Public Method,"org.apache.pdfbox.cos.COSDictionary.size()",pdfbox/src/main/java/org/apache/pdfbox/cos/COSDictionary.java,,,,,,,,,,,,,,,,,,,,,,,,,10,9,0,4,1,1,5,2,1,1,2,1,1,1,1,1,1,,,,,,0,,1,25,1,1,1,1
Public Method,"org.apache.pdfbox.cos.COSDictionary.toString()",pdfbox/src/main/java/org/apache/pdfbox/cos/COSDictionary.java,,,,,,,,,,,,,,,,,,,,,,,,,5,16,0,13,2,5,3,5,2,3,5,1,4,2,2,2,1,,,,,,1,,0,23,2,2,2,1
Class,"org.apache.pdfbox.cos.COSDictionaryTest",pdfbox/src/test/java/org/apache/pdfbox/cos/COSDictionaryTest.java,1,1,1,1,13,0,13,0,1,4,0,,0,0,,,1,0,1,13,1,0,0,0,,16,0,16,5,9,0,,,7,9,4,7,,,,,1,1,1,1,1,0,0,0,00,1,1,1,1
Method,"org.apache.pdfbox.cos.COSDictionaryTest.testCOSDictionaryNotEqualsCOSStream()",pdfbox/src/test/java/org/apache/pdfbox/cos/COSDictionaryTest.java,,,,,,,,,,,,,,,,,,,,,,,,,2,13,0,13,4,9,0,5,1,7,8,3,7,1,1,1,1,,,,,,0,,0,00,1,1,1,1
Public Class,"org.apache.pdfbox.cos.COSDocument",pdfbox/src/main/java/org/apache/pdfbox/cos/COSDocument.java,1,1,1,1,12,0,6,6,2,28,0,,0,1,,,33,13,33,52,0,0,0,33,,522,54,243,68,94,229,,,75,129,65,79,,,,,8,8,8,4,2,3,92,0,94,51,51,54,38
Public Constructor,"org.apache.pdfbox.cos.COSDocument.COSDocument()",pdfbox/src/main/java/org/apache/pdfbox/cos/COSDocument.java,,,,,,,,,,,,,,,,,,,,,,,,,1,7,0,4,1,1,3,3,1,1,2,1,1,1,1,1,1,,,,,,0,,0,75,1,1,1,1
Public Constructor,"org.apache.pdfbox.cos.COSDocument.COSDocument(ICOSParser)",pdfbox/src/main/java/org/apache/pdfbox/cos/COSDocument.java,,,,,,,,,,,,,,,,,,,,,,,,,2,9,0,4,1,1,5,3,1,1,2,1,1,1,1,1,1,,,,,,0,,1,25,1,1,1,1
Public Constructor,"org.apache.pdfbox.cos.COSDocument.COSDocument(MemoryUsageSetting)",pdfbox/src/main/java/org/apache/pdfbox/cos/COSDocument.java,,,,,,,,,,,,,,,,,,,,,,,,,3,10,0,4,1,1,6,2,1,1,2,1,1,1,1,1,1,,,,,,0,,1,50,1,1,1,1
Public Constructor,"org.apache.pdfbox.cos.COSDocument.COSDocument(MemoryUsageSetting,ICOSParser)",pdfbox/src/main/java/org/apache/pdfbox/cos/COSDocument.java,,,,,,,,,,,,,,,,,,,,,,,,,7,29,1,21,1,10,7,7,3,5,8,1,7,3,3,3,1,,,,,,2,,0,33,3,3,3,1
Public Method,"org.apache.pdfbox.cos.COSDocument.accept(ICOSVisitor)",pdfbox/src/main/java/org/apache/pdfbox/cos/COSDocument.java,,,,,,,,,,,,,,,,,,,,,,,,,3,11,0,5,2,1,6,1,1,1,2,1,1,1,1,1,1,,,,,,0,,1,20,1,1,1,1
Public Method,"org.apache.pdfbox.cos.COSDocument.addXRefTable(Map<COSObjectKey,Long>)",pdfbox/src/main/java/org/apache/pdfbox/cos/COSDocument.java,,,,,,,,,,,,,,,,,,,,,,,,,3,9,0,4,1,1,5,1,1,1,2,1,1,1,1,1,1,,,,,,0,,1,25,1,1,1,1
Public Method,"org.apache.pdfbox.cos.COSDocument.close()",pdfbox/src/main/java/org/apache/pdfbox/cos/COSDocument.java,,,,,,,,,,,,,,,,,,,,,,,,,7,51,5,34,4,16,12,5,33,8,18,5,14,8,8,8,1,,,,,,3,,0,35,8,8,8,1
Public Method,"org.apache.pdfbox.cos.COSDocument.createCOSStream()",pdfbox/src/main/java/org/apache/pdfbox/cos/COSDocument.java,,,,,,,,,,,,,,,,,,,,,,,,,19,14,0,6,2,3,8,3,1,3,4,2,3,1,1,1,1,,,,,,0,,1,33,1,1,1,1
Public Method,"org.apache.pdfbox.cos.COSDocument.createCOSStream(COSDictionary,long,long)",pdfbox/src/main/java/org/apache/pdfbox/cos/COSDocument.java,,,,,,,,,,,,,,,,,,,,,,,,,7,18,0,8,4,4,10,4,1,3,4,2,3,1,1,1,1,,,,,,0,,1,25,1,1,1,1
Public Method,"org.apache.pdfbox.cos.COSDocument.getDocumentID()",pdfbox/src/main/java/org/apache/pdfbox/cos/COSDocument.java,,,,,,,,,,,,,,,,,,,,,,,,,4,9,0,4,1,1,5,3,1,1,2,1,1,1,1,1,1,,,,,,0,,1,25,1,1,1,1
Public Method,"org.apache.pdfbox.cos.COSDocument.getDocumentState()",pdfbox/src/main/java/org/apache/pdfbox/cos/COSDocument.java,,,,,,,,,,,,,,,,,,,,,,,,,5,10,0,4,1,1,6,1,1,1,2,1,1,1,1,1,1,,,,,,0,,1,50,1,1,1,1
Public Method,"org.apache.pdfbox.cos.COSDocument.getEncryptionDictionary()",pdfbox/src/main/java/org/apache/pdfbox/cos/COSDocument.java,,,,,,,,,,,,,,,,,,,,,,,,,4,10,0,4,1,1,6,2,1,1,2,1,1,1,1,1,1,,,,,,0,,1,50,1,1,1,1
Public Method,"org.apache.pdfbox.cos.COSDocument.getHighestXRefObjectNumber()",pdfbox/src/main/java/org/apache/pdfbox/cos/COSDocument.java,,,,,,,,,,,,,,,,,,,,,,,,,3,10,0,4,1,1,6,1,1,1,2,1,1,1,1,1,1,,,,,,0,,1,50,1,1,1,1
Public Method,"org.apache.pdfbox.cos.COSDocument.getLinearizedDictionary()",pdfbox/src/main/java/org/apache/pdfbox/cos/COSDocument.java,,,,,,,,,,,,,,,,,,,,,,,,,6,29,0,22,6,13,11,12,4,6,11,6,8,4,4,4,4,,,,,,3,,0,50,5,5,5,5
Lambda Method,"org.apache.pdfbox.cos.COSDocument.getLinearizedDictionary.(lambda_expr_1)(Entry (inferred))",pdfbox/src/main/java/org/apache/pdfbox/cos/COSDocument.java,,,,,,,,,,,,,,,,,,,,,,,,,1,1,0,1,0,1,0,2,1,0,0,0,0,1,1,1,1,,,,,,0,,0,00,1,1,1,1
Public Method,"org.apache.pdfbox.cos.COSDocument.getObjectFromPool(COSObjectKey)",pdfbox/src/main/java/org/apache/pdfbox/cos/COSDocument.java,,,,,,,,,,,,,,,,,,,,,,,,,14,17,0,9,2,4,8,2,2,3,5,2,3,2,2,2,1,,,,,,1,,0,89,3,3,3,2
Lambda Method,"org.apache.pdfbox.cos.COSDocument.getObjectFromPool.(lambda_expr_1)(COSObjectKey (inferred))",pdfbox/src/main/java/org/apache/pdfbox/cos/COSDocument.java,,,,,,,,,,,,,,,,,,,,,,,,,2,1,0,1,0,1,0,2,1,0,0,0,0,1,1,1,1,,,,,,0,,0,00,1,1,1,1
Public Method,"org.apache.pdfbox.cos.COSDocument.getObjectsByType(COSName)",pdfbox/src/main/java/org/apache/pdfbox/cos/COSDocument.java,,,,,,,,,,,,,,,,,,,,,,,,,3,11,0,4,1,1,7,2,1,1,2,1,1,1,1,1,1,,,,,,0,,1,75,1,1,1,1
Public Method,"org.apache.pdfbox.cos.COSDocument.getObjectsByType(COSName,COSName)",pdfbox/src/main/java/org/apache/pdfbox/cos/COSDocument.java,,,,,,,,,,,,,,,,,,,,,,,,,6,26,0,18,5,9,8,8,4,6,11,6,9,4,4,6,1,,,,,,3,,0,44,4,4,6,1
Public Method,"org.apache.pdfbox.cos.COSDocument.getStartXref()",pdfbox/src/main/java/org/apache/pdfbox/cos/COSDocument.java,,,,,,,,,,,,,,,,,,,,,,,,,2,9,0,4,1,1,5,1,1,1,2,1,1,1,1,1,1,,,,,,0,,1,25,1,1,1,1
Public Method,"org.apache.pdfbox.cos.COSDocument.getTrailer()",pdfbox/src/main/java/org/apache/pdfbox/cos/COSDocument.java,,,,,,,,,,,,,,,,,,,,,,,,,21,9,0,4,1,1,5,1,1,1,2,1,1,1,1,1,1,,,,,,0,,1,25,1,1,1,1
Public Method,"org.apache.pdfbox.cos.COSDocument.getVersion()",pdfbox/src/main/java/org/apache/pdfbox/cos/COSDocument.java,,,,,,,,,,,,,,,,,,,,,,,,,5,9,0,4,1,1,5,1,1,1,2,1,1,1,1,1,1,,,,,,0,,1,25,1,1,1,1
Public Method,"org.apache.pdfbox.cos.COSDocument.getXrefTable()",pdfbox/src/main/java/org/apache/pdfbox/cos/COSDocument.java,,,,,,,,,,,,,,,,,,,,,,,,,13,9,0,4,1,1,5,1,1,1,2,1,1,1,1,1,1,,,,,,0,,1,25,1,1,1,1
Public Method,"org.apache.pdfbox.cos.COSDocument.isClosed()",pdfbox/src/main/java/org/apache/pdfbox/cos/COSDocument.java,,,,,,,,,,,,,,,,,,,,,,,,,4,7,0,4,1,1,3,1,1,1,2,1,1,1,1,1,1,,,,,,0,,0,75,1,1,1,1
Public Method,"org.apache.pdfbox.cos.COSDocument.isDecrypted()",pdfbox/src/main/java/org/apache/pdfbox/cos/COSDocument.java,,,,,,,,,,,,,,,,,,,,,,,,,1,9,0,4,1,1,5,1,1,1,2,1,1,1,1,1,1,,,,,,0,,1,25,1,1,1,1
Public Method,"org.apache.pdfbox.cos.COSDocument.isEncrypted()",pdfbox/src/main/java/org/apache/pdfbox/cos/COSDocument.java,,,,,,,,,,,,,,,,,,,,,,,,,3,9,0,4,1,1,5,2,1,1,2,1,1,1,1,2,1,,,,,,0,,1,25,1,1,2,1
Public Method,"org.apache.pdfbox.cos.COSDocument.isXRefStream()",pdfbox/src/main/java/org/apache/pdfbox/cos/COSDocument.java,,,,,,,,,,,,,,,,,,,,,,,,,5,9,0,4,1,1,5,1,1,1,2,1,1,1,1,1,1,,,,,,0,,1,25,1,1,1,1
Public Method,"org.apache.pdfbox.cos.COSDocument.setDecrypted()",pdfbox/src/main/java/org/apache/pdfbox/cos/COSDocument.java,,,,,,,,,,,,,,,,,,,,,,,,,1,7,0,4,1,1,3,1,1,1,2,1,1,1,1,1,1,,,,,,0,,0,75,1,1,1,1
Public Method,"org.apache.pdfbox.cos.COSDocument.setDocumentID(COSArray)",pdfbox/src/main/java/org/apache/pdfbox/cos/COSDocument.java,,,,,,,,,,,,,,,,,,,,,,,,,3,9,0,4,1,1,5,2,1,1,2,1,1,1,1,1,1,,,,,,0,,1,25,1,1,1,1
Public Method,"org.apache.pdfbox.cos.COSDocument.setEncryptionDictionary(COSDictionary)",pdfbox/src/main/java/org/apache/pdfbox/cos/COSDocument.java,,,,,,,,,,,,,,,,,,,,,,,,,5,10,0,4,1,1,6,1,1,1,2,1,1,1,1,1,1,,,,,,0,,1,50,1,1,1,1
Public Method,"org.apache.pdfbox.cos.COSDocument.setHighestXRefObjectNumber(long)",pdfbox/src/main/java/org/apache/pdfbox/cos/COSDocument.java,,,,,,,,,,,,,,,,,,,,,,,,,2,10,0,4,1,1,6,1,1,1,2,1,1,1,1,1,1,,,,,,0,,1,50,1,1,1,1
Public Method,"org.apache.pdfbox.cos.COSDocument.setIsXRefStream(boolean)",pdfbox/src/main/java/org/apache/pdfbox/cos/COSDocument.java,,,,,,,,,,,,,,,,,,,,,,,,,4,10,0,4,1,1,6,1,1,1,2,1,1,1,1,1,1,,,,,,0,,1,50,1,1,1,1
Public Method,"org.apache.pdfbox.cos.COSDocument.setStartXref(long)",pdfbox/src/main/java/org/apache/pdfbox/cos/COSDocument.java,,,,,,,,,,,,,,,,,,,,,,,,,2,10,0,4,1,1,6,1,1,1,2,1,1,1,1,1,1,,,,,,0,,1,50,1,1,1,1
Public Method,"org.apache.pdfbox.cos.COSDocument.setTrailer(COSDictionary)",pdfbox/src/main/java/org/apache/pdfbox/cos/COSDocument.java,,,,,,,,,,,,,,,,,,,,,,,,,7,11,0,5,1,2,6,3,1,2,3,1,2,1,1,1,1,,,,,,0,,1,20,1,1,1,1
Public Method,"org.apache.pdfbox.cos.COSDocument.setVersion(float)",pdfbox/src/main/java/org/apache/pdfbox/cos/COSDocument.java,,,,,,,,,,,,,,,,,,,,,,,,,7,9,0,4,1,1,5,1,1,1,2,1,1,1,1,1,1,,,,,,0,,1,25,1,1,1,1
Public Class,"org.apache.pdfbox.cos.COSDocumentState",pdfbox/src/main/java/org/apache/pdfbox/cos/COSDocumentState.java,1,1,1,1,9,0,4,5,1,0,0,,0,0,,,2,1,2,14,0,0,0,2,,40,4,12,4,3,24,,,3,6,4,2,,,,,1,1,1,1,1,0,0,2,00,2,2,2,2
Public Method,"org.apache.pdfbox.cos.COSDocumentState.isAcceptingUpdates()",pdfbox/src/main/java/org/apache/pdfbox/cos/COSDocumentState.java,,,,,,,,,,,,,,,,,,,,,,,,,2,9,0,4,1,1,5,1,1,1,2,1,1,1,1,1,1,,,,,,0,,1,25,1,1,1,1
Public Method,"org.apache.pdfbox.cos.COSDocumentState.setParsing(boolean)",pdfbox/src/main/java/org/apache/pdfbox/cos/COSDocumentState.java,,,,,,,,,,,,,,,,,,,,,,,,,6,9,0,4,1,1,5,1,1,1,2,1,1,1,1,1,1,,,,,,0,,1,25,1,1,1,1
Public Class,"org.apache.pdfbox.cos.COSFloat",pdfbox/src/main/java/org/apache/pdfbox/cos/COSFloat.java,1,1,2,1,14,0,9,5,1,10,0,,0,0,,,13,2,13,37,0,3,0,10,,213,15,123,25,44,75,,,31,55,18,39,,,,,6,6,6,4,3,2,57,0,61,24,24,26,16
Public Constructor,"org.apache.pdfbox.cos.COSFloat.COSFloat(String)",pdfbox/src/main/java/org/apache/pdfbox/cos/COSFloat.java,,,,,,,,,,,,,,,,,,,,,,,,,12,45,2,32,1,15,11,10,7,8,13,1,12,6,6,6,1,,,,,,2,,0,34,6,6,6,1
Public Constructor,"org.apache.pdfbox.cos.COSFloat.COSFloat(float)",pdfbox/src/main/java/org/apache/pdfbox/cos/COSFloat.java,,,,,,,,,,,,,,,,,,,,,,,,,66,9,0,4,1,1,5,2,1,1,2,1,1,1,1,1,1,,,,,,0,,1,25,1,1,1,1
Public Method,"org.apache.pdfbox.cos.COSFloat.accept(ICOSVisitor)",pdfbox/src/main/java/org/apache/pdfbox/cos/COSFloat.java,,,,,,,,,,,,,,,,,,,,,,,,,2,11,0,5,2,1,6,1,1,1,2,1,1,1,1,1,1,,,,,,0,,1,20,1,1,1,1
Private Method,"org.apache.pdfbox.cos.COSFloat.checkMinMaxValues()",pdfbox/src/main/java/org/apache/pdfbox/cos/COSFloat.java,,,,,,,,,,,,,,,,,,,,,,,,,6,28,0,20,1,9,8,3,4,5,9,1,8,4,4,4,4,,,,,,1,,0,40,4,4,4,4
Public Method,"org.apache.pdfbox.cos.COSFloat.equals(Object)",pdfbox/src/main/java/org/apache/pdfbox/cos/COSFloat.java,,,,,,,,,,,,,,,,,,,,,,,,,2,9,0,6,2,2,3,2,1,1,2,1,1,1,1,2,1,,,,,,0,,0,50,1,1,2,1
Public Method,"org.apache.pdfbox.cos.COSFloat.floatValue()",pdfbox/src/main/java/org/apache/pdfbox/cos/COSFloat.java,,,,,,,,,,,,,,,,,,,,,,,,,18,10,0,5,2,1,5,1,1,1,2,1,1,1,1,1,1,,,,,,0,,1,00,1,1,1,1
Private Method,"org.apache.pdfbox.cos.COSFloat.formatString()",pdfbox/src/main/java/org/apache/pdfbox/cos/COSFloat.java,,,,,,,,,,,,,,,,,,,,,,,,,4,12,0,8,1,3,4,6,2,2,4,1,3,2,2,2,1,,,,,,1,,0,50,2,2,2,1
Public Method,"org.apache.pdfbox.cos.COSFloat.hashCode()",pdfbox/src/main/java/org/apache/pdfbox/cos/COSFloat.java,,,,,,,,,,,,,,,,,,,,,,,,,2,8,0,5,2,1,3,2,1,1,2,1,1,1,1,1,1,,,,,,0,,0,60,1,1,1,1
Public Method,"org.apache.pdfbox.cos.COSFloat.intValue()",pdfbox/src/main/java/org/apache/pdfbox/cos/COSFloat.java,,,,,,,,,,,,,,,,,,,,,,,,,2,10,0,5,2,1,5,2,1,1,2,1,1,1,1,1,1,,,,,,0,,1,00,1,1,1,1
Public Method,"org.apache.pdfbox.cos.COSFloat.longValue()",pdfbox/src/main/java/org/apache/pdfbox/cos/COSFloat.java,,,,,,,,,,,,,,,,,,,,,,,,,2,10,0,5,2,1,5,2,1,1,2,1,1,1,1,1,1,,,,,,0,,1,00,1,1,1,1
Public Method,"org.apache.pdfbox.cos.COSFloat.toString()",pdfbox/src/main/java/org/apache/pdfbox/cos/COSFloat.java,,,,,,,,,,,,,,,,,,,,,,,,,1,8,0,5,2,1,3,2,1,1,2,1,1,1,1,1,1,,,,,,0,,0,60,1,1,1,1
Private Method,"org.apache.pdfbox.cos.COSFloat.trimZeros(String)",pdfbox/src/main/java/org/apache/pdfbox/cos/COSFloat.java,,,,,,,,,,,,,,,,,,,,,,,,,2,19,0,14,3,7,5,5,3,5,8,3,7,3,3,4,1,,,,,,2,,0,36,3,3,4,1
Public Method,"org.apache.pdfbox.cos.COSFloat.writePDF(OutputStream)",pdfbox/src/main/java/org/apache/pdfbox/cos/COSFloat.java,,,,,,,,,,,,,,,,,,,,,,,,,6,10,0,4,1,1,6,3,1,1,2,1,1,1,1,1,1,,,,,,0,,1,50,1,1,1,1
Public Class,"org.apache.pdfbox.cos.COSIncrement",pdfbox/src/main/java/org/apache/pdfbox/cos/COSIncrement.java,2,2,4,1,22,0,12,9,2,13,0,,0,0,,,13,5,13,25,0,8,0,5,,334,16,174,32,82,144,,,57,96,33,74,,,,,7,7,15,5,1,2,83,0,83,36,36,55,23
Public Constructor,"org.apache.pdfbox.cos.COSIncrement.COSIncrement(COSUpdateInfo)",pdfbox/src/main/java/org/apache/pdfbox/cos/COSIncrement.java,,,,,,,,,,,,,,,,,,,,,,,,,2,12,0,4,1,1,8,2,1,1,2,1,1,1,1,1,1,,,,,,0,,2,00,1,1,1,1
Private Method,"org.apache.pdfbox.cos.COSIncrement.add(COSBase)",pdfbox/src/main/java/org/apache/pdfbox/cos/COSIncrement.java,,,,,,,,,,,,,,,,,,,,,,,,,4,15,0,7,1,2,8,1,2,1,3,1,2,2,2,2,1,,,,,,1,,1,14,2,2,2,1
Private Method,"org.apache.pdfbox.cos.COSIncrement.addProcessedObject(COSObject)",pdfbox/src/main/java/org/apache/pdfbox/cos/COSIncrement.java,,,,,,,,,,,,,,,,,,,,,,,,,3,15,0,7,1,2,8,1,2,1,3,1,2,2,2,2,1,,,,,,1,,1,14,2,2,2,1
Private Method,"org.apache.pdfbox.cos.COSIncrement.collect(COSArray)",pdfbox/src/main/java/org/apache/pdfbox/cos/COSIncrement.java,,,,,,,,,,,,,,,,,,,,,,,,,2,26,0,16,4,9,10,7,3,7,11,5,9,3,3,5,3,,,,,,2,,0,62,3,3,5,3
Private Method,"org.apache.pdfbox.cos.COSIncrement.collect(COSBase)",pdfbox/src/main/java/org/apache/pdfbox/cos/COSIncrement.java,,,,,,,,,,,,,,,,,,,,,,,,,5,32,0,20,1,9,12,5,5,5,10,1,9,5,5,5,5,,,,,,1,,0,60,5,5,5,5
Private Method,"org.apache.pdfbox.cos.COSIncrement.collect(COSDictionary)",pdfbox/src/main/java/org/apache/pdfbox/cos/COSIncrement.java,,,,,,,,,,,,,,,,,,,,,,,,,2,53,1,38,5,21,14,13,30,13,21,6,17,7,7,15,3,,,,,,2,,0,37,7,7,15,3
Private Method,"org.apache.pdfbox.cos.COSIncrement.collect(COSObject)",pdfbox/src/main/java/org/apache/pdfbox/cos/COSIncrement.java,,,,,,,,,,,,,,,,,,,,,,,,,2,46,0,36,6,21,10,13,16,15,22,6,19,7,7,11,3,,,,,,2,,0,28,7,7,11,3
Public Method,"org.apache.pdfbox.cos.COSIncrement.contains(COSBase)",pdfbox/src/main/java/org/apache/pdfbox/cos/COSIncrement.java,,,,,,,,,,,,,,,,,,,,,,,,,7,14,0,4,1,1,10,2,1,1,2,1,1,1,1,3,1,,,,,,0,,2,50,1,1,3,1
Public Method,"org.apache.pdfbox.cos.COSIncrement.exclude(COSBase...)",pdfbox/src/main/java/org/apache/pdfbox/cos/COSIncrement.java,,,,,,,,,,,,,,,,,,,,,,,,,6,16,0,8,1,3,8,3,2,2,4,1,3,2,2,2,1,,,,,,1,,1,00,2,2,2,1
Public Method,"org.apache.pdfbox.cos.COSIncrement.getObjects()",pdfbox/src/main/java/org/apache/pdfbox/cos/COSIncrement.java,,,,,,,,,,,,,,,,,,,,,,,,,4,16,0,9,1,4,7,4,2,3,5,1,4,2,2,3,1,,,,,,1,,0,78,2,2,3,1
Private Method,"org.apache.pdfbox.cos.COSIncrement.isExcluded(COSBase)",pdfbox/src/main/java/org/apache/pdfbox/cos/COSIncrement.java,,,,,,,,,,,,,,,,,,,,,,,,,3,13,0,4,1,1,9,2,1,1,2,1,1,1,1,1,1,,,,,,0,,2,25,1,1,1,1
Public Method,"org.apache.pdfbox.cos.COSIncrement.iterator()",pdfbox/src/main/java/org/apache/pdfbox/cos/COSIncrement.java,,,,,,,,,,,,,,,,,,,,,,,,,0,10,0,5,2,1,5,3,1,1,2,1,1,1,1,1,1,,,,,,0,,1,00,1,1,1,1
Private Method,"org.apache.pdfbox.cos.COSIncrement.updateDifferentOrigin(COSUpdateState)",pdfbox/src/main/java/org/apache/pdfbox/cos/COSIncrement.java,,,,,,,,,,,,,,,,,,,,,,,,,5,18,0,8,1,3,10,3,2,1,3,1,2,2,2,4,1,,,,,,1,,1,25,2,2,4,1
Public Final Class,"org.apache.pdfbox.cos.COSInputStream",pdfbox/src/main/java/org/apache/pdfbox/cos/COSInputStream.java,2,2,2,1,19,0,11,7,1,12,0,,2,0,,,2,1,4,42,2,1,0,1,,90,5,51,12,21,34,,,18,28,11,20,,,,,5,5,5,1,1,2,50,0,67,9,9,9,4
Private Constructor,"org.apache.pdfbox.cos.COSInputStream.COSInputStream(InputStream,List<DecodeResult>)",pdfbox/src/main/java/org/apache/pdfbox/cos/COSInputStream.java,,,,,,,,,,,,,,,,,,,,,,,,,3,11,0,5,1,2,6,3,1,2,3,1,2,1,1,1,1,,,,,,0,,1,20,1,1,1,1
Static Method,"org.apache.pdfbox.cos.COSInputStream.create(List<Filter>,COSDictionary,InputStream)",pdfbox/src/main/java/org/apache/pdfbox/cos/COSInputStream.java,,,,,,,,,,,,,,,,,,,,,,,,,4,14,0,5,2,1,9,2,1,1,2,1,1,1,1,1,1,,,,,,0,,1,80,1,1,1,1
Static Method,"org.apache.pdfbox.cos.COSInputStream.create(List<Filter>,COSDictionary,InputStream,DecodeOptions)",pdfbox/src/main/java/org/apache/pdfbox/cos/COSInputStream.java,,,,,,,,,,,,,,,,,,,,,,,,,6,38,1,26,6,14,11,16,7,12,17,6,14,5,5,5,1,,,,,,2,,0,42,5,5,5,1
Public Method,"org.apache.pdfbox.cos.COSInputStream.getDecodeResult()",pdfbox/src/main/java/org/apache/pdfbox/cos/COSInputStream.java,,,,,,,,,,,,,,,,,,,,,,,,,2,14,0,11,1,4,3,5,2,2,4,1,3,2,2,2,1,,,,,,1,,0,27,2,2,2,1
Public Final Class,"org.apache.pdfbox.cos.COSInteger",pdfbox/src/main/java/org/apache/pdfbox/cos/COSInteger.java,1,1,1,1,10,0,5,4,1,7,0,,2,9,,,10,2,12,36,0,2,0,10,,197,23,80,32,28,94,,,27,42,25,23,,,,,3,3,4,1,3,2,62,1,18,15,15,17,12
Private Constructor,"org.apache.pdfbox.cos.COSInteger.COSInteger(long,boolean)",pdfbox/src/main/java/org/apache/pdfbox/cos/COSInteger.java,,,,,,,,,,,,,,,,,,,,,,,,,4,11,0,5,1,2,6,3,1,2,3,1,2,1,1,1,1,,,,,,0,,1,20,1,1,1,1
Public Method,"org.apache.pdfbox.cos.COSInteger.accept(ICOSVisitor)",pdfbox/src/main/java/org/apache/pdfbox/cos/COSInteger.java,,,,,,,,,,,,,,,,,,,,,,,,,2,11,0,5,2,1,6,1,1,1,2,1,1,1,1,1,1,,,,,,0,,1,20,1,1,1,1
Public Method,"org.apache.pdfbox.cos.COSInteger.equals(Object)",pdfbox/src/main/java/org/apache/pdfbox/cos/COSInteger.java,,,,,,,,,,,,,,,,,,,,,,,,,1,8,0,5,2,1,3,2,1,1,2,1,1,1,1,2,1,,,,,,0,,0,60,1,1,2,1
Public Method,"org.apache.pdfbox.cos.COSInteger.floatValue()",pdfbox/src/main/java/org/apache/pdfbox/cos/COSInteger.java,,,,,,,,,,,,,,,,,,,,,,,,,2,10,0,5,2,1,5,1,1,1,2,1,1,1,1,1,1,,,,,,0,,1,00,1,1,1,1
Public Static Method,"org.apache.pdfbox.cos.COSInteger.get(long)",pdfbox/src/main/java/org/apache/pdfbox/cos/COSInteger.java,,,,,,,,,,,,,,,,,,,,,,,,,54,20,0,13,2,6,7,3,3,4,7,2,5,3,3,4,1,,,,,,2,,0,54,3,3,4,1
Private Static Method,"org.apache.pdfbox.cos.COSInteger.getInvalid(boolean)",pdfbox/src/main/java/org/apache/pdfbox/cos/COSInteger.java,,,,,,,,,,,,,,,,,,,,,,,,,3,5,0,5,1,2,0,2,1,1,2,1,1,2,2,2,1,,,,,,0,,0,00,2,2,2,1
Public Method,"org.apache.pdfbox.cos.COSInteger.hashCode()",pdfbox/src/main/java/org/apache/pdfbox/cos/COSInteger.java,,,,,,,,,,,,,,,,,,,,,,,,,2,9,0,5,2,1,4,1,1,1,2,1,1,1,1,1,1,,,,,,0,,0,80,1,1,1,1
Public Method,"org.apache.pdfbox.cos.COSInteger.intValue()",pdfbox/src/main/java/org/apache/pdfbox/cos/COSInteger.java,,,,,,,,,,,,,,,,,,,,,,,,,18,11,0,5,2,1,6,1,1,1,2,1,1,1,1,1,1,,,,,,0,,1,20,1,1,1,1
Public Method,"org.apache.pdfbox.cos.COSInteger.isValid()",pdfbox/src/main/java/org/apache/pdfbox/cos/COSInteger.java,,,,,,,,,,,,,,,,,,,,,,,,,3,9,0,4,1,1,5,1,1,1,2,1,1,1,1,1,1,,,,,,0,,1,25,1,1,1,1
Public Method,"org.apache.pdfbox.cos.COSInteger.longValue()",pdfbox/src/main/java/org/apache/pdfbox/cos/COSInteger.java,,,,,,,,,,,,,,,,,,,,,,,,,6,11,0,5,2,1,6,1,1,1,2,1,1,1,1,1,1,,,,,,0,,1,20,1,1,1,1
Public Method,"org.apache.pdfbox.cos.COSInteger.toString()",pdfbox/src/main/java/org/apache/pdfbox/cos/COSInteger.java,,,,,,,,,,,,,,,,,,,,,,,,,1,8,0,5,2,1,3,1,1,1,2,1,1,1,1,1,1,,,,,,0,,0,60,1,1,1,1
Public Method,"org.apache.pdfbox.cos.COSInteger.writePDF(OutputStream)",pdfbox/src/main/java/org/apache/pdfbox/cos/COSInteger.java,,,,,,,,,,,,,,,,,,,,,,,,,7,10,0,4,1,1,6,3,1,1,2,1,1,1,1,1,1,,,,,,0,,1,50,1,1,1,1
Public Final Class,"org.apache.pdfbox.cos.COSName",pdfbox/src/main/java/org/apache/pdfbox/cos/COSName.java,1,1,2,1,11,0,8,3,2,10,0,,2,570,,,10,2,12,31,0,2,0,10,,786,22,675,594,613,89,,,596,616,589,598,,,,,4,4,16,1,2,3,66,0,13,18,18,32,12
Private Constructor,"org.apache.pdfbox.cos.COSName.COSName(String)",pdfbox/src/main/java/org/apache/pdfbox/cos/COSName.java,,,,,,,,,,,,,,,,,,,,,,,,,1,9,0,4,1,1,5,2,1,1,2,1,1,1,1,1,1,,,,,,0,,1,25,1,1,1,1
Private Constructor,"org.apache.pdfbox.cos.COSName.COSName(String,boolean)",pdfbox/src/main/java/org/apache/pdfbox/cos/COSName.java,,,,,,,,,,,,,,,,,,,,,,,,,7,20,0,13,1,6,7,5,2,4,6,1,5,2,2,2,1,,,,,,1,,0,54,2,2,2,1
Public Method,"org.apache.pdfbox.cos.COSName.accept(ICOSVisitor)",pdfbox/src/main/java/org/apache/pdfbox/cos/COSName.java,,,,,,,,,,,,,,,,,,,,,,,,,2,5,0,5,2,1,0,1,1,1,2,1,1,1,1,1,1,,,,,,0,,0,00,1,1,1,1
Public Static Method,"org.apache.pdfbox.cos.COSName.clearResources()",pdfbox/src/main/java/org/apache/pdfbox/cos/COSName.java,,,,,,,,,,,,,,,,,,,,,,,,,1,8,0,4,1,1,4,1,1,1,2,1,1,1,1,1,1,,,,,,0,,1,00,1,1,1,1
Public Method,"org.apache.pdfbox.cos.COSName.compareTo(COSName)",pdfbox/src/main/java/org/apache/pdfbox/cos/COSName.java,,,,,,,,,,,,,,,,,,,,,,,,,4,5,0,5,2,1,0,2,1,1,2,1,1,1,1,1,1,,,,,,0,,0,00,1,1,1,1
Public Method,"org.apache.pdfbox.cos.COSName.equals(Object)",pdfbox/src/main/java/org/apache/pdfbox/cos/COSName.java,,,,,,,,,,,,,,,,,,,,,,,,,92,5,0,5,2,1,0,2,1,1,2,1,1,1,1,2,1,,,,,,0,,0,00,1,1,2,1
Public Method,"org.apache.pdfbox.cos.COSName.getName()",pdfbox/src/main/java/org/apache/pdfbox/cos/COSName.java,,,,,,,,,,,,,,,,,,,,,,,,,127,9,0,4,1,1,5,1,1,1,2,1,1,1,1,1,1,,,,,,0,,1,25,1,1,1,1
Public Static Method,"org.apache.pdfbox.cos.COSName.getPDFName(String)",pdfbox/src/main/java/org/apache/pdfbox/cos/COSName.java,,,,,,,,,,,,,,,,,,,,,,,,,123,27,0,17,2,8,10,3,4,5,9,2,7,4,4,4,1,,,,,,3,,0,59,4,4,4,1
Public Method,"org.apache.pdfbox.cos.COSName.hashCode()",pdfbox/src/main/java/org/apache/pdfbox/cos/COSName.java,,,,,,,,,,,,,,,,,,,,,,,,,1,5,0,5,2,1,0,1,1,1,2,1,1,1,1,1,1,,,,,,0,,0,00,1,1,1,1
Public Method,"org.apache.pdfbox.cos.COSName.isEmpty()",pdfbox/src/main/java/org/apache/pdfbox/cos/COSName.java,,,,,,,,,,,,,,,,,,,,,,,,,1,8,0,4,1,1,4,2,1,1,2,1,1,1,1,1,1,,,,,,0,,1,00,1,1,1,1
Public Method,"org.apache.pdfbox.cos.COSName.toString()",pdfbox/src/main/java/org/apache/pdfbox/cos/COSName.java,,,,,,,,,,,,,,,,,,,,,,,,,4,5,0,5,2,1,0,1,1,1,2,1,1,1,1,1,1,,,,,,0,,0,00,1,1,1,1
Public Method,"org.apache.pdfbox.cos.COSName.writePDF(OutputStream)",pdfbox/src/main/java/org/apache/pdfbox/cos/COSName.java,,,,,,,,,,,,,,,,,,,,,,,,,7,36,1,28,3,19,7,4,3,6,10,4,7,3,3,16,1,,,,,,2,,0,25,3,3,16,1
Public Final Class,"org.apache.pdfbox.cos.COSNull",pdfbox/src/main/java/org/apache/pdfbox/cos/COSNull.java,1,1,1,1,9,0,4,4,1,5,0,,0,2,,,4,0,4,23,0,1,0,3,,57,5,22,9,5,31,,,5,10,7,4,,,,,1,1,1,1,2,0,0,1,41,4,4,4,4
Private Constructor,"org.apache.pdfbox.cos.COSNull.COSNull()",pdfbox/src/main/java/org/apache/pdfbox/cos/COSNull.java,,,,,,,,,,,,,,,,,,,,,,,,,0,7,0,3,1,0,4,1,1,0,1,1,0,1,1,1,1,,,,,,0,,1,33,1,1,1,1
Public Method,"org.apache.pdfbox.cos.COSNull.accept(ICOSVisitor)",pdfbox/src/main/java/org/apache/pdfbox/cos/COSNull.java,,,,,,,,,,,,,,,,,,,,,,,,,3,11,0,5,2,1,6,1,1,1,2,1,1,1,1,1,1,,,,,,0,,1,20,1,1,1,1
Public Method,"org.apache.pdfbox.cos.COSNull.toString()",pdfbox/src/main/java/org/apache/pdfbox/cos/COSNull.java,,,,,,,,,,,,,,,,,,,,,,,,,0,8,0,5,2,1,3,1,1,1,2,1,1,1,1,1,1,,,,,,0,,0,60,1,1,1,1
Public Method,"org.apache.pdfbox.cos.COSNull.writePDF(OutputStream)",pdfbox/src/main/java/org/apache/pdfbox/cos/COSNull.java,,,,,,,,,,,,,,,,,,,,,,,,,3,10,0,4,1,1,6,1,1,1,2,1,1,1,1,1,1,,,,,,0,,1,50,1,1,1,1
Public Abstract Class,"org.apache.pdfbox.cos.COSNumber",pdfbox/src/main/java/org/apache/pdfbox/cos/COSNumber.java,6,6,8,4,30,0,24,6,1,6,2,,2,0,,,3,0,5,24,0,1,0,4,,90,4,54,11,24,32,,,18,29,11,22,,,,,9,9,12,6,2,2,0,0,59,12,12,16,9
Public Abstract Method,"org.apache.pdfbox.cos.COSNumber.floatValue()",pdfbox/src/main/java/org/apache/pdfbox/cos/COSNumber.java,,,,,,,,,,,,,,,,,,,,,,,,,66,6,0,1,1,0,5,1,0,1,1,1,0,0,0,0,0,,,,,,0,,5,00,0,0,0,0
Public Static Method,"org.apache.pdfbox.cos.COSNumber.get(String)",pdfbox/src/main/java/org/apache/pdfbox/cos/COSNumber.java,,,,,,,,,,,,,,,,,,,,,,,,,16,47,0,35,4,18,12,11,10,9,16,3,15,9,9,12,6,,,,,,2,,0,34,9,9,12,6
Public Abstract Method,"org.apache.pdfbox.cos.COSNumber.intValue()",pdfbox/src/main/java/org/apache/pdfbox/cos/COSNumber.java,,,,,,,,,,,,,,,,,,,,,,,,,32,6,0,1,1,0,5,1,0,1,1,1,0,0,0,0,0,,,,,,0,,5,00,0,0,0,0
Private Static Method,"org.apache.pdfbox.cos.COSNumber.isFloat(String)",pdfbox/src/main/java/org/apache/pdfbox/cos/COSNumber.java,,,,,,,,,,,,,,,,,,,,,,,,,2,13,0,13,3,6,0,3,3,6,9,4,7,3,3,4,3,,,,,,2,,0,00,3,3,4,3
Public Abstract Method,"org.apache.pdfbox.cos.COSNumber.longValue()",pdfbox/src/main/java/org/apache/pdfbox/cos/COSNumber.java,,,,,,,,,,,,,,,,,,,,,,,,,3,6,0,1,1,0,5,1,0,1,1,1,0,0,0,0,0,,,,,,0,,5,00,0,0,0,0
Public Class,"org.apache.pdfbox.cos.COSObject",pdfbox/src/main/java/org/apache/pdfbox/cos/COSObject.java,1,1,1,1,12,0,7,5,2,11,0,,0,1,,,13,6,13,32,0,0,0,13,,195,15,106,25,42,74,,,40,58,22,38,,,,,3,3,4,1,2,2,67,0,70,17,17,18,13
Public Constructor,"org.apache.pdfbox.cos.COSObject.COSObject(COSBase)",pdfbox/src/main/java/org/apache/pdfbox/cos/COSObject.java,,,,,,,,,,,,,,,,,,,,,,,,,3,12,0,6,1,3,6,5,1,3,4,1,3,1,1,1,1,,,,,,0,,1,00,1,1,1,1
Public Constructor,"org.apache.pdfbox.cos.COSObject.COSObject(COSBase,COSObjectKey)",pdfbox/src/main/java/org/apache/pdfbox/cos/COSObject.java,,,,,,,,,,,,,,,,,,,,,,,,,3,12,0,6,1,3,6,4,1,3,4,1,3,1,1,1,1,,,,,,0,,1,00,1,1,1,1
Public Constructor,"org.apache.pdfbox.cos.COSObject.COSObject(COSBase,ICOSParser)",pdfbox/src/main/java/org/apache/pdfbox/cos/COSObject.java,,,,,,,,,,,,,,,,,,,,,,,,,2,14,0,7,1,4,7,6,1,4,5,1,4,1,1,1,1,,,,,,0,,1,00,1,1,1,1
Public Constructor,"org.apache.pdfbox.cos.COSObject.COSObject(COSObjectKey,ICOSParser)",pdfbox/src/main/java/org/apache/pdfbox/cos/COSObject.java,,,,,,,,,,,,,,,,,,,,,,,,,4,15,0,8,1,5,7,9,1,5,6,1,5,1,1,1,1,,,,,,0,,0,88,1,1,1,1
Public Method,"org.apache.pdfbox.cos.COSObject.accept(ICOSVisitor)",pdfbox/src/main/java/org/apache/pdfbox/cos/COSObject.java,,,,,,,,,,,,,,,,,,,,,,,,,2,19,0,13,3,5,6,3,2,3,5,2,4,2,2,2,1,,,,,,1,,0,46,2,2,2,1
Public Method,"org.apache.pdfbox.cos.COSObject.getGenerationNumber()",pdfbox/src/main/java/org/apache/pdfbox/cos/COSObject.java,,,,,,,,,,,,,,,,,,,,,,,,,5,8,0,4,1,1,4,1,1,1,2,1,1,1,1,1,1,,,,,,0,,1,00,1,1,1,1
Public Method,"org.apache.pdfbox.cos.COSObject.getObject()",pdfbox/src/main/java/org/apache/pdfbox/cos/COSObject.java,,,,,,,,,,,,,,,,,,,,,,,,,74,27,0,21,1,10,6,8,3,6,9,1,8,3,3,4,1,,,,,,2,,0,29,3,3,4,1
Public Method,"org.apache.pdfbox.cos.COSObject.getObjectNumber()",pdfbox/src/main/java/org/apache/pdfbox/cos/COSObject.java,,,,,,,,,,,,,,,,,,,,,,,,,5,8,0,4,1,1,4,1,1,1,2,1,1,1,1,1,1,,,,,,0,,1,00,1,1,1,1
Public Method,"org.apache.pdfbox.cos.COSObject.getUpdateState()",pdfbox/src/main/java/org/apache/pdfbox/cos/COSObject.java,,,,,,,,,,,,,,,,,,,,,,,,,4,11,0,5,2,1,6,1,1,1,2,1,1,1,1,1,1,,,,,,0,,1,20,1,1,1,1
Public Method,"org.apache.pdfbox.cos.COSObject.isDereferenced()",pdfbox/src/main/java/org/apache/pdfbox/cos/COSObject.java,,,,,,,,,,,,,,,,,,,,,,,,,3,9,0,4,1,1,5,1,1,1,2,1,1,1,1,1,1,,,,,,0,,1,25,1,1,1,1
Public Method,"org.apache.pdfbox.cos.COSObject.isObjectNull()",pdfbox/src/main/java/org/apache/pdfbox/cos/COSObject.java,,,,,,,,,,,,,,,,,,,,,,,,,5,9,0,4,1,1,5,1,1,1,2,1,1,1,1,1,1,,,,,,0,,1,25,1,1,1,1
Public Final Method,"org.apache.pdfbox.cos.COSObject.setToNull()",pdfbox/src/main/java/org/apache/pdfbox/cos/COSObject.java,,,,,,,,,,,,,,,,,,,,,,,,,4,12,0,9,1,4,3,4,2,3,5,1,4,2,2,2,1,,,,,,1,,0,33,2,2,2,1
Public Method,"org.apache.pdfbox.cos.COSObject.toString()",pdfbox/src/main/java/org/apache/pdfbox/cos/COSObject.java,,,,,,,,,,,,,,,,,,,,,,,,,2,8,0,5,2,1,3,1,1,1,2,1,1,1,1,1,1,,,,,,0,,0,60,1,1,1,1
Public Final Class,"org.apache.pdfbox.cos.COSObjectKey",pdfbox/src/main/java/org/apache/pdfbox/cos/COSObjectKey.java,1,1,1,1,9,0,5,3,2,7,0,,0,2,,,8,1,8,20,0,0,0,8,,97,9,52,17,16,36,,,14,25,13,13,,,,,3,3,3,1,1,1,25,0,69,11,11,12,8
Public Constructor,"org.apache.pdfbox.cos.COSObjectKey.COSObjectKey(COSObject)",pdfbox/src/main/java/org/apache/pdfbox/cos/COSObjectKey.java,,,,,,,,,,,,,,,,,,,,,,,,,4,9,0,4,1,1,5,4,1,1,2,1,1,1,1,1,1,,,,,,0,,1,25,1,1,1,1
Public Constructor,"org.apache.pdfbox.cos.COSObjectKey.COSObjectKey(long,int)",pdfbox/src/main/java/org/apache/pdfbox/cos/COSObjectKey.java,,,,,,,,,,,,,,,,,,,,,,,,,26,18,0,12,1,5,6,3,4,3,6,1,5,3,3,3,1,,,,,,1,,0,50,3,3,3,1
Public Method,"org.apache.pdfbox.cos.COSObjectKey.compareTo(COSObjectKey)",pdfbox/src/main/java/org/apache/pdfbox/cos/COSObjectKey.java,,,,,,,,,,,,,,,,,,,,,,,,,6,5,0,5,2,1,0,2,1,1,2,1,1,1,1,1,1,,,,,,0,,0,00,1,1,1,1
Public Method,"org.apache.pdfbox.cos.COSObjectKey.equals(Object)",pdfbox/src/main/java/org/apache/pdfbox/cos/COSObjectKey.java,,,,,,,,,,,,,,,,,,,,,,,,,3,10,0,7,3,3,3,1,1,2,3,2,1,2,2,3,1,,,,,,0,,0,43,2,2,3,1
Public Method,"org.apache.pdfbox.cos.COSObjectKey.getGeneration()",pdfbox/src/main/java/org/apache/pdfbox/cos/COSObjectKey.java,,,,,,,,,,,,,,,,,,,,,,,,,19,9,0,4,1,1,5,1,1,1,2,1,1,1,1,1,1,,,,,,0,,1,25,1,1,1,1
Public Method,"org.apache.pdfbox.cos.COSObjectKey.getNumber()",pdfbox/src/main/java/org/apache/pdfbox/cos/COSObjectKey.java,,,,,,,,,,,,,,,,,,,,,,,,,27,9,0,4,1,1,5,1,1,1,2,1,1,1,1,1,1,,,,,,0,,1,25,1,1,1,1
Public Method,"org.apache.pdfbox.cos.COSObjectKey.hashCode()",pdfbox/src/main/java/org/apache/pdfbox/cos/COSObjectKey.java,,,,,,,,,,,,,,,,,,,,,,,,,2,8,0,5,2,1,3,2,1,1,2,1,1,1,1,1,1,,,,,,0,,0,60,1,1,1,1
Public Method,"org.apache.pdfbox.cos.COSObjectKey.toString()",pdfbox/src/main/java/org/apache/pdfbox/cos/COSObjectKey.java,,,,,,,,,,,,,,,,,,,,,,,,,0,5,0,5,2,1,0,3,1,1,2,1,1,1,1,1,1,,,,,,0,,0,00,1,1,1,1
Class,"org.apache.pdfbox.cos.COSObjectKeyTest",pdfbox/src/test/java/org/apache/pdfbox/cos/COSObjectKeyTest.java,1,1,1,1,15,1,11,1,1,3,0,,0,0,,,7,0,7,19,7,0,0,0,,115,19,85,26,45,11,,,39,49,19,41,,,,,3,3,3,1,1,1,0,0,13,9,9,9,7
Method,"org.apache.pdfbox.cos.COSObjectKeyTest.checkHashCode()",pdfbox/src/test/java/org/apache/pdfbox/cos/COSObjectKeyTest.java,,,,,,,,,,,,,,,,,,,,,,,,,0,15,2,10,2,6,3,4,1,3,4,1,3,1,1,1,1,,,,,,0,,0,30,1,1,1,1
Method,"org.apache.pdfbox.cos.COSObjectKeyTest.compareToInputNotNullOutputNotNull()",pdfbox/src/test/java/org/apache/pdfbox/cos/COSObjectKeyTest.java,,,,,,,,,,,,,,,,,,,,,,,,,0,15,2,10,6,6,3,3,1,6,7,5,6,1,1,1,1,,,,,,0,,0,30,1,1,1,1
Method,"org.apache.pdfbox.cos.COSObjectKeyTest.compareToInputNotNullOutputZero()",pdfbox/src/test/java/org/apache/pdfbox/cos/COSObjectKeyTest.java,,,,,,,,,,,,,,,,,,,,,,,,,0,13,2,8,5,4,3,3,1,4,5,4,4,1,1,1,1,,,,,,0,,0,38,1,1,1,1
Method,"org.apache.pdfbox.cos.COSObjectKeyTest.testEquals()",pdfbox/src/test/java/org/apache/pdfbox/cos/COSObjectKeyTest.java,,,,,,,,,,,,,,,,,,,,,,,,,0,6,0,6,2,2,0,3,1,2,3,1,2,1,1,1,1,,,,,,0,,0,00,1,1,1,1
Method,"org.apache.pdfbox.cos.COSObjectKeyTest.testInputValues()",pdfbox/src/test/java/org/apache/pdfbox/cos/COSObjectKeyTest.java,,,,,,,,,,,,,,,,,,,,,,,,,0,23,3,20,2,7,0,2,4,4,7,1,6,3,3,3,1,,,,,,1,,0,00,3,3,3,1
Method,"org.apache.pdfbox.cos.COSObjectKeyTest.testInternalRepresentation()",pdfbox/src/test/java/org/apache/pdfbox/cos/COSObjectKeyTest.java,,,,,,,,,,,,,,,,,,,,,,,,,0,19,3,16,3,12,0,4,1,12,13,2,12,1,1,1,1,,,,,,0,,0,00,1,1,1,1
Method,"org.apache.pdfbox.cos.COSObjectKeyTest.testSortingOrder()",pdfbox/src/test/java/org/apache/pdfbox/cos/COSObjectKeyTest.java,,,,,,,,,,,,,,,,,,,,,,,,,0,15,1,12,5,8,2,3,1,8,9,4,8,1,1,1,1,,,,,,0,,0,17,1,1,1,1
Public Final Class,"org.apache.pdfbox.cos.COSOutputStream",pdfbox/src/main/java/org/apache/pdfbox/cos/COSOutputStream.java,2,2,2,1,20,0,17,2,1,11,0,,0,0,,,6,4,6,31,1,0,0,5,,139,7,112,18,41,20,,,27,46,13,35,,,,,4,4,4,1,1,7,50,0,18,14,14,14,6
Constructor,"org.apache.pdfbox.cos.COSOutputStream.COSOutputStream(List<Filter>,COSDictionary,OutputStream,ScratchFile)",pdfbox/src/main/java/org/apache/pdfbox/cos/COSOutputStream.java,,,,,,,,,,,,,,,,,,,,,,,,,5,27,1,16,2,8,10,8,2,6,8,1,7,2,2,2,1,,,,,,1,,0,62,2,2,2,1
Public Method,"org.apache.pdfbox.cos.COSOutputStream.close()",pdfbox/src/main/java/org/apache/pdfbox/cos/COSOutputStream.java,,,,,,,,,,,,,,,,,,,,,,,,,5,50,0,45,3,19,5,9,4,10,18,3,17,4,4,4,1,,,,,,7,,0,11,4,4,4,1
Public Method,"org.apache.pdfbox.cos.COSOutputStream.flush()",pdfbox/src/main/java/org/apache/pdfbox/cos/COSOutputStream.java,,,,,,,,,,,,,,,,,,,,,,,,,1,8,0,8,2,2,0,1,2,1,3,1,2,2,2,2,1,,,,,,1,,0,00,2,2,2,1
Public Method,"org.apache.pdfbox.cos.COSOutputStream.write(byte[])",pdfbox/src/main/java/org/apache/pdfbox/cos/COSOutputStream.java,,,,,,,,,,,,,,,,,,,,,,,,,2,12,0,12,2,4,0,2,2,2,4,1,3,2,2,2,1,,,,,,1,,0,00,2,2,2,1
Public Method,"org.apache.pdfbox.cos.COSOutputStream.write(byte[],int,int)",pdfbox/src/main/java/org/apache/pdfbox/cos/COSOutputStream.java,,,,,,,,,,,,,,,,,,,,,,,,,4,12,0,12,2,4,0,2,2,2,4,1,3,2,2,2,1,,,,,,1,,0,00,2,2,2,1
Public Method,"org.apache.pdfbox.cos.COSOutputStream.write(int)",pdfbox/src/main/java/org/apache/pdfbox/cos/COSOutputStream.java,,,,,,,,,,,,,,,,,,,,,,,,,2,12,0,12,2,4,0,2,2,2,4,1,3,2,2,2,1,,,,,,1,,0,00,2,2,2,1
Public Class,"org.apache.pdfbox.cos.COSStream",pdfbox/src/main/java/org/apache/pdfbox/cos/COSStream.java,2,2,2,1,20,0,14,5,2,33,0,,0,1,,,19,5,19,129,0,3,0,16,,421,22,288,44,140,111,,,93,145,46,112,,,,,7,7,8,3,3,3,77,0,39,45,45,49,23
Public Constructor,"org.apache.pdfbox.cos.COSStream.COSStream()",pdfbox/src/main/java/org/apache/pdfbox/cos/COSStream.java,,,,,,,,,,,,,,,,,,,,,,,,,15,12,0,4,1,1,8,2,1,1,2,1,1,1,1,1,1,,,,,,0,,2,00,1,1,1,1
Public Constructor,"org.apache.pdfbox.cos.COSStream.COSStream(ScratchFile)",pdfbox/src/main/java/org/apache/pdfbox/cos/COSStream.java,,,,,,,,,,,,,,,,,,,,,,,,,5,10,0,5,1,2,5,3,1,2,3,1,2,1,1,1,1,,,,,,0,,1,00,1,1,1,1
Public Constructor,"org.apache.pdfbox.cos.COSStream.COSStream(ScratchFile,RandomAccessReadView)",pdfbox/src/main/java/org/apache/pdfbox/cos/COSStream.java,,,,,,,,,,,,,,,,,,,,,,,,,4,14,0,7,2,3,7,5,1,3,4,1,3,1,1,1,1,,,,,,0,,1,00,1,1,1,1
Public Method,"org.apache.pdfbox.cos.COSStream.accept(ICOSVisitor)",pdfbox/src/main/java/org/apache/pdfbox/cos/COSStream.java,,,,,,,,,,,,,,,,,,,,,,,,,1,5,0,5,2,1,0,1,1,1,2,1,1,1,1,1,1,,,,,,0,,0,00,1,1,1,1
Private Method,"org.apache.pdfbox.cos.COSStream.checkClosed()",pdfbox/src/main/java/org/apache/pdfbox/cos/COSStream.java,,,,,,,,,,,,,,,,,,,,,,,,,4,14,0,8,1,3,6,2,2,1,3,1,2,2,2,3,1,,,,,,1,,0,75,2,2,3,1
Public Method,"org.apache.pdfbox.cos.COSStream.close()",pdfbox/src/main/java/org/apache/pdfbox/cos/COSStream.java,,,,,,,,,,,,,,,,,,,,,,,,,8,40,0,31,2,13,9,6,8,6,12,1,11,4,4,5,1,,,,,,2,,0,29,4,4,5,1
Public Method,"org.apache.pdfbox.cos.COSStream.createInputStream()",pdfbox/src/main/java/org/apache/pdfbox/cos/COSStream.java,,,,,,,,,,,,,,,,,,,,,,,,,30,10,0,4,1,1,6,2,1,1,2,1,1,1,1,1,1,,,,,,0,,1,50,1,1,1,1
Public Method,"org.apache.pdfbox.cos.COSStream.createInputStream(DecodeOptions)",pdfbox/src/main/java/org/apache/pdfbox/cos/COSStream.java,,,,,,,,,,,,,,,,,,,,,,,,,3,5,0,5,2,2,0,4,1,2,3,2,2,1,1,1,1,,,,,,0,,0,00,1,1,1,1
Public Method,"org.apache.pdfbox.cos.COSStream.createOutputStream()",pdfbox/src/main/java/org/apache/pdfbox/cos/COSStream.java,,,,,,,,,,,,,,,,,,,,,,,,,12,10,0,4,1,1,6,2,1,1,2,1,1,1,1,1,1,,,,,,0,,1,50,1,1,1,1
Public Method,"org.apache.pdfbox.cos.COSStream.createOutputStream(COSBase)",pdfbox/src/main/java/org/apache/pdfbox/cos/COSStream.java,,,,,,,,,,,,,,,,,,,,,,,,,16,44,1,35,4,23,8,12,8,13,19,5,16,4,4,4,1,,,,,,0,,0,23,4,4,4,1
Anonymous Class,"org.apache.pdfbox.cos.COSStream.createOutputStream.(Anon_1)",pdfbox/src/main/java/org/apache/pdfbox/cos/COSStream.java,1,1,1,1,6,0,6,0,1,6,0,,0,0,,,2,0,2,27,0,0,0,2,,14,1,13,0,8,0,,,4,6,2,4,,,,,1,1,1,1,1,0,0,0,00,2,2,2,2
Public Method,"org.apache.pdfbox.cos.COSStream.createOutputStream.(Anon_1).close()",pdfbox/src/main/java/org/apache/pdfbox/cos/COSStream.java,,,,,,,,,,,,,,,,,,,,,,,,,2,7,0,7,0,5,0,4,1,3,4,1,3,1,1,1,1,,,,,,0,,0,00,1,1,1,1
Public Method,"org.apache.pdfbox.cos.COSStream.createOutputStream.(Anon_1).write(byte[],int,int)",pdfbox/src/main/java/org/apache/pdfbox/cos/COSStream.java,,,,,,,,,,,,,,,,,,,,,,,,,4,5,0,5,0,3,0,1,1,1,2,1,1,1,1,1,1,,,,,,0,,0,00,1,1,1,1
Public Method,"org.apache.pdfbox.cos.COSStream.createRawInputStream()",pdfbox/src/main/java/org/apache/pdfbox/cos/COSStream.java,,,,,,,,,,,,,,,,,,,,,,,,,14,31,0,25,1,12,6,6,6,6,10,1,9,4,4,4,3,,,,,,2,,0,24,4,4,4,3
Public Method,"org.apache.pdfbox.cos.COSStream.createRawOutputStream()",pdfbox/src/main/java/org/apache/pdfbox/cos/COSStream.java,,,,,,,,,,,,,,,,,,,,,,,,,10,36,1,29,2,19,6,9,4,11,16,4,13,3,3,3,1,,,,,,0,,0,21,3,3,3,1
Anonymous Class,"org.apache.pdfbox.cos.COSStream.createRawOutputStream.(Anon_2)",pdfbox/src/main/java/org/apache/pdfbox/cos/COSStream.java,1,1,1,1,6,0,6,0,1,6,0,,0,0,,,2,0,2,27,0,0,0,2,,14,1,13,0,8,0,,,4,6,2,4,,,,,1,1,1,1,1,0,0,0,00,2,2,2,2
Public Method,"org.apache.pdfbox.cos.COSStream.createRawOutputStream.(Anon_2).close()",pdfbox/src/main/java/org/apache/pdfbox/cos/COSStream.java,,,,,,,,,,,,,,,,,,,,,,,,,2,7,0,7,0,5,0,4,1,3,4,1,3,1,1,1,1,,,,,,0,,0,00,1,1,1,1
Public Method,"org.apache.pdfbox.cos.COSStream.createRawOutputStream.(Anon_2).write(byte[],int,int)",pdfbox/src/main/java/org/apache/pdfbox/cos/COSStream.java,,,,,,,,,,,,,,,,,,,,,,,,,4,5,0,5,0,3,0,1,1,1,2,1,1,1,1,1,1,,,,,,0,,0,00,1,1,1,1
Public Method,"org.apache.pdfbox.cos.COSStream.createView()",pdfbox/src/main/java/org/apache/pdfbox/cos/COSStream.java,,,,,,,,,,,,,,,,,,,,,,,,,9,53,0,46,5,23,7,20,11,14,22,6,20,7,7,8,3,,,,,,3,,0,15,7,7,8,3
Private Method,"org.apache.pdfbox.cos.COSStream.getFilterList()",pdfbox/src/main/java/org/apache/pdfbox/cos/COSStream.java,,,,,,,,,,,,,,,,,,,,,,,,,4,33,0,30,5,16,3,11,5,13,18,6,14,6,6,6,1,,,,,,3,,0,10,6,6,6,1
Public Method,"org.apache.pdfbox.cos.COSStream.getFilters()",pdfbox/src/main/java/org/apache/pdfbox/cos/COSStream.java,,,,,,,,,,,,,,,,,,,,,,,,,6,15,0,4,1,1,11,2,1,1,2,1,1,1,1,1,1,,,,,,0,,2,75,1,1,1,1
Public Method,"org.apache.pdfbox.cos.COSStream.getLength()",pdfbox/src/main/java/org/apache/pdfbox/cos/COSStream.java,,,,,,,,,,,,,,,,,,,,,,,,,7,15,0,10,1,5,5,3,2,2,4,1,3,2,2,2,1,,,,,,1,,0,50,2,2,2,1
Private Method,"org.apache.pdfbox.cos.COSStream.getScratchFile()",pdfbox/src/main/java/org/apache/pdfbox/cos/COSStream.java,,,,,,,,,,,,,,,,,,,,,,,,,3,9,0,9,1,4,0,4,2,3,5,1,4,2,2,2,1,,,,,,1,,0,00,2,2,2,1
Public Method,"org.apache.pdfbox.cos.COSStream.hasData()",pdfbox/src/main/java/org/apache/pdfbox/cos/COSStream.java,,,,,,,,,,,,,,,,,,,,,,,,,5,9,0,4,1,1,5,1,1,1,2,1,1,1,1,2,1,,,,,,0,,1,25,1,1,2,1
Public Method,"org.apache.pdfbox.cos.COSStream.toTextString()",pdfbox/src/main/java/org/apache/pdfbox/cos/COSStream.java,,,,,,,,,,,,,,,,,,,,,,,,,11,17,0,14,3,7,3,6,2,5,7,3,6,2,2,2,1,,,,,,1,,0,21,2,2,2,1
Public Final Class,"org.apache.pdfbox.cos.COSString",pdfbox/src/main/java/org/apache/pdfbox/cos/COSString.java,1,1,2,1,13,0,8,4,1,18,0,,1,2,,,13,2,14,33,0,0,0,14,,233,21,132,31,52,81,,,41,68,28,47,,,,,5,5,6,4,2,3,60,0,61,26,26,29,19
Public Constructor,"org.apache.pdfbox.cos.COSString.COSString(String)",pdfbox/src/main/java/org/apache/pdfbox/cos/COSString.java,,,,,,,,,,,,,,,,,,,,,,,,,56,33,1,24,3,13,8,7,6,9,14,4,11,4,4,4,3,,,,,,2,,0,33,4,4,4,3
Public Constructor,"org.apache.pdfbox.cos.COSString.COSString(byte[])",pdfbox/src/main/java/org/apache/pdfbox/cos/COSString.java,,,,,,,,,,,,,,,,,,,,,,,,,20,10,0,4,1,1,6,2,1,1,2,1,1,1,1,1,1,,,,,,0,,1,50,1,1,1,1
Public Method,"org.apache.pdfbox.cos.COSString.accept(ICOSVisitor)",pdfbox/src/main/java/org/apache/pdfbox/cos/COSString.java,,,,,,,,,,,,,,,,,,,,,,,,,2,11,0,5,2,1,6,1,1,1,2,1,1,1,1,1,1,,,,,,0,,1,20,1,1,1,1
Public Method,"org.apache.pdfbox.cos.COSString.equals(Object)",pdfbox/src/main/java/org/apache/pdfbox/cos/COSString.java,,,,,,,,,,,,,,,,,,,,,,,,,2,11,0,11,3,5,0,3,2,3,5,2,3,2,2,3,1,,,,,,1,,0,00,2,2,3,1
Public Method,"org.apache.pdfbox.cos.COSString.getASCII()",pdfbox/src/main/java/org/apache/pdfbox/cos/COSString.java,,,,,,,,,,,,,,,,,,,,,,,,,2,8,0,4,1,1,4,2,1,1,2,1,1,1,1,1,1,,,,,,0,,1,00,1,1,1,1
Public Method,"org.apache.pdfbox.cos.COSString.getBytes()",pdfbox/src/main/java/org/apache/pdfbox/cos/COSString.java,,,,,,,,,,,,,,,,,,,,,,,,,30,7,0,4,1,1,3,1,1,1,2,1,1,1,1,1,1,,,,,,0,,0,75,1,1,1,1
Public Method,"org.apache.pdfbox.cos.COSString.getForceHexForm()",pdfbox/src/main/java/org/apache/pdfbox/cos/COSString.java,,,,,,,,,,,,,,,,,,,,,,,,,2,7,0,4,1,1,3,1,1,1,2,1,1,1,1,1,1,,,,,,0,,0,75,1,1,1,1
Public Method,"org.apache.pdfbox.cos.COSString.getString()",pdfbox/src/main/java/org/apache/pdfbox/cos/COSString.java,,,,,,,,,,,,,,,,,,,,,,,,,52,23,1,15,1,6,7,3,4,3,7,1,6,4,4,6,4,,,,,,2,,0,47,4,4,6,4
Public Method,"org.apache.pdfbox.cos.COSString.hashCode()",pdfbox/src/main/java/org/apache/pdfbox/cos/COSString.java,,,,,,,,,,,,,,,,,,,,,,,,,3,6,0,6,3,2,0,2,1,2,3,2,2,2,2,2,1,,,,,,0,,0,00,2,2,2,1
Public Static Method,"org.apache.pdfbox.cos.COSString.parseHex(String)",pdfbox/src/main/java/org/apache/pdfbox/cos/COSString.java,,,,,,,,,,,,,,,,,,,,,,,,,15,41,3,30,4,15,9,13,8,11,16,5,14,5,5,5,1,,,,,,3,,0,30,5,5,5,1
Public Method,"org.apache.pdfbox.cos.COSString.setForceHexForm(boolean)",pdfbox/src/main/java/org/apache/pdfbox/cos/COSString.java,,,,,,,,,,,,,,,,,,,,,,,,,6,10,0,4,1,1,6,1,1,1,2,1,1,1,1,1,1,,,,,,0,,1,50,1,1,1,1
Public Method,"org.apache.pdfbox.cos.COSString.setValue(byte[])",pdfbox/src/main/java/org/apache/pdfbox/cos/COSString.java,,,,,,,,,,,,,,,,,,,,,,,,,4,9,0,4,1,1,5,2,1,1,2,1,1,1,1,1,1,,,,,,0,,1,25,1,1,1,1
Public Method,"org.apache.pdfbox.cos.COSString.toHexString()",pdfbox/src/main/java/org/apache/pdfbox/cos/COSString.java,,,,,,,,,,,,,,,,,,,,,,,,,8,9,0,4,1,1,5,2,1,1,2,1,1,1,1,1,1,,,,,,0,,1,25,1,1,1,1
Public Method,"org.apache.pdfbox.cos.COSString.toString()",pdfbox/src/main/java/org/apache/pdfbox/cos/COSString.java,,,,,,,,,,,,,,,,,,,,,,,,,0,5,0,5,2,1,0,2,1,1,2,1,1,1,1,1,1,,,,,,0,,0,00,1,1,1,1
Public Interface,"org.apache.pdfbox.cos.COSUpdateInfo",pdfbox/src/main/java/org/apache/pdfbox/cos/COSUpdateInfo.java,1,1,1,1,10,0,4,6,1,2,3,,0,0,,,4,0,4,5,4,0,0,0,,43,4,15,5,3,24,,,4,8,5,3,,,,,1,1,1,1,1,0,0,1,60,3,3,3,3
Abstract Method,"org.apache.pdfbox.cos.COSUpdateInfo.getUpdateState()",pdfbox/src/main/java/org/apache/pdfbox/cos/COSUpdateInfo.java,,,,,,,,,,,,,,,,,,,,,,,,,12,7,0,1,1,0,6,1,0,1,1,1,0,0,0,0,0,,,,,,0,,6,00,0,0,0,0
Method,"org.apache.pdfbox.cos.COSUpdateInfo.isNeedToBeUpdated()",pdfbox/src/main/java/org/apache/pdfbox/cos/COSUpdateInfo.java,,,,,,,,,,,,,,,,,,,,,,,,,4,10,0,4,1,1,6,3,1,1,2,1,1,1,1,1,1,,,,,,0,,1,50,1,1,1,1
Method,"org.apache.pdfbox.cos.COSUpdateInfo.setNeedToBeUpdated(boolean)",pdfbox/src/main/java/org/apache/pdfbox/cos/COSUpdateInfo.java,,,,,,,,,,,,,,,,,,,,,,,,,11,10,0,4,1,1,6,2,1,1,2,1,1,1,1,1,1,,,,,,0,,1,50,1,1,1,1
Method,"org.apache.pdfbox.cos.COSUpdateInfo.toIncrement()",pdfbox/src/main/java/org/apache/pdfbox/cos/COSUpdateInfo.java,,,,,,,,,,,,,,,,,,,,,,,,,2,10,0,4,1,1,6,3,1,1,2,1,1,1,1,1,1,,,,,,0,,1,50,1,1,1,1
Public Class,"org.apache.pdfbox.cos.COSUpdateState",pdfbox/src/main/java/org/apache/pdfbox/cos/COSUpdateState.java,2,2,2,1,21,0,8,12,1,8,0,,0,0,,,13,3,13,25,8,1,0,4,,324,16,118,21,42,190,,,28,61,24,37,,,,,11,11,13,1,1,3,71,1,61,29,29,32,13
Public Constructor,"org.apache.pdfbox.cos.COSUpdateState.COSUpdateState(COSUpdateInfo)",pdfbox/src/main/java/org/apache/pdfbox/cos/COSUpdateState.java,,,,,,,,,,,,,,,,,,,,,,,,,8,9,0,4,1,1,5,2,1,1,2,1,1,1,1,1,1,,,,,,0,,1,25,1,1,1,1
Method,"org.apache.pdfbox.cos.COSUpdateState.dereferenceChild(COSBase)",pdfbox/src/main/java/org/apache/pdfbox/cos/COSUpdateState.java,,,,,,,,,,,,,,,,,,,,,,,,,3,19,0,7,1,2,12,2,2,1,3,1,2,2,2,2,1,,,,,,1,,1,71,2,2,2,1
Public Method,"org.apache.pdfbox.cos.COSUpdateState.getOriginDocumentState()",pdfbox/src/main/java/org/apache/pdfbox/cos/COSUpdateState.java,,,,,,,,,,,,,,,,,,,,,,,,,2,19,0,4,1,1,15,1,1,1,2,1,1,1,1,1,1,,,,,,0,,3,75,1,1,1,1
Method,"org.apache.pdfbox.cos.COSUpdateState.isAcceptingUpdates()",pdfbox/src/main/java/org/apache/pdfbox/cos/COSUpdateState.java,,,,,,,,,,,,,,,,,,,,,,,,,2,13,0,4,1,1,9,2,1,1,2,1,1,1,1,2,1,,,,,,0,,2,25,1,1,2,1
Public Method,"org.apache.pdfbox.cos.COSUpdateState.isUpdated()",pdfbox/src/main/java/org/apache/pdfbox/cos/COSUpdateState.java,,,,,,,,,,,,,,,,,,,,,,,,,5,10,0,4,1,1,6,1,1,1,2,1,1,1,1,1,1,,,,,,0,,1,50,1,1,1,1
Public Method,"org.apache.pdfbox.cos.COSUpdateState.setOriginDocumentState(COSDocumentState)",pdfbox/src/main/java/org/apache/pdfbox/cos/COSUpdateState.java,,,,,,,,,,,,,,,,,,,,,,,,,5,28,0,4,1,1,24,1,1,1,2,1,1,1,1,1,1,,,,,,0,,6,00,1,1,1,1
Private Method,"org.apache.pdfbox.cos.COSUpdateState.setOriginDocumentState(COSDocumentState,boolean)",pdfbox/src/main/java/org/apache/pdfbox/cos/COSUpdateState.java,,,,,,,,,,,,,,,,,,,,,,,,,6,75,1,43,5,19,31,6,19,10,23,7,16,11,11,13,1,,,,,,3,,0,72,11,11,13,1
Method,"org.apache.pdfbox.cos.COSUpdateState.toIncrement()",pdfbox/src/main/java/org/apache/pdfbox/cos/COSUpdateState.java,,,,,,,,,,,,,,,,,,,,,,,,,2,11,0,4,1,1,7,2,1,1,2,1,1,1,1,1,1,,,,,,0,,1,75,1,1,1,1
Method,"org.apache.pdfbox.cos.COSUpdateState.update()",pdfbox/src/main/java/org/apache/pdfbox/cos/COSUpdateState.java,,,,,,,,,,,,,,,,,,,,,,,,,14,12,0,4,1,1,8,1,1,1,2,1,1,1,1,1,1,,,,,,0,,2,00,1,1,1,1
Method,"org.apache.pdfbox.cos.COSUpdateState.update(COSArray)",pdfbox/src/main/java/org/apache/pdfbox/cos/COSUpdateState.java,,,,,,,,,,,,,,,,,,,,,,,,,2,18,0,4,1,1,14,1,1,1,2,1,1,1,1,1,1,,,,,,0,,3,50,1,1,1,1
Method,"org.apache.pdfbox.cos.COSUpdateState.update(COSBase)",pdfbox/src/main/java/org/apache/pdfbox/cos/COSUpdateState.java,,,,,,,,,,,,,,,,,,,,,,,,,9,22,0,8,1,3,14,3,2,2,4,1,3,2,2,2,1,,,,,,1,,1,75,2,2,2,1
Method,"org.apache.pdfbox.cos.COSUpdateState.update(Iterable<COSBase>)",pdfbox/src/main/java/org/apache/pdfbox/cos/COSUpdateState.java,,,,,,,,,,,,,,,,,,,,,,,,,5,29,0,15,1,6,14,3,4,3,8,2,6,4,4,4,1,,,,,,2,,0,93,4,4,4,1
Method,"org.apache.pdfbox.cos.COSUpdateState.update(boolean)",pdfbox/src/main/java/org/apache/pdfbox/cos/COSUpdateState.java,,,,,,,,,,,,,,,,,,,,,,,,,3,16,0,7,1,2,9,2,2,1,3,1,2,2,2,2,1,,,,,,1,,1,29,2,2,2,1
Public Interface,"org.apache.pdfbox.cos.ICOSParser",pdfbox/src/main/java/org/apache/pdfbox/cos/ICOSParser.java,0,0,0,0,0,0,0,0,0,4,1,,0,0,,,2,0,2,2,2,0,0,0,,24,3,6,4,0,15,,,2,3,3,0,,,,,0,0,0,0,0,0,0,2,50,0,0,0,0
Abstract Method,"org.apache.pdfbox.cos.ICOSParser.createRandomAccessReadView(long,long)",pdfbox/src/main/java/org/apache/pdfbox/cos/ICOSParser.java,,,,,,,,,,,,,,,,,,,,,,,,,1,10,0,2,2,0,8,1,0,1,1,1,0,0,0,0,0,,,,,,0,,4,00,0,0,0,0
Abstract Method,"org.apache.pdfbox.cos.ICOSParser.dereferenceCOSObject(COSObject)",pdfbox/src/main/java/org/apache/pdfbox/cos/ICOSParser.java,,,,,,,,,,,,,,,,,,,,,,,,,1,8,0,1,1,0,7,1,0,1,1,1,0,0,0,0,0,,,,,,0,,7,00,0,0,0,0
Public Interface,"org.apache.pdfbox.cos.ICOSVisitor",pdfbox/src/main/java/org/apache/pdfbox/cos/ICOSVisitor.java,0,0,0,0,0,0,0,0,0,11,1,,0,0,,,10,0,10,10,10,0,0,0,,82,9,13,11,0,60,,,10,11,11,0,,,,,0,0,0,0,0,0,0,4,62,0,0,0,0
Abstract Method,"org.apache.pdfbox.cos.ICOSVisitor.visitFromArray(COSArray)",pdfbox/src/main/java/org/apache/pdfbox/cos/ICOSVisitor.java,,,,,,,,,,,,,,,,,,,,,,,,,1,7,0,1,1,0,6,0,0,1,1,1,0,0,0,0,0,,,,,,0,,6,00,0,0,0,0
Abstract Method,"org.apache.pdfbox.cos.ICOSVisitor.visitFromBoolean(COSBoolean)",pdfbox/src/main/java/org/apache/pdfbox/cos/ICOSVisitor.java,,,,,,,,,,,,,,,,,,,,,,,,,1,7,0,1,1,0,6,0,0,1,1,1,0,0,0,0,0,,,,,,0,,6,00,0,0,0,0
Abstract Method,"org.apache.pdfbox.cos.ICOSVisitor.visitFromDictionary(COSDictionary)",pdfbox/src/main/java/org/apache/pdfbox/cos/ICOSVisitor.java,,,,,,,,,,,,,,,,,,,,,,,,,1,7,0,1,1,0,6,0,0,1,1,1,0,0,0,0,0,,,,,,0,,6,00,0,0,0,0
Abstract Method,"org.apache.pdfbox.cos.ICOSVisitor.visitFromDocument(COSDocument)",pdfbox/src/main/java/org/apache/pdfbox/cos/ICOSVisitor.java,,,,,,,,,,,,,,,,,,,,,,,,,1,7,0,1,1,0,6,0,0,1,1,1,0,0,0,0,0,,,,,,0,,6,00,0,0,0,0
Abstract Method,"org.apache.pdfbox.cos.ICOSVisitor.visitFromFloat(COSFloat)",pdfbox/src/main/java/org/apache/pdfbox/cos/ICOSVisitor.java,,,,,,,,,,,,,,,,,,,,,,,,,1,7,0,1,1,0,6,0,0,1,1,1,0,0,0,0,0,,,,,,0,,6,00,0,0,0,0
Abstract Method,"org.apache.pdfbox.cos.ICOSVisitor.visitFromInt(COSInteger)",pdfbox/src/main/java/org/apache/pdfbox/cos/ICOSVisitor.java,,,,,,,,,,,,,,,,,,,,,,,,,1,7,0,1,1,0,6,0,0,1,1,1,0,0,0,0,0,,,,,,0,,6,00,0,0,0,0
Abstract Method,"org.apache.pdfbox.cos.ICOSVisitor.visitFromName(COSName)",pdfbox/src/main/java/org/apache/pdfbox/cos/ICOSVisitor.java,,,,,,,,,,,,,,,,,,,,,,,,,1,7,0,1,1,0,6,0,0,1,1,1,0,0,0,0,0,,,,,,0,,6,00,0,0,0,0
Abstract Method,"org.apache.pdfbox.cos.ICOSVisitor.visitFromNull(COSNull)",pdfbox/src/main/java/org/apache/pdfbox/cos/ICOSVisitor.java,,,,,,,,,,,,,,,,,,,,,,,,,1,7,0,1,1,0,6,0,0,1,1,1,0,0,0,0,0,,,,,,0,,6,00,0,0,0,0
Abstract Method,"org.apache.pdfbox.cos.ICOSVisitor.visitFromStream(COSStream)",pdfbox/src/main/java/org/apache/pdfbox/cos/ICOSVisitor.java,,,,,,,,,,,,,,,,,,,,,,,,,1,7,0,1,1,0,6,0,0,1,1,1,0,0,0,0,0,,,,,,0,,6,00,0,0,0,0
Abstract Method,"org.apache.pdfbox.cos.ICOSVisitor.visitFromString(COSString)",pdfbox/src/main/java/org/apache/pdfbox/cos/ICOSVisitor.java,,,,,,,,,,,,,,,,,,,,,,,,,1,7,0,1,1,0,6,0,0,1,1,1,0,0,0,0,0,,,,,,0,,6,00,0,0,0,0
Final Class,"org.apache.pdfbox.cos.PDFDocEncoding",pdfbox/src/main/java/org/apache/pdfbox/cos/PDFDocEncoding.java,1,1,1,1,11,0,9,2,1,6,0,,4,3,,,1,0,5,17,0,2,0,3,,145,10,114,13,71,63,,,65,81,15,69,,,,,3,3,3,1,1,2,0,0,55,9,9,9,5
Private Constructor,"org.apache.pdfbox.cos.PDFDocEncoding.PDFDocEncoding()",pdfbox/src/main/java/org/apache/pdfbox/cos/PDFDocEncoding.java,,,,,,,,,,,,,,,,,,,,,,,,,0,3,0,3,1,0,0,1,1,0,1,1,0,1,1,1,1,,,,,,0,,0,00,1,1,1,1
Public Static Method,"org.apache.pdfbox.cos.PDFDocEncoding.containsChar(char)",pdfbox/src/main/java/org/apache/pdfbox/cos/PDFDocEncoding.java,,,,,,,,,,,,,,,,,,,,,,,,,3,9,0,4,1,1,5,2,1,1,2,1,1,1,1,1,1,,,,,,0,,1,25,1,1,1,1
Public Static Method,"org.apache.pdfbox.cos.PDFDocEncoding.getBytes(String)",pdfbox/src/main/java/org/apache/pdfbox/cos/PDFDocEncoding.java,,,,,,,,,,,,,,,,,,,,,,,,,3,20,0,17,3,8,3,7,3,5,9,4,7,3,3,3,1,,,,,,2,,0,18,3,3,3,1
Private Static Method,"org.apache.pdfbox.cos.PDFDocEncoding.set(int,char)",pdfbox/src/main/java/org/apache/pdfbox/cos/PDFDocEncoding.java,,,,,,,,,,,,,,,,,,,,,,,,,3,5,0,5,1,2,0,2,1,2,3,1,2,1,1,1,1,,,,,,0,,0,00,1,1,1,1
Public Static Method,"org.apache.pdfbox.cos.PDFDocEncoding.toString(byte[])",pdfbox/src/main/java/org/apache/pdfbox/cos/PDFDocEncoding.java,,,,,,,,,,,,,,,,,,,,,,,,,4,19,0,16,2,7,3,4,3,4,8,3,6,3,3,3,1,,,,,,2,,0,19,3,3,3,1
Class,"org.apache.pdfbox.cos.PDFDocEncodingTest",pdfbox/src/test/java/org/apache/pdfbox/cos/PDFDocEncodingTest.java,1,1,1,1,13,0,10,3,1,7,0,,0,1,,,2,0,2,14,2,0,0,0,,85,4,67,11,50,54,,,50,54,9,50,,,,,2,2,2,1,1,1,0,0,81,4,4,4,3
Method,"org.apache.pdfbox.cos.PDFDocEncodingTest.testDeviations()",pdfbox/src/test/java/org/apache/pdfbox/cos/PDFDocEncodingTest.java,,,,,,,,,,,,,,,,,,,,,,,,,2,9,0,9,3,4,0,1,1,3,4,2,3,1,1,1,1,,,,,,0,,0,00,2,2,2,2
Lambda Method,"org.apache.pdfbox.cos.PDFDocEncodingTest.testDeviations.(lambda_expr_1)(String (inferred))",pdfbox/src/test/java/org/apache/pdfbox/cos/PDFDocEncodingTest.java,,,,,,,,,,,,,,,,,,,,,,,,,1,5,0,5,1,3,0,4,1,2,2,1,2,1,1,1,1,,,,,,0,,0,00,1,1,1,1
Method,"org.apache.pdfbox.cos.PDFDocEncodingTest.testPDFBox3864()",pdfbox/src/test/java/org/apache/pdfbox/cos/PDFDocEncodingTest.java,,,,,,,,,,,,,,,,,,,,,,,,,0,17,0,11,5,5,6,5,2,6,8,5,6,2,2,2,1,,,,,,1,,0,55,2,2,2,1
Class,"org.apache.pdfbox.cos.TestCOSArray",pdfbox/src/test/java/org/apache/pdfbox/cos/TestCOSArray.java,1,1,1,1,22,1,19,0,1,11,0,,0,0,,,11,0,11,23,11,0,0,0,,261,27,221,46,174,13,,,169,181,31,168,,,,,1,1,1,1,1,0,0,0,06,12,12,12,12
Method,"org.apache.pdfbox.cos.TestCOSArray.testConvertFloat2COSStringAndBack()",pdfbox/src/test/java/org/apache/pdfbox/cos/TestCOSArray.java,,,,,,,,,,,,,,,,,,,,,,,,,0,42,7,33,6,29,2,14,1,29,30,5,28,1,1,1,1,,,,,,0,,0,06,1,1,1,1
Method,"org.apache.pdfbox.cos.TestCOSArray.testConvertInteger2COSStringAndBack()",pdfbox/src/test/java/org/apache/pdfbox/cos/TestCOSArray.java,,,,,,,,,,,,,,,,,,,,,,,,,0,27,2,24,4,20,1,12,1,20,21,3,20,1,1,1,1,,,,,,0,,0,04,1,1,1,1
Method,"org.apache.pdfbox.cos.TestCOSArray.testConvertString2COSNameAndBack()",pdfbox/src/test/java/org/apache/pdfbox/cos/TestCOSArray.java,,,,,,,,,,,,,,,,,,,,,,,,,3,16,1,15,5,11,0,9,1,10,11,3,10,1,1,1,1,,,,,,0,,0,00,1,1,1,1
Method,"org.apache.pdfbox.cos.TestCOSArray.testConvertString2COSStringAndBack()",pdfbox/src/test/java/org/apache/pdfbox/cos/TestCOSArray.java,,,,,,,,,,,,,,,,,,,,,,,,,0,16,1,15,5,11,0,8,1,10,11,3,10,1,1,1,1,,,,,,0,,0,00,1,1,1,1
Method,"org.apache.pdfbox.cos.TestCOSArray.testCreate()",pdfbox/src/test/java/org/apache/pdfbox/cos/TestCOSArray.java,,,,,,,,,,,,,,,,,,,,,,,,,4,14,1,13,3,9,0,7,1,8,9,2,8,1,1,1,1,,,,,,0,,0,00,2,2,2,2
Lambda Method,"org.apache.pdfbox.cos.TestCOSArray.testCreate.(lambda_expr_1)()",pdfbox/src/test/java/org/apache/pdfbox/cos/TestCOSArray.java,,,,,,,,,,,,,,,,,,,,,,,,,0,1,0,1,0,1,0,2,1,0,0,0,0,1,1,1,1,,,,,,0,,0,00,1,1,1,1
Method,"org.apache.pdfbox.cos.TestCOSArray.testGetSetInt()",pdfbox/src/test/java/org/apache/pdfbox/cos/TestCOSArray.java,,,,,,,,,,,,,,,,,,,,,,,,,0,21,0,21,3,17,0,9,1,17,18,2,17,1,1,1,1,,,,,,0,,0,00,1,1,1,1
Method,"org.apache.pdfbox.cos.TestCOSArray.testGetSetName()",pdfbox/src/test/java/org/apache/pdfbox/cos/TestCOSArray.java,,,,,,,,,,,,,,,,,,,,,,,,,4,21,0,21,3,17,0,8,1,17,18,2,17,1,1,1,1,,,,,,0,,0,00,1,1,1,1
Method,"org.apache.pdfbox.cos.TestCOSArray.testGetSetString()",pdfbox/src/test/java/org/apache/pdfbox/cos/TestCOSArray.java,,,,,,,,,,,,,,,,,,,,,,,,,0,21,0,21,3,17,0,9,1,17,18,2,17,1,1,1,1,,,,,,0,,0,00,1,1,1,1
Method,"org.apache.pdfbox.cos.TestCOSArray.testGrowToSize()",pdfbox/src/test/java/org/apache/pdfbox/cos/TestCOSArray.java,,,,,,,,,,,,,,,,,,,,,,,,,0,20,0,17,4,13,3,10,1,13,14,3,13,1,1,1,1,,,,,,0,,0,18,1,1,1,1
Method,"org.apache.pdfbox.cos.TestCOSArray.testRemove()",pdfbox/src/test/java/org/apache/pdfbox/cos/TestCOSArray.java,,,,,,,,,,,,,,,,,,,,,,,,,0,37,5,28,4,24,4,12,1,23,24,2,23,1,1,1,1,,,,,,0,,0,14,1,1,1,1
Method,"org.apache.pdfbox.cos.TestCOSArray.testToList()",pdfbox/src/test/java/org/apache/pdfbox/cos/TestCOSArray.java,,,,,,,,,,,,,,,,,,,,,,,,,0,10,0,10,5,6,0,7,1,5,6,3,5,1,1,1,1,,,,,,0,,0,00,1,1,1,1
Abstract Class,"org.apache.pdfbox.cos.TestCOSBase",pdfbox/src/test/java/org/apache/pdfbox/cos/TestCOSBase.java,1,1,1,1,11,0,7,4,1,4,3,,0,1,,,4,0,4,16,3,0,1,0,,49,4,27,9,8,19,,,11,16,7,9,,,,,2,2,2,1,1,1,33,0,70,4,4,4,3
Abstract Method,"org.apache.pdfbox.cos.TestCOSBase.testAccept()",pdfbox/src/test/java/org/apache/pdfbox/cos/TestCOSBase.java,,,,,,,,,,,,,,,,,,,,,,,,,0,4,0,1,1,0,3,0,0,1,1,1,0,0,0,0,0,,,,,,0,,3,00,0,0,0,0
Protected Method,"org.apache.pdfbox.cos.TestCOSBase.testByteArrays(byte[],byte[])",pdfbox/src/test/java/org/apache/pdfbox/cos/TestCOSBase.java,,,,,,,,,,,,,,,,,,,,,,,,,9,14,0,9,2,3,6,1,2,4,6,2,4,2,2,2,1,,,,,,1,,0,67,2,2,2,1
Method,"org.apache.pdfbox.cos.TestCOSBase.testGetCOSObject()",pdfbox/src/test/java/org/apache/pdfbox/cos/TestCOSBase.java,,,,,,,,,,,,,,,,,,,,,,,,,1,8,0,5,2,1,3,2,1,1,2,1,1,1,1,1,1,,,,,,0,,0,60,1,1,1,1
Method,"org.apache.pdfbox.cos.TestCOSBase.testIsSetDirect()",pdfbox/src/test/java/org/apache/pdfbox/cos/TestCOSBase.java,,,,,,,,,,,,,,,,,,,,,,,,,1,11,0,8,2,4,3,4,1,4,5,1,4,1,1,1,1,,,,,,0,,0,38,1,1,1,1
Class,"org.apache.pdfbox.cos.TestCOSBoolean",pdfbox/src/test/java/org/apache/pdfbox/cos/TestCOSBoolean.java,1,1,1,1,11,0,10,0,1,11,0,,1,0,,,5,2,6,22,6,0,0,0,,83,7,69,22,37,7,,,35,43,15,30,,,,,2,2,2,1,2,1,33,0,10,7,7,7,6
Static Method,"org.apache.pdfbox.cos.TestCOSBoolean.setUp()",pdfbox/src/test/java/org/apache/pdfbox/cos/TestCOSBoolean.java,,,,,,,,,,,,,,,,,,,,,,,,,1,5,0,5,2,1,0,1,1,1,2,1,1,1,1,1,1,,,,,,0,,0,00,1,1,1,1
Method,"org.apache.pdfbox.cos.TestCOSBoolean.testAccept()",pdfbox/src/test/java/org/apache/pdfbox/cos/TestCOSBoolean.java,,,,,,,,,,,,,,,,,,,,,,,,,4,21,0,21,6,12,0,10,2,10,12,4,10,2,2,2,1,,,,,,1,,0,00,2,2,2,1
Method,"org.apache.pdfbox.cos.TestCOSBoolean.testEquals()",pdfbox/src/test/java/org/apache/pdfbox/cos/TestCOSBoolean.java,,,,,,,,,,,,,,,,,,,,,,,,,4,23,1,18,5,14,4,2,1,14,15,4,11,1,1,1,1,,,,,,0,,0,22,1,1,1,1
Method,"org.apache.pdfbox.cos.TestCOSBoolean.testGetBoolean()",pdfbox/src/test/java/org/apache/pdfbox/cos/TestCOSBoolean.java,,,,,,,,,,,,,,,,,,,,,,,,,4,6,0,6,2,2,0,2,1,2,3,1,2,1,1,1,1,,,,,,0,,0,00,1,1,1,1
Method,"org.apache.pdfbox.cos.TestCOSBoolean.testGetValue()",pdfbox/src/test/java/org/apache/pdfbox/cos/TestCOSBoolean.java,,,,,,,,,,,,,,,,,,,,,,,,,2,6,0,6,2,2,0,3,1,2,3,1,2,1,1,1,1,,,,,,0,,0,00,1,1,1,1
Method,"org.apache.pdfbox.cos.TestCOSBoolean.testGetValueAsObject()",pdfbox/src/test/java/org/apache/pdfbox/cos/TestCOSBoolean.java,,,,,,,,,,,,,,,,,,,,,,,,,4,8,0,8,2,4,0,3,1,4,5,1,4,1,1,1,1,,,,,,0,,0,00,1,1,1,1
Class,"org.apache.pdfbox.cos.TestCOSFloat",pdfbox/src/test/java/org/apache/pdfbox/cos/TestCOSFloat.java,1,1,1,1,12,1,9,2,1,18,0,,1,0,,,15,0,16,38,14,2,0,0,,393,63,285,93,133,46,,,118,160,71,116,,,,,3,3,5,1,3,2,0,0,16,23,23,25,20
Class,"org.apache.pdfbox.cos.TestCOSFloat.AcceptTester",pdfbox/src/test/java/org/apache/pdfbox/cos/TestCOSFloat.java,2,2,2,1,16,0,16,0,1,10,0,,0,0,,,1,2,1,17,1,0,0,0,,23,2,21,6,10,0,,,8,11,5,9,,,,,2,2,2,1,2,1,0,0,00,2,2,2,1
Method,"org.apache.pdfbox.cos.TestCOSFloat.AcceptTester.runTest(float)",pdfbox/src/test/java/org/apache/pdfbox/cos/TestCOSFloat.java,,,,,,,,,,,,,,,,,,,,,,,,,5,16,0,16,3,8,0,12,2,6,8,2,7,2,2,2,1,,,,,,1,,0,00,2,2,2,1
Abstract Class,"org.apache.pdfbox.cos.TestCOSFloat.BaseTester",pdfbox/src/test/java/org/apache/pdfbox/cos/TestCOSFloat.java,1,1,1,1,10,0,9,0,1,4,7,,0,0,,,4,3,4,16,1,1,0,2,,51,6,34,10,15,11,,,15,21,11,12,,,,,3,3,3,1,1,2,33,0,32,5,5,5,3
Private Method,"org.apache.pdfbox.cos.TestCOSFloat.BaseTester.loop(long)",pdfbox/src/test/java/org/apache/pdfbox/cos/TestCOSFloat.java,,,,,,,,,,,,,,,,,,,,,,,,,6,16,0,16,3,7,0,5,3,6,9,4,7,3,3,3,1,,,,,,2,,0,00,3,3,3,1
Abstract Method,"org.apache.pdfbox.cos.TestCOSFloat.BaseTester.runTest(float)",pdfbox/src/test/java/org/apache/pdfbox/cos/TestCOSFloat.java,,,,,,,,,,,,,,,,,,,,,,,,,1,1,0,1,1,0,0,0,0,1,1,1,0,0,0,0,0,,,,,,0,,0,00,0,0,0,0
Public Method,"org.apache.pdfbox.cos.TestCOSFloat.BaseTester.runTests()",pdfbox/src/test/java/org/apache/pdfbox/cos/TestCOSFloat.java,,,,,,,,,,,,,,,,,,,,,,,,,7,8,1,5,1,2,2,2,1,2,3,1,2,1,1,1,1,,,,,,0,,0,40,1,1,1,1
Public Method,"org.apache.pdfbox.cos.TestCOSFloat.BaseTester.setLoop(int,int,int)",pdfbox/src/test/java/org/apache/pdfbox/cos/TestCOSFloat.java,,,,,,,,,,,,,,,,,,,,,,,,,4,6,0,6,1,3,0,3,1,3,4,1,3,1,1,1,1,,,,,,0,,0,00,1,1,1,1
Class,"org.apache.pdfbox.cos.TestCOSFloat.FloatValueTester",pdfbox/src/test/java/org/apache/pdfbox/cos/TestCOSFloat.java,1,1,1,1,6,0,6,0,1,2,0,,0,0,,,1,0,1,17,1,0,0,0,,11,2,9,4,2,0,,,2,4,3,2,,,,,1,1,1,1,2,0,0,0,00,1,1,1,1
Method,"org.apache.pdfbox.cos.TestCOSFloat.FloatValueTester.runTest(float)",pdfbox/src/test/java/org/apache/pdfbox/cos/TestCOSFloat.java,,,,,,,,,,,,,,,,,,,,,,,,,1,6,0,6,3,2,0,3,1,2,3,2,2,1,1,1,1,,,,,,0,,0,00,1,1,1,1
Class,"org.apache.pdfbox.cos.TestCOSFloat.HashCodeTester",pdfbox/src/test/java/org/apache/pdfbox/cos/TestCOSFloat.java,1,1,1,1,11,1,10,0,1,3,0,,0,0,,,1,0,1,17,1,0,0,0,,15,2,13,7,6,0,,,6,8,6,6,,,,,1,1,1,1,2,0,0,0,00,1,1,1,1
Method,"org.apache.pdfbox.cos.TestCOSFloat.HashCodeTester.runTest(float)",pdfbox/src/test/java/org/apache/pdfbox/cos/TestCOSFloat.java,,,,,,,,,,,,,,,,,,,,,,,,,1,11,1,10,6,6,0,6,1,6,7,5,6,1,1,1,1,,,,,,0,,0,00,1,1,1,1
Class,"org.apache.pdfbox.cos.TestCOSFloat.IntValueTester",pdfbox/src/test/java/org/apache/pdfbox/cos/TestCOSFloat.java,1,1,1,1,6,0,6,0,1,2,0,,0,0,,,1,0,1,17,1,0,0,0,,11,2,9,4,2,0,,,2,4,3,2,,,,,1,1,1,1,2,0,0,0,00,1,1,1,1
Method,"org.apache.pdfbox.cos.TestCOSFloat.IntValueTester.runTest(float)",pdfbox/src/test/java/org/apache/pdfbox/cos/TestCOSFloat.java,,,,,,,,,,,,,,,,,,,,,,,,,1,6,0,6,3,2,0,3,1,2,3,2,2,1,1,1,1,,,,,,0,,0,00,1,1,1,1
Class,"org.apache.pdfbox.cos.TestCOSFloat.LongValueTester",pdfbox/src/test/java/org/apache/pdfbox/cos/TestCOSFloat.java,1,1,1,1,6,0,6,0,1,2,0,,0,0,,,1,0,1,17,1,0,0,0,,11,2,9,4,2,0,,,2,4,3,2,,,,,1,1,1,1,2,0,0,0,00,1,1,1,1
Method,"org.apache.pdfbox.cos.TestCOSFloat.LongValueTester.runTest(float)",pdfbox/src/test/java/org/apache/pdfbox/cos/TestCOSFloat.java,,,,,,,,,,,,,,,,,,,,,,,,,1,6,0,6,3,2,0,3,1,2,3,2,2,1,1,1,1,,,,,,0,,0,00,1,1,1,1
Class,"org.apache.pdfbox.cos.TestCOSFloat.WritePDFTester",pdfbox/src/test/java/org/apache/pdfbox/cos/TestCOSFloat.java,1,1,1,1,14,1,13,0,1,9,0,,0,0,,,2,1,2,18,2,0,0,0,,36,6,30,7,16,0,,,13,17,6,14,,,,,2,2,2,1,2,1,50,0,00,3,3,3,2
Constructor,"org.apache.pdfbox.cos.TestCOSFloat.WritePDFTester.WritePDFTester()",pdfbox/src/test/java/org/apache/pdfbox/cos/TestCOSFloat.java,,,,,,,,,,,,,,,,,,,,,,,,,1,4,0,4,1,1,0,2,1,1,2,1,1,1,1,1,1,,,,,,0,,0,00,1,1,1,1
Method,"org.apache.pdfbox.cos.TestCOSFloat.WritePDFTester.runTest(float)",pdfbox/src/test/java/org/apache/pdfbox/cos/TestCOSFloat.java,,,,,,,,,,,,,,,,,,,,,,,,,5,25,3,22,4,14,0,13,2,11,13,3,12,2,2,2,1,,,,,,1,,0,00,2,2,2,1
Private Method,"org.apache.pdfbox.cos.TestCOSFloat.floatToString(float)",pdfbox/src/test/java/org/apache/pdfbox/cos/TestCOSFloat.java,,,,,,,,,,,,,,,,,,,,,,,,,3,6,0,4,1,1,2,5,1,1,2,1,1,1,1,1,1,,,,,,0,,0,50,1,1,1,1
Private Method,"org.apache.pdfbox.cos.TestCOSFloat.removeTrailingNull(String)",pdfbox/src/test/java/org/apache/pdfbox/cos/TestCOSFloat.java,,,,,,,,,,,,,,,,,,,,,,,,,2,12,0,11,1,4,1,5,3,2,5,1,4,3,3,5,1,,,,,,2,,0,09,3,3,5,1
Static Method,"org.apache.pdfbox.cos.TestCOSFloat.setUp()",pdfbox/src/test/java/org/apache/pdfbox/cos/TestCOSFloat.java,,,,,,,,,,,,,,,,,,,,,,,,,0,12,0,12,2,4,0,3,2,2,4,1,3,2,2,2,1,,,,,,1,,0,00,2,2,2,1
Method,"org.apache.pdfbox.cos.TestCOSFloat.testAccept()",pdfbox/src/test/java/org/apache/pdfbox/cos/TestCOSFloat.java,,,,,,,,,,,,,,,,,,,,,,,,,0,6,0,6,3,1,0,1,1,1,2,1,1,1,1,1,1,,,,,,0,,0,00,1,1,1,1
Method,"org.apache.pdfbox.cos.TestCOSFloat.testDoubleNegative()",pdfbox/src/test/java/org/apache/pdfbox/cos/TestCOSFloat.java,,,,,,,,,,,,,,,,,,,,,,,,,0,7,0,6,3,2,1,3,1,2,3,2,2,1,1,1,1,,,,,,0,,0,17,1,1,1,1
Method,"org.apache.pdfbox.cos.TestCOSFloat.testDuplicateMisplacedNegative()",pdfbox/src/test/java/org/apache/pdfbox/cos/TestCOSFloat.java,,,,,,,,,,,,,,,,,,,,,,,,,4,8,0,8,2,4,0,1,1,4,5,1,4,1,1,1,1,,,,,,0,,0,00,5,5,5,5
Lambda Method,"org.apache.pdfbox.cos.TestCOSFloat.testDuplicateMisplacedNegative.(lambda_expr_1)()",pdfbox/src/test/java/org/apache/pdfbox/cos/TestCOSFloat.java,,,,,,,,,,,,,,,,,,,,,,,,,0,1,0,1,0,1,0,2,1,0,0,0,0,1,1,1,1,,,,,,0,,0,00,1,1,1,1
Lambda Method,"org.apache.pdfbox.cos.TestCOSFloat.testDuplicateMisplacedNegative.(lambda_expr_2)()",pdfbox/src/test/java/org/apache/pdfbox/cos/TestCOSFloat.java,,,,,,,,,,,,,,,,,,,,,,,,,0,1,0,1,0,1,0,2,1,0,0,0,0,1,1,1,1,,,,,,0,,0,00,1,1,1,1
Lambda Method,"org.apache.pdfbox.cos.TestCOSFloat.testDuplicateMisplacedNegative.(lambda_expr_3)()",pdfbox/src/test/java/org/apache/pdfbox/cos/TestCOSFloat.java,,,,,,,,,,,,,,,,,,,,,,,,,0,1,0,1,0,1,0,2,1,0,0,0,0,1,1,1,1,,,,,,0,,0,00,1,1,1,1
Lambda Method,"org.apache.pdfbox.cos.TestCOSFloat.testDuplicateMisplacedNegative.(lambda_expr_4)()",pdfbox/src/test/java/org/apache/pdfbox/cos/TestCOSFloat.java,,,,,,,,,,,,,,,,,,,,,,,,,0,1,0,1,0,1,0,2,1,0,0,0,0,1,1,1,1,,,,,,0,,0,00,1,1,1,1
Method,"org.apache.pdfbox.cos.TestCOSFloat.testEquals()",pdfbox/src/test/java/org/apache/pdfbox/cos/TestCOSFloat.java,,,,,,,,,,,,,,,,,,,,,,,,,0,34,2,24,7,17,9,1,1,13,15,7,13,1,1,1,1,,,,,,0,,0,38,1,1,1,1
Anonymous Class,"org.apache.pdfbox.cos.TestCOSFloat.testEquals.(Anon_1)",pdfbox/src/test/java/org/apache/pdfbox/cos/TestCOSFloat.java,1,1,1,1,22,2,17,4,1,4,0,,0,0,,,1,0,1,17,1,0,0,0,,23,2,18,5,15,4,,,12,13,6,12,,,,,1,1,1,1,2,0,0,0,22,1,1,1,1
Method,"org.apache.pdfbox.cos.TestCOSFloat.testEquals.(Anon_1).runTest(float)",pdfbox/src/test/java/org/apache/pdfbox/cos/TestCOSFloat.java,,,,,,,,,,,,,,,,,,,,,,,,,1,22,2,17,5,15,4,5,1,12,13,6,12,1,1,1,1,,,,,,0,,0,24,1,1,1,1
Method,"org.apache.pdfbox.cos.TestCOSFloat.testFloatValue()",pdfbox/src/test/java/org/apache/pdfbox/cos/TestCOSFloat.java,,,,,,,,,,,,,,,,,,,,,,,,,0,6,0,6,3,1,0,1,1,1,2,1,1,1,1,1,1,,,,,,0,,0,00,1,1,1,1
Method,"org.apache.pdfbox.cos.TestCOSFloat.testHashCode()",pdfbox/src/test/java/org/apache/pdfbox/cos/TestCOSFloat.java,,,,,,,,,,,,,,,,,,,,,,,,,0,9,0,5,2,1,4,1,1,1,2,1,1,1,1,1,1,,,,,,0,,0,80,1,1,1,1
Method,"org.apache.pdfbox.cos.TestCOSFloat.testIntValue()",pdfbox/src/test/java/org/apache/pdfbox/cos/TestCOSFloat.java,,,,,,,,,,,,,,,,,,,,,,,,,0,6,0,6,3,1,0,1,1,1,2,1,1,1,1,1,1,,,,,,0,,0,00,1,1,1,1
Method,"org.apache.pdfbox.cos.TestCOSFloat.testLongValue()",pdfbox/src/test/java/org/apache/pdfbox/cos/TestCOSFloat.java,,,,,,,,,,,,,,,,,,,,,,,,,0,6,0,6,3,1,0,1,1,1,2,1,1,1,1,1,1,,,,,,0,,0,00,1,1,1,1
Method,"org.apache.pdfbox.cos.TestCOSFloat.testMisplacedNegative()",pdfbox/src/test/java/org/apache/pdfbox/cos/TestCOSFloat.java,,,,,,,,,,,,,,,,,,,,,,,,,0,12,2,8,3,4,2,2,1,4,5,2,4,1,1,1,1,,,,,,0,,0,25,1,1,1,1
Method,"org.apache.pdfbox.cos.TestCOSFloat.testStubOperatorMinMaxValues()",pdfbox/src/test/java/org/apache/pdfbox/cos/TestCOSFloat.java,,,,,,,,,,,,,,,,,,,,,,,,,0,9,1,8,4,4,0,3,1,4,5,3,2,1,1,1,1,,,,,,0,,0,00,1,1,1,1
Method,"org.apache.pdfbox.cos.TestCOSFloat.testVeryLargeValues()",pdfbox/src/test/java/org/apache/pdfbox/cos/TestCOSFloat.java,,,,,,,,,,,,,,,,,,,,,,,,,2,30,6,20,5,16,4,7,1,15,16,4,14,1,1,1,1,,,,,,0,,0,20,1,1,1,1
Method,"org.apache.pdfbox.cos.TestCOSFloat.testVerySmallValues()",pdfbox/src/test/java/org/apache/pdfbox/cos/TestCOSFloat.java,,,,,,,,,,,,,,,,,,,,,,,,,1,30,6,20,5,16,4,7,1,15,16,4,14,1,1,1,1,,,,,,0,,0,20,1,1,1,1
Method,"org.apache.pdfbox.cos.TestCOSFloat.testWritePDF()",pdfbox/src/test/java/org/apache/pdfbox/cos/TestCOSFloat.java,,,,,,,,,,,,,,,,,,,,,,,,,0,13,1,7,3,3,5,3,1,3,4,2,3,1,1,1,1,,,,,,0,,0,71,1,1,1,1
Class,"org.apache.pdfbox.cos.TestCOSIncrement",pdfbox/src/test/java/org/apache/pdfbox/cos/TestCOSIncrement.java,4,4,4,1,75,3,63,8,1,27,0,,0,0,,,3,0,3,15,2,1,0,0,,234,15,193,13,136,27,,,80,96,9,91,,,,,9,9,9,1,1,2,0,0,14,14,14,14,5
Private Method,"org.apache.pdfbox.cos.TestCOSIncrement.loadDocument(byte[])",pdfbox/src/test/java/org/apache/pdfbox/cos/TestCOSIncrement.java,,,,,,,,,,,,,,,,,,,,,,,,,2,4,0,4,1,1,0,2,1,1,2,1,1,1,1,1,1,,,,,,0,,0,00,2,2,2,2
Lambda Method,"org.apache.pdfbox.cos.TestCOSIncrement.loadDocument.(lambda_expr_1)()",pdfbox/src/test/java/org/apache/pdfbox/cos/TestCOSIncrement.java,,,,,,,,,,,,,,,,,,,,,,,,,1,1,0,1,0,1,0,2,1,0,0,0,0,1,1,1,1,,,,,,0,,0,00,1,1,1,1
Method,"org.apache.pdfbox.cos.TestCOSIncrement.testConcurrentModification()",pdfbox/src/test/java/org/apache/pdfbox/cos/TestCOSIncrement.java,,,,,,,,,,,,,,,,,,,,,,,,,1,25,1,18,4,7,7,8,2,4,7,2,6,2,2,2,1,,,,,,2,,0,39,2,2,2,1
Method,"org.apache.pdfbox.cos.TestCOSIncrement.testIncrementallyCreateDocument()",pdfbox/src/test/java/org/apache/pdfbox/cos/TestCOSIncrement.java,,,,,,,,,,,,,,,,,,,,,,,,,3,197,10,168,7,128,19,49,256,75,86,5,84,9,9,9,1,,,,,,2,,0,11,10,10,10,2
Lambda Method,"org.apache.pdfbox.cos.TestCOSIncrement.testIncrementallyCreateDocument.(lambda_expr_1)()",pdfbox/src/test/java/org/apache/pdfbox/cos/TestCOSIncrement.java,,,,,,,,,,,,,,,,,,,,,,,,,0,1,0,1,1,1,0,3,1,0,0,0,0,1,1,1,1,,,,,,0,,0,00,1,1,1,1
Class,"org.apache.pdfbox.cos.TestCOSInteger",pdfbox/src/test/java/org/apache/pdfbox/cos/TestCOSInteger.java,2,2,2,1,16,0,14,2,1,12,0,,1,0,,,7,0,8,30,8,0,0,0,,146,9,116,35,51,21,,,52,71,30,53,,,,,3,3,3,1,3,2,0,0,18,18,18,18,8
Static Method,"org.apache.pdfbox.cos.TestCOSInteger.setUp()",pdfbox/src/test/java/org/apache/pdfbox/cos/TestCOSInteger.java,,,,,,,,,,,,,,,,,,,,,,,,,0,12,0,12,2,4,0,3,2,2,4,1,3,2,2,2,1,,,,,,1,,0,00,2,2,2,1
Method,"org.apache.pdfbox.cos.TestCOSInteger.testAccept()",pdfbox/src/test/java/org/apache/pdfbox/cos/TestCOSInteger.java,,,,,,,,,,,,,,,,,,,,,,,,,2,23,0,23,7,12,0,11,3,11,14,6,11,3,3,3,1,,,,,,2,,0,00,3,3,3,1
Method,"org.apache.pdfbox.cos.TestCOSInteger.testEquals()",pdfbox/src/test/java/org/apache/pdfbox/cos/TestCOSInteger.java,,,,,,,,,,,,,,,,,,,,,,,,,0,28,1,18,6,12,9,3,2,13,15,6,13,2,2,2,1,,,,,,1,,0,50,2,2,2,1
Method,"org.apache.pdfbox.cos.TestCOSInteger.testFloatValue()",pdfbox/src/test/java/org/apache/pdfbox/cos/TestCOSInteger.java,,,,,,,,,,,,,,,,,,,,,,,,,0,9,0,9,3,2,0,3,2,3,5,2,3,2,2,2,1,,,,,,1,,0,00,2,2,2,1
Method,"org.apache.pdfbox.cos.TestCOSInteger.testHashCode()",pdfbox/src/test/java/org/apache/pdfbox/cos/TestCOSInteger.java,,,,,,,,,,,,,,,,,,,,,,,,,0,17,1,12,5,6,4,4,2,7,9,5,7,2,2,2,1,,,,,,1,,0,33,2,2,2,1
Method,"org.apache.pdfbox.cos.TestCOSInteger.testIntValue()",pdfbox/src/test/java/org/apache/pdfbox/cos/TestCOSInteger.java,,,,,,,,,,,,,,,,,,,,,,,,,0,9,0,9,3,2,0,3,2,3,5,2,3,2,2,2,1,,,,,,1,,0,00,2,2,2,1
Method,"org.apache.pdfbox.cos.TestCOSInteger.testLongValue()",pdfbox/src/test/java/org/apache/pdfbox/cos/TestCOSInteger.java,,,,,,,,,,,,,,,,,,,,,,,,,0,9,0,9,3,2,0,3,2,3,5,2,3,2,2,2,1,,,,,,1,,0,00,2,2,2,1
Method,"org.apache.pdfbox.cos.TestCOSInteger.testWritePDF()",pdfbox/src/test/java/org/apache/pdfbox/cos/TestCOSInteger.java,,,,,,,,,,,,,,,,,,,,,,,,,2,24,0,21,5,11,3,10,3,10,13,5,10,3,3,3,1,,,,,,2,,0,14,3,3,3,1
Class,"org.apache.pdfbox.cos.TestCOSName",pdfbox/src/test/java/org/apache/pdfbox/cos/TestCOSName.java,1,1,1,1,26,2,19,5,1,10,0,,0,0,,,1,0,1,13,1,0,0,0,,30,3,22,7,11,5,,,9,13,6,10,,,,,1,1,1,1,1,1,0,0,23,1,1,1,1
Method,"org.apache.pdfbox.cos.TestCOSName.PDFBox4076()",pdfbox/src/test/java/org/apache/pdfbox/cos/TestCOSName.java,,,,,,,,,,,,,,,,,,,,,,,,,0,26,2,19,6,11,5,15,1,9,12,5,10,1,1,1,1,,,,,,1,,0,26,1,1,1,1
Abstract Class,"org.apache.pdfbox.cos.TestCOSNumber",pdfbox/src/test/java/org/apache/pdfbox/cos/TestCOSNumber.java,1,1,1,1,26,1,19,5,1,9,2,,0,0,,,6,0,6,22,5,0,0,1,,103,9,65,11,40,29,,,39,45,9,37,,,,,2,2,2,1,2,1,0,0,45,7,7,7,5
Abstract Method,"org.apache.pdfbox.cos.TestCOSNumber.testFloatValue()",pdfbox/src/test/java/org/apache/pdfbox/cos/TestCOSNumber.java,,,,,,,,,,,,,,,,,,,,,,,,,0,4,0,1,1,0,3,0,0,1,1,1,0,0,0,0,0,,,,,,0,,3,00,0,0,0,0
Method,"org.apache.pdfbox.cos.TestCOSNumber.testGet()",pdfbox/src/test/java/org/apache/pdfbox/cos/TestCOSNumber.java,,,,,,,,,,,,,,,,,,,,,,,,,7,38,2,28,2,20,8,8,2,18,20,1,19,2,2,2,1,,,,,,1,,0,29,4,4,4,3
Lambda Method,"org.apache.pdfbox.cos.TestCOSNumber.testGet.(lambda_expr_1)()",pdfbox/src/test/java/org/apache/pdfbox/cos/TestCOSNumber.java,,,,,,,,,,,,,,,,,,,,,,,,,0,1,0,1,0,1,0,2,1,0,0,0,0,1,1,1,1,,,,,,0,,0,00,1,1,1,1
Lambda Method,"org.apache.pdfbox.cos.TestCOSNumber.testGet.(lambda_expr_2)()",pdfbox/src/test/java/org/apache/pdfbox/cos/TestCOSNumber.java,,,,,,,,,,,,,,,,,,,,,,,,,0,1,0,1,0,1,0,2,1,0,0,0,0,1,1,1,1,,,,,,0,,0,00,1,1,1,1
Abstract Method,"org.apache.pdfbox.cos.TestCOSNumber.testIntValue()",pdfbox/src/test/java/org/apache/pdfbox/cos/TestCOSNumber.java,,,,,,,,,,,,,,,,,,,,,,,,,0,4,0,1,1,0,3,0,0,1,1,1,0,0,0,0,0,,,,,,0,,3,00,0,0,0,0
Method,"org.apache.pdfbox.cos.TestCOSNumber.testInvalidNumber()",pdfbox/src/test/java/org/apache/pdfbox/cos/TestCOSNumber.java,,,,,,,,,,,,,,,,,,,,,,,,,0,12,0,12,2,4,0,2,2,2,4,1,3,2,2,2,1,,,,,,1,,0,00,2,2,2,1
Public Method,"org.apache.pdfbox.cos.TestCOSNumber.testLargeNumber()",pdfbox/src/test/java/org/apache/pdfbox/cos/TestCOSNumber.java,,,,,,,,,,,,,,,,,,,,,,,,,2,29,1,19,3,16,9,5,1,16,17,3,15,1,1,1,1,,,,,,0,,0,47,1,1,1,1
Abstract Method,"org.apache.pdfbox.cos.TestCOSNumber.testLongValue()",pdfbox/src/test/java/org/apache/pdfbox/cos/TestCOSNumber.java,,,,,,,,,,,,,,,,,,,,,,,,,0,4,0,1,1,0,3,0,0,1,1,1,0,0,0,0,0,,,,,,0,,3,00,0,0,0,0
Class,"org.apache.pdfbox.cos.TestCOSStream",pdfbox/src/test/java/org/apache/pdfbox/cos/TestCOSStream.java,1,1,1,1,13,0,10,3,1,18,0,,0,0,,,12,0,12,24,8,4,0,0,,180,19,124,50,67,37,,,60,78,41,65,,,,,1,1,1,1,1,2,0,0,30,13,13,13,13
Private Method,"org.apache.pdfbox.cos.TestCOSStream.createStream(byte[],COSBase)",pdfbox/src/test/java/org/apache/pdfbox/cos/TestCOSStream.java,,,,,,,,,,,,,,,,,,,,,,,,,6,9,0,9,2,4,0,4,1,3,5,2,4,1,1,1,1,,,,,,1,,0,00,1,1,1,1
Private Method,"org.apache.pdfbox.cos.TestCOSStream.encodeData(byte[],COSName)",pdfbox/src/test/java/org/apache/pdfbox/cos/TestCOSStream.java,,,,,,,,,,,,,,,,,,,,,,,,,8,7,0,7,3,4,0,7,1,4,5,3,4,1,1,1,1,,,,,,0,,0,00,1,1,1,1
Method,"org.apache.pdfbox.cos.TestCOSStream.testCompressedStream1Decode()",pdfbox/src/test/java/org/apache/pdfbox/cos/TestCOSStream.java,,,,,,,,,,,,,,,,,,,,,,,,,3,20,2,13,5,7,5,7,1,6,8,4,7,1,1,1,1,,,,,,1,,0,38,1,1,1,1
Method,"org.apache.pdfbox.cos.TestCOSStream.testCompressedStream1Encode()",pdfbox/src/test/java/org/apache/pdfbox/cos/TestCOSStream.java,,,,,,,,,,,,,,,,,,,,,,,,,2,13,0,8,5,4,5,4,1,4,5,4,4,1,1,1,1,,,,,,0,,0,62,1,1,1,1
Method,"org.apache.pdfbox.cos.TestCOSStream.testCompressedStream2Decode()",pdfbox/src/test/java/org/apache/pdfbox/cos/TestCOSStream.java,,,,,,,,,,,,,,,,,,,,,,,,,4,25,3,17,6,11,5,9,1,10,12,5,11,1,1,1,1,,,,,,1,,0,29,1,1,1,1
Method,"org.apache.pdfbox.cos.TestCOSStream.testCompressedStream2Encode()",pdfbox/src/test/java/org/apache/pdfbox/cos/TestCOSStream.java,,,,,,,,,,,,,,,,,,,,,,,,,3,19,2,12,6,8,5,6,1,8,9,5,8,1,1,1,1,,,,,,0,,0,42,1,1,1,1
Method,"org.apache.pdfbox.cos.TestCOSStream.testCompressedStreamDoubleClose()",pdfbox/src/test/java/org/apache/pdfbox/cos/TestCOSStream.java,,,,,,,,,,,,,,,,,,,,,,,,,2,19,0,12,6,8,7,7,1,8,9,5,8,1,1,1,1,,,,,,0,,0,58,1,1,1,1
Method,"org.apache.pdfbox.cos.TestCOSStream.testHasStreamData()",pdfbox/src/test/java/org/apache/pdfbox/cos/TestCOSStream.java,,,,,,,,,,,,,,,,,,,,,,,,,2,18,1,17,4,9,0,8,1,5,8,2,7,1,1,1,1,,,,,,2,,0,00,2,2,2,2
Lambda Method,"org.apache.pdfbox.cos.TestCOSStream.testHasStreamData.(lambda_expr_1)()",pdfbox/src/test/java/org/apache/pdfbox/cos/TestCOSStream.java,,,,,,,,,,,,,,,,,,,,,,,,,0,1,0,1,0,1,0,2,1,0,0,0,0,1,1,1,1,,,,,,0,,0,00,1,1,1,1
Method,"org.apache.pdfbox.cos.TestCOSStream.testUncompressedStreamDecode()",pdfbox/src/test/java/org/apache/pdfbox/cos/TestCOSStream.java,,,,,,,,,,,,,,,,,,,,,,,,,1,12,0,7,4,3,5,3,1,3,4,3,3,1,1,1,1,,,,,,0,,0,71,1,1,1,1
Method,"org.apache.pdfbox.cos.TestCOSStream.testUncompressedStreamEncode()",pdfbox/src/test/java/org/apache/pdfbox/cos/TestCOSStream.java,,,,,,,,,,,,,,,,,,,,,,,,,1,12,0,7,4,3,5,3,1,3,4,3,3,1,1,1,1,,,,,,0,,0,71,1,1,1,1
Private Method,"org.apache.pdfbox.cos.TestCOSStream.validateDecoded(COSStream,byte[])",pdfbox/src/test/java/org/apache/pdfbox/cos/TestCOSStream.java,,,,,,,,,,,,,,,,,,,,,,,,,5,6,0,6,2,3,0,5,1,3,4,2,3,1,1,1,1,,,,,,0,,0,00,1,1,1,1
Private Method,"org.apache.pdfbox.cos.TestCOSStream.validateEncoded(COSStream,byte[])",pdfbox/src/test/java/org/apache/pdfbox/cos/TestCOSStream.java,,,,,,,,,,,,,,,,,,,,,,,,,6,6,0,6,2,3,0,5,1,3,4,2,3,1,1,1,1,,,,,,0,,0,00,1,1,1,1
Class,"org.apache.pdfbox.cos.TestCOSString",pdfbox/src/test/java/org/apache/pdfbox/cos/TestCOSString.java,1,1,1,1,19,1,14,4,1,17,0,,1,2,,,14,0,15,31,13,2,0,0,,321,32,219,80,134,72,,,125,151,67,120,,,,,3,3,3,1,2,1,0,0,33,23,23,23,16
Private Method,"org.apache.pdfbox.cos.TestCOSString.createHex(String)",pdfbox/src/test/java/org/apache/pdfbox/cos/TestCOSString.java,,,,,,,,,,,,,,,,,,,,,,,,,6,9,0,9,2,4,0,7,2,3,6,3,4,2,2,2,1,,,,,,1,,0,00,2,2,2,1
Static Method,"org.apache.pdfbox.cos.TestCOSString.setUp()",pdfbox/src/test/java/org/apache/pdfbox/cos/TestCOSString.java,,,,,,,,,,,,,,,,,,,,,,,,,0,5,0,5,2,1,0,2,1,1,2,1,1,1,1,1,1,,,,,,0,,0,00,1,1,1,1
Method,"org.apache.pdfbox.cos.TestCOSString.testAccept()",pdfbox/src/test/java/org/apache/pdfbox/cos/TestCOSString.java,,,,,,,,,,,,,,,,,,,,,,,,,2,14,0,14,6,9,0,9,1,9,10,4,9,1,1,1,1,,,,,,0,,0,00,1,1,1,1
Method,"org.apache.pdfbox.cos.TestCOSString.testCompareFromHexString()",pdfbox/src/test/java/org/apache/pdfbox/cos/TestCOSString.java,,,,,,,,,,,,,,,,,,,,,,,,,0,20,0,14,5,9,7,8,1,9,10,3,9,1,1,1,1,,,,,,0,,0,50,1,1,1,1
Method,"org.apache.pdfbox.cos.TestCOSString.testEmptyStringWithBOM()",pdfbox/src/test/java/org/apache/pdfbox/cos/TestCOSString.java,,,,,,,,,,,,,,,,,,,,,,,,,0,11,0,6,2,2,5,4,1,2,3,1,2,1,1,1,1,,,,,,0,,0,83,1,1,1,1
Method,"org.apache.pdfbox.cos.TestCOSString.testEquals()",pdfbox/src/test/java/org/apache/pdfbox/cos/TestCOSString.java,,,,,,,,,,,,,,,,,,,,,,,,,0,34,2,23,6,17,9,4,2,18,20,6,18,2,2,2,1,,,,,,1,,0,39,2,2,2,1
Method,"org.apache.pdfbox.cos.TestCOSString.testFromHex()",pdfbox/src/test/java/org/apache/pdfbox/cos/TestCOSString.java,,,,,,,,,,,,,,,,,,,,,,,,,4,22,0,19,6,11,3,6,2,8,10,5,8,2,2,2,1,,,,,,1,,0,16,3,3,3,2
Lambda Method,"org.apache.pdfbox.cos.TestCOSString.testFromHex.(lambda_expr_1)()",pdfbox/src/test/java/org/apache/pdfbox/cos/TestCOSString.java,,,,,,,,,,,,,,,,,,,,,,,,,0,1,0,1,0,1,0,2,1,0,0,0,0,1,1,1,1,,,,,,0,,0,00,1,1,1,1
Method,"org.apache.pdfbox.cos.TestCOSString.testGetBytes()",pdfbox/src/test/java/org/apache/pdfbox/cos/TestCOSString.java,,,,,,,,,,,,,,,,,,,,,,,,,1,9,0,6,3,2,3,4,1,2,3,2,2,1,1,1,1,,,,,,0,,0,50,1,1,1,1
Method,"org.apache.pdfbox.cos.TestCOSString.testGetHex()",pdfbox/src/test/java/org/apache/pdfbox/cos/TestCOSString.java,,,,,,,,,,,,,,,,,,,,,,,,,1,15,0,10,6,6,5,4,1,6,7,5,5,1,1,1,1,,,,,,0,,0,50,1,1,1,1
Method,"org.apache.pdfbox.cos.TestCOSString.testGetString()",pdfbox/src/test/java/org/apache/pdfbox/cos/TestCOSString.java,,,,,,,,,,,,,,,,,,,,,,,,,2,27,3,21,7,13,3,7,2,11,13,6,11,2,2,2,1,,,,,,1,,0,14,2,2,2,1
Method,"org.apache.pdfbox.cos.TestCOSString.testHashCode()",pdfbox/src/test/java/org/apache/pdfbox/cos/TestCOSString.java,,,,,,,,,,,,,,,,,,,,,,,,,0,14,0,11,5,7,3,5,1,7,8,4,7,1,1,1,1,,,,,,0,,0,27,1,1,1,1
Method,"org.apache.pdfbox.cos.TestCOSString.testSetForceHexLiteralForm()",pdfbox/src/test/java/org/apache/pdfbox/cos/TestCOSString.java,,,,,,,,,,,,,,,,,,,,,,,,,2,19,1,13,6,9,5,4,1,9,10,5,8,1,1,1,1,,,,,,0,,0,38,1,1,1,1
Method,"org.apache.pdfbox.cos.TestCOSString.testUnicode()",pdfbox/src/test/java/org/apache/pdfbox/cos/TestCOSString.java,,,,,,,,,,,,,,,,,,,,,,,,,1,63,11,39,12,31,14,16,4,29,34,13,27,3,3,3,1,,,,,,1,,0,36,3,3,3,1
Method,"org.apache.pdfbox.cos.TestCOSString.testWritePDF()",pdfbox/src/test/java/org/apache/pdfbox/cos/TestCOSString.java,,,,,,,,,,,,,,,,,,,,,,,,,2,13,0,9,5,5,4,2,1,5,6,4,4,1,1,1,1,,,,,,0,,0,44,1,1,1,1
Private Method,"org.apache.pdfbox.cos.TestCOSString.writePDFTests(String,COSString)",pdfbox/src/test/java/org/apache/pdfbox/cos/TestCOSString.java,,,,,,,,,,,,,,,,,,,,,,,,,6,19,0,13,2,6,6,6,2,4,6,2,5,2,2,2,1,,,,,,1,,0,46,2,2,2,1
Class,"org.apache.pdfbox.cos.TestCOSUpdateInfo",pdfbox/src/test/java/org/apache/pdfbox/cos/TestCOSUpdateInfo.java,1,1,1,1,29,1,23,5,1,6,0,,0,0,,,1,0,1,13,1,0,0,0,,37,3,26,6,18,8,,,19,21,5,18,,,,,1,1,1,1,1,0,0,0,31,1,1,1,1
Method,"org.apache.pdfbox.cos.TestCOSUpdateInfo.testIsSetNeedToBeUpdate()",pdfbox/src/test/java/org/apache/pdfbox/cos/TestCOSUpdateInfo.java,,,,,,,,,,,,,,,,,,,,,,,,,0,29,1,23,5,18,5,9,1,19,20,4,18,1,1,1,1,,,,,,0,,0,22,1,1,1,1
Final Class,"org.apache.pdfbox.cos.UnmodifiableCOSDictionary",pdfbox/src/main/java/org/apache/pdfbox/cos/UnmodifiableCOSDictionary.java,1,1,1,1,8,0,5,3,1,5,0,,0,0,,,27,0,27,137,1,0,0,26,,250,26,138,54,28,86,,,28,56,28,28,,,,,1,1,1,1,3,0,0,0,62,27,27,27,27
Constructor,"org.apache.pdfbox.cos.UnmodifiableCOSDictionary.UnmodifiableCOSDictionary(COSDictionary)",pdfbox/src/main/java/org/apache/pdfbox/cos/UnmodifiableCOSDictionary.java,,,,,,,,,,,,,,,,,,,,,,,,,3,8,0,5,1,2,3,3,1,2,3,1,2,1,1,1,1,,,,,,0,,0,60,1,1,1,1
Public Method,"org.apache.pdfbox.cos.UnmodifiableCOSDictionary.addAll(COSDictionary)",pdfbox/src/main/java/org/apache/pdfbox/cos/UnmodifiableCOSDictionary.java,,,,,,,,,,,,,,,,,,,,,,,,,0,8,0,5,2,1,3,1,1,1,2,1,1,1,1,1,1,,,,,,0,,0,60,1,1,1,1
Public Method,"org.apache.pdfbox.cos.UnmodifiableCOSDictionary.clear()",pdfbox/src/main/java/org/apache/pdfbox/cos/UnmodifiableCOSDictionary.java,,,,,,,,,,,,,,,,,,,,,,,,,0,8,0,5,2,1,3,1,1,1,2,1,1,1,1,1,1,,,,,,0,,0,60,1,1,1,1
Public Method,"org.apache.pdfbox.cos.UnmodifiableCOSDictionary.removeItem(COSName)",pdfbox/src/main/java/org/apache/pdfbox/cos/UnmodifiableCOSDictionary.java,,,,,,,,,,,,,,,,,,,,,,,,,0,8,0,5,2,1,3,1,1,1,2,1,1,1,1,1,1,,,,,,0,,0,60,1,1,1,1
Public Method,"org.apache.pdfbox.cos.UnmodifiableCOSDictionary.setBoolean(COSName,boolean)",pdfbox/src/main/java/org/apache/pdfbox/cos/UnmodifiableCOSDictionary.java,,,,,,,,,,,,,,,,,,,,,,,,,0,8,0,5,2,1,3,1,1,1,2,1,1,1,1,1,1,,,,,,0,,0,60,1,1,1,1
Public Method,"org.apache.pdfbox.cos.UnmodifiableCOSDictionary.setBoolean(String,boolean)",pdfbox/src/main/java/org/apache/pdfbox/cos/UnmodifiableCOSDictionary.java,,,,,,,,,,,,,,,,,,,,,,,,,0,8,0,5,2,1,3,1,1,1,2,1,1,1,1,1,1,,,,,,0,,0,60,1,1,1,1
Public Method,"org.apache.pdfbox.cos.UnmodifiableCOSDictionary.setDate(COSName,Calendar)",pdfbox/src/main/java/org/apache/pdfbox/cos/UnmodifiableCOSDictionary.java,,,,,,,,,,,,,,,,,,,,,,,,,0,8,0,5,2,1,3,1,1,1,2,1,1,1,1,1,1,,,,,,0,,0,60,1,1,1,1
Public Method,"org.apache.pdfbox.cos.UnmodifiableCOSDictionary.setDate(String,Calendar)",pdfbox/src/main/java/org/apache/pdfbox/cos/UnmodifiableCOSDictionary.java,,,,,,,,,,,,,,,,,,,,,,,,,0,8,0,5,2,1,3,1,1,1,2,1,1,1,1,1,1,,,,,,0,,0,60,1,1,1,1
Public Method,"org.apache.pdfbox.cos.UnmodifiableCOSDictionary.setEmbeddedDate(COSName,COSName,Calendar)",pdfbox/src/main/java/org/apache/pdfbox/cos/UnmodifiableCOSDictionary.java,,,,,,,,,,,,,,,,,,,,,,,,,0,8,0,5,2,1,3,1,1,1,2,1,1,1,1,1,1,,,,,,0,,0,60,1,1,1,1
Public Method,"org.apache.pdfbox.cos.UnmodifiableCOSDictionary.setEmbeddedInt(COSName,COSName,int)",pdfbox/src/main/java/org/apache/pdfbox/cos/UnmodifiableCOSDictionary.java,,,,,,,,,,,,,,,,,,,,,,,,,0,8,0,5,2,1,3,1,1,1,2,1,1,1,1,1,1,,,,,,0,,0,60,1,1,1,1
Public Method,"org.apache.pdfbox.cos.UnmodifiableCOSDictionary.setEmbeddedString(COSName,COSName,String)",pdfbox/src/main/java/org/apache/pdfbox/cos/UnmodifiableCOSDictionary.java,,,,,,,,,,,,,,,,,,,,,,,,,0,8,0,5,2,1,3,1,1,1,2,1,1,1,1,1,1,,,,,,0,,0,60,1,1,1,1
Public Method,"org.apache.pdfbox.cos.UnmodifiableCOSDictionary.setFlag(COSName,int,boolean)",pdfbox/src/main/java/org/apache/pdfbox/cos/UnmodifiableCOSDictionary.java,,,,,,,,,,,,,,,,,,,,,,,,,0,8,0,5,2,1,3,1,1,1,2,1,1,1,1,1,1,,,,,,0,,0,60,1,1,1,1
Public Method,"org.apache.pdfbox.cos.UnmodifiableCOSDictionary.setFloat(COSName,float)",pdfbox/src/main/java/org/apache/pdfbox/cos/UnmodifiableCOSDictionary.java,,,,,,,,,,,,,,,,,,,,,,,,,0,8,0,5,2,1,3,1,1,1,2,1,1,1,1,1,1,,,,,,0,,0,60,1,1,1,1
Public Method,"org.apache.pdfbox.cos.UnmodifiableCOSDictionary.setFloat(String,float)",pdfbox/src/main/java/org/apache/pdfbox/cos/UnmodifiableCOSDictionary.java,,,,,,,,,,,,,,,,,,,,,,,,,0,8,0,5,2,1,3,1,1,1,2,1,1,1,1,1,1,,,,,,0,,0,60,1,1,1,1
Public Method,"org.apache.pdfbox.cos.UnmodifiableCOSDictionary.setInt(COSName,int)",pdfbox/src/main/java/org/apache/pdfbox/cos/UnmodifiableCOSDictionary.java,,,,,,,,,,,,,,,,,,,,,,,,,0,8,0,5,2,1,3,1,1,1,2,1,1,1,1,1,1,,,,,,0,,0,60,1,1,1,1
Public Method,"org.apache.pdfbox.cos.UnmodifiableCOSDictionary.setInt(String,int)",pdfbox/src/main/java/org/apache/pdfbox/cos/UnmodifiableCOSDictionary.java,,,,,,,,,,,,,,,,,,,,,,,,,0,8,0,5,2,1,3,1,1,1,2,1,1,1,1,1,1,,,,,,0,,0,60,1,1,1,1
Public Method,"org.apache.pdfbox.cos.UnmodifiableCOSDictionary.setItem(COSName,COSBase)",pdfbox/src/main/java/org/apache/pdfbox/cos/UnmodifiableCOSDictionary.java,,,,,,,,,,,,,,,,,,,,,,,,,0,8,0,5,2,1,3,1,1,1,2,1,1,1,1,1,1,,,,,,0,,0,60,1,1,1,1
Public Method,"org.apache.pdfbox.cos.UnmodifiableCOSDictionary.setItem(COSName,COSObjectable)",pdfbox/src/main/java/org/apache/pdfbox/cos/UnmodifiableCOSDictionary.java,,,,,,,,,,,,,,,,,,,,,,,,,0,8,0,5,2,1,3,1,1,1,2,1,1,1,1,1,1,,,,,,0,,0,60,1,1,1,1
Public Method,"org.apache.pdfbox.cos.UnmodifiableCOSDictionary.setItem(String,COSBase)",pdfbox/src/main/java/org/apache/pdfbox/cos/UnmodifiableCOSDictionary.java,,,,,,,,,,,,,,,,,,,,,,,,,0,8,0,5,2,1,3,1,1,1,2,1,1,1,1,1,1,,,,,,0,,0,60,1,1,1,1
Public Method,"org.apache.pdfbox.cos.UnmodifiableCOSDictionary.setItem(String,COSObjectable)",pdfbox/src/main/java/org/apache/pdfbox/cos/UnmodifiableCOSDictionary.java,,,,,,,,,,,,,,,,,,,,,,,,,0,8,0,5,2,1,3,1,1,1,2,1,1,1,1,1,1,,,,,,0,,0,60,1,1,1,1
Public Method,"org.apache.pdfbox.cos.UnmodifiableCOSDictionary.setLong(COSName,long)",pdfbox/src/main/java/org/apache/pdfbox/cos/UnmodifiableCOSDictionary.java,,,,,,,,,,,,,,,,,,,,,,,,,0,8,0,5,2,1,3,1,1,1,2,1,1,1,1,1,1,,,,,,0,,0,60,1,1,1,1
Public Method,"org.apache.pdfbox.cos.UnmodifiableCOSDictionary.setLong(String,long)",pdfbox/src/main/java/org/apache/pdfbox/cos/UnmodifiableCOSDictionary.java,,,,,,,,,,,,,,,,,,,,,,,,,0,8,0,5,2,1,3,1,1,1,2,1,1,1,1,1,1,,,,,,0,,0,60,1,1,1,1
Public Method,"org.apache.pdfbox.cos.UnmodifiableCOSDictionary.setName(COSName,String)",pdfbox/src/main/java/org/apache/pdfbox/cos/UnmodifiableCOSDictionary.java,,,,,,,,,,,,,,,,,,,,,,,,,0,8,0,5,2,1,3,1,1,1,2,1,1,1,1,1,1,,,,,,0,,0,60,1,1,1,1
Public Method,"org.apache.pdfbox.cos.UnmodifiableCOSDictionary.setName(String,String)",pdfbox/src/main/java/org/apache/pdfbox/cos/UnmodifiableCOSDictionary.java,,,,,,,,,,,,,,,,,,,,,,,,,0,8,0,5,2,1,3,1,1,1,2,1,1,1,1,1,1,,,,,,0,,0,60,1,1,1,1
Public Method,"org.apache.pdfbox.cos.UnmodifiableCOSDictionary.setNeedToBeUpdated(boolean)",pdfbox/src/main/java/org/apache/pdfbox/cos/UnmodifiableCOSDictionary.java,,,,,,,,,,,,,,,,,,,,,,,,,0,8,0,5,2,1,3,1,1,1,2,1,1,1,1,1,1,,,,,,0,,0,60,1,1,1,1
Public Method,"org.apache.pdfbox.cos.UnmodifiableCOSDictionary.setString(COSName,String)",pdfbox/src/main/java/org/apache/pdfbox/cos/UnmodifiableCOSDictionary.java,,,,,,,,,,,,,,,,,,,,,,,,,0,8,0,5,2,1,3,1,1,1,2,1,1,1,1,1,1,,,,,,0,,0,60,1,1,1,1
Public Method,"org.apache.pdfbox.cos.UnmodifiableCOSDictionary.setString(String,String)",pdfbox/src/main/java/org/apache/pdfbox/cos/UnmodifiableCOSDictionary.java,,,,,,,,,,,,,,,,,,,,,,,,,0,8,0,5,2,1,3,1,1,1,2,1,1,1,1,1,1,,,,,,0,,0,60,1,1,1,1
Class,"org.apache.pdfbox.cos.UnmodifiableCOSDictionaryTest",pdfbox/src/test/java/org/apache/pdfbox/cos/UnmodifiableCOSDictionaryTest.java,3,3,3,1,26,1,22,2,1,7,0,,0,0,,,12,0,12,24,12,0,0,0,,328,27,275,41,108,26,,,68,107,29,94,,,,,6,6,6,1,1,1,0,0,09,38,38,38,12
Method,"org.apache.pdfbox.cos.UnmodifiableCOSDictionaryTest.testSetBoolean()",pdfbox/src/test/java/org/apache/pdfbox/cos/UnmodifiableCOSDictionaryTest.java,,,,,,,,,,,,,,,,,,,,,,,,,1,24,1,21,3,8,2,5,4,5,8,2,7,3,3,3,1,,,,,,1,,0,10,3,3,3,1
Method,"org.apache.pdfbox.cos.UnmodifiableCOSDictionaryTest.testSetDate()",pdfbox/src/test/java/org/apache/pdfbox/cos/UnmodifiableCOSDictionaryTest.java,,,,,,,,,,,,,,,,,,,,,,,,,1,25,1,22,4,9,2,6,4,6,9,3,8,3,3,3,1,,,,,,1,,0,09,3,3,3,1
Method,"org.apache.pdfbox.cos.UnmodifiableCOSDictionaryTest.testSetEmbeddedDate()",pdfbox/src/test/java/org/apache/pdfbox/cos/UnmodifiableCOSDictionaryTest.java,,,,,,,,,,,,,,,,,,,,,,,,,2,16,1,14,4,6,1,5,2,4,6,3,5,2,2,2,1,,,,,,1,,0,07,2,2,2,1
Method,"org.apache.pdfbox.cos.UnmodifiableCOSDictionaryTest.testSetEmbeddedInt()",pdfbox/src/test/java/org/apache/pdfbox/cos/UnmodifiableCOSDictionaryTest.java,,,,,,,,,,,,,,,,,,,,,,,,,2,14,0,13,3,5,1,4,2,3,5,2,4,2,2,2,1,,,,,,1,,0,08,2,2,2,1
Method,"org.apache.pdfbox.cos.UnmodifiableCOSDictionaryTest.testSetEmbeddedString()",pdfbox/src/test/java/org/apache/pdfbox/cos/UnmodifiableCOSDictionaryTest.java,,,,,,,,,,,,,,,,,,,,,,,,,2,14,0,13,3,5,1,4,2,3,5,2,4,2,2,2,1,,,,,,1,,0,08,2,2,2,1
Method,"org.apache.pdfbox.cos.UnmodifiableCOSDictionaryTest.testSetFloat()",pdfbox/src/test/java/org/apache/pdfbox/cos/UnmodifiableCOSDictionaryTest.java,,,,,,,,,,,,,,,,,,,,,,,,,1,24,1,21,3,8,2,5,4,5,8,2,7,3,3,3,1,,,,,,1,,0,10,3,3,3,1
Method,"org.apache.pdfbox.cos.UnmodifiableCOSDictionaryTest.testSetInt()",pdfbox/src/test/java/org/apache/pdfbox/cos/UnmodifiableCOSDictionaryTest.java,,,,,,,,,,,,,,,,,,,,,,,,,1,24,1,21,3,8,2,5,4,5,8,2,7,3,3,3,1,,,,,,1,,0,10,3,3,3,1
Method,"org.apache.pdfbox.cos.UnmodifiableCOSDictionaryTest.testSetItem()",pdfbox/src/test/java/org/apache/pdfbox/cos/UnmodifiableCOSDictionaryTest.java,,,,,,,,,,,,,,,,,,,,,,,,,2,45,3,38,4,16,4,8,16,10,15,3,14,5,5,5,1,,,,,,1,,0,11,5,5,5,1
Method,"org.apache.pdfbox.cos.UnmodifiableCOSDictionaryTest.testSetLong()",pdfbox/src/test/java/org/apache/pdfbox/cos/UnmodifiableCOSDictionaryTest.java,,,,,,,,,,,,,,,,,,,,,,,,,1,24,1,21,3,8,2,5,4,5,8,2,7,3,3,3,1,,,,,,1,,0,10,3,3,3,1
Method,"org.apache.pdfbox.cos.UnmodifiableCOSDictionaryTest.testSetName()",pdfbox/src/test/java/org/apache/pdfbox/cos/UnmodifiableCOSDictionaryTest.java,,,,,,,,,,,,,,,,,,,,,,,,,1,24,1,21,3,8,2,5,4,5,8,2,7,3,3,3,1,,,,,,1,,0,10,3,3,3,1
Method,"org.apache.pdfbox.cos.UnmodifiableCOSDictionaryTest.testSetString()",pdfbox/src/test/java/org/apache/pdfbox/cos/UnmodifiableCOSDictionaryTest.java,,,,,,,,,,,,,,,,,,,,,,,,,1,24,1,21,3,8,2,5,4,5,8,2,7,3,3,3,1,,,,,,1,,0,10,3,3,3,1
Method,"org.apache.pdfbox.cos.UnmodifiableCOSDictionaryTest.testUnmodifiableCOSDictionary()",pdfbox/src/test/java/org/apache/pdfbox/cos/UnmodifiableCOSDictionaryTest.java,,,,,,,,,,,,,,,,,,,,,,,,,1,55,4,46,4,19,5,8,32,12,18,3,17,6,6,6,1,,,,,,1,,0,11,6,6,6,1
Package,"org.apache.pdfbox.debugger",debugger/src/main/java/org/apache/pdfbox/debugger/PDFDebugger.java,2,2,2,1,20,1,17,1,,,,7,2,8,1,,60,27,62,,5,37,2,18,,1504,149,1235,333,618,121,,,591,761,323,535,,,,,13,13,13,9,,3,,0,10,170,170,195,99
Public Class,"org.apache.pdfbox.debugger.PDFDebugger",debugger/src/main/java/org/apache/pdfbox/debugger/PDFDebugger.java,2,2,3,1,22,1,19,1,2,128,0,,2,8,,,50,26,52,777,0,37,2,13,,1363,142,1117,215,618,105,,,473,643,205,535,,,,,13,13,13,9,1,3,94,0,09,155,155,180,85
Static Abstract Class,"org.apache.pdfbox.debugger.PDFDebugger.DocumentOpener",debugger/src/main/java/org/apache/pdfbox/debugger/PDFDebugger.java,2,2,2,2,21,0,17,3,1,9,2,,0,0,,,3,1,3,15,3,0,0,0,,59,3,40,12,19,16,,,14,20,10,14,,,,,4,4,4,4,1,3,0,0,40,5,5,5,5
Constructor,"org.apache.pdfbox.debugger.PDFDebugger.DocumentOpener.DocumentOpener(String)",debugger/src/main/java/org/apache/pdfbox/debugger/PDFDebugger.java,,,,,,,,,,,,,,,,,,,,,,,,,1,4,0,4,1,1,0,2,1,1,2,1,1,1,1,1,1,,,,,,0,,0,00,1,1,1,1
Abstract Method,"org.apache.pdfbox.debugger.PDFDebugger.DocumentOpener.open()",debugger/src/main/java/org/apache/pdfbox/debugger/PDFDebugger.java,,,,,,,,,,,,,,,,,,,,,,,,,1,7,0,1,1,0,6,1,0,1,1,1,0,0,0,0,0,,,,,,0,,6,00,0,0,0,0
Final Method,"org.apache.pdfbox.debugger.PDFDebugger.DocumentOpener.parse()",debugger/src/main/java/org/apache/pdfbox/debugger/PDFDebugger.java,,,,,,,,,,,,,,,,,,,,,,,,,5,38,0,31,8,18,7,10,4,11,15,6,13,4,4,4,4,,,,,,3,,0,23,4,4,4,4
Public Constructor,"org.apache.pdfbox.debugger.PDFDebugger.PDFDebugger()",debugger/src/main/java/org/apache/pdfbox/debugger/PDFDebugger.java,,,,,,,,,,,,,,,,,,,,,,,,,1,6,0,3,1,0,3,1,1,0,1,1,0,1,1,1,1,,,,,,0,,1,00,1,1,1,1
Public Constructor,"org.apache.pdfbox.debugger.PDFDebugger.PDFDebugger(boolean)",debugger/src/main/java/org/apache/pdfbox/debugger/PDFDebugger.java,,,,,,,,,,,,,,,,,,,,,,,,,1,10,0,4,1,1,6,2,1,1,2,1,1,1,1,1,1,,,,,,0,,1,50,1,1,1,1
Private Method,"org.apache.pdfbox.debugger.PDFDebugger.addRecentFileItems()",debugger/src/main/java/org/apache/pdfbox/debugger/PDFDebugger.java,,,,,,,,,,,,,,,,,,,,,,,,,5,34,0,34,8,19,0,12,3,15,20,9,18,3,3,3,1,,,,,,2,,0,00,3,3,3,1
Anonymous Class,"org.apache.pdfbox.debugger.PDFDebugger.addRecentFileItems.(Anon_5)",debugger/src/main/java/org/apache/pdfbox/debugger/PDFDebugger.java,2,2,2,1,13,0,13,0,1,8,0,,0,0,,,1,0,1,33,0,0,0,1,,14,0,14,1,7,0,,,3,5,2,4,,,,,2,2,2,1,1,1,0,0,00,2,2,2,1
Public Method,"org.apache.pdfbox.debugger.PDFDebugger.addRecentFileItems.(Anon_5).actionPerformed(ActionEvent)",debugger/src/main/java/org/apache/pdfbox/debugger/PDFDebugger.java,,,,,,,,,,,,,,,,,,,,,,,,,2,13,0,13,1,7,0,4,2,3,5,2,4,2,2,2,1,,,,,,1,,0,00,2,2,2,1
Public Method,"org.apache.pdfbox.debugger.PDFDebugger.call()",debugger/src/main/java/org/apache/pdfbox/debugger/PDFDebugger.java,,,,,,,,,,,,,,,,,,,,,,,,,10,53,8,36,2,24,9,25,5,19,23,1,22,4,4,5,1,,,,,,2,,0,25,5,5,6,2
Lambda Method,"org.apache.pdfbox.debugger.PDFDebugger.call.(lambda_expr_1)(Thread (inferred),Throwable (inferred))",debugger/src/main/java/org/apache/pdfbox/debugger/PDFDebugger.java,,,,,,,,,,,,,,,,,,,,,,,,,1,1,0,1,0,1,0,3,1,0,0,0,0,1,1,1,1,,,,,,0,,0,00,1,1,1,1
Private Method,"org.apache.pdfbox.debugger.PDFDebugger.convertToString(Object)",debugger/src/main/java/org/apache/pdfbox/debugger/PDFDebugger.java,,,,,,,,,,,,,,,,,,,,,,,,,3,62,0,61,4,30,1,15,13,16,31,5,27,13,13,13,9,,,,,,3,,0,02,13,13,13,9
Private Method,"org.apache.pdfbox.debugger.PDFDebugger.createEditMenu()",debugger/src/main/java/org/apache/pdfbox/debugger/PDFDebugger.java,,,,,,,,,,,,,,,,,,,,,,,,,1,25,5,20,6,17,0,8,1,17,18,6,17,1,1,1,1,,,,,,0,,0,00,1,1,1,1
Private Method,"org.apache.pdfbox.debugger.PDFDebugger.createFileMenu()",debugger/src/main/java/org/apache/pdfbox/debugger/PDFDebugger.java,,,,,,,,,,,,,,,,,,,,,,,,,18,88,11,77,6,56,0,22,2,46,52,6,51,2,2,2,1,,,,,,2,,0,00,8,8,9,3
Lambda Method,"org.apache.pdfbox.debugger.PDFDebugger.createFileMenu.(lambda_expr_1)(ActionEvent (inferred))",debugger/src/main/java/org/apache/pdfbox/debugger/PDFDebugger.java,,,,,,,,,,,,,,,,,,,,,,,,,1,16,0,16,1,8,0,5,3,4,6,1,6,3,3,4,1,,,,,,0,,0,00,3,3,4,1
Lambda Method,"org.apache.pdfbox.debugger.PDFDebugger.createFileMenu.(lambda_expr_2)(ActionEvent (inferred))",debugger/src/main/java/org/apache/pdfbox/debugger/PDFDebugger.java,,,,,,,,,,,,,,,,,,,,,,,,,2,18,0,18,0,8,0,6,3,3,5,0,5,3,3,3,1,,,,,,0,,0,00,3,3,3,1
Private Method,"org.apache.pdfbox.debugger.PDFDebugger.createFindMenu()",debugger/src/main/java/org/apache/pdfbox/debugger/PDFDebugger.java,,,,,,,,,,,,,,,,,,,,,,,,,11,37,5,32,1,21,0,13,4,15,18,1,17,3,3,3,1,,,,,,1,,0,00,3,3,3,1
Private Method,"org.apache.pdfbox.debugger.PDFDebugger.exitMenuItemActionPerformed(ActionEvent)",debugger/src/main/java/org/apache/pdfbox/debugger/PDFDebugger.java,,,,,,,,,,,,,,,,,,,,,,,,,9,25,0,24,1,13,1,13,4,9,13,1,12,4,4,4,1,,,,,,3,,0,04,4,4,4,1
Public Method,"org.apache.pdfbox.debugger.PDFDebugger.getFindMenu()",debugger/src/main/java/org/apache/pdfbox/debugger/PDFDebugger.java,,,,,,,,,,,,,,,,,,,,,,,,,5,7,0,4,1,1,3,1,1,1,2,1,1,1,1,1,1,,,,,,0,,0,75,1,1,1,1
Public Method,"org.apache.pdfbox.debugger.PDFDebugger.getFindMenuItem()",debugger/src/main/java/org/apache/pdfbox/debugger/PDFDebugger.java,,,,,,,,,,,,,,,,,,,,,,,,,3,7,0,4,1,1,3,1,1,1,2,1,1,1,1,1,1,,,,,,0,,0,75,1,1,1,1
Public Method,"org.apache.pdfbox.debugger.PDFDebugger.getFindNextMenuItem()",debugger/src/main/java/org/apache/pdfbox/debugger/PDFDebugger.java,,,,,,,,,,,,,,,,,,,,,,,,,3,7,0,4,1,1,3,1,1,1,2,1,1,1,1,1,1,,,,,,0,,0,75,1,1,1,1
Public Method,"org.apache.pdfbox.debugger.PDFDebugger.getFindPreviousMenuItem()",debugger/src/main/java/org/apache/pdfbox/debugger/PDFDebugger.java,,,,,,,,,,,,,,,,,,,,,,,,,3,7,0,4,1,1,3,1,1,1,2,1,1,1,1,1,1,,,,,,0,,0,75,1,1,1,1
Private Method,"org.apache.pdfbox.debugger.PDFDebugger.getNodeKey(Object)",debugger/src/main/java/org/apache/pdfbox/debugger/PDFDebugger.java,,,,,,,,,,,,,,,,,,,,,,,,,3,8,0,8,1,3,0,2,2,2,4,1,3,2,2,2,1,,,,,,1,,0,00,2,2,2,1
Public Static Method,"org.apache.pdfbox.debugger.PDFDebugger.getPageLabel(PDDocument,int)",debugger/src/main/java/org/apache/pdfbox/debugger/PDFDebugger.java,,,,,,,,,,,,,,,,,,,,,,,,,5,28,0,21,3,9,7,5,4,6,10,3,8,4,4,4,4,,,,,,2,,0,33,4,4,4,4
Private Method,"org.apache.pdfbox.debugger.PDFDebugger.getUnderneathObject(Object)",debugger/src/main/java/org/apache/pdfbox/debugger/PDFDebugger.java,,,,,,,,,,,,,,,,,,,,,,,,,16,21,1,20,1,9,0,5,8,5,10,1,9,5,5,5,1,,,,,,1,,0,00,5,5,5,1
Public Method,"org.apache.pdfbox.debugger.PDFDebugger.hasDocument()",debugger/src/main/java/org/apache/pdfbox/debugger/PDFDebugger.java,,,,,,,,,,,,,,,,,,,,,,,,,2,4,0,4,1,1,0,1,1,1,2,1,1,1,1,1,1,,,,,,0,,0,00,1,1,1,1
Private Method,"org.apache.pdfbox.debugger.PDFDebugger.initComponents()",debugger/src/main/java/org/apache/pdfbox/debugger/PDFDebugger.java,,,,,,,,,,,,,,,,,,,,,,,,,15,113,21,87,10,68,5,50,1,52,58,13,53,1,1,1,1,,,,,,0,,0,06,1,1,1,1
Anonymous Class,"org.apache.pdfbox.debugger.PDFDebugger.initComponents.(Anon_1)",debugger/src/main/java/org/apache/pdfbox/debugger/PDFDebugger.java,1,1,1,1,5,0,5,0,1,4,0,,0,0,,,2,0,2,24,0,0,0,2,,13,1,12,0,7,0,,,3,5,2,3,,,,,1,1,1,1,1,0,0,0,00,2,2,2,2
Public Method,"org.apache.pdfbox.debugger.PDFDebugger.initComponents.(Anon_1).windowClosing(WindowEvent)",debugger/src/main/java/org/apache/pdfbox/debugger/PDFDebugger.java,,,,,,,,,,,,,,,,,,,,,,,,,0,5,0,5,0,3,0,1,1,1,2,1,1,1,1,1,1,,,,,,0,,0,00,1,1,1,1
Public Method,"org.apache.pdfbox.debugger.PDFDebugger.initComponents.(Anon_1).windowOpened(WindowEvent)",debugger/src/main/java/org/apache/pdfbox/debugger/PDFDebugger.java,,,,,,,,,,,,,,,,,,,,,,,,,2,6,0,6,0,4,0,2,1,2,3,1,2,1,1,1,1,,,,,,0,,0,00,1,1,1,1
Anonymous Class,"org.apache.pdfbox.debugger.PDFDebugger.initComponents.(Anon_2)",debugger/src/main/java/org/apache/pdfbox/debugger/PDFDebugger.java,2,2,2,2,13,0,13,0,1,12,0,,0,0,,,2,0,2,36,0,0,0,2,,29,1,28,3,17,0,,,8,11,4,9,,,,,3,3,3,3,1,1,0,0,00,4,4,4,4
Public Method,"org.apache.pdfbox.debugger.PDFDebugger.initComponents.(Anon_2).canImport(TransferSupport)",debugger/src/main/java/org/apache/pdfbox/debugger/PDFDebugger.java,,,,,,,,,,,,,,,,,,,,,,,,,2,5,0,5,0,3,0,2,1,1,2,1,1,1,1,1,1,,,,,,0,,0,00,1,1,1,1
Public Method,"org.apache.pdfbox.debugger.PDFDebugger.initComponents.(Anon_2).importData(TransferSupport)",debugger/src/main/java/org/apache/pdfbox/debugger/PDFDebugger.java,,,,,,,,,,,,,,,,,,,,,,,,,4,22,0,22,3,14,0,7,3,7,9,3,8,3,3,3,3,,,,,,1,,0,00,3,3,3,3
Protected Method,"org.apache.pdfbox.debugger.PDFDebugger.initGlobalEventHandlers()",debugger/src/main/java/org/apache/pdfbox/debugger/PDFDebugger.java,,,,,,,,,,,,,,,,,,,,,,,,,3,27,1,20,4,10,6,6,3,7,10,3,9,3,3,3,1,,,,,,2,,0,30,3,3,3,1
Public Method,"org.apache.pdfbox.debugger.PDFDebugger.initTree()",debugger/src/main/java/org/apache/pdfbox/debugger/PDFDebugger.java,,,,,,,,,,,,,,,,,,,,,,,,,11,23,1,21,4,14,1,21,2,12,14,4,13,2,2,2,1,,,,,,1,,0,05,2,2,2,1
Private Method,"org.apache.pdfbox.debugger.PDFDebugger.isAnnot(Object)",debugger/src/main/java/org/apache/pdfbox/debugger/PDFDebugger.java,,,,,,,,,,,,,,,,,,,,,,,,,4,6,0,6,2,3,0,4,1,2,3,2,2,1,1,2,1,,,,,,0,,0,00,1,1,2,1
Private Method,"org.apache.pdfbox.debugger.PDFDebugger.isCIDFont(COSDictionary)",debugger/src/main/java/org/apache/pdfbox/debugger/PDFDebugger.java,,,,,,,,,,,,,,,,,,,,,,,,,5,5,0,5,1,2,0,3,1,1,2,1,1,1,1,2,1,,,,,,0,,0,00,1,1,2,1
Private Method,"org.apache.pdfbox.debugger.PDFDebugger.isEncrypt(Object)",debugger/src/main/java/org/apache/pdfbox/debugger/PDFDebugger.java,,,,,,,,,,,,,,,,,,,,,,,,,3,9,0,9,2,4,0,4,2,3,5,2,3,2,2,3,1,,,,,,1,,0,00,2,2,3,1
Private Method,"org.apache.pdfbox.debugger.PDFDebugger.isFlagNode(Object,Object)",debugger/src/main/java/org/apache/pdfbox/debugger/PDFDebugger.java,,,,,,,,,,,,,,,,,,,,,,,,,9,14,0,14,2,9,0,6,2,3,5,2,4,2,2,10,1,,,,,,1,,0,00,2,2,10,1
Private Method,"org.apache.pdfbox.debugger.PDFDebugger.isFont(Object)",debugger/src/main/java/org/apache/pdfbox/debugger/PDFDebugger.java,,,,,,,,,,,,,,,,,,,,,,,,,4,10,0,10,2,5,0,5,2,4,6,2,4,2,2,3,1,,,,,,1,,0,00,2,2,3,1
Private Method,"org.apache.pdfbox.debugger.PDFDebugger.isFontDescriptor(Object)",debugger/src/main/java/org/apache/pdfbox/debugger/PDFDebugger.java,,,,,,,,,,,,,,,,,,,,,,,,,4,6,0,6,2,3,0,4,1,2,3,2,2,1,1,2,1,,,,,,0,,0,00,1,1,2,1
Private Method,"org.apache.pdfbox.debugger.PDFDebugger.isOtherColorSpace(Object)",debugger/src/main/java/org/apache/pdfbox/debugger/PDFDebugger.java,,,,,,,,,,,,,,,,,,,,,,,,,3,15,1,14,3,7,0,5,3,5,8,3,6,3,3,4,3,,,,,,2,,0,00,3,3,4,3
Private Method,"org.apache.pdfbox.debugger.PDFDebugger.isPage(Object)",debugger/src/main/java/org/apache/pdfbox/debugger/PDFDebugger.java,,,,,,,,,,,,,,,,,,,,,,,,,4,19,1,18,3,9,0,4,4,6,10,3,8,4,4,4,4,,,,,,2,,0,00,4,4,4,4
Public Method,"org.apache.pdfbox.debugger.PDFDebugger.isPageMode()",debugger/src/main/java/org/apache/pdfbox/debugger/PDFDebugger.java,,,,,,,,,,,,,,,,,,,,,,,,,3,4,0,4,1,1,0,1,1,1,2,1,1,1,1,1,1,,,,,,0,,0,00,1,1,1,1
Private Method,"org.apache.pdfbox.debugger.PDFDebugger.isSpecialColorSpace(Object)",debugger/src/main/java/org/apache/pdfbox/debugger/PDFDebugger.java,,,,,,,,,,,,,,,,,,,,,,,,,3,15,1,14,3,7,0,5,3,5,8,3,6,3,3,4,3,,,,,,2,,0,00,3,3,4,3
Private Method,"org.apache.pdfbox.debugger.PDFDebugger.isStream(Object)",debugger/src/main/java/org/apache/pdfbox/debugger/PDFDebugger.java,,,,,,,,,,,,,,,,,,,,,,,,,2,4,0,4,1,1,0,2,1,1,2,1,1,1,1,1,1,,,,,,0,,0,00,1,1,1,1
Private Method,"org.apache.pdfbox.debugger.PDFDebugger.isString(Object)",debugger/src/main/java/org/apache/pdfbox/debugger/PDFDebugger.java,,,,,,,,,,,,,,,,,,,,,,,,,2,4,0,4,1,1,0,2,1,1,2,1,1,1,1,1,1,,,,,,0,,0,00,1,1,1,1
Private Method,"org.apache.pdfbox.debugger.PDFDebugger.jTree1ValueChanged(TreeSelectionEvent)",debugger/src/main/java/org/apache/pdfbox/debugger/PDFDebugger.java,,,,,,,,,,,,,,,,,,,,,,,,,6,58,3,55,4,32,0,26,10,20,30,4,29,10,10,13,9,,,,,,3,,0,00,10,10,13,9
Private Method,"org.apache.pdfbox.debugger.PDFDebugger.loadConfiguration()",debugger/src/main/java/org/apache/pdfbox/debugger/PDFDebugger.java,,,,,,,,,,,,,,,,,,,,,,,,,3,21,0,18,2,7,3,5,3,3,7,2,6,3,3,3,1,,,,,,3,,0,17,3,3,3,1
Public Static Method,"org.apache.pdfbox.debugger.PDFDebugger.main(String[])",debugger/src/main/java/org/apache/pdfbox/debugger/PDFDebugger.java,,,,,,,,,,,,,,,,,,,,,,,,,1,13,0,8,2,3,5,3,2,2,4,2,3,2,2,2,1,,,,,,1,,0,62,2,2,2,1
Private Method,"org.apache.pdfbox.debugger.PDFDebugger.openMenuItemActionPerformed(ActionEvent)",debugger/src/main/java/org/apache/pdfbox/debugger/PDFDebugger.java,,,,,,,,,,,,,,,,,,,,,,,,,4,30,1,29,4,14,0,10,5,8,13,4,12,5,5,5,1,,,,,,3,,0,00,6,6,6,2
Lambda Method,"org.apache.pdfbox.debugger.PDFDebugger.openMenuItemActionPerformed.(lambda_expr_1)(File (inferred),String (inferred))",debugger/src/main/java/org/apache/pdfbox/debugger/PDFDebugger.java,,,,,,,,,,,,,,,,,,,,,,,,,1,1,0,1,0,1,0,3,1,0,0,0,0,1,1,1,1,,,,,,0,,0,00,1,1,1,1
Private Method,"org.apache.pdfbox.debugger.PDFDebugger.osxOpenFiles(String)",debugger/src/main/java/org/apache/pdfbox/debugger/PDFDebugger.java,,,,,,,,,,,,,,,,,,,,,,,,,2,14,0,11,1,4,3,3,2,2,4,1,3,2,2,2,1,,,,,,1,,0,27,2,2,2,1
Private Method,"org.apache.pdfbox.debugger.PDFDebugger.osxQuit()",debugger/src/main/java/org/apache/pdfbox/debugger/PDFDebugger.java,,,,,,,,,,,,,,,,,,,,,,,,,0,7,0,4,1,1,3,1,1,1,2,1,1,1,1,1,1,,,,,,0,,0,75,1,1,1,1
Protected Method,"org.apache.pdfbox.debugger.PDFDebugger.performApplicationExit()",debugger/src/main/java/org/apache/pdfbox/debugger/PDFDebugger.java,,,,,,,,,,,,,,,,,,,,,,,,,1,9,0,5,2,1,4,1,1,1,2,1,1,1,1,1,1,,,,,,0,,0,80,1,1,1,1
Private Method,"org.apache.pdfbox.debugger.PDFDebugger.printMenuItemActionPerformed(ActionEvent)",debugger/src/main/java/org/apache/pdfbox/debugger/PDFDebugger.java,,,,,,,,,,,,,,,,,,,,,,,,,13,57,1,56,9,31,0,24,13,20,30,9,29,9,9,10,3,,,,,,3,,0,00,9,9,10,3
Private Method,"org.apache.pdfbox.debugger.PDFDebugger.readPDFFile(File,String)",debugger/src/main/java/org/apache/pdfbox/debugger/PDFDebugger.java,,,,,,,,,,,,,,,,,,,,,,,,,14,47,3,44,7,29,0,20,6,23,28,7,26,4,4,4,1,,,,,,1,,0,00,4,4,4,1
Private Method,"org.apache.pdfbox.debugger.PDFDebugger.readPDFFile(String,String)",debugger/src/main/java/org/apache/pdfbox/debugger/PDFDebugger.java,,,,,,,,,,,,,,,,,,,,,,,,,5,5,0,5,2,2,0,2,1,2,3,2,2,1,1,1,1,,,,,,0,,0,00,1,1,1,1
Anonymous Class,"org.apache.pdfbox.debugger.PDFDebugger.readPDFFile.(Anon_3)",debugger/src/main/java/org/apache/pdfbox/debugger/PDFDebugger.java,1,1,1,1,10,0,10,0,1,7,0,,0,0,,,1,0,1,16,1,0,0,0,,11,0,11,4,8,0,,,6,7,5,6,,,,,1,1,1,1,2,0,0,0,00,1,1,1,1
Method,"org.apache.pdfbox.debugger.PDFDebugger.readPDFFile.(Anon_3).open()",debugger/src/main/java/org/apache/pdfbox/debugger/PDFDebugger.java,,,,,,,,,,,,,,,,,,,,,,,,,5,10,0,10,4,8,0,5,1,6,7,5,6,1,1,1,1,,,,,,0,,0,00,1,1,1,1
Private Method,"org.apache.pdfbox.debugger.PDFDebugger.readPDFurl(String,String)",debugger/src/main/java/org/apache/pdfbox/debugger/PDFDebugger.java,,,,,,,,,,,,,,,,,,,,,,,,,11,44,3,41,7,26,0,14,6,20,25,7,23,4,4,4,1,,,,,,1,,0,00,4,4,4,1
Anonymous Class,"org.apache.pdfbox.debugger.PDFDebugger.readPDFurl.(Anon_4)",debugger/src/main/java/org/apache/pdfbox/debugger/PDFDebugger.java,1,1,1,1,10,0,10,0,1,8,0,,0,0,,,1,0,1,16,1,0,0,0,,11,0,11,4,8,0,,,6,7,5,6,,,,,1,1,1,1,2,0,0,0,00,1,1,1,1
Method,"org.apache.pdfbox.debugger.PDFDebugger.readPDFurl.(Anon_4).open()",debugger/src/main/java/org/apache/pdfbox/debugger/PDFDebugger.java,,,,,,,,,,,,,,,,,,,,,,,,,5,10,0,10,4,8,0,7,1,6,7,5,6,1,1,1,1,,,,,,0,,0,00,1,1,1,1
Private Method,"org.apache.pdfbox.debugger.PDFDebugger.replaceRightComponent(Component)",debugger/src/main/java/org/apache/pdfbox/debugger/PDFDebugger.java,,,,,,,,,,,,,,,,,,,,,,,,,9,6,0,6,2,3,0,3,1,3,4,2,3,1,1,1,1,,,,,,0,,0,00,1,1,1,1
Private Method,"org.apache.pdfbox.debugger.PDFDebugger.saveAsMenuItemActionPerformed(ActionEvent)",debugger/src/main/java/org/apache/pdfbox/debugger/PDFDebugger.java,,,,,,,,,,,,,,,,,,,,,,,,,6,27,0,27,4,14,0,9,4,9,13,4,12,4,4,4,1,,,,,,3,,0,00,5,5,5,2
Lambda Method,"org.apache.pdfbox.debugger.PDFDebugger.saveAsMenuItemActionPerformed.(lambda_expr_1)(File (inferred),String (inferred))",debugger/src/main/java/org/apache/pdfbox/debugger/PDFDebugger.java,,,,,,,,,,,,,,,,,,,,,,,,,1,1,0,1,0,1,0,3,1,0,0,0,0,1,1,1,1,,,,,,0,,0,00,1,1,1,1
Public Method,"org.apache.pdfbox.debugger.PDFDebugger.setPageMode(boolean)",debugger/src/main/java/org/apache/pdfbox/debugger/PDFDebugger.java,,,,,,,,,,,,,,,,,,,,,,,,,2,4,0,4,1,1,0,1,1,1,2,1,1,1,1,1,1,,,,,,0,,0,00,1,1,1,1
Private Method,"org.apache.pdfbox.debugger.PDFDebugger.showColorPane(Object)",debugger/src/main/java/org/apache/pdfbox/debugger/PDFDebugger.java,,,,,,,,,,,,,,,,,,,,,,,,,6,34,1,29,4,14,4,14,7,8,15,4,12,7,7,8,1,,,,,,3,,0,14,7,7,8,1
Private Method,"org.apache.pdfbox.debugger.PDFDebugger.showFlagPane(Object,Object)",debugger/src/main/java/org/apache/pdfbox/debugger/PDFDebugger.java,,,,,,,,,,,,,,,,,,,,,,,,,4,13,0,13,3,8,0,5,2,5,7,2,6,2,2,2,1,,,,,,1,,0,00,2,2,2,1
Private Method,"org.apache.pdfbox.debugger.PDFDebugger.showFont(Object,TreePath)",debugger/src/main/java/org/apache/pdfbox/debugger/PDFDebugger.java,,,,,,,,,,,,,,,,,,,,,,,,,4,15,1,13,5,8,1,7,2,7,9,5,8,2,2,2,1,,,,,,1,,0,08,2,2,2,1
Private Method,"org.apache.pdfbox.debugger.PDFDebugger.showPage(Object)",debugger/src/main/java/org/apache/pdfbox/debugger/PDFDebugger.java,,,,,,,,,,,,,,,,,,,,,,,,,6,21,2,19,4,9,0,9,4,7,10,4,8,3,3,3,1,,,,,,1,,0,00,3,3,3,1
Private Method,"org.apache.pdfbox.debugger.PDFDebugger.showStream(COSStream,TreePath)",debugger/src/main/java/org/apache/pdfbox/debugger/PDFDebugger.java,,,,,,,,,,,,,,,,,,,,,,,,,13,46,2,43,12,28,1,12,7,20,27,12,23,7,7,10,1,,,,,,2,,0,02,7,7,10,1
Private Method,"org.apache.pdfbox.debugger.PDFDebugger.showString(Object)",debugger/src/main/java/org/apache/pdfbox/debugger/PDFDebugger.java,,,,,,,,,,,,,,,,,,,,,,,,,2,5,0,5,2,2,0,4,1,2,3,2,2,1,1,1,1,,,,,,0,,0,00,1,1,1,1
Package,"org.apache.pdfbox.debugger.colorpane",debugger/src/main/java/org/apache/pdfbox/debugger/colorpane/ColorBarCellRenderer.java,1,1,1,1,12,0,10,1,,,,9,0,2,9,,49,22,49,,0,13,0,36,,1033,111,655,231,327,267,,,389,463,217,290,,,,,11,5,11,1,,2,,0,41,79,65,79,49
Public Class,"org.apache.pdfbox.debugger.colorpane.CSArrayBased",debugger/src/main/java/org/apache/pdfbox/debugger/colorpane/CSArrayBased.java,5,3,5,1,30,1,27,1,1,16,0,,0,0,,,3,4,3,15,0,1,0,2,,108,8,89,15,61,11,,,48,58,15,48,,,,,11,5,11,1,1,2,33,0,12,15,9,15,3
Public Constructor,"org.apache.pdfbox.debugger.colorpane.CSArrayBased.CSArrayBased(COSArray)",debugger/src/main/java/org/apache/pdfbox/debugger/colorpane/CSArrayBased.java,,,,,,,,,,,,,,,,,,,,,,,,,4,16,0,16,1,7,0,8,3,4,7,1,6,3,3,3,1,,,,,,2,,0,00,3,3,3,1
Public Method,"org.apache.pdfbox.debugger.colorpane.CSArrayBased.getPanel()",debugger/src/main/java/org/apache/pdfbox/debugger/colorpane/CSArrayBased.java,,,,,,,,,,,,,,,,,,,,,,,,,2,9,0,4,1,1,5,1,1,1,2,1,1,1,1,1,1,,,,,,0,,1,25,1,1,1,1
Private Method,"org.apache.pdfbox.debugger.colorpane.CSArrayBased.initUI()",debugger/src/main/java/org/apache/pdfbox/debugger/colorpane/CSArrayBased.java,,,,,,,,,,,,,,,,,,,,,,,,,16,66,4,62,8,50,0,13,19,39,44,8,41,11,5,11,1,,,,,,2,,0,00,11,5,11,1
Public Class,"org.apache.pdfbox.debugger.colorpane.CSDeviceN",debugger/src/main/java/org/apache/pdfbox/debugger/colorpane/CSDeviceN.java,1,1,1,1,14,0,10,3,1,20,0,,0,0,,,5,2,5,17,0,3,0,2,,86,9,55,18,33,22,,,36,43,19,31,,,,,2,2,2,1,1,1,60,0,40,6,6,6,5
Public Constructor,"org.apache.pdfbox.debugger.colorpane.CSDeviceN.CSDeviceN(COSArray)",debugger/src/main/java/org/apache/pdfbox/debugger/colorpane/CSDeviceN.java,,,,,,,,,,,,,,,,,,,,,,,,,2,11,0,6,2,3,5,5,1,3,4,2,3,1,1,1,1,,,,,,0,,0,83,1,1,1,1
Private Method,"org.apache.pdfbox.debugger.colorpane.CSDeviceN.getColorObj(float[])",debugger/src/main/java/org/apache/pdfbox/debugger/colorpane/CSDeviceN.java,,,,,,,,,,,,,,,,,,,,,,,,,2,4,0,4,1,1,0,2,1,1,2,1,1,1,1,1,1,,,,,,0,,0,00,1,1,1,1
Private Method,"org.apache.pdfbox.debugger.colorpane.CSDeviceN.getColorantData()",debugger/src/main/java/org/apache/pdfbox/debugger/colorpane/CSDeviceN.java,,,,,,,,,,,,,,,,,,,,,,,,,2,26,1,19,6,14,6,11,2,15,17,7,12,2,2,2,1,,,,,,1,,0,32,2,2,2,1
Public Method,"org.apache.pdfbox.debugger.colorpane.CSDeviceN.getPanel()",debugger/src/main/java/org/apache/pdfbox/debugger/colorpane/CSDeviceN.java,,,,,,,,,,,,,,,,,,,,,,,,,2,9,0,4,1,1,5,1,1,1,2,1,1,1,1,1,1,,,,,,0,,1,25,1,1,1,1
Private Method,"org.apache.pdfbox.debugger.colorpane.CSDeviceN.initUI(DeviceNColorant[])",debugger/src/main/java/org/apache/pdfbox/debugger/colorpane/CSDeviceN.java,,,,,,,,,,,,,,,,,,,,,,,,,7,20,3,17,5,14,0,17,1,14,15,5,14,1,1,1,1,,,,,,0,,0,00,1,1,1,1
Public Class,"org.apache.pdfbox.debugger.colorpane.CSIndexed",debugger/src/main/java/org/apache/pdfbox/debugger/colorpane/CSIndexed.java,1,1,1,1,19,2,14,3,1,25,0,,0,0,,,5,3,5,17,0,3,0,2,,112,15,77,21,54,20,,,58,65,22,54,,,,,2,2,2,1,1,1,53,0,26,6,6,6,5
Public Constructor,"org.apache.pdfbox.debugger.colorpane.CSIndexed.CSIndexed(COSArray)",debugger/src/main/java/org/apache/pdfbox/debugger/colorpane/CSIndexed.java,,,,,,,,,,,,,,,,,,,,,,,,,2,11,0,6,1,3,5,7,1,3,4,1,3,1,1,1,1,,,,,,0,,0,83,1,1,1,1
Private Method,"org.apache.pdfbox.debugger.colorpane.CSIndexed.getColorantData()",debugger/src/main/java/org/apache/pdfbox/debugger/colorpane/CSIndexed.java,,,,,,,,,,,,,,,,,,,,,,,,,3,19,1,13,4,8,5,5,2,9,11,5,8,2,2,2,1,,,,,,1,,0,38,2,2,2,1
Private Method,"org.apache.pdfbox.debugger.colorpane.CSIndexed.getHival(COSArray)",debugger/src/main/java/org/apache/pdfbox/debugger/colorpane/CSIndexed.java,,,,,,,,,,,,,,,,,,,,,,,,,2,5,0,5,2,2,0,5,1,2,3,2,2,1,1,1,1,,,,,,0,,0,00,1,1,1,1
Public Method,"org.apache.pdfbox.debugger.colorpane.CSIndexed.getPanel()",debugger/src/main/java/org/apache/pdfbox/debugger/colorpane/CSIndexed.java,,,,,,,,,,,,,,,,,,,,,,,,,2,9,0,4,1,1,5,1,1,1,2,1,1,1,1,1,1,,,,,,0,,1,25,1,1,1,1
Private Method,"org.apache.pdfbox.debugger.colorpane.CSIndexed.initUI(IndexedColorant[])",debugger/src/main/java/org/apache/pdfbox/debugger/colorpane/CSIndexed.java,,,,,,,,,,,,,,,,,,,,,,,,,12,52,9,43,9,40,0,30,1,40,41,9,40,1,1,1,1,,,,,,0,,0,00,1,1,1,1
Public Class,"org.apache.pdfbox.debugger.colorpane.CSSeparation",debugger/src/main/java/org/apache/pdfbox/debugger/colorpane/CSSeparation.java,1,1,1,1,19,1,15,2,3,29,0,,0,0,,,10,6,10,22,0,6,0,4,,223,28,165,39,114,30,,,114,127,36,110,,,,,3,3,3,1,1,1,65,0,18,13,13,13,10
Public Constructor,"org.apache.pdfbox.debugger.colorpane.CSSeparation.CSSeparation(COSArray)",debugger/src/main/java/org/apache/pdfbox/debugger/colorpane/CSSeparation.java,,,,,,,,,,,,,,,,,,,,,,,,,2,13,0,6,1,3,7,5,1,3,4,1,3,1,1,1,1,,,,,,0,,1,17,1,1,1,1
Public Method,"org.apache.pdfbox.debugger.colorpane.CSSeparation.actionPerformed(ActionEvent)",debugger/src/main/java/org/apache/pdfbox/debugger/colorpane/CSSeparation.java,,,,,,,,,,,,,,,,,,,,,,,,,4,23,0,19,3,9,4,9,3,6,8,2,7,3,3,3,1,,,,,,1,,0,21,3,3,3,1
Private Method,"org.apache.pdfbox.debugger.colorpane.CSSeparation.getFloatRepresentation(int)",debugger/src/main/java/org/apache/pdfbox/debugger/colorpane/CSSeparation.java,,,,,,,,,,,,,,,,,,,,,,,,,2,4,0,4,1,1,0,1,1,1,2,1,1,1,1,1,1,,,,,,0,,0,00,1,1,1,1
Private Method,"org.apache.pdfbox.debugger.colorpane.CSSeparation.getIntRepresentation(float)",debugger/src/main/java/org/apache/pdfbox/debugger/colorpane/CSSeparation.java,,,,,,,,,,,,,,,,,,,,,,,,,3,4,0,4,1,1,0,1,1,1,2,1,1,1,1,1,1,,,,,,0,,0,00,1,1,1,1
Public Method,"org.apache.pdfbox.debugger.colorpane.CSSeparation.getPanel()",debugger/src/main/java/org/apache/pdfbox/debugger/colorpane/CSSeparation.java,,,,,,,,,,,,,,,,,,,,,,,,,2,8,0,4,1,1,4,1,1,1,2,1,1,1,1,1,1,,,,,,0,,1,00,1,1,1,1
Private Method,"org.apache.pdfbox.debugger.colorpane.CSSeparation.initUI()",debugger/src/main/java/org/apache/pdfbox/debugger/colorpane/CSSeparation.java,,,,,,,,,,,,,,,,,,,,,,,,,13,108,17,88,16,84,3,42,1,84,85,15,84,1,1,1,1,,,,,,0,,0,03,1,1,1,1
Private Method,"org.apache.pdfbox.debugger.colorpane.CSSeparation.initValues()",debugger/src/main/java/org/apache/pdfbox/debugger/colorpane/CSSeparation.java,,,,,,,,,,,,,,,,,,,,,,,,,4,5,0,5,1,2,0,4,1,2,3,1,2,1,1,1,1,,,,,,0,,0,00,1,1,1,1
Private Method,"org.apache.pdfbox.debugger.colorpane.CSSeparation.setColorBarBorder()",debugger/src/main/java/org/apache/pdfbox/debugger/colorpane/CSSeparation.java,,,,,,,,,,,,,,,,,,,,,,,,,4,9,0,6,3,3,3,4,1,3,4,3,3,1,1,1,1,,,,,,0,,0,50,1,1,1,1
Public Method,"org.apache.pdfbox.debugger.colorpane.CSSeparation.stateChanged(ChangeEvent)",debugger/src/main/java/org/apache/pdfbox/debugger/colorpane/CSSeparation.java,,,,,,,,,,,,,,,,,,,,,,,,,4,19,0,15,3,7,4,7,2,5,7,2,6,2,2,2,1,,,,,,1,,0,27,2,2,2,1
Private Method,"org.apache.pdfbox.debugger.colorpane.CSSeparation.updateColorBar()",debugger/src/main/java/org/apache/pdfbox/debugger/colorpane/CSSeparation.java,,,,,,,,,,,,,,,,,,,,,,,,,5,5,0,5,2,2,0,3,1,2,3,2,2,1,1,1,1,,,,,,0,,0,00,1,1,1,1
Public Class,"org.apache.pdfbox.debugger.colorpane.ColorBarCellRenderer",debugger/src/main/java/org/apache/pdfbox/debugger/colorpane/ColorBarCellRenderer.java,1,1,1,1,9,0,9,0,2,6,0,,0,0,,,1,0,1,13,0,0,0,1,,18,0,12,5,4,6,,,4,6,3,4,,,,,1,1,1,1,1,0,0,0,50,1,1,1,1
Public Method,"org.apache.pdfbox.debugger.colorpane.ColorBarCellRenderer.getTableCellRendererComponent(JTable,Object,boolean,boolean,int,int)",debugger/src/main/java/org/apache/pdfbox/debugger/colorpane/ColorBarCellRenderer.java,,,,,,,,,,,,,,,,,,,,,,,,,1,9,0,9,4,4,0,4,1,4,5,2,4,1,1,1,1,,,,,,0,,0,00,1,1,1,1
Public Class,"org.apache.pdfbox.debugger.colorpane.DeviceNColorant",debugger/src/main/java/org/apache/pdfbox/debugger/colorpane/DeviceNColorant.java,1,1,1,1,4,0,3,0,1,2,0,,0,0,,,7,3,7,19,0,0,0,7,,46,7,33,11,6,6,,,9,17,11,6,,,,,1,1,1,1,1,0,71,0,18,7,7,7,7
Public Constructor,"org.apache.pdfbox.debugger.colorpane.DeviceNColorant.DeviceNColorant()",debugger/src/main/java/org/apache/pdfbox/debugger/colorpane/DeviceNColorant.java,,,,,,,,,,,,,,,,,,,,,,,,,1,6,0,3,1,0,3,1,1,0,1,1,0,1,1,1,1,,,,,,0,,1,00,1,1,1,1
Public Method,"org.apache.pdfbox.debugger.colorpane.DeviceNColorant.getMaximum()",debugger/src/main/java/org/apache/pdfbox/debugger/colorpane/DeviceNColorant.java,,,,,,,,,,,,,,,,,,,,,,,,,2,4,0,4,1,1,0,1,1,1,2,1,1,1,1,1,1,,,,,,0,,0,00,1,1,1,1
Public Method,"org.apache.pdfbox.debugger.colorpane.DeviceNColorant.getMinimum()",debugger/src/main/java/org/apache/pdfbox/debugger/colorpane/DeviceNColorant.java,,,,,,,,,,,,,,,,,,,,,,,,,2,4,0,4,1,1,0,1,1,1,2,1,1,1,1,1,1,,,,,,0,,0,00,1,1,1,1
Public Method,"org.apache.pdfbox.debugger.colorpane.DeviceNColorant.getName()",debugger/src/main/java/org/apache/pdfbox/debugger/colorpane/DeviceNColorant.java,,,,,,,,,,,,,,,,,,,,,,,,,2,4,0,4,1,1,0,1,1,1,2,1,1,1,1,1,1,,,,,,0,,0,00,1,1,1,1
Public Method,"org.apache.pdfbox.debugger.colorpane.DeviceNColorant.setMaximum(Color)",debugger/src/main/java/org/apache/pdfbox/debugger/colorpane/DeviceNColorant.java,,,,,,,,,,,,,,,,,,,,,,,,,2,4,0,4,1,1,0,1,1,1,2,1,1,1,1,1,1,,,,,,0,,0,00,1,1,1,1
Public Method,"org.apache.pdfbox.debugger.colorpane.DeviceNColorant.setMinimum(Color)",debugger/src/main/java/org/apache/pdfbox/debugger/colorpane/DeviceNColorant.java,,,,,,,,,,,,,,,,,,,,,,,,,2,4,0,4,1,1,0,1,1,1,2,1,1,1,1,1,1,,,,,,0,,0,00,1,1,1,1
Public Method,"org.apache.pdfbox.debugger.colorpane.DeviceNColorant.setName(String)",debugger/src/main/java/org/apache/pdfbox/debugger/colorpane/DeviceNColorant.java,,,,,,,,,,,,,,,,,,,,,,,,,2,4,0,4,1,1,0,1,1,1,2,1,1,1,1,1,1,,,,,,0,,0,00,1,1,1,1
Public Class,"org.apache.pdfbox.debugger.colorpane.DeviceNTableModel",debugger/src/main/java/org/apache/pdfbox/debugger/colorpane/DeviceNTableModel.java,2,1,2,1,8,0,8,0,1,6,0,,0,1,,,6,1,6,34,0,0,0,6,,70,6,54,15,22,10,,,13,22,9,13,,,,,4,2,4,1,1,1,50,0,19,12,8,12,6
Public Constructor,"org.apache.pdfbox.debugger.colorpane.DeviceNTableModel.DeviceNTableModel(DeviceNColorant[])",debugger/src/main/java/org/apache/pdfbox/debugger/colorpane/DeviceNTableModel.java,,,,,,,,,,,,,,,,,,,,,,,,,2,8,0,4,1,1,4,2,1,1,2,1,1,1,1,1,1,,,,,,0,,1,00,1,1,1,1
Public Method,"org.apache.pdfbox.debugger.colorpane.DeviceNTableModel.getColumnClass(int)",debugger/src/main/java/org/apache/pdfbox/debugger/colorpane/DeviceNTableModel.java,,,,,,,,,,,,,,,,,,,,,,,,,1,14,0,14,2,8,0,1,3,3,5,1,4,4,2,4,1,,,,,,1,,0,00,4,2,4,1
Public Method,"org.apache.pdfbox.debugger.colorpane.DeviceNTableModel.getColumnCount()",debugger/src/main/java/org/apache/pdfbox/debugger/colorpane/DeviceNTableModel.java,,,,,,,,,,,,,,,,,,,,,,,,,2,5,0,5,2,1,0,1,1,1,2,1,1,1,1,1,1,,,,,,0,,0,00,1,1,1,1
Public Method,"org.apache.pdfbox.debugger.colorpane.DeviceNTableModel.getColumnName(int)",debugger/src/main/java/org/apache/pdfbox/debugger/colorpane/DeviceNTableModel.java,,,,,,,,,,,,,,,,,,,,,,,,,2,5,0,5,2,1,0,1,1,1,2,1,1,1,1,1,1,,,,,,0,,0,00,1,1,1,1
Public Method,"org.apache.pdfbox.debugger.colorpane.DeviceNTableModel.getRowCount()",debugger/src/main/java/org/apache/pdfbox/debugger/colorpane/DeviceNTableModel.java,,,,,,,,,,,,,,,,,,,,,,,,,2,5,0,5,2,1,0,1,1,1,2,1,1,1,1,1,1,,,,,,0,,0,00,1,1,1,1
Public Method,"org.apache.pdfbox.debugger.colorpane.DeviceNTableModel.getValueAt(int,int)",debugger/src/main/java/org/apache/pdfbox/debugger/colorpane/DeviceNTableModel.java,,,,,,,,,,,,,,,,,,,,,,,,,3,15,0,15,2,9,0,4,4,4,6,1,5,4,2,4,1,,,,,,1,,0,00,4,2,4,1
Public Class,"org.apache.pdfbox.debugger.colorpane.IndexedColorant",debugger/src/main/java/org/apache/pdfbox/debugger/colorpane/IndexedColorant.java,1,1,1,1,5,0,4,0,1,3,0,,0,0,,,6,2,6,18,0,0,0,6,,48,6,33,10,10,9,,,11,20,11,10,,,,,2,2,2,1,1,1,58,0,27,7,7,7,6
Public Constructor,"org.apache.pdfbox.debugger.colorpane.IndexedColorant.IndexedColorant()",debugger/src/main/java/org/apache/pdfbox/debugger/colorpane/IndexedColorant.java,,,,,,,,,,,,,,,,,,,,,,,,,1,4,0,1,1,0,3,1,1,0,1,1,0,1,1,1,1,,,,,,0,,3,00,1,1,1,1
Public Method,"org.apache.pdfbox.debugger.colorpane.IndexedColorant.getColor()",debugger/src/main/java/org/apache/pdfbox/debugger/colorpane/IndexedColorant.java,,,,,,,,,,,,,,,,,,,,,,,,,2,4,0,4,1,1,0,2,1,1,2,1,1,1,1,1,1,,,,,,0,,0,00,1,1,1,1
Public Method,"org.apache.pdfbox.debugger.colorpane.IndexedColorant.getIndex()",debugger/src/main/java/org/apache/pdfbox/debugger/colorpane/IndexedColorant.java,,,,,,,,,,,,,,,,,,,,,,,,,2,4,0,4,1,1,0,1,1,1,2,1,1,1,1,1,1,,,,,,0,,0,00,1,1,1,1
Public Method,"org.apache.pdfbox.debugger.colorpane.IndexedColorant.getRGBValuesString()",debugger/src/main/java/org/apache/pdfbox/debugger/colorpane/IndexedColorant.java,,,,,,,,,,,,,,,,,,,,,,,,,2,11,0,11,2,6,0,7,2,5,8,3,6,2,2,2,1,,,,,,1,,0,00,2,2,2,1
Public Method,"org.apache.pdfbox.debugger.colorpane.IndexedColorant.setIndex(int)",debugger/src/main/java/org/apache/pdfbox/debugger/colorpane/IndexedColorant.java,,,,,,,,,,,,,,,,,,,,,,,,,2,4,0,4,1,1,0,1,1,1,2,1,1,1,1,1,1,,,,,,0,,0,00,1,1,1,1
Public Method,"org.apache.pdfbox.debugger.colorpane.IndexedColorant.setRgbValues(float[])",debugger/src/main/java/org/apache/pdfbox/debugger/colorpane/IndexedColorant.java,,,,,,,,,,,,,,,,,,,,,,,,,2,4,0,4,1,1,0,1,1,1,2,1,1,1,1,1,1,,,,,,0,,0,00,1,1,1,1
Public Class,"org.apache.pdfbox.debugger.colorpane.IndexedTableModel",debugger/src/main/java/org/apache/pdfbox/debugger/colorpane/IndexedTableModel.java,2,1,2,1,8,0,8,0,1,7,0,,0,1,,,6,1,6,34,0,0,0,6,,72,7,55,15,23,10,,,14,23,9,14,,,,,4,2,4,1,1,1,50,0,18,12,8,12,6
Public Constructor,"org.apache.pdfbox.debugger.colorpane.IndexedTableModel.IndexedTableModel(IndexedColorant[])",debugger/src/main/java/org/apache/pdfbox/debugger/colorpane/IndexedTableModel.java,,,,,,,,,,,,,,,,,,,,,,,,,2,8,0,4,1,1,4,2,1,1,2,1,1,1,1,1,1,,,,,,0,,1,00,1,1,1,1
Public Method,"org.apache.pdfbox.debugger.colorpane.IndexedTableModel.getColumnClass(int)",debugger/src/main/java/org/apache/pdfbox/debugger/colorpane/IndexedTableModel.java,,,,,,,,,,,,,,,,,,,,,,,,,1,15,0,15,2,9,0,1,4,4,6,1,5,4,2,4,1,,,,,,1,,0,00,4,2,4,1
Public Method,"org.apache.pdfbox.debugger.colorpane.IndexedTableModel.getColumnCount()",debugger/src/main/java/org/apache/pdfbox/debugger/colorpane/IndexedTableModel.java,,,,,,,,,,,,,,,,,,,,,,,,,2,5,0,5,2,1,0,1,1,1,2,1,1,1,1,1,1,,,,,,0,,0,00,1,1,1,1
Public Method,"org.apache.pdfbox.debugger.colorpane.IndexedTableModel.getColumnName(int)",debugger/src/main/java/org/apache/pdfbox/debugger/colorpane/IndexedTableModel.java,,,,,,,,,,,,,,,,,,,,,,,,,2,5,0,5,2,1,0,1,1,1,2,1,1,1,1,1,1,,,,,,0,,0,00,1,1,1,1
Public Method,"org.apache.pdfbox.debugger.colorpane.IndexedTableModel.getRowCount()",debugger/src/main/java/org/apache/pdfbox/debugger/colorpane/IndexedTableModel.java,,,,,,,,,,,,,,,,,,,,,,,,,2,5,0,5,2,1,0,1,1,1,2,1,1,1,1,1,1,,,,,,0,,0,00,1,1,1,1
Public Method,"org.apache.pdfbox.debugger.colorpane.IndexedTableModel.getValueAt(int,int)",debugger/src/main/java/org/apache/pdfbox/debugger/colorpane/IndexedTableModel.java,,,,,,,,,,,,,,,,,,,,,,,,,3,15,0,15,2,9,0,4,4,4,6,1,5,4,2,4,1,,,,,,1,,0,00,4,2,4,1
Package,"org.apache.pdfbox.debugger.flagbitspane",debugger/src/main/java/org/apache/pdfbox/debugger/flagbitspane/AnnotFlag.java,1,1,1,1,12,0,10,1,,,,10,0,0,9,,51,15,51,,30,17,0,4,,942,89,615,156,335,238,,,176,246,136,126,,,,,7,7,7,4,,1,,0,39,61,61,62,54
Class,"org.apache.pdfbox.debugger.flagbitspane.AnnotFlag",debugger/src/main/java/org/apache/pdfbox/debugger/flagbitspane/AnnotFlag.java,1,1,1,1,9,0,8,1,1,5,0,,0,0,,,4,1,4,20,4,0,0,0,,50,4,37,11,16,9,,,6,11,7,5,,,,,1,1,1,1,2,0,25,0,24,4,4,4,4
Constructor,"org.apache.pdfbox.debugger.flagbitspane.AnnotFlag.AnnotFlag(COSDictionary)",debugger/src/main/java/org/apache/pdfbox/debugger/flagbitspane/AnnotFlag.java,,,,,,,,,,,,,,,,,,,,,,,,,2,8,0,4,1,1,4,2,1,1,2,1,1,1,1,1,1,,,,,,0,,1,00,1,1,1,1
Method,"org.apache.pdfbox.debugger.flagbitspane.AnnotFlag.getFlagBits()",debugger/src/main/java/org/apache/pdfbox/debugger/flagbitspane/AnnotFlag.java,,,,,,,,,,,,,,,,,,,,,,,,,1,19,0,19,4,13,0,11,1,2,3,2,2,1,1,1,1,,,,,,0,,0,00,1,1,1,1
Anonymous Class,"org.apache.pdfbox.debugger.flagbitspane.AnnotFlag.getFlagBits.(Anon_1)",debugger/src/main/java/org/apache/pdfbox/debugger/flagbitspane/AnnotFlag.java,0,0,0,0,0,0,0,0,1,0,0,,0,0,,,0,0,0,69,0,0,0,0,,1,0,1,0,0,0,,,0,0,0,0,,,,,0,0,0,0,2,0,0,0,00,0,0,0,0
Method,"org.apache.pdfbox.debugger.flagbitspane.AnnotFlag.getFlagType()",debugger/src/main/java/org/apache/pdfbox/debugger/flagbitspane/AnnotFlag.java,,,,,,,,,,,,,,,,,,,,,,,,,0,5,0,5,2,1,0,1,1,1,2,1,1,1,1,1,1,,,,,,0,,0,00,1,1,1,1
Method,"org.apache.pdfbox.debugger.flagbitspane.AnnotFlag.getFlagValue()",debugger/src/main/java/org/apache/pdfbox/debugger/flagbitspane/AnnotFlag.java,,,,,,,,,,,,,,,,,,,,,,,,,2,5,0,5,2,1,0,2,1,1,2,1,1,1,1,1,1,,,,,,0,,0,00,1,1,1,1
Public Class,"org.apache.pdfbox.debugger.flagbitspane.EncryptFlag",debugger/src/main/java/org/apache/pdfbox/debugger/flagbitspane/EncryptFlag.java,1,1,1,1,8,0,7,1,1,5,0,,0,0,,,4,1,4,20,4,0,0,0,,46,4,33,10,14,9,,,6,11,7,5,,,,,1,1,1,1,2,0,25,0,27,4,4,4,4
Constructor,"org.apache.pdfbox.debugger.flagbitspane.EncryptFlag.EncryptFlag(COSDictionary)",debugger/src/main/java/org/apache/pdfbox/debugger/flagbitspane/EncryptFlag.java,,,,,,,,,,,,,,,,,,,,,,,,,2,8,0,4,1,1,4,2,1,1,2,1,1,1,1,1,1,,,,,,0,,1,00,1,1,1,1
Method,"org.apache.pdfbox.debugger.flagbitspane.EncryptFlag.getFlagBits()",debugger/src/main/java/org/apache/pdfbox/debugger/flagbitspane/EncryptFlag.java,,,,,,,,,,,,,,,,,,,,,,,,,2,15,0,15,3,11,0,11,1,2,3,2,2,1,1,1,1,,,,,,0,,0,00,1,1,1,1
Method,"org.apache.pdfbox.debugger.flagbitspane.EncryptFlag.getFlagType()",debugger/src/main/java/org/apache/pdfbox/debugger/flagbitspane/EncryptFlag.java,,,,,,,,,,,,,,,,,,,,,,,,,0,5,0,5,2,1,0,1,1,1,2,1,1,1,1,1,1,,,,,,0,,0,00,1,1,1,1
Method,"org.apache.pdfbox.debugger.flagbitspane.EncryptFlag.getFlagValue()",debugger/src/main/java/org/apache/pdfbox/debugger/flagbitspane/EncryptFlag.java,,,,,,,,,,,,,,,,,,,,,,,,,2,5,0,5,2,1,0,2,1,1,2,1,1,1,1,1,1,,,,,,0,,0,00,1,1,1,1
Class,"org.apache.pdfbox.debugger.flagbitspane.FieldFlag",debugger/src/main/java/org/apache/pdfbox/debugger/flagbitspane/FieldFlag.java,1,1,1,1,12,0,11,1,1,5,0,,0,0,,,9,1,9,25,4,5,0,0,,128,10,104,18,58,14,,,20,36,15,24,,,,,4,4,4,4,2,1,55,0,13,15,15,15,15
Constructor,"org.apache.pdfbox.debugger.flagbitspane.FieldFlag.FieldFlag(COSDictionary)",debugger/src/main/java/org/apache/pdfbox/debugger/flagbitspane/FieldFlag.java,,,,,,,,,,,,,,,,,,,,,,,,,2,8,0,4,1,1,4,2,1,1,2,1,1,1,1,1,1,,,,,,0,,1,00,1,1,1,1
Private Method,"org.apache.pdfbox.debugger.flagbitspane.FieldFlag.getButtonFieldFlagBits(int)",debugger/src/main/java/org/apache/pdfbox/debugger/flagbitspane/FieldFlag.java,,,,,,,,,,,,,,,,,,,,,,,,,2,12,0,12,1,9,0,2,1,1,2,1,1,1,1,1,1,,,,,,0,,0,00,1,1,1,1
Private Method,"org.apache.pdfbox.debugger.flagbitspane.FieldFlag.getChoiceFieldFlagBits(int)",debugger/src/main/java/org/apache/pdfbox/debugger/flagbitspane/FieldFlag.java,,,,,,,,,,,,,,,,,,,,,,,,,2,14,0,14,1,11,0,2,1,1,2,1,1,1,1,1,1,,,,,,0,,0,00,1,1,1,1
Private Method,"org.apache.pdfbox.debugger.flagbitspane.FieldFlag.getFieldFlagBits(int)",debugger/src/main/java/org/apache/pdfbox/debugger/flagbitspane/FieldFlag.java,,,,,,,,,,,,,,,,,,,,,,,,,2,8,0,8,1,5,0,2,1,1,2,1,1,1,1,1,1,,,,,,0,,0,00,1,1,1,1
Method,"org.apache.pdfbox.debugger.flagbitspane.FieldFlag.getFlagBits()",debugger/src/main/java/org/apache/pdfbox/debugger/flagbitspane/FieldFlag.java,,,,,,,,,,,,,,,,,,,,,,,,,6,20,1,19,4,9,0,8,4,6,10,3,9,4,4,4,4,,,,,,1,,0,00,4,4,4,4
Method,"org.apache.pdfbox.debugger.flagbitspane.FieldFlag.getFlagType()",debugger/src/main/java/org/apache/pdfbox/debugger/flagbitspane/FieldFlag.java,,,,,,,,,,,,,,,,,,,,,,,,,5,18,0,18,3,8,0,3,4,5,9,2,8,4,4,4,4,,,,,,1,,0,00,4,4,4,4
Method,"org.apache.pdfbox.debugger.flagbitspane.FieldFlag.getFlagValue()",debugger/src/main/java/org/apache/pdfbox/debugger/flagbitspane/FieldFlag.java,,,,,,,,,,,,,,,,,,,,,,,,,2,5,0,5,2,1,0,2,1,1,2,1,1,1,1,1,1,,,,,,0,,0,00,1,1,1,1
Private Method,"org.apache.pdfbox.debugger.flagbitspane.FieldFlag.getTextFieldFlagBits(int)",debugger/src/main/java/org/apache/pdfbox/debugger/flagbitspane/FieldFlag.java,,,,,,,,,,,,,,,,,,,,,,,,,2,15,0,15,1,12,0,2,1,1,2,1,1,1,1,1,1,,,,,,0,,0,00,1,1,1,1
Private Method,"org.apache.pdfbox.debugger.flagbitspane.FieldFlag.isFlagBitSet(int,int)",debugger/src/main/java/org/apache/pdfbox/debugger/flagbitspane/FieldFlag.java,,,,,,,,,,,,,,,,,,,,,,,,,6,11,0,5,2,2,6,1,1,2,3,2,1,1,1,1,1,,,,,,0,,1,20,1,1,1,1
Abstract Class,"org.apache.pdfbox.debugger.flagbitspane.Flag",debugger/src/main/java/org/apache/pdfbox/debugger/flagbitspane/Flag.java,1,1,1,1,4,0,4,0,1,1,6,,0,0,,,4,0,4,16,4,0,0,0,,15,0,10,5,1,5,,,4,6,5,1,,,,,1,1,1,1,1,0,0,0,50,1,1,1,1
Method,"org.apache.pdfbox.debugger.flagbitspane.Flag.getColumnNames()",debugger/src/main/java/org/apache/pdfbox/debugger/flagbitspane/Flag.java,,,,,,,,,,,,,,,,,,,,,,,,,1,4,0,4,1,1,0,1,1,1,2,1,1,1,1,1,1,,,,,,0,,0,00,1,1,1,1
Abstract Method,"org.apache.pdfbox.debugger.flagbitspane.Flag.getFlagBits()",debugger/src/main/java/org/apache/pdfbox/debugger/flagbitspane/Flag.java,,,,,,,,,,,,,,,,,,,,,,,,,1,1,0,1,1,0,0,1,0,1,1,1,0,0,0,0,0,,,,,,0,,0,00,0,0,0,0
Abstract Method,"org.apache.pdfbox.debugger.flagbitspane.Flag.getFlagType()",debugger/src/main/java/org/apache/pdfbox/debugger/flagbitspane/Flag.java,,,,,,,,,,,,,,,,,,,,,,,,,1,1,0,1,1,0,0,1,0,1,1,1,0,0,0,0,0,,,,,,0,,0,00,0,0,0,0
Abstract Method,"org.apache.pdfbox.debugger.flagbitspane.Flag.getFlagValue()",debugger/src/main/java/org/apache/pdfbox/debugger/flagbitspane/Flag.java,,,,,,,,,,,,,,,,,,,,,,,,,1,1,0,1,1,0,0,1,0,1,1,1,0,0,0,0,0,,,,,,0,,0,00,0,0,0,0
Public Class,"org.apache.pdfbox.debugger.flagbitspane.FlagBitsPane",debugger/src/main/java/org/apache/pdfbox/debugger/flagbitspane/FlagBitsPane.java,3,3,3,1,20,1,16,3,1,12,0,,0,0,,,3,2,3,15,0,1,0,2,,75,7,54,7,27,14,,,18,28,7,21,,,,,7,7,7,1,1,1,33,0,26,9,9,9,3
Public Constructor,"org.apache.pdfbox.debugger.flagbitspane.FlagBitsPane.FlagBitsPane(PDDocument,COSDictionary,COSName)",debugger/src/main/java/org/apache/pdfbox/debugger/flagbitspane/FlagBitsPane.java,,,,,,,,,,,,,,,,,,,,,,,,,4,10,0,5,1,2,5,3,1,2,3,1,2,1,1,1,1,,,,,,0,,1,00,1,1,1,1
Private Method,"org.apache.pdfbox.debugger.flagbitspane.FlagBitsPane.createPane(COSDictionary,COSName)",debugger/src/main/java/org/apache/pdfbox/debugger/flagbitspane/FlagBitsPane.java,,,,,,,,,,,,,,,,,,,,,,,,,10,44,4,40,2,24,0,13,64,13,20,2,18,7,7,7,1,,,,,,1,,0,00,7,7,7,1
Public Method,"org.apache.pdfbox.debugger.flagbitspane.FlagBitsPane.getPane()",debugger/src/main/java/org/apache/pdfbox/debugger/flagbitspane/FlagBitsPane.java,,,,,,,,,,,,,,,,,,,,,,,,,2,8,0,4,1,1,4,2,1,1,2,1,1,1,1,1,1,,,,,,0,,1,00,1,1,1,1
Class,"org.apache.pdfbox.debugger.flagbitspane.FlagBitsPaneView",debugger/src/main/java/org/apache/pdfbox/debugger/flagbitspane/FlagBitsPaneView.java,1,1,1,1,23,3,17,3,1,13,0,,0,0,,,3,5,3,15,2,1,0,0,,87,12,59,16,40,16,,,44,49,16,40,,,,,2,2,3,1,1,1,26,0,27,4,4,5,3
Constructor,"org.apache.pdfbox.debugger.flagbitspane.FlagBitsPaneView.FlagBitsPaneView(String,String,Object[][],String[])",debugger/src/main/java/org/apache/pdfbox/debugger/flagbitspane/FlagBitsPaneView.java,,,,,,,,,,,,,,,,,,,,,,,,,6,20,1,12,1,7,7,8,2,6,8,1,7,2,2,3,1,,,,,,1,,0,58,2,2,3,1
Private Method,"org.apache.pdfbox.debugger.flagbitspane.FlagBitsPaneView.createView()",debugger/src/main/java/org/apache/pdfbox/debugger/flagbitspane/FlagBitsPaneView.java,,,,,,,,,,,,,,,,,,,,,,,,,14,43,8,35,8,32,0,22,1,32,33,8,32,1,1,1,1,,,,,,0,,0,00,1,1,1,1
Method,"org.apache.pdfbox.debugger.flagbitspane.FlagBitsPaneView.getPanel()",debugger/src/main/java/org/apache/pdfbox/debugger/flagbitspane/FlagBitsPaneView.java,,,,,,,,,,,,,,,,,,,,,,,,,2,8,0,4,1,1,4,1,1,1,2,1,1,1,1,1,1,,,,,,0,,1,00,1,1,1,1
Public Class,"org.apache.pdfbox.debugger.flagbitspane.FontFlag",debugger/src/main/java/org/apache/pdfbox/debugger/flagbitspane/FontFlag.java,1,1,1,1,8,0,7,1,1,5,0,,0,0,,,4,1,4,20,4,0,0,0,,47,4,34,10,15,9,,,6,11,7,5,,,,,1,1,1,1,2,0,25,0,26,4,4,4,4
Constructor,"org.apache.pdfbox.debugger.flagbitspane.FontFlag.FontFlag(COSDictionary)",debugger/src/main/java/org/apache/pdfbox/debugger/flagbitspane/FontFlag.java,,,,,,,,,,,,,,,,,,,,,,,,,2,8,0,4,1,1,4,2,1,1,2,1,1,1,1,1,1,,,,,,0,,1,00,1,1,1,1
Method,"org.apache.pdfbox.debugger.flagbitspane.FontFlag.getFlagBits()",debugger/src/main/java/org/apache/pdfbox/debugger/flagbitspane/FontFlag.java,,,,,,,,,,,,,,,,,,,,,,,,,1,16,0,16,3,12,0,11,1,2,3,2,2,1,1,1,1,,,,,,0,,0,00,1,1,1,1
Method,"org.apache.pdfbox.debugger.flagbitspane.FontFlag.getFlagType()",debugger/src/main/java/org/apache/pdfbox/debugger/flagbitspane/FontFlag.java,,,,,,,,,,,,,,,,,,,,,,,,,0,5,0,5,2,1,0,1,1,1,2,1,1,1,1,1,1,,,,,,0,,0,00,1,1,1,1
Method,"org.apache.pdfbox.debugger.flagbitspane.FontFlag.getFlagValue()",debugger/src/main/java/org/apache/pdfbox/debugger/flagbitspane/FontFlag.java,,,,,,,,,,,,,,,,,,,,,,,,,2,5,0,5,2,1,0,2,1,1,2,1,1,1,1,1,1,,,,,,0,,0,00,1,1,1,1
Public Class,"org.apache.pdfbox.debugger.flagbitspane.PanoseFlag",debugger/src/main/java/org/apache/pdfbox/debugger/flagbitspane/PanoseFlag.java,1,1,1,1,13,0,12,0,1,7,0,,0,0,,,16,2,16,32,4,10,0,2,,238,18,212,25,155,8,,,21,38,21,19,,,,,1,1,1,1,2,0,87,0,04,16,16,16,16
Public Constructor,"org.apache.pdfbox.debugger.flagbitspane.PanoseFlag.PanoseFlag(COSDictionary)",debugger/src/main/java/org/apache/pdfbox/debugger/flagbitspane/PanoseFlag.java,,,,,,,,,,,,,,,,,,,,,,,,,3,9,0,5,1,2,4,5,1,2,3,1,2,1,1,1,1,,,,,,0,,0,80,1,1,1,1
Private Method,"org.apache.pdfbox.debugger.flagbitspane.PanoseFlag.getArmStyleValue(int)",debugger/src/main/java/org/apache/pdfbox/debugger/flagbitspane/PanoseFlag.java,,,,,,,,,,,,,,,,,,,,,,,,,2,17,0,17,1,14,0,1,1,1,2,1,1,1,1,1,1,,,,,,0,,0,00,1,1,1,1
Method,"org.apache.pdfbox.debugger.flagbitspane.PanoseFlag.getColumnNames()",debugger/src/main/java/org/apache/pdfbox/debugger/flagbitspane/PanoseFlag.java,,,,,,,,,,,,,,,,,,,,,,,,,0,5,0,5,2,1,0,1,1,1,2,1,1,1,1,1,1,,,,,,0,,0,00,1,1,1,1
Private Method,"org.apache.pdfbox.debugger.flagbitspane.PanoseFlag.getContrastValue(int)",debugger/src/main/java/org/apache/pdfbox/debugger/flagbitspane/PanoseFlag.java,,,,,,,,,,,,,,,,,,,,,,,,,2,15,0,15,1,12,0,1,1,1,2,1,1,1,1,1,1,,,,,,0,,0,00,1,1,1,1
Private Method,"org.apache.pdfbox.debugger.flagbitspane.PanoseFlag.getFamilyKindValue(int)",debugger/src/main/java/org/apache/pdfbox/debugger/flagbitspane/PanoseFlag.java,,,,,,,,,,,,,,,,,,,,,,,,,2,11,0,11,1,8,0,1,1,1,2,1,1,1,1,1,1,,,,,,0,,0,00,1,1,1,1
Method,"org.apache.pdfbox.debugger.flagbitspane.PanoseFlag.getFlagBits()",debugger/src/main/java/org/apache/pdfbox/debugger/flagbitspane/PanoseFlag.java,,,,,,,,,,,,,,,,,,,,,,,,,1,17,0,17,3,13,0,23,1,2,3,2,2,1,1,1,1,,,,,,0,,0,00,1,1,1,1
Method,"org.apache.pdfbox.debugger.flagbitspane.PanoseFlag.getFlagType()",debugger/src/main/java/org/apache/pdfbox/debugger/flagbitspane/PanoseFlag.java,,,,,,,,,,,,,,,,,,,,,,,,,0,5,0,5,2,1,0,1,1,1,2,1,1,1,1,1,1,,,,,,0,,0,00,1,1,1,1
Method,"org.apache.pdfbox.debugger.flagbitspane.PanoseFlag.getFlagValue()",debugger/src/main/java/org/apache/pdfbox/debugger/flagbitspane/PanoseFlag.java,,,,,,,,,,,,,,,,,,,,,,,,,1,5,0,5,2,1,0,2,1,1,2,1,1,1,1,1,1,,,,,,0,,0,00,1,1,1,1
Private Method,"org.apache.pdfbox.debugger.flagbitspane.PanoseFlag.getLetterformValue(int)",debugger/src/main/java/org/apache/pdfbox/debugger/flagbitspane/PanoseFlag.java,,,,,,,,,,,,,,,,,,,,,,,,,2,21,0,21,1,18,0,1,1,1,2,1,1,1,1,1,1,,,,,,0,,0,00,1,1,1,1
Private Method,"org.apache.pdfbox.debugger.flagbitspane.PanoseFlag.getMidlineValue(int)",debugger/src/main/java/org/apache/pdfbox/debugger/flagbitspane/PanoseFlag.java,,,,,,,,,,,,,,,,,,,,,,,,,2,19,0,19,1,16,0,1,1,1,2,1,1,1,1,1,1,,,,,,0,,0,00,1,1,1,1
Public Final Method,"org.apache.pdfbox.debugger.flagbitspane.PanoseFlag.getPanoseBytes(COSDictionary)",debugger/src/main/java/org/apache/pdfbox/debugger/flagbitspane/PanoseFlag.java,,,,,,,,,,,,,,,,,,,,,,,,,3,5,0,5,2,2,0,3,1,2,3,2,2,1,1,1,1,,,,,,0,,0,00,1,1,1,1
Private Method,"org.apache.pdfbox.debugger.flagbitspane.PanoseFlag.getProportionValue(int)",debugger/src/main/java/org/apache/pdfbox/debugger/flagbitspane/PanoseFlag.java,,,,,,,,,,,,,,,,,,,,,,,,,2,15,0,15,1,12,0,1,1,1,2,1,1,1,1,1,1,,,,,,0,,0,00,1,1,1,1
Private Method,"org.apache.pdfbox.debugger.flagbitspane.PanoseFlag.getSerifStyleValue(int)",debugger/src/main/java/org/apache/pdfbox/debugger/flagbitspane/PanoseFlag.java,,,,,,,,,,,,,,,,,,,,,,,,,2,21,0,21,1,18,0,1,1,1,2,1,1,1,1,1,1,,,,,,0,,0,00,1,1,1,1
Private Method,"org.apache.pdfbox.debugger.flagbitspane.PanoseFlag.getStrokeVariationValue(int)",debugger/src/main/java/org/apache/pdfbox/debugger/flagbitspane/PanoseFlag.java,,,,,,,,,,,,,,,,,,,,,,,,,2,16,0,16,1,13,0,1,1,1,2,1,1,1,1,1,1,,,,,,0,,0,00,1,1,1,1
Private Method,"org.apache.pdfbox.debugger.flagbitspane.PanoseFlag.getWeightValue(int)",debugger/src/main/java/org/apache/pdfbox/debugger/flagbitspane/PanoseFlag.java,,,,,,,,,,,,,,,,,,,,,,,,,2,17,0,17,1,14,0,1,1,1,2,1,1,1,1,1,1,,,,,,0,,0,00,1,1,1,1
Private Method,"org.apache.pdfbox.debugger.flagbitspane.PanoseFlag.getXHeightValue(int)",debugger/src/main/java/org/apache/pdfbox/debugger/flagbitspane/PanoseFlag.java,,,,,,,,,,,,,,,,,,,,,,,,,2,13,0,13,1,10,0,1,1,1,2,1,1,1,1,1,1,,,,,,0,,0,00,1,1,1,1
Public Class,"org.apache.pdfbox.debugger.flagbitspane.SigFlag",debugger/src/main/java/org/apache/pdfbox/debugger/flagbitspane/SigFlag.java,1,1,1,1,7,0,6,1,1,6,0,,0,0,,,4,2,4,20,4,0,0,0,,43,4,29,11,9,10,,,8,13,8,6,,,,,1,1,1,1,2,0,37,0,34,4,4,4,4
Constructor,"org.apache.pdfbox.debugger.flagbitspane.SigFlag.SigFlag(PDDocument,COSDictionary)",debugger/src/main/java/org/apache/pdfbox/debugger/flagbitspane/SigFlag.java,,,,,,,,,,,,,,,,,,,,,,,,,3,10,0,5,1,2,5,3,1,2,3,1,2,1,1,1,1,,,,,,0,,1,00,1,1,1,1
Method,"org.apache.pdfbox.debugger.flagbitspane.SigFlag.getFlagBits()",debugger/src/main/java/org/apache/pdfbox/debugger/flagbitspane/SigFlag.java,,,,,,,,,,,,,,,,,,,,,,,,,2,9,0,9,3,5,0,4,1,2,3,2,2,1,1,1,1,,,,,,0,,0,00,1,1,1,1
Method,"org.apache.pdfbox.debugger.flagbitspane.SigFlag.getFlagType()",debugger/src/main/java/org/apache/pdfbox/debugger/flagbitspane/SigFlag.java,,,,,,,,,,,,,,,,,,,,,,,,,0,5,0,5,2,1,0,1,1,1,2,1,1,1,1,1,1,,,,,,0,,0,00,1,1,1,1
Method,"org.apache.pdfbox.debugger.flagbitspane.SigFlag.getFlagValue()",debugger/src/main/java/org/apache/pdfbox/debugger/flagbitspane/SigFlag.java,,,,,,,,,,,,,,,,,,,,,,,,,2,5,0,5,2,1,0,2,1,1,2,1,1,1,1,1,1,,,,,,0,,0,00,1,1,1,1
Package,"org.apache.pdfbox.debugger.fontencodingpane",debugger/src/main/java/org/apache/pdfbox/debugger/fontencodingpane/FontEncodingPaneController.java,2,2,2,1,22,1,18,2,,,,7,0,6,5,,26,11,26,,7,13,0,6,,838,79,595,219,312,164,,,347,419,216,261,,,,,6,6,7,5,,3,,0,28,64,64,70,34
Public Class,"org.apache.pdfbox.debugger.fontencodingpane.FontEncodingPaneController",debugger/src/main/java/org/apache/pdfbox/debugger/fontencodingpane/FontEncodingPaneController.java,3,3,3,1,21,0,16,5,1,17,0,,0,1,,,2,1,2,14,0,0,0,2,,56,3,37,7,15,16,,,10,18,7,14,,,,,5,5,5,1,1,2,0,0,43,7,7,7,2
Public Constructor,"org.apache.pdfbox.debugger.fontencodingpane.FontEncodingPaneController.FontEncodingPaneController(COSName,COSDictionary)",debugger/src/main/java/org/apache/pdfbox/debugger/fontencodingpane/FontEncodingPaneController.java,,,,,,,,,,,,,,,,,,,,,,,,,5,29,0,24,3,11,5,10,5,6,11,3,10,5,5,5,1,,,,,,2,,0,21,5,5,5,1
Public Method,"org.apache.pdfbox.debugger.fontencodingpane.FontEncodingPaneController.getPane()",debugger/src/main/java/org/apache/pdfbox/debugger/fontencodingpane/FontEncodingPaneController.java,,,,,,,,,,,,,,,,,,,,,,,,,2,13,0,8,1,3,5,2,2,2,4,1,3,2,2,2,1,,,,,,1,,0,62,2,2,2,1
Class,"org.apache.pdfbox.debugger.fontencodingpane.FontEncodingView",debugger/src/main/java/org/apache/pdfbox/debugger/fontencodingpane/FontEncodingView.java,1,1,1,1,15,1,12,1,1,25,0,,0,1,,,5,1,5,17,2,3,0,0,,209,28,162,46,115,19,,,93,110,39,95,,,,,3,3,3,1,1,2,60,0,12,7,7,7,5
Constructor,"org.apache.pdfbox.debugger.fontencodingpane.FontEncodingView.FontEncodingView(Object[][],Map<String,String>,String[],double[])",debugger/src/main/java/org/apache/pdfbox/debugger/fontencodingpane/FontEncodingView.java,,,,,,,,,,,,,,,,,,,,,,,,,7,12,0,4,1,1,8,4,1,1,2,1,1,1,1,1,1,,,,,,0,,2,00,1,1,1,1
Private Static Final Class,"org.apache.pdfbox.debugger.fontencodingpane.FontEncodingView.GlyphCellRenderer",debugger/src/main/java/org/apache/pdfbox/debugger/fontencodingpane/FontEncodingView.java,2,2,3,2,35,3,30,2,2,26,0,,0,0,,,3,1,3,15,0,2,0,1,,113,13,94,26,70,6,,,51,60,21,53,,,,,6,6,7,5,1,2,33,0,06,8,8,9,7
Private Constructor,"org.apache.pdfbox.debugger.fontencodingpane.FontEncodingView.GlyphCellRenderer.GlyphCellRenderer(double[])",debugger/src/main/java/org/apache/pdfbox/debugger/fontencodingpane/FontEncodingView.java,,,,,,,,,,,,,,,,,,,,,,,,,2,4,0,4,1,1,0,2,1,1,2,1,1,1,1,1,1,,,,,,0,,0,00,1,1,1,1
Public Method,"org.apache.pdfbox.debugger.fontencodingpane.FontEncodingView.GlyphCellRenderer.getTableCellRendererComponent(JTable,Object,boolean,boolean,int,int)",debugger/src/main/java/org/apache/pdfbox/debugger/fontencodingpane/FontEncodingView.java,,,,,,,,,,,,,,,,,,,,,,,,,19,69,4,63,18,49,2,37,6,32,38,14,35,6,6,7,5,,,,,,2,,0,03,6,6,7,5
Private Method,"org.apache.pdfbox.debugger.fontencodingpane.FontEncodingView.GlyphCellRenderer.renderGlyph(GeneralPath,Rectangle2D,Rectangle)",debugger/src/main/java/org/apache/pdfbox/debugger/fontencodingpane/FontEncodingView.java,,,,,,,,,,,,,,,,,,,,,,,,,15,33,6,23,5,20,4,19,1,17,18,4,17,1,1,1,1,,,,,,0,,0,17,1,1,1,1
Private Method,"org.apache.pdfbox.debugger.fontencodingpane.FontEncodingView.createView(JPanel,JTable)",debugger/src/main/java/org/apache/pdfbox/debugger/fontencodingpane/FontEncodingView.java,,,,,,,,,,,,,,,,,,,,,,,,,9,26,5,21,3,18,0,16,1,18,19,3,18,1,1,1,1,,,,,,0,,0,00,1,1,1,1
Private Method,"org.apache.pdfbox.debugger.fontencodingpane.FontEncodingView.getHeaderPanel(Map<String,String>)",debugger/src/main/java/org/apache/pdfbox/debugger/fontencodingpane/FontEncodingView.java,,,,,,,,,,,,,,,,,,,,,,,,,6,29,3,26,9,19,0,24,3,16,19,8,17,3,3,3,1,,,,,,2,,0,00,3,3,3,1
Method,"org.apache.pdfbox.debugger.fontencodingpane.FontEncodingView.getPanel()",debugger/src/main/java/org/apache/pdfbox/debugger/fontencodingpane/FontEncodingView.java,,,,,,,,,,,,,,,,,,,,,,,,,4,4,0,4,1,1,0,1,1,1,2,1,1,1,1,1,1,,,,,,0,,0,00,1,1,1,1
Private Method,"org.apache.pdfbox.debugger.fontencodingpane.FontEncodingView.getTable(Object[][],String[],double[])",debugger/src/main/java/org/apache/pdfbox/debugger/fontencodingpane/FontEncodingView.java,,,,,,,,,,,,,,,,,,,,,,,,,4,7,0,7,2,4,0,5,1,4,5,2,4,1,1,1,1,,,,,,0,,0,00,1,1,1,1
Abstract Class,"org.apache.pdfbox.debugger.fontencodingpane.FontPane",debugger/src/main/java/org/apache/pdfbox/debugger/fontencodingpane/FontEncodingPaneController.java,3,3,3,3,25,0,17,8,1,6,3,,0,0,,,2,0,2,14,2,0,0,0,,30,1,21,7,10,8,,,9,14,8,7,,,,,3,3,3,3,1,2,0,0,38,3,3,3,3
Abstract Method,"org.apache.pdfbox.debugger.fontencodingpane.FontPane.getPanel()",debugger/src/main/java/org/apache/pdfbox/debugger/fontencodingpane/FontEncodingPaneController.java,,,,,,,,,,,,,,,,,,,,,,,,,1,1,0,1,1,0,0,1,0,1,1,1,0,0,0,0,0,,,,,,0,,0,00,0,0,0,0
Method,"org.apache.pdfbox.debugger.fontencodingpane.FontPane.getYBounds(Object[][],int)",debugger/src/main/java/org/apache/pdfbox/debugger/fontencodingpane/FontEncodingPaneController.java,,,,,,,,,,,,,,,,,,,,,,,,,4,25,0,17,5,10,8,7,3,8,12,6,7,3,3,3,3,,,,,,2,,0,47,3,3,3,3
Class,"org.apache.pdfbox.debugger.fontencodingpane.SimpleFont",debugger/src/main/java/org/apache/pdfbox/debugger/fontencodingpane/SimpleFont.java,1,1,2,1,15,1,13,1,1,17,0,,0,2,,,4,2,4,18,1,2,0,1,,79,9,60,15,33,10,,,29,37,15,27,,,,,4,4,5,1,2,3,50,0,17,7,7,8,4
Constructor,"org.apache.pdfbox.debugger.fontencodingpane.SimpleFont.SimpleFont(PDSimpleFont)",debugger/src/main/java/org/apache/pdfbox/debugger/fontencodingpane/SimpleFont.java,,,,,,,,,,,,,,,,,,,,,,,,,3,20,3,12,4,9,5,12,1,8,9,4,8,1,1,1,1,,,,,,0,,0,42,1,1,1,1
Private Method,"org.apache.pdfbox.debugger.fontencodingpane.SimpleFont.getEncodingName(PDSimpleFont)",debugger/src/main/java/org/apache/pdfbox/debugger/fontencodingpane/SimpleFont.java,,,,,,,,,,,,,,,,,,,,,,,,,2,4,0,4,1,1,0,5,1,1,2,1,1,1,1,1,1,,,,,,0,,0,00,1,1,1,1
Private Method,"org.apache.pdfbox.debugger.fontencodingpane.SimpleFont.getGlyphs(PDSimpleFont)",debugger/src/main/java/org/apache/pdfbox/debugger/fontencodingpane/SimpleFont.java,,,,,,,,,,,,,,,,,,,,,,,,,5,34,1,32,3,19,1,11,4,15,19,4,16,4,4,5,1,,,,,,3,,0,03,4,4,5,1
Public Method,"org.apache.pdfbox.debugger.fontencodingpane.SimpleFont.getPanel()",debugger/src/main/java/org/apache/pdfbox/debugger/fontencodingpane/SimpleFont.java,,,,,,,,,,,,,,,,,,,,,,,,,1,5,0,5,2,1,0,2,1,1,2,1,1,1,1,1,1,,,,,,0,,0,00,1,1,1,1
Class,"org.apache.pdfbox.debugger.fontencodingpane.Type0Font",debugger/src/main/java/org/apache/pdfbox/debugger/fontencodingpane/Type0Font.java,3,3,4,1,26,0,24,1,1,23,0,,0,1,,,4,2,4,18,1,2,0,1,,120,6,103,27,63,11,,,56,72,29,54,,,,,6,6,6,1,2,3,37,0,11,15,15,16,4
Constructor,"org.apache.pdfbox.debugger.fontencodingpane.Type0Font.Type0Font(PDCIDFont,PDType0Font)",debugger/src/main/java/org/apache/pdfbox/debugger/fontencodingpane/Type0Font.java,,,,,,,,,,,,,,,,,,,,,,,,,5,31,2,23,5,16,6,12,2,12,14,5,13,2,2,2,1,,,,,,1,,0,26,2,2,2,1
Public Method,"org.apache.pdfbox.debugger.fontencodingpane.Type0Font.getPanel()",debugger/src/main/java/org/apache/pdfbox/debugger/fontencodingpane/Type0Font.java,,,,,,,,,,,,,,,,,,,,,,,,,1,11,0,11,3,5,0,5,2,4,6,2,5,2,2,2,1,,,,,,1,,0,00,2,2,2,1
Private Method,"org.apache.pdfbox.debugger.fontencodingpane.Type0Font.readCIDToGIDMap(PDCIDFont,PDFont)",debugger/src/main/java/org/apache/pdfbox/debugger/fontencodingpane/Type0Font.java,,,,,,,,,,,,,,,,,,,,,,,,,5,33,0,33,10,22,0,11,6,20,25,11,19,5,5,6,1,,,,,,3,,0,00,5,5,6,1
Private Method,"org.apache.pdfbox.debugger.fontencodingpane.Type0Font.readMap(PDCIDFont,PDType0Font)",debugger/src/main/java/org/apache/pdfbox/debugger/fontencodingpane/Type0Font.java,,,,,,,,,,,,,,,,,,,,,,,,,3,31,0,31,5,18,0,9,12,17,23,7,17,6,6,6,1,,,,,,3,,0,00,6,6,6,1
Class,"org.apache.pdfbox.debugger.fontencodingpane.Type3Font",debugger/src/main/java/org/apache/pdfbox/debugger/fontencodingpane/Type3Font.java,2,2,3,1,23,1,19,2,1,29,0,,0,1,,,6,4,6,20,1,4,0,1,,165,13,127,33,76,25,,,66,84,34,64,,,,,5,5,6,4,2,3,62,0,20,17,17,20,9
Constructor,"org.apache.pdfbox.debugger.fontencodingpane.Type3Font.Type3Font(PDType3Font,PDResources)",debugger/src/main/java/org/apache/pdfbox/debugger/fontencodingpane/Type3Font.java,,,,,,,,,,,,,,,,,,,,,,,,,4,21,4,12,3,9,5,11,1,8,9,3,8,1,1,1,1,,,,,,0,,0,42,1,1,1,1
Private Method,"org.apache.pdfbox.debugger.fontencodingpane.Type3Font.calcBBox(PDType3Font)",debugger/src/main/java/org/apache/pdfbox/debugger/fontencodingpane/Type3Font.java,,,,,,,,,,,,,,,,,,,,,,,,,3,34,0,33,8,22,1,17,10,17,22,9,16,5,5,6,4,,,,,,2,,0,03,5,5,6,4
Private Method,"org.apache.pdfbox.debugger.fontencodingpane.Type3Font.getEncodingName(PDType3Font)",debugger/src/main/java/org/apache/pdfbox/debugger/fontencodingpane/Type3Font.java,,,,,,,,,,,,,,,,,,,,,,,,,2,4,0,4,1,1,0,5,1,1,2,1,1,1,1,1,1,,,,,,0,,0,00,1,1,1,1
Private Method,"org.apache.pdfbox.debugger.fontencodingpane.Type3Font.getGlyphs(PDType3Font)",debugger/src/main/java/org/apache/pdfbox/debugger/fontencodingpane/Type3Font.java,,,,,,,,,,,,,,,,,,,,,,,,,4,42,2,38,6,23,2,14,5,19,24,7,21,5,5,6,1,,,,,,3,,0,05,5,5,6,1
Public Method,"org.apache.pdfbox.debugger.fontencodingpane.Type3Font.getPanel()",debugger/src/main/java/org/apache/pdfbox/debugger/fontencodingpane/Type3Font.java,,,,,,,,,,,,,,,,,,,,,,,,,1,5,0,5,2,1,0,2,1,1,2,1,1,1,1,1,1,,,,,,0,,0,00,1,1,1,1
Private Method,"org.apache.pdfbox.debugger.fontencodingpane.Type3Font.renderType3Glyph(PDType3Font,int)",debugger/src/main/java/org/apache/pdfbox/debugger/fontencodingpane/Type3Font.java,,,,,,,,,,,,,,,,,,,,,,,,,7,37,1,27,7,18,9,28,2,15,19,7,17,4,4,5,1,,,,,,2,,0,33,4,4,5,1
Package,"org.apache.pdfbox.debugger.hexviewer",debugger/src/main/java/org/apache/pdfbox/debugger/hexviewer/AddressPane.java,1,1,1,1,11,0,9,1,,,,17,4,25,14,,74,31,78,,18,19,4,37,,1485,165,923,320,433,397,,,492,621,308,362,,,,,7,7,10,3,,3,,0,43,125,119,142,84
Class,"org.apache.pdfbox.debugger.hexviewer.ASCIIPane",debugger/src/main/java/org/apache/pdfbox/debugger/hexviewer/ASCIIPane.java,1,1,2,1,17,1,12,3,2,11,0,,0,0,,,5,3,5,696,2,1,1,1,,105,13,71,19,38,21,,,37,47,17,33,,,,,5,5,6,3,1,2,46,0,30,9,9,10,7
Constructor,"org.apache.pdfbox.debugger.hexviewer.ASCIIPane.ASCIIPane(HexModel)",debugger/src/main/java/org/apache/pdfbox/debugger/hexviewer/ASCIIPane.java,,,,,,,,,,,,,,,,,,,,,,,,,5,11,0,7,1,4,4,7,1,4,5,1,4,1,1,1,1,,,,,,0,,0,57,1,1,1,1
Public Method,"org.apache.pdfbox.debugger.hexviewer.ASCIIPane.hexModelChanged(HexModelChangedEvent)",debugger/src/main/java/org/apache/pdfbox/debugger/hexviewer/ASCIIPane.java,,,,,,,,,,,,,,,,,,,,,,,,,0,5,0,5,2,1,0,1,1,1,2,1,1,1,1,1,1,,,,,,0,,0,00,1,1,1,1
Protected Method,"org.apache.pdfbox.debugger.hexviewer.ASCIIPane.paintComponent(Graphics)",debugger/src/main/java/org/apache/pdfbox/debugger/hexviewer/ASCIIPane.java,,,,,,,,,,,,,,,,,,,,,,,,,8,38,5,33,8,19,0,8,10,16,21,8,15,5,5,6,3,,,,,,2,,0,00,5,5,6,3
Private Method,"org.apache.pdfbox.debugger.hexviewer.ASCIIPane.paintInSelected(Graphics,int,int)",debugger/src/main/java/org/apache/pdfbox/debugger/hexviewer/ASCIIPane.java,,,,,,,,,,,,,,,,,,,,,,,,,12,21,2,13,2,10,6,7,1,10,11,2,10,1,1,1,1,,,,,,0,,0,46,1,1,1,1
Method,"org.apache.pdfbox.debugger.hexviewer.ASCIIPane.setSelected(int)",debugger/src/main/java/org/apache/pdfbox/debugger/hexviewer/ASCIIPane.java,,,,,,,,,,,,,,,,,,,,,,,,,2,11,0,6,1,3,5,5,1,3,4,1,3,1,1,1,1,,,,,,0,,0,83,1,1,1,1
Class,"org.apache.pdfbox.debugger.hexviewer.AddressPane",debugger/src/main/java/org/apache/pdfbox/debugger/hexviewer/AddressPane.java,2,2,2,1,19,1,13,3,1,9,0,,0,0,,,4,3,4,695,2,1,1,0,,92,11,61,14,32,20,,,29,39,14,26,,,,,5,5,6,3,1,2,50,0,33,9,9,10,6
Constructor,"org.apache.pdfbox.debugger.hexviewer.AddressPane.AddressPane(int)",debugger/src/main/java/org/apache/pdfbox/debugger/hexviewer/AddressPane.java,,,,,,,,,,,,,,,,,,,,,,,,,6,10,0,6,1,3,4,5,1,3,4,1,3,1,1,1,1,,,,,,0,,0,67,1,1,1,1
Protected Method,"org.apache.pdfbox.debugger.hexviewer.AddressPane.paintComponent(Graphics)",debugger/src/main/java/org/apache/pdfbox/debugger/hexviewer/AddressPane.java,,,,,,,,,,,,,,,,,,,,,,,,,7,37,5,32,7,18,0,7,10,15,20,7,14,5,5,6,3,,,,,,2,,0,00,5,5,6,3
Private Method,"org.apache.pdfbox.debugger.hexviewer.AddressPane.paintSelected(Graphics,int,int)",debugger/src/main/java/org/apache/pdfbox/debugger/hexviewer/AddressPane.java,,,,,,,,,,,,,,,,,,,,,,,,,9,16,2,8,1,5,6,4,1,5,6,1,5,1,1,1,1,,,,,,0,,0,75,1,1,1,1
Method,"org.apache.pdfbox.debugger.hexviewer.AddressPane.setSelected(int)",debugger/src/main/java/org/apache/pdfbox/debugger/hexviewer/AddressPane.java,,,,,,,,,,,,,,,,,,,,,,,,,3,14,0,9,1,4,5,4,2,3,5,1,4,2,2,2,1,,,,,,1,,0,56,2,2,2,1
Interface,"org.apache.pdfbox.debugger.hexviewer.HexChangeListener",debugger/src/main/java/org/apache/pdfbox/debugger/hexviewer/HexChangeListener.java,0,0,0,0,0,0,0,0,0,1,1,,0,0,,,1,0,1,1,1,0,0,0,,4,0,4,2,0,0,,,1,2,2,0,,,,,0,0,0,0,0,0,0,0,00,0,0,0,0
Abstract Method,"org.apache.pdfbox.debugger.hexviewer.HexChangeListener.hexChanged(HexChangedEvent)",debugger/src/main/java/org/apache/pdfbox/debugger/hexviewer/HexChangeListener.java,,,,,,,,,,,,,,,,,,,,,,,,,1,1,0,1,1,0,0,0,0,1,1,1,0,0,0,0,0,,,,,,0,,0,00,0,0,0,0
Class,"org.apache.pdfbox.debugger.hexviewer.HexChangedEvent",debugger/src/main/java/org/apache/pdfbox/debugger/hexviewer/HexChangedEvent.java,1,1,1,1,6,0,4,1,1,0,0,,0,0,,,3,2,3,15,1,0,0,2,,31,3,18,6,4,10,,,6,10,6,4,,,,,1,1,1,1,1,0,33,0,56,3,3,3,3
Constructor,"org.apache.pdfbox.debugger.hexviewer.HexChangedEvent.HexChangedEvent(byte,int)",debugger/src/main/java/org/apache/pdfbox/debugger/hexviewer/HexChangedEvent.java,,,,,,,,,,,,,,,,,,,,,,,,,3,10,0,5,1,2,5,3,1,2,3,1,2,1,1,1,1,,,,,,0,,1,00,1,1,1,1
Public Method,"org.apache.pdfbox.debugger.hexviewer.HexChangedEvent.getByteIndex()",debugger/src/main/java/org/apache/pdfbox/debugger/hexviewer/HexChangedEvent.java,,,,,,,,,,,,,,,,,,,,,,,,,2,4,0,4,1,1,0,1,1,1,2,1,1,1,1,1,1,,,,,,0,,0,00,1,1,1,1
Public Method,"org.apache.pdfbox.debugger.hexviewer.HexChangedEvent.getNewValue()",debugger/src/main/java/org/apache/pdfbox/debugger/hexviewer/HexChangedEvent.java,,,,,,,,,,,,,,,,,,,,,,,,,2,4,0,4,1,1,0,1,1,1,2,1,1,1,1,1,1,,,,,,0,,0,00,1,1,1,1
Class,"org.apache.pdfbox.debugger.hexviewer.HexEditor",debugger/src/main/java/org/apache/pdfbox/debugger/hexviewer/HexEditor.java,2,1,2,1,32,3,28,1,2,32,0,,0,0,,,5,7,5,707,1,3,0,1,,186,23,153,33,111,10,,,101,113,33,97,,,,,6,3,7,1,1,1,54,0,07,10,7,11,5
Constructor,"org.apache.pdfbox.debugger.hexviewer.HexEditor.HexEditor(HexModel)",debugger/src/main/java/org/apache/pdfbox/debugger/hexviewer/HexEditor.java,,,,,,,,,,,,,,,,,,,,,,,,,3,18,0,14,1,8,4,5,1,5,7,2,5,1,1,1,1,,,,,,0,,0,29,1,1,1,1
Anonymous Class,"org.apache.pdfbox.debugger.hexviewer.HexEditor.HexEditor.(Anon_1)",debugger/src/main/java/org/apache/pdfbox/debugger/hexviewer/HexEditor.java,1,1,1,1,5,0,5,0,1,4,0,,0,0,,,1,0,1,33,0,0,0,1,,6,0,6,0,3,0,,,1,2,1,1,,,,,1,1,1,1,1,0,0,0,00,1,1,1,1
Public Method,"org.apache.pdfbox.debugger.hexviewer.HexEditor.HexEditor.(Anon_1).actionPerformed(ActionEvent)",debugger/src/main/java/org/apache/pdfbox/debugger/hexviewer/HexEditor.java,,,,,,,,,,,,,,,,,,,,,,,,,0,5,0,5,0,3,0,2,1,1,2,1,1,1,1,1,1,,,,,,0,,0,00,1,1,1,1
Private Method,"org.apache.pdfbox.debugger.hexviewer.HexEditor.createJumpDialog()",debugger/src/main/java/org/apache/pdfbox/debugger/hexviewer/HexEditor.java,,,,,,,,,,,,,,,,,,,,,,,,,4,38,4,34,9,26,0,18,1,22,25,10,23,1,1,1,1,,,,,,0,,0,00,1,1,1,1
Anonymous Class,"org.apache.pdfbox.debugger.hexviewer.HexEditor.createJumpDialog.(Anon_3)",debugger/src/main/java/org/apache/pdfbox/debugger/hexviewer/HexEditor.java,2,2,3,1,10,0,10,0,1,8,0,,0,0,,,1,0,1,33,0,0,0,1,,11,0,11,1,6,0,,,3,5,2,4,,,,,2,2,3,1,1,1,0,0,00,2,2,3,1
Public Method,"org.apache.pdfbox.debugger.hexviewer.HexEditor.createJumpDialog.(Anon_3).actionPerformed(ActionEvent)",debugger/src/main/java/org/apache/pdfbox/debugger/hexviewer/HexEditor.java,,,,,,,,,,,,,,,,,,,,,,,,,2,10,0,10,1,6,0,6,2,3,5,2,4,2,2,3,1,,,,,,1,,0,00,2,2,3,1
Private Method,"org.apache.pdfbox.debugger.hexviewer.HexEditor.createView()",debugger/src/main/java/org/apache/pdfbox/debugger/hexviewer/HexEditor.java,,,,,,,,,,,,,,,,,,,,,,,,,18,49,7,42,6,39,0,35,1,39,40,6,39,1,1,1,1,,,,,,0,,0,00,1,1,1,1
Private Method,"org.apache.pdfbox.debugger.hexviewer.HexEditor.getScrollPane()",debugger/src/main/java/org/apache/pdfbox/debugger/hexviewer/HexEditor.java,,,,,,,,,,,,,,,,,,,,,,,,,4,27,4,22,5,15,1,12,1,13,15,5,13,1,1,1,1,,,,,,0,,0,05,1,1,1,1
Anonymous Class,"org.apache.pdfbox.debugger.hexviewer.HexEditor.getScrollPane.(Anon_2)",debugger/src/main/java/org/apache/pdfbox/debugger/hexviewer/HexEditor.java,1,1,1,1,5,0,4,1,1,2,0,,0,0,,,1,0,1,33,0,0,0,1,,6,0,5,0,2,1,,,0,1,1,0,,,,,1,1,1,1,1,0,0,0,20,1,1,1,1
Public Method,"org.apache.pdfbox.debugger.hexviewer.HexEditor.getScrollPane.(Anon_2).actionPerformed(ActionEvent)",debugger/src/main/java/org/apache/pdfbox/debugger/hexviewer/HexEditor.java,,,,,,,,,,,,,,,,,,,,,,,,,0,5,0,4,0,2,1,0,1,0,1,1,0,1,1,1,1,,,,,,0,,0,25,1,1,1,1
Public Method,"org.apache.pdfbox.debugger.hexviewer.HexEditor.selectionChanged(SelectEvent)",debugger/src/main/java/org/apache/pdfbox/debugger/hexviewer/HexEditor.java,,,,,,,,,,,,,,,,,,,,,,,,,11,31,1,30,3,22,0,8,10,15,18,2,17,6,3,7,1,,,,,,1,,0,00,6,3,7,1
Class,"org.apache.pdfbox.debugger.hexviewer.HexModel",debugger/src/main/java/org/apache/pdfbox/debugger/hexviewer/HexModel.java,1,1,1,1,8,0,6,1,2,10,0,,3,0,,,10,2,13,25,1,2,0,10,,140,17,95,26,38,28,,,37,58,28,34,,,,,4,4,4,1,1,2,61,0,29,23,23,25,14
Constructor,"org.apache.pdfbox.debugger.hexviewer.HexModel.HexModel(byte[])",debugger/src/main/java/org/apache/pdfbox/debugger/hexviewer/HexModel.java,,,,,,,,,,,,,,,,,,,,,,,,,5,15,2,9,1,4,4,6,2,3,6,2,4,2,2,2,1,,,,,,1,,0,44,2,2,2,1
Public Method,"org.apache.pdfbox.debugger.hexviewer.HexModel.addHexModelChangeListener(HexModelChangeListener)",debugger/src/main/java/org/apache/pdfbox/debugger/hexviewer/HexModel.java,,,,,,,,,,,,,,,,,,,,,,,,,5,4,0,4,1,1,0,1,1,1,2,1,1,1,1,1,1,,,,,,0,,0,00,1,1,1,1
Public Static Method,"org.apache.pdfbox.debugger.hexviewer.HexModel.elementIndexInLine(int)",debugger/src/main/java/org/apache/pdfbox/debugger/hexviewer/HexModel.java,,,,,,,,,,,,,,,,,,,,,,,,,4,4,0,4,1,1,0,1,1,1,2,1,1,1,1,1,1,,,,,,0,,0,00,1,1,1,1
Private Method,"org.apache.pdfbox.debugger.hexviewer.HexModel.fireModelChanged(int)",debugger/src/main/java/org/apache/pdfbox/debugger/hexviewer/HexModel.java,,,,,,,,,,,,,,,,,,,,,,,,,4,5,0,5,1,2,0,1,1,1,2,1,1,1,1,1,1,,,,,,0,,0,00,2,2,2,2
Lambda Method,"org.apache.pdfbox.debugger.hexviewer.HexModel.fireModelChanged.(lambda_expr_1)(HexModelChangeListener (inferred))",debugger/src/main/java/org/apache/pdfbox/debugger/hexviewer/HexModel.java,,,,,,,,,,,,,,,,,,,,,,,,,3,2,0,2,0,2,0,3,1,0,0,0,0,1,1,1,1,,,,,,0,,0,00,1,1,1,1
Public Method,"org.apache.pdfbox.debugger.hexviewer.HexModel.getByte(int)",debugger/src/main/java/org/apache/pdfbox/debugger/hexviewer/HexModel.java,,,,,,,,,,,,,,,,,,,,,,,,,4,9,0,4,1,1,5,2,1,1,2,1,1,1,1,1,1,,,,,,0,,1,25,1,1,1,1
Public Method,"org.apache.pdfbox.debugger.hexviewer.HexModel.getBytesForLine(int)",debugger/src/main/java/org/apache/pdfbox/debugger/hexviewer/HexModel.java,,,,,,,,,,,,,,,,,,,,,,,,,4,13,1,12,4,7,0,4,2,8,10,5,6,2,2,2,1,,,,,,1,,0,00,2,2,2,1
Public Method,"org.apache.pdfbox.debugger.hexviewer.HexModel.getLineChars(int)",debugger/src/main/java/org/apache/pdfbox/debugger/hexviewer/HexModel.java,,,,,,,,,,,,,,,,,,,,,,,,,5,23,1,17,5,10,5,5,3,10,13,6,9,4,4,4,1,,,,,,2,,0,29,4,4,4,1
Public Method,"org.apache.pdfbox.debugger.hexviewer.HexModel.hexChanged(HexChangedEvent)",debugger/src/main/java/org/apache/pdfbox/debugger/hexviewer/HexModel.java,,,,,,,,,,,,,,,,,,,,,,,,,2,10,0,10,3,4,0,5,2,3,5,2,4,2,2,3,1,,,,,,1,,0,00,2,2,3,1
Private Static Method,"org.apache.pdfbox.debugger.hexviewer.HexModel.isAsciiPrintable(char)",debugger/src/main/java/org/apache/pdfbox/debugger/hexviewer/HexModel.java,,,,,,,,,,,,,,,,,,,,,,,,,2,4,0,4,1,1,0,1,1,1,2,1,1,1,1,2,1,,,,,,0,,0,00,1,1,2,1
Public Static Method,"org.apache.pdfbox.debugger.hexviewer.HexModel.lineNumber(int)",debugger/src/main/java/org/apache/pdfbox/debugger/hexviewer/HexModel.java,,,,,,,,,,,,,,,,,,,,,,,,,6,5,0,5,2,2,0,1,1,2,3,2,1,2,2,2,1,,,,,,0,,0,00,2,2,2,1
Public Method,"org.apache.pdfbox.debugger.hexviewer.HexModel.size()",debugger/src/main/java/org/apache/pdfbox/debugger/hexviewer/HexModel.java,,,,,,,,,,,,,,,,,,,,,,,,,4,8,0,4,1,1,4,2,1,1,2,1,1,1,1,1,1,,,,,,0,,1,00,1,1,1,1
Public Method,"org.apache.pdfbox.debugger.hexviewer.HexModel.totalLine()",debugger/src/main/java/org/apache/pdfbox/debugger/hexviewer/HexModel.java,,,,,,,,,,,,,,,,,,,,,,,,,6,8,0,4,1,1,4,2,1,1,2,1,1,2,2,2,1,,,,,,0,,1,00,2,2,2,1
Public Method,"org.apache.pdfbox.debugger.hexviewer.HexModel.updateModel(int,byte)",debugger/src/main/java/org/apache/pdfbox/debugger/hexviewer/HexModel.java,,,,,,,,,,,,,,,,,,,,,,,,,3,8,0,8,1,3,0,4,2,2,4,1,3,2,2,2,1,,,,,,1,,0,00,2,2,2,1
Interface,"org.apache.pdfbox.debugger.hexviewer.HexModelChangeListener",debugger/src/main/java/org/apache/pdfbox/debugger/hexviewer/HexModelChangeListener.java,0,0,0,0,0,0,0,0,0,1,2,,0,0,,,1,0,1,1,1,0,0,0,,4,0,4,2,0,0,,,1,2,2,0,,,,,0,0,0,0,0,0,0,0,00,0,0,0,0
Abstract Method,"org.apache.pdfbox.debugger.hexviewer.HexModelChangeListener.hexModelChanged(HexModelChangedEvent)",debugger/src/main/java/org/apache/pdfbox/debugger/hexviewer/HexModelChangeListener.java,,,,,,,,,,,,,,,,,,,,,,,,,1,1,0,1,1,0,0,0,0,1,1,1,0,0,0,0,0,,,,,,0,,0,00,0,0,0,0
Class,"org.apache.pdfbox.debugger.hexviewer.HexModelChangedEvent",debugger/src/main/java/org/apache/pdfbox/debugger/hexviewer/HexModelChangedEvent.java,1,1,1,1,6,0,4,2,1,0,0,,0,2,,,3,2,3,15,3,0,0,0,,36,4,20,8,6,12,,,8,12,8,4,,,,,1,1,1,1,1,0,33,0,60,3,3,3,3
Constructor,"org.apache.pdfbox.debugger.hexviewer.HexModelChangedEvent.HexModelChangedEvent(int,int)",debugger/src/main/java/org/apache/pdfbox/debugger/hexviewer/HexModelChangedEvent.java,,,,,,,,,,,,,,,,,,,,,,,,,3,12,0,5,1,2,7,3,1,2,3,1,2,1,1,1,1,,,,,,0,,1,40,1,1,1,1
Method,"org.apache.pdfbox.debugger.hexviewer.HexModelChangedEvent.getChangeType()",debugger/src/main/java/org/apache/pdfbox/debugger/hexviewer/HexModelChangedEvent.java,,,,,,,,,,,,,,,,,,,,,,,,,1,4,0,4,1,1,0,1,1,1,2,1,1,1,1,1,1,,,,,,0,,0,00,1,1,1,1
Method,"org.apache.pdfbox.debugger.hexviewer.HexModelChangedEvent.getStartIndex()",debugger/src/main/java/org/apache/pdfbox/debugger/hexviewer/HexModelChangedEvent.java,,,,,,,,,,,,,,,,,,,,,,,,,1,4,0,4,1,1,0,1,1,1,2,1,1,1,1,1,1,,,,,,0,,0,00,1,1,1,1
Class,"org.apache.pdfbox.debugger.hexviewer.HexPane",debugger/src/main/java/org/apache/pdfbox/debugger/hexviewer/HexPane.java,1,1,2,1,11,0,9,0,5,26,0,,1,3,,,26,6,27,729,1,11,1,14,,347,38,277,72,135,32,,,111,158,61,112,,,,,7,7,10,3,1,3,87,0,12,50,47,61,31
Constructor,"org.apache.pdfbox.debugger.hexviewer.HexPane.HexPane(HexModel)",debugger/src/main/java/org/apache/pdfbox/debugger/hexviewer/HexPane.java,,,,,,,,,,,,,,,,,,,,,,,,,5,15,0,11,1,8,4,11,1,8,9,1,8,1,1,1,1,,,,,,0,,0,36,1,1,1,1
Public Method,"org.apache.pdfbox.debugger.hexviewer.HexPane.addHexChangeListeners(HexChangeListener)",debugger/src/main/java/org/apache/pdfbox/debugger/hexviewer/HexPane.java,,,,,,,,,,,,,,,,,,,,,,,,,3,4,0,4,1,1,0,1,1,1,2,1,1,1,1,1,1,,,,,,0,,0,00,1,1,1,1
Public Method,"org.apache.pdfbox.debugger.hexviewer.HexPane.addSelectionChangeListener(SelectionChangeListener)",debugger/src/main/java/org/apache/pdfbox/debugger/hexviewer/HexPane.java,,,,,,,,,,,,,,,,,,,,,,,,,3,4,0,4,1,1,0,1,1,1,2,1,1,1,1,1,1,,,,,,0,,0,00,1,1,1,1
Private Method,"org.apache.pdfbox.debugger.hexviewer.HexPane.fireHexValueChanged(byte,int)",debugger/src/main/java/org/apache/pdfbox/debugger/hexviewer/HexPane.java,,,,,,,,,,,,,,,,,,,,,,,,,3,4,0,4,1,1,0,1,1,1,2,1,1,1,1,1,1,,,,,,0,,0,00,2,2,2,2
Lambda Method,"org.apache.pdfbox.debugger.hexviewer.HexPane.fireHexValueChanged.(lambda_expr_1)(HexChangeListener (inferred))",debugger/src/main/java/org/apache/pdfbox/debugger/hexviewer/HexPane.java,,,,,,,,,,,,,,,,,,,,,,,,,3,1,0,1,0,1,0,3,1,0,0,0,0,1,1,1,1,,,,,,0,,0,00,1,1,1,1
Private Method,"org.apache.pdfbox.debugger.hexviewer.HexPane.fireSelectionChanged(SelectEvent)",debugger/src/main/java/org/apache/pdfbox/debugger/hexviewer/HexPane.java,,,,,,,,,,,,,,,,,,,,,,,,,5,4,0,4,1,1,0,1,1,1,2,1,1,1,1,1,1,,,,,,0,,0,00,2,2,2,2
Lambda Method,"org.apache.pdfbox.debugger.hexviewer.HexPane.fireSelectionChanged.(lambda_expr_1)(SelectionChangeListener (inferred))",debugger/src/main/java/org/apache/pdfbox/debugger/hexviewer/HexPane.java,,,,,,,,,,,,,,,,,,,,,,,,,2,1,0,1,0,1,0,2,1,0,0,0,0,1,1,1,1,,,,,,0,,0,00,1,1,1,1
Private Method,"org.apache.pdfbox.debugger.hexviewer.HexPane.getByte(char[])",debugger/src/main/java/org/apache/pdfbox/debugger/hexviewer/HexPane.java,,,,,,,,,,,,,,,,,,,,,,,,,2,4,0,4,1,1,0,3,1,1,2,1,1,1,1,1,1,,,,,,0,,0,00,1,1,1,1
Private Method,"org.apache.pdfbox.debugger.hexviewer.HexPane.getChars(byte)",debugger/src/main/java/org/apache/pdfbox/debugger/hexviewer/HexPane.java,,,,,,,,,,,,,,,,,,,,,,,,,3,4,0,4,1,1,0,3,1,1,2,1,1,1,1,1,1,,,,,,0,,0,00,1,1,1,1
Private Method,"org.apache.pdfbox.debugger.hexviewer.HexPane.getIndexForPoint(Point)",debugger/src/main/java/org/apache/pdfbox/debugger/hexviewer/HexPane.java,,,,,,,,,,,,,,,,,,,,,,,,,6,17,0,12,5,7,5,1,2,6,8,5,3,2,2,3,1,,,,,,1,,0,42,2,2,3,1
Private Method,"org.apache.pdfbox.debugger.hexviewer.HexPane.getPointForIndex(int)",debugger/src/main/java/org/apache/pdfbox/debugger/hexviewer/HexPane.java,,,,,,,,,,,,,,,,,,,,,,,,,5,11,0,6,3,3,5,4,1,3,4,3,3,1,1,1,1,,,,,,0,,0,83,1,1,1,1
Private Method,"org.apache.pdfbox.debugger.hexviewer.HexPane.getSelectedString(String)",debugger/src/main/java/org/apache/pdfbox/debugger/hexviewer/HexPane.java,,,,,,,,,,,,,,,,,,,,,,,,,6,7,0,7,2,4,0,3,1,4,5,2,4,1,1,1,1,,,,,,0,,0,00,1,1,1,1
Public Method,"org.apache.pdfbox.debugger.hexviewer.HexPane.hexModelChanged(HexModelChangedEvent)",debugger/src/main/java/org/apache/pdfbox/debugger/hexviewer/HexPane.java,,,,,,,,,,,,,,,,,,,,,,,,,0,5,0,5,2,1,0,1,1,1,2,1,1,1,1,1,1,,,,,,0,,0,00,1,1,1,1
Private Static Method,"org.apache.pdfbox.debugger.hexviewer.HexPane.isHexChar(char)",debugger/src/main/java/org/apache/pdfbox/debugger/hexviewer/HexPane.java,,,,,,,,,,,,,,,,,,,,,,,,,2,4,0,4,1,1,0,1,1,1,2,1,1,1,1,6,1,,,,,,0,,0,00,1,1,6,1
Public Method,"org.apache.pdfbox.debugger.hexviewer.HexPane.keyPressed(KeyEvent)",debugger/src/main/java/org/apache/pdfbox/debugger/hexviewer/HexPane.java,,,,,,,,,,,,,,,,,,,,,,,,,10,32,0,32,2,20,0,5,7,11,15,1,14,7,4,9,1,,,,,,3,,0,00,7,4,9,1
Public Method,"org.apache.pdfbox.debugger.hexviewer.HexPane.keyReleased(KeyEvent)",debugger/src/main/java/org/apache/pdfbox/debugger/hexviewer/HexPane.java,,,,,,,,,,,,,,,,,,,,,,,,,0,5,0,4,2,0,1,0,1,0,1,1,0,1,1,1,1,,,,,,0,,0,25,1,1,1,1
Public Method,"org.apache.pdfbox.debugger.hexviewer.HexPane.keyTyped(KeyEvent)",debugger/src/main/java/org/apache/pdfbox/debugger/hexviewer/HexPane.java,,,,,,,,,,,,,,,,,,,,,,,,,6,26,0,26,6,14,0,10,4,10,14,5,13,4,4,4,1,,,,,,3,,0,00,4,4,4,1
Public Method,"org.apache.pdfbox.debugger.hexviewer.HexPane.mouseClicked(MouseEvent)",debugger/src/main/java/org/apache/pdfbox/debugger/hexviewer/HexPane.java,,,,,,,,,,,,,,,,,,,,,,,,,3,11,0,11,3,5,0,4,2,4,6,2,5,2,2,2,1,,,,,,1,,0,00,2,2,2,1
Public Method,"org.apache.pdfbox.debugger.hexviewer.HexPane.mouseDragged(MouseEvent)",debugger/src/main/java/org/apache/pdfbox/debugger/hexviewer/HexPane.java,,,,,,,,,,,,,,,,,,,,,,,,,0,5,0,4,2,0,1,0,1,0,1,1,0,1,1,1,1,,,,,,0,,0,25,1,1,1,1
Public Method,"org.apache.pdfbox.debugger.hexviewer.HexPane.mouseEntered(MouseEvent)",debugger/src/main/java/org/apache/pdfbox/debugger/hexviewer/HexPane.java,,,,,,,,,,,,,,,,,,,,,,,,,0,5,0,4,2,0,1,0,1,0,1,1,0,1,1,1,1,,,,,,0,,0,25,1,1,1,1
Public Method,"org.apache.pdfbox.debugger.hexviewer.HexPane.mouseExited(MouseEvent)",debugger/src/main/java/org/apache/pdfbox/debugger/hexviewer/HexPane.java,,,,,,,,,,,,,,,,,,,,,,,,,0,5,0,4,2,0,1,0,1,0,1,1,0,1,1,1,1,,,,,,0,,0,25,1,1,1,1
Public Method,"org.apache.pdfbox.debugger.hexviewer.HexPane.mouseMoved(MouseEvent)",debugger/src/main/java/org/apache/pdfbox/debugger/hexviewer/HexPane.java,,,,,,,,,,,,,,,,,,,,,,,,,0,5,0,4,2,0,1,0,1,0,1,1,0,1,1,1,1,,,,,,0,,0,25,1,1,1,1
Public Method,"org.apache.pdfbox.debugger.hexviewer.HexPane.mousePressed(MouseEvent)",debugger/src/main/java/org/apache/pdfbox/debugger/hexviewer/HexPane.java,,,,,,,,,,,,,,,,,,,,,,,,,0,5,0,4,2,0,1,0,1,0,1,1,0,1,1,1,1,,,,,,0,,0,25,1,1,1,1
Public Method,"org.apache.pdfbox.debugger.hexviewer.HexPane.mouseReleased(MouseEvent)",debugger/src/main/java/org/apache/pdfbox/debugger/hexviewer/HexPane.java,,,,,,,,,,,,,,,,,,,,,,,,,0,5,0,4,2,0,1,0,1,0,1,1,0,1,1,1,1,,,,,,0,,0,25,1,1,1,1
Protected Method,"org.apache.pdfbox.debugger.hexviewer.HexPane.paintComponent(Graphics)",debugger/src/main/java/org/apache/pdfbox/debugger/hexviewer/HexPane.java,,,,,,,,,,,,,,,,,,,,,,,,,16,52,4,48,10,30,0,14,18,25,33,11,25,7,7,10,3,,,,,,3,,0,00,7,7,10,3
Private Method,"org.apache.pdfbox.debugger.hexviewer.HexPane.paintInEdit(Graphics,byte,int,int)",debugger/src/main/java/org/apache/pdfbox/debugger/hexviewer/HexPane.java,,,,,,,,,,,,,,,,,,,,,,,,,10,25,4,21,2,14,0,7,2,12,14,2,13,2,2,2,1,,,,,,1,,0,00,2,2,2,1
Private Method,"org.apache.pdfbox.debugger.hexviewer.HexPane.putInSelected(int)",debugger/src/main/java/org/apache/pdfbox/debugger/hexviewer/HexPane.java,,,,,,,,,,,,,,,,,,,,,,,,,7,22,0,17,2,10,5,11,3,8,11,2,10,3,3,3,1,,,,,,1,,0,29,3,3,3,1
Private Method,"org.apache.pdfbox.debugger.hexviewer.HexPane.setDefault(Graphics)",debugger/src/main/java/org/apache/pdfbox/debugger/hexviewer/HexPane.java,,,,,,,,,,,,,,,,,,,,,,,,,3,5,0,5,1,2,0,3,1,2,3,1,2,1,1,1,1,,,,,,0,,0,00,1,1,1,1
Public Method,"org.apache.pdfbox.debugger.hexviewer.HexPane.setSelected(int)",debugger/src/main/java/org/apache/pdfbox/debugger/hexviewer/HexPane.java,,,,,,,,,,,,,,,,,,,,,,,,,3,7,0,7,1,2,0,1,2,1,3,1,2,2,2,2,1,,,,,,1,,0,00,2,2,2,1
Public Class,"org.apache.pdfbox.debugger.hexviewer.HexView",debugger/src/main/java/org/apache/pdfbox/debugger/hexviewer/HexView.java,1,1,1,1,6,0,5,1,1,12,0,,0,12,,,4,1,4,16,0,0,0,4,,58,5,44,20,23,9,,,23,29,19,16,,,,,2,2,2,1,1,1,0,0,20,5,5,5,4
Public Constructor,"org.apache.pdfbox.debugger.hexviewer.HexView.HexView()",debugger/src/main/java/org/apache/pdfbox/debugger/hexviewer/HexView.java,,,,,,,,,,,,,,,,,,,,,,,,,1,4,0,4,1,1,0,4,1,1,2,1,1,1,1,1,1,,,,,,0,,0,00,1,1,1,1
Public Constructor,"org.apache.pdfbox.debugger.hexviewer.HexView.HexView(byte[])",debugger/src/main/java/org/apache/pdfbox/debugger/hexviewer/HexView.java,,,,,,,,,,,,,,,,,,,,,,,,,3,9,0,5,1,2,4,7,1,2,3,1,2,1,1,1,1,,,,,,0,,0,80,1,1,1,1
Public Method,"org.apache.pdfbox.debugger.hexviewer.HexView.changeData(byte[])",debugger/src/main/java/org/apache/pdfbox/debugger/hexviewer/HexView.java,,,,,,,,,,,,,,,,,,,,,,,,,3,10,0,10,2,5,0,6,2,4,6,2,5,2,2,2,1,,,,,,1,,0,00,2,2,2,1
Public Method,"org.apache.pdfbox.debugger.hexviewer.HexView.getPane()",debugger/src/main/java/org/apache/pdfbox/debugger/hexviewer/HexView.java,,,,,,,,,,,,,,,,,,,,,,,,,4,4,0,4,1,1,0,1,1,1,2,1,1,1,1,1,1,,,,,,0,,0,00,1,1,1,1
Class,"org.apache.pdfbox.debugger.hexviewer.SelectEvent",debugger/src/main/java/org/apache/pdfbox/debugger/hexviewer/SelectEvent.java,1,1,1,1,6,0,4,1,1,1,0,,0,7,,,3,2,3,15,1,0,0,2,,39,4,25,13,11,10,,,13,17,13,4,,,,,1,1,1,1,1,0,33,0,40,3,3,3,3
Constructor,"org.apache.pdfbox.debugger.hexviewer.SelectEvent.SelectEvent(int,String)",debugger/src/main/java/org/apache/pdfbox/debugger/hexviewer/SelectEvent.java,,,,,,,,,,,,,,,,,,,,,,,,,6,10,0,5,1,2,5,3,1,2,3,1,2,1,1,1,1,,,,,,0,,1,00,1,1,1,1
Public Method,"org.apache.pdfbox.debugger.hexviewer.SelectEvent.getHexIndex()",debugger/src/main/java/org/apache/pdfbox/debugger/hexviewer/SelectEvent.java,,,,,,,,,,,,,,,,,,,,,,,,,2,4,0,4,1,1,0,1,1,1,2,1,1,1,1,1,1,,,,,,0,,0,00,1,1,1,1
Public Method,"org.apache.pdfbox.debugger.hexviewer.SelectEvent.getNavigation()",debugger/src/main/java/org/apache/pdfbox/debugger/hexviewer/SelectEvent.java,,,,,,,,,,,,,,,,,,,,,,,,,2,4,0,4,1,1,0,1,1,1,2,1,1,1,1,1,1,,,,,,0,,0,00,1,1,1,1
Interface,"org.apache.pdfbox.debugger.hexviewer.SelectionChangeListener",debugger/src/main/java/org/apache/pdfbox/debugger/hexviewer/SelectionChangeListener.java,0,0,0,0,0,0,0,0,0,1,1,,0,0,,,1,0,1,1,1,0,0,0,,4,0,4,2,0,0,,,1,2,2,0,,,,,0,0,0,0,0,0,0,0,00,0,0,0,0
Abstract Method,"org.apache.pdfbox.debugger.hexviewer.SelectionChangeListener.selectionChanged(SelectEvent)",debugger/src/main/java/org/apache/pdfbox/debugger/hexviewer/SelectionChangeListener.java,,,,,,,,,,,,,,,,,,,,,,,,,1,1,0,1,1,0,0,0,0,1,1,1,0,0,0,0,0,,,,,,0,,0,00,0,0,0,0
Class,"org.apache.pdfbox.debugger.hexviewer.StatusPane",debugger/src/main/java/org/apache/pdfbox/debugger/hexviewer/StatusPane.java,1,1,1,1,9,0,9,0,1,5,0,,0,1,,,3,3,3,705,2,1,0,0,,44,4,35,11,20,5,,,23,27,11,19,,,,,1,1,1,1,1,0,33,0,14,3,3,3,3
Constructor,"org.apache.pdfbox.debugger.hexviewer.StatusPane.StatusPane()",debugger/src/main/java/org/apache/pdfbox/debugger/hexviewer/StatusPane.java,,,,,,,,,,,,,,,,,,,,,,,,,2,5,0,5,1,2,0,4,1,2,3,1,2,1,1,1,1,,,,,,0,,0,00,1,1,1,1
Private Method,"org.apache.pdfbox.debugger.hexviewer.StatusPane.createView()",debugger/src/main/java/org/apache/pdfbox/debugger/hexviewer/StatusPane.java,,,,,,,,,,,,,,,,,,,,,,,,,5,18,1,17,4,14,0,7,1,14,15,4,14,1,1,1,1,,,,,,0,,0,00,1,1,1,1
Method,"org.apache.pdfbox.debugger.hexviewer.StatusPane.updateStatus(int)",debugger/src/main/java/org/apache/pdfbox/debugger/hexviewer/StatusPane.java,,,,,,,,,,,,,,,,,,,,,,,,,5,6,0,6,1,3,0,4,1,3,4,1,3,1,1,1,1,,,,,,0,,0,00,1,1,1,1
Class,"org.apache.pdfbox.debugger.hexviewer.UpperPane",debugger/src/main/java/org/apache/pdfbox/debugger/hexviewer/UpperPane.java,1,1,1,1,15,3,12,0,1,8,0,,0,0,,,2,0,2,704,1,0,1,0,,39,7,27,7,15,5,,,16,20,7,13,,,,,2,2,2,1,1,1,0,0,19,3,3,3,2
Constructor,"org.apache.pdfbox.debugger.hexviewer.UpperPane.UpperPane()",debugger/src/main/java/org/apache/pdfbox/debugger/hexviewer/UpperPane.java,,,,,,,,,,,,,,,,,,,,,,,,,4,6,0,6,1,3,0,6,1,3,4,1,3,1,1,1,1,,,,,,0,,0,00,1,1,1,1
Protected Method,"org.apache.pdfbox.debugger.hexviewer.UpperPane.paintComponent(Graphics)",debugger/src/main/java/org/apache/pdfbox/debugger/hexviewer/UpperPane.java,,,,,,,,,,,,,,,,,,,,,,,,,5,24,6,18,5,12,0,4,2,13,15,5,10,2,2,2,1,,,,,,1,,0,00,2,2,2,1
Package,"org.apache.pdfbox.debugger.pagepane",debugger/src/main/java/org/apache/pdfbox/debugger/pagepane/DebugTextOverlay.java,2,2,3,1,22,1,18,2,,,,4,0,1,2,,30,25,30,,2,9,4,15,,886,88,691,261,341,109,,,385,474,249,300,,,,,8,7,11,5,,3,,0,16,86,81,97,41
Final Class,"org.apache.pdfbox.debugger.pagepane.DebugTextOverlay",debugger/src/main/java/org/apache/pdfbox/debugger/pagepane/DebugTextOverlay.java,1,1,1,1,8,0,8,0,1,4,0,,0,0,,,2,7,2,14,1,0,0,1,,268,33,201,56,117,36,,,102,131,52,104,,,,,1,1,1,1,1,0,28,0,18,2,2,2,2
Constructor,"org.apache.pdfbox.debugger.pagepane.DebugTextOverlay.DebugTextOverlay(PDDocument,int,float,boolean,boolean,boolean,boolean)",debugger/src/main/java/org/apache/pdfbox/debugger/pagepane/DebugTextOverlay.java,,,,,,,,,,,,,,,,,,,,,,,,,8,12,0,12,3,7,0,8,1,7,8,1,7,1,1,1,1,,,,,,0,,0,00,1,1,1,1
Private Class,"org.apache.pdfbox.debugger.pagepane.DebugTextOverlay.DebugTextStripper",debugger/src/main/java/org/apache/pdfbox/debugger/pagepane/DebugTextOverlay.java,4,3,5,2,36,4,28,4,1,34,0,,0,0,,,6,3,6,163,1,2,2,1,,231,30,174,43,108,29,,,86,112,41,95,,,,,7,7,11,5,4,3,50,0,17,25,23,30,15
Constructor,"org.apache.pdfbox.debugger.pagepane.DebugTextOverlay.DebugTextStripper.DebugTextStripper(Graphics2D)",debugger/src/main/java/org/apache/pdfbox/debugger/pagepane/DebugTextOverlay.java,,,,,,,,,,,,,,,,,,,,,,,,,2,4,0,4,1,1,0,2,1,1,2,1,1,1,1,1,1,,,,,,0,,0,00,1,1,1,1
Private Method,"org.apache.pdfbox.debugger.pagepane.DebugTextOverlay.DebugTextStripper.calculateGlyphBounds(AffineTransform,PDFont,int,Vector)",debugger/src/main/java/org/apache/pdfbox/debugger/pagepane/DebugTextOverlay.java,,,,,,,,,,,,,,,,,,,,,,,,,5,57,4,46,10,27,8,33,7,20,27,9,23,7,7,11,5,,,,,,3,,0,17,7,7,11,5
Protected Method,"org.apache.pdfbox.debugger.pagepane.DebugTextOverlay.DebugTextStripper.showGlyph(Matrix,PDFont,int,Vector)",debugger/src/main/java/org/apache/pdfbox/debugger/pagepane/DebugTextOverlay.java,,,,,,,,,,,,,,,,,,,,,,,,,9,33,6,24,7,16,3,10,3,14,17,6,16,3,3,3,3,,,,,,1,,0,12,3,3,3,3
Public Method,"org.apache.pdfbox.debugger.pagepane.DebugTextOverlay.DebugTextStripper.stripPage(PDDocument,PDPage,int,float)",debugger/src/main/java/org/apache/pdfbox/debugger/pagepane/DebugTextOverlay.java,,,,,,,,,,,,,,,,,,,,,,,,,10,41,6,30,6,21,5,25,4,18,23,7,21,4,4,5,4,,,,,,3,,0,17,4,4,5,4
Private Method,"org.apache.pdfbox.debugger.pagepane.DebugTextOverlay.DebugTextStripper.transform(Graphics2D,PDPage,float)",debugger/src/main/java/org/apache/pdfbox/debugger/pagepane/DebugTextOverlay.java,,,,,,,,,,,,,,,,,,,,,,,,,4,30,2,28,5,21,0,8,5,15,18,5,15,5,3,5,1,,,,,,2,,0,00,5,3,5,1
Protected Method,"org.apache.pdfbox.debugger.pagepane.DebugTextOverlay.DebugTextStripper.writeString(String,List<TextPosition>)",debugger/src/main/java/org/apache/pdfbox/debugger/pagepane/DebugTextOverlay.java,,,,,,,,,,,,,,,,,,,,,,,,,7,53,6,36,10,22,12,19,7,15,21,9,19,5,5,5,1,,,,,,3,,0,33,5,5,5,1
Public Method,"org.apache.pdfbox.debugger.pagepane.DebugTextOverlay.renderTo(Graphics2D)",debugger/src/main/java/org/apache/pdfbox/debugger/pagepane/DebugTextOverlay.java,,,,,,,,,,,,,,,,,,,,,,,,,5,5,0,5,2,2,0,3,1,2,3,2,2,1,1,1,1,,,,,,0,,0,00,1,1,1,1
Public Class,"org.apache.pdfbox.debugger.pagepane.PagePane",debugger/src/main/java/org/apache/pdfbox/debugger/pagepane/PagePane.java,2,2,3,1,18,0,16,1,5,71,0,,0,1,,,20,15,20,32,0,7,0,13,,487,48,396,111,224,43,,,189,249,103,196,,,,,8,7,9,3,1,3,85,0,11,56,53,62,22
Public Constructor,"org.apache.pdfbox.debugger.pagepane.PagePane.PagePane(PDDocument,COSDictionary,JLabel)",debugger/src/main/java/org/apache/pdfbox/debugger/pagepane/PagePane.java,,,,,,,,,,,,,,,,,,,,,,,,,5,9,0,9,1,6,0,10,1,6,7,1,6,1,1,1,1,,,,,,0,,0,00,1,1,1,1
Private Final Class,"org.apache.pdfbox.debugger.pagepane.PagePane.RenderWorker",debugger/src/main/java/org/apache/pdfbox/debugger/pagepane/PagePane.java,1,1,1,1,29,3,22,3,1,25,0,,0,0,,,2,0,2,37,0,0,2,0,,66,8,48,19,33,10,,,28,32,16,29,,,,,2,2,2,1,1,1,0,0,21,3,3,3,2
Protected Method,"org.apache.pdfbox.debugger.pagepane.PagePane.RenderWorker.doInBackground()",debugger/src/main/java/org/apache/pdfbox/debugger/pagepane/PagePane.java,,,,,,,,,,,,,,,,,,,,,,,,,7,36,6,28,15,24,2,23,1,22,23,13,22,1,1,1,1,,,,,,0,,0,07,1,1,1,1
Protected Method,"org.apache.pdfbox.debugger.pagepane.PagePane.RenderWorker.done()",debugger/src/main/java/org/apache/pdfbox/debugger/pagepane/PagePane.java,,,,,,,,,,,,,,,,,,,,,,,,,3,23,1,17,3,9,5,14,2,6,8,2,7,2,2,2,1,,,,,,1,,0,29,2,2,2,1
Public Method,"org.apache.pdfbox.debugger.pagepane.PagePane.actionPerformed(ActionEvent)",debugger/src/main/java/org/apache/pdfbox/debugger/pagepane/PagePane.java,,,,,,,,,,,,,,,,,,,,,,,,,2,23,0,23,4,13,0,14,4,6,10,3,9,5,5,9,1,,,,,,1,,0,00,5,5,9,1
Public Method,"org.apache.pdfbox.debugger.pagepane.PagePane.ancestorAdded(AncestorEvent)",debugger/src/main/java/org/apache/pdfbox/debugger/pagepane/PagePane.java,,,,,,,,,,,,,,,,,,,,,,,,,5,33,6,27,5,19,0,15,3,19,22,5,20,3,3,3,1,,,,,,2,,0,00,3,3,3,1
Public Method,"org.apache.pdfbox.debugger.pagepane.PagePane.ancestorMoved(AncestorEvent)",debugger/src/main/java/org/apache/pdfbox/debugger/pagepane/PagePane.java,,,,,,,,,,,,,,,,,,,,,,,,,0,5,0,4,2,0,1,0,1,0,1,1,0,1,1,1,1,,,,,,0,,0,25,1,1,1,1
Public Method,"org.apache.pdfbox.debugger.pagepane.PagePane.ancestorRemoved(AncestorEvent)",debugger/src/main/java/org/apache/pdfbox/debugger/pagepane/PagePane.java,,,,,,,,,,,,,,,,,,,,,,,,,7,37,3,32,6,20,2,11,4,18,22,6,19,4,4,4,1,,,,,,3,,0,06,4,4,4,1
Private Method,"org.apache.pdfbox.debugger.pagepane.PagePane.collectFieldLocations()",debugger/src/main/java/org/apache/pdfbox/debugger/pagepane/PagePane.java,,,,,,,,,,,,,,,,,,,,,,,,,4,27,0,24,4,11,3,14,9,6,15,7,11,7,7,7,1,,,,,,3,,0,12,7,7,7,1
Private Method,"org.apache.pdfbox.debugger.pagepane.PagePane.collectLinkLocation(PDAnnotationLink)",debugger/src/main/java/org/apache/pdfbox/debugger/pagepane/PagePane.java,,,,,,,,,,,,,,,,,,,,,,,,,4,34,0,34,7,18,0,9,13,12,18,7,13,6,6,6,1,,,,,,2,,0,00,6,6,6,1
Private Method,"org.apache.pdfbox.debugger.pagepane.PagePane.collectLinkLocations()",debugger/src/main/java/org/apache/pdfbox/debugger/pagepane/PagePane.java,,,,,,,,,,,,,,,,,,,,,,,,,2,10,0,10,1,3,0,2,3,1,5,2,3,3,3,3,1,,,,,,2,,0,00,3,3,3,1
Public Method,"org.apache.pdfbox.debugger.pagepane.PagePane.getPanel()",debugger/src/main/java/org/apache/pdfbox/debugger/pagepane/PagePane.java,,,,,,,,,,,,,,,,,,,,,,,,,3,9,0,4,1,1,5,1,1,1,2,1,1,1,1,1,1,,,,,,0,,1,25,1,1,1,1
Private Method,"org.apache.pdfbox.debugger.pagepane.PagePane.initRectMap()",debugger/src/main/java/org/apache/pdfbox/debugger/pagepane/PagePane.java,,,,,,,,,,,,,,,,,,,,,,,,,3,12,0,12,1,5,0,4,2,3,5,1,4,2,2,2,1,,,,,,1,,0,00,2,2,2,1
Private Method,"org.apache.pdfbox.debugger.pagepane.PagePane.initUI()",debugger/src/main/java/org/apache/pdfbox/debugger/pagepane/PagePane.java,,,,,,,,,,,,,,,,,,,,,,,,,10,31,5,25,4,20,1,22,2,19,21,4,19,3,3,3,1,,,,,,1,,0,04,3,3,3,1
Public Method,"org.apache.pdfbox.debugger.pagepane.PagePane.mouseClicked(MouseEvent)",debugger/src/main/java/org/apache/pdfbox/debugger/pagepane/PagePane.java,,,,,,,,,,,,,,,,,,,,,,,,,3,16,0,16,2,6,0,8,3,2,5,1,4,3,3,5,1,,,,,,2,,0,00,3,3,5,1
Public Method,"org.apache.pdfbox.debugger.pagepane.PagePane.mouseDragged(MouseEvent)",debugger/src/main/java/org/apache/pdfbox/debugger/pagepane/PagePane.java,,,,,,,,,,,,,,,,,,,,,,,,,0,5,0,4,2,0,1,0,1,0,1,1,0,1,1,1,1,,,,,,0,,0,25,1,1,1,1
Public Method,"org.apache.pdfbox.debugger.pagepane.PagePane.mouseEntered(MouseEvent)",debugger/src/main/java/org/apache/pdfbox/debugger/pagepane/PagePane.java,,,,,,,,,,,,,,,,,,,,,,,,,0,5,0,4,2,0,1,0,1,0,1,1,0,1,1,1,1,,,,,,0,,0,25,1,1,1,1
Public Method,"org.apache.pdfbox.debugger.pagepane.PagePane.mouseExited(MouseEvent)",debugger/src/main/java/org/apache/pdfbox/debugger/pagepane/PagePane.java,,,,,,,,,,,,,,,,,,,,,,,,,2,5,0,5,2,1,0,1,1,1,2,1,1,1,1,1,1,,,,,,0,,0,00,1,1,1,1
Public Method,"org.apache.pdfbox.debugger.pagepane.PagePane.mouseMoved(MouseEvent)",debugger/src/main/java/org/apache/pdfbox/debugger/pagepane/PagePane.java,,,,,,,,,,,,,,,,,,,,,,,,,8,61,2,53,15,39,6,23,16,32,38,15,33,8,5,8,3,,,,,,3,,0,11,8,5,8,3
Public Method,"org.apache.pdfbox.debugger.pagepane.PagePane.mousePressed(MouseEvent)",debugger/src/main/java/org/apache/pdfbox/debugger/pagepane/PagePane.java,,,,,,,,,,,,,,,,,,,,,,,,,0,5,0,4,2,0,1,0,1,0,1,1,0,1,1,1,1,,,,,,0,,0,25,1,1,1,1
Public Method,"org.apache.pdfbox.debugger.pagepane.PagePane.mouseReleased(MouseEvent)",debugger/src/main/java/org/apache/pdfbox/debugger/pagepane/PagePane.java,,,,,,,,,,,,,,,,,,,,,,,,,0,5,0,4,2,0,1,0,1,0,1,1,0,1,1,1,1,,,,,,0,,0,25,1,1,1,1
Private Method,"org.apache.pdfbox.debugger.pagepane.PagePane.startExtracting()",debugger/src/main/java/org/apache/pdfbox/debugger/pagepane/PagePane.java,,,,,,,,,,,,,,,,,,,,,,,,,7,29,3,25,10,18,1,21,2,16,18,10,17,2,2,2,1,,,,,,1,,0,04,2,2,2,1
Private Method,"org.apache.pdfbox.debugger.pagepane.PagePane.startRendering()",debugger/src/main/java/org/apache/pdfbox/debugger/pagepane/PagePane.java,,,,,,,,,,,,,,,,,,,,,,,,,4,11,0,9,1,4,2,3,2,3,5,1,4,2,2,2,1,,,,,,1,,0,22,2,2,2,1
Package,"org.apache.pdfbox.debugger.streampane",debugger/src/main/java/org/apache/pdfbox/debugger/streampane/OperatorMarker.java,2,2,2,1,15,0,13,1,,,,7,1,12,6,,51,28,52,,9,22,2,19,,1269,129,935,311,403,206,,,476,606,302,370,,,,,14,14,17,4,,3,,0,22,117,117,131,64
Final Class,"org.apache.pdfbox.debugger.streampane.OperatorMarker",debugger/src/main/java/org/apache/pdfbox/debugger/streampane/OperatorMarker.java,1,1,1,1,5,0,5,0,1,8,0,,1,1,,,1,0,2,14,0,1,0,1,,56,12,41,13,26,3,,,26,30,12,26,,,,,2,2,2,1,1,1,0,0,07,3,3,3,2
Private Constructor,"org.apache.pdfbox.debugger.streampane.OperatorMarker.OperatorMarker()",debugger/src/main/java/org/apache/pdfbox/debugger/streampane/OperatorMarker.java,,,,,,,,,,,,,,,,,,,,,,,,,0,3,0,3,1,0,0,1,1,0,1,1,0,1,1,1,1,,,,,,0,,0,00,1,1,1,1
Public Static Method,"org.apache.pdfbox.debugger.streampane.OperatorMarker.getStyle(String)",debugger/src/main/java/org/apache/pdfbox/debugger/streampane/OperatorMarker.java,,,,,,,,,,,,,,,,,,,,,,,,,2,8,0,8,1,3,0,3,2,2,4,1,3,2,2,2,1,,,,,,1,,0,00,2,2,2,1
Public Class,"org.apache.pdfbox.debugger.streampane.Stream",debugger/src/main/java/org/apache/pdfbox/debugger/streampane/Stream.java,2,2,2,1,15,0,11,3,1,22,0,,0,3,,,12,5,12,24,1,6,0,5,,211,25,144,32,65,42,,,60,86,35,61,,,,,5,5,5,4,1,3,73,0,29,25,25,27,15
Constructor,"org.apache.pdfbox.debugger.streampane.Stream.Stream(COSStream,boolean)",debugger/src/main/java/org/apache/pdfbox/debugger/streampane/Stream.java,,,,,,,,,,,,,,,,,,,,,,,,,3,15,1,8,1,5,6,9,1,5,6,1,5,1,1,1,1,,,,,,0,,0,75,1,1,1,1
Private Method,"org.apache.pdfbox.debugger.streampane.Stream.createFilterList(COSStream)",debugger/src/main/java/org/apache/pdfbox/debugger/streampane/Stream.java,,,,,,,,,,,,,,,,,,,,,,,,,5,22,5,17,4,10,0,9,4,10,13,5,11,3,3,3,1,,,,,,1,,0,00,3,3,3,1
Public Method,"org.apache.pdfbox.debugger.streampane.Stream.getFilterList()",debugger/src/main/java/org/apache/pdfbox/debugger/streampane/Stream.java,,,,,,,,,,,,,,,,,,,,,,,,,2,10,0,4,1,1,6,3,1,1,2,1,1,1,1,1,1,,,,,,0,,1,50,1,1,1,1
Private Method,"org.apache.pdfbox.debugger.streampane.Stream.getFilteredLabel()",debugger/src/main/java/org/apache/pdfbox/debugger/streampane/Stream.java,,,,,,,,,,,,,,,,,,,,,,,,,3,25,0,22,4,11,3,8,5,9,14,5,11,5,5,5,1,,,,,,3,,0,14,5,5,5,1
Public Method,"org.apache.pdfbox.debugger.streampane.Stream.getImage(PDResources)",debugger/src/main/java/org/apache/pdfbox/debugger/streampane/Stream.java,,,,,,,,,,,,,,,,,,,,,,,,,6,27,0,21,2,9,6,7,3,6,9,2,7,3,3,3,1,,,,,,2,,0,29,3,3,3,1
Private Method,"org.apache.pdfbox.debugger.streampane.Stream.getPartialStreamCommand(int)",debugger/src/main/java/org/apache/pdfbox/debugger/streampane/Stream.java,,,,,,,,,,,,,,,,,,,,,,,,,3,13,2,11,3,6,0,12,2,7,9,4,7,2,2,2,1,,,,,,1,,0,00,2,2,2,1
Private Method,"org.apache.pdfbox.debugger.streampane.Stream.getStopFilterList(int)",debugger/src/main/java/org/apache/pdfbox/debugger/streampane/Stream.java,,,,,,,,,,,,,,,,,,,,,,,,,3,9,2,7,3,4,0,7,1,4,5,3,4,1,1,1,1,,,,,,0,,0,00,1,1,1,1
Public Method,"org.apache.pdfbox.debugger.streampane.Stream.getStream(String)",debugger/src/main/java/org/apache/pdfbox/debugger/streampane/Stream.java,,,,,,,,,,,,,,,,,,,,,,,,,8,29,0,23,1,10,6,10,4,5,9,1,8,4,4,4,4,,,,,,2,,0,26,4,4,4,4
Public Method,"org.apache.pdfbox.debugger.streampane.Stream.isImage()",debugger/src/main/java/org/apache/pdfbox/debugger/streampane/Stream.java,,,,,,,,,,,,,,,,,,,,,,,,,3,9,0,4,1,1,5,1,1,1,2,1,1,1,1,1,1,,,,,,0,,1,25,1,1,1,1
Private Method,"org.apache.pdfbox.debugger.streampane.Stream.isImageStream(COSDictionary,boolean)",debugger/src/main/java/org/apache/pdfbox/debugger/streampane/Stream.java,,,,,,,,,,,,,,,,,,,,,,,,,5,8,0,8,1,3,0,4,2,2,4,1,3,2,2,3,1,,,,,,1,,0,00,2,2,3,1
Public Method,"org.apache.pdfbox.debugger.streampane.Stream.isXmlMetadata()",debugger/src/main/java/org/apache/pdfbox/debugger/streampane/Stream.java,,,,,,,,,,,,,,,,,,,,,,,,,3,9,0,4,1,1,5,1,1,1,2,1,1,1,1,1,1,,,,,,0,,1,25,1,1,1,1
Private Method,"org.apache.pdfbox.debugger.streampane.Stream.isXmlMetadataStream(COSDictionary)",debugger/src/main/java/org/apache/pdfbox/debugger/streampane/Stream.java,,,,,,,,,,,,,,,,,,,,,,,,,3,4,0,4,1,1,0,5,1,1,2,1,1,1,1,2,1,,,,,,0,,0,00,1,1,2,1
Class,"org.apache.pdfbox.debugger.streampane.StreamImageView",debugger/src/main/java/org/apache/pdfbox/debugger/streampane/StreamImageView.java,1,1,1,1,9,0,8,1,3,27,0,,0,0,,,9,5,9,21,2,3,0,4,,109,14,81,26,40,14,,,42,53,21,38,,,,,2,2,3,1,1,1,71,0,17,10,10,11,9
Constructor,"org.apache.pdfbox.debugger.streampane.StreamImageView.StreamImageView(BufferedImage)",debugger/src/main/java/org/apache/pdfbox/debugger/streampane/StreamImageView.java,,,,,,,,,,,,,,,,,,,,,,,,,2,9,0,5,1,2,4,3,1,2,3,1,2,1,1,1,1,,,,,,0,,0,80,1,1,1,1
Public Method,"org.apache.pdfbox.debugger.streampane.StreamImageView.actionPerformed(ActionEvent)",debugger/src/main/java/org/apache/pdfbox/debugger/streampane/StreamImageView.java,,,,,,,,,,,,,,,,,,,,,,,,,3,10,0,10,3,4,0,8,2,3,5,2,4,2,2,3,1,,,,,,1,,0,00,2,2,3,1
Private Method,"org.apache.pdfbox.debugger.streampane.StreamImageView.addImage(Image)",debugger/src/main/java/org/apache/pdfbox/debugger/streampane/StreamImageView.java,,,,,,,,,,,,,,,,,,,,,,,,,4,10,0,9,3,6,1,15,1,4,5,2,4,1,1,1,1,,,,,,0,,0,11,1,1,1,1
Public Method,"org.apache.pdfbox.debugger.streampane.StreamImageView.ancestorAdded(AncestorEvent)",debugger/src/main/java/org/apache/pdfbox/debugger/streampane/StreamImageView.java,,,,,,,,,,,,,,,,,,,,,,,,,3,11,1,10,2,6,0,5,1,6,7,1,6,1,1,1,1,,,,,,0,,0,00,1,1,1,1
Public Method,"org.apache.pdfbox.debugger.streampane.StreamImageView.ancestorMoved(AncestorEvent)",debugger/src/main/java/org/apache/pdfbox/debugger/streampane/StreamImageView.java,,,,,,,,,,,,,,,,,,,,,,,,,0,4,0,4,2,0,0,0,1,0,1,1,0,1,1,1,1,,,,,,0,,0,00,1,1,1,1
Public Method,"org.apache.pdfbox.debugger.streampane.StreamImageView.ancestorRemoved(AncestorEvent)",debugger/src/main/java/org/apache/pdfbox/debugger/streampane/StreamImageView.java,,,,,,,,,,,,,,,,,,,,,,,,,2,6,0,6,2,2,0,1,1,2,3,1,2,1,1,1,1,,,,,,0,,0,00,1,1,1,1
Method,"org.apache.pdfbox.debugger.streampane.StreamImageView.getView()",debugger/src/main/java/org/apache/pdfbox/debugger/streampane/StreamImageView.java,,,,,,,,,,,,,,,,,,,,,,,,,2,8,0,4,1,1,4,1,1,1,2,1,1,1,1,1,1,,,,,,0,,1,00,1,1,1,1
Private Method,"org.apache.pdfbox.debugger.streampane.StreamImageView.initUI()",debugger/src/main/java/org/apache/pdfbox/debugger/streampane/StreamImageView.java,,,,,,,,,,,,,,,,,,,,,,,,,8,22,4,18,2,15,0,23,1,15,16,2,15,1,1,1,1,,,,,,0,,0,00,1,1,1,1
Private Method,"org.apache.pdfbox.debugger.streampane.StreamImageView.zoomImage(BufferedImage,float,int)",debugger/src/main/java/org/apache/pdfbox/debugger/streampane/StreamImageView.java,,,,,,,,,,,,,,,,,,,,,,,,,6,7,0,7,4,4,0,5,1,4,5,4,4,1,1,1,1,,,,,,0,,0,00,1,1,1,1
Public Class,"org.apache.pdfbox.debugger.streampane.StreamPane",debugger/src/main/java/org/apache/pdfbox/debugger/streampane/StreamPane.java,3,3,3,1,25,1,22,1,2,36,0,,0,8,,,6,8,6,18,0,3,0,3,,507,36,447,82,237,25,,,183,255,81,210,,,,,6,6,7,4,1,3,54,0,06,19,19,21,11
Private Final Class,"org.apache.pdfbox.debugger.streampane.StreamPane.DocumentCreator",debugger/src/main/java/org/apache/pdfbox/debugger/streampane/StreamPane.java,4,4,4,1,26,0,25,0,1,42,0,,0,0,,,11,5,11,46,1,8,2,0,,313,18,285,49,150,11,,,107,157,52,128,,,,,14,14,17,4,1,3,81,0,04,45,45,54,15
Private Constructor,"org.apache.pdfbox.debugger.streampane.StreamPane.DocumentCreator.DocumentCreator(StreamPaneView,String,boolean)",debugger/src/main/java/org/apache/pdfbox/debugger/streampane/StreamPane.java,,,,,,,,,,,,,,,,,,,,,,,,,4,6,0,6,1,3,0,4,1,3,4,1,3,1,1,1,1,,,,,,0,,0,00,1,1,1,1
Private Method,"org.apache.pdfbox.debugger.streampane.StreamPane.DocumentCreator.addOperators(Object,StyledDocument)",debugger/src/main/java/org/apache/pdfbox/debugger/streampane/StreamPane.java,,,,,,,,,,,,,,,,,,,,,,,,,16,45,3,41,6,28,1,14,8,18,24,7,21,5,5,10,1,,,,,,2,,0,02,5,5,10,1
Protected Method,"org.apache.pdfbox.debugger.streampane.StreamPane.DocumentCreator.doInBackground()",debugger/src/main/java/org/apache/pdfbox/debugger/streampane/StreamPane.java,,,,,,,,,,,,,,,,,,,,,,,,,4,28,0,27,5,13,1,7,8,8,14,4,12,5,5,6,4,,,,,,2,,0,04,5,5,6,4
Protected Method,"org.apache.pdfbox.debugger.streampane.StreamPane.DocumentCreator.done()",debugger/src/main/java/org/apache/pdfbox/debugger/streampane/StreamPane.java,,,,,,,,,,,,,,,,,,,,,,,,,4,12,0,12,2,4,0,4,2,2,4,1,3,2,2,2,1,,,,,,1,,0,00,2,2,2,1
Private Method,"org.apache.pdfbox.debugger.streampane.StreamPane.DocumentCreator.getContentStreamDocument(InputStream)",debugger/src/main/java/org/apache/pdfbox/debugger/streampane/StreamPane.java,,,,,,,,,,,,,,,,,,,,,,,,,3,16,1,15,3,7,0,6,2,6,8,3,6,2,2,2,1,,,,,,1,,0,00,3,3,3,2
Lambda Method,"org.apache.pdfbox.debugger.streampane.StreamPane.DocumentCreator.getContentStreamDocument.(lambda_expr_1)(Object (inferred))",debugger/src/main/java/org/apache/pdfbox/debugger/streampane/StreamPane.java,,,,,,,,,,,,,,,,,,,,,,,,,1,1,0,1,0,1,0,2,1,0,0,0,0,1,1,1,1,,,,,,0,,0,00,1,1,1,1
Private Method,"org.apache.pdfbox.debugger.streampane.StreamPane.DocumentCreator.getDocument(InputStream,String)",debugger/src/main/java/org/apache/pdfbox/debugger/streampane/StreamPane.java,,,,,,,,,,,,,,,,,,,,,,,,,5,26,2,21,3,10,3,8,5,6,10,3,9,4,4,4,1,,,,,,2,,0,14,4,4,4,1
Private Method,"org.apache.pdfbox.debugger.streampane.StreamPane.DocumentCreator.getStringOfStream(InputStream,String)",debugger/src/main/java/org/apache/pdfbox/debugger/streampane/StreamPane.java,,,,,,,,,,,,,,,,,,,,,,,,,5,14,0,14,2,7,0,6,2,5,7,2,6,2,2,2,1,,,,,,1,,0,00,2,2,2,1
Private Method,"org.apache.pdfbox.debugger.streampane.StreamPane.DocumentCreator.getXMLDocument(InputStream)",debugger/src/main/java/org/apache/pdfbox/debugger/streampane/StreamPane.java,,,,,,,,,,,,,,,,,,,,,,,,,8,29,0,29,8,20,1,16,3,16,19,8,18,3,3,3,1,,,,,,2,,0,03,3,3,3,1
Method,"org.apache.pdfbox.debugger.streampane.StreamPane.DocumentCreator.writeIndent(StyledDocument)",debugger/src/main/java/org/apache/pdfbox/debugger/streampane/StreamPane.java,,,,,,,,,,,,,,,,,,,,,,,,,5,11,0,11,1,4,0,3,3,4,7,2,5,3,3,3,1,,,,,,2,,0,00,3,3,3,1
Private Method,"org.apache.pdfbox.debugger.streampane.StreamPane.DocumentCreator.writeOperand(Object,StyledDocument)",debugger/src/main/java/org/apache/pdfbox/debugger/streampane/StreamPane.java,,,,,,,,,,,,,,,,,,,,,,,,,7,86,1,83,11,47,2,18,14,31,48,14,40,14,14,17,1,,,,,,3,,0,02,14,14,17,1
Private Method,"org.apache.pdfbox.debugger.streampane.StreamPane.DocumentCreator.writeToken(Object,StyledDocument)",debugger/src/main/java/org/apache/pdfbox/debugger/streampane/StreamPane.java,,,,,,,,,,,,,,,,,,,,,,,,,6,18,0,18,1,7,0,4,3,3,6,1,5,3,3,3,1,,,,,,2,,0,00,3,3,3,1
Public Constructor,"org.apache.pdfbox.debugger.streampane.StreamPane.StreamPane(COSStream,boolean,boolean,COSDictionary)",debugger/src/main/java/org/apache/pdfbox/debugger/streampane/StreamPane.java,,,,,,,,,,,,,,,,,,,,,,,,,15,64,5,50,2,30,9,30,24,22,28,1,27,6,6,7,1,,,,,,1,,0,18,6,6,7,1
Public Method,"org.apache.pdfbox.debugger.streampane.StreamPane.actionPerformed(ActionEvent)",debugger/src/main/java/org/apache/pdfbox/debugger/streampane/StreamPane.java,,,,,,,,,,,,,,,,,,,,,,,,,9,38,1,37,5,20,0,12,5,14,19,3,18,5,5,6,4,,,,,,3,,0,00,5,5,6,4
Private Method,"org.apache.pdfbox.debugger.streampane.StreamPane.createHeaderPanel(List<String>,String,ActionListener)",debugger/src/main/java/org/apache/pdfbox/debugger/streampane/StreamPane.java,,,,,,,,,,,,,,,,,,,,,,,,,4,11,2,9,3,6,0,8,1,6,7,3,6,1,1,1,1,,,,,,0,,0,00,1,1,1,1
Public Method,"org.apache.pdfbox.debugger.streampane.StreamPane.getPanel()",debugger/src/main/java/org/apache/pdfbox/debugger/streampane/StreamPane.java,,,,,,,,,,,,,,,,,,,,,,,,,2,4,0,4,1,1,0,1,1,1,2,1,1,1,1,1,1,,,,,,0,,0,00,1,1,1,1
Private Method,"org.apache.pdfbox.debugger.streampane.StreamPane.requestImageShowing()",debugger/src/main/java/org/apache/pdfbox/debugger/streampane/StreamPane.java,,,,,,,,,,,,,,,,,,,,,,,,,6,17,0,17,2,7,0,4,3,5,9,2,7,3,3,3,3,,,,,,2,,0,00,3,3,3,3
Private Method,"org.apache.pdfbox.debugger.streampane.StreamPane.requestStreamText(String)",debugger/src/main/java/org/apache/pdfbox/debugger/streampane/StreamPane.java,,,,,,,,,,,,,,,,,,,,,,,,,8,18,0,18,2,9,0,6,4,6,10,2,9,3,3,3,1,,,,,,1,,0,00,3,3,3,1
Class,"org.apache.pdfbox.debugger.streampane.StreamPaneView",debugger/src/main/java/org/apache/pdfbox/debugger/streampane/StreamPaneView.java,1,1,1,1,8,0,5,3,1,8,0,,0,0,,,4,1,4,16,3,0,0,1,,45,5,25,7,9,15,,,10,15,7,9,,,,,1,1,1,1,1,0,0,0,60,4,4,4,4
Constructor,"org.apache.pdfbox.debugger.streampane.StreamPaneView.StreamPaneView()",debugger/src/main/java/org/apache/pdfbox/debugger/streampane/StreamPaneView.java,,,,,,,,,,,,,,,,,,,,,,,,,1,7,0,4,1,1,3,4,1,1,2,1,1,1,1,1,1,,,,,,0,,0,75,1,1,1,1
Public Method,"org.apache.pdfbox.debugger.streampane.StreamPaneView.getStreamPanel()",debugger/src/main/java/org/apache/pdfbox/debugger/streampane/StreamPaneView.java,,,,,,,,,,,,,,,,,,,,,,,,,3,4,0,4,1,1,0,1,1,1,2,1,1,1,1,1,1,,,,,,0,,0,00,1,1,1,1
Method,"org.apache.pdfbox.debugger.streampane.StreamPaneView.showStreamImage(BufferedImage)",debugger/src/main/java/org/apache/pdfbox/debugger/streampane/StreamPaneView.java,,,,,,,,,,,,,,,,,,,,,,,,,4,10,0,6,1,3,4,5,1,3,4,1,3,1,1,1,1,,,,,,0,,0,67,1,1,1,1
Method,"org.apache.pdfbox.debugger.streampane.StreamPaneView.showStreamText(StyledDocument,ToolTipController)",debugger/src/main/java/org/apache/pdfbox/debugger/streampane/StreamPaneView.java,,,,,,,,,,,,,,,,,,,,,,,,,5,12,0,7,2,4,5,5,1,4,5,2,4,1,1,1,1,,,,,,0,,0,71,1,1,1,1
Class,"org.apache.pdfbox.debugger.streampane.StreamTextView",debugger/src/main/java/org/apache/pdfbox/debugger/streampane/StreamTextView.java,1,1,1,1,9,1,7,0,3,18,0,,0,0,,,8,4,8,20,2,1,0,5,,96,17,68,23,26,11,,,27,39,18,26,,,,,2,2,2,1,1,1,65,0,16,11,11,11,8
Constructor,"org.apache.pdfbox.debugger.streampane.StreamTextView.StreamTextView(StyledDocument,ToolTipController)",debugger/src/main/java/org/apache/pdfbox/debugger/streampane/StreamTextView.java,,,,,,,,,,,,,,,,,,,,,,,,,3,10,0,5,1,2,5,3,1,2,3,1,2,1,1,1,1,,,,,,0,,1,00,1,1,1,1
Public Method,"org.apache.pdfbox.debugger.streampane.StreamTextView.ancestorAdded(AncestorEvent)",debugger/src/main/java/org/apache/pdfbox/debugger/streampane/StreamTextView.java,,,,,,,,,,,,,,,,,,,,,,,,,3,10,0,10,3,4,0,6,2,3,5,2,4,2,2,2,1,,,,,,1,,0,00,2,2,2,1
Public Method,"org.apache.pdfbox.debugger.streampane.StreamTextView.ancestorMoved(AncestorEvent)",debugger/src/main/java/org/apache/pdfbox/debugger/streampane/StreamTextView.java,,,,,,,,,,,,,,,,,,,,,,,,,0,5,0,4,2,0,1,0,1,0,1,1,0,1,1,1,1,,,,,,0,,0,25,1,1,1,1
Public Method,"org.apache.pdfbox.debugger.streampane.StreamTextView.ancestorRemoved(AncestorEvent)",debugger/src/main/java/org/apache/pdfbox/debugger/streampane/StreamTextView.java,,,,,,,,,,,,,,,,,,,,,,,,,3,10,0,10,3,4,0,6,2,3,5,2,4,2,2,2,1,,,,,,1,,0,00,2,2,2,1
Method,"org.apache.pdfbox.debugger.streampane.StreamTextView.getView()",debugger/src/main/java/org/apache/pdfbox/debugger/streampane/StreamTextView.java,,,,,,,,,,,,,,,,,,,,,,,,,2,4,0,4,1,1,0,1,1,1,2,1,1,1,1,1,1,,,,,,0,,0,00,1,1,1,1
Private Method,"org.apache.pdfbox.debugger.streampane.StreamTextView.initUI(StyledDocument)",debugger/src/main/java/org/apache/pdfbox/debugger/streampane/StreamTextView.java,,,,,,,,,,,,,,,,,,,,,,,,,7,23,8,15,3,12,0,16,1,12,13,3,12,1,1,1,1,,,,,,0,,0,00,1,1,1,1
Public Method,"org.apache.pdfbox.debugger.streampane.StreamTextView.mouseDragged(MouseEvent)",debugger/src/main/java/org/apache/pdfbox/debugger/streampane/StreamTextView.java,,,,,,,,,,,,,,,,,,,,,,,,,0,5,0,4,2,0,1,0,1,0,1,1,0,1,1,1,1,,,,,,0,,0,25,1,1,1,1
Public Method,"org.apache.pdfbox.debugger.streampane.StreamTextView.mouseMoved(MouseEvent)",debugger/src/main/java/org/apache/pdfbox/debugger/streampane/StreamTextView.java,,,,,,,,,,,,,,,,,,,,,,,,,3,9,0,9,3,3,0,4,2,2,4,2,3,2,2,2,1,,,,,,1,,0,00,2,2,2,1
Package,"org.apache.pdfbox.debugger.streampane.tooltip",debugger/src/main/java/org/apache/pdfbox/debugger/streampane/tooltip/ColorToolTip.java,2,2,2,1,14,0,11,2,,,,8,2,4,7,,25,4,27,,12,10,0,5,,626,53,380,115,150,193,,,148,215,116,124,,,,,13,6,13,10,,3,,0,51,63,55,65,39
Abstract Class,"org.apache.pdfbox.debugger.streampane.tooltip.ColorToolTip",debugger/src/main/java/org/apache/pdfbox/debugger/streampane/tooltip/ColorToolTip.java,1,1,1,1,11,0,8,3,2,7,4,,1,0,,,4,1,5,17,3,0,0,2,,67,4,44,11,18,19,,,12,21,11,12,,,,,3,3,3,1,1,2,60,0,43,7,7,7,5
Static Method,"org.apache.pdfbox.debugger.streampane.tooltip.ColorToolTip.colorHexValue(Color)",debugger/src/main/java/org/apache/pdfbox/debugger/streampane/tooltip/ColorToolTip.java,,,,,,,,,,,,,,,,,,,,,,,,,5,10,0,5,1,2,5,5,1,1,2,1,1,1,1,1,1,,,,,,0,,1,00,1,1,1,1
Method,"org.apache.pdfbox.debugger.streampane.tooltip.ColorToolTip.extractColorValues(String)",debugger/src/main/java/org/apache/pdfbox/debugger/streampane/tooltip/ColorToolTip.java,,,,,,,,,,,,,,,,,,,,,,,,,5,24,0,19,4,10,5,5,3,7,11,5,8,3,3,3,1,,,,,,2,,0,26,3,3,3,1
Method,"org.apache.pdfbox.debugger.streampane.tooltip.ColorToolTip.getMarkUp(String)",debugger/src/main/java/org/apache/pdfbox/debugger/streampane/tooltip/ColorToolTip.java,,,,,,,,,,,,,,,,,,,,,,,,,5,12,0,7,1,4,5,1,1,1,2,1,1,1,1,1,1,,,,,,0,,0,71,1,1,1,1
Public Method,"org.apache.pdfbox.debugger.streampane.tooltip.ColorToolTip.getToolTipText()",debugger/src/main/java/org/apache/pdfbox/debugger/streampane/tooltip/ColorToolTip.java,,,,,,,,,,,,,,,,,,,,,,,,,1,5,0,5,2,1,0,1,1,1,2,1,1,1,1,1,1,,,,,,0,,0,00,1,1,1,1
Public Method,"org.apache.pdfbox.debugger.streampane.tooltip.ColorToolTip.setToolTipText(String)",debugger/src/main/java/org/apache/pdfbox/debugger/streampane/tooltip/ColorToolTip.java,,,,,,,,,,,,,,,,,,,,,,,,,5,4,0,4,1,1,0,1,1,1,2,1,1,1,1,1,1,,,,,,0,,0,00,1,1,1,1
Final Class,"org.apache.pdfbox.debugger.streampane.tooltip.FontToolTip",debugger/src/main/java/org/apache/pdfbox/debugger/streampane/tooltip/FontToolTip.java,2,2,2,1,10,0,8,1,2,11,0,,0,1,,,4,1,4,16,1,2,0,1,,54,4,40,9,13,10,,,9,19,9,11,,,,,5,5,5,1,1,3,50,0,25,8,8,8,4
Constructor,"org.apache.pdfbox.debugger.streampane.tooltip.FontToolTip.FontToolTip(PDResources,String)",debugger/src/main/java/org/apache/pdfbox/debugger/streampane/tooltip/FontToolTip.java,,,,,,,,,,,,,,,,,,,,,,,,,3,10,0,4,1,1,6,3,1,1,2,1,1,1,1,1,1,,,,,,0,,1,50,1,1,1,1
Private Method,"org.apache.pdfbox.debugger.streampane.tooltip.FontToolTip.extractFontReference(String)",debugger/src/main/java/org/apache/pdfbox/debugger/streampane/tooltip/FontToolTip.java,,,,,,,,,,,,,,,,,,,,,,,,,2,4,0,4,1,1,0,4,1,1,2,1,1,1,1,1,1,,,,,,0,,0,00,1,1,1,1
Public Method,"org.apache.pdfbox.debugger.streampane.tooltip.FontToolTip.getToolTipText()",debugger/src/main/java/org/apache/pdfbox/debugger/streampane/tooltip/FontToolTip.java,,,,,,,,,,,,,,,,,,,,,,,,,1,5,0,5,2,1,0,1,1,1,2,1,1,1,1,1,1,,,,,,0,,0,00,1,1,1,1
Private Method,"org.apache.pdfbox.debugger.streampane.tooltip.FontToolTip.initUI(String,PDResources)",debugger/src/main/java/org/apache/pdfbox/debugger/streampane/tooltip/FontToolTip.java,,,,,,,,,,,,,,,,,,,,,,,,,5,22,0,22,2,9,0,8,8,4,10,3,7,5,5,5,1,,,,,,3,,0,00,5,5,5,1
Final Class,"org.apache.pdfbox.debugger.streampane.tooltip.GToolTip",debugger/src/main/java/org/apache/pdfbox/debugger/streampane/tooltip/GToolTip.java,1,1,1,1,8,0,6,2,1,2,0,,0,0,,,2,0,2,19,1,1,0,0,,25,1,16,5,5,8,,,4,8,5,5,,,,,2,2,2,1,2,1,0,0,50,3,3,3,2
Constructor,"org.apache.pdfbox.debugger.streampane.tooltip.GToolTip.GToolTip(String)",debugger/src/main/java/org/apache/pdfbox/debugger/streampane/tooltip/GToolTip.java,,,,,,,,,,,,,,,,,,,,,,,,,2,8,0,4,1,1,4,2,1,1,2,1,1,1,1,1,1,,,,,,0,,1,00,1,1,1,1
Private Method,"org.apache.pdfbox.debugger.streampane.tooltip.GToolTip.createMarkUp(String)",debugger/src/main/java/org/apache/pdfbox/debugger/streampane/tooltip/GToolTip.java,,,,,,,,,,,,,,,,,,,,,,,,,2,9,0,9,3,4,0,5,2,3,5,3,4,2,2,2,1,,,,,,1,,0,00,2,2,2,1
Final Class,"org.apache.pdfbox.debugger.streampane.tooltip.KToolTip",debugger/src/main/java/org/apache/pdfbox/debugger/streampane/tooltip/KToolTip.java,2,2,2,1,13,1,10,2,1,12,0,,0,1,,,4,0,4,21,3,1,0,0,,67,8,46,11,19,13,,,13,23,11,17,,,,,3,3,3,1,2,2,0,0,28,8,8,8,4
Constructor,"org.apache.pdfbox.debugger.streampane.tooltip.KToolTip.KToolTip(String)",debugger/src/main/java/org/apache/pdfbox/debugger/streampane/tooltip/KToolTip.java,,,,,,,,,,,,,,,,,,,,,,,,,2,8,0,4,1,1,4,2,1,1,2,1,1,1,1,1,1,,,,,,0,,1,00,1,1,1,1
Private Method,"org.apache.pdfbox.debugger.streampane.tooltip.KToolTip.createMarkUp(String)",debugger/src/main/java/org/apache/pdfbox/debugger/streampane/tooltip/KToolTip.java,,,,,,,,,,,,,,,,,,,,,,,,,4,16,0,16,3,7,0,9,3,4,7,3,6,3,3,3,1,,,,,,2,,0,00,3,3,3,1
Method,"org.apache.pdfbox.debugger.streampane.tooltip.KToolTip.getICCColorSpace()",debugger/src/main/java/org/apache/pdfbox/debugger/streampane/tooltip/KToolTip.java,,,,,,,,,,,,,,,,,,,,,,,,,1,11,1,9,2,4,1,4,2,3,5,2,4,2,2,2,1,,,,,,1,,0,11,2,2,2,1
Method,"org.apache.pdfbox.debugger.streampane.tooltip.KToolTip.getICCProfile()",debugger/src/main/java/org/apache/pdfbox/debugger/streampane/tooltip/KToolTip.java,,,,,,,,,,,,,,,,,,,,,,,,,1,20,3,13,3,6,4,5,2,4,7,3,5,2,2,2,1,,,,,,1,,0,31,2,2,2,1
Final Class,"org.apache.pdfbox.debugger.streampane.tooltip.RGToolTip",debugger/src/main/java/org/apache/pdfbox/debugger/streampane/tooltip/RGToolTip.java,1,1,1,1,8,0,6,2,1,2,0,,0,0,,,2,0,2,19,1,1,0,0,,25,1,16,5,5,8,,,4,8,5,5,,,,,2,2,2,1,2,1,0,0,50,3,3,3,2
Constructor,"org.apache.pdfbox.debugger.streampane.tooltip.RGToolTip.RGToolTip(String)",debugger/src/main/java/org/apache/pdfbox/debugger/streampane/tooltip/RGToolTip.java,,,,,,,,,,,,,,,,,,,,,,,,,2,8,0,4,1,1,4,2,1,1,2,1,1,1,1,1,1,,,,,,0,,1,00,1,1,1,1
Private Method,"org.apache.pdfbox.debugger.streampane.tooltip.RGToolTip.createMarkUp(String)",debugger/src/main/java/org/apache/pdfbox/debugger/streampane/tooltip/RGToolTip.java,,,,,,,,,,,,,,,,,,,,,,,,,2,9,0,9,3,4,0,5,2,3,5,3,4,2,2,2,1,,,,,,1,,0,00,2,2,2,1
Final Class,"org.apache.pdfbox.debugger.streampane.tooltip.SCNToolTip",debugger/src/main/java/org/apache/pdfbox/debugger/streampane/tooltip/SCNToolTip.java,3,3,3,1,20,0,18,2,1,11,0,,0,1,,,2,0,2,19,1,1,0,0,,51,2,41,7,18,8,,,11,19,7,15,,,,,6,6,6,1,2,3,0,0,20,7,7,7,2
Constructor,"org.apache.pdfbox.debugger.streampane.tooltip.SCNToolTip.SCNToolTip(PDResources,String,String)",debugger/src/main/java/org/apache/pdfbox/debugger/streampane/tooltip/SCNToolTip.java,,,,,,,,,,,,,,,,,,,,,,,,,4,8,0,4,1,1,4,4,1,1,2,1,1,1,1,1,1,,,,,,0,,1,00,1,1,1,1
Private Method,"org.apache.pdfbox.debugger.streampane.tooltip.SCNToolTip.createMarkUp(PDResources,String,String)",debugger/src/main/java/org/apache/pdfbox/debugger/streampane/tooltip/SCNToolTip.java,,,,,,,,,,,,,,,,,,,,,,,,,7,33,0,33,4,16,0,10,10,9,15,4,13,6,6,6,1,,,,,,3,,0,00,6,6,6,1
Interface,"org.apache.pdfbox.debugger.streampane.tooltip.ToolTip",debugger/src/main/java/org/apache/pdfbox/debugger/streampane/tooltip/ToolTipController.java,0,0,0,0,0,0,0,0,0,1,2,,0,0,,,1,0,1,1,1,0,0,0,,4,0,4,2,0,0,,,1,2,2,0,,,,,0,0,0,0,0,0,0,0,00,0,0,0,0
Abstract Method,"org.apache.pdfbox.debugger.streampane.tooltip.ToolTip.getToolTipText()",debugger/src/main/java/org/apache/pdfbox/debugger/streampane/tooltip/ToolTipController.java,,,,,,,,,,,,,,,,,,,,,,,,,1,1,0,1,1,0,0,1,0,1,1,1,0,0,0,0,0,,,,,,0,,0,00,0,0,0,0
Public Class,"org.apache.pdfbox.debugger.streampane.tooltip.ToolTipController",debugger/src/main/java/org/apache/pdfbox/debugger/streampane/tooltip/ToolTipController.java,3,2,4,2,19,0,17,1,1,18,0,,1,1,,,6,2,7,19,1,4,0,2,,156,11,130,22,72,15,,,51,72,23,59,,,,,13,5,13,10,1,3,57,0,12,27,19,29,20
Public Constructor,"org.apache.pdfbox.debugger.streampane.tooltip.ToolTipController.ToolTipController(PDResources)",debugger/src/main/java/org/apache/pdfbox/debugger/streampane/tooltip/ToolTipController.java,,,,,,,,,,,,,,,,,,,,,,,,,2,8,0,4,1,1,4,2,1,1,2,1,1,1,1,1,1,,,,,,0,,1,00,1,1,1,1
Private Method,"org.apache.pdfbox.debugger.streampane.tooltip.ToolTipController.findColorSpace(int,String)",debugger/src/main/java/org/apache/pdfbox/debugger/streampane/tooltip/ToolTipController.java,,,,,,,,,,,,,,,,,,,,,,,,,6,25,0,25,2,12,0,7,5,7,12,2,11,5,5,5,5,,,,,,3,,0,00,5,5,5,5
Private Method,"org.apache.pdfbox.debugger.streampane.tooltip.ToolTipController.getRowText(int)",debugger/src/main/java/org/apache/pdfbox/debugger/streampane/tooltip/ToolTipController.java,,,,,,,,,,,,,,,,,,,,,,,,,6,14,0,14,3,7,0,6,2,5,7,3,6,2,2,2,1,,,,,,1,,0,00,2,2,2,1
Public Method,"org.apache.pdfbox.debugger.streampane.tooltip.ToolTipController.getToolTip(int,JTextComponent)",debugger/src/main/java/org/apache/pdfbox/debugger/streampane/tooltip/ToolTipController.java,,,,,,,,,,,,,,,,,,,,,,,,,15,59,3,49,5,36,7,11,10,24,29,5,26,13,5,13,10,,,,,,2,,0,14,13,5,13,10
Private Method,"org.apache.pdfbox.debugger.streampane.tooltip.ToolTipController.getWord(int)",debugger/src/main/java/org/apache/pdfbox/debugger/streampane/tooltip/ToolTipController.java,,,,,,,,,,,,,,,,,,,,,,,,,5,14,0,14,3,7,0,7,2,5,7,3,6,2,2,2,1,,,,,,1,,0,00,2,2,2,1
Static Method,"org.apache.pdfbox.debugger.streampane.tooltip.ToolTipController.getWords(String)",debugger/src/main/java/org/apache/pdfbox/debugger/streampane/tooltip/ToolTipController.java,,,,,,,,,,,,,,,,,,,,,,,,,3,13,0,13,2,6,0,7,3,4,8,3,6,3,3,4,1,,,,,,2,,0,00,3,3,4,1
Private Method,"org.apache.pdfbox.debugger.streampane.tooltip.ToolTipController.isColorSpace(String,String)",debugger/src/main/java/org/apache/pdfbox/debugger/streampane/tooltip/ToolTipController.java,,,,,,,,,,,,,,,,,,,,,,,,,3,5,0,5,2,2,0,5,1,2,3,2,2,1,1,2,1,,,,,,0,,0,00,1,1,2,1
Package,"org.apache.pdfbox.debugger.stringpane",debugger/src/main/java/org/apache/pdfbox/debugger/stringpane/StringPane.java,1,1,2,1,7,0,7,0,,,,1,0,2,1,,5,1,5,,0,3,0,2,,78,10,49,19,19,19,,,25,34,20,17,,,,,3,3,6,3,,2,,0,39,7,7,10,7
Public Class,"org.apache.pdfbox.debugger.stringpane.StringPane",debugger/src/main/java/org/apache/pdfbox/debugger/stringpane/StringPane.java,1,1,2,1,7,0,7,0,1,10,0,,0,2,,,5,1,5,17,0,3,0,2,,52,7,42,12,19,3,,,18,27,13,17,,,,,3,3,6,3,1,2,60,0,07,7,7,10,7
Public Constructor,"org.apache.pdfbox.debugger.stringpane.StringPane.StringPane(COSString)",debugger/src/main/java/org/apache/pdfbox/debugger/stringpane/StringPane.java,,,,,,,,,,,,,,,,,,,,,,,,,5,7,0,7,1,4,0,8,1,4,5,1,4,1,1,1,1,,,,,,0,,0,00,1,1,1,1
Private Method,"org.apache.pdfbox.debugger.stringpane.StringPane.createHexView(COSString)",debugger/src/main/java/org/apache/pdfbox/debugger/stringpane/StringPane.java,,,,,,,,,,,,,,,,,,,,,,,,,2,5,0,5,2,2,0,4,1,2,3,2,2,1,1,1,1,,,,,,0,,0,00,1,1,1,1
Private Method,"org.apache.pdfbox.debugger.stringpane.StringPane.createTextView(COSString)",debugger/src/main/java/org/apache/pdfbox/debugger/stringpane/StringPane.java,,,,,,,,,,,,,,,,,,,,,,,,,2,8,1,7,2,4,0,5,1,4,5,2,4,1,1,1,1,,,,,,0,,0,00,1,1,1,1
Public Method,"org.apache.pdfbox.debugger.stringpane.StringPane.getPane()",debugger/src/main/java/org/apache/pdfbox/debugger/stringpane/StringPane.java,,,,,,,,,,,,,,,,,,,,,,,,,2,4,0,4,1,1,0,1,1,1,2,1,1,1,1,1,1,,,,,,0,,0,00,1,1,1,1
Private Method,"org.apache.pdfbox.debugger.stringpane.StringPane.getTextString(COSString)",debugger/src/main/java/org/apache/pdfbox/debugger/stringpane/StringPane.java,,,,,,,,,,,,,,,,,,,,,,,,,2,13,0,13,2,6,0,5,3,4,8,3,6,3,3,6,3,,,,,,2,,0,00,3,3,6,3
Package,"org.apache.pdfbox.debugger.treestatus",debugger/src/main/java/org/apache/pdfbox/debugger/treestatus/TreeStatus.java,2,2,2,1,15,0,11,3,,,,3,0,0,2,,16,8,16,,0,8,0,8,,350,23,227,72,98,100,,,108,147,72,88,,,,,8,8,8,5,,2,,0,44,35,35,35,28
Public Final Class,"org.apache.pdfbox.debugger.treestatus.TreeStatus",debugger/src/main/java/org/apache/pdfbox/debugger/treestatus/TreeStatus.java,2,2,2,2,19,0,14,5,1,15,0,,0,0,,,9,1,9,21,0,6,0,3,,189,9,131,26,66,49,,,50,79,28,60,,,,,8,8,8,5,1,2,77,0,37,26,26,26,21
Private Constructor,"org.apache.pdfbox.debugger.treestatus.TreeStatus.TreeStatus()",debugger/src/main/java/org/apache/pdfbox/debugger/treestatus/TreeStatus.java,,,,,,,,,,,,,,,,,,,,,,,,,0,3,0,3,1,0,0,1,1,0,1,1,0,1,1,1,1,,,,,,0,,0,00,1,1,1,1
Public Constructor,"org.apache.pdfbox.debugger.treestatus.TreeStatus.TreeStatus(Object)",debugger/src/main/java/org/apache/pdfbox/debugger/treestatus/TreeStatus.java,,,,,,,,,,,,,,,,,,,,,,,,,3,10,0,4,1,1,6,2,1,1,2,1,1,1,1,1,1,,,,,,0,,1,50,1,1,1,1
Private Method,"org.apache.pdfbox.debugger.treestatus.TreeStatus.generatePath(String)",debugger/src/main/java/org/apache/pdfbox/debugger/treestatus/TreeStatus.java,,,,,,,,,,,,,,,,,,,,,,,,,3,25,0,20,4,11,5,5,4,8,13,5,10,4,4,4,4,,,,,,2,,0,25,4,4,4,4
Private Method,"org.apache.pdfbox.debugger.treestatus.TreeStatus.generatePathString(TreePath)",debugger/src/main/java/org/apache/pdfbox/debugger/treestatus/TreeStatus.java,,,,,,,,,,,,,,,,,,,,,,,,,2,17,0,12,3,7,5,8,2,6,8,3,7,2,2,2,1,,,,,,1,,0,42,2,2,2,1
Private Method,"org.apache.pdfbox.debugger.treestatus.TreeStatus.getObjectName(Object)",debugger/src/main/java/org/apache/pdfbox/debugger/treestatus/TreeStatus.java,,,,,,,,,,,,,,,,,,,,,,,,,2,28,0,20,5,11,8,8,4,8,12,5,8,4,4,4,4,,,,,,1,,0,40,4,4,4,4
Public Method,"org.apache.pdfbox.debugger.treestatus.TreeStatus.getPathForString(String)",debugger/src/main/java/org/apache/pdfbox/debugger/treestatus/TreeStatus.java,,,,,,,,,,,,,,,,,,,,,,,,,3,9,0,4,1,1,5,2,1,1,2,1,1,1,1,1,1,,,,,,0,,1,25,1,1,1,1
Public Method,"org.apache.pdfbox.debugger.treestatus.TreeStatus.getStringForPath(TreePath)",debugger/src/main/java/org/apache/pdfbox/debugger/treestatus/TreeStatus.java,,,,,,,,,,,,,,,,,,,,,,,,,3,9,0,4,1,1,5,2,1,1,2,1,1,1,1,1,1,,,,,,0,,1,25,1,1,1,1
Private Method,"org.apache.pdfbox.debugger.treestatus.TreeStatus.parsePathString(String)",debugger/src/main/java/org/apache/pdfbox/debugger/treestatus/TreeStatus.java,,,,,,,,,,,,,,,,,,,,,,,,,2,25,0,19,2,10,6,8,5,7,12,3,10,4,4,4,3,,,,,,2,,0,32,4,4,4,3
Private Method,"org.apache.pdfbox.debugger.treestatus.TreeStatus.searchNode(Object,String)",debugger/src/main/java/org/apache/pdfbox/debugger/treestatus/TreeStatus.java,,,,,,,,,,,,,,,,,,,,,,,,,3,47,0,41,6,24,6,17,30,17,25,6,22,8,8,8,5,,,,,,2,,0,15,8,8,8,5
Public Class,"org.apache.pdfbox.debugger.treestatus.TreeStatusPane",debugger/src/main/java/org/apache/pdfbox/debugger/treestatus/TreeStatusPane.java,1,1,1,1,9,0,7,2,2,21,0,,0,0,,,6,7,6,18,0,2,0,4,,97,8,70,20,32,19,,,32,42,18,28,,,,,2,2,2,1,1,1,69,0,27,7,7,7,6
Anonymous Class,"org.apache.pdfbox.debugger.treestatus.TreeStatusPane.(Anon_1)",debugger/src/main/java/org/apache/pdfbox/debugger/treestatus/TreeStatusPane.java,2,2,2,1,15,0,15,0,1,8,0,,0,0,,,1,0,1,33,0,0,0,1,,16,0,16,1,9,0,,,5,7,2,6,,,,,2,2,2,1,1,1,0,0,00,2,2,2,1
Public Method,"org.apache.pdfbox.debugger.treestatus.TreeStatusPane.(Anon_1).actionPerformed(ActionEvent)",debugger/src/main/java/org/apache/pdfbox/debugger/treestatus/TreeStatusPane.java,,,,,,,,,,,,,,,,,,,,,,,,,4,15,0,15,1,9,0,6,2,5,7,2,6,2,2,2,1,,,,,,1,,0,00,2,2,2,1
Public Constructor,"org.apache.pdfbox.debugger.treestatus.TreeStatusPane.TreeStatusPane(JTree)",debugger/src/main/java/org/apache/pdfbox/debugger/treestatus/TreeStatusPane.java,,,,,,,,,,,,,,,,,,,,,,,,,2,9,0,5,1,2,4,3,1,2,3,1,2,1,1,1,1,,,,,,0,,0,80,1,1,1,1
Public Method,"org.apache.pdfbox.debugger.treestatus.TreeStatusPane.getPanel()",debugger/src/main/java/org/apache/pdfbox/debugger/treestatus/TreeStatusPane.java,,,,,,,,,,,,,,,,,,,,,,,,,2,8,0,4,1,1,4,1,1,1,2,1,1,1,1,1,1,,,,,,0,,1,00,1,1,1,1
Private Method,"org.apache.pdfbox.debugger.treestatus.TreeStatusPane.init()",debugger/src/main/java/org/apache/pdfbox/debugger/treestatus/TreeStatusPane.java,,,,,,,,,,,,,,,,,,,,,,,,,8,14,0,14,3,11,0,20,1,10,11,2,10,1,1,1,1,,,,,,0,,0,00,1,1,1,1
Private Method,"org.apache.pdfbox.debugger.treestatus.TreeStatusPane.updateText(String)",debugger/src/main/java/org/apache/pdfbox/debugger/treestatus/TreeStatusPane.java,,,,,,,,,,,,,,,,,,,,,,,,,5,8,0,8,1,3,0,4,2,2,4,1,3,2,2,2,1,,,,,,1,,0,00,2,2,2,1
Public Method,"org.apache.pdfbox.debugger.treestatus.TreeStatusPane.updateTreeStatus(TreeStatus)",debugger/src/main/java/org/apache/pdfbox/debugger/treestatus/TreeStatusPane.java,,,,,,,,,,,,,,,,,,,,,,,,,3,10,0,6,1,3,4,3,1,3,4,1,3,1,1,1,1,,,,,,0,,0,67,1,1,1,1
Public Method,"org.apache.pdfbox.debugger.treestatus.TreeStatusPane.valueChanged(TreeSelectionEvent)",debugger/src/main/java/org/apache/pdfbox/debugger/treestatus/TreeStatusPane.java,,,,,,,,,,,,,,,,,,,,,,,,,2,10,0,6,3,2,4,3,1,2,3,2,2,1,1,1,1,,,,,,0,,0,67,1,1,1,1
Package,"org.apache.pdfbox.debugger.ui",debugger/src/main/java/org/apache/pdfbox/debugger/ui/ArrayEntry.java,2,1,2,1,14,0,11,2,,,,33,40,58,25,,159,74,199,,11,35,3,150,,4213,368,2744,830,1298,1102,,,1269,1704,792,1080,,,,,17,17,20,16,,4,,0,40,444,415,486,259
Public Class,"org.apache.pdfbox.debugger.ui.ArrayEntry",debugger/src/main/java/org/apache/pdfbox/debugger/ui/ArrayEntry.java,1,1,1,1,9,0,4,5,1,1,0,,0,0,,,6,3,6,18,0,0,0,6,,71,6,30,10,6,35,,,9,16,10,6,,,,,1,1,1,1,1,0,66,1,17,6,6,6,6
Public Method,"org.apache.pdfbox.debugger.ui.ArrayEntry.getIndex()",debugger/src/main/java/org/apache/pdfbox/debugger/ui/ArrayEntry.java,,,,,,,,,,,,,,,,,,,,,,,,,4,9,0,4,1,1,5,1,1,1,2,1,1,1,1,1,1,,,,,,0,,1,25,1,1,1,1
Public Method,"org.apache.pdfbox.debugger.ui.ArrayEntry.getItem()",debugger/src/main/java/org/apache/pdfbox/debugger/ui/ArrayEntry.java,,,,,,,,,,,,,,,,,,,,,,,,,3,9,0,4,1,1,5,1,1,1,2,1,1,1,1,1,1,,,,,,0,,1,25,1,1,1,1
Public Method,"org.apache.pdfbox.debugger.ui.ArrayEntry.getValue()",debugger/src/main/java/org/apache/pdfbox/debugger/ui/ArrayEntry.java,,,,,,,,,,,,,,,,,,,,,,,,,12,9,0,4,1,1,5,1,1,1,2,1,1,1,1,1,1,,,,,,0,,1,25,1,1,1,1
Public Method,"org.apache.pdfbox.debugger.ui.ArrayEntry.setIndex(int)",debugger/src/main/java/org/apache/pdfbox/debugger/ui/ArrayEntry.java,,,,,,,,,,,,,,,,,,,,,,,,,3,9,0,4,1,1,5,1,1,1,2,1,1,1,1,1,1,,,,,,0,,1,25,1,1,1,1
Public Method,"org.apache.pdfbox.debugger.ui.ArrayEntry.setItem(COSBase)",debugger/src/main/java/org/apache/pdfbox/debugger/ui/ArrayEntry.java,,,,,,,,,,,,,,,,,,,,,,,,,3,9,0,4,1,1,5,1,1,1,2,1,1,1,1,1,1,,,,,,0,,1,25,1,1,1,1
Public Method,"org.apache.pdfbox.debugger.ui.ArrayEntry.setValue(COSBase)",debugger/src/main/java/org/apache/pdfbox/debugger/ui/ArrayEntry.java,,,,,,,,,,,,,,,,,,,,,,,,,3,9,0,4,1,1,5,1,1,1,2,1,1,1,1,1,1,,,,,,0,,1,25,1,1,1,1
Public Class,"org.apache.pdfbox.debugger.ui.DebugLog",debugger/src/main/java/org/apache/pdfbox/debugger/ui/DebugLog.java,1,1,1,1,5,0,5,0,2,4,0,,0,3,,,19,1,19,31,0,0,0,19,,145,20,119,42,28,6,,,23,49,24,25,,,,,2,2,2,1,1,1,31,0,05,25,25,25,19
Public Constructor,"org.apache.pdfbox.debugger.ui.DebugLog.DebugLog(String)",debugger/src/main/java/org/apache/pdfbox/debugger/ui/DebugLog.java,,,,,,,,,,,,,,,,,,,,,,,,,1,4,0,4,1,1,0,2,1,1,2,1,1,1,1,1,1,,,,,,0,,0,00,1,1,1,1
Public Method,"org.apache.pdfbox.debugger.ui.DebugLog.debug(Object)",debugger/src/main/java/org/apache/pdfbox/debugger/ui/DebugLog.java,,,,,,,,,,,,,,,,,,,,,,,,,3,8,0,8,2,2,0,2,2,1,3,1,2,2,2,2,1,,,,,,1,,0,00,2,2,2,1
Public Method,"org.apache.pdfbox.debugger.ui.DebugLog.debug(Object,Throwable)",debugger/src/main/java/org/apache/pdfbox/debugger/ui/DebugLog.java,,,,,,,,,,,,,,,,,,,,,,,,,4,8,0,8,2,2,0,2,2,1,3,1,2,2,2,2,1,,,,,,1,,0,00,2,2,2,1
Public Method,"org.apache.pdfbox.debugger.ui.DebugLog.error(Object)",debugger/src/main/java/org/apache/pdfbox/debugger/ui/DebugLog.java,,,,,,,,,,,,,,,,,,,,,,,,,2,5,0,5,2,1,0,2,1,1,2,1,1,1,1,1,1,,,,,,0,,0,00,1,1,1,1
Public Method,"org.apache.pdfbox.debugger.ui.DebugLog.error(Object,Throwable)",debugger/src/main/java/org/apache/pdfbox/debugger/ui/DebugLog.java,,,,,,,,,,,,,,,,,,,,,,,,,3,5,0,5,2,1,0,2,1,1,2,1,1,1,1,1,1,,,,,,0,,0,00,1,1,1,1
Public Method,"org.apache.pdfbox.debugger.ui.DebugLog.fatal(Object)",debugger/src/main/java/org/apache/pdfbox/debugger/ui/DebugLog.java,,,,,,,,,,,,,,,,,,,,,,,,,2,5,0,5,2,1,0,2,1,1,2,1,1,1,1,1,1,,,,,,0,,0,00,1,1,1,1
Public Method,"org.apache.pdfbox.debugger.ui.DebugLog.fatal(Object,Throwable)",debugger/src/main/java/org/apache/pdfbox/debugger/ui/DebugLog.java,,,,,,,,,,,,,,,,,,,,,,,,,3,5,0,5,2,1,0,2,1,1,2,1,1,1,1,1,1,,,,,,0,,0,00,1,1,1,1
Public Method,"org.apache.pdfbox.debugger.ui.DebugLog.info(Object)",debugger/src/main/java/org/apache/pdfbox/debugger/ui/DebugLog.java,,,,,,,,,,,,,,,,,,,,,,,,,3,8,0,8,2,2,0,2,2,1,3,1,2,2,2,2,1,,,,,,1,,0,00,2,2,2,1
Public Method,"org.apache.pdfbox.debugger.ui.DebugLog.info(Object,Throwable)",debugger/src/main/java/org/apache/pdfbox/debugger/ui/DebugLog.java,,,,,,,,,,,,,,,,,,,,,,,,,4,8,0,8,2,2,0,2,2,1,3,1,2,2,2,2,1,,,,,,1,,0,00,2,2,2,1
Public Method,"org.apache.pdfbox.debugger.ui.DebugLog.isDebugEnabled()",debugger/src/main/java/org/apache/pdfbox/debugger/ui/DebugLog.java,,,,,,,,,,,,,,,,,,,,,,,,,1,5,0,5,2,1,0,1,1,1,2,1,1,1,1,1,1,,,,,,0,,0,00,1,1,1,1
Public Method,"org.apache.pdfbox.debugger.ui.DebugLog.isErrorEnabled()",debugger/src/main/java/org/apache/pdfbox/debugger/ui/DebugLog.java,,,,,,,,,,,,,,,,,,,,,,,,,0,5,0,5,2,1,0,1,1,1,2,1,1,1,1,1,1,,,,,,0,,0,00,1,1,1,1
Public Method,"org.apache.pdfbox.debugger.ui.DebugLog.isFatalEnabled()",debugger/src/main/java/org/apache/pdfbox/debugger/ui/DebugLog.java,,,,,,,,,,,,,,,,,,,,,,,,,0,5,0,5,2,1,0,1,1,1,2,1,1,1,1,1,1,,,,,,0,,0,00,1,1,1,1
Public Method,"org.apache.pdfbox.debugger.ui.DebugLog.isInfoEnabled()",debugger/src/main/java/org/apache/pdfbox/debugger/ui/DebugLog.java,,,,,,,,,,,,,,,,,,,,,,,,,1,5,0,5,2,1,0,1,1,1,2,1,1,1,1,1,1,,,,,,0,,0,00,1,1,1,1
Public Method,"org.apache.pdfbox.debugger.ui.DebugLog.isTraceEnabled()",debugger/src/main/java/org/apache/pdfbox/debugger/ui/DebugLog.java,,,,,,,,,,,,,,,,,,,,,,,,,1,5,0,5,2,1,0,1,1,1,2,1,1,1,1,1,1,,,,,,0,,0,00,1,1,1,1
Public Method,"org.apache.pdfbox.debugger.ui.DebugLog.isWarnEnabled()",debugger/src/main/java/org/apache/pdfbox/debugger/ui/DebugLog.java,,,,,,,,,,,,,,,,,,,,,,,,,0,5,0,5,2,1,0,1,1,1,2,1,1,1,1,1,1,,,,,,0,,0,00,1,1,1,1
Public Method,"org.apache.pdfbox.debugger.ui.DebugLog.trace(Object)",debugger/src/main/java/org/apache/pdfbox/debugger/ui/DebugLog.java,,,,,,,,,,,,,,,,,,,,,,,,,3,8,0,8,2,2,0,2,2,1,3,1,2,2,2,2,1,,,,,,1,,0,00,2,2,2,1
Public Method,"org.apache.pdfbox.debugger.ui.DebugLog.trace(Object,Throwable)",debugger/src/main/java/org/apache/pdfbox/debugger/ui/DebugLog.java,,,,,,,,,,,,,,,,,,,,,,,,,4,8,0,8,2,2,0,2,2,1,3,1,2,2,2,2,1,,,,,,1,,0,00,2,2,2,1
Public Method,"org.apache.pdfbox.debugger.ui.DebugLog.warn(Object)",debugger/src/main/java/org/apache/pdfbox/debugger/ui/DebugLog.java,,,,,,,,,,,,,,,,,,,,,,,,,2,5,0,5,2,1,0,2,1,1,2,1,1,1,1,1,1,,,,,,0,,0,00,1,1,1,1
Public Method,"org.apache.pdfbox.debugger.ui.DebugLog.warn(Object,Throwable)",debugger/src/main/java/org/apache/pdfbox/debugger/ui/DebugLog.java,,,,,,,,,,,,,,,,,,,,,,,,,3,5,0,5,2,1,0,2,1,1,2,1,1,1,1,1,1,,,,,,0,,0,00,1,1,1,1
Public Class,"org.apache.pdfbox.debugger.ui.DocumentEntry",debugger/src/main/java/org/apache/pdfbox/debugger/ui/DocumentEntry.java,1,1,1,1,4,0,4,0,1,7,0,,0,0,,,5,2,5,17,0,0,0,5,,39,5,29,11,8,5,,,10,16,10,8,,,,,1,1,1,1,1,0,50,0,17,5,5,5,5
Public Constructor,"org.apache.pdfbox.debugger.ui.DocumentEntry.DocumentEntry(PDDocument,String)",debugger/src/main/java/org/apache/pdfbox/debugger/ui/DocumentEntry.java,,,,,,,,,,,,,,,,,,,,,,,,,3,5,0,5,1,2,0,3,1,2,3,1,2,1,1,1,1,,,,,,0,,0,00,1,1,1,1
Public Method,"org.apache.pdfbox.debugger.ui.DocumentEntry.getPage(int)",debugger/src/main/java/org/apache/pdfbox/debugger/ui/DocumentEntry.java,,,,,,,,,,,,,,,,,,,,,,,,,3,6,0,6,3,3,0,6,1,3,4,3,3,1,1,1,1,,,,,,0,,0,00,1,1,1,1
Public Method,"org.apache.pdfbox.debugger.ui.DocumentEntry.getPageCount()",debugger/src/main/java/org/apache/pdfbox/debugger/ui/DocumentEntry.java,,,,,,,,,,,,,,,,,,,,,,,,,2,4,0,4,1,1,0,3,1,1,2,1,1,1,1,1,1,,,,,,0,,0,00,1,1,1,1
Public Method,"org.apache.pdfbox.debugger.ui.DocumentEntry.indexOf(PageEntry)",debugger/src/main/java/org/apache/pdfbox/debugger/ui/DocumentEntry.java,,,,,,,,,,,,,,,,,,,,,,,,,2,4,0,4,1,1,0,2,1,1,2,1,1,1,1,1,1,,,,,,0,,0,00,1,1,1,1
Public Method,"org.apache.pdfbox.debugger.ui.DocumentEntry.toString()",debugger/src/main/java/org/apache/pdfbox/debugger/ui/DocumentEntry.java,,,,,,,,,,,,,,,,,,,,,,,,,1,5,0,5,2,1,0,1,1,1,2,1,1,1,1,1,1,,,,,,0,,0,00,1,1,1,1
Public Class,"org.apache.pdfbox.debugger.ui.ErrorDialog",debugger/src/main/java/org/apache/pdfbox/debugger/ui/ErrorDialog.java,1,1,1,1,19,0,14,4,1,32,0,,1,7,,,9,7,10,760,6,1,0,3,,239,17,168,46,108,54,,,97,116,45,93,,,,,3,3,4,1,1,2,90,0,32,21,21,23,13
Public Constructor,"org.apache.pdfbox.debugger.ui.ErrorDialog.ErrorDialog(JComponent,Icon,Throwable)",debugger/src/main/java/org/apache/pdfbox/debugger/ui/ErrorDialog.java,,,,,,,,,,,,,,,,,,,,,,,,,8,24,1,16,1,11,7,17,2,10,12,1,11,2,2,2,1,,,,,,1,,0,44,2,2,2,1
Public Constructor,"org.apache.pdfbox.debugger.ui.ErrorDialog.ErrorDialog(JComponent,Throwable)",debugger/src/main/java/org/apache/pdfbox/debugger/ui/ErrorDialog.java,,,,,,,,,,,,,,,,,,,,,,,,,2,10,0,4,1,1,6,2,1,1,2,1,1,1,1,1,1,,,,,,0,,1,50,1,1,1,1
Public Constructor,"org.apache.pdfbox.debugger.ui.ErrorDialog.ErrorDialog(Throwable)",debugger/src/main/java/org/apache/pdfbox/debugger/ui/ErrorDialog.java,,,,,,,,,,,,,,,,,,,,,,,,,9,9,0,4,1,1,5,2,1,1,2,1,1,1,1,1,1,,,,,,0,,1,25,1,1,1,1
Final Method,"org.apache.pdfbox.debugger.ui.ErrorDialog.createContent()",debugger/src/main/java/org/apache/pdfbox/debugger/ui/ErrorDialog.java,,,,,,,,,,,,,,,,,,,,,,,,,13,69,4,60,10,49,5,19,1,44,47,10,45,1,1,1,1,,,,,,2,,0,08,7,7,7,4
Lambda Method,"org.apache.pdfbox.debugger.ui.ErrorDialog.createContent.(lambda_expr_1)(ActionEvent (inferred))",debugger/src/main/java/org/apache/pdfbox/debugger/ui/ErrorDialog.java,,,,,,,,,,,,,,,,,,,,,,,,,9,27,0,27,1,19,0,17,3,15,17,1,17,4,4,4,1,,,,,,0,,0,00,4,4,4,1
Lambda Method,"org.apache.pdfbox.debugger.ui.ErrorDialog.createContent.(lambda_expr_2)(ActionEvent (inferred))",debugger/src/main/java/org/apache/pdfbox/debugger/ui/ErrorDialog.java,,,,,,,,,,,,,,,,,,,,,,,,,2,8,0,8,1,6,0,9,1,5,5,1,5,1,1,1,1,,,,,,0,,0,00,1,1,1,1
Lambda Method,"org.apache.pdfbox.debugger.ui.ErrorDialog.createContent.(lambda_expr_3)()",debugger/src/main/java/org/apache/pdfbox/debugger/ui/ErrorDialog.java,,,,,,,,,,,,,,,,,,,,,,,,,0,1,0,1,1,1,0,2,1,0,0,0,0,1,1,1,1,,,,,,0,,0,00,1,1,1,1
Method,"org.apache.pdfbox.debugger.ui.ErrorDialog.createDetailedMessage()",debugger/src/main/java/org/apache/pdfbox/debugger/ui/ErrorDialog.java,,,,,,,,,,,,,,,,,,,,,,,,,4,11,0,8,1,5,3,5,1,3,4,1,3,1,1,1,1,,,,,,0,,0,38,1,1,1,1
Final Method,"org.apache.pdfbox.debugger.ui.ErrorDialog.createErrorMessage(Throwable)",debugger/src/main/java/org/apache/pdfbox/debugger/ui/ErrorDialog.java,,,,,,,,,,,,,,,,,,,,,,,,,2,13,0,9,3,6,4,6,1,6,7,3,6,1,1,1,1,,,,,,0,,0,44,1,1,1,1
Method,"org.apache.pdfbox.debugger.ui.ErrorDialog.generateStackTrace(Throwable,StringBuilder)",debugger/src/main/java/org/apache/pdfbox/debugger/ui/ErrorDialog.java,,,,,,,,,,,,,,,,,,,,,,,,,5,15,0,12,2,7,3,10,2,6,8,2,7,2,2,3,1,,,,,,1,,0,25,2,2,3,1
Private Method,"org.apache.pdfbox.debugger.ui.ErrorDialog.isSuppressed(String)",debugger/src/main/java/org/apache/pdfbox/debugger/ui/ErrorDialog.java,,,,,,,,,,,,,,,,,,,,,,,,,4,7,0,4,1,1,3,3,1,1,2,1,1,1,1,1,1,,,,,,0,,0,75,1,1,1,1
Static Method,"org.apache.pdfbox.debugger.ui.ErrorDialog.position(Component,Component)",debugger/src/main/java/org/apache/pdfbox/debugger/ui/ErrorDialog.java,,,,,,,,,,,,,,,,,,,,,,,,,7,24,0,16,6,9,8,7,2,7,9,6,8,2,2,2,1,,,,,,1,,0,50,2,2,2,1
Method,"org.apache.pdfbox.debugger.ui.ErrorDialog.toString(StackTraceElement[])",debugger/src/main/java/org/apache/pdfbox/debugger/ui/ErrorDialog.java,,,,,,,,,,,,,,,,,,,,,,,,,5,13,0,13,3,6,0,6,3,4,8,4,6,3,3,4,1,,,,,,2,,0,00,3,3,4,1
Public Class,"org.apache.pdfbox.debugger.ui.FileOpenSaveDialog",debugger/src/main/java/org/apache/pdfbox/debugger/ui/FileOpenSaveDialog.java,2,2,2,1,18,0,11,6,1,9,0,,0,1,,,4,1,4,16,0,0,0,4,,107,5,71,16,37,31,,,26,39,15,32,,,,,3,3,4,1,1,2,0,0,44,9,9,10,4
Anonymous Class,"org.apache.pdfbox.debugger.ui.FileOpenSaveDialog.(Anon_1)",debugger/src/main/java/org/apache/pdfbox/debugger/ui/FileOpenSaveDialog.java,3,3,4,3,18,0,18,0,1,3,0,,0,0,,,1,0,1,774,0,0,0,1,,19,0,19,3,12,0,,,5,8,3,7,,,,,3,3,4,3,1,2,0,0,00,3,3,4,3
Public Method,"org.apache.pdfbox.debugger.ui.FileOpenSaveDialog.(Anon_1).approveSelection()",debugger/src/main/java/org/apache/pdfbox/debugger/ui/FileOpenSaveDialog.java,,,,,,,,,,,,,,,,,,,,,,,,,3,18,0,18,3,12,0,6,3,5,8,3,7,3,3,4,3,,,,,,2,,0,00,3,3,4,3
Public Constructor,"org.apache.pdfbox.debugger.ui.FileOpenSaveDialog.FileOpenSaveDialog(Component,FileFilter)",debugger/src/main/java/org/apache/pdfbox/debugger/ui/FileOpenSaveDialog.java,,,,,,,,,,,,,,,,,,,,,,,,,6,11,0,6,1,3,5,4,1,3,4,1,3,1,1,1,1,,,,,,0,,0,83,1,1,1,1
Public Method,"org.apache.pdfbox.debugger.ui.FileOpenSaveDialog.openFile()",debugger/src/main/java/org/apache/pdfbox/debugger/ui/FileOpenSaveDialog.java,,,,,,,,,,,,,,,,,,,,,,,,,4,14,0,9,2,4,5,3,2,3,5,2,4,2,2,2,1,,,,,,1,,0,56,2,2,2,1
Public Method,"org.apache.pdfbox.debugger.ui.FileOpenSaveDialog.saveDocument(PDDocument,String)",debugger/src/main/java/org/apache/pdfbox/debugger/ui/FileOpenSaveDialog.java,,,,,,,,,,,,,,,,,,,,,,,,,6,24,0,16,3,9,8,7,3,7,10,3,9,3,3,3,1,,,,,,2,,0,50,3,3,3,1
Public Method,"org.apache.pdfbox.debugger.ui.FileOpenSaveDialog.saveFile(byte[],String)",debugger/src/main/java/org/apache/pdfbox/debugger/ui/FileOpenSaveDialog.java,,,,,,,,,,,,,,,,,,,,,,,,,6,23,0,15,3,8,8,7,3,6,9,3,8,3,3,4,1,,,,,,2,,0,53,3,3,4,1
Public Class,"org.apache.pdfbox.debugger.ui.HighResolutionImageIcon",debugger/src/main/java/org/apache/pdfbox/debugger/ui/HighResolutionImageIcon.java,1,1,1,1,5,0,5,0,2,4,0,,0,0,,,4,3,4,16,0,0,0,4,,31,4,27,11,6,0,,,9,14,8,6,,,,,1,1,1,1,1,0,50,0,00,4,4,4,4
Public Constructor,"org.apache.pdfbox.debugger.ui.HighResolutionImageIcon.HighResolutionImageIcon(Image,int,int)",debugger/src/main/java/org/apache/pdfbox/debugger/ui/HighResolutionImageIcon.java,,,,,,,,,,,,,,,,,,,,,,,,,6,6,0,6,1,3,0,4,1,3,4,1,3,1,1,1,1,,,,,,0,,0,00,1,1,1,1
Public Method,"org.apache.pdfbox.debugger.ui.HighResolutionImageIcon.getIconHeight()",debugger/src/main/java/org/apache/pdfbox/debugger/ui/HighResolutionImageIcon.java,,,,,,,,,,,,,,,,,,,,,,,,,2,5,0,5,2,1,0,1,1,1,2,1,1,1,1,1,1,,,,,,0,,0,00,1,1,1,1
Public Method,"org.apache.pdfbox.debugger.ui.HighResolutionImageIcon.getIconWidth()",debugger/src/main/java/org/apache/pdfbox/debugger/ui/HighResolutionImageIcon.java,,,,,,,,,,,,,,,,,,,,,,,,,2,5,0,5,2,1,0,1,1,1,2,1,1,1,1,1,1,,,,,,0,,0,00,1,1,1,1
Public Method,"org.apache.pdfbox.debugger.ui.HighResolutionImageIcon.paintIcon(Component,Graphics,int,int)",debugger/src/main/java/org/apache/pdfbox/debugger/ui/HighResolutionImageIcon.java,,,,,,,,,,,,,,,,,,,,,,,,,4,5,0,5,2,1,0,3,1,1,2,1,1,1,1,1,1,,,,,,0,,0,00,1,1,1,1
Public Final Class,"org.apache.pdfbox.debugger.ui.ImageTypeMenu",debugger/src/main/java/org/apache/pdfbox/debugger/ui/ImageTypeMenu.java,2,1,3,1,15,0,13,1,1,7,0,,4,5,,,3,4,7,24,0,2,0,5,,136,13,105,19,64,18,,,52,66,19,49,,,,,5,4,5,4,2,1,62,0,17,19,13,22,10
Private Constructor,"org.apache.pdfbox.debugger.ui.ImageTypeMenu.ImageTypeMenu()",debugger/src/main/java/org/apache/pdfbox/debugger/ui/ImageTypeMenu.java,,,,,,,,,,,,,,,,,,,,,,,,,1,7,0,4,1,1,3,3,1,1,2,1,1,1,1,1,1,,,,,,0,,0,75,1,1,1,1
Private Method,"org.apache.pdfbox.debugger.ui.ImageTypeMenu.createMenu()",debugger/src/main/java/org/apache/pdfbox/debugger/ui/ImageTypeMenu.java,,,,,,,,,,,,,,,,,,,,,,,,,9,29,5,24,3,21,0,12,1,21,22,3,21,1,1,1,1,,,,,,0,,0,00,1,1,1,1
Public Static Method,"org.apache.pdfbox.debugger.ui.ImageTypeMenu.getImageType()",debugger/src/main/java/org/apache/pdfbox/debugger/ui/ImageTypeMenu.java,,,,,,,,,,,,,,,,,,,,,,,,,9,16,0,16,1,7,0,2,4,4,8,1,7,4,4,4,4,,,,,,1,,0,00,4,4,4,4
Public Static Method,"org.apache.pdfbox.debugger.ui.ImageTypeMenu.getImageType(String)",debugger/src/main/java/org/apache/pdfbox/debugger/ui/ImageTypeMenu.java,,,,,,,,,,,,,,,,,,,,,,,,,9,16,0,16,1,11,0,2,5,5,7,1,6,5,2,5,1,,,,,,1,,0,00,5,2,5,1
Public Static Method,"org.apache.pdfbox.debugger.ui.ImageTypeMenu.getInstance()",debugger/src/main/java/org/apache/pdfbox/debugger/ui/ImageTypeMenu.java,,,,,,,,,,,,,,,,,,,,,,,,,4,12,0,8,1,3,4,3,2,2,4,1,3,2,2,2,1,,,,,,1,,0,50,2,2,2,1
Public Static Method,"org.apache.pdfbox.debugger.ui.ImageTypeMenu.isImageTypeMenu(String)",debugger/src/main/java/org/apache/pdfbox/debugger/ui/ImageTypeMenu.java,,,,,,,,,,,,,,,,,,,,,,,,,6,5,0,5,1,2,0,2,1,1,2,1,1,1,1,4,1,,,,,,0,,0,00,1,1,4,1
Public Method,"org.apache.pdfbox.debugger.ui.ImageTypeMenu.setImageTypeSelection(String)",debugger/src/main/java/org/apache/pdfbox/debugger/ui/ImageTypeMenu.java,,,,,,,,,,,,,,,,,,,,,,,,,10,24,0,20,1,15,4,2,5,9,11,1,10,5,2,5,1,,,,,,1,,0,20,5,2,5,1
Public Final Class,"org.apache.pdfbox.debugger.ui.ImageUtil",debugger/src/main/java/org/apache/pdfbox/debugger/ui/ImageUtil.java,3,1,3,3,22,0,18,4,1,5,0,,1,0,,,1,0,2,14,0,1,0,1,,56,2,40,9,28,14,,,23,27,9,21,,,,,5,2,5,5,1,1,0,0,35,6,3,6,6
Private Constructor,"org.apache.pdfbox.debugger.ui.ImageUtil.ImageUtil()",debugger/src/main/java/org/apache/pdfbox/debugger/ui/ImageUtil.java,,,,,,,,,,,,,,,,,,,,,,,,,0,3,0,3,1,0,0,1,1,0,1,1,0,1,1,1,1,,,,,,0,,0,00,1,1,1,1
Public Static Method,"org.apache.pdfbox.debugger.ui.ImageUtil.getRotatedImage(BufferedImage,int)",debugger/src/main/java/org/apache/pdfbox/debugger/ui/ImageUtil.java,,,,,,,,,,,,,,,,,,,,,,,,,4,42,0,34,7,28,8,12,5,23,25,7,21,5,2,5,5,,,,,,1,,0,24,5,2,5,5
Public Class,"org.apache.pdfbox.debugger.ui.LogDialog",debugger/src/main/java/org/apache/pdfbox/debugger/ui/LogDialog.java,3,3,3,1,19,1,17,0,1,21,0,,2,1,,,6,8,8,758,0,2,0,6,,185,24,154,30,97,7,,,84,104,28,83,,,,,13,13,13,1,1,2,66,0,05,29,24,29,8
Private Constructor,"org.apache.pdfbox.debugger.ui.LogDialog.LogDialog(Frame,JLabel)",debugger/src/main/java/org/apache/pdfbox/debugger/ui/LogDialog.java,,,,,,,,,,,,,,,,,,,,,,,,,5,11,2,9,1,6,0,10,1,6,7,1,6,1,1,1,1,,,,,,0,,0,00,1,1,1,1
Public Method,"org.apache.pdfbox.debugger.ui.LogDialog.clear()",debugger/src/main/java/org/apache/pdfbox/debugger/ui/LogDialog.java,,,,,,,,,,,,,,,,,,,,,,,,,4,10,0,10,1,7,0,7,1,7,8,1,7,1,1,1,1,,,,,,0,,0,00,1,1,1,1
Public Final Method,"org.apache.pdfbox.debugger.ui.LogDialog.getContentPane()",debugger/src/main/java/org/apache/pdfbox/debugger/ui/LogDialog.java,,,,,,,,,,,,,,,,,,,,,,,,,1,5,0,5,2,1,0,2,1,1,2,1,1,1,1,1,1,,,,,,0,,0,00,1,1,1,1
Public Static Method,"org.apache.pdfbox.debugger.ui.LogDialog.init(Frame,JLabel)",debugger/src/main/java/org/apache/pdfbox/debugger/ui/LogDialog.java,,,,,,,,,,,,,,,,,,,,,,,,,3,4,0,4,1,1,0,2,1,1,2,1,1,1,1,1,1,,,,,,0,,0,00,1,1,1,1
Public Static Method,"org.apache.pdfbox.debugger.ui.LogDialog.instance()",debugger/src/main/java/org/apache/pdfbox/debugger/ui/LogDialog.java,,,,,,,,,,,,,,,,,,,,,,,,,16,4,0,4,1,1,0,1,1,1,2,1,1,1,1,1,1,,,,,,0,,0,00,1,1,1,1
Public Method,"org.apache.pdfbox.debugger.ui.LogDialog.log(String,String,Object,Throwable)",debugger/src/main/java/org/apache/pdfbox/debugger/ui/LogDialog.java,,,,,,,,,,,,,,,,,,,,,,,,,20,77,6,70,8,58,1,23,28,48,52,8,50,10,5,10,1,,,,,,1,,0,01,10,5,10,1
Public Final Method,"org.apache.pdfbox.debugger.ui.LogDialog.pack()",debugger/src/main/java/org/apache/pdfbox/debugger/ui/LogDialog.java,,,,,,,,,,,,,,,,,,,,,,,,,1,5,0,5,2,1,0,1,1,1,2,1,1,1,1,1,1,,,,,,0,,0,00,1,1,1,1
Private Method,"org.apache.pdfbox.debugger.ui.LogDialog.updateStatusBar()",debugger/src/main/java/org/apache/pdfbox/debugger/ui/LogDialog.java,,,,,,,,,,,,,,,,,,,,,,,,,7,41,7,34,3,17,0,4,96,10,19,4,16,13,13,13,1,,,,,,2,,0,00,13,13,13,1
Public Class,"org.apache.pdfbox.debugger.ui.MapEntry",debugger/src/main/java/org/apache/pdfbox/debugger/ui/MapEntry.java,1,1,1,1,9,0,4,5,1,4,0,,0,0,,,7,3,7,19,0,0,0,7,,86,7,39,12,9,40,,,11,20,11,9,,,,,2,2,2,1,1,1,66,1,03,8,8,8,7
Public Method,"org.apache.pdfbox.debugger.ui.MapEntry.getItem()",debugger/src/main/java/org/apache/pdfbox/debugger/ui/MapEntry.java,,,,,,,,,,,,,,,,,,,,,,,,,3,9,0,4,1,1,5,1,1,1,2,1,1,1,1,1,1,,,,,,0,,1,25,1,1,1,1
Public Method,"org.apache.pdfbox.debugger.ui.MapEntry.getKey()",debugger/src/main/java/org/apache/pdfbox/debugger/ui/MapEntry.java,,,,,,,,,,,,,,,,,,,,,,,,,8,9,0,4,1,1,5,1,1,1,2,1,1,1,1,1,1,,,,,,0,,1,25,1,1,1,1
Public Method,"org.apache.pdfbox.debugger.ui.MapEntry.getValue()",debugger/src/main/java/org/apache/pdfbox/debugger/ui/MapEntry.java,,,,,,,,,,,,,,,,,,,,,,,,,13,9,0,4,1,1,5,1,1,1,2,1,1,1,1,1,1,,,,,,0,,1,25,1,1,1,1
Public Method,"org.apache.pdfbox.debugger.ui.MapEntry.setItem(COSBase)",debugger/src/main/java/org/apache/pdfbox/debugger/ui/MapEntry.java,,,,,,,,,,,,,,,,,,,,,,,,,2,9,0,4,1,1,5,1,1,1,2,1,1,1,1,1,1,,,,,,0,,1,25,1,1,1,1
Public Method,"org.apache.pdfbox.debugger.ui.MapEntry.setKey(COSName)",debugger/src/main/java/org/apache/pdfbox/debugger/ui/MapEntry.java,,,,,,,,,,,,,,,,,,,,,,,,,3,9,0,4,1,1,5,1,1,1,2,1,1,1,1,1,1,,,,,,0,,1,25,1,1,1,1
Public Method,"org.apache.pdfbox.debugger.ui.MapEntry.setValue(COSBase)",debugger/src/main/java/org/apache/pdfbox/debugger/ui/MapEntry.java,,,,,,,,,,,,,,,,,,,,,,,,,3,9,0,4,1,1,5,1,1,1,2,1,1,1,1,1,1,,,,,,0,,1,25,1,1,1,1
Public Method,"org.apache.pdfbox.debugger.ui.MapEntry.toString()",debugger/src/main/java/org/apache/pdfbox/debugger/ui/MapEntry.java,,,,,,,,,,,,,,,,,,,,,,,,,1,14,0,9,2,3,5,2,2,2,4,1,3,2,2,2,1,,,,,,1,,0,56,2,2,2,1
Abstract Class,"org.apache.pdfbox.debugger.ui.MenuBase",debugger/src/main/java/org/apache/pdfbox/debugger/ui/MenuBase.java,1,1,1,1,8,0,5,3,1,5,6,,0,0,,,5,1,5,17,1,1,0,3,,60,6,32,8,10,22,,,8,18,10,8,,,,,2,2,2,1,1,1,19,0,69,7,7,7,5
Public Method,"org.apache.pdfbox.debugger.ui.MenuBase.addMenuListeners(ActionListener)",debugger/src/main/java/org/apache/pdfbox/debugger/ui/MenuBase.java,,,,,,,,,,,,,,,,,,,,,,,,,4,14,0,9,2,4,5,3,2,3,6,3,3,2,2,2,1,,,,,,1,,0,56,2,2,2,1
Public Method,"org.apache.pdfbox.debugger.ui.MenuBase.getMenu()",debugger/src/main/java/org/apache/pdfbox/debugger/ui/MenuBase.java,,,,,,,,,,,,,,,,,,,,,,,,,6,9,0,4,1,1,5,1,1,1,2,1,1,1,1,1,1,,,,,,0,,1,25,1,1,1,1
Private Method,"org.apache.pdfbox.debugger.ui.MenuBase.removeActionListeners(JMenuItem)",debugger/src/main/java/org/apache/pdfbox/debugger/ui/MenuBase.java,,,,,,,,,,,,,,,,,,,,,,,,,2,7,0,7,1,2,0,2,2,1,4,2,2,2,2,2,1,,,,,,1,,0,00,2,2,2,1
Public Method,"org.apache.pdfbox.debugger.ui.MenuBase.setEnableMenu(boolean)",debugger/src/main/java/org/apache/pdfbox/debugger/ui/MenuBase.java,,,,,,,,,,,,,,,,,,,,,,,,,7,9,0,4,1,1,5,1,1,1,2,1,1,1,1,1,1,,,,,,0,,1,25,1,1,1,1
Final Method,"org.apache.pdfbox.debugger.ui.MenuBase.setMenu(JMenu)",debugger/src/main/java/org/apache/pdfbox/debugger/ui/MenuBase.java,,,,,,,,,,,,,,,,,,,,,,,,,7,4,0,4,1,1,0,1,1,1,2,1,1,1,1,1,1,,,,,,0,,0,00,1,1,1,1
Public Class,"org.apache.pdfbox.debugger.ui.OSXAdapter",debugger/src/main/java/org/apache/pdfbox/debugger/ui/OSXAdapter.java,2,2,3,1,18,0,17,1,2,18,2,,6,1,,,5,3,11,23,0,1,3,7,,258,13,199,48,119,47,,,74,110,46,88,,,,,4,4,5,1,1,2,77,0,24,28,28,34,11
Protected Constructor,"org.apache.pdfbox.debugger.ui.OSXAdapter.OSXAdapter(String,Object,Method)",debugger/src/main/java/org/apache/pdfbox/debugger/ui/OSXAdapter.java,,,,,,,,,,,,,,,,,,,,,,,,,6,5,0,5,1,3,0,4,1,3,4,1,3,1,1,1,1,,,,,,0,,0,00,1,1,1,1
Public Method,"org.apache.pdfbox.debugger.ui.OSXAdapter.callTarget(Object)",debugger/src/main/java/org/apache/pdfbox/debugger/ui/OSXAdapter.java,,,,,,,,,,,,,,,,,,,,,,,,,3,7,0,7,2,4,0,4,2,3,5,2,4,2,2,2,1,,,,,,1,,0,00,2,2,2,1
Public Method,"org.apache.pdfbox.debugger.ui.OSXAdapter.invoke(Object,Method,Object[])",debugger/src/main/java/org/apache/pdfbox/debugger/ui/OSXAdapter.java,,,,,,,,,,,,,,,,,,,,,,,,,2,8,0,7,2,4,1,4,2,3,5,2,4,2,2,2,1,,,,,,1,,0,14,2,2,2,1
Protected Method,"org.apache.pdfbox.debugger.ui.OSXAdapter.isCorrectMethod(Method,Object[])",debugger/src/main/java/org/apache/pdfbox/debugger/ui/OSXAdapter.java,,,,,,,,,,,,,,,,,,,,,,,,,6,3,0,3,1,1,0,3,1,1,2,1,1,1,1,3,1,,,,,,0,,0,00,1,1,3,1
Private Static Method,"org.apache.pdfbox.debugger.ui.OSXAdapter.isMinJdk9()",debugger/src/main/java/org/apache/pdfbox/debugger/ui/OSXAdapter.java,,,,,,,,,,,,,,,,,,,,,,,,,2,21,0,19,5,10,2,6,3,7,10,5,8,3,3,5,1,,,,,,2,,0,11,3,3,5,1
Public Static Method,"org.apache.pdfbox.debugger.ui.OSXAdapter.setAboutHandler(Object,Method)",debugger/src/main/java/org/apache/pdfbox/debugger/ui/OSXAdapter.java,,,,,,,,,,,,,,,,,,,,,,,,,5,15,0,13,3,9,2,8,4,6,9,3,7,3,3,4,1,,,,,,1,,0,15,3,3,4,1
Protected Method,"org.apache.pdfbox.debugger.ui.OSXAdapter.setApplicationEventHandled(Object,boolean)",debugger/src/main/java/org/apache/pdfbox/debugger/ui/OSXAdapter.java,,,,,,,,,,,,,,,,,,,,,,,,,5,12,0,11,2,7,1,7,3,4,7,2,6,3,3,3,1,,,,,,2,,0,09,3,3,3,1
Public Static Method,"org.apache.pdfbox.debugger.ui.OSXAdapter.setFileHandler(Object,Method)",debugger/src/main/java/org/apache/pdfbox/debugger/ui/OSXAdapter.java,,,,,,,,,,,,,,,,,,,,,,,,,4,66,0,61,13,38,5,10,3,18,27,11,24,3,3,3,1,,,,,,0,,0,08,3,3,3,1
Anonymous Class,"org.apache.pdfbox.debugger.ui.OSXAdapter.setFileHandler.(Anon_2)",debugger/src/main/java/org/apache/pdfbox/debugger/ui/OSXAdapter.java,3,3,3,1,21,0,21,0,1,8,0,,0,0,,,1,0,1,24,0,0,0,1,,24,0,22,5,12,2,,,5,8,3,7,,,,,3,3,3,1,2,2,0,0,09,3,3,3,1
Public Method,"org.apache.pdfbox.debugger.ui.OSXAdapter.setFileHandler.(Anon_2).callTarget(Object)",debugger/src/main/java/org/apache/pdfbox/debugger/ui/OSXAdapter.java,,,,,,,,,,,,,,,,,,,,,,,,,4,21,0,21,5,12,0,7,3,5,8,3,7,3,3,3,1,,,,,,2,,0,00,3,3,3,1
Anonymous Class,"org.apache.pdfbox.debugger.ui.OSXAdapter.setFileHandler.(Anon_3)",debugger/src/main/java/org/apache/pdfbox/debugger/ui/OSXAdapter.java,3,3,3,1,13,0,13,0,1,6,0,,0,0,,,1,0,1,24,0,0,0,1,,16,0,14,2,11,2,,,5,8,3,7,,,,,3,3,3,1,2,2,0,0,14,3,3,3,1
Public Method,"org.apache.pdfbox.debugger.ui.OSXAdapter.setFileHandler.(Anon_3).callTarget(Object)",debugger/src/main/java/org/apache/pdfbox/debugger/ui/OSXAdapter.java,,,,,,,,,,,,,,,,,,,,,,,,,4,13,0,13,2,10,0,5,3,5,8,3,7,3,3,3,1,,,,,,2,,0,00,3,3,3,1
Public Static Method,"org.apache.pdfbox.debugger.ui.OSXAdapter.setHandler(OSXAdapter)",debugger/src/main/java/org/apache/pdfbox/debugger/ui/OSXAdapter.java,,,,,,,,,,,,,,,,,,,,,,,,,9,18,0,17,5,13,2,10,4,9,12,5,11,4,4,4,1,,,,,,2,,0,12,4,4,4,1
Public Static Method,"org.apache.pdfbox.debugger.ui.OSXAdapter.setPreferencesHandler(Object,Method)",debugger/src/main/java/org/apache/pdfbox/debugger/ui/OSXAdapter.java,,,,,,,,,,,,,,,,,,,,,,,,,5,15,0,13,3,9,2,7,4,6,9,3,7,3,3,4,1,,,,,,1,,0,15,3,3,4,1
Public Static Method,"org.apache.pdfbox.debugger.ui.OSXAdapter.setQuitHandler(Object,Method)",debugger/src/main/java/org/apache/pdfbox/debugger/ui/OSXAdapter.java,,,,,,,,,,,,,,,,,,,,,,,,,4,37,0,36,6,21,1,11,3,10,15,6,13,3,3,3,1,,,,,,1,,0,03,3,3,3,1
Anonymous Class,"org.apache.pdfbox.debugger.ui.OSXAdapter.setQuitHandler.(Anon_1)",debugger/src/main/java/org/apache/pdfbox/debugger/ui/OSXAdapter.java,2,2,2,1,11,0,10,1,2,5,0,,0,0,,,1,0,1,13,0,0,0,1,,12,0,11,0,6,1,,,2,4,1,3,,,,,2,2,2,1,1,1,0,0,09,2,2,2,1
Public Method,"org.apache.pdfbox.debugger.ui.OSXAdapter.setQuitHandler.(Anon_1).invoke(Object,Method,Object[])",debugger/src/main/java/org/apache/pdfbox/debugger/ui/OSXAdapter.java,,,,,,,,,,,,,,,,,,,,,,,,,3,11,0,10,0,6,1,4,2,2,4,1,3,2,2,2,1,,,,,,1,,0,10,2,2,2,1
Public Class,"org.apache.pdfbox.debugger.ui.PDFTreeCellRenderer",debugger/src/main/java/org/apache/pdfbox/debugger/ui/PDFTreeCellRenderer.java,8,8,9,4,44,1,42,0,1,27,0,,1,13,,,5,0,6,780,0,5,0,1,,324,20,294,64,152,10,,,106,162,56,128,,,,,17,17,20,16,1,3,0,0,03,49,49,57,28
Private Static Class,"org.apache.pdfbox.debugger.ui.PDFTreeCellRenderer.OverlayIcon",debugger/src/main/java/org/apache/pdfbox/debugger/ui/PDFTreeCellRenderer.java,1,1,1,1,5,0,5,0,1,6,0,,0,0,,,3,2,3,42,2,0,0,1,,27,3,21,7,6,3,,,8,12,6,6,,,,,1,1,1,1,1,0,16,0,14,4,4,4,4
Constructor,"org.apache.pdfbox.debugger.ui.PDFTreeCellRenderer.OverlayIcon.OverlayIcon(ImageIcon)",debugger/src/main/java/org/apache/pdfbox/debugger/ui/PDFTreeCellRenderer.java,,,,,,,,,,,,,,,,,,,,,,,,,2,6,0,6,1,3,0,6,1,3,4,1,3,1,1,1,1,,,,,,0,,0,00,1,1,1,1
Method,"org.apache.pdfbox.debugger.ui.PDFTreeCellRenderer.OverlayIcon.add(ImageIcon)",debugger/src/main/java/org/apache/pdfbox/debugger/ui/PDFTreeCellRenderer.java,,,,,,,,,,,,,,,,,,,,,,,,,3,4,0,4,1,1,0,1,1,1,2,1,1,1,1,1,1,,,,,,0,,0,00,1,1,1,1
Public Method,"org.apache.pdfbox.debugger.ui.PDFTreeCellRenderer.OverlayIcon.paintIcon(Component,Graphics,int,int)",debugger/src/main/java/org/apache/pdfbox/debugger/ui/PDFTreeCellRenderer.java,,,,,,,,,,,,,,,,,,,,,,,,,7,6,0,6,2,2,0,2,1,2,3,1,2,1,1,1,1,,,,,,0,,0,00,2,2,2,2
Lambda Method,"org.apache.pdfbox.debugger.ui.PDFTreeCellRenderer.OverlayIcon.paintIcon.(lambda_expr_1)(ImageIcon (inferred))",debugger/src/main/java/org/apache/pdfbox/debugger/ui/PDFTreeCellRenderer.java,,,,,,,,,,,,,,,,,,,,,,,,,5,1,0,1,0,1,0,2,1,0,0,0,0,1,1,1,1,,,,,,0,,0,00,1,1,1,1
Private Static Method,"org.apache.pdfbox.debugger.ui.PDFTreeCellRenderer.getImageUrl(String)",debugger/src/main/java/org/apache/pdfbox/debugger/ui/PDFTreeCellRenderer.java,,,,,,,,,,,,,,,,,,,,,,,,,1,5,0,5,2,2,0,2,1,2,3,2,1,1,1,1,1,,,,,,0,,0,00,1,1,1,1
Public Method,"org.apache.pdfbox.debugger.ui.PDFTreeCellRenderer.getTreeCellRendererComponent(JTree,Object,boolean,boolean,boolean,int,boolean)",debugger/src/main/java/org/apache/pdfbox/debugger/ui/PDFTreeCellRenderer.java,,,,,,,,,,,,,,,,,,,,,,,,,7,18,2,16,11,5,0,5,1,3,4,2,3,1,1,1,1,,,,,,0,,0,00,1,1,1,1
Private Method,"org.apache.pdfbox.debugger.ui.PDFTreeCellRenderer.lookupIcon(Object)",debugger/src/main/java/org/apache/pdfbox/debugger/ui/PDFTreeCellRenderer.java,,,,,,,,,,,,,,,,,,,,,,,,,14,70,0,69,4,34,1,6,16,18,35,5,31,16,16,17,16,,,,,,3,,0,01,16,16,17,16
Private Method,"org.apache.pdfbox.debugger.ui.PDFTreeCellRenderer.lookupIconWithOverlay(Object)",debugger/src/main/java/org/apache/pdfbox/debugger/ui/PDFTreeCellRenderer.java,,,,,,,,,,,,,,,,,,,,,,,,,3,33,2,31,7,18,0,8,10,13,19,7,14,6,6,7,1,,,,,,2,,0,00,6,6,7,1
Private Method,"org.apache.pdfbox.debugger.ui.PDFTreeCellRenderer.toTreeObject(Object)",debugger/src/main/java/org/apache/pdfbox/debugger/ui/PDFTreeCellRenderer.java,,,,,,,,,,,,,,,,,,,,,,,,,4,98,2,95,13,52,1,27,19,37,55,14,42,17,17,20,8,,,,,,3,,0,01,17,17,20,8
Private Method,"org.apache.pdfbox.debugger.ui.PDFTreeCellRenderer.toTreePostfix(Object)",debugger/src/main/java/org/apache/pdfbox/debugger/ui/PDFTreeCellRenderer.java,,,,,,,,,,,,,,,,,,,,,,,,,8,45,4,41,6,22,0,10,28,12,20,6,18,8,8,11,1,,,,,,3,,0,00,8,8,11,1
Public Class,"org.apache.pdfbox.debugger.ui.PDFTreeModel",debugger/src/main/java/org/apache/pdfbox/debugger/ui/PDFTreeModel.java,3,3,4,1,25,0,16,8,2,19,0,,0,0,,,11,1,11,23,0,0,0,11,,303,12,189,35,88,102,,,56,93,28,71,,,,,12,12,14,1,1,4,72,0,54,36,36,47,11
Public Constructor,"org.apache.pdfbox.debugger.ui.PDFTreeModel.PDFTreeModel()",debugger/src/main/java/org/apache/pdfbox/debugger/ui/PDFTreeModel.java,,,,,,,,,,,,,,,,,,,,,,,,,0,7,0,3,1,0,4,1,1,0,1,1,0,1,1,1,1,,,,,,0,,1,33,1,1,1,1
Public Constructor,"org.apache.pdfbox.debugger.ui.PDFTreeModel.PDFTreeModel(DocumentEntry)",debugger/src/main/java/org/apache/pdfbox/debugger/ui/PDFTreeModel.java,,,,,,,,,,,,,,,,,,,,,,,,,2,9,0,4,1,1,5,2,1,1,2,1,1,1,1,1,1,,,,,,0,,1,25,1,1,1,1
Public Constructor,"org.apache.pdfbox.debugger.ui.PDFTreeModel.PDFTreeModel(PDDocument)",debugger/src/main/java/org/apache/pdfbox/debugger/ui/PDFTreeModel.java,,,,,,,,,,,,,,,,,,,,,,,,,2,9,0,4,1,1,5,4,1,1,2,1,1,1,1,1,1,,,,,,0,,1,25,1,1,1,1
Public Method,"org.apache.pdfbox.debugger.ui.PDFTreeModel.addTreeModelListener(TreeModelListener)",debugger/src/main/java/org/apache/pdfbox/debugger/ui/PDFTreeModel.java,,,,,,,,,,,,,,,,,,,,,,,,,0,13,0,4,2,0,9,0,1,0,1,1,0,1,1,1,1,,,,,,0,,2,25,1,1,1,1
Public Method,"org.apache.pdfbox.debugger.ui.PDFTreeModel.getChild(Object,int)",debugger/src/main/java/org/apache/pdfbox/debugger/ui/PDFTreeModel.java,,,,,,,,,,,,,,,,,,,,,,,,,2,64,0,51,9,31,13,23,8,23,31,8,28,8,8,8,1,,,,,,1,,0,25,8,8,8,1
Public Method,"org.apache.pdfbox.debugger.ui.PDFTreeModel.getChildCount(Object)",debugger/src/main/java/org/apache/pdfbox/debugger/ui/PDFTreeModel.java,,,,,,,,,,,,,,,,,,,,,,,,,1,43,0,34,3,16,9,7,8,9,17,2,15,8,8,8,1,,,,,,1,,0,26,8,8,8,1
Public Method,"org.apache.pdfbox.debugger.ui.PDFTreeModel.getIndexOfChild(Object,Object)",debugger/src/main/java/org/apache/pdfbox/debugger/ui/PDFTreeModel.java,,,,,,,,,,,,,,,,,,,,,,,,,2,70,0,60,8,30,10,17,12,19,31,8,24,12,12,14,1,,,,,,4,,0,17,12,12,14,1
Public Method,"org.apache.pdfbox.debugger.ui.PDFTreeModel.getRoot()",debugger/src/main/java/org/apache/pdfbox/debugger/ui/PDFTreeModel.java,,,,,,,,,,,,,,,,,,,,,,,,,1,11,0,5,2,1,6,1,1,1,2,1,1,1,1,1,1,,,,,,0,,1,20,1,1,1,1
Public Method,"org.apache.pdfbox.debugger.ui.PDFTreeModel.isLeaf(Object)",debugger/src/main/java/org/apache/pdfbox/debugger/ui/PDFTreeModel.java,,,,,,,,,,,,,,,,,,,,,,,,,1,23,0,12,2,8,11,3,1,1,2,1,1,1,1,10,1,,,,,,0,,0,92,1,1,10,1
Public Method,"org.apache.pdfbox.debugger.ui.PDFTreeModel.removeTreeModelListener(TreeModelListener)",debugger/src/main/java/org/apache/pdfbox/debugger/ui/PDFTreeModel.java,,,,,,,,,,,,,,,,,,,,,,,,,0,12,0,4,2,0,8,0,1,0,1,1,0,1,1,1,1,,,,,,0,,2,00,1,1,1,1
Public Method,"org.apache.pdfbox.debugger.ui.PDFTreeModel.valueForPathChanged(TreePath,Object)",debugger/src/main/java/org/apache/pdfbox/debugger/ui/PDFTreeModel.java,,,,,,,,,,,,,,,,,,,,,,,,,0,14,0,4,2,0,10,0,1,0,1,1,0,1,1,1,1,,,,,,0,,2,50,1,1,1,1
Public Class,"org.apache.pdfbox.debugger.ui.PageEntry",debugger/src/main/java/org/apache/pdfbox/debugger/ui/PageEntry.java,1,1,1,1,8,0,8,0,1,6,0,,0,0,,,5,3,5,17,0,0,0,5,,59,6,48,15,20,5,,,20,29,14,19,,,,,4,4,4,4,1,2,46,0,10,9,9,9,8
Public Constructor,"org.apache.pdfbox.debugger.ui.PageEntry.PageEntry(COSDictionary,int,String)",debugger/src/main/java/org/apache/pdfbox/debugger/ui/PageEntry.java,,,,,,,,,,,,,,,,,,,,,,,,,4,6,0,6,1,3,0,4,1,3,4,1,3,1,1,1,1,,,,,,0,,0,00,1,1,1,1
Public Method,"org.apache.pdfbox.debugger.ui.PageEntry.getDict()",debugger/src/main/java/org/apache/pdfbox/debugger/ui/PageEntry.java,,,,,,,,,,,,,,,,,,,,,,,,,6,4,0,4,1,1,0,1,1,1,2,1,1,1,1,1,1,,,,,,0,,0,00,1,1,1,1
Public Method,"org.apache.pdfbox.debugger.ui.PageEntry.getPageNum()",debugger/src/main/java/org/apache/pdfbox/debugger/ui/PageEntry.java,,,,,,,,,,,,,,,,,,,,,,,,,2,4,0,4,1,1,0,1,1,1,2,1,1,1,1,1,1,,,,,,0,,0,00,1,1,1,1
Public Method,"org.apache.pdfbox.debugger.ui.PageEntry.getPath()",debugger/src/main/java/org/apache/pdfbox/debugger/ui/PageEntry.java,,,,,,,,,,,,,,,,,,,,,,,,,4,24,1,23,6,14,0,9,4,11,15,6,13,4,4,4,4,,,,,,2,,0,00,4,4,4,4
Public Method,"org.apache.pdfbox.debugger.ui.PageEntry.toString()",debugger/src/main/java/org/apache/pdfbox/debugger/ui/PageEntry.java,,,,,,,,,,,,,,,,,,,,,,,,,2,5,0,5,2,1,0,1,1,1,2,1,1,2,2,2,1,,,,,,0,,0,00,2,2,2,1
Public Final Class,"org.apache.pdfbox.debugger.ui.PrintDpiMenu",debugger/src/main/java/org/apache/pdfbox/debugger/ui/PrintDpiMenu.java,2,2,2,2,16,0,11,5,1,7,0,,2,2,,,2,1,4,21,0,1,0,3,,93,7,61,16,25,25,,,22,38,18,22,,,,,3,3,3,3,2,2,37,0,41,11,11,11,8
Private Constructor,"org.apache.pdfbox.debugger.ui.PrintDpiMenu.PrintDpiMenu()",debugger/src/main/java/org/apache/pdfbox/debugger/ui/PrintDpiMenu.java,,,,,,,,,,,,,,,,,,,,,,,,,3,16,0,13,3,8,3,9,2,7,10,4,8,3,3,3,1,,,,,,1,,0,23,3,3,3,1
Private Static Class,"org.apache.pdfbox.debugger.ui.PrintDpiMenu.PrintDpiMenuItem",debugger/src/main/java/org/apache/pdfbox/debugger/ui/PrintDpiMenu.java,1,1,1,1,5,0,5,0,1,2,0,,0,0,,,1,1,1,858,1,0,0,0,,11,1,10,4,2,0,,,3,5,3,2,,,,,1,1,1,1,1,0,0,0,00,1,1,1,1
Constructor,"org.apache.pdfbox.debugger.ui.PrintDpiMenu.PrintDpiMenuItem.PrintDpiMenuItem(String,int)",debugger/src/main/java/org/apache/pdfbox/debugger/ui/PrintDpiMenu.java,,,,,,,,,,,,,,,,,,,,,,,,,3,5,0,5,1,2,0,3,1,2,3,1,2,1,1,1,1,,,,,,0,,0,00,1,1,1,1
Public Method,"org.apache.pdfbox.debugger.ui.PrintDpiMenu.changeDpiSelection(int)",debugger/src/main/java/org/apache/pdfbox/debugger/ui/PrintDpiMenu.java,,,,,,,,,,,,,,,,,,,,,,,,,4,19,0,13,2,6,6,3,3,4,8,3,5,3,3,3,3,,,,,,2,,0,46,3,3,3,3
Public Static Method,"org.apache.pdfbox.debugger.ui.PrintDpiMenu.getDpiSelection()",debugger/src/main/java/org/apache/pdfbox/debugger/ui/PrintDpiMenu.java,,,,,,,,,,,,,,,,,,,,,,,,,4,18,0,12,2,5,6,4,3,3,7,3,4,3,3,3,3,,,,,,2,,0,50,3,3,3,3
Public Static Method,"org.apache.pdfbox.debugger.ui.PrintDpiMenu.getInstance()",debugger/src/main/java/org/apache/pdfbox/debugger/ui/PrintDpiMenu.java,,,,,,,,,,,,,,,,,,,,,,,,,2,13,0,8,1,3,5,3,2,2,4,1,3,2,2,2,1,,,,,,1,,0,62,2,2,2,1
Public Class,"org.apache.pdfbox.debugger.ui.ReaderBottomPanel",debugger/src/main/java/org/apache/pdfbox/debugger/ui/ReaderBottomPanel.java,1,1,1,1,12,1,11,0,1,5,0,,0,0,,,3,2,3,705,0,0,0,3,,51,7,38,8,23,6,,,19,24,9,17,,,,,1,1,1,1,1,0,33,0,16,3,3,3,3
Public Constructor,"org.apache.pdfbox.debugger.ui.ReaderBottomPanel.ReaderBottomPanel()",debugger/src/main/java/org/apache/pdfbox/debugger/ui/ReaderBottomPanel.java,,,,,,,,,,,,,,,,,,,,,,,,,6,30,4,25,3,19,1,15,1,15,17,4,15,1,1,1,1,,,,,,0,,0,04,1,1,1,1
Anonymous Class,"org.apache.pdfbox.debugger.ui.ReaderBottomPanel.ReaderBottomPanel.(Anon_1)",debugger/src/main/java/org/apache/pdfbox/debugger/ui/ReaderBottomPanel.java,1,1,1,1,11,1,9,1,1,7,0,,0,0,,,1,0,1,21,0,0,0,1,,12,1,10,1,7,1,,,4,5,2,4,,,,,1,1,1,1,1,0,0,0,10,1,1,1,1
Public Method,"org.apache.pdfbox.debugger.ui.ReaderBottomPanel.ReaderBottomPanel.(Anon_1).mouseClicked(MouseEvent)",debugger/src/main/java/org/apache/pdfbox/debugger/ui/ReaderBottomPanel.java,,,,,,,,,,,,,,,,,,,,,,,,,2,11,1,9,1,7,1,8,1,4,5,2,4,1,1,1,1,,,,,,0,,0,11,1,1,1,1
Public Method,"org.apache.pdfbox.debugger.ui.ReaderBottomPanel.getLogLabel()",debugger/src/main/java/org/apache/pdfbox/debugger/ui/ReaderBottomPanel.java,,,,,,,,,,,,,,,,,,,,,,,,,2,4,0,4,1,1,0,1,1,1,2,1,1,1,1,1,1,,,,,,0,,0,00,1,1,1,1
Public Method,"org.apache.pdfbox.debugger.ui.ReaderBottomPanel.getStatusLabel()",debugger/src/main/java/org/apache/pdfbox/debugger/ui/ReaderBottomPanel.java,,,,,,,,,,,,,,,,,,,,,,,,,3,4,0,4,1,1,0,1,1,1,2,1,1,1,1,1,1,,,,,,0,,0,00,1,1,1,1
Public Class,"org.apache.pdfbox.debugger.ui.RecentFiles",debugger/src/main/java/org/apache/pdfbox/debugger/ui/RecentFiles.java,2,2,2,1,14,0,11,3,1,13,0,,0,4,,,10,3,10,22,0,3,0,7,,173,13,120,34,60,40,,,55,79,37,53,,,,,4,4,4,1,1,2,56,0,33,24,24,25,11
Public Constructor,"org.apache.pdfbox.debugger.ui.RecentFiles.RecentFiles(Class<?>,int)",debugger/src/main/java/org/apache/pdfbox/debugger/ui/RecentFiles.java,,,,,,,,,,,,,,,,,,,,,,,,,4,17,0,10,1,5,7,7,2,4,6,1,5,2,2,2,1,,,,,,1,,0,70,2,2,2,1
Public Method,"org.apache.pdfbox.debugger.ui.RecentFiles.addFile(String)",debugger/src/main/java/org/apache/pdfbox/debugger/ui/RecentFiles.java,,,,,,,,,,,,,,,,,,,,,,,,,6,14,1,8,1,3,5,3,2,2,4,1,3,2,2,3,1,,,,,,1,,0,62,2,2,3,1
Private Method,"org.apache.pdfbox.debugger.ui.RecentFiles.breakString(String)",debugger/src/main/java/org/apache/pdfbox/debugger/ui/RecentFiles.java,,,,,,,,,,,,,,,,,,,,,,,,,3,16,0,16,6,11,0,7,2,10,12,6,8,3,3,3,1,,,,,,1,,0,00,3,3,3,1
Public Method,"org.apache.pdfbox.debugger.ui.RecentFiles.close()",debugger/src/main/java/org/apache/pdfbox/debugger/ui/RecentFiles.java,,,,,,,,,,,,,,,,,,,,,,,,,2,10,0,4,1,1,6,1,1,1,2,1,1,1,1,1,1,,,,,,0,,1,50,1,1,1,1
Public Method,"org.apache.pdfbox.debugger.ui.RecentFiles.getFiles()",debugger/src/main/java/org/apache/pdfbox/debugger/ui/RecentFiles.java,,,,,,,,,,,,,,,,,,,,,,,,,4,21,0,15,3,8,6,8,3,4,7,2,6,3,3,3,1,,,,,,2,,0,40,4,4,4,2
Lambda Method,"org.apache.pdfbox.debugger.ui.RecentFiles.getFiles.(lambda_expr_1)(String (inferred))",debugger/src/main/java/org/apache/pdfbox/debugger/ui/RecentFiles.java,,,,,,,,,,,,,,,,,,,,,,,,,1,1,0,1,0,1,0,3,1,0,0,0,0,1,1,1,1,,,,,,0,,0,00,1,1,1,1
Public Method,"org.apache.pdfbox.debugger.ui.RecentFiles.isEmpty()",debugger/src/main/java/org/apache/pdfbox/debugger/ui/RecentFiles.java,,,,,,,,,,,,,,,,,,,,,,,,,3,9,0,4,1,1,5,2,1,1,2,1,1,1,1,1,1,,,,,,0,,1,25,1,1,1,1
Private Method,"org.apache.pdfbox.debugger.ui.RecentFiles.readHistoryFromPref()",debugger/src/main/java/org/apache/pdfbox/debugger/ui/RecentFiles.java,,,,,,,,,,,,,,,,,,,,,,,,,6,23,1,22,7,13,0,10,4,14,18,9,15,4,4,4,1,,,,,,2,,0,00,4,4,4,1
Public Method,"org.apache.pdfbox.debugger.ui.RecentFiles.removeAll()",debugger/src/main/java/org/apache/pdfbox/debugger/ui/RecentFiles.java,,,,,,,,,,,,,,,,,,,,,,,,,1,7,0,4,1,1,3,1,1,1,2,1,1,1,1,1,1,,,,,,0,,0,75,1,1,1,1
Public Method,"org.apache.pdfbox.debugger.ui.RecentFiles.removeFile(String)",debugger/src/main/java/org/apache/pdfbox/debugger/ui/RecentFiles.java,,,,,,,,,,,,,,,,,,,,,,,,,3,12,0,7,1,2,5,2,2,1,3,1,2,2,2,2,1,,,,,,1,,0,71,2,2,2,1
Private Method,"org.apache.pdfbox.debugger.ui.RecentFiles.writeHistoryToPref(Queue<String>)",debugger/src/main/java/org/apache/pdfbox/debugger/ui/RecentFiles.java,,,,,,,,,,,,,,,,,,,,,,,,,8,20,0,20,4,11,0,7,4,10,15,6,11,4,4,4,1,,,,,,2,,0,00,4,4,4,1
Public Final Class,"org.apache.pdfbox.debugger.ui.RenderDestinationMenu",debugger/src/main/java/org/apache/pdfbox/debugger/ui/RenderDestinationMenu.java,2,1,2,1,13,0,11,1,1,7,0,,4,4,,,3,3,7,24,0,2,0,5,,121,13,90,17,52,18,,,42,55,17,40,,,,,4,3,4,3,2,1,64,0,20,16,12,18,9
Private Constructor,"org.apache.pdfbox.debugger.ui.RenderDestinationMenu.RenderDestinationMenu()",debugger/src/main/java/org/apache/pdfbox/debugger/ui/RenderDestinationMenu.java,,,,,,,,,,,,,,,,,,,,,,,,,1,7,0,4,1,1,3,3,1,1,2,1,1,1,1,1,1,,,,,,0,,0,75,1,1,1,1
Private Method,"org.apache.pdfbox.debugger.ui.RenderDestinationMenu.createMenu()",debugger/src/main/java/org/apache/pdfbox/debugger/ui/RenderDestinationMenu.java,,,,,,,,,,,,,,,,,,,,,,,,,7,25,5,20,3,17,0,11,1,17,18,3,17,1,1,1,1,,,,,,0,,0,00,1,1,1,1
Public Static Method,"org.apache.pdfbox.debugger.ui.RenderDestinationMenu.getInstance()",debugger/src/main/java/org/apache/pdfbox/debugger/ui/RenderDestinationMenu.java,,,,,,,,,,,,,,,,,,,,,,,,,4,12,0,8,1,3,4,3,2,2,4,1,3,2,2,2,1,,,,,,1,,0,50,2,2,2,1
Public Static Method,"org.apache.pdfbox.debugger.ui.RenderDestinationMenu.getRenderDestination()",debugger/src/main/java/org/apache/pdfbox/debugger/ui/RenderDestinationMenu.java,,,,,,,,,,,,,,,,,,,,,,,,,7,12,0,12,1,5,0,2,3,3,6,1,5,3,3,3,3,,,,,,1,,0,00,3,3,3,3
Public Static Method,"org.apache.pdfbox.debugger.ui.RenderDestinationMenu.getRenderDestination(String)",debugger/src/main/java/org/apache/pdfbox/debugger/ui/RenderDestinationMenu.java,,,,,,,,,,,,,,,,,,,,,,,,,7,14,0,14,1,9,0,2,4,4,6,1,5,4,2,4,1,,,,,,1,,0,00,4,2,4,1
Public Static Method,"org.apache.pdfbox.debugger.ui.RenderDestinationMenu.isRenderDestinationMenu(String)",debugger/src/main/java/org/apache/pdfbox/debugger/ui/RenderDestinationMenu.java,,,,,,,,,,,,,,,,,,,,,,,,,5,5,0,5,1,2,0,2,1,1,2,1,1,1,1,3,1,,,,,,0,,0,00,1,1,3,1
Public Method,"org.apache.pdfbox.debugger.ui.RenderDestinationMenu.setRenderDestinationSelection(String)",debugger/src/main/java/org/apache/pdfbox/debugger/ui/RenderDestinationMenu.java,,,,,,,,,,,,,,,,,,,,,,,,,8,21,0,17,1,12,4,2,4,7,9,1,8,4,2,4,1,,,,,,1,,0,24,4,2,4,1
Public Final Class,"org.apache.pdfbox.debugger.ui.RotationMenu",debugger/src/main/java/org/apache/pdfbox/debugger/ui/RotationMenu.java,2,1,3,1,15,0,13,1,1,6,0,,4,5,,,3,4,7,24,0,2,0,5,,137,13,105,19,64,19,,,52,66,19,49,,,,,5,4,5,4,2,1,62,0,18,19,13,22,10
Private Constructor,"org.apache.pdfbox.debugger.ui.RotationMenu.RotationMenu()",debugger/src/main/java/org/apache/pdfbox/debugger/ui/RotationMenu.java,,,,,,,,,,,,,,,,,,,,,,,,,1,7,0,4,1,1,3,3,1,1,2,1,1,1,1,1,1,,,,,,0,,0,75,1,1,1,1
Private Method,"org.apache.pdfbox.debugger.ui.RotationMenu.createRotationMenu()",debugger/src/main/java/org/apache/pdfbox/debugger/ui/RotationMenu.java,,,,,,,,,,,,,,,,,,,,,,,,,9,29,5,24,3,21,0,12,1,21,22,3,21,1,1,1,1,,,,,,0,,0,00,1,1,1,1
Public Static Method,"org.apache.pdfbox.debugger.ui.RotationMenu.getInstance()",debugger/src/main/java/org/apache/pdfbox/debugger/ui/RotationMenu.java,,,,,,,,,,,,,,,,,,,,,,,,,5,12,0,8,1,3,4,3,2,2,4,1,3,2,2,2,1,,,,,,1,,0,50,2,2,2,1
Public Static Method,"org.apache.pdfbox.debugger.ui.RotationMenu.getRotationDegrees()",debugger/src/main/java/org/apache/pdfbox/debugger/ui/RotationMenu.java,,,,,,,,,,,,,,,,,,,,,,,,,8,16,0,16,1,7,0,2,4,4,8,1,7,4,4,4,4,,,,,,1,,0,00,4,4,4,4
Public Static Method,"org.apache.pdfbox.debugger.ui.RotationMenu.getRotationDegrees(String)",debugger/src/main/java/org/apache/pdfbox/debugger/ui/RotationMenu.java,,,,,,,,,,,,,,,,,,,,,,,,,5,16,0,16,1,11,0,2,5,5,7,1,6,5,2,5,1,,,,,,1,,0,00,5,2,5,1
Public Static Method,"org.apache.pdfbox.debugger.ui.RotationMenu.isRotationMenu(String)",debugger/src/main/java/org/apache/pdfbox/debugger/ui/RotationMenu.java,,,,,,,,,,,,,,,,,,,,,,,,,7,5,0,5,1,2,0,2,1,1,2,1,1,1,1,4,1,,,,,,0,,0,00,1,1,4,1
Public Method,"org.apache.pdfbox.debugger.ui.RotationMenu.setRotationSelection(String)",debugger/src/main/java/org/apache/pdfbox/debugger/ui/RotationMenu.java,,,,,,,,,,,,,,,,,,,,,,,,,11,24,0,20,1,15,4,2,5,9,11,1,10,5,2,5,1,,,,,,1,,0,20,5,2,5,1
Public Class,"org.apache.pdfbox.debugger.ui.TextDialog",debugger/src/main/java/org/apache/pdfbox/debugger/ui/TextDialog.java,1,1,1,1,5,0,5,0,1,9,0,,2,1,,,5,2,7,757,0,1,0,6,,59,9,43,15,13,7,,,16,24,12,13,,,,,1,1,1,1,1,0,71,0,16,7,7,7,7
Private Constructor,"org.apache.pdfbox.debugger.ui.TextDialog.TextDialog(Frame)",debugger/src/main/java/org/apache/pdfbox/debugger/ui/TextDialog.java,,,,,,,,,,,,,,,,,,,,,,,,,4,11,1,10,2,7,0,13,1,7,8,2,7,1,1,1,1,,,,,,0,,0,00,1,1,1,1
Public Method,"org.apache.pdfbox.debugger.ui.TextDialog.clear()",debugger/src/main/java/org/apache/pdfbox/debugger/ui/TextDialog.java,,,,,,,,,,,,,,,,,,,,,,,,,1,4,0,4,1,1,0,1,1,1,2,1,1,1,1,1,1,,,,,,0,,0,00,1,1,1,1
Public Final Method,"org.apache.pdfbox.debugger.ui.TextDialog.getContentPane()",debugger/src/main/java/org/apache/pdfbox/debugger/ui/TextDialog.java,,,,,,,,,,,,,,,,,,,,,,,,,1,5,0,5,2,1,0,2,1,1,2,1,1,1,1,1,1,,,,,,0,,0,00,1,1,1,1
Public Static Method,"org.apache.pdfbox.debugger.ui.TextDialog.init(Frame)",debugger/src/main/java/org/apache/pdfbox/debugger/ui/TextDialog.java,,,,,,,,,,,,,,,,,,,,,,,,,2,4,0,4,1,1,0,2,1,1,2,1,1,1,1,1,1,,,,,,0,,0,00,1,1,1,1
Public Static Method,"org.apache.pdfbox.debugger.ui.TextDialog.instance()",debugger/src/main/java/org/apache/pdfbox/debugger/ui/TextDialog.java,,,,,,,,,,,,,,,,,,,,,,,,,4,4,0,4,1,1,0,1,1,1,2,1,1,1,1,1,1,,,,,,0,,0,00,1,1,1,1
Public Final Method,"org.apache.pdfbox.debugger.ui.TextDialog.pack()",debugger/src/main/java/org/apache/pdfbox/debugger/ui/TextDialog.java,,,,,,,,,,,,,,,,,,,,,,,,,1,5,0,5,2,1,0,1,1,1,2,1,1,1,1,1,1,,,,,,0,,0,00,1,1,1,1
Public Method,"org.apache.pdfbox.debugger.ui.TextDialog.setText(String)",debugger/src/main/java/org/apache/pdfbox/debugger/ui/TextDialog.java,,,,,,,,,,,,,,,,,,,,,,,,,3,4,0,4,1,1,0,1,1,1,2,1,1,1,1,1,1,,,,,,0,,0,00,1,1,1,1
Public Class,"org.apache.pdfbox.debugger.ui.Tree",debugger/src/main/java/org/apache/pdfbox/debugger/ui/Tree.java,2,2,2,1,24,1,19,3,1,42,0,,0,0,,,12,2,12,859,0,10,0,2,,322,28,244,49,140,50,,,105,141,49,120,,,,,7,7,7,3,1,2,83,0,20,44,39,44,19
Public Constructor,"org.apache.pdfbox.debugger.ui.Tree.Tree()",debugger/src/main/java/org/apache/pdfbox/debugger/ui/Tree.java,,,,,,,,,,,,,,,,,,,,,,,,,3,12,0,9,3,6,3,12,1,5,6,2,5,1,1,1,1,,,,,,0,,0,33,1,1,1,1
Private Method,"org.apache.pdfbox.debugger.ui.Tree.addPopupMenuItems(TreePath)",debugger/src/main/java/org/apache/pdfbox/debugger/ui/Tree.java,,,,,,,,,,,,,,,,,,,,,,,,,4,46,7,35,5,20,4,15,21,14,21,5,19,7,7,7,1,,,,,,2,,0,11,7,7,7,1
Private Method,"org.apache.pdfbox.debugger.ui.Tree.getFileExtensionForStream(COSStream,TreePath)",debugger/src/main/java/org/apache/pdfbox/debugger/ui/Tree.java,,,,,,,,,,,,,,,,,,,,,,,,,6,18,0,15,2,10,3,4,4,5,7,2,6,5,3,5,1,,,,,,1,,0,20,5,3,5,1
Private Method,"org.apache.pdfbox.debugger.ui.Tree.getFileOpenMenu(COSStream,TreePath)",debugger/src/main/java/org/apache/pdfbox/debugger/ui/Tree.java,,,,,,,,,,,,,,,,,,,,,,,,,4,34,2,28,4,16,4,4,2,10,14,4,13,2,2,2,1,,,,,,2,,0,14,4,4,4,2
Lambda Method,"org.apache.pdfbox.debugger.ui.Tree.getFileOpenMenu.(lambda_expr_1)(ActionEvent (inferred))",debugger/src/main/java/org/apache/pdfbox/debugger/ui/Tree.java,,,,,,,,,,,,,,,,,,,,,,,,,2,19,1,18,1,10,0,9,2,5,7,1,7,2,2,2,1,,,,,,0,,0,00,2,2,2,1
Private Method,"org.apache.pdfbox.debugger.ui.Tree.getFilters(COSStream)",debugger/src/main/java/org/apache/pdfbox/debugger/ui/Tree.java,,,,,,,,,,,,,,,,,,,,,,,,,2,21,0,18,4,9,3,6,4,6,11,5,8,4,4,4,1,,,,,,2,,0,17,4,4,4,1
Private Method,"org.apache.pdfbox.debugger.ui.Tree.getPartialStreamSavingMenuItem(int,PDStream)",debugger/src/main/java/org/apache/pdfbox/debugger/ui/Tree.java,,,,,,,,,,,,,,,,,,,,,,,,,4,29,3,26,6,16,0,15,2,14,17,7,15,2,2,2,1,,,,,,1,,0,00,4,4,4,2
Lambda Method,"org.apache.pdfbox.debugger.ui.Tree.getPartialStreamSavingMenuItem.(lambda_expr_1)(ActionEvent (inferred))",debugger/src/main/java/org/apache/pdfbox/debugger/ui/Tree.java,,,,,,,,,,,,,,,,,,,,,,,,,2,12,0,12,1,6,0,5,2,3,4,1,4,2,2,2,1,,,,,,0,,0,00,2,2,2,1
Private Method,"org.apache.pdfbox.debugger.ui.Tree.getPartiallyDecodedStreamSaveMenu(COSStream)",debugger/src/main/java/org/apache/pdfbox/debugger/ui/Tree.java,,,,,,,,,,,,,,,,,,,,,,,,,2,18,2,11,4,6,5,7,2,7,9,5,8,2,2,2,1,,,,,,1,,0,45,2,2,2,1
Public Method,"org.apache.pdfbox.debugger.ui.Tree.getPopupLocation(MouseEvent)",debugger/src/main/java/org/apache/pdfbox/debugger/ui/Tree.java,,,,,,,,,,,,,,,,,,,,,,,,,2,17,0,17,3,9,0,8,3,7,10,2,9,3,3,3,3,,,,,,2,,0,00,3,3,3,3
Private Method,"org.apache.pdfbox.debugger.ui.Tree.getRawStreamSaveMenu(COSStream)",debugger/src/main/java/org/apache/pdfbox/debugger/ui/Tree.java,,,,,,,,,,,,,,,,,,,,,,,,,3,22,0,17,3,9,5,4,1,6,8,3,7,1,1,1,1,,,,,,1,,0,29,3,3,3,2
Lambda Method,"org.apache.pdfbox.debugger.ui.Tree.getRawStreamSaveMenu.(lambda_expr_1)(ActionEvent (inferred))",debugger/src/main/java/org/apache/pdfbox/debugger/ui/Tree.java,,,,,,,,,,,,,,,,,,,,,,,,,2,12,0,12,1,6,0,5,2,3,4,1,4,2,2,2,1,,,,,,0,,0,00,2,2,2,1
Private Method,"org.apache.pdfbox.debugger.ui.Tree.getStreamSaveMenu(COSStream,TreePath)",debugger/src/main/java/org/apache/pdfbox/debugger/ui/Tree.java,,,,,,,,,,,,,,,,,,,,,,,,,4,55,2,47,6,31,6,6,6,22,26,6,23,6,3,6,1,,,,,,2,,0,13,8,5,8,2
Lambda Method,"org.apache.pdfbox.debugger.ui.Tree.getStreamSaveMenu.(lambda_expr_1)(ActionEvent (inferred))",debugger/src/main/java/org/apache/pdfbox/debugger/ui/Tree.java,,,,,,,,,,,,,,,,,,,,,,,,,2,12,0,12,1,6,0,5,2,3,4,1,4,2,2,2,1,,,,,,0,,0,00,2,2,2,1
Private Method,"org.apache.pdfbox.debugger.ui.Tree.getTreePathMenuItem(TreePath)",debugger/src/main/java/org/apache/pdfbox/debugger/ui/Tree.java,,,,,,,,,,,,,,,,,,,,,,,,,2,15,0,10,3,6,5,3,1,5,6,3,5,1,1,1,1,,,,,,0,,0,50,2,2,2,2
Lambda Method,"org.apache.pdfbox.debugger.ui.Tree.getTreePathMenuItem.(lambda_expr_1)(ActionEvent (inferred))",debugger/src/main/java/org/apache/pdfbox/debugger/ui/Tree.java,,,,,,,,,,,,,,,,,,,,,,,,,2,5,0,5,1,3,0,7,1,2,2,1,2,1,1,1,1,,,,,,0,,0,00,1,1,1,1
Private Method,"org.apache.pdfbox.debugger.ui.Tree.saveStream(byte[],FileFilter,String)",debugger/src/main/java/org/apache/pdfbox/debugger/ui/Tree.java,,,,,,,,,,,,,,,,,,,,,,,,,6,11,0,5,2,2,6,3,1,2,3,2,2,1,1,1,1,,,,,,0,,1,20,1,1,1,1
Public Class,"org.apache.pdfbox.debugger.ui.ViewMenu",debugger/src/main/java/org/apache/pdfbox/debugger/ui/ViewMenu.java,1,1,1,1,16,1,10,4,1,11,0,,10,8,,,2,9,12,29,0,2,0,10,,232,32,142,35,80,58,,,79,96,35,66,,,,,2,2,5,1,2,1,80,0,41,17,17,21,13
Private Constructor,"org.apache.pdfbox.debugger.ui.ViewMenu.ViewMenu(PDFDebugger)",debugger/src/main/java/org/apache/pdfbox/debugger/ui/ViewMenu.java,,,,,,,,,,,,,,,,,,,,,,,,,2,8,0,5,1,2,3,4,1,2,3,1,2,1,1,1,1,,,,,,0,,0,60,1,1,1,1
Private Method,"org.apache.pdfbox.debugger.ui.ViewMenu.createViewMenu()",debugger/src/main/java/org/apache/pdfbox/debugger/ui/ViewMenu.java,,,,,,,,,,,,,,,,,,,,,,,,,18,86,17,69,6,55,0,24,2,49,53,6,52,2,2,2,1,,,,,,1,,0,00,5,5,5,2
Lambda Method,"org.apache.pdfbox.debugger.ui.ViewMenu.createViewMenu.(lambda_expr_1)(ActionEvent (inferred))",debugger/src/main/java/org/apache/pdfbox/debugger/ui/ViewMenu.java,,,,,,,,,,,,,,,,,,,,,,,,,2,17,0,17,0,9,0,6,4,5,7,0,7,3,3,3,1,,,,,,0,,0,00,3,3,3,1
Public Static Method,"org.apache.pdfbox.debugger.ui.ViewMenu.getInstance(PDFDebugger)",debugger/src/main/java/org/apache/pdfbox/debugger/ui/ViewMenu.java,,,,,,,,,,,,,,,,,,,,,,,,,4,15,0,8,1,3,7,3,2,2,4,1,3,2,2,2,1,,,,,,1,,0,88,2,2,2,1
Public Static Method,"org.apache.pdfbox.debugger.ui.ViewMenu.isAllowSubsampling()",debugger/src/main/java/org/apache/pdfbox/debugger/ui/ViewMenu.java,,,,,,,,,,,,,,,,,,,,,,,,,3,9,0,4,1,1,5,2,1,1,2,1,1,1,1,1,1,,,,,,0,,1,25,1,1,1,1
Public Static Method,"org.apache.pdfbox.debugger.ui.ViewMenu.isExtractTextEvent(ActionEvent)",debugger/src/main/java/org/apache/pdfbox/debugger/ui/ViewMenu.java,,,,,,,,,,,,,,,,,,,,,,,,,3,10,0,4,1,1,6,3,1,1,2,1,1,1,1,1,1,,,,,,0,,1,50,1,1,1,1
Public Static Method,"org.apache.pdfbox.debugger.ui.ViewMenu.isRenderingOption(String)",debugger/src/main/java/org/apache/pdfbox/debugger/ui/ViewMenu.java,,,,,,,,,,,,,,,,,,,,,,,,,7,14,0,8,1,5,6,2,1,1,2,1,1,1,1,5,1,,,,,,0,,0,75,1,1,5,1
Public Static Method,"org.apache.pdfbox.debugger.ui.ViewMenu.isRepairAcroformEvent(ActionEvent)",debugger/src/main/java/org/apache/pdfbox/debugger/ui/ViewMenu.java,,,,,,,,,,,,,,,,,,,,,,,,,3,10,0,4,1,1,6,3,1,1,2,1,1,1,1,1,1,,,,,,0,,1,50,1,1,1,1
Public Static Method,"org.apache.pdfbox.debugger.ui.ViewMenu.isRepairAcroformSelected()",debugger/src/main/java/org/apache/pdfbox/debugger/ui/ViewMenu.java,,,,,,,,,,,,,,,,,,,,,,,,,4,9,0,4,1,1,5,2,1,1,2,1,1,1,1,1,1,,,,,,0,,1,25,1,1,1,1
Public Static Method,"org.apache.pdfbox.debugger.ui.ViewMenu.isShowFontBBox()",debugger/src/main/java/org/apache/pdfbox/debugger/ui/ViewMenu.java,,,,,,,,,,,,,,,,,,,,,,,,,3,9,0,4,1,1,5,2,1,1,2,1,1,1,1,1,1,,,,,,0,,1,25,1,1,1,1
Public Static Method,"org.apache.pdfbox.debugger.ui.ViewMenu.isShowGlyphBounds()",debugger/src/main/java/org/apache/pdfbox/debugger/ui/ViewMenu.java,,,,,,,,,,,,,,,,,,,,,,,,,3,9,0,4,1,1,5,2,1,1,2,1,1,1,1,1,1,,,,,,0,,1,25,1,1,1,1
Public Static Method,"org.apache.pdfbox.debugger.ui.ViewMenu.isShowTextStripper()",debugger/src/main/java/org/apache/pdfbox/debugger/ui/ViewMenu.java,,,,,,,,,,,,,,,,,,,,,,,,,3,9,0,4,1,1,5,2,1,1,2,1,1,1,1,1,1,,,,,,0,,1,25,1,1,1,1
Public Static Method,"org.apache.pdfbox.debugger.ui.ViewMenu.isShowTextStripperBeads()",debugger/src/main/java/org/apache/pdfbox/debugger/ui/ViewMenu.java,,,,,,,,,,,,,,,,,,,,,,,,,3,9,0,4,1,1,5,2,1,1,2,1,1,1,1,1,1,,,,,,0,,1,25,1,1,1,1
Public Class,"org.apache.pdfbox.debugger.ui.WindowPrefs",debugger/src/main/java/org/apache/pdfbox/debugger/ui/WindowPrefs.java,1,1,1,1,6,0,6,0,1,7,0,,0,1,,,7,1,7,19,0,0,0,7,,60,7,48,22,23,5,,,24,32,22,22,,,,,1,1,1,1,1,0,0,0,10,7,7,7,7
Public Constructor,"org.apache.pdfbox.debugger.ui.WindowPrefs.WindowPrefs(Class<?>)",debugger/src/main/java/org/apache/pdfbox/debugger/ui/WindowPrefs.java,,,,,,,,,,,,,,,,,,,,,,,,,2,4,0,4,1,1,0,3,1,1,2,1,1,1,1,1,1,,,,,,0,,0,00,1,1,1,1
Public Method,"org.apache.pdfbox.debugger.ui.WindowPrefs.getBounds()",debugger/src/main/java/org/apache/pdfbox/debugger/ui/WindowPrefs.java,,,,,,,,,,,,,,,,,,,,,,,,,5,10,0,10,7,7,0,6,1,7,8,7,7,1,1,1,1,,,,,,0,,0,00,1,1,1,1
Public Method,"org.apache.pdfbox.debugger.ui.WindowPrefs.getDividerLocation()",debugger/src/main/java/org/apache/pdfbox/debugger/ui/WindowPrefs.java,,,,,,,,,,,,,,,,,,,,,,,,,4,6,0,6,3,3,0,5,1,3,4,3,3,1,1,1,1,,,,,,0,,0,00,1,1,1,1
Public Method,"org.apache.pdfbox.debugger.ui.WindowPrefs.getExtendedState()",debugger/src/main/java/org/apache/pdfbox/debugger/ui/WindowPrefs.java,,,,,,,,,,,,,,,,,,,,,,,,,4,5,0,5,2,2,0,3,1,2,3,2,2,1,1,1,1,,,,,,0,,0,00,1,1,1,1
Public Method,"org.apache.pdfbox.debugger.ui.WindowPrefs.setBounds(Rectangle)",debugger/src/main/java/org/apache/pdfbox/debugger/ui/WindowPrefs.java,,,,,,,,,,,,,,,,,,,,,,,,,8,8,0,8,2,5,0,2,1,5,6,2,5,1,1,1,1,,,,,,0,,0,00,1,1,1,1
Public Method,"org.apache.pdfbox.debugger.ui.WindowPrefs.setDividerLocation(int)",debugger/src/main/java/org/apache/pdfbox/debugger/ui/WindowPrefs.java,,,,,,,,,,,,,,,,,,,,,,,,,4,5,0,5,2,2,0,2,1,2,3,2,2,1,1,1,1,,,,,,0,,0,00,1,1,1,1
Public Method,"org.apache.pdfbox.debugger.ui.WindowPrefs.setExtendedState(int)",debugger/src/main/java/org/apache/pdfbox/debugger/ui/WindowPrefs.java,,,,,,,,,,,,,,,,,,,,,,,,,4,5,0,5,2,2,0,2,1,2,3,2,2,1,1,1,1,,,,,,0,,0,00,1,1,1,1
Public Final Class,"org.apache.pdfbox.debugger.ui.ZoomMenu",debugger/src/main/java/org/apache/pdfbox/debugger/ui/ZoomMenu.java,1,1,1,1,10,0,7,3,1,10,0,,3,2,,,7,3,10,27,0,1,0,9,,146,13,95,26,38,38,,,34,57,28,32,,,,,3,3,3,3,2,2,77,0,40,17,17,17,14
Private Constructor,"org.apache.pdfbox.debugger.ui.ZoomMenu.ZoomMenu()",debugger/src/main/java/org/apache/pdfbox/debugger/ui/ZoomMenu.java,,,,,,,,,,,,,,,,,,,,,,,,,3,15,0,12,3,7,3,8,2,6,9,4,7,2,2,2,1,,,,,,1,,0,25,2,2,2,1
Private Static Class,"org.apache.pdfbox.debugger.ui.ZoomMenu.ZoomMenuItem",debugger/src/main/java/org/apache/pdfbox/debugger/ui/ZoomMenu.java,1,1,1,1,5,0,5,0,1,2,0,,0,0,,,1,1,1,858,1,0,0,0,,11,1,10,4,2,0,,,3,5,3,2,,,,,1,1,1,1,1,0,0,0,00,1,1,1,1
Constructor,"org.apache.pdfbox.debugger.ui.ZoomMenu.ZoomMenuItem.ZoomMenuItem(String,int)",debugger/src/main/java/org/apache/pdfbox/debugger/ui/ZoomMenu.java,,,,,,,,,,,,,,,,,,,,,,,,,3,5,0,5,1,2,0,3,1,2,3,1,2,1,1,1,1,,,,,,0,,0,00,1,1,1,1
Public Method,"org.apache.pdfbox.debugger.ui.ZoomMenu.changeZoomSelection(float)",debugger/src/main/java/org/apache/pdfbox/debugger/ui/ZoomMenu.java,,,,,,,,,,,,,,,,,,,,,,,,,6,21,0,14,3,7,7,3,3,5,9,4,5,3,3,3,3,,,,,,2,,0,50,3,3,3,3
Public Method,"org.apache.pdfbox.debugger.ui.ZoomMenu.getImageZoomScale()",debugger/src/main/java/org/apache/pdfbox/debugger/ui/ZoomMenu.java,,,,,,,,,,,,,,,,,,,,,,,,,2,4,0,4,1,1,0,1,1,1,2,1,1,1,1,1,1,,,,,,0,,0,00,1,1,1,1
Public Static Method,"org.apache.pdfbox.debugger.ui.ZoomMenu.getInstance()",debugger/src/main/java/org/apache/pdfbox/debugger/ui/ZoomMenu.java,,,,,,,,,,,,,,,,,,,,,,,,,5,13,0,8,1,3,5,3,2,2,4,1,3,2,2,2,1,,,,,,1,,0,62,2,2,2,1
Public Method,"org.apache.pdfbox.debugger.ui.ZoomMenu.getPageZoomScale()",debugger/src/main/java/org/apache/pdfbox/debugger/ui/ZoomMenu.java,,,,,,,,,,,,,,,,,,,,,,,,,3,4,0,4,1,1,0,1,1,1,2,1,1,1,1,1,1,,,,,,0,,0,00,1,1,1,1
Public Static Method,"org.apache.pdfbox.debugger.ui.ZoomMenu.getZoomScale()",debugger/src/main/java/org/apache/pdfbox/debugger/ui/ZoomMenu.java,,,,,,,,,,,,,,,,,,,,,,,,,6,18,0,12,2,5,6,4,3,3,7,3,4,3,3,3,3,,,,,,2,,0,50,3,3,3,3
Public Static Method,"org.apache.pdfbox.debugger.ui.ZoomMenu.isZoomMenu(String)",debugger/src/main/java/org/apache/pdfbox/debugger/ui/ZoomMenu.java,,,,,,,,,,,,,,,,,,,,,,,,,4,15,0,9,2,4,6,6,2,3,5,2,4,2,2,2,1,,,,,,1,,0,67,2,2,2,1
Public Method,"org.apache.pdfbox.debugger.ui.ZoomMenu.resetZoom()",debugger/src/main/java/org/apache/pdfbox/debugger/ui/ZoomMenu.java,,,,,,,,,,,,,,,,,,,,,,,,,1,10,0,6,1,3,4,3,1,3,4,1,3,1,1,1,1,,,,,,0,,0,67,1,1,1,1
Public Method,"org.apache.pdfbox.debugger.ui.ZoomMenu.setImageZoomScale(float)",debugger/src/main/java/org/apache/pdfbox/debugger/ui/ZoomMenu.java,,,,,,,,,,,,,,,,,,,,,,,,,3,4,0,4,1,1,0,1,1,1,2,1,1,1,1,1,1,,,,,,0,,0,00,1,1,1,1
Public Method,"org.apache.pdfbox.debugger.ui.ZoomMenu.setPageZoomScale(float)",debugger/src/main/java/org/apache/pdfbox/debugger/ui/ZoomMenu.java,,,,,,,,,,,,,,,,,,,,,,,,,3,4,0,4,1,1,0,1,1,1,2,1,1,1,1,1,1,,,,,,0,,0,00,1,1,1,1
Package,"org.apache.pdfbox.debugger.ui.textsearcher",debugger/src/main/java/org/apache/pdfbox/debugger/ui/textsearcher/SearchEngine.java,1,1,1,1,11,0,10,0,,,,7,0,4,3,,34,19,34,,7,7,0,20,,586,68,434,138,185,84,,,214,273,126,166,,,,,7,7,7,4,,3,,0,19,56,56,59,39
Class,"org.apache.pdfbox.debugger.ui.textsearcher.SearchEngine",debugger/src/main/java/org/apache/pdfbox/debugger/ui/textsearcher/SearchEngine.java,4,4,4,2,34,3,25,5,1,12,0,,0,1,,,2,3,2,14,1,0,0,1,,82,9,58,13,28,15,,,25,34,13,24,,,,,7,7,7,4,1,3,0,0,26,8,8,8,5
Constructor,"org.apache.pdfbox.debugger.ui.textsearcher.SearchEngine.SearchEngine(JTextComponent,Highlighter.HighlightPainter)",debugger/src/main/java/org/apache/pdfbox/debugger/ui/textsearcher/SearchEngine.java,,,,,,,,,,,,,,,,,,,,,,,,,3,11,0,6,1,3,5,6,1,3,4,1,3,1,1,1,1,,,,,,0,,0,83,1,1,1,1
Public Method,"org.apache.pdfbox.debugger.ui.textsearcher.SearchEngine.search(String,boolean)",debugger/src/main/java/org/apache/pdfbox/debugger/ui/textsearcher/SearchEngine.java,,,,,,,,,,,,,,,,,,,,,,,,,9,57,6,45,7,24,6,14,9,18,25,7,20,7,7,7,4,,,,,,3,,0,13,7,7,7,4
Class,"org.apache.pdfbox.debugger.ui.textsearcher.SearchPanel",debugger/src/main/java/org/apache/pdfbox/debugger/ui/textsearcher/SearchPanel.java,1,1,1,1,11,1,9,0,1,26,0,,0,0,,,10,8,10,22,6,1,0,3,,164,22,130,27,75,12,,,73,89,25,70,,,,,3,3,3,1,1,1,71,0,09,12,12,12,10
Anonymous Class,"org.apache.pdfbox.debugger.ui.textsearcher.SearchPanel.(Anon_1)",debugger/src/main/java/org/apache/pdfbox/debugger/ui/textsearcher/SearchPanel.java,1,1,1,1,7,0,7,0,1,5,0,,0,0,,,1,0,1,33,0,0,0,1,,8,0,8,0,5,0,,,3,4,1,3,,,,,1,1,1,1,1,0,0,0,00,1,1,1,1
Public Method,"org.apache.pdfbox.debugger.ui.textsearcher.SearchPanel.(Anon_1).actionPerformed(ActionEvent)",debugger/src/main/java/org/apache/pdfbox/debugger/ui/textsearcher/SearchPanel.java,,,,,,,,,,,,,,,,,,,,,,,,,2,7,0,7,0,5,0,4,1,3,4,1,3,1,1,1,1,,,,,,0,,0,00,1,1,1,1
Anonymous Class,"org.apache.pdfbox.debugger.ui.textsearcher.SearchPanel.(Anon_2)",debugger/src/main/java/org/apache/pdfbox/debugger/ui/textsearcher/SearchPanel.java,2,2,2,1,11,0,11,0,1,6,0,,0,0,,,1,0,1,33,0,0,0,1,,12,0,12,0,7,0,,,4,6,1,5,,,,,2,2,2,1,1,1,0,0,00,2,2,2,1
Public Method,"org.apache.pdfbox.debugger.ui.textsearcher.SearchPanel.(Anon_2).actionPerformed(ActionEvent)",debugger/src/main/java/org/apache/pdfbox/debugger/ui/textsearcher/SearchPanel.java,,,,,,,,,,,,,,,,,,,,,,,,,1,11,0,11,0,7,0,5,2,4,6,1,5,2,2,2,1,,,,,,1,,0,00,2,2,2,1
Constructor,"org.apache.pdfbox.debugger.ui.textsearcher.SearchPanel.SearchPanel(DocumentListener,ChangeListener,ComponentListener,Action,Action)",debugger/src/main/java/org/apache/pdfbox/debugger/ui/textsearcher/SearchPanel.java,,,,,,,,,,,,,,,,,,,,,,,,,6,15,0,7,2,3,8,4,1,3,4,1,3,1,1,1,1,,,,,,0,,1,14,1,1,1,1
Public Method,"org.apache.pdfbox.debugger.ui.textsearcher.SearchPanel.addMenuListeners(PDFDebugger)",debugger/src/main/java/org/apache/pdfbox/debugger/ui/textsearcher/SearchPanel.java,,,,,,,,,,,,,,,,,,,,,,,,,5,7,0,7,1,4,0,6,1,4,5,1,4,1,1,1,1,,,,,,0,,0,00,1,1,1,1
Method,"org.apache.pdfbox.debugger.ui.textsearcher.SearchPanel.getPanel()",debugger/src/main/java/org/apache/pdfbox/debugger/ui/textsearcher/SearchPanel.java,,,,,,,,,,,,,,,,,,,,,,,,,2,4,0,4,1,1,0,1,1,1,2,1,1,1,1,1,1,,,,,,0,,0,00,1,1,1,1
Method,"org.apache.pdfbox.debugger.ui.textsearcher.SearchPanel.getSearchWord()",debugger/src/main/java/org/apache/pdfbox/debugger/ui/textsearcher/SearchPanel.java,,,,,,,,,,,,,,,,,,,,,,,,,2,4,0,4,1,1,0,2,1,1,2,1,1,1,1,1,1,,,,,,0,,0,00,1,1,1,1
Private Method,"org.apache.pdfbox.debugger.ui.textsearcher.SearchPanel.initUI(DocumentListener,ChangeListener,ComponentListener)",debugger/src/main/java/org/apache/pdfbox/debugger/ui/textsearcher/SearchPanel.java,,,,,,,,,,,,,,,,,,,,,,,,,15,46,9,37,5,33,0,32,1,32,33,4,32,1,1,1,1,,,,,,0,,0,00,1,1,1,1
Method,"org.apache.pdfbox.debugger.ui.textsearcher.SearchPanel.isCaseSensitive()",debugger/src/main/java/org/apache/pdfbox/debugger/ui/textsearcher/SearchPanel.java,,,,,,,,,,,,,,,,,,,,,,,,,2,4,0,4,1,1,0,2,1,1,2,1,1,1,1,1,1,,,,,,0,,0,00,1,1,1,1
Public Method,"org.apache.pdfbox.debugger.ui.textsearcher.SearchPanel.reFocus()",debugger/src/main/java/org/apache/pdfbox/debugger/ui/textsearcher/SearchPanel.java,,,,,,,,,,,,,,,,,,,,,,,,,4,10,1,9,2,6,0,7,1,6,7,2,6,1,1,1,1,,,,,,0,,0,00,1,1,1,1
Public Method,"org.apache.pdfbox.debugger.ui.textsearcher.SearchPanel.removeMenuListeners(PDFDebugger)",debugger/src/main/java/org/apache/pdfbox/debugger/ui/textsearcher/SearchPanel.java,,,,,,,,,,,,,,,,,,,,,,,,,5,7,0,7,1,4,0,6,1,4,5,1,4,1,1,1,1,,,,,,0,,0,00,1,1,1,1
Method,"org.apache.pdfbox.debugger.ui.textsearcher.SearchPanel.reset()",debugger/src/main/java/org/apache/pdfbox/debugger/ui/textsearcher/SearchPanel.java,,,,,,,,,,,,,,,,,,,,,,,,,2,4,0,4,1,1,0,1,1,1,2,1,1,1,1,1,1,,,,,,0,,0,00,1,1,1,1
Method,"org.apache.pdfbox.debugger.ui.textsearcher.SearchPanel.updateCounterLabel(int,int)",debugger/src/main/java/org/apache/pdfbox/debugger/ui/textsearcher/SearchPanel.java,,,,,,,,,,,,,,,,,,,,,,,,,6,14,0,14,1,7,0,4,4,5,8,1,7,3,3,3,1,,,,,,1,,0,00,3,3,3,1
Public Class,"org.apache.pdfbox.debugger.ui.textsearcher.Searcher",debugger/src/main/java/org/apache/pdfbox/debugger/ui/textsearcher/Searcher.java,1,1,1,1,9,0,8,0,4,27,0,,0,3,,,18,8,18,30,0,6,0,12,,230,26,195,47,82,9,,,65,99,37,72,,,,,5,5,6,3,1,2,80,0,05,29,29,30,20
Anonymous Class,"org.apache.pdfbox.debugger.ui.textsearcher.Searcher.(Anon_1)",debugger/src/main/java/org/apache/pdfbox/debugger/ui/textsearcher/Searcher.java,2,2,3,1,13,1,12,0,1,5,0,,0,0,,,1,0,1,33,0,0,0,1,,14,1,13,1,8,0,,,5,7,2,6,,,,,2,2,3,1,1,1,0,0,00,2,2,3,1
Public Method,"org.apache.pdfbox.debugger.ui.textsearcher.Searcher.(Anon_1).actionPerformed(ActionEvent)",debugger/src/main/java/org/apache/pdfbox/debugger/ui/textsearcher/Searcher.java,,,,,,,,,,,,,,,,,,,,,,,,,3,13,1,12,1,8,0,6,2,5,7,2,6,2,2,3,1,,,,,,1,,0,00,2,2,3,1
Anonymous Class,"org.apache.pdfbox.debugger.ui.textsearcher.Searcher.(Anon_2)",debugger/src/main/java/org/apache/pdfbox/debugger/ui/textsearcher/Searcher.java,2,2,3,1,13,1,12,0,1,5,0,,0,0,,,1,0,1,33,0,0,0,1,,14,1,13,1,8,0,,,5,7,2,6,,,,,2,2,3,1,1,1,0,0,00,2,2,3,1
Public Method,"org.apache.pdfbox.debugger.ui.textsearcher.Searcher.(Anon_2).actionPerformed(ActionEvent)",debugger/src/main/java/org/apache/pdfbox/debugger/ui/textsearcher/Searcher.java,,,,,,,,,,,,,,,,,,,,,,,,,3,13,1,12,1,8,0,6,2,5,7,2,6,2,2,3,1,,,,,,1,,0,00,2,2,3,1
Public Constructor,"org.apache.pdfbox.debugger.ui.textsearcher.Searcher.Searcher(JTextComponent)",debugger/src/main/java/org/apache/pdfbox/debugger/ui/textsearcher/Searcher.java,,,,,,,,,,,,,,,,,,,,,,,,,5,13,1,8,1,5,4,7,1,5,6,1,5,1,1,1,1,,,,,,0,,0,50,1,1,1,1
Public Method,"org.apache.pdfbox.debugger.ui.textsearcher.Searcher.addMenuListeners(PDFDebugger)",debugger/src/main/java/org/apache/pdfbox/debugger/ui/textsearcher/Searcher.java,,,,,,,,,,,,,,,,,,,,,,,,,3,4,0,4,1,1,0,1,1,1,2,1,1,1,1,1,1,,,,,,0,,0,00,1,1,1,1
Private Method,"org.apache.pdfbox.debugger.ui.textsearcher.Searcher.changeHighlighter(int,Highlighter.HighlightPainter)",debugger/src/main/java/org/apache/pdfbox/debugger/ui/textsearcher/Searcher.java,,,,,,,,,,,,,,,,,,,,,,,,,8,16,1,15,3,8,0,10,2,6,8,3,7,2,2,2,1,,,,,,1,,0,00,2,2,2,1
Public Method,"org.apache.pdfbox.debugger.ui.textsearcher.Searcher.changedUpdate(DocumentEvent)",debugger/src/main/java/org/apache/pdfbox/debugger/ui/textsearcher/Searcher.java,,,,,,,,,,,,,,,,,,,,,,,,,1,5,0,5,2,1,0,1,1,1,2,1,1,1,1,1,1,,,,,,0,,0,00,1,1,1,1
Public Method,"org.apache.pdfbox.debugger.ui.textsearcher.Searcher.componentHidden(ComponentEvent)",debugger/src/main/java/org/apache/pdfbox/debugger/ui/textsearcher/Searcher.java,,,,,,,,,,,,,,,,,,,,,,,,,1,5,0,5,2,1,0,2,1,1,2,1,1,1,1,1,1,,,,,,0,,0,00,1,1,1,1
Public Method,"org.apache.pdfbox.debugger.ui.textsearcher.Searcher.componentMoved(ComponentEvent)",debugger/src/main/java/org/apache/pdfbox/debugger/ui/textsearcher/Searcher.java,,,,,,,,,,,,,,,,,,,,,,,,,0,5,0,4,2,0,1,0,1,0,1,1,0,1,1,1,1,,,,,,0,,0,25,1,1,1,1
Public Method,"org.apache.pdfbox.debugger.ui.textsearcher.Searcher.componentResized(ComponentEvent)",debugger/src/main/java/org/apache/pdfbox/debugger/ui/textsearcher/Searcher.java,,,,,,,,,,,,,,,,,,,,,,,,,0,5,0,4,2,0,1,0,1,0,1,1,0,1,1,1,1,,,,,,0,,0,25,1,1,1,1
Public Method,"org.apache.pdfbox.debugger.ui.textsearcher.Searcher.componentShown(ComponentEvent)",debugger/src/main/java/org/apache/pdfbox/debugger/ui/textsearcher/Searcher.java,,,,,,,,,,,,,,,,,,,,,,,,,1,5,0,5,2,1,0,1,1,1,2,1,1,1,1,1,1,,,,,,0,,0,00,1,1,1,1
Public Method,"org.apache.pdfbox.debugger.ui.textsearcher.Searcher.getSearchPanel()",debugger/src/main/java/org/apache/pdfbox/debugger/ui/textsearcher/Searcher.java,,,,,,,,,,,,,,,,,,,,,,,,,2,4,0,4,1,1,0,2,1,1,2,1,1,1,1,1,1,,,,,,0,,0,00,1,1,1,1
Public Method,"org.apache.pdfbox.debugger.ui.textsearcher.Searcher.insertUpdate(DocumentEvent)",debugger/src/main/java/org/apache/pdfbox/debugger/ui/textsearcher/Searcher.java,,,,,,,,,,,,,,,,,,,,,,,,,1,5,0,5,2,1,0,1,1,1,2,1,1,1,1,1,1,,,,,,0,,0,00,1,1,1,1
Public Method,"org.apache.pdfbox.debugger.ui.textsearcher.Searcher.removeMenuListeners(PDFDebugger)",debugger/src/main/java/org/apache/pdfbox/debugger/ui/textsearcher/Searcher.java,,,,,,,,,,,,,,,,,,,,,,,,,3,4,0,4,1,1,0,1,1,1,2,1,1,1,1,1,1,,,,,,0,,0,00,1,1,1,1
Public Method,"org.apache.pdfbox.debugger.ui.textsearcher.Searcher.removeUpdate(DocumentEvent)",debugger/src/main/java/org/apache/pdfbox/debugger/ui/textsearcher/Searcher.java,,,,,,,,,,,,,,,,,,,,,,,,,1,5,0,5,2,1,0,1,1,1,2,1,1,1,1,1,1,,,,,,0,,0,00,1,1,1,1
Private Method,"org.apache.pdfbox.debugger.ui.textsearcher.Searcher.scrollToWord(int)",debugger/src/main/java/org/apache/pdfbox/debugger/ui/textsearcher/Searcher.java,,,,,,,,,,,,,,,,,,,,,,,,,7,11,0,11,1,4,0,4,2,2,4,1,3,2,2,2,1,,,,,,1,,0,00,2,2,2,1
Private Method,"org.apache.pdfbox.debugger.ui.textsearcher.Searcher.search(DocumentEvent)",debugger/src/main/java/org/apache/pdfbox/debugger/ui/textsearcher/Searcher.java,,,,,,,,,,,,,,,,,,,,,,,,,10,20,0,20,2,11,0,11,3,8,11,2,10,3,3,3,3,,,,,,2,,0,00,3,3,3,3
Private Method,"org.apache.pdfbox.debugger.ui.textsearcher.Searcher.search(String)",debugger/src/main/java/org/apache/pdfbox/debugger/ui/textsearcher/Searcher.java,,,,,,,,,,,,,,,,,,,,,,,,,7,18,2,16,1,9,0,13,2,7,9,1,8,2,2,2,1,,,,,,1,,0,00,2,2,2,1
Public Method,"org.apache.pdfbox.debugger.ui.textsearcher.Searcher.stateChanged(ChangeEvent)",debugger/src/main/java/org/apache/pdfbox/debugger/ui/textsearcher/Searcher.java,,,,,,,,,,,,,,,,,,,,,,,,,2,8,0,8,2,2,0,3,2,1,3,1,2,2,2,2,1,,,,,,1,,0,00,2,2,2,1
Private Method,"org.apache.pdfbox.debugger.ui.textsearcher.Searcher.updateHighLighter(int,int)",debugger/src/main/java/org/apache/pdfbox/debugger/ui/textsearcher/Searcher.java,,,,,,,,,,,,,,,,,,,,,,,,,7,8,0,8,1,3,0,1,2,2,4,1,3,2,2,2,1,,,,,,1,,0,00,2,2,2,1
Private Method,"org.apache.pdfbox.debugger.ui.textsearcher.Searcher.updateNavigationButtons()",debugger/src/main/java/org/apache/pdfbox/debugger/ui/textsearcher/Searcher.java,,,,,,,,,,,,,,,,,,,,,,,,,8,21,1,20,1,9,0,2,9,5,10,1,9,5,5,6,1,,,,,,1,,0,00,5,5,6,1
Package,"org.apache.pdfbox.encryption",pdfbox/src/test/java/org/apache/pdfbox/encryption/TestPublicKeyEncryption.java,1,1,1,1,25,1,18,4,,,,2,4,6,2,,24,12,28,,15,11,0,2,,906,100,620,223,345,187,,,362,421,191,292,,,,,5,5,5,1,,3,,0,30,48,48,48,28
Class,"org.apache.pdfbox.encryption.TestPublicKeyEncryption",pdfbox/src/test/java/org/apache/pdfbox/encryption/TestPublicKeyEncryption.java,1,1,1,1,21,0,15,5,1,34,0,,3,1,,,12,12,15,27,9,4,0,2,,368,34,250,64,149,85,,,127,154,48,125,,,,,3,3,3,1,1,1,82,0,34,18,18,18,15
Private Method,"org.apache.pdfbox.encryption.TestPublicKeyEncryption.getKeyStore(String)",pdfbox/src/test/java/org/apache/pdfbox/encryption/TestPublicKeyEncryption.java,,,,,,,,,,,,,,,,,,,,,,,,,4,4,0,4,1,1,0,2,1,1,2,1,1,1,1,1,1,,,,,,0,,0,00,1,1,1,1
Private Static Method,"org.apache.pdfbox.encryption.TestPublicKeyEncryption.getRecipient(String,AccessPermission)",pdfbox/src/test/java/org/apache/pdfbox/encryption/TestPublicKeyEncryption.java,,,,,,,,,,,,,,,,,,,,,,,,,3,22,0,12,4,6,10,6,1,5,7,3,6,1,1,1,1,,,,,,1,,0,83,1,1,1,1
Static Method,"org.apache.pdfbox.encryption.TestPublicKeyEncryption.init()",pdfbox/src/test/java/org/apache/pdfbox/encryption/TestPublicKeyEncryption.java,,,,,,,,,,,,,,,,,,,,,,,,,2,10,0,9,2,3,1,3,2,2,4,1,3,2,2,2,1,,,,,,1,,0,11,2,2,2,1
Public Static Method,"org.apache.pdfbox.encryption.TestPublicKeyEncryption.keyLengths()",pdfbox/src/test/java/org/apache/pdfbox/encryption/TestPublicKeyEncryption.java,,,,,,,,,,,,,,,,,,,,,,,,,0,9,0,4,1,1,5,2,1,1,2,1,1,1,1,1,1,,,,,,0,,1,25,1,1,1,1
Private Method,"org.apache.pdfbox.encryption.TestPublicKeyEncryption.reload(File,String,InputStream)",pdfbox/src/test/java/org/apache/pdfbox/encryption/TestPublicKeyEncryption.java,,,,,,,,,,,,,,,,,,,,,,,,,8,20,0,11,4,7,9,8,1,4,5,2,4,1,1,1,1,,,,,,0,,0,82,1,1,1,1
Private Method,"org.apache.pdfbox.encryption.TestPublicKeyEncryption.save(String)",pdfbox/src/test/java/org/apache/pdfbox/encryption/TestPublicKeyEncryption.java,,,,,,,,,,,,,,,,,,,,,,,,,7,6,0,6,2,3,0,3,1,3,4,2,3,1,1,1,1,,,,,,0,,0,00,1,1,1,1
Method,"org.apache.pdfbox.encryption.TestPublicKeyEncryption.setUp()",pdfbox/src/test/java/org/apache/pdfbox/encryption/TestPublicKeyEncryption.java,,,,,,,,,,,,,,,,,,,,,,,,,3,40,5,32,2,28,4,31,1,28,29,1,28,1,1,1,1,,,,,,0,,0,12,1,1,1,1
Public Method,"org.apache.pdfbox.encryption.TestPublicKeyEncryption.tearDown()",pdfbox/src/test/java/org/apache/pdfbox/encryption/TestPublicKeyEncryption.java,,,,,,,,,,,,,,,,,,,,,,,,,1,8,0,5,2,1,3,1,1,1,2,1,1,1,1,1,1,,,,,,0,,0,60,1,1,1,1
Method,"org.apache.pdfbox.encryption.TestPublicKeyEncryption.testMultipleRecipients(int)",pdfbox/src/test/java/org/apache/pdfbox/encryption/TestPublicKeyEncryption.java,,,,,,,,,,,,,,,,,,,,,,,,,8,44,2,35,7,26,7,18,1,24,27,5,26,1,1,1,1,,,,,,1,,0,20,1,1,1,1
Method,"org.apache.pdfbox.encryption.TestPublicKeyEncryption.testProtection(int)",pdfbox/src/test/java/org/apache/pdfbox/encryption/TestPublicKeyEncryption.java,,,,,,,,,,,,,,,,,,,,,,,,,5,31,2,23,6,16,6,19,1,15,17,4,16,1,1,1,1,,,,,,1,,0,26,1,1,1,1
Method,"org.apache.pdfbox.encryption.TestPublicKeyEncryption.testProtectionError(int)",pdfbox/src/test/java/org/apache/pdfbox/encryption/TestPublicKeyEncryption.java,,,,,,,,,,,,,,,,,,,,,,,,,6,36,1,29,7,16,6,13,4,12,15,5,13,3,3,3,1,,,,,,1,,0,21,3,3,3,1
Method,"org.apache.pdfbox.encryption.TestPublicKeyEncryption.testReadPubkeyEncryptedAES128()",pdfbox/src/test/java/org/apache/pdfbox/encryption/TestPublicKeyEncryption.java,,,,,,,,,,,,,,,,,,,,,,,,,0,22,0,16,3,10,6,11,1,4,6,2,5,1,1,1,1,,,,,,1,,0,38,1,1,1,1
Method,"org.apache.pdfbox.encryption.TestPublicKeyEncryption.testReadPubkeyEncryptedAES128withMetadataExposed()",pdfbox/src/test/java/org/apache/pdfbox/encryption/TestPublicKeyEncryption.java,,,,,,,,,,,,,,,,,,,,,,,,,0,22,0,16,3,10,6,13,1,5,7,2,6,1,1,1,1,,,,,,1,,0,38,1,1,1,1
Method,"org.apache.pdfbox.encryption.TestPublicKeyEncryption.testReadPubkeyEncryptedAES256()",pdfbox/src/test/java/org/apache/pdfbox/encryption/TestPublicKeyEncryption.java,,,,,,,,,,,,,,,,,,,,,,,,,0,22,0,16,3,10,6,11,1,4,6,2,5,1,1,1,1,,,,,,1,,0,38,1,1,1,1
Method,"org.apache.pdfbox.encryption.TestPublicKeyEncryption.testReadPubkeyEncryptedAES256withMetadataExposed()",pdfbox/src/test/java/org/apache/pdfbox/encryption/TestPublicKeyEncryption.java,,,,,,,,,,,,,,,,,,,,,,,,,0,22,0,16,3,10,6,13,1,5,7,2,6,1,1,1,1,,,,,,1,,0,38,1,1,1,1
Class,"org.apache.pdfbox.encryption.TestSymmetricKeyEncryption",pdfbox/src/test/java/org/apache/pdfbox/encryption/TestSymmetricKeyEncryption.java,2,2,2,1,29,3,22,4,1,46,0,,1,5,,,12,0,13,25,6,7,0,0,,424,56,298,88,196,70,,,164,196,72,167,,,,,5,5,5,1,1,3,69,0,23,30,30,30,13
Private Method,"org.apache.pdfbox.encryption.TestSymmetricKeyEncryption.checkPerms(byte[],String,AccessPermission)",pdfbox/src/test/java/org/apache/pdfbox/encryption/TestSymmetricKeyEncryption.java,,,,,,,,,,,,,,,,,,,,,,,,,4,25,2,22,3,14,1,15,2,12,15,2,14,2,2,2,1,,,,,,2,,0,05,2,2,2,1
Private Method,"org.apache.pdfbox.encryption.TestSymmetricKeyEncryption.encrypt(int,boolean,int,PDDocument,String,AccessPermission,String,String)",pdfbox/src/test/java/org/apache/pdfbox/encryption/TestSymmetricKeyEncryption.java,,,,,,,,,,,,,,,,,,,,,,,,,12,53,10,39,14,32,4,29,2,25,27,10,26,5,5,5,1,,,,,,1,,0,10,5,5,5,1
Private Method,"org.apache.pdfbox.encryption.TestSymmetricKeyEncryption.extractEmbeddedFile(InputStream,String)",pdfbox/src/test/java/org/apache/pdfbox/encryption/TestSymmetricKeyEncryption.java,,,,,,,,,,,,,,,,,,,,,,,,,6,25,3,22,10,17,0,21,1,15,17,10,16,1,1,1,1,,,,,,1,,0,00,1,1,1,1
Private Method,"org.apache.pdfbox.encryption.TestSymmetricKeyEncryption.getFileAsByteArray(File)",pdfbox/src/test/java/org/apache/pdfbox/encryption/TestSymmetricKeyEncryption.java,,,,,,,,,,,,,,,,,,,,,,,,,2,4,0,4,1,1,0,3,1,1,2,1,1,1,1,1,1,,,,,,0,,0,00,1,1,1,1
Private Method,"org.apache.pdfbox.encryption.TestSymmetricKeyEncryption.getFileResourceAsByteArray(String)",pdfbox/src/test/java/org/apache/pdfbox/encryption/TestSymmetricKeyEncryption.java,,,,,,,,,,,,,,,,,,,,,,,,,4,4,0,4,1,1,0,3,1,1,2,1,1,1,1,1,1,,,,,,0,,0,00,1,1,1,1
Static Method,"org.apache.pdfbox.encryption.TestSymmetricKeyEncryption.setUp()",pdfbox/src/test/java/org/apache/pdfbox/encryption/TestSymmetricKeyEncryption.java,,,,,,,,,,,,,,,,,,,,,,,,,3,22,2,19,2,13,1,14,2,12,14,1,13,2,2,2,1,,,,,,1,,0,05,2,2,2,1
Method,"org.apache.pdfbox.encryption.TestSymmetricKeyEncryption.testPDFBox4308()",pdfbox/src/test/java/org/apache/pdfbox/encryption/TestSymmetricKeyEncryption.java,,,,,,,,,,,,,,,,,,,,,,,,,4,21,1,9,5,5,11,3,1,4,5,4,2,1,1,1,1,,,,,,0,,1,22,1,1,1,1
Method,"org.apache.pdfbox.encryption.TestSymmetricKeyEncryption.testPDFBox4453()",pdfbox/src/test/java/org/apache/pdfbox/encryption/TestSymmetricKeyEncryption.java,,,,,,,,,,,,,,,,,,,,,,,,,1,46,2,34,9,20,10,22,4,20,25,8,21,3,3,3,1,,,,,,2,,0,29,3,3,3,1
Method,"org.apache.pdfbox.encryption.TestSymmetricKeyEncryption.testPermissions()",pdfbox/src/test/java/org/apache/pdfbox/encryption/TestSymmetricKeyEncryption.java,,,,,,,,,,,,,,,,,,,,,,,,,3,63,4,48,5,32,11,12,8,26,30,4,29,4,4,4,1,,,,,,1,,0,23,4,4,4,1
Method,"org.apache.pdfbox.encryption.TestSymmetricKeyEncryption.testProtection()",pdfbox/src/test/java/org/apache/pdfbox/encryption/TestSymmetricKeyEncryption.java,,,,,,,,,,,,,,,,,,,,,,,,,4,24,4,15,5,11,5,2,1,7,8,4,5,1,1,1,1,,,,,,0,,0,33,1,1,1,1
Method,"org.apache.pdfbox.encryption.TestSymmetricKeyEncryption.testProtectionInnerAttachment()",pdfbox/src/test/java/org/apache/pdfbox/encryption/TestSymmetricKeyEncryption.java,,,,,,,,,,,,,,,,,,,,,,,,,3,29,6,17,7,12,6,4,1,8,9,5,6,1,1,1,1,,,,,,0,,0,35,1,1,1,1
Private Method,"org.apache.pdfbox.encryption.TestSymmetricKeyEncryption.testSymmEncrForKeySize(String,int,boolean,int,byte[],String,String,AccessPermission)",pdfbox/src/test/java/org/apache/pdfbox/encryption/TestSymmetricKeyEncryption.java,,,,,,,,,,,,,,,,,,,,,,,,,11,44,3,39,13,23,2,17,4,21,27,12,23,4,4,4,1,,,,,,3,,0,05,4,4,4,1
Private Method,"org.apache.pdfbox.encryption.TestSymmetricKeyEncryption.testSymmEncrForKeySizeInner(int,boolean,int,byte[],File,String,String)",pdfbox/src/test/java/org/apache/pdfbox/encryption/TestSymmetricKeyEncryption.java,,,,,,,,,,,,,,,,,,,,,,,,,10,23,3,19,7,11,1,11,1,7,9,4,8,4,4,4,1,,,,,,1,,0,05,4,4,4,1
Package,"org.apache.pdfbox.examples",,0,0,0,0,0,0,0,0,,,,0,0,0,0,,0,0,0,,0,0,0,0,,0,0,0,0,0,0,,,0,0,0,0,,,,,0,0,0,0,,0,,0,00,0,0,0,0
Package,"org.apache.pdfbox.examples.ant",examples/src/main/java/org/apache/pdfbox/examples/ant/PDFToTextTask.java,1,1,1,1,12,0,10,2,,,,1,0,0,1,,2,1,2,,0,0,0,2,,74,8,37,15,15,29,,,17,23,15,12,,,,,3,3,3,1,,2,,0,78,6,6,6,4
Public Class,"org.apache.pdfbox.examples.ant.PDFToTextTask",examples/src/main/java/org/apache/pdfbox/examples/ant/PDFToTextTask.java,1,1,1,1,17,0,13,4,1,9,0,,0,0,,,2,1,2,14,0,0,0,2,,46,3,30,8,15,13,,,10,16,8,12,,,,,1,1,1,1,2,2,0,0,43,6,6,6,4
Public Method,"org.apache.pdfbox.examples.ant.PDFToTextTask.addFileset(FileSet)",examples/src/main/java/org/apache/pdfbox/examples/ant/PDFToTextTask.java,,,,,,,,,,,,,,,,,,,,,,,,,2,9,0,4,1,1,5,1,1,1,2,1,1,1,1,1,1,,,,,,0,,1,25,1,1,1,1
Public Method,"org.apache.pdfbox.examples.ant.PDFToTextTask.execute()",examples/src/main/java/org/apache/pdfbox/examples/ant/PDFToTextTask.java,,,,,,,,,,,,,,,,,,,,,,,,,3,26,1,22,5,13,3,4,1,8,12,5,10,1,1,1,1,,,,,,2,,0,14,5,5,5,3
Lambda Method,"org.apache.pdfbox.examples.ant.PDFToTextTask.execute.(lambda_expr_1)(FileSet (inferred))",examples/src/main/java/org/apache/pdfbox/examples/ant/PDFToTextTask.java,,,,,,,,,,,,,,,,,,,,,,,,,1,1,0,1,0,1,0,3,1,0,0,0,0,1,1,1,1,,,,,,0,,0,00,1,1,1,1
Lambda Method,"org.apache.pdfbox.examples.ant.PDFToTextTask.execute.(lambda_expr_2)(R (inferred))",examples/src/main/java/org/apache/pdfbox/examples/ant/PDFToTextTask.java,,,,,,,,,,,,,,,,,,,,,,,,,1,15,0,15,3,9,0,11,3,6,9,4,8,3,3,3,1,,,,,,0,,0,00,3,3,3,1
Package,"org.apache.pdfbox.examples.interactive",,0,0,0,0,0,0,0,0,,,,0,0,0,0,,0,0,0,,0,0,0,0,,0,0,0,0,0,0,,,0,0,0,0,,,,,0,0,0,0,,0,,0,00,0,0,0,0
Package,"org.apache.pdfbox.examples.interactive.form",examples/src/main/java/org/apache/pdfbox/examples/interactive/form/AddBorderToField.java,1,1,1,1,28,2,20,4,,,,14,21,2,15,,22,0,43,,10,18,0,15,,1897,197,1174,502,609,531,,,769,891,490,579,,,,,8,8,8,5,,4,,0,45,76,76,78,47
Public Final Class,"org.apache.pdfbox.examples.interactive.form.AddBorderToField",examples/src/main/java/org/apache/pdfbox/examples/interactive/form/AddBorderToField.java,1,1,1,1,14,2,9,3,1,15,0,,1,1,,,1,0,2,14,0,1,0,1,,42,6,22,10,10,14,,,9,13,9,9,,,,,1,1,1,1,1,1,0,0,64,2,2,2,2
Private Constructor,"org.apache.pdfbox.examples.interactive.form.AddBorderToField.AddBorderToField()",examples/src/main/java/org/apache/pdfbox/examples/interactive/form/AddBorderToField.java,,,,,,,,,,,,,,,,,,,,,,,,,0,3,0,3,1,0,0,1,1,0,1,1,0,1,1,1,1,,,,,,0,,0,00,1,1,1,1
Public Static Method,"org.apache.pdfbox.examples.interactive.form.AddBorderToField.main(String[])",examples/src/main/java/org/apache/pdfbox/examples/interactive/form/AddBorderToField.java,,,,,,,,,,,,,,,,,,,,,,,,,4,25,4,15,7,9,6,13,1,8,10,6,9,1,1,1,1,,,,,,1,,0,40,1,1,1,1
Public Class,"org.apache.pdfbox.examples.interactive.form.CreateCheckBox",examples/src/main/java/org/apache/pdfbox/examples/interactive/form/CreateCheckBox.java,2,2,2,2,39,4,32,3,1,38,0,,3,0,,,1,0,4,16,1,2,0,1,,170,21,131,35,94,19,,,84,99,35,90,,,,,7,7,7,5,1,4,0,0,15,11,11,11,8
Private Constructor,"org.apache.pdfbox.examples.interactive.form.CreateCheckBox.CreateCheckBox()",examples/src/main/java/org/apache/pdfbox/examples/interactive/form/CreateCheckBox.java,,,,,,,,,,,,,,,,,,,,,,,,,0,3,0,3,1,0,0,1,1,0,1,1,0,1,1,1,1,,,,,,0,,0,00,1,1,1,1
Private Static Method,"org.apache.pdfbox.examples.interactive.form.CreateCheckBox.createAppearanceStream(PDDocument,PDAnnotationWidget,boolean,PDFont)",examples/src/main/java/org/apache/pdfbox/examples/interactive/form/CreateCheckBox.java,,,,,,,,,,,,,,,,,,,,,,,,,6,86,3,77,17,56,7,54,15,48,57,17,53,7,7,7,5,,,,,,4,,0,09,7,7,7,5
Static Method,"org.apache.pdfbox.examples.interactive.form.CreateCheckBox.getLineWidth(PDAnnotationWidget)",examples/src/main/java/org/apache/pdfbox/examples/interactive/form/CreateCheckBox.java,,,,,,,,,,,,,,,,,,,,,,,,,2,9,0,9,2,4,0,3,2,3,5,2,4,2,2,2,1,,,,,,1,,0,00,2,2,2,1
Public Static Method,"org.apache.pdfbox.examples.interactive.form.CreateCheckBox.main(String[])",examples/src/main/java/org/apache/pdfbox/examples/interactive/form/CreateCheckBox.java,,,,,,,,,,,,,,,,,,,,,,,,,6,61,15,39,14,34,7,39,1,33,35,14,33,1,1,1,1,,,,,,1,,0,18,1,1,1,1
Public Final Class,"org.apache.pdfbox.examples.interactive.form.CreateMultiWidgetsForm",examples/src/main/java/org/apache/pdfbox/examples/interactive/form/CreateMultiWidgetsForm.java,1,1,1,1,47,8,28,11,1,24,0,,1,0,,,1,0,2,14,0,1,0,1,,109,17,59,19,46,33,,,45,49,17,45,,,,,1,1,1,1,1,1,0,0,56,2,2,2,2
Private Constructor,"org.apache.pdfbox.examples.interactive.form.CreateMultiWidgetsForm.CreateMultiWidgetsForm()",examples/src/main/java/org/apache/pdfbox/examples/interactive/form/CreateMultiWidgetsForm.java,,,,,,,,,,,,,,,,,,,,,,,,,0,3,0,3,1,0,0,1,1,0,1,1,0,1,1,1,1,,,,,,0,,0,00,1,1,1,1
Public Static Method,"org.apache.pdfbox.examples.interactive.form.CreateMultiWidgetsForm.main(String[])",examples/src/main/java/org/apache/pdfbox/examples/interactive/form/CreateMultiWidgetsForm.java,,,,,,,,,,,,,,,,,,,,,,,,,5,92,16,53,17,46,23,33,1,45,47,15,45,1,1,1,1,,,,,,1,,0,43,1,1,1,1
Public Class,"org.apache.pdfbox.examples.interactive.form.CreatePushButton",examples/src/main/java/org/apache/pdfbox/examples/interactive/form/CreatePushButton.java,1,1,1,1,39,0,37,4,1,26,0,,1,0,,,0,0,1,13,0,0,0,1,,46,0,40,13,30,8,,,28,32,13,30,,,,,1,1,1,1,1,2,0,0,20,1,1,1,1
Public Static Method,"org.apache.pdfbox.examples.interactive.form.CreatePushButton.main(String[])",examples/src/main/java/org/apache/pdfbox/examples/interactive/form/CreatePushButton.java,,,,,,,,,,,,,,,,,,,,,,,,,2,39,0,37,12,30,4,38,1,28,31,12,30,1,1,1,1,,,,,,2,,0,11,1,1,1,1
Public Class,"org.apache.pdfbox.examples.interactive.form.CreateRadioButtons",examples/src/main/java/org/apache/pdfbox/examples/interactive/form/CreateRadioButtons.java,1,1,1,1,24,2,21,1,1,32,0,,4,0,,,1,0,5,17,2,2,0,1,,136,15,109,28,76,13,,,73,86,29,77,,,,,3,3,3,1,1,3,0,0,12,9,9,9,5
Private Constructor,"org.apache.pdfbox.examples.interactive.form.CreateRadioButtons.CreateRadioButtons()",examples/src/main/java/org/apache/pdfbox/examples/interactive/form/CreateRadioButtons.java,,,,,,,,,,,,,,,,,,,,,,,,,0,3,0,3,1,0,0,1,1,0,1,1,0,1,1,1,1,,,,,,0,,0,00,1,1,1,1
Private Static Method,"org.apache.pdfbox.examples.interactive.form.CreateRadioButtons.createAppearanceStream(PDDocument,PDAnnotationWidget,boolean)",examples/src/main/java/org/apache/pdfbox/examples/interactive/form/CreateRadioButtons.java,,,,,,,,,,,,,,,,,,,,,,,,,4,29,0,29,9,21,0,22,2,19,22,8,21,2,2,2,1,,,,,,2,,0,00,2,2,2,1
Static Method,"org.apache.pdfbox.examples.interactive.form.CreateRadioButtons.drawCircle(PDAppearanceContentStream,float,float,float)",examples/src/main/java/org/apache/pdfbox/examples/interactive/form/CreateRadioButtons.java,,,,,,,,,,,,,,,,,,,,,,,,,5,11,0,10,2,7,1,3,1,7,8,2,6,1,1,1,1,,,,,,0,,0,10,1,1,1,1
Static Method,"org.apache.pdfbox.examples.interactive.form.CreateRadioButtons.getLineWidth(PDAnnotationWidget)",examples/src/main/java/org/apache/pdfbox/examples/interactive/form/CreateRadioButtons.java,,,,,,,,,,,,,,,,,,,,,,,,,2,9,0,9,2,4,0,3,2,3,5,2,4,2,2,2,1,,,,,,1,,0,00,2,2,2,1
Public Static Method,"org.apache.pdfbox.examples.interactive.form.CreateRadioButtons.main(String[])",examples/src/main/java/org/apache/pdfbox/examples/interactive/form/CreateRadioButtons.java,,,,,,,,,,,,,,,,,,,,,,,,,6,72,11,55,13,44,7,49,4,44,49,15,46,3,3,3,1,,,,,,3,,0,13,3,3,3,1
Public Final Class,"org.apache.pdfbox.examples.interactive.form.CreateSimpleForm",examples/src/main/java/org/apache/pdfbox/examples/interactive/form/CreateSimpleForm.java,1,1,2,1,45,7,26,11,1,25,0,,1,1,,,1,0,2,14,0,1,0,1,,103,17,57,14,39,30,,,35,41,13,36,,,,,2,2,3,1,1,2,0,0,53,3,3,4,2
Private Constructor,"org.apache.pdfbox.examples.interactive.form.CreateSimpleForm.CreateSimpleForm()",examples/src/main/java/org/apache/pdfbox/examples/interactive/form/CreateSimpleForm.java,,,,,,,,,,,,,,,,,,,,,,,,,0,3,0,3,1,0,0,1,1,0,1,1,0,1,1,1,1,,,,,,0,,0,00,1,1,1,1
Public Static Method,"org.apache.pdfbox.examples.interactive.form.CreateSimpleForm.main(String[])",examples/src/main/java/org/apache/pdfbox/examples/interactive/form/CreateSimpleForm.java,,,,,,,,,,,,,,,,,,,,,,,,,11,87,15,50,11,38,23,38,2,34,38,10,36,2,2,3,1,,,,,,2,,0,46,2,2,3,1
Public Class,"org.apache.pdfbox.examples.interactive.form.CreateSimpleFormWithEmbeddedFont",examples/src/main/java/org/apache/pdfbox/examples/interactive/form/CreateSimpleFormWithEmbeddedFont.java,1,1,1,1,32,4,22,6,1,27,0,,1,0,,,1,0,2,14,0,1,0,1,,77,10,47,15,33,20,,,30,35,13,31,,,,,1,1,1,1,1,2,0,0,43,2,2,2,2
Private Constructor,"org.apache.pdfbox.examples.interactive.form.CreateSimpleFormWithEmbeddedFont.CreateSimpleFormWithEmbeddedFont()",examples/src/main/java/org/apache/pdfbox/examples/interactive/form/CreateSimpleFormWithEmbeddedFont.java,,,,,,,,,,,,,,,,,,,,,,,,,0,3,0,3,1,0,0,1,1,0,1,1,0,1,1,1,1,,,,,,0,,0,00,1,1,1,1
Public Static Method,"org.apache.pdfbox.examples.interactive.form.CreateSimpleFormWithEmbeddedFont.main(String[])",examples/src/main/java/org/apache/pdfbox/examples/interactive/form/CreateSimpleFormWithEmbeddedFont.java,,,,,,,,,,,,,,,,,,,,,,,,,4,62,9,41,13,33,12,38,1,30,33,11,31,1,1,1,1,,,,,,2,,0,29,1,1,1,1
Public Final Class,"org.apache.pdfbox.examples.interactive.form.DetermineTextFitsField",examples/src/main/java/org/apache/pdfbox/examples/interactive/form/DetermineTextFitsField.java,2,2,2,1,29,4,16,8,1,19,0,,1,0,,,1,0,2,14,0,1,0,1,,69,11,36,17,21,22,,,18,24,17,18,,,,,3,3,3,1,1,2,0,0,61,4,4,4,2
Private Constructor,"org.apache.pdfbox.examples.interactive.form.DetermineTextFitsField.DetermineTextFitsField()",examples/src/main/java/org/apache/pdfbox/examples/interactive/form/DetermineTextFitsField.java,,,,,,,,,,,,,,,,,,,,,,,,,0,3,0,3,1,0,0,1,1,0,1,1,0,1,1,1,1,,,,,,0,,0,00,1,1,1,1
Public Static Method,"org.apache.pdfbox.examples.interactive.form.DetermineTextFitsField.main(String[])",examples/src/main/java/org/apache/pdfbox/examples/interactive/form/DetermineTextFitsField.java,,,,,,,,,,,,,,,,,,,,,,,,,0,55,9,30,15,21,16,19,4,18,22,15,18,3,3,3,1,,,,,,2,,0,53,3,3,3,1
Public Final Class,"org.apache.pdfbox.examples.interactive.form.FieldTriggers",examples/src/main/java/org/apache/pdfbox/examples/interactive/form/FieldTriggers.java,1,1,1,1,44,9,23,12,1,14,0,,1,0,,,1,0,2,14,0,1,0,1,,100,19,49,18,38,32,,,37,41,18,38,,,,,1,1,1,1,1,1,0,0,65,2,2,2,2
Private Constructor,"org.apache.pdfbox.examples.interactive.form.FieldTriggers.FieldTriggers()",examples/src/main/java/org/apache/pdfbox/examples/interactive/form/FieldTriggers.java,,,,,,,,,,,,,,,,,,,,,,,,,0,3,0,3,1,0,0,1,1,0,1,1,0,1,1,1,1,,,,,,0,,0,00,1,1,1,1
Public Static Method,"org.apache.pdfbox.examples.interactive.form.FieldTriggers.main(String[])",examples/src/main/java/org/apache/pdfbox/examples/interactive/form/FieldTriggers.java,,,,,,,,,,,,,,,,,,,,,,,,,0,85,18,43,16,38,24,25,1,37,39,16,38,1,1,1,1,,,,,,1,,0,56,1,1,1,1
Public Final Class,"org.apache.pdfbox.examples.interactive.form.FillFormField",examples/src/main/java/org/apache/pdfbox/examples/interactive/form/FillFormField.java,1,1,1,1,14,2,9,3,1,8,0,,1,0,,,1,0,2,14,0,1,0,1,,38,6,22,6,9,10,,,7,12,6,8,,,,,2,2,2,1,1,2,0,0,45,3,3,3,2
Private Constructor,"org.apache.pdfbox.examples.interactive.form.FillFormField.FillFormField()",examples/src/main/java/org/apache/pdfbox/examples/interactive/form/FillFormField.java,,,,,,,,,,,,,,,,,,,,,,,,,0,3,0,3,1,0,0,1,1,0,1,1,0,1,1,1,1,,,,,,0,,0,00,1,1,1,1
Public Static Method,"org.apache.pdfbox.examples.interactive.form.FillFormField.main(String[])",examples/src/main/java/org/apache/pdfbox/examples/interactive/form/FillFormField.java,,,,,,,,,,,,,,,,,,,,,,,,,0,26,4,16,4,9,6,7,2,7,10,4,8,2,2,2,1,,,,,,2,,0,38,2,2,2,1
Public Class,"org.apache.pdfbox.examples.interactive.form.PrintFields",examples/src/main/java/org/apache/pdfbox/examples/interactive/form/PrintFields.java,2,2,3,1,22,1,17,4,1,14,0,,2,0,,,2,0,4,16,0,2,0,2,,103,8,71,13,34,24,,,23,38,15,30,,,,,5,5,6,1,1,2,0,0,34,11,11,12,4
Public Static Method,"org.apache.pdfbox.examples.interactive.form.PrintFields.main(String[])",examples/src/main/java/org/apache/pdfbox/examples/interactive/form/PrintFields.java,,,,,,,,,,,,,,,,,,,,,,,,,2,32,0,24,3,11,8,5,4,6,10,3,8,3,3,3,1,,,,,,2,,0,33,3,3,3,1
Public Method,"org.apache.pdfbox.examples.interactive.form.PrintFields.printFields(PDDocument)",examples/src/main/java/org/apache/pdfbox/examples/interactive/form/PrintFields.java,,,,,,,,,,,,,,,,,,,,,,,,,3,20,2,11,4,6,7,7,2,5,8,5,6,2,2,2,1,,,,,,1,,0,64,2,2,2,1
Private Method,"org.apache.pdfbox.examples.interactive.form.PrintFields.processField(PDField,String,String)",examples/src/main/java/org/apache/pdfbox/examples/interactive/form/PrintFields.java,,,,,,,,,,,,,,,,,,,,,,,,,5,31,2,29,4,16,0,10,6,11,17,5,15,5,5,6,1,,,,,,2,,0,00,5,5,6,1
Private Static Method,"org.apache.pdfbox.examples.interactive.form.PrintFields.usage()",examples/src/main/java/org/apache/pdfbox/examples/interactive/form/PrintFields.java,,,,,,,,,,,,,,,,,,,,,,,,,2,7,0,4,1,1,3,1,1,1,2,1,1,1,1,1,1,,,,,,0,,0,75,1,1,1,1
Public Class,"org.apache.pdfbox.examples.interactive.form.SetField",examples/src/main/java/org/apache/pdfbox/examples/interactive/form/SetField.java,3,3,3,1,22,0,17,4,1,15,0,,3,0,,,2,0,5,17,0,3,0,2,,123,4,92,14,41,27,,,26,43,14,34,,,,,8,8,8,1,1,3,0,0,29,15,15,15,5
Private Static Method,"org.apache.pdfbox.examples.interactive.form.SetField.calculateOutputFilename(String)",examples/src/main/java/org/apache/pdfbox/examples/interactive/form/SetField.java,,,,,,,,,,,,,,,,,,,,,,,,,2,14,0,14,2,6,0,5,2,5,7,2,5,2,2,2,1,,,,,,1,,0,00,2,2,2,1
Public Static Method,"org.apache.pdfbox.examples.interactive.form.SetField.main(String[])",examples/src/main/java/org/apache/pdfbox/examples/interactive/form/SetField.java,,,,,,,,,,,,,,,,,,,,,,,,,1,14,0,5,2,2,9,1,1,2,3,2,2,1,1,1,1,,,,,,0,,1,80,1,1,1,1
Public Method,"org.apache.pdfbox.examples.interactive.form.SetField.setField(PDDocument,String,String)",examples/src/main/java/org/apache/pdfbox/examples/interactive/form/SetField.java,,,,,,,,,,,,,,,,,,,,,,,,,5,50,0,41,5,20,9,8,8,11,19,5,17,8,8,8,1,,,,,,3,,0,22,8,8,8,1
Private Method,"org.apache.pdfbox.examples.interactive.form.SetField.setField(String[])",examples/src/main/java/org/apache/pdfbox/examples/interactive/form/SetField.java,,,,,,,,,,,,,,,,,,,,,,,,,3,25,0,25,3,12,0,7,4,7,11,3,9,3,3,3,1,,,,,,2,,0,00,3,3,3,1
Private Static Method,"org.apache.pdfbox.examples.interactive.form.SetField.usage()",examples/src/main/java/org/apache/pdfbox/examples/interactive/form/SetField.java,,,,,,,,,,,,,,,,,,,,,,,,,2,7,0,4,1,1,3,1,1,1,2,1,1,1,1,1,1,,,,,,0,,0,75,1,1,1,1
Class,"org.apache.pdfbox.examples.interactive.form.TestCreateSimpleForms",examples/src/test/java/org/apache/pdfbox/examples/interactive/form/TestCreateSimpleForms.java,1,1,1,1,25,0,23,1,1,40,0,,0,0,,,8,0,8,20,7,1,0,0,,222,13,189,63,130,20,,,118,138,55,128,,,,,2,2,2,1,1,2,0,0,11,9,9,9,8
Private Method,"org.apache.pdfbox.examples.interactive.form.TestCreateSimpleForms.getFontFromWidgetResources(PDTextField,String)",examples/src/test/java/org/apache/pdfbox/examples/interactive/form/TestCreateSimpleForms.java,,,,,,,,,,,,,,,,,,,,,,,,,4,9,0,9,6,6,0,9,1,6,7,6,6,1,1,1,1,,,,,,0,,0,00,1,1,1,1
Method,"org.apache.pdfbox.examples.interactive.form.TestCreateSimpleForms.testAddBorderToField()",examples/src/test/java/org/apache/pdfbox/examples/interactive/form/TestCreateSimpleForms.java,,,,,,,,,,,,,,,,,,,,,,,,,3,33,3,30,13,22,0,18,1,20,23,12,22,1,1,1,1,,,,,,1,,0,00,1,1,1,1
Method,"org.apache.pdfbox.examples.interactive.form.TestCreateSimpleForms.testCreateCheckBox()",examples/src/test/java/org/apache/pdfbox/examples/interactive/form/TestCreateSimpleForms.java,,,,,,,,,,,,,,,,,,,,,,,,,0,23,0,23,6,15,0,13,1,13,16,5,15,1,1,1,1,,,,,,1,,0,00,1,1,1,1
Method,"org.apache.pdfbox.examples.interactive.form.TestCreateSimpleForms.testCreateMultiWidgetsForm()",examples/src/test/java/org/apache/pdfbox/examples/interactive/form/TestCreateSimpleForms.java,,,,,,,,,,,,,,,,,,,,,,,,,1,46,1,40,15,34,5,25,1,33,35,14,34,1,1,1,1,,,,,,1,,0,12,1,1,1,1
Method,"org.apache.pdfbox.examples.interactive.form.TestCreateSimpleForms.testCreatePushButton()",examples/src/test/java/org/apache/pdfbox/examples/interactive/form/TestCreateSimpleForms.java,,,,,,,,,,,,,,,,,,,,,,,,,0,12,0,12,4,6,0,9,1,5,7,3,6,1,1,1,1,,,,,,1,,0,00,1,1,1,1
Method,"org.apache.pdfbox.examples.interactive.form.TestCreateSimpleForms.testCreateSimpleForm()",examples/src/test/java/org/apache/pdfbox/examples/interactive/form/TestCreateSimpleForms.java,,,,,,,,,,,,,,,,,,,,,,,,,1,31,1,25,6,15,5,18,2,12,15,5,13,2,2,2,1,,,,,,2,,0,20,2,2,2,1
Method,"org.apache.pdfbox.examples.interactive.form.TestCreateSimpleForms.testCreateSimpleFormWithEmbeddedFont()",examples/src/test/java/org/apache/pdfbox/examples/interactive/form/TestCreateSimpleForms.java,,,,,,,,,,,,,,,,,,,,,,,,,0,20,0,15,5,9,5,13,1,8,10,4,9,1,1,1,1,,,,,,1,,0,33,1,1,1,1
Method,"org.apache.pdfbox.examples.interactive.form.TestCreateSimpleForms.testRadioButtons()",examples/src/test/java/org/apache/pdfbox/examples/interactive/form/TestCreateSimpleForms.java,,,,,,,,,,,,,,,,,,,,,,,,,0,31,0,31,6,23,0,17,1,21,24,5,23,1,1,1,1,,,,,,1,,0,00,1,1,1,1
Public Final Class,"org.apache.pdfbox.examples.interactive.form.UpdateFieldOnDocumentOpen",examples/src/main/java/org/apache/pdfbox/examples/interactive/form/UpdateFieldOnDocumentOpen.java,1,1,1,1,12,1,8,3,1,7,0,,1,0,,,1,0,2,14,0,1,0,1,,38,4,19,6,8,15,,,5,9,5,5,,,,,1,1,1,1,1,1,0,0,79,2,2,2,2
Private Constructor,"org.apache.pdfbox.examples.interactive.form.UpdateFieldOnDocumentOpen.UpdateFieldOnDocumentOpen()",examples/src/main/java/org/apache/pdfbox/examples/interactive/form/UpdateFieldOnDocumentOpen.java,,,,,,,,,,,,,,,,,,,,,,,,,0,3,0,3,1,0,0,1,1,0,1,1,0,1,1,1,1,,,,,,0,,0,00,1,1,1,1
Public Static Method,"org.apache.pdfbox.examples.interactive.form.UpdateFieldOnDocumentOpen.main(String[])",examples/src/main/java/org/apache/pdfbox/examples/interactive/form/UpdateFieldOnDocumentOpen.java,,,,,,,,,,,,,,,,,,,,,,,,,0,22,3,13,4,8,6,7,1,5,7,3,5,1,1,1,1,,,,,,1,,0,46,1,1,1,1
Package,"org.apache.pdfbox.examples.lucene",examples/src/main/java/org/apache/pdfbox/examples/lucene/IndexPDFFiles.java,2,2,2,1,21,1,12,6,,,,2,9,3,2,,13,1,22,,1,10,0,11,,661,61,338,97,145,262,,,146,201,97,128,,,,,9,9,12,5,,4,,0,78,47,47,50,26
Public Final Class,"org.apache.pdfbox.examples.lucene.IndexPDFFiles",examples/src/main/java/org/apache/pdfbox/examples/lucene/IndexPDFFiles.java,6,6,7,2,61,3,42,14,1,19,0,,2,0,,,1,0,3,15,1,1,0,1,,197,14,131,18,66,52,,,42,65,19,53,,,,,9,9,12,5,1,4,0,0,40,18,18,21,7
Private Constructor,"org.apache.pdfbox.examples.lucene.IndexPDFFiles.IndexPDFFiles()",examples/src/main/java/org/apache/pdfbox/examples/lucene/IndexPDFFiles.java,,,,,,,,,,,,,,,,,,,,,,,,,0,3,0,3,1,0,0,1,1,0,1,1,0,1,1,1,1,,,,,,0,,0,00,1,1,1,1
Static Method,"org.apache.pdfbox.examples.lucene.IndexPDFFiles.indexDocs(IndexWriter,File)",examples/src/main/java/org/apache/pdfbox/examples/lucene/IndexPDFFiles.java,,,,,,,,,,,,,,,,,,,,,,,,,5,84,4,58,5,26,22,17,8,16,26,6,22,8,8,8,5,,,,,,4,,0,38,8,8,8,5
Public Static Method,"org.apache.pdfbox.examples.lucene.IndexPDFFiles.main(String[])",examples/src/main/java/org/apache/pdfbox/examples/lucene/IndexPDFFiles.java,,,,,,,,,,,,,,,,,,,,,,,,,7,96,7,67,11,40,22,15,60,26,37,11,31,9,9,12,1,,,,,,3,,0,33,9,9,12,1
Public Class,"org.apache.pdfbox.examples.lucene.LucenePDFDocument",examples/src/main/java/org/apache/pdfbox/examples/lucene/LucenePDFDocument.java,1,1,1,1,14,0,8,5,1,27,0,,7,3,,,12,1,19,31,0,9,0,10,,385,40,167,40,78,178,,,65,97,39,75,,,,,4,4,4,1,1,2,89,1,07,29,29,29,19
Public Constructor,"org.apache.pdfbox.examples.lucene.LucenePDFDocument.LucenePDFDocument()",examples/src/main/java/org/apache/pdfbox/examples/lucene/LucenePDFDocument.java,,,,,,,,,,,,,,,,,,,,,,,,,3,6,0,3,1,0,3,1,1,0,1,1,0,1,1,1,1,,,,,,0,,1,00,1,1,1,1
Private Method,"org.apache.pdfbox.examples.lucene.LucenePDFDocument.addContent(Document,InputStream,String)",examples/src/main/java/org/apache/pdfbox/examples/lucene/LucenePDFDocument.java,,,,,,,,,,,,,,,,,,,,,,,,,8,58,4,35,7,24,19,26,5,20,24,7,23,4,4,4,1,,,,,,2,,0,54,4,4,4,1
Private Method,"org.apache.pdfbox.examples.lucene.LucenePDFDocument.addKeywordField(Document,String,String)",examples/src/main/java/org/apache/pdfbox/examples/lucene/LucenePDFDocument.java,,,,,,,,,,,,,,,,,,,,,,,,,7,7,0,7,1,2,0,1,2,1,3,1,2,2,2,2,1,,,,,,1,,0,00,2,2,2,1
Private Method,"org.apache.pdfbox.examples.lucene.LucenePDFDocument.addTextField(Document,String,Calendar)",examples/src/main/java/org/apache/pdfbox/examples/lucene/LucenePDFDocument.java,,,,,,,,,,,,,,,,,,,,,,,,,4,7,0,7,1,2,0,2,2,1,3,1,2,2,2,2,1,,,,,,1,,0,00,2,2,2,1
Private Method,"org.apache.pdfbox.examples.lucene.LucenePDFDocument.addTextField(Document,String,Date)",examples/src/main/java/org/apache/pdfbox/examples/lucene/LucenePDFDocument.java,,,,,,,,,,,,,,,,,,,,,,,,,5,7,0,7,1,2,0,2,2,1,3,1,2,2,2,2,1,,,,,,1,,0,00,2,2,2,1
Private Method,"org.apache.pdfbox.examples.lucene.LucenePDFDocument.addTextField(Document,String,Reader)",examples/src/main/java/org/apache/pdfbox/examples/lucene/LucenePDFDocument.java,,,,,,,,,,,,,,,,,,,,,,,,,4,7,0,7,1,2,0,1,2,1,3,1,2,2,2,2,1,,,,,,1,,0,00,2,2,2,1
Private Method,"org.apache.pdfbox.examples.lucene.LucenePDFDocument.addTextField(Document,String,String)",examples/src/main/java/org/apache/pdfbox/examples/lucene/LucenePDFDocument.java,,,,,,,,,,,,,,,,,,,,,,,,,6,7,0,7,1,2,0,1,2,1,3,1,2,2,2,2,1,,,,,,1,,0,00,2,2,2,1
Private Static Method,"org.apache.pdfbox.examples.lucene.LucenePDFDocument.addUnindexedField(Document,String,String)",examples/src/main/java/org/apache/pdfbox/examples/lucene/LucenePDFDocument.java,,,,,,,,,,,,,,,,,,,,,,,,,7,7,0,7,1,2,0,1,2,1,3,1,2,2,2,2,1,,,,,,1,,0,00,2,2,2,1
Private Method,"org.apache.pdfbox.examples.lucene.LucenePDFDocument.addUnstoredKeywordField(Document,String,String)",examples/src/main/java/org/apache/pdfbox/examples/lucene/LucenePDFDocument.java,,,,,,,,,,,,,,,,,,,,,,,,,6,7,0,7,1,2,0,1,2,1,3,1,2,2,2,2,1,,,,,,1,,0,00,2,2,2,1
Public Method,"org.apache.pdfbox.examples.lucene.LucenePDFDocument.convertDocument(File)",examples/src/main/java/org/apache/pdfbox/examples/lucene/LucenePDFDocument.java,,,,,,,,,,,,,,,,,,,,,,,,,3,38,7,14,3,9,17,11,1,8,10,3,9,1,1,1,1,,,,,,1,,1,21,1,1,1,1
Public Method,"org.apache.pdfbox.examples.lucene.LucenePDFDocument.convertDocument(InputStream)",examples/src/main/java/org/apache/pdfbox/examples/lucene/LucenePDFDocument.java,,,,,,,,,,,,,,,,,,,,,,,,,2,14,1,6,2,3,7,2,1,3,4,2,3,1,1,1,1,,,,,,0,,1,17,1,1,1,1
Public Method,"org.apache.pdfbox.examples.lucene.LucenePDFDocument.convertDocument(URL)",examples/src/main/java/org/apache/pdfbox/examples/lucene/LucenePDFDocument.java,,,,,,,,,,,,,,,,,,,,,,,,,2,36,5,15,4,10,16,12,1,9,11,4,10,1,1,1,1,,,,,,1,,1,07,1,1,1,1
Public Static Method,"org.apache.pdfbox.examples.lucene.LucenePDFDocument.createUID(File)",examples/src/main/java/org/apache/pdfbox/examples/lucene/LucenePDFDocument.java,,,,,,,,,,,,,,,,,,,,,,,,,4,11,0,4,1,1,7,5,1,1,2,1,1,1,1,1,1,,,,,,0,,1,75,1,1,1,1
Public Static Method,"org.apache.pdfbox.examples.lucene.LucenePDFDocument.createUID(URL,long)",examples/src/main/java/org/apache/pdfbox/examples/lucene/LucenePDFDocument.java,,,,,,,,,,,,,,,,,,,,,,,,,4,12,0,4,1,1,8,4,1,1,2,1,1,1,1,1,1,,,,,,0,,2,00,1,1,1,1
Public Static Method,"org.apache.pdfbox.examples.lucene.LucenePDFDocument.getDocument(File)",examples/src/main/java/org/apache/pdfbox/examples/lucene/LucenePDFDocument.java,,,,,,,,,,,,,,,,,,,,,,,,,2,14,0,5,2,2,9,3,1,2,3,2,2,1,1,1,1,,,,,,0,,1,80,1,1,1,1
Public Static Method,"org.apache.pdfbox.examples.lucene.LucenePDFDocument.getDocument(InputStream)",examples/src/main/java/org/apache/pdfbox/examples/lucene/LucenePDFDocument.java,,,,,,,,,,,,,,,,,,,,,,,,,1,14,0,5,2,2,9,3,1,2,3,2,2,1,1,1,1,,,,,,0,,1,80,1,1,1,1
Public Static Method,"org.apache.pdfbox.examples.lucene.LucenePDFDocument.getDocument(URL)",examples/src/main/java/org/apache/pdfbox/examples/lucene/LucenePDFDocument.java,,,,,,,,,,,,,,,,,,,,,,,,,1,14,0,5,2,2,9,3,1,2,3,2,2,1,1,1,1,,,,,,0,,1,80,1,1,1,1
Public Method,"org.apache.pdfbox.examples.lucene.LucenePDFDocument.setTextStripper(PDFTextStripper)",examples/src/main/java/org/apache/pdfbox/examples/lucene/LucenePDFDocument.java,,,,,,,,,,,,,,,,,,,,,,,,,1,9,0,4,1,1,5,1,1,1,2,1,1,1,1,1,1,,,,,,0,,1,25,1,1,1,1
Private Static Method,"org.apache.pdfbox.examples.lucene.LucenePDFDocument.timeToString(long)",examples/src/main/java/org/apache/pdfbox/examples/lucene/LucenePDFDocument.java,,,,,,,,,,,,,,,,,,,,,,,,,6,4,0,4,1,1,0,2,1,1,2,1,1,1,1,1,1,,,,,,0,,0,00,1,1,1,1
Package,"org.apache.pdfbox.examples.pdfa",examples/src/test/java/org/apache/pdfbox/examples/pdfa/CreatePDFATest.java,3,3,3,2,38,2,32,3,,,,1,0,0,1,,2,1,2,,1,0,1,0,,130,11,94,53,45,26,,,63,73,51,34,,,,,6,6,6,3,,2,,0,28,7,7,7,4
Class,"org.apache.pdfbox.examples.pdfa.CreatePDFATest",examples/src/test/java/org/apache/pdfbox/examples/pdfa/CreatePDFATest.java,3,3,3,2,38,2,32,3,1,26,0,,0,0,,,2,1,2,14,1,0,1,0,,86,7,69,28,45,11,,,38,48,26,34,,,,,6,6,6,3,1,2,0,0,16,7,7,7,4
Protected Method,"org.apache.pdfbox.examples.pdfa.CreatePDFATest.setUp()",examples/src/test/java/org/apache/pdfbox/examples/pdfa/CreatePDFATest.java,,,,,,,,,,,,,,,,,,,,,,,,,1,5,0,5,2,1,0,2,1,1,2,1,1,1,1,1,1,,,,,,0,,0,00,1,1,1,1
Method,"org.apache.pdfbox.examples.pdfa.CreatePDFATest.testCreatePDFA()",examples/src/test/java/org/apache/pdfbox/examples/pdfa/CreatePDFATest.java,,,,,,,,,,,,,,,,,,,,,,,,,3,71,5,60,24,43,7,38,18,36,44,23,33,6,6,6,3,,,,,,2,,0,12,6,6,6,3
Package,"org.apache.pdfbox.examples.pdmodel",examples/src/main/java/org/apache/pdfbox/examples/pdmodel/AddAnnotations.java,2,2,2,1,27,2,20,5,,,,43,77,28,43,,81,1,158,,20,85,0,53,,6388,623,4118,1511,2154,1709,,,2442,2948,1479,1928,,,,,14,14,14,8,,6,,0,42,349,347,357,180
Public Final Class,"org.apache.pdfbox.examples.pdmodel.AddAnnotations",examples/src/main/java/org/apache/pdfbox/examples/pdmodel/AddAnnotations.java,2,2,2,1,96,11,72,24,1,39,0,,2,1,,,1,0,3,15,0,2,0,1,,300,37,221,46,196,77,,,179,189,43,180,,,,,4,4,4,1,1,2,0,0,35,7,7,7,4
Private Constructor,"org.apache.pdfbox.examples.pdmodel.AddAnnotations.AddAnnotations()",examples/src/main/java/org/apache/pdfbox/examples/pdmodel/AddAnnotations.java,,,,,,,,,,,,,,,,,,,,,,,,,0,3,0,3,1,0,0,1,1,0,1,1,0,1,1,1,1,,,,,,0,,0,00,1,1,1,1
Public Static Method,"org.apache.pdfbox.examples.pdmodel.AddAnnotations.main(String[])",examples/src/main/java/org/apache/pdfbox/examples/pdmodel/AddAnnotations.java,,,,,,,,,,,,,,,,,,,,,,,,,13,268,33,196,36,183,74,75,8,168,174,34,170,4,4,4,1,,,,,,2,,0,38,5,5,5,2
Lambda Method,"org.apache.pdfbox.examples.pdmodel.AddAnnotations.main.(lambda_expr_1)(PDAnnotation (inferred))",examples/src/main/java/org/apache/pdfbox/examples/pdmodel/AddAnnotations.java,,,,,,,,,,,,,,,,,,,,,,,,,1,1,0,1,0,1,0,2,1,0,0,0,0,1,1,1,1,,,,,,0,,0,00,1,1,1,1
Private Static Method,"org.apache.pdfbox.examples.pdmodel.AddAnnotations.showPageNo(PDDocument,PDPage,String)",examples/src/main/java/org/apache/pdfbox/examples/pdmodel/AddAnnotations.java,,,,,,,,,,,,,,,,,,,,,,,,,7,19,1,18,7,12,0,11,1,10,12,6,10,1,1,1,1,,,,,,1,,0,00,1,1,1,1
Public Class,"org.apache.pdfbox.examples.pdmodel.AddImageToPDF",examples/src/main/java/org/apache/pdfbox/examples/pdmodel/AddImageToPDF.java,1,1,1,1,19,0,10,8,1,13,0,,1,0,,,2,0,3,15,0,1,0,2,,71,4,34,9,13,33,,,9,16,8,11,,,,,2,2,2,1,1,2,0,0,97,4,4,4,3
Public Method,"org.apache.pdfbox.examples.pdmodel.AddImageToPDF.createPDFFromImage(String,String,String)",examples/src/main/java/org/apache/pdfbox/examples/pdmodel/AddImageToPDF.java,,,,,,,,,,,,,,,,,,,,,,,,,5,33,2,15,5,7,16,9,1,5,8,4,6,1,1,1,1,,,,,,2,,1,07,1,1,1,1
Public Static Method,"org.apache.pdfbox.examples.pdmodel.AddImageToPDF.main(String[])",examples/src/main/java/org/apache/pdfbox/examples/pdmodel/AddImageToPDF.java,,,,,,,,,,,,,,,,,,,,,,,,,2,19,0,12,2,5,7,2,2,3,5,2,4,2,2,2,1,,,,,,1,,0,58,2,2,2,1
Private Method,"org.apache.pdfbox.examples.pdmodel.AddImageToPDF.usage()",examples/src/main/java/org/apache/pdfbox/examples/pdmodel/AddImageToPDF.java,,,,,,,,,,,,,,,,,,,,,,,,,2,7,0,4,1,1,3,3,1,1,2,1,1,1,1,1,1,,,,,,0,,0,75,1,1,1,1
Public Final Class,"org.apache.pdfbox.examples.pdmodel.AddJavascript",examples/src/main/java/org/apache/pdfbox/examples/pdmodel/AddJavascript.java,1,1,1,1,13,0,9,3,1,10,0,,2,0,,,1,0,3,15,0,2,0,1,,49,2,31,6,11,16,,,6,13,5,9,,,,,3,3,3,1,1,3,0,0,52,5,5,5,3
Private Constructor,"org.apache.pdfbox.examples.pdmodel.AddJavascript.AddJavascript()",examples/src/main/java/org/apache/pdfbox/examples/pdmodel/AddJavascript.java,,,,,,,,,,,,,,,,,,,,,,,,,0,4,0,3,1,0,1,1,1,0,1,1,0,1,1,1,1,,,,,,0,,0,33,1,1,1,1
Public Static Method,"org.apache.pdfbox.examples.pdmodel.AddJavascript.main(String[])",examples/src/main/java/org/apache/pdfbox/examples/pdmodel/AddJavascript.java,,,,,,,,,,,,,,,,,,,,,,,,,2,28,0,21,3,10,7,9,3,5,9,2,8,3,3,3,1,,,,,,3,,0,33,3,3,3,1
Private Static Method,"org.apache.pdfbox.examples.pdmodel.AddJavascript.usage()",examples/src/main/java/org/apache/pdfbox/examples/pdmodel/AddJavascript.java,,,,,,,,,,,,,,,,,,,,,,,,,2,7,0,4,1,1,3,2,1,1,2,1,1,1,1,1,1,,,,,,0,,0,75,1,1,1,1
Public Class,"org.apache.pdfbox.examples.pdmodel.AddMessageToEachPage",examples/src/main/java/org/apache/pdfbox/examples/pdmodel/AddMessageToEachPage.java,2,2,3,1,21,0,14,6,1,19,0,,1,0,,,3,0,4,16,0,1,0,3,,98,6,59,16,30,33,,,23,34,17,24,,,,,7,7,8,1,1,4,0,0,56,11,11,12,4
Public Constructor,"org.apache.pdfbox.examples.pdmodel.AddMessageToEachPage.AddMessageToEachPage()",examples/src/main/java/org/apache/pdfbox/examples/pdmodel/AddMessageToEachPage.java,,,,,,,,,,,,,,,,,,,,,,,,,1,7,0,4,1,1,3,2,1,1,2,1,1,1,1,1,1,,,,,,0,,0,75,1,1,1,1
Public Method,"org.apache.pdfbox.examples.pdmodel.AddMessageToEachPage.doIt(String,String,String)",examples/src/main/java/org/apache/pdfbox/examples/pdmodel/AddMessageToEachPage.java,,,,,,,,,,,,,,,,,,,,,,,,,8,53,3,36,11,23,14,19,3,18,24,12,18,7,7,8,1,,,,,,4,,0,39,7,7,8,1
Public Static Method,"org.apache.pdfbox.examples.pdmodel.AddMessageToEachPage.main(String[])",examples/src/main/java/org/apache/pdfbox/examples/pdmodel/AddMessageToEachPage.java,,,,,,,,,,,,,,,,,,,,,,,,,2,19,0,12,2,5,7,3,2,3,5,2,4,2,2,2,1,,,,,,1,,0,58,2,2,2,1
Private Method,"org.apache.pdfbox.examples.pdmodel.AddMessageToEachPage.usage()",examples/src/main/java/org/apache/pdfbox/examples/pdmodel/AddMessageToEachPage.java,,,,,,,,,,,,,,,,,,,,,,,,,2,7,0,4,1,1,3,3,1,1,2,1,1,1,1,1,1,,,,,,0,,0,75,1,1,1,1
Public Final Class,"org.apache.pdfbox.examples.pdmodel.AddMetadataFromDocInfo",examples/src/main/java/org/apache/pdfbox/examples/pdmodel/AddMetadataFromDocInfo.java,1,1,1,1,22,2,15,4,1,19,0,,2,0,,,1,0,3,15,0,2,0,1,,77,9,50,13,30,18,,,26,33,13,29,,,,,3,3,3,1,1,3,0,0,36,5,5,5,3
Private Constructor,"org.apache.pdfbox.examples.pdmodel.AddMetadataFromDocInfo.AddMetadataFromDocInfo()",examples/src/main/java/org/apache/pdfbox/examples/pdmodel/AddMetadataFromDocInfo.java,,,,,,,,,,,,,,,,,,,,,,,,,0,4,0,3,1,0,1,1,1,0,1,1,0,1,1,1,1,,,,,,0,,0,33,1,1,1,1
Public Static Method,"org.apache.pdfbox.examples.pdmodel.AddMetadataFromDocInfo.main(String[])",examples/src/main/java/org/apache/pdfbox/examples/pdmodel/AddMetadataFromDocInfo.java,,,,,,,,,,,,,,,,,,,,,,,,,3,55,7,40,10,29,8,37,3,25,29,10,28,3,3,3,1,,,,,,3,,0,20,3,3,3,1
Private Static Method,"org.apache.pdfbox.examples.pdmodel.AddMetadataFromDocInfo.usage()",examples/src/main/java/org/apache/pdfbox/examples/pdmodel/AddMetadataFromDocInfo.java,,,,,,,,,,,,,,,,,,,,,,,,,2,7,0,4,1,1,3,2,1,1,2,1,1,1,1,1,1,,,,,,0,,0,75,1,1,1,1
Public Class,"org.apache.pdfbox.examples.pdmodel.BengaliPdfGenerationHelloWorld",examples/src/main/java/org/apache/pdfbox/examples/pdmodel/BengaliPdfGenerationHelloWorld.java,2,2,2,1,24,3,21,0,1,20,0,,5,5,,,1,0,6,18,0,5,0,1,,172,25,136,36,81,11,,,56,81,35,61,,,,,4,4,4,3,1,4,0,0,08,17,17,17,8
Private Constructor,"org.apache.pdfbox.examples.pdmodel.BengaliPdfGenerationHelloWorld.BengaliPdfGenerationHelloWorld()",examples/src/main/java/org/apache/pdfbox/examples/pdmodel/BengaliPdfGenerationHelloWorld.java,,,,,,,,,,,,,,,,,,,,,,,,,0,3,0,3,1,0,0,1,1,0,1,1,0,1,1,1,1,,,,,,0,,0,00,1,1,1,1
Private Static Method,"org.apache.pdfbox.examples.pdmodel.BengaliPdfGenerationHelloWorld.getBengaliTextFromFile()",examples/src/main/java/org/apache/pdfbox/examples/pdmodel/BengaliPdfGenerationHelloWorld.java,,,,,,,,,,,,,,,,,,,,,,,,,3,25,4,21,3,10,0,8,5,5,10,3,9,4,4,4,3,,,,,,3,,0,00,4,4,4,3
Private Static Method,"org.apache.pdfbox.examples.pdmodel.BengaliPdfGenerationHelloWorld.getPageSize()",examples/src/main/java/org/apache/pdfbox/examples/pdmodel/BengaliPdfGenerationHelloWorld.java,,,,,,,,,,,,,,,,,,,,,,,,,2,4,0,4,1,1,0,1,1,1,2,1,1,1,1,1,1,,,,,,0,,0,00,1,1,1,1
Private Static Method,"org.apache.pdfbox.examples.pdmodel.BengaliPdfGenerationHelloWorld.getReAlignedTextBasedOnPageHeight(List<String>,PDFont,float)",examples/src/main/java/org/apache/pdfbox/examples/pdmodel/BengaliPdfGenerationHelloWorld.java,,,,,,,,,,,,,,,,,,,,,,,,,6,26,1,25,7,15,0,6,3,11,15,6,12,3,3,3,1,,,,,,2,,0,00,3,3,3,1
Private Static Method,"org.apache.pdfbox.examples.pdmodel.BengaliPdfGenerationHelloWorld.getReAlignedTextBasedOnPageWidth(List<String>,PDFont,float)",examples/src/main/java/org/apache/pdfbox/examples/pdmodel/BengaliPdfGenerationHelloWorld.java,,,,,,,,,,,,,,,,,,,,,,,,,5,37,3,32,8,20,2,10,4,16,21,8,17,4,4,4,1,,,,,,3,,0,06,4,4,4,1
Public Static Method,"org.apache.pdfbox.examples.pdmodel.BengaliPdfGenerationHelloWorld.main(String[])",examples/src/main/java/org/apache/pdfbox/examples/pdmodel/BengaliPdfGenerationHelloWorld.java,,,,,,,,,,,,,,,,,,,,,,,,,8,53,10,43,10,30,0,23,6,18,26,10,22,4,4,4,1,,,,,,4,,0,00,4,4,4,1
Public Final Class,"org.apache.pdfbox.examples.pdmodel.CreateBlankPDF",examples/src/main/java/org/apache/pdfbox/examples/pdmodel/CreateBlankPDF.java,1,1,1,1,10,1,9,0,1,7,0,,1,0,,,1,0,2,14,0,1,0,1,,28,3,21,5,8,4,,,6,11,5,7,,,,,2,2,2,1,1,1,0,0,19,3,3,3,2
Private Constructor,"org.apache.pdfbox.examples.pdmodel.CreateBlankPDF.CreateBlankPDF()",examples/src/main/java/org/apache/pdfbox/examples/pdmodel/CreateBlankPDF.java,,,,,,,,,,,,,,,,,,,,,,,,,0,3,0,3,1,0,0,1,1,0,1,1,0,1,1,1,1,,,,,,0,,0,00,1,1,1,1
Public Static Method,"org.apache.pdfbox.examples.pdmodel.CreateBlankPDF.main(String[])",examples/src/main/java/org/apache/pdfbox/examples/pdmodel/CreateBlankPDF.java,,,,,,,,,,,,,,,,,,,,,,,,,3,18,2,15,3,8,1,7,2,6,9,3,7,2,2,2,1,,,,,,1,,0,07,2,2,2,1
Public Final Class,"org.apache.pdfbox.examples.pdmodel.CreateBookmarks",examples/src/main/java/org/apache/pdfbox/examples/pdmodel/CreateBookmarks.java,2,2,2,1,20,1,15,4,1,16,0,,2,0,,,1,0,3,15,0,2,0,1,,73,5,48,9,26,20,,,21,30,10,24,,,,,4,4,4,1,1,3,0,0,42,6,6,6,3
Private Constructor,"org.apache.pdfbox.examples.pdmodel.CreateBookmarks.CreateBookmarks()",examples/src/main/java/org/apache/pdfbox/examples/pdmodel/CreateBookmarks.java,,,,,,,,,,,,,,,,,,,,,,,,,0,4,0,3,1,0,1,1,1,0,1,1,0,1,1,1,1,,,,,,0,,0,33,1,1,1,1
Public Static Method,"org.apache.pdfbox.examples.pdmodel.CreateBookmarks.main(String[])",examples/src/main/java/org/apache/pdfbox/examples/pdmodel/CreateBookmarks.java,,,,,,,,,,,,,,,,,,,,,,,,,4,51,3,38,6,25,10,20,5,20,26,7,23,4,4,4,1,,,,,,3,,0,26,4,4,4,1
Private Static Method,"org.apache.pdfbox.examples.pdmodel.CreateBookmarks.usage()",examples/src/main/java/org/apache/pdfbox/examples/pdmodel/CreateBookmarks.java,,,,,,,,,,,,,,,,,,,,,,,,,2,7,0,4,1,1,3,2,1,1,2,1,1,1,1,1,1,,,,,,0,,0,75,1,1,1,1
Public Class,"org.apache.pdfbox.examples.pdmodel.CreateGradientShadingPDF",examples/src/main/java/org/apache/pdfbox/examples/pdmodel/CreateGradientShadingPDF.java,1,1,1,1,56,3,37,16,1,27,0,,2,0,,,1,0,3,15,0,1,0,2,,181,13,114,17,92,56,,,86,94,17,90,,,,,2,2,2,1,1,2,0,0,49,4,4,4,3
Public Method,"org.apache.pdfbox.examples.pdmodel.CreateGradientShadingPDF.create(String)",examples/src/main/java/org/apache/pdfbox/examples/pdmodel/CreateGradientShadingPDF.java,,,,,,,,,,,,,,,,,,,,,,,,,15,143,10,95,13,86,40,32,1,82,86,13,85,1,1,1,1,,,,,,2,,0,42,1,1,1,1
Public Static Method,"org.apache.pdfbox.examples.pdmodel.CreateGradientShadingPDF.main(String[])",examples/src/main/java/org/apache/pdfbox/examples/pdmodel/CreateGradientShadingPDF.java,,,,,,,,,,,,,,,,,,,,,,,,,2,19,0,12,2,5,7,2,2,3,5,2,4,2,2,2,1,,,,,,1,,0,58,2,2,2,1
Private Static Method,"org.apache.pdfbox.examples.pdmodel.CreateGradientShadingPDF.usage()",examples/src/main/java/org/apache/pdfbox/examples/pdmodel/CreateGradientShadingPDF.java,,,,,,,,,,,,,,,,,,,,,,,,,2,7,0,4,1,1,3,2,1,1,2,1,1,1,1,1,1,,,,,,0,,0,75,1,1,1,1
Public Class,"org.apache.pdfbox.examples.pdmodel.CreateLandscapePDF",examples/src/main/java/org/apache/pdfbox/examples/pdmodel/CreateLandscapePDF.java,1,1,1,1,22,1,15,5,1,15,0,,1,0,,,3,0,4,16,0,1,0,3,,98,9,65,14,42,24,,,38,46,14,38,,,,,2,2,2,1,1,2,0,0,37,5,5,5,4
Public Constructor,"org.apache.pdfbox.examples.pdmodel.CreateLandscapePDF.CreateLandscapePDF()",examples/src/main/java/org/apache/pdfbox/examples/pdmodel/CreateLandscapePDF.java,,,,,,,,,,,,,,,,,,,,,,,,,1,7,0,4,1,1,3,2,1,1,2,1,1,1,1,1,1,,,,,,0,,0,75,1,1,1,1
Public Method,"org.apache.pdfbox.examples.pdmodel.CreateLandscapePDF.doIt(String,String)",examples/src/main/java/org/apache/pdfbox/examples/pdmodel/CreateLandscapePDF.java,,,,,,,,,,,,,,,,,,,,,,,,,6,58,6,42,9,35,10,20,1,33,36,9,32,1,1,1,1,,,,,,2,,0,24,1,1,1,1
Public Static Method,"org.apache.pdfbox.examples.pdmodel.CreateLandscapePDF.main(String[])",examples/src/main/java/org/apache/pdfbox/examples/pdmodel/CreateLandscapePDF.java,,,,,,,,,,,,,,,,,,,,,,,,,2,17,0,12,2,5,5,3,2,3,5,2,4,2,2,2,1,,,,,,1,,0,42,2,2,2,1
Private Method,"org.apache.pdfbox.examples.pdmodel.CreateLandscapePDF.usage()",examples/src/main/java/org/apache/pdfbox/examples/pdmodel/CreateLandscapePDF.java,,,,,,,,,,,,,,,,,,,,,,,,,2,7,0,4,1,1,3,3,1,1,2,1,1,1,1,1,1,,,,,,0,,0,75,1,1,1,1
Public Final Class,"org.apache.pdfbox.examples.pdmodel.CreatePDFA",examples/src/main/java/org/apache/pdfbox/examples/pdmodel/CreatePDFA.java,2,2,2,1,44,6,31,7,1,27,0,,1,0,,,1,0,2,14,0,1,0,1,,95,13,65,17,44,18,,,35,43,16,37,,,,,4,4,4,1,1,2,0,0,28,5,5,5,2
Private Constructor,"org.apache.pdfbox.examples.pdmodel.CreatePDFA.CreatePDFA()",examples/src/main/java/org/apache/pdfbox/examples/pdmodel/CreatePDFA.java,,,,,,,,,,,,,,,,,,,,,,,,,0,3,0,3,1,0,0,1,1,0,1,1,0,1,1,1,1,,,,,,0,,0,00,1,1,1,1
Public Static Method,"org.apache.pdfbox.examples.pdmodel.CreatePDFA.main(String[])",examples/src/main/java/org/apache/pdfbox/examples/pdmodel/CreatePDFA.java,,,,,,,,,,,,,,,,,,,,,,,,,6,85,12,59,15,44,15,39,8,35,41,14,37,4,4,4,1,,,,,,2,,0,25,4,4,4,1
Public Class,"org.apache.pdfbox.examples.pdmodel.CreatePageLabels",examples/src/main/java/org/apache/pdfbox/examples/pdmodel/CreatePageLabels.java,1,1,1,1,13,0,12,1,1,7,0,,1,0,,,1,0,2,14,0,1,0,1,,36,1,27,6,16,8,,,15,19,6,16,,,,,1,1,1,1,1,1,0,0,30,2,2,2,2
Private Constructor,"org.apache.pdfbox.examples.pdmodel.CreatePageLabels.CreatePageLabels()",examples/src/main/java/org/apache/pdfbox/examples/pdmodel/CreatePageLabels.java,,,,,,,,,,,,,,,,,,,,,,,,,0,6,0,3,1,0,3,1,1,0,1,1,0,1,1,1,1,,,,,,0,,1,00,1,1,1,1
Public Static Method,"org.apache.pdfbox.examples.pdmodel.CreatePageLabels.main(String[])",examples/src/main/java/org/apache/pdfbox/examples/pdmodel/CreatePageLabels.java,,,,,,,,,,,,,,,,,,,,,,,,,2,21,0,21,4,16,0,12,1,15,17,4,16,1,1,1,1,,,,,,1,,0,00,1,1,1,1
Public Final Class,"org.apache.pdfbox.examples.pdmodel.CreatePatternsPDF",examples/src/main/java/org/apache/pdfbox/examples/pdmodel/CreatePatternsPDF.java,1,1,1,1,44,5,34,4,1,16,0,,1,0,,,1,0,2,14,0,1,0,1,,97,11,72,15,55,14,,,45,52,13,49,,,,,1,1,1,1,1,3,0,0,19,2,2,2,2
Private Constructor,"org.apache.pdfbox.examples.pdmodel.CreatePatternsPDF.CreatePatternsPDF()",examples/src/main/java/org/apache/pdfbox/examples/pdmodel/CreatePatternsPDF.java,,,,,,,,,,,,,,,,,,,,,,,,,0,3,0,3,1,0,0,1,1,0,1,1,0,1,1,1,1,,,,,,0,,0,00,1,1,1,1
Public Static Method,"org.apache.pdfbox.examples.pdmodel.CreatePatternsPDF.main(String[])",examples/src/main/java/org/apache/pdfbox/examples/pdmodel/CreatePatternsPDF.java,,,,,,,,,,,,,,,,,,,,,,,,,6,85,10,66,13,55,9,27,1,45,50,11,49,1,1,1,1,,,,,,3,,0,14,1,1,1,1
Public Class,"org.apache.pdfbox.examples.pdmodel.CreatePortableCollection",examples/src/main/java/org/apache/pdfbox/examples/pdmodel/CreatePortableCollection.java,1,1,1,1,43,4,28,12,1,27,0,,1,0,,,3,0,4,16,0,2,0,2,,189,22,117,26,94,58,,,90,98,26,93,,,,,2,2,2,1,1,2,0,0,50,5,5,5,4
Private Constructor,"org.apache.pdfbox.examples.pdmodel.CreatePortableCollection.CreatePortableCollection()",examples/src/main/java/org/apache/pdfbox/examples/pdmodel/CreatePortableCollection.java,,,,,,,,,,,,,,,,,,,,,,,,,1,6,0,3,1,0,3,1,1,0,1,1,0,1,1,1,1,,,,,,0,,1,00,1,1,1,1
Public Method,"org.apache.pdfbox.examples.pdmodel.CreatePortableCollection.doIt(String)",examples/src/main/java/org/apache/pdfbox/examples/pdmodel/CreatePortableCollection.java,,,,,,,,,,,,,,,,,,,,,,,,,23,142,18,95,21,88,37,51,1,86,89,21,88,1,1,1,1,,,,,,2,,0,39,1,1,1,1
Public Static Method,"org.apache.pdfbox.examples.pdmodel.CreatePortableCollection.main(String[])",examples/src/main/java/org/apache/pdfbox/examples/pdmodel/CreatePortableCollection.java,,,,,,,,,,,,,,,,,,,,,,,,,2,19,0,12,2,5,7,3,2,3,5,2,4,2,2,2,1,,,,,,1,,0,58,2,2,2,1
Private Method,"org.apache.pdfbox.examples.pdmodel.CreatePortableCollection.usage()",examples/src/main/java/org/apache/pdfbox/examples/pdmodel/CreatePortableCollection.java,,,,,,,,,,,,,,,,,,,,,,,,,2,7,0,4,1,1,3,3,1,1,2,1,1,1,1,1,1,,,,,,0,,0,75,1,1,1,1
Public Class,"org.apache.pdfbox.examples.pdmodel.CreateSeparationColorBox",examples/src/main/java/org/apache/pdfbox/examples/pdmodel/CreateSeparationColorBox.java,1,1,1,1,28,2,26,2,1,14,0,,1,0,,,1,0,2,14,0,1,0,1,,68,5,55,13,42,11,,,40,45,13,42,,,,,1,1,1,1,1,2,0,0,20,2,2,2,2
Private Constructor,"org.apache.pdfbox.examples.pdmodel.CreateSeparationColorBox.CreateSeparationColorBox()",examples/src/main/java/org/apache/pdfbox/examples/pdmodel/CreateSeparationColorBox.java,,,,,,,,,,,,,,,,,,,,,,,,,0,3,0,3,1,0,0,1,1,0,1,1,0,1,1,1,1,,,,,,0,,0,00,1,1,1,1
Public Static Method,"org.apache.pdfbox.examples.pdmodel.CreateSeparationColorBox.main(String[])",examples/src/main/java/org/apache/pdfbox/examples/pdmodel/CreateSeparationColorBox.java,,,,,,,,,,,,,,,,,,,,,,,,,10,54,4,49,11,42,4,19,1,40,43,11,42,1,1,1,1,,,,,,2,,0,08,1,1,1,1
Public Class,"org.apache.pdfbox.examples.pdmodel.EmbeddedFiles",examples/src/main/java/org/apache/pdfbox/examples/pdmodel/EmbeddedFiles.java,1,1,1,1,24,2,14,7,1,25,0,,1,0,,,3,0,4,16,0,2,0,2,,109,12,62,16,39,35,,,35,43,16,38,,,,,2,2,2,1,1,2,0,0,56,5,5,5,4
Private Constructor,"org.apache.pdfbox.examples.pdmodel.EmbeddedFiles.EmbeddedFiles()",examples/src/main/java/org/apache/pdfbox/examples/pdmodel/EmbeddedFiles.java,,,,,,,,,,,,,,,,,,,,,,,,,1,6,0,3,1,0,3,1,1,0,1,1,0,1,1,1,1,,,,,,0,,1,00,1,1,1,1
Public Method,"org.apache.pdfbox.examples.pdmodel.EmbeddedFiles.doIt(String)",examples/src/main/java/org/apache/pdfbox/examples/pdmodel/EmbeddedFiles.java,,,,,,,,,,,,,,,,,,,,,,,,,6,66,9,40,11,33,17,35,1,31,34,11,33,1,1,1,1,,,,,,2,,0,42,1,1,1,1
Public Static Method,"org.apache.pdfbox.examples.pdmodel.EmbeddedFiles.main(String[])",examples/src/main/java/org/apache/pdfbox/examples/pdmodel/EmbeddedFiles.java,,,,,,,,,,,,,,,,,,,,,,,,,3,19,0,12,2,5,7,3,2,3,5,2,4,2,2,2,1,,,,,,1,,0,58,2,2,2,1
Private Method,"org.apache.pdfbox.examples.pdmodel.EmbeddedFiles.usage()",examples/src/main/java/org/apache/pdfbox/examples/pdmodel/EmbeddedFiles.java,,,,,,,,,,,,,,,,,,,,,,,,,2,7,0,4,1,1,3,3,1,1,2,1,1,1,1,1,1,,,,,,0,,0,75,1,1,1,1
Public Final Class,"org.apache.pdfbox.examples.pdmodel.EmbeddedFonts",examples/src/main/java/org/apache/pdfbox/examples/pdmodel/EmbeddedFonts.java,1,1,1,1,19,4,14,0,1,9,0,,1,0,,,1,0,2,14,0,1,0,1,,49,10,32,6,19,7,,,17,22,6,18,,,,,1,1,1,1,1,2,0,0,22,2,2,2,2
Private Constructor,"org.apache.pdfbox.examples.pdmodel.EmbeddedFonts.EmbeddedFonts()",examples/src/main/java/org/apache/pdfbox/examples/pdmodel/EmbeddedFonts.java,,,,,,,,,,,,,,,,,,,,,,,,,0,3,0,3,1,0,0,1,1,0,1,1,0,1,1,1,1,,,,,,0,,0,00,1,1,1,1
Public Static Method,"org.apache.pdfbox.examples.pdmodel.EmbeddedFonts.main(String[])",examples/src/main/java/org/apache/pdfbox/examples/pdmodel/EmbeddedFonts.java,,,,,,,,,,,,,,,,,,,,,,,,,1,35,8,26,4,19,1,14,1,17,20,4,18,1,1,1,1,,,,,,2,,0,04,1,1,1,1
Public Class,"org.apache.pdfbox.examples.pdmodel.EmbeddedMultipleFonts",examples/src/main/java/org/apache/pdfbox/examples/pdmodel/EmbeddedMultipleFonts.java,3,3,3,2,28,1,24,4,1,19,0,,3,0,,,1,0,4,16,2,1,0,1,,130,7,102,19,58,26,,,43,59,19,50,,,,,9,9,10,8,1,5,0,0,25,13,13,14,11
Private Constructor,"org.apache.pdfbox.examples.pdmodel.EmbeddedMultipleFonts.EmbeddedMultipleFonts()",examples/src/main/java/org/apache/pdfbox/examples/pdmodel/EmbeddedMultipleFonts.java,,,,,,,,,,,,,,,,,,,,,,,,,0,3,0,3,1,0,0,1,1,0,1,1,0,1,1,1,1,,,,,,0,,0,00,1,1,1,1
Static Method,"org.apache.pdfbox.examples.pdmodel.EmbeddedMultipleFonts.isWinAnsiEncoding(int)",examples/src/main/java/org/apache/pdfbox/examples/pdmodel/EmbeddedMultipleFonts.java,,,,,,,,,,,,,,,,,,,,,,,,,3,9,0,9,2,4,0,5,2,3,5,2,4,2,2,2,1,,,,,,1,,0,00,2,2,2,1
Public Static Method,"org.apache.pdfbox.examples.pdmodel.EmbeddedMultipleFonts.main(String[])",examples/src/main/java/org/apache/pdfbox/examples/pdmodel/EmbeddedMultipleFonts.java,,,,,,,,,,,,,,,,,,,,,,,,,2,32,3,29,8,22,5,17,1,18,21,8,20,1,1,1,1,,,,,,2,,0,17,1,1,1,1
Static Method,"org.apache.pdfbox.examples.pdmodel.EmbeddedMultipleFonts.showTextMultiple(PDPageContentStream,String,List<PDFont>,float)",examples/src/main/java/org/apache/pdfbox/examples/pdmodel/EmbeddedMultipleFonts.java,,,,,,,,,,,,,,,,,,,,,,,,,5,71,1,58,7,32,12,9,16,22,31,7,26,9,9,10,8,,,,,,5,,0,21,9,9,10,8
Public Class,"org.apache.pdfbox.examples.pdmodel.EmbeddedVerticalFonts",examples/src/main/java/org/apache/pdfbox/examples/pdmodel/EmbeddedVerticalFonts.java,1,1,1,1,33,4,23,5,1,10,0,,1,0,,,1,0,2,14,0,1,0,1,,75,10,50,10,39,15,,,38,42,10,39,,,,,1,1,1,1,1,1,0,0,30,2,2,2,2
Private Constructor,"org.apache.pdfbox.examples.pdmodel.EmbeddedVerticalFonts.EmbeddedVerticalFonts()",examples/src/main/java/org/apache/pdfbox/examples/pdmodel/EmbeddedVerticalFonts.java,,,,,,,,,,,,,,,,,,,,,,,,,0,3,0,3,1,0,0,1,1,0,1,1,0,1,1,1,1,,,,,,0,,0,00,1,1,1,1
Public Static Method,"org.apache.pdfbox.examples.pdmodel.EmbeddedVerticalFonts.main(String[])",examples/src/main/java/org/apache/pdfbox/examples/pdmodel/EmbeddedVerticalFonts.java,,,,,,,,,,,,,,,,,,,,,,,,,0,64,9,44,8,39,11,19,1,38,40,8,39,1,1,1,1,,,,,,1,,0,25,1,1,1,1
Public Final Class,"org.apache.pdfbox.examples.pdmodel.ExtractEmbeddedFiles",examples/src/main/java/org/apache/pdfbox/examples/pdmodel/ExtractEmbeddedFiles.java,3,3,3,1,17,0,15,1,1,22,0,,7,0,,,1,0,8,20,0,7,0,1,,155,9,129,28,57,17,,,36,69,29,52,,,,,6,6,6,3,1,4,0,0,13,26,26,26,10
Private Constructor,"org.apache.pdfbox.examples.pdmodel.ExtractEmbeddedFiles.ExtractEmbeddedFiles()",examples/src/main/java/org/apache/pdfbox/examples/pdmodel/ExtractEmbeddedFiles.java,,,,,,,,,,,,,,,,,,,,,,,,,0,3,0,3,1,0,0,1,1,0,1,1,0,1,1,1,1,,,,,,0,,0,00,1,1,1,1
Private Static Method,"org.apache.pdfbox.examples.pdmodel.ExtractEmbeddedFiles.extractFile(String,String,PDEmbeddedFile)",examples/src/main/java/org/apache/pdfbox/examples/pdmodel/ExtractEmbeddedFiles.java,,,,,,,,,,,,,,,,,,,,,,,,,6,18,0,17,5,9,1,8,2,7,10,4,8,2,2,2,1,,,,,,1,,0,06,2,2,2,1
Private Static Method,"org.apache.pdfbox.examples.pdmodel.ExtractEmbeddedFiles.extractFiles(Map<String,PDComplexFileSpecification>,String)",examples/src/main/java/org/apache/pdfbox/examples/pdmodel/ExtractEmbeddedFiles.java,,,,,,,,,,,,,,,,,,,,,,,,,3,13,0,13,4,5,0,5,3,3,7,4,5,3,3,3,1,,,,,,2,,0,00,3,3,3,1
Private Static Method,"org.apache.pdfbox.examples.pdmodel.ExtractEmbeddedFiles.extractFilesFromEFTree(PDNameTreeNode<PDComplexFileSpecification>,String)",examples/src/main/java/org/apache/pdfbox/examples/pdmodel/ExtractEmbeddedFiles.java,,,,,,,,,,,,,,,,,,,,,,,,,3,20,0,20,3,9,0,3,4,5,10,4,8,4,4,4,3,,,,,,2,,0,00,4,4,4,3
Private Static Method,"org.apache.pdfbox.examples.pdmodel.ExtractEmbeddedFiles.extractFilesFromPage(PDPage,String)",examples/src/main/java/org/apache/pdfbox/examples/pdmodel/ExtractEmbeddedFiles.java,,,,,,,,,,,,,,,,,,,,,,,,,3,20,0,20,5,9,0,5,5,5,11,6,7,5,5,5,1,,,,,,4,,0,00,5,5,5,1
Private Static Method,"org.apache.pdfbox.examples.pdmodel.ExtractEmbeddedFiles.getEmbeddedFile(PDComplexFileSpecification)",examples/src/main/java/org/apache/pdfbox/examples/pdmodel/ExtractEmbeddedFiles.java,,,,,,,,,,,,,,,,,,,,,,,,,3,26,0,25,2,12,1,6,17,7,13,2,11,6,6,6,1,,,,,,2,,0,04,6,6,6,1
Public Static Method,"org.apache.pdfbox.examples.pdmodel.ExtractEmbeddedFiles.main(String[])",examples/src/main/java/org/apache/pdfbox/examples/pdmodel/ExtractEmbeddedFiles.java,,,,,,,,,,,,,,,,,,,,,,,,,3,34,2,24,6,12,8,12,8,8,14,6,12,4,4,4,1,,,,,,2,,0,33,4,4,4,1
Private Static Method,"org.apache.pdfbox.examples.pdmodel.ExtractEmbeddedFiles.usage()",examples/src/main/java/org/apache/pdfbox/examples/pdmodel/ExtractEmbeddedFiles.java,,,,,,,,,,,,,,,,,,,,,,,,,2,7,0,4,1,1,3,2,1,1,2,1,1,1,1,1,1,,,,,,0,,0,75,1,1,1,1
Public Final Class,"org.apache.pdfbox.examples.pdmodel.ExtractMetadata",examples/src/main/java/org/apache/pdfbox/examples/pdmodel/ExtractMetadata.java,2,2,2,1,13,0,11,1,1,23,0,,10,0,,,1,0,11,23,0,10,0,1,,163,11,133,21,61,19,,,42,70,23,55,,,,,5,5,5,1,1,4,0,0,14,24,24,24,11
Private Constructor,"org.apache.pdfbox.examples.pdmodel.ExtractMetadata.ExtractMetadata()",examples/src/main/java/org/apache/pdfbox/examples/pdmodel/ExtractMetadata.java,,,,,,,,,,,,,,,,,,,,,,,,,0,4,0,3,1,0,1,1,1,0,1,1,0,1,1,1,1,,,,,,0,,0,33,1,1,1,1
Private Static Method,"org.apache.pdfbox.examples.pdmodel.ExtractMetadata.display(String,Object)",examples/src/main/java/org/apache/pdfbox/examples/pdmodel/ExtractMetadata.java,,,,,,,,,,,,,,,,,,,,,,,,,7,7,0,7,1,2,0,2,2,1,3,1,2,2,2,2,1,,,,,,1,,0,00,2,2,2,1
Private Static Method,"org.apache.pdfbox.examples.pdmodel.ExtractMetadata.format(Object)",examples/src/main/java/org/apache/pdfbox/examples/pdmodel/ExtractMetadata.java,,,,,,,,,,,,,,,,,,,,,,,,,3,12,0,12,2,5,0,5,2,3,5,2,3,2,2,2,1,,,,,,1,,0,00,2,2,2,1
Private Static Method,"org.apache.pdfbox.examples.pdmodel.ExtractMetadata.listCalendar(String,List<Calendar>)",examples/src/main/java/org/apache/pdfbox/examples/pdmodel/ExtractMetadata.java,,,,,,,,,,,,,,,,,,,,,,,,,4,12,0,12,1,5,0,2,3,3,7,2,5,3,3,3,1,,,,,,1,,0,00,3,3,3,1
Private Static Method,"org.apache.pdfbox.examples.pdmodel.ExtractMetadata.listString(String,List<String>)",examples/src/main/java/org/apache/pdfbox/examples/pdmodel/ExtractMetadata.java,,,,,,,,,,,,,,,,,,,,,,,,,4,12,0,12,1,5,0,1,3,3,7,2,5,3,3,3,1,,,,,,1,,0,00,3,3,3,1
Public Static Method,"org.apache.pdfbox.examples.pdmodel.ExtractMetadata.main(String[])",examples/src/main/java/org/apache/pdfbox/examples/pdmodel/ExtractMetadata.java,,,,,,,,,,,,,,,,,,,,,,,,,4,52,1,40,6,21,11,16,5,12,18,6,17,5,5,5,1,,,,,,4,,0,28,5,5,5,1
Private Static Method,"org.apache.pdfbox.examples.pdmodel.ExtractMetadata.showAdobePDFSchema(XMPMetadata)",examples/src/main/java/org/apache/pdfbox/examples/pdmodel/ExtractMetadata.java,,,,,,,,,,,,,,,,,,,,,,,,,2,10,0,10,2,5,0,5,2,4,6,2,5,2,2,2,1,,,,,,1,,0,00,2,2,2,1
Private Static Method,"org.apache.pdfbox.examples.pdmodel.ExtractMetadata.showDocumentInformation(PDDocumentInformation)",examples/src/main/java/org/apache/pdfbox/examples/pdmodel/ExtractMetadata.java,,,,,,,,,,,,,,,,,,,,,,,,,2,8,0,8,1,5,0,6,1,5,6,1,5,1,1,1,1,,,,,,0,,0,00,1,1,1,1
Private Static Method,"org.apache.pdfbox.examples.pdmodel.ExtractMetadata.showDublinCoreSchema(XMPMetadata)",examples/src/main/java/org/apache/pdfbox/examples/pdmodel/ExtractMetadata.java,,,,,,,,,,,,,,,,,,,,,,,,,2,12,0,12,2,7,0,9,2,6,8,2,7,2,2,2,1,,,,,,1,,0,00,2,2,2,1
Private Static Method,"org.apache.pdfbox.examples.pdmodel.ExtractMetadata.showXMPBasicSchema(XMPMetadata)",examples/src/main/java/org/apache/pdfbox/examples/pdmodel/ExtractMetadata.java,,,,,,,,,,,,,,,,,,,,,,,,,2,10,0,10,2,5,0,5,2,4,6,2,5,2,2,2,1,,,,,,1,,0,00,2,2,2,1
Private Static Method,"org.apache.pdfbox.examples.pdmodel.ExtractMetadata.usage()",examples/src/main/java/org/apache/pdfbox/examples/pdmodel/ExtractMetadata.java,,,,,,,,,,,,,,,,,,,,,,,,,2,7,0,4,1,1,3,2,1,1,2,1,1,1,1,1,1,,,,,,0,,0,75,1,1,1,1
Public Final Class,"org.apache.pdfbox.examples.pdmodel.ExtractTTFFonts",examples/src/main/java/org/apache/pdfbox/examples/pdmodel/ExtractTTFFonts.java,4,4,4,1,25,0,23,1,1,25,0,,2,3,,,5,1,7,19,0,6,0,1,,197,12,169,30,87,16,,,55,89,32,64,,,,,12,10,14,1,1,4,85,0,09,30,28,33,7
Private Constructor,"org.apache.pdfbox.examples.pdmodel.ExtractTTFFonts.ExtractTTFFonts()",examples/src/main/java/org/apache/pdfbox/examples/pdmodel/ExtractTTFFonts.java,,,,,,,,,,,,,,,,,,,,,,,,,1,3,0,3,1,0,0,1,1,0,1,1,0,1,1,1,1,,,,,,0,,0,00,1,1,1,1
Private Method,"org.apache.pdfbox.examples.pdmodel.ExtractTTFFonts.extractFonts(String[])",examples/src/main/java/org/apache/pdfbox/examples/pdmodel/ExtractTTFFonts.java,,,,,,,,,,,,,,,,,,,,,,,,,6,66,0,65,7,37,1,8,41,23,35,8,28,12,10,14,1,,,,,,4,,0,02,12,10,14,1
Private Method,"org.apache.pdfbox.examples.pdmodel.ExtractTTFFonts.getUniqueFileName(String,String)",examples/src/main/java/org/apache/pdfbox/examples/pdmodel/ExtractTTFFonts.java,,,,,,,,,,,,,,,,,,,,,,,,,4,12,0,12,3,7,0,4,2,6,8,3,5,2,2,3,1,,,,,,1,,0,00,2,2,3,1
Public Static Method,"org.apache.pdfbox.examples.pdmodel.ExtractTTFFonts.main(String[])",examples/src/main/java/org/apache/pdfbox/examples/pdmodel/ExtractTTFFonts.java,,,,,,,,,,,,,,,,,,,,,,,,,1,12,0,5,2,2,7,2,1,2,3,2,2,1,1,1,1,,,,,,0,,1,40,1,1,1,1
Private Method,"org.apache.pdfbox.examples.pdmodel.ExtractTTFFonts.processResources(PDResources,String,boolean)",examples/src/main/java/org/apache/pdfbox/examples/pdmodel/ExtractTTFFonts.java,,,,,,,,,,,,,,,,,,,,,,,,,4,55,3,51,8,24,1,10,22,15,27,10,21,10,10,10,1,,,,,,4,,0,02,10,10,10,1
Private Static Method,"org.apache.pdfbox.examples.pdmodel.ExtractTTFFonts.usage()",examples/src/main/java/org/apache/pdfbox/examples/pdmodel/ExtractTTFFonts.java,,,,,,,,,,,,,,,,,,,,,,,,,2,12,0,9,1,6,3,3,1,2,3,1,2,1,1,1,1,,,,,,0,,0,33,1,1,1,1
Private Method,"org.apache.pdfbox.examples.pdmodel.ExtractTTFFonts.writeFont(PDFontDescriptor,String)",examples/src/main/java/org/apache/pdfbox/examples/pdmodel/ExtractTTFFonts.java,,,,,,,,,,,,,,,,,,,,,,,,,4,16,0,16,2,7,0,6,3,3,7,2,6,3,3,3,1,,,,,,3,,0,00,3,3,3,1
Public Final Class,"org.apache.pdfbox.examples.pdmodel.GoToSecondBookmarkOnOpen",examples/src/main/java/org/apache/pdfbox/examples/pdmodel/GoToSecondBookmarkOnOpen.java,2,2,2,1,18,0,13,3,1,14,0,,2,0,,,1,0,3,15,0,2,0,1,,64,4,44,8,20,16,,,13,22,8,18,,,,,5,5,5,1,1,3,0,0,36,7,7,7,3
Private Constructor,"org.apache.pdfbox.examples.pdmodel.GoToSecondBookmarkOnOpen.GoToSecondBookmarkOnOpen()",examples/src/main/java/org/apache/pdfbox/examples/pdmodel/GoToSecondBookmarkOnOpen.java,,,,,,,,,,,,,,,,,,,,,,,,,0,4,0,3,1,0,1,1,1,0,1,1,0,1,1,1,1,,,,,,0,,0,33,1,1,1,1
Public Static Method,"org.apache.pdfbox.examples.pdmodel.GoToSecondBookmarkOnOpen.main(String[])",examples/src/main/java/org/apache/pdfbox/examples/pdmodel/GoToSecondBookmarkOnOpen.java,,,,,,,,,,,,,,,,,,,,,,,,,3,42,2,33,5,18,7,17,9,12,18,5,17,5,5,5,1,,,,,,3,,0,21,5,5,5,1
Private Static Method,"org.apache.pdfbox.examples.pdmodel.GoToSecondBookmarkOnOpen.usage()",examples/src/main/java/org/apache/pdfbox/examples/pdmodel/GoToSecondBookmarkOnOpen.java,,,,,,,,,,,,,,,,,,,,,,,,,2,8,0,5,1,2,3,2,1,1,2,1,1,1,1,1,1,,,,,,0,,0,60,1,1,1,1
Public Final Class,"org.apache.pdfbox.examples.pdmodel.HelloWorld",examples/src/main/java/org/apache/pdfbox/examples/pdmodel/HelloWorld.java,1,1,1,1,16,2,14,0,1,12,0,,1,0,,,1,0,2,14,0,1,0,1,,42,6,31,7,16,5,,,13,19,7,14,,,,,2,2,2,1,1,2,0,0,16,3,3,3,2
Private Constructor,"org.apache.pdfbox.examples.pdmodel.HelloWorld.HelloWorld()",examples/src/main/java/org/apache/pdfbox/examples/pdmodel/HelloWorld.java,,,,,,,,,,,,,,,,,,,,,,,,,0,3,0,3,1,0,0,1,1,0,1,1,0,1,1,1,1,,,,,,0,,0,00,1,1,1,1
Public Static Method,"org.apache.pdfbox.examples.pdmodel.HelloWorld.main(String[])",examples/src/main/java/org/apache/pdfbox/examples/pdmodel/HelloWorld.java,,,,,,,,,,,,,,,,,,,,,,,,,5,30,5,25,5,16,0,14,2,13,17,5,14,2,2,2,1,,,,,,2,,0,00,2,2,2,1
Public Final Class,"org.apache.pdfbox.examples.pdmodel.HelloWorldTTF",examples/src/main/java/org/apache/pdfbox/examples/pdmodel/HelloWorldTTF.java,1,1,1,1,18,2,15,0,1,12,0,,1,0,,,1,0,2,14,0,1,0,1,,43,6,34,8,19,3,,,15,21,8,15,,,,,2,2,2,1,1,2,0,0,09,3,3,3,2
Private Constructor,"org.apache.pdfbox.examples.pdmodel.HelloWorldTTF.HelloWorldTTF()",examples/src/main/java/org/apache/pdfbox/examples/pdmodel/HelloWorldTTF.java,,,,,,,,,,,,,,,,,,,,,,,,,0,3,0,3,1,0,0,1,1,0,1,1,0,1,1,1,1,,,,,,0,,0,00,1,1,1,1
Public Static Method,"org.apache.pdfbox.examples.pdmodel.HelloWorldTTF.main(String[])",examples/src/main/java/org/apache/pdfbox/examples/pdmodel/HelloWorldTTF.java,,,,,,,,,,,,,,,,,,,,,,,,,5,33,5,28,6,19,0,15,2,15,19,6,15,2,2,2,1,,,,,,2,,0,00,2,2,2,1
Public Final Class,"org.apache.pdfbox.examples.pdmodel.HelloWorldType1",examples/src/main/java/org/apache/pdfbox/examples/pdmodel/HelloWorldType1.java,1,1,1,1,20,2,17,0,1,13,0,,1,0,,,1,0,2,14,0,1,0,1,,48,7,38,8,20,3,,,16,23,8,16,,,,,2,2,2,1,1,2,0,0,08,3,3,3,2
Private Constructor,"org.apache.pdfbox.examples.pdmodel.HelloWorldType1.HelloWorldType1()",examples/src/main/java/org/apache/pdfbox/examples/pdmodel/HelloWorldType1.java,,,,,,,,,,,,,,,,,,,,,,,,,0,3,0,3,1,0,0,1,1,0,1,1,0,1,1,1,1,,,,,,0,,0,00,1,1,1,1
Public Static Method,"org.apache.pdfbox.examples.pdmodel.HelloWorldType1.main(String[])",examples/src/main/java/org/apache/pdfbox/examples/pdmodel/HelloWorldType1.java,,,,,,,,,,,,,,,,,,,,,,,,,4,37,5,32,6,20,0,15,2,16,21,6,16,2,2,2,1,,,,,,2,,0,00,2,2,2,1
Public Final Class,"org.apache.pdfbox.examples.pdmodel.ImageToPDF",examples/src/main/java/org/apache/pdfbox/examples/pdmodel/ImageToPDF.java,2,2,2,1,21,3,14,3,1,10,0,,1,0,,,1,0,2,14,0,1,0,1,,51,7,32,7,15,12,,,11,18,7,13,,,,,3,3,3,1,1,2,0,0,38,4,4,4,2
Private Constructor,"org.apache.pdfbox.examples.pdmodel.ImageToPDF.ImageToPDF()",examples/src/main/java/org/apache/pdfbox/examples/pdmodel/ImageToPDF.java,,,,,,,,,,,,,,,,,,,,,,,,,0,3,0,3,1,0,0,1,1,0,1,1,0,1,1,1,1,,,,,,0,,0,00,1,1,1,1
Public Static Method,"org.apache.pdfbox.examples.pdmodel.ImageToPDF.main(String[])",examples/src/main/java/org/apache/pdfbox/examples/pdmodel/ImageToPDF.java,,,,,,,,,,,,,,,,,,,,,,,,,3,39,6,26,5,15,7,11,4,11,16,5,13,3,3,3,1,,,,,,2,,0,27,3,3,3,1
Public Class,"org.apache.pdfbox.examples.pdmodel.PrintBookmarks",examples/src/main/java/org/apache/pdfbox/examples/pdmodel/PrintBookmarks.java,5,5,5,1,34,0,26,7,1,15,0,,2,0,,,1,0,3,15,0,1,0,2,,115,4,82,12,38,29,,,22,39,12,35,,,,,11,11,11,1,1,4,0,0,35,15,15,15,3
Public Static Method,"org.apache.pdfbox.examples.pdmodel.PrintBookmarks.main(String[])",examples/src/main/java/org/apache/pdfbox/examples/pdmodel/PrintBookmarks.java,,,,,,,,,,,,,,,,,,,,,,,,,3,30,0,23,3,10,7,7,3,5,9,3,8,3,3,3,1,,,,,,3,,0,30,3,3,3,1
Public Method,"org.apache.pdfbox.examples.pdmodel.PrintBookmarks.printBookmark(PDDocument,PDOutlineNode,String)",examples/src/main/java/org/apache/pdfbox/examples/pdmodel/PrintBookmarks.java,,,,,,,,,,,,,,,,,,,,,,,,,5,67,2,52,7,27,13,12,31,16,27,7,26,11,11,11,1,,,,,,4,,0,25,11,11,11,1
Private Static Method,"org.apache.pdfbox.examples.pdmodel.PrintBookmarks.usage()",examples/src/main/java/org/apache/pdfbox/examples/pdmodel/PrintBookmarks.java,,,,,,,,,,,,,,,,,,,,,,,,,2,7,0,4,1,1,3,2,1,1,2,1,1,1,1,1,1,,,,,,0,,0,75,1,1,1,1
Public Class,"org.apache.pdfbox.examples.pdmodel.PrintDocumentMetaData",examples/src/main/java/org/apache/pdfbox/examples/pdmodel/PrintDocumentMetaData.java,1,1,1,1,18,0,12,6,1,16,0,,2,0,,,2,0,4,16,0,2,0,2,,87,4,53,12,28,30,,,23,32,12,26,,,,,2,2,2,1,1,2,0,0,57,7,7,7,4
Private Method,"org.apache.pdfbox.examples.pdmodel.PrintDocumentMetaData.formatDate(Calendar)",examples/src/main/java/org/apache/pdfbox/examples/pdmodel/PrintDocumentMetaData.java,,,,,,,,,,,,,,,,,,,,,,,,,2,18,1,10,3,5,7,4,2,4,6,3,4,2,2,2,1,,,,,,1,,0,70,2,2,2,1
Public Static Method,"org.apache.pdfbox.examples.pdmodel.PrintDocumentMetaData.main(String[])",examples/src/main/java/org/apache/pdfbox/examples/pdmodel/PrintDocumentMetaData.java,,,,,,,,,,,,,,,,,,,,,,,,,2,22,0,15,2,6,7,4,2,3,6,2,5,2,2,2,1,,,,,,2,,0,47,2,2,2,1
Public Method,"org.apache.pdfbox.examples.pdmodel.PrintDocumentMetaData.printMetadata(PDDocument)",examples/src/main/java/org/apache/pdfbox/examples/pdmodel/PrintDocumentMetaData.java,,,,,,,,,,,,,,,,,,,,,,,,,4,28,0,21,5,16,7,17,2,15,17,5,16,2,2,2,1,,,,,,1,,0,33,2,2,2,1
Private Static Method,"org.apache.pdfbox.examples.pdmodel.PrintDocumentMetaData.usage()",examples/src/main/java/org/apache/pdfbox/examples/pdmodel/PrintDocumentMetaData.java,,,,,,,,,,,,,,,,,,,,,,,,,2,7,0,4,1,1,3,2,1,1,2,1,1,1,1,1,1,,,,,,0,,0,75,1,1,1,1
Public Final Class,"org.apache.pdfbox.examples.pdmodel.PrintURLs",examples/src/main/java/org/apache/pdfbox/examples/pdmodel/PrintURLs.java,3,3,3,1,29,1,22,6,1,19,0,,3,0,,,1,0,4,16,0,3,0,1,,129,7,92,23,45,30,,,33,51,26,41,,,,,9,9,9,4,1,6,0,0,33,15,15,15,7
Private Constructor,"org.apache.pdfbox.examples.pdmodel.PrintURLs.PrintURLs()",examples/src/main/java/org/apache/pdfbox/examples/pdmodel/PrintURLs.java,,,,,,,,,,,,,,,,,,,,,,,,,0,7,0,3,1,0,4,1,1,0,1,1,0,1,1,1,1,,,,,,0,,1,33,1,1,1,1
Private Static Method,"org.apache.pdfbox.examples.pdmodel.PrintURLs.getActionURI(PDAnnotation)",examples/src/main/java/org/apache/pdfbox/examples/pdmodel/PrintURLs.java,,,,,,,,,,,,,,,,,,,,,,,,,2,23,0,19,3,8,4,6,4,4,8,3,7,4,4,4,4,,,,,,3,,0,21,4,4,4,4
Public Static Method,"org.apache.pdfbox.examples.pdmodel.PrintURLs.main(String[])",examples/src/main/java/org/apache/pdfbox/examples/pdmodel/PrintURLs.java,,,,,,,,,,,,,,,,,,,,,,,,,3,81,4,63,17,36,14,23,28,28,39,20,33,9,9,9,1,,,,,,6,,0,22,9,9,9,1
Private Static Method,"org.apache.pdfbox.examples.pdmodel.PrintURLs.usage()",examples/src/main/java/org/apache/pdfbox/examples/pdmodel/PrintURLs.java,,,,,,,,,,,,,,,,,,,,,,,,,2,7,0,4,1,1,3,2,1,1,2,1,1,1,1,1,1,,,,,,0,,0,75,1,1,1,1
Public Final Class,"org.apache.pdfbox.examples.pdmodel.RemoveFirstPage",examples/src/main/java/org/apache/pdfbox/examples/pdmodel/RemoveFirstPage.java,2,2,2,1,14,0,10,3,1,8,0,,2,0,,,1,0,3,15,0,2,0,1,,52,2,34,4,12,16,,,6,14,4,10,,,,,4,4,4,1,1,3,0,0,47,6,6,6,3
Private Constructor,"org.apache.pdfbox.examples.pdmodel.RemoveFirstPage.RemoveFirstPage()",examples/src/main/java/org/apache/pdfbox/examples/pdmodel/RemoveFirstPage.java,,,,,,,,,,,,,,,,,,,,,,,,,0,4,0,3,1,0,1,1,1,0,1,1,0,1,1,1,1,,,,,,0,,0,33,1,1,1,1
Public Static Method,"org.apache.pdfbox.examples.pdmodel.RemoveFirstPage.main(String[])",examples/src/main/java/org/apache/pdfbox/examples/pdmodel/RemoveFirstPage.java,,,,,,,,,,,,,,,,,,,,,,,,,2,31,0,24,1,11,7,8,5,5,10,1,9,4,4,4,1,,,,,,3,,0,29,4,4,4,1
Private Static Method,"org.apache.pdfbox.examples.pdmodel.RemoveFirstPage.usage()",examples/src/main/java/org/apache/pdfbox/examples/pdmodel/RemoveFirstPage.java,,,,,,,,,,,,,,,,,,,,,,,,,2,7,0,4,1,1,3,2,1,1,2,1,1,1,1,1,1,,,,,,0,,0,75,1,1,1,1
Public Final Class,"org.apache.pdfbox.examples.pdmodel.ReplaceURLs",examples/src/main/java/org/apache/pdfbox/examples/pdmodel/ReplaceURLs.java,3,3,3,1,23,0,17,6,1,14,0,,2,0,,,1,0,3,15,0,2,0,1,,83,3,56,13,26,25,,,17,30,15,18,,,,,7,7,7,1,1,6,0,0,45,9,9,9,3
Private Constructor,"org.apache.pdfbox.examples.pdmodel.ReplaceURLs.ReplaceURLs()",examples/src/main/java/org/apache/pdfbox/examples/pdmodel/ReplaceURLs.java,,,,,,,,,,,,,,,,,,,,,,,,,0,7,0,3,1,0,4,1,1,0,1,1,0,1,1,1,1,,,,,,0,,1,33,1,1,1,1
Public Static Method,"org.apache.pdfbox.examples.pdmodel.ReplaceURLs.main(String[])",examples/src/main/java/org/apache/pdfbox/examples/pdmodel/ReplaceURLs.java,,,,,,,,,,,,,,,,,,,,,,,,,3,57,1,46,10,25,11,11,12,16,26,12,17,7,7,7,1,,,,,,6,,0,24,7,7,7,1
Private Static Method,"org.apache.pdfbox.examples.pdmodel.ReplaceURLs.usage()",examples/src/main/java/org/apache/pdfbox/examples/pdmodel/ReplaceURLs.java,,,,,,,,,,,,,,,,,,,,,,,,,2,7,0,4,1,1,3,2,1,1,2,1,1,1,1,1,1,,,,,,0,,0,75,1,1,1,1
Public Final Class,"org.apache.pdfbox.examples.pdmodel.RubberStamp",examples/src/main/java/org/apache/pdfbox/examples/pdmodel/RubberStamp.java,2,2,2,1,16,1,11,3,1,13,0,,2,0,,,1,0,3,15,0,2,0,1,,58,5,37,6,15,16,,,10,19,7,14,,,,,4,4,4,1,1,3,0,0,43,6,6,6,3
Private Constructor,"org.apache.pdfbox.examples.pdmodel.RubberStamp.RubberStamp()",examples/src/main/java/org/apache/pdfbox/examples/pdmodel/RubberStamp.java,,,,,,,,,,,,,,,,,,,,,,,,,0,4,0,3,1,0,1,1,1,0,1,1,0,1,1,1,1,,,,,,0,,0,33,1,1,1,1
Public Static Method,"org.apache.pdfbox.examples.pdmodel.RubberStamp.main(String[])",examples/src/main/java/org/apache/pdfbox/examples/pdmodel/RubberStamp.java,,,,,,,,,,,,,,,,,,,,,,,,,3,37,3,27,3,14,7,14,5,9,15,4,13,4,4,4,1,,,,,,3,,0,26,4,4,4,1
Private Static Method,"org.apache.pdfbox.examples.pdmodel.RubberStamp.usage()",examples/src/main/java/org/apache/pdfbox/examples/pdmodel/RubberStamp.java,,,,,,,,,,,,,,,,,,,,,,,,,2,7,0,4,1,1,3,2,1,1,2,1,1,1,1,1,1,,,,,,0,,0,75,1,1,1,1
Public Class,"org.apache.pdfbox.examples.pdmodel.RubberStampWithImage",examples/src/main/java/org/apache/pdfbox/examples/pdmodel/RubberStampWithImage.java,1,1,1,1,25,2,18,4,1,26,0,,1,6,,,4,0,5,17,0,3,0,2,,144,16,101,29,70,27,,,66,77,29,59,,,,,4,4,4,1,1,4,0,0,27,8,8,8,5
Private Method,"org.apache.pdfbox.examples.pdmodel.RubberStampWithImage.appendRawCommands(OutputStream,String)",examples/src/main/java/org/apache/pdfbox/examples/pdmodel/RubberStampWithImage.java,,,,,,,,,,,,,,,,,,,,,,,,,4,4,0,4,1,1,0,2,1,1,2,1,1,1,1,1,1,,,,,,0,,0,00,1,1,1,1
Public Method,"org.apache.pdfbox.examples.pdmodel.RubberStampWithImage.doIt(String[])",examples/src/main/java/org/apache/pdfbox/examples/pdmodel/RubberStampWithImage.java,,,,,,,,,,,,,,,,,,,,,,,,,5,74,9,53,15,38,12,36,5,34,40,16,32,4,4,4,1,,,,,,4,,0,23,4,4,4,1
Private Method,"org.apache.pdfbox.examples.pdmodel.RubberStampWithImage.drawXObject(PDImageXObject,PDResources,OutputStream,float,float,float,float)",examples/src/main/java/org/apache/pdfbox/examples/pdmodel/RubberStampWithImage.java,,,,,,,,,,,,,,,,,,,,,,,,,14,28,1,26,3,22,1,5,1,22,23,2,22,1,1,1,1,,,,,,0,,0,04,1,1,1,1
Public Static Method,"org.apache.pdfbox.examples.pdmodel.RubberStampWithImage.main(String[])",examples/src/main/java/org/apache/pdfbox/examples/pdmodel/RubberStampWithImage.java,,,,,,,,,,,,,,,,,,,,,,,,,1,12,0,5,2,2,7,1,1,2,3,2,2,1,1,1,1,,,,,,0,,1,40,1,1,1,1
Private Method,"org.apache.pdfbox.examples.pdmodel.RubberStampWithImage.usage()",examples/src/main/java/org/apache/pdfbox/examples/pdmodel/RubberStampWithImage.java,,,,,,,,,,,,,,,,,,,,,,,,,2,7,0,4,1,1,3,3,1,1,2,1,1,1,1,1,1,,,,,,0,,0,75,1,1,1,1
Public Final Class,"org.apache.pdfbox.examples.pdmodel.ShowColorBoxes",examples/src/main/java/org/apache/pdfbox/examples/pdmodel/ShowColorBoxes.java,1,1,1,1,21,2,16,2,1,13,0,,1,0,,,1,0,2,14,0,1,0,1,,51,7,36,5,21,8,,,18,24,5,20,,,,,2,2,2,1,1,2,0,0,22,3,3,3,2
Private Constructor,"org.apache.pdfbox.examples.pdmodel.ShowColorBoxes.ShowColorBoxes()",examples/src/main/java/org/apache/pdfbox/examples/pdmodel/ShowColorBoxes.java,,,,,,,,,,,,,,,,,,,,,,,,,0,3,0,3,1,0,0,1,1,0,1,1,0,1,1,1,1,,,,,,0,,0,00,1,1,1,1
Public Static Method,"org.apache.pdfbox.examples.pdmodel.ShowColorBoxes.main(String[])",examples/src/main/java/org/apache/pdfbox/examples/pdmodel/ShowColorBoxes.java,,,,,,,,,,,,,,,,,,,,,,,,,6,40,5,30,3,21,5,19,2,18,22,3,20,2,2,2,1,,,,,,2,,0,17,2,2,2,1
Public Class,"org.apache.pdfbox.examples.pdmodel.ShowTextWithPositioning",examples/src/main/java/org/apache/pdfbox/examples/pdmodel/ShowTextWithPositioning.java,2,2,2,1,40,6,27,7,1,19,0,,2,1,,,1,0,3,15,0,1,0,2,,135,23,85,16,61,27,,,49,59,18,51,,,,,5,5,5,1,1,4,0,0,32,7,7,7,3
Private Constructor,"org.apache.pdfbox.examples.pdmodel.ShowTextWithPositioning.ShowTextWithPositioning()",examples/src/main/java/org/apache/pdfbox/examples/pdmodel/ShowTextWithPositioning.java,,,,,,,,,,,,,,,,,,,,,,,,,0,3,0,3,1,0,0,1,1,0,1,1,0,1,1,1,1,,,,,,0,,0,00,1,1,1,1
Public Static Method,"org.apache.pdfbox.examples.pdmodel.ShowTextWithPositioning.doIt(String,String)",examples/src/main/java/org/apache/pdfbox/examples/pdmodel/ShowTextWithPositioning.java,,,,,,,,,,,,,,,,,,,,,,,,,8,115,20,74,12,59,21,33,9,47,54,14,50,5,5,5,1,,,,,,4,,0,28,5,5,5,1
Public Static Method,"org.apache.pdfbox.examples.pdmodel.ShowTextWithPositioning.main(String[])",examples/src/main/java/org/apache/pdfbox/examples/pdmodel/ShowTextWithPositioning.java,,,,,,,,,,,,,,,,,,,,,,,,,0,4,0,4,1,1,0,1,1,1,2,1,1,1,1,1,1,,,,,,0,,0,00,1,1,1,1
Public Final Class,"org.apache.pdfbox.examples.pdmodel.SuperimposePage",examples/src/main/java/org/apache/pdfbox/examples/pdmodel/SuperimposePage.java,1,1,1,1,29,3,22,3,1,18,0,,1,0,,,1,0,2,14,0,1,0,1,,66,9,48,10,31,10,,,26,33,10,27,,,,,2,2,2,1,1,3,0,0,21,3,3,3,2
Private Constructor,"org.apache.pdfbox.examples.pdmodel.SuperimposePage.SuperimposePage()",examples/src/main/java/org/apache/pdfbox/examples/pdmodel/SuperimposePage.java,,,,,,,,,,,,,,,,,,,,,,,,,0,3,0,3,1,0,0,1,1,0,1,1,0,1,1,1,1,,,,,,0,,0,00,1,1,1,1
Public Static Method,"org.apache.pdfbox.examples.pdmodel.SuperimposePage.main(String[])",examples/src/main/java/org/apache/pdfbox/examples/pdmodel/SuperimposePage.java,,,,,,,,,,,,,,,,,,,,,,,,,6,55,7,42,8,31,7,25,2,26,31,8,27,2,2,2,1,,,,,,3,,0,17,2,2,2,1
Class,"org.apache.pdfbox.examples.pdmodel.TestCreateGradientShadingPDF",examples/src/test/java/org/apache/pdfbox/examples/pdmodel/TestCreateGradientShadingPDF.java,3,3,3,1,22,2,20,1,1,13,0,,0,0,,,1,0,1,13,1,0,0,0,,29,2,23,7,10,5,,,11,16,8,11,,,,,3,3,3,1,1,3,0,0,22,3,3,3,1
Method,"org.apache.pdfbox.examples.pdmodel.TestCreateGradientShadingPDF.testCreateGradientShading()",examples/src/test/java/org/apache/pdfbox/examples/pdmodel/TestCreateGradientShadingPDF.java,,,,,,,,,,,,,,,,,,,,,,,,,0,22,2,20,6,10,1,13,3,11,15,7,11,3,3,3,1,,,,,,3,,0,05,3,3,3,1
Class,"org.apache.pdfbox.examples.pdmodel.TestCreateSignature",examples/src/test/java/org/apache/pdfbox/examples/pdmodel/TestCreateSignature.java,2,2,2,1,47,4,34,9,1,113,0,,2,11,,,17,0,19,31,13,6,0,0,,944,104,664,263,445,181,,,402,475,225,409,,,,,14,14,14,3,1,4,77,0,27,42,42,45,21
Private Method,"org.apache.pdfbox.examples.pdmodel.TestCreateSignature.calculateDigestString(InputStream)",examples/src/test/java/org/apache/pdfbox/examples/pdmodel/TestCreateSignature.java,,,,,,,,,,,,,,,,,,,,,,,,,2,5,0,5,2,2,0,5,1,2,3,2,2,1,1,1,1,,,,,,0,,0,00,1,1,1,1
Private Method,"org.apache.pdfbox.examples.pdmodel.TestCreateSignature.checkLTV(File)",examples/src/test/java/org/apache/pdfbox/examples/pdmodel/TestCreateSignature.java,,,,,,,,,,,,,,,,,,,,,,,,,6,164,7,142,51,90,16,44,1536,77,104,58,88,14,14,14,3,,,,,,4,,0,11,14,14,14,3
Private Method,"org.apache.pdfbox.examples.pdmodel.TestCreateSignature.checkSignature(File,File,boolean)",examples/src/test/java/org/apache/pdfbox/examples/pdmodel/TestCreateSignature.java,,,,,,,,,,,,,,,,,,,,,,,,,12,99,11,76,31,50,13,48,20,41,52,28,47,6,6,6,1,,,,,,3,,0,17,6,6,6,1
Private Method,"org.apache.pdfbox.examples.pdmodel.TestCreateSignature.getOutputFileName(String,boolean)",examples/src/test/java/org/apache/pdfbox/examples/pdmodel/TestCreateSignature.java,,,,,,,,,,,,,,,,,,,,,,,,,8,4,0,4,1,1,0,2,1,1,2,1,1,2,2,2,1,,,,,,0,,0,00,2,2,2,1
Static Method,"org.apache.pdfbox.examples.pdmodel.TestCreateSignature.init()",examples/src/test/java/org/apache/pdfbox/examples/pdmodel/TestCreateSignature.java,,,,,,,,,,,,,,,,,,,,,,,,,4,18,4,12,2,8,2,18,1,8,9,1,8,1,1,1,1,,,,,,0,,0,17,1,1,1,1
Private Method,"org.apache.pdfbox.examples.pdmodel.TestCreateSignature.signEncrypted(SecureRandom,Date)",examples/src/test/java/org/apache/pdfbox/examples/pdmodel/TestCreateSignature.java,,,,,,,,,,,,,,,,,,,,,,,,,6,39,6,32,9,23,1,24,2,20,23,9,21,2,2,2,1,,,,,,2,,0,03,2,2,2,1
Private Static Method,"org.apache.pdfbox.examples.pdmodel.TestCreateSignature.signingTypes()",examples/src/test/java/org/apache/pdfbox/examples/pdmodel/TestCreateSignature.java,,,,,,,,,,,,,,,,,,,,,,,,,0,8,0,4,1,1,4,2,1,1,2,1,1,1,1,1,1,,,,,,0,,1,00,1,1,1,1
Method,"org.apache.pdfbox.examples.pdmodel.TestCreateSignature.testAddValidationInformation()",examples/src/test/java/org/apache/pdfbox/examples/pdmodel/TestCreateSignature.java,,,,,,,,,,,,,,,,,,,,,,,,,1,28,2,12,8,7,14,6,1,7,8,6,7,1,1,1,1,,,,,,0,,1,17,1,1,1,1
Method,"org.apache.pdfbox.examples.pdmodel.TestCreateSignature.testCRL()",examples/src/test/java/org/apache/pdfbox/examples/pdmodel/TestCreateSignature.java,,,,,,,,,,,,,,,,,,,,,,,,,1,59,4,40,22,29,17,30,1,26,28,17,26,1,1,1,1,,,,,,1,,0,42,1,1,1,1
Method,"org.apache.pdfbox.examples.pdmodel.TestCreateSignature.testCreateSignedTimeStamp()",examples/src/test/java/org/apache/pdfbox/examples/pdmodel/TestCreateSignature.java,,,,,,,,,,,,,,,,,,,,,,,,,4,54,7,36,20,28,11,33,1,24,26,17,24,1,1,2,1,,,,,,1,,0,31,1,1,2,1
Method,"org.apache.pdfbox.examples.pdmodel.TestCreateSignature.testCreateVisibleSignature(boolean)",examples/src/test/java/org/apache/pdfbox/examples/pdmodel/TestCreateSignature.java,,,,,,,,,,,,,,,,,,,,,,,,,6,31,1,19,8,9,11,10,1,9,11,4,8,1,1,1,1,,,,,,1,,0,58,1,1,1,1
Method,"org.apache.pdfbox.examples.pdmodel.TestCreateSignature.testCreateVisibleSignature2(boolean)",examples/src/test/java/org/apache/pdfbox/examples/pdmodel/TestCreateSignature.java,,,,,,,,,,,,,,,,,,,,,,,,,6,29,2,16,9,8,11,8,1,9,10,5,7,1,1,1,1,,,,,,0,,0,69,1,1,1,1
Method,"org.apache.pdfbox.examples.pdmodel.TestCreateSignature.testDetachedSHA256(boolean)",examples/src/test/java/org/apache/pdfbox/examples/pdmodel/TestCreateSignature.java,,,,,,,,,,,,,,,,,,,,,,,,,6,33,4,17,9,10,12,12,1,10,11,5,10,1,1,2,1,,,,,,0,,0,71,1,1,2,1
Method,"org.apache.pdfbox.examples.pdmodel.TestCreateSignature.testDetachedSHA256WithTSA(boolean)",examples/src/test/java/org/apache/pdfbox/examples/pdmodel/TestCreateSignature.java,,,,,,,,,,,,,,,,,,,,,,,,,9,62,6,37,13,26,20,24,2,24,26,9,24,3,3,4,1,,,,,,1,,0,54,3,3,4,1
Method,"org.apache.pdfbox.examples.pdmodel.TestCreateSignature.testDoubleVisibleSignatureOnEncryptedFile(boolean)",examples/src/test/java/org/apache/pdfbox/examples/pdmodel/TestCreateSignature.java,,,,,,,,,,,,,,,,,,,,,,,,,5,42,4,36,9,21,2,17,1,20,24,5,20,1,1,1,1,,,,,,1,,0,06,1,1,1,1
Method,"org.apache.pdfbox.examples.pdmodel.TestCreateSignature.testPDFBox3811()",examples/src/test/java/org/apache/pdfbox/examples/pdmodel/TestCreateSignature.java,,,,,,,,,,,,,,,,,,,,,,,,,2,43,3,31,9,23,9,22,2,21,23,8,21,2,2,2,1,,,,,,1,,0,29,2,2,2,1
Method,"org.apache.pdfbox.examples.pdmodel.TestCreateSignature.testPDFBox3978()",examples/src/test/java/org/apache/pdfbox/examples/pdmodel/TestCreateSignature.java,,,,,,,,,,,,,,,,,,,,,,,,,4,58,7,34,12,21,17,16,1,18,22,8,18,1,1,1,1,,,,,,1,,0,50,1,1,1,1
Method,"org.apache.pdfbox.examples.pdmodel.TestCreateSignature.testPDFBox4784()",examples/src/test/java/org/apache/pdfbox/examples/pdmodel/TestCreateSignature.java,,,,,,,,,,,,,,,,,,,,,,,,,0,16,2,13,9,9,1,5,1,7,8,6,7,1,1,1,1,,,,,,0,,0,08,1,1,1,1
Method,"org.apache.pdfbox.examples.pdmodel.TestCreateSignature.testSaveIncrementalAfterSign(boolean)",examples/src/test/java/org/apache/pdfbox/examples/pdmodel/TestCreateSignature.java,,,,,,,,,,,,,,,,,,,,,,,,,7,112,13,84,26,70,15,47,1,66,71,23,69,1,1,1,1,,,,,,1,,0,18,1,1,1,1
Class,"org.apache.pdfbox.examples.pdmodel.TestEmbeddedFiles",examples/src/test/java/org/apache/pdfbox/examples/pdmodel/TestEmbeddedFiles.java,1,1,1,1,23,1,17,5,1,9,0,,0,0,,,1,0,1,13,1,0,0,0,,29,1,19,8,13,9,,,13,15,7,10,,,,,1,1,1,1,1,0,0,0,47,1,1,1,1
Method,"org.apache.pdfbox.examples.pdmodel.TestEmbeddedFiles.testEmbeddedFiles()",examples/src/test/java/org/apache/pdfbox/examples/pdmodel/TestEmbeddedFiles.java,,,,,,,,,,,,,,,,,,,,,,,,,0,23,1,17,7,13,5,9,1,13,14,6,10,1,1,1,1,,,,,,0,,0,29,1,1,1,1
Class,"org.apache.pdfbox.examples.pdmodel.TestHelloWorld",examples/src/test/java/org/apache/pdfbox/examples/pdmodel/TestHelloWorld.java,1,1,1,1,11,2,9,0,1,13,0,,1,1,,,3,0,4,16,2,1,0,1,,59,12,43,20,22,4,,,21,27,16,13,,,,,1,1,1,1,1,1,0,0,09,4,4,4,4
Private Method,"org.apache.pdfbox.examples.pdmodel.TestHelloWorld.checkOutputFile(String,String)",examples/src/test/java/org/apache/pdfbox/examples/pdmodel/TestHelloWorld.java,,,,,,,,,,,,,,,,,,,,,,,,,4,9,0,9,3,4,0,6,1,3,5,3,4,1,1,1,1,,,,,,1,,0,00,1,1,1,1
Public Static Method,"org.apache.pdfbox.examples.pdmodel.TestHelloWorld.init()",examples/src/test/java/org/apache/pdfbox/examples/pdmodel/TestHelloWorld.java,,,,,,,,,,,,,,,,,,,,,,,,,1,5,0,5,2,1,0,2,1,1,2,1,1,1,1,1,1,,,,,,0,,0,00,1,1,1,1
Method,"org.apache.pdfbox.examples.pdmodel.TestHelloWorld.testHelloWorld()",examples/src/test/java/org/apache/pdfbox/examples/pdmodel/TestHelloWorld.java,,,,,,,,,,,,,,,,,,,,,,,,,0,16,4,12,6,8,0,4,1,8,9,5,4,1,1,1,1,,,,,,0,,0,00,1,1,1,1
Method,"org.apache.pdfbox.examples.pdmodel.TestHelloWorld.testHelloWorldTTF()",examples/src/test/java/org/apache/pdfbox/examples/pdmodel/TestHelloWorld.java,,,,,,,,,,,,,,,,,,,,,,,,,1,16,4,12,6,8,0,4,1,8,9,5,4,1,1,1,1,,,,,,0,,0,00,1,1,1,1
Class,"org.apache.pdfbox.examples.pdmodel.TestRubberStampWithImage",examples/src/test/java/org/apache/pdfbox/examples/pdmodel/TestRubberStampWithImage.java,3,3,3,3,27,2,25,0,1,21,0,,0,0,,,2,0,2,14,1,1,0,0,,62,5,54,18,29,3,,,27,37,19,27,,,,,6,6,6,6,1,3,0,0,06,7,7,7,7
Private Method,"org.apache.pdfbox.examples.pdmodel.TestRubberStampWithImage.compareImages(BufferedImage,BufferedImage)",examples/src/test/java/org/apache/pdfbox/examples/pdmodel/TestRubberStampWithImage.java,,,,,,,,,,,,,,,,,,,,,,,,,3,22,0,22,1,9,0,4,6,8,14,3,11,6,6,6,6,,,,,,3,,0,00,6,6,6,6
Method,"org.apache.pdfbox.examples.pdmodel.TestRubberStampWithImage.test()",examples/src/test/java/org/apache/pdfbox/examples/pdmodel/TestRubberStampWithImage.java,,,,,,,,,,,,,,,,,,,,,,,,,0,33,4,29,16,20,0,20,1,19,22,15,16,1,1,1,1,,,,,,1,,0,00,1,1,1,1
Public Class,"org.apache.pdfbox.examples.pdmodel.UsingTextMatrix",examples/src/main/java/org/apache/pdfbox/examples/pdmodel/UsingTextMatrix.java,2,2,2,1,30,3,20,6,1,16,0,,1,0,,,3,0,4,16,0,1,0,3,,132,17,85,15,58,30,,,55,65,18,55,,,,,4,4,4,1,1,2,0,0,35,8,8,8,4
Public Constructor,"org.apache.pdfbox.examples.pdmodel.UsingTextMatrix.UsingTextMatrix()",examples/src/main/java/org/apache/pdfbox/examples/pdmodel/UsingTextMatrix.java,,,,,,,,,,,,,,,,,,,,,,,,,1,6,0,3,1,0,3,1,1,0,1,1,0,1,1,1,1,,,,,,0,,1,00,1,1,1,1
Public Method,"org.apache.pdfbox.examples.pdmodel.UsingTextMatrix.doIt(String,String)",examples/src/main/java/org/apache/pdfbox/examples/pdmodel/UsingTextMatrix.java,,,,,,,,,,,,,,,,,,,,,,,,,7,93,14,63,10,52,16,18,8,51,56,13,50,4,4,4,1,,,,,,2,,0,25,4,4,4,1
Public Static Method,"org.apache.pdfbox.examples.pdmodel.UsingTextMatrix.main(String[])",examples/src/main/java/org/apache/pdfbox/examples/pdmodel/UsingTextMatrix.java,,,,,,,,,,,,,,,,,,,,,,,,,2,17,0,12,2,5,5,3,2,3,5,2,4,2,2,2,1,,,,,,1,,0,42,2,2,2,1
Private Method,"org.apache.pdfbox.examples.pdmodel.UsingTextMatrix.usage()",examples/src/main/java/org/apache/pdfbox/examples/pdmodel/UsingTextMatrix.java,,,,,,,,,,,,,,,,,,,,,,,,,2,7,0,4,1,1,3,3,1,1,2,1,1,1,1,1,1,,,,,,0,,0,75,1,1,1,1
Package,"org.apache.pdfbox.examples.printing",examples/src/main/java/org/apache/pdfbox/examples/printing/Printing.java,2,2,2,1,17,1,11,4,,,,1,6,0,1,,1,0,7,,0,6,0,1,,168,21,101,38,44,50,,,53,69,38,43,,,,,6,6,7,1,,2,,0,50,14,14,15,7
Public Final Class,"org.apache.pdfbox.examples.printing.Printing",examples/src/main/java/org/apache/pdfbox/examples/printing/Printing.java,2,2,2,1,17,1,11,4,1,23,0,,6,0,,,1,0,7,19,0,6,0,1,,131,17,84,21,44,34,,,36,52,21,43,,,,,6,6,7,1,1,2,0,0,40,14,14,15,7
Private Constructor,"org.apache.pdfbox.examples.printing.Printing.Printing()",examples/src/main/java/org/apache/pdfbox/examples/printing/Printing.java,,,,,,,,,,,,,,,,,,,,,,,,,0,3,0,3,1,0,0,1,1,0,1,1,0,1,1,1,1,,,,,,0,,0,00,1,1,1,1
Public Static Method,"org.apache.pdfbox.examples.printing.Printing.main(String[])",examples/src/main/java/org/apache/pdfbox/examples/printing/Printing.java,,,,,,,,,,,,,,,,,,,,,,,,,3,22,1,13,2,6,8,6,2,4,7,2,5,2,2,2,1,,,,,,1,,0,62,2,2,2,1
Private Static Method,"org.apache.pdfbox.examples.printing.Printing.print(PDDocument)",examples/src/main/java/org/apache/pdfbox/examples/printing/Printing.java,,,,,,,,,,,,,,,,,,,,,,,,,2,9,0,6,2,3,3,4,1,3,4,2,3,1,1,1,1,,,,,,0,,0,50,1,1,1,1
Private Static Method,"org.apache.pdfbox.examples.printing.Printing.printWithAttributes(PDDocument)",examples/src/main/java/org/apache/pdfbox/examples/printing/Printing.java,,,,,,,,,,,,,,,,,,,,,,,,,1,13,2,8,3,5,4,7,1,5,6,3,5,1,1,1,1,,,,,,0,,0,50,1,1,1,1
Private Static Method,"org.apache.pdfbox.examples.printing.Printing.printWithDialog(PDDocument)",examples/src/main/java/org/apache/pdfbox/examples/printing/Printing.java,,,,,,,,,,,,,,,,,,,,,,,,,1,13,1,9,2,4,3,5,2,3,5,2,4,2,2,2,1,,,,,,1,,0,33,2,2,2,1
Private Static Method,"org.apache.pdfbox.examples.printing.Printing.printWithDialogAndAttributes(PDDocument)",examples/src/main/java/org/apache/pdfbox/examples/printing/Printing.java,,,,,,,,,,,,,,,,,,,,,,,,,7,34,3,28,5,15,4,13,10,10,16,5,15,6,6,7,1,,,,,,2,,0,14,6,6,7,1
Private Static Method,"org.apache.pdfbox.examples.printing.Printing.printWithPaper(PDDocument)",examples/src/main/java/org/apache/pdfbox/examples/printing/Printing.java,,,,,,,,,,,,,,,,,,,,,,,,,1,25,4,14,5,11,9,15,1,11,12,5,11,1,1,1,1,,,,,,0,,0,64,1,1,1,1
Package,"org.apache.pdfbox.examples.rendering",examples/src/main/java/org/apache/pdfbox/examples/rendering/CustomGraphicsStreamEngine.java,1,1,1,1,9,0,7,1,,,,4,2,0,2,,25,0,27,,2,0,5,20,,392,47,242,113,78,103,,,109,145,89,73,,,,,2,2,3,1,,1,,0,43,29,29,30,27
Public Class,"org.apache.pdfbox.examples.rendering.CustomGraphicsStreamEngine",examples/src/main/java/org/apache/pdfbox/examples/rendering/CustomGraphicsStreamEngine.java,1,1,1,1,7,0,5,1,1,18,0,,1,0,,,18,0,19,101,0,0,2,17,,164,21,114,41,33,29,,,28,51,24,30,,,,,2,2,2,1,3,1,0,0,25,20,20,20,19
Protected Constructor,"org.apache.pdfbox.examples.rendering.CustomGraphicsStreamEngine.CustomGraphicsStreamEngine(PDPage)",examples/src/main/java/org/apache/pdfbox/examples/rendering/CustomGraphicsStreamEngine.java,,,,,,,,,,,,,,,,,,,,,,,,,2,9,0,4,1,1,5,2,1,1,2,1,1,1,1,1,1,,,,,,0,,1,25,1,1,1,1
Public Method,"org.apache.pdfbox.examples.rendering.CustomGraphicsStreamEngine.appendRectangle(Point2D,Point2D,Point2D,Point2D)",examples/src/main/java/org/apache/pdfbox/examples/rendering/CustomGraphicsStreamEngine.java,,,,,,,,,,,,,,,,,,,,,,,,,5,7,0,7,2,3,0,3,1,1,2,1,1,1,1,1,1,,,,,,0,,0,00,1,1,1,1
Public Method,"org.apache.pdfbox.examples.rendering.CustomGraphicsStreamEngine.clip(int)",examples/src/main/java/org/apache/pdfbox/examples/rendering/CustomGraphicsStreamEngine.java,,,,,,,,,,,,,,,,,,,,,,,,,1,5,0,5,2,1,0,1,1,1,2,1,1,1,1,1,1,,,,,,0,,0,00,1,1,1,1
Public Method,"org.apache.pdfbox.examples.rendering.CustomGraphicsStreamEngine.closePath()",examples/src/main/java/org/apache/pdfbox/examples/rendering/CustomGraphicsStreamEngine.java,,,,,,,,,,,,,,,,,,,,,,,,,1,5,0,5,2,1,0,1,1,1,2,1,1,1,1,1,1,,,,,,0,,0,00,1,1,1,1
Public Method,"org.apache.pdfbox.examples.rendering.CustomGraphicsStreamEngine.curveTo(float,float,float,float,float,float)",examples/src/main/java/org/apache/pdfbox/examples/rendering/CustomGraphicsStreamEngine.java,,,,,,,,,,,,,,,,,,,,,,,,,7,5,0,5,2,1,0,1,1,1,2,1,1,1,1,1,1,,,,,,0,,0,00,1,1,1,1
Public Method,"org.apache.pdfbox.examples.rendering.CustomGraphicsStreamEngine.drawImage(PDImage)",examples/src/main/java/org/apache/pdfbox/examples/rendering/CustomGraphicsStreamEngine.java,,,,,,,,,,,,,,,,,,,,,,,,,1,5,0,5,2,1,0,1,1,1,2,1,1,1,1,1,1,,,,,,0,,0,00,1,1,1,1
Public Method,"org.apache.pdfbox.examples.rendering.CustomGraphicsStreamEngine.endPath()",examples/src/main/java/org/apache/pdfbox/examples/rendering/CustomGraphicsStreamEngine.java,,,,,,,,,,,,,,,,,,,,,,,,,1,5,0,5,2,1,0,1,1,1,2,1,1,1,1,1,1,,,,,,0,,0,00,1,1,1,1
Public Method,"org.apache.pdfbox.examples.rendering.CustomGraphicsStreamEngine.fillAndStrokePath(int)",examples/src/main/java/org/apache/pdfbox/examples/rendering/CustomGraphicsStreamEngine.java,,,,,,,,,,,,,,,,,,,,,,,,,1,5,0,5,2,1,0,1,1,1,2,1,1,1,1,1,1,,,,,,0,,0,00,1,1,1,1
Public Method,"org.apache.pdfbox.examples.rendering.CustomGraphicsStreamEngine.fillPath(int)",examples/src/main/java/org/apache/pdfbox/examples/rendering/CustomGraphicsStreamEngine.java,,,,,,,,,,,,,,,,,,,,,,,,,1,5,0,5,2,1,0,1,1,1,2,1,1,1,1,1,1,,,,,,0,,0,00,1,1,1,1
Public Method,"org.apache.pdfbox.examples.rendering.CustomGraphicsStreamEngine.getCurrentPoint()",examples/src/main/java/org/apache/pdfbox/examples/rendering/CustomGraphicsStreamEngine.java,,,,,,,,,,,,,,,,,,,,,,,,,0,6,0,5,2,1,1,1,1,1,2,1,1,1,1,1,1,,,,,,0,,0,20,1,1,1,1
Public Method,"org.apache.pdfbox.examples.rendering.CustomGraphicsStreamEngine.lineTo(float,float)",examples/src/main/java/org/apache/pdfbox/examples/rendering/CustomGraphicsStreamEngine.java,,,,,,,,,,,,,,,,,,,,,,,,,3,5,0,5,2,1,0,1,1,1,2,1,1,1,1,1,1,,,,,,0,,0,00,1,1,1,1
Public Static Method,"org.apache.pdfbox.examples.rendering.CustomGraphicsStreamEngine.main(String[])",examples/src/main/java/org/apache/pdfbox/examples/rendering/CustomGraphicsStreamEngine.java,,,,,,,,,,,,,,,,,,,,,,,,,0,12,1,11,5,6,0,5,1,4,6,4,5,1,1,1,1,,,,,,1,,0,00,1,1,1,1
Public Method,"org.apache.pdfbox.examples.rendering.CustomGraphicsStreamEngine.moveTo(float,float)",examples/src/main/java/org/apache/pdfbox/examples/rendering/CustomGraphicsStreamEngine.java,,,,,,,,,,,,,,,,,,,,,,,,,3,5,0,5,2,1,0,1,1,1,2,1,1,1,1,1,1,,,,,,0,,0,00,1,1,1,1
Public Method,"org.apache.pdfbox.examples.rendering.CustomGraphicsStreamEngine.run()",examples/src/main/java/org/apache/pdfbox/examples/rendering/CustomGraphicsStreamEngine.java,,,,,,,,,,,,,,,,,,,,,,,,,1,14,1,8,1,3,5,4,2,2,5,2,3,2,2,2,1,,,,,,1,,0,62,2,2,2,1
Public Method,"org.apache.pdfbox.examples.rendering.CustomGraphicsStreamEngine.shadingFill(COSName)",examples/src/main/java/org/apache/pdfbox/examples/rendering/CustomGraphicsStreamEngine.java,,,,,,,,,,,,,,,,,,,,,,,,,2,5,0,5,2,1,0,2,1,1,2,1,1,1,1,1,1,,,,,,0,,0,00,1,1,1,1
Protected Method,"org.apache.pdfbox.examples.rendering.CustomGraphicsStreamEngine.showGlyph(Matrix,PDFont,int,Vector)",examples/src/main/java/org/apache/pdfbox/examples/rendering/CustomGraphicsStreamEngine.java,,,,,,,,,,,,,,,,,,,,,,,,,5,10,0,7,3,2,3,2,1,2,3,1,2,1,1,1,1,,,,,,0,,0,43,1,1,1,1
Public Method,"org.apache.pdfbox.examples.rendering.CustomGraphicsStreamEngine.showTextString(byte[])",examples/src/main/java/org/apache/pdfbox/examples/rendering/CustomGraphicsStreamEngine.java,,,,,,,,,,,,,,,,,,,,,,,,,2,10,0,7,2,3,3,3,1,3,4,1,3,1,1,1,1,,,,,,0,,0,43,1,1,1,1
Public Method,"org.apache.pdfbox.examples.rendering.CustomGraphicsStreamEngine.showTextStrings(COSArray)",examples/src/main/java/org/apache/pdfbox/examples/rendering/CustomGraphicsStreamEngine.java,,,,,,,,,,,,,,,,,,,,,,,,,2,10,0,7,2,3,3,3,1,3,4,1,3,1,1,1,1,,,,,,0,,0,43,1,1,1,1
Public Method,"org.apache.pdfbox.examples.rendering.CustomGraphicsStreamEngine.strokePath()",examples/src/main/java/org/apache/pdfbox/examples/rendering/CustomGraphicsStreamEngine.java,,,,,,,,,,,,,,,,,,,,,,,,,1,5,0,5,2,1,0,1,1,1,2,1,1,1,1,1,1,,,,,,0,,0,00,1,1,1,1
Public Class,"org.apache.pdfbox.examples.rendering.CustomPageDrawer",examples/src/main/java/org/apache/pdfbox/examples/rendering/CustomPageDrawer.java,1,1,1,1,12,1,11,0,1,9,0,,1,0,,,0,0,1,13,0,0,0,1,,148,18,88,32,45,42,,,41,54,25,43,,,,,1,1,1,1,1,1,0,0,48,1,1,1,1
Private Static Class,"org.apache.pdfbox.examples.rendering.CustomPageDrawer.MyPDFRenderer",examples/src/main/java/org/apache/pdfbox/examples/rendering/CustomPageDrawer.java,1,1,1,1,4,0,4,0,1,6,0,,0,0,,,2,0,2,45,1,0,1,0,,16,1,12,4,2,3,,,2,5,3,2,,,,,1,1,1,1,2,0,0,0,25,2,2,2,2
Constructor,"org.apache.pdfbox.examples.rendering.CustomPageDrawer.MyPDFRenderer.MyPDFRenderer(PDDocument)",examples/src/main/java/org/apache/pdfbox/examples/rendering/CustomPageDrawer.java,,,,,,,,,,,,,,,,,,,,,,,,,2,4,0,4,1,1,0,2,1,1,2,1,1,1,1,1,1,,,,,,0,,0,00,1,1,1,1
Protected Method,"org.apache.pdfbox.examples.rendering.CustomPageDrawer.MyPDFRenderer.createPageDrawer(PageDrawerParameters)",examples/src/main/java/org/apache/pdfbox/examples/rendering/CustomPageDrawer.java,,,,,,,,,,,,,,,,,,,,,,,,,1,5,0,5,2,1,0,2,1,1,2,1,1,1,1,1,1,,,,,,0,,0,00,1,1,1,1
Private Static Class,"org.apache.pdfbox.examples.rendering.CustomPageDrawer.MyPageDrawer",examples/src/main/java/org/apache/pdfbox/examples/rendering/CustomPageDrawer.java,1,1,1,1,19,2,11,5,1,21,0,,0,0,,,5,0,5,143,1,0,2,2,,106,14,62,22,37,30,,,35,42,17,36,,,,,2,2,3,1,4,1,0,0,48,6,6,7,5
Constructor,"org.apache.pdfbox.examples.rendering.CustomPageDrawer.MyPageDrawer.MyPageDrawer(PageDrawerParameters)",examples/src/main/java/org/apache/pdfbox/examples/rendering/CustomPageDrawer.java,,,,,,,,,,,,,,,,,,,,,,,,,2,4,0,4,1,1,0,2,1,1,2,1,1,1,1,1,1,,,,,,0,,0,00,1,1,1,1
Public Method,"org.apache.pdfbox.examples.rendering.CustomPageDrawer.MyPageDrawer.fillPath(int)",examples/src/main/java/org/apache/pdfbox/examples/rendering/CustomPageDrawer.java,,,,,,,,,,,,,,,,,,,,,,,,,2,29,4,17,7,13,8,14,1,13,14,6,13,1,1,1,1,,,,,,0,,0,47,1,1,1,1
Protected Method,"org.apache.pdfbox.examples.rendering.CustomPageDrawer.MyPageDrawer.getPaint(PDColor)",examples/src/main/java/org/apache/pdfbox/examples/rendering/CustomPageDrawer.java,,,,,,,,,,,,,,,,,,,,,,,,,3,15,0,10,2,4,5,6,2,2,4,1,3,2,2,3,1,,,,,,1,,0,50,2,2,3,1
Public Method,"org.apache.pdfbox.examples.rendering.CustomPageDrawer.MyPageDrawer.showAnnotation(PDAnnotation)",examples/src/main/java/org/apache/pdfbox/examples/rendering/CustomPageDrawer.java,,,,,,,,,,,,,,,,,,,,,,,,,1,16,2,8,2,4,6,5,1,4,5,1,4,1,1,1,1,,,,,,0,,0,75,1,1,1,1
Protected Method,"org.apache.pdfbox.examples.rendering.CustomPageDrawer.MyPageDrawer.showGlyph(Matrix,PDFont,int,Vector)",examples/src/main/java/org/apache/pdfbox/examples/rendering/CustomPageDrawer.java,,,,,,,,,,,,,,,,,,,,,,,,,5,32,4,20,9,15,8,15,1,15,16,7,15,1,1,1,1,,,,,,0,,0,40,1,1,1,1
Public Static Method,"org.apache.pdfbox.examples.rendering.CustomPageDrawer.main(String[])",examples/src/main/java/org/apache/pdfbox/examples/rendering/CustomPageDrawer.java,,,,,,,,,,,,,,,,,,,,,,,,,0,12,1,11,5,6,0,6,1,4,6,4,5,1,1,1,1,,,,,,1,,0,00,1,1,1,1
Package,"org.apache.pdfbox.examples.signature",examples/src/main/java/org/apache/pdfbox/examples/signature/CMSProcessableInputStream.java,2,2,3,1,28,1,19,7,,,,12,26,6,12,,68,26,94,,2,25,0,67,,3514,306,2215,794,1038,999,,,1110,1401,747,884,,,,,21,17,23,10,,8,,0,45,266,256,301,120
Class,"org.apache.pdfbox.examples.signature.CMSProcessableInputStream",examples/src/main/java/org/apache/pdfbox/examples/signature/CMSProcessableInputStream.java,1,1,1,1,5,0,5,0,2,8,0,,0,0,,,5,2,5,17,2,0,0,3,,43,5,30,11,7,8,,,9,15,8,7,,,,,1,1,1,1,1,0,50,0,27,5,5,5,5
Constructor,"org.apache.pdfbox.examples.signature.CMSProcessableInputStream.CMSProcessableInputStream(ASN1ObjectIdentifier,InputStream)",examples/src/main/java/org/apache/pdfbox/examples/signature/CMSProcessableInputStream.java,,,,,,,,,,,,,,,,,,,,,,,,,3,5,0,5,1,2,0,3,1,2,3,1,2,1,1,1,1,,,,,,0,,0,00,1,1,1,1
Constructor,"org.apache.pdfbox.examples.signature.CMSProcessableInputStream.CMSProcessableInputStream(InputStream)",examples/src/main/java/org/apache/pdfbox/examples/signature/CMSProcessableInputStream.java,,,,,,,,,,,,,,,,,,,,,,,,,4,4,0,4,1,1,0,3,1,1,2,1,1,1,1,1,1,,,,,,0,,0,00,1,1,1,1
Public Method,"org.apache.pdfbox.examples.signature.CMSProcessableInputStream.getContent()",examples/src/main/java/org/apache/pdfbox/examples/signature/CMSProcessableInputStream.java,,,,,,,,,,,,,,,,,,,,,,,,,1,5,0,5,2,1,0,1,1,1,2,1,1,1,1,1,1,,,,,,0,,0,00,1,1,1,1
Public Method,"org.apache.pdfbox.examples.signature.CMSProcessableInputStream.getContentType()",examples/src/main/java/org/apache/pdfbox/examples/signature/CMSProcessableInputStream.java,,,,,,,,,,,,,,,,,,,,,,,,,1,5,0,5,2,1,0,1,1,1,2,1,1,1,1,1,1,,,,,,0,,0,00,1,1,1,1
Public Method,"org.apache.pdfbox.examples.signature.CMSProcessableInputStream.write(OutputStream)",examples/src/main/java/org/apache/pdfbox/examples/signature/CMSProcessableInputStream.java,,,,,,,,,,,,,,,,,,,,,,,,,2,7,0,6,2,2,1,2,1,2,3,1,2,1,1,1,1,,,,,,0,,0,17,1,1,1,1
Public Class,"org.apache.pdfbox.examples.signature.CreateEmbeddedTimeStamp",examples/src/main/java/org/apache/pdfbox/examples/signature/CreateEmbeddedTimeStamp.java,2,2,2,1,20,1,14,4,1,21,0,,2,0,,,6,4,8,20,0,4,0,4,,194,19,125,30,64,50,,,51,72,29,56,,,,,5,5,5,1,1,3,71,0,40,18,18,20,8
Public Constructor,"org.apache.pdfbox.examples.signature.CreateEmbeddedTimeStamp.CreateEmbeddedTimeStamp(String)",examples/src/main/java/org/apache/pdfbox/examples/signature/CreateEmbeddedTimeStamp.java,,,,,,,,,,,,,,,,,,,,,,,,,3,4,0,4,1,1,0,2,1,1,2,1,1,1,1,1,1,,,,,,0,,0,00,1,1,1,1
Private Method,"org.apache.pdfbox.examples.signature.CreateEmbeddedTimeStamp.embedNewSignatureIntoDocument(byte[],OutputStream)",examples/src/main/java/org/apache/pdfbox/examples/signature/CreateEmbeddedTimeStamp.java,,,,,,,,,,,,,,,,,,,,,,,,,6,18,0,11,5,7,7,4,1,7,8,4,6,1,1,1,1,,,,,,0,,0,64,1,1,1,1
Public Method,"org.apache.pdfbox.examples.signature.CreateEmbeddedTimeStamp.embedTimeStamp(File)",examples/src/main/java/org/apache/pdfbox/examples/signature/CreateEmbeddedTimeStamp.java,,,,,,,,,,,,,,,,,,,,,,,,,1,10,0,4,1,1,6,1,1,1,2,1,1,1,1,1,1,,,,,,0,,1,50,1,1,1,1
Public Method,"org.apache.pdfbox.examples.signature.CreateEmbeddedTimeStamp.embedTimeStamp(File,File)",examples/src/main/java/org/apache/pdfbox/examples/signature/CreateEmbeddedTimeStamp.java,,,,,,,,,,,,,,,,,,,,,,,,,5,21,1,12,1,5,8,5,2,3,6,1,5,2,2,3,1,,,,,,1,,0,67,2,2,3,1
Public Static Method,"org.apache.pdfbox.examples.signature.CreateEmbeddedTimeStamp.main(String[])",examples/src/main/java/org/apache/pdfbox/examples/signature/CreateEmbeddedTimeStamp.java,,,,,,,,,,,,,,,,,,,,,,,,,3,35,4,30,7,19,1,13,8,17,22,8,19,5,5,5,1,,,,,,3,,0,03,5,5,5,1
Private Method,"org.apache.pdfbox.examples.signature.CreateEmbeddedTimeStamp.processRelevantSignatures(byte[])",examples/src/main/java/org/apache/pdfbox/examples/signature/CreateEmbeddedTimeStamp.java,,,,,,,,,,,,,,,,,,,,,,,,,7,44,5,31,7,19,8,13,5,12,16,6,15,4,4,5,1,,,,,,1,,0,26,4,4,5,1
Private Method,"org.apache.pdfbox.examples.signature.CreateEmbeddedTimeStamp.processTimeStamping(File,File)",examples/src/main/java/org/apache/pdfbox/examples/signature/CreateEmbeddedTimeStamp.java,,,,,,,,,,,,,,,,,,,,,,,,,5,28,1,20,2,9,7,7,3,5,9,2,8,3,3,3,1,,,,,,2,,0,35,3,3,3,1
Private Static Method,"org.apache.pdfbox.examples.signature.CreateEmbeddedTimeStamp.usage()",examples/src/main/java/org/apache/pdfbox/examples/signature/CreateEmbeddedTimeStamp.java,,,,,,,,,,,,,,,,,,,,,,,,,2,6,0,6,1,3,0,2,1,1,2,1,1,1,1,1,1,,,,,,0,,0,00,1,1,1,1
Public Final Class,"org.apache.pdfbox.examples.signature.CreateEmptySignatureForm",examples/src/main/java/org/apache/pdfbox/examples/signature/CreateEmptySignatureForm.java,1,1,1,1,24,4,14,5,1,17,0,,1,0,,,1,0,2,14,0,1,0,1,,58,10,31,11,20,17,,,19,23,11,19,,,,,1,1,1,1,1,1,0,0,55,2,2,2,2
Private Constructor,"org.apache.pdfbox.examples.signature.CreateEmptySignatureForm.CreateEmptySignatureForm()",examples/src/main/java/org/apache/pdfbox/examples/signature/CreateEmptySignatureForm.java,,,,,,,,,,,,,,,,,,,,,,,,,0,3,0,3,1,0,0,1,1,0,1,1,0,1,1,1,1,,,,,,0,,0,00,1,1,1,1
Public Static Method,"org.apache.pdfbox.examples.signature.CreateEmptySignatureForm.main(String[])",examples/src/main/java/org/apache/pdfbox/examples/signature/CreateEmptySignatureForm.java,,,,,,,,,,,,,,,,,,,,,,,,,5,45,9,25,9,20,11,22,1,19,21,9,19,1,1,1,1,,,,,,1,,0,44,1,1,1,1
Public Class,"org.apache.pdfbox.examples.signature.CreateSignature",examples/src/main/java/org/apache/pdfbox/examples/signature/CreateSignature.java,2,2,2,1,23,1,15,6,1,25,0,,2,0,,,5,0,7,27,0,1,0,6,,188,20,112,25,61,57,,,46,65,23,54,,,,,6,6,6,1,2,3,0,0,51,16,16,17,7
Public Constructor,"org.apache.pdfbox.examples.signature.CreateSignature.CreateSignature(KeyStore,char[])",examples/src/main/java/org/apache/pdfbox/examples/signature/CreateSignature.java,,,,,,,,,,,,,,,,,,,,,,,,,9,16,0,5,2,1,11,2,1,1,2,1,1,1,1,1,1,,,,,,0,,2,20,1,1,1,1
Public Static Method,"org.apache.pdfbox.examples.signature.CreateSignature.main(String[])",examples/src/main/java/org/apache/pdfbox/examples/signature/CreateSignature.java,,,,,,,,,,,,,,,,,,,,,,,,,2,48,5,40,10,25,4,16,14,21,28,11,24,6,6,6,1,,,,,,3,,0,10,6,6,6,1
Public Method,"org.apache.pdfbox.examples.signature.CreateSignature.signDetached(File)",examples/src/main/java/org/apache/pdfbox/examples/signature/CreateSignature.java,,,,,,,,,,,,,,,,,,,,,,,,,1,9,0,4,1,1,5,1,1,1,2,1,1,1,1,1,1,,,,,,0,,1,25,1,1,1,1
Public Method,"org.apache.pdfbox.examples.signature.CreateSignature.signDetached(File,File)",examples/src/main/java/org/apache/pdfbox/examples/signature/CreateSignature.java,,,,,,,,,,,,,,,,,,,,,,,,,6,10,0,4,1,1,6,1,1,1,2,1,1,1,1,1,1,,,,,,0,,1,50,1,1,1,1
Public Method,"org.apache.pdfbox.examples.signature.CreateSignature.signDetached(File,File,String)",examples/src/main/java/org/apache/pdfbox/examples/signature/CreateSignature.java,,,,,,,,,,,,,,,,,,,,,,,,,7,23,2,13,1,6,8,6,2,3,6,1,5,2,2,3,1,,,,,,1,,0,62,2,2,3,1
Public Method,"org.apache.pdfbox.examples.signature.CreateSignature.signDetached(PDDocument,OutputStream)",examples/src/main/java/org/apache/pdfbox/examples/signature/CreateSignature.java,,,,,,,,,,,,,,,,,,,,,,,,,6,53,6,35,8,22,12,21,8,18,22,6,21,4,4,4,1,,,,,,1,,0,34,4,4,4,1
Private Static Method,"org.apache.pdfbox.examples.signature.CreateSignature.usage()",examples/src/main/java/org/apache/pdfbox/examples/signature/CreateSignature.java,,,,,,,,,,,,,,,,,,,,,,,,,2,8,0,8,1,5,0,2,1,1,2,1,1,1,1,1,1,,,,,,0,,0,00,1,1,1,1
Public Abstract Class,"org.apache.pdfbox.examples.signature.CreateSignatureBase",examples/src/main/java/org/apache/pdfbox/examples/signature/CreateSignatureBase.java,1,1,2,1,14,0,9,5,2,25,3,,0,0,,,8,4,8,20,0,0,0,8,,132,10,82,25,34,40,,,32,47,23,31,,,,,5,5,6,1,1,3,71,0,49,14,14,16,8
Public Constructor,"org.apache.pdfbox.examples.signature.CreateSignatureBase.CreateSignatureBase(KeyStore,char[])",examples/src/main/java/org/apache/pdfbox/examples/signature/CreateSignatureBase.java,,,,,,,,,,,,,,,,,,,,,,,,,5,45,2,27,6,14,16,11,8,11,16,5,13,5,5,6,1,,,,,,3,,0,59,5,5,6,1
Public Method,"org.apache.pdfbox.examples.signature.CreateSignatureBase.getCertificateChain()",examples/src/main/java/org/apache/pdfbox/examples/signature/CreateSignatureBase.java,,,,,,,,,,,,,,,,,,,,,,,,,2,4,0,4,1,1,0,1,1,1,2,1,1,1,1,1,1,,,,,,0,,0,00,1,1,1,1
Public Method,"org.apache.pdfbox.examples.signature.CreateSignatureBase.isExternalSigning()",examples/src/main/java/org/apache/pdfbox/examples/signature/CreateSignatureBase.java,,,,,,,,,,,,,,,,,,,,,,,,,4,4,0,4,1,1,0,1,1,1,2,1,1,1,1,1,1,,,,,,0,,0,00,1,1,1,1
Public Final Method,"org.apache.pdfbox.examples.signature.CreateSignatureBase.setCertificateChain(Certificate[])",examples/src/main/java/org/apache/pdfbox/examples/signature/CreateSignatureBase.java,,,,,,,,,,,,,,,,,,,,,,,,,2,4,0,4,1,1,0,1,1,1,2,1,1,1,1,1,1,,,,,,0,,0,00,1,1,1,1
Public Method,"org.apache.pdfbox.examples.signature.CreateSignatureBase.setExternalSigning(boolean)",examples/src/main/java/org/apache/pdfbox/examples/signature/CreateSignatureBase.java,,,,,,,,,,,,,,,,,,,,,,,,,12,12,0,4,1,1,8,1,1,1,2,1,1,1,1,1,1,,,,,,0,,2,00,1,1,1,1
Public Final Method,"org.apache.pdfbox.examples.signature.CreateSignatureBase.setPrivateKey(PrivateKey)",examples/src/main/java/org/apache/pdfbox/examples/signature/CreateSignatureBase.java,,,,,,,,,,,,,,,,,,,,,,,,,2,4,0,4,1,1,0,1,1,1,2,1,1,1,1,1,1,,,,,,0,,0,00,1,1,1,1
Public Method,"org.apache.pdfbox.examples.signature.CreateSignatureBase.setTsaUrl(String)",examples/src/main/java/org/apache/pdfbox/examples/signature/CreateSignatureBase.java,,,,,,,,,,,,,,,,,,,,,,,,,4,4,0,4,1,1,0,1,1,1,2,1,1,1,1,1,1,,,,,,0,,0,00,1,1,1,1
Public Method,"org.apache.pdfbox.examples.signature.CreateSignatureBase.sign(InputStream)",examples/src/main/java/org/apache/pdfbox/examples/signature/CreateSignatureBase.java,,,,,,,,,,,,,,,,,,,,,,,,,8,40,0,24,8,14,16,12,3,11,14,7,12,3,3,4,1,,,,,,2,,0,67,3,3,4,1
Public Class,"org.apache.pdfbox.examples.signature.CreateSignedTimeStamp",examples/src/main/java/org/apache/pdfbox/examples/signature/CreateSignedTimeStamp.java,1,1,1,1,17,1,11,4,2,21,0,,2,1,,,5,1,7,19,0,1,0,6,,146,17,85,20,42,44,,,32,46,19,35,,,,,3,3,3,1,1,1,71,0,52,12,12,13,7
Public Constructor,"org.apache.pdfbox.examples.signature.CreateSignedTimeStamp.CreateSignedTimeStamp(String)",examples/src/main/java/org/apache/pdfbox/examples/signature/CreateSignedTimeStamp.java,,,,,,,,,,,,,,,,,,,,,,,,,3,9,0,4,1,1,5,2,1,1,2,1,1,1,1,1,1,,,,,,0,,1,25,1,1,1,1
Public Static Method,"org.apache.pdfbox.examples.signature.CreateSignedTimeStamp.main(String[])",examples/src/main/java/org/apache/pdfbox/examples/signature/CreateSignedTimeStamp.java,,,,,,,,,,,,,,,,,,,,,,,,,2,29,4,24,7,15,1,11,4,12,15,7,13,3,3,3,1,,,,,,1,,0,04,3,3,3,1
Public Method,"org.apache.pdfbox.examples.signature.CreateSignedTimeStamp.sign(InputStream)",examples/src/main/java/org/apache/pdfbox/examples/signature/CreateSignedTimeStamp.java,,,,,,,,,,,,,,,,,,,,,,,,,4,15,0,15,3,6,0,4,2,5,7,2,5,2,2,2,1,,,,,,1,,0,00,2,2,2,1
Public Method,"org.apache.pdfbox.examples.signature.CreateSignedTimeStamp.signDetached(File)",examples/src/main/java/org/apache/pdfbox/examples/signature/CreateSignedTimeStamp.java,,,,,,,,,,,,,,,,,,,,,,,,,1,10,0,4,1,1,6,1,1,1,2,1,1,1,1,1,1,,,,,,0,,1,50,1,1,1,1
Public Method,"org.apache.pdfbox.examples.signature.CreateSignedTimeStamp.signDetached(File,File)",examples/src/main/java/org/apache/pdfbox/examples/signature/CreateSignedTimeStamp.java,,,,,,,,,,,,,,,,,,,,,,,,,5,21,1,12,1,5,8,5,2,2,5,1,4,2,2,3,1,,,,,,1,,0,67,2,2,3,1
Public Method,"org.apache.pdfbox.examples.signature.CreateSignedTimeStamp.signDetached(PDDocument,OutputStream)",examples/src/main/java/org/apache/pdfbox/examples/signature/CreateSignedTimeStamp.java,,,,,,,,,,,,,,,,,,,,,,,,,5,33,4,15,3,10,14,9,2,8,10,3,9,2,2,2,1,,,,,,1,,0,93,2,2,2,1
Private Static Method,"org.apache.pdfbox.examples.signature.CreateSignedTimeStamp.usage()",examples/src/main/java/org/apache/pdfbox/examples/signature/CreateSignedTimeStamp.java,,,,,,,,,,,,,,,,,,,,,,,,,2,6,0,6,1,3,0,2,1,1,2,1,1,1,1,1,1,,,,,,0,,0,00,1,1,1,1
Public Class,"org.apache.pdfbox.examples.signature.CreateVisibleSignature",examples/src/main/java/org/apache/pdfbox/examples/signature/CreateVisibleSignature.java,2,2,2,1,28,1,15,11,1,35,0,,2,0,,,12,6,14,34,0,2,0,12,,432,42,229,49,117,161,,,91,128,43,101,,,,,12,12,15,1,2,4,80,0,70,33,33,36,14
Public Constructor,"org.apache.pdfbox.examples.signature.CreateVisibleSignature.CreateVisibleSignature(KeyStore,char[])",examples/src/main/java/org/apache/pdfbox/examples/signature/CreateVisibleSignature.java,,,,,,,,,,,,,,,,,,,,,,,,,6,17,0,5,2,1,12,2,1,1,2,1,1,1,1,1,1,,,,,,0,,2,40,1,1,1,1
Private Method,"org.apache.pdfbox.examples.signature.CreateVisibleSignature.findExistingSignature(PDDocument,String)",examples/src/main/java/org/apache/pdfbox/examples/signature/CreateVisibleSignature.java,,,,,,,,,,,,,,,,,,,,,,,,,4,28,0,24,4,12,4,9,4,9,13,4,10,4,4,4,1,,,,,,3,,0,17,4,4,4,1
Public Method,"org.apache.pdfbox.examples.signature.CreateVisibleSignature.getMemoryUsageSetting()",examples/src/main/java/org/apache/pdfbox/examples/signature/CreateVisibleSignature.java,,,,,,,,,,,,,,,,,,,,,,,,,1,9,0,4,1,1,5,1,1,1,2,1,1,1,1,1,1,,,,,,0,,1,25,1,1,1,1
Public Method,"org.apache.pdfbox.examples.signature.CreateVisibleSignature.isLateExternalSigning()",examples/src/main/java/org/apache/pdfbox/examples/signature/CreateVisibleSignature.java,,,,,,,,,,,,,,,,,,,,,,,,,2,4,0,4,1,1,0,1,1,1,2,1,1,1,1,1,1,,,,,,0,,0,00,1,1,1,1
Public Static Method,"org.apache.pdfbox.examples.signature.CreateVisibleSignature.main(String[])",examples/src/main/java/org/apache/pdfbox/examples/signature/CreateVisibleSignature.java,,,,,,,,,,,,,,,,,,,,,,,,,2,74,5,50,13,30,19,20,14,27,35,13,29,6,6,6,1,,,,,,3,,0,38,6,6,6,1
Public Method,"org.apache.pdfbox.examples.signature.CreateVisibleSignature.setLateExternalSigning(boolean)",examples/src/main/java/org/apache/pdfbox/examples/signature/CreateVisibleSignature.java,,,,,,,,,,,,,,,,,,,,,,,,,1,11,0,4,1,1,7,1,1,1,2,1,1,1,1,1,1,,,,,,0,,1,75,1,1,1,1
Public Method,"org.apache.pdfbox.examples.signature.CreateVisibleSignature.setMemoryUsageSetting(MemoryUsageSetting)",examples/src/main/java/org/apache/pdfbox/examples/signature/CreateVisibleSignature.java,,,,,,,,,,,,,,,,,,,,,,,,,1,9,0,4,1,1,5,1,1,1,2,1,1,1,1,1,1,,,,,,0,,1,25,1,1,1,1
Public Method,"org.apache.pdfbox.examples.signature.CreateVisibleSignature.setVisibleSignDesigner(String,int,int,int,InputStream,int)",examples/src/main/java/org/apache/pdfbox/examples/signature/CreateVisibleSignature.java,,,,,,,,,,,,,,,,,,,,,,,,,13,19,0,8,3,3,11,9,1,3,4,1,3,1,1,1,1,,,,,,0,,1,38,1,1,1,1
Public Method,"org.apache.pdfbox.examples.signature.CreateVisibleSignature.setVisibleSignDesigner(int,InputStream)",examples/src/main/java/org/apache/pdfbox/examples/signature/CreateVisibleSignature.java,,,,,,,,,,,,,,,,,,,,,,,,,3,13,0,6,2,2,7,3,1,2,3,1,2,1,1,1,1,,,,,,0,,1,17,1,1,1,1
Public Method,"org.apache.pdfbox.examples.signature.CreateVisibleSignature.setVisibleSignatureProperties(String,String,String,boolean)",examples/src/main/java/org/apache/pdfbox/examples/signature/CreateVisibleSignature.java,,,,,,,,,,,,,,,,,,,,,,,,,6,14,0,6,2,2,8,5,1,1,2,1,1,1,1,1,1,,,,,,0,,1,33,1,1,1,1
Public Method,"org.apache.pdfbox.examples.signature.CreateVisibleSignature.setVisibleSignatureProperties(String,String,String,int,int,boolean)",examples/src/main/java/org/apache/pdfbox/examples/signature/CreateVisibleSignature.java,,,,,,,,,,,,,,,,,,,,,,,,,12,17,0,7,2,3,10,7,1,1,2,1,1,1,1,1,1,,,,,,0,,1,43,1,1,1,1
Public Method,"org.apache.pdfbox.examples.signature.CreateVisibleSignature.signPDF(File,File,String)",examples/src/main/java/org/apache/pdfbox/examples/signature/CreateVisibleSignature.java,,,,,,,,,,,,,,,,,,,,,,,,,6,12,0,4,1,1,8,1,1,1,2,1,1,1,1,1,1,,,,,,0,,2,00,1,1,1,1
Public Method,"org.apache.pdfbox.examples.signature.CreateVisibleSignature.signPDF(File,File,String,String)",examples/src/main/java/org/apache/pdfbox/examples/signature/CreateVisibleSignature.java,,,,,,,,,,,,,,,,,,,,,,,,,14,163,21,86,8,50,56,53,576,35,48,8,46,12,12,15,1,,,,,,4,,0,65,12,12,15,1
Private Static Method,"org.apache.pdfbox.examples.signature.CreateVisibleSignature.usage()",examples/src/main/java/org/apache/pdfbox/examples/signature/CreateVisibleSignature.java,,,,,,,,,,,,,,,,,,,,,,,,,2,11,0,8,1,5,3,2,1,1,2,1,1,1,1,1,1,,,,,,0,,0,38,1,1,1,1
Public Class,"org.apache.pdfbox.examples.signature.CreateVisibleSignature2",examples/src/main/java/org/apache/pdfbox/examples/signature/CreateVisibleSignature2.java,3,3,3,1,41,3,26,10,1,65,0,,2,0,,,10,3,12,32,0,4,0,8,,526,58,328,71,217,140,,,174,216,69,189,,,,,13,13,16,1,2,4,83,0,43,43,37,47,12
Public Constructor,"org.apache.pdfbox.examples.signature.CreateVisibleSignature2.CreateVisibleSignature2(KeyStore,char[])",examples/src/main/java/org/apache/pdfbox/examples/signature/CreateVisibleSignature2.java,,,,,,,,,,,,,,,,,,,,,,,,,4,17,0,5,2,1,12,2,1,1,2,1,1,1,1,1,1,,,,,,0,,2,40,1,1,1,1
Private Method,"org.apache.pdfbox.examples.signature.CreateVisibleSignature2.createSignatureRectangle(PDDocument,Rectangle2D)",examples/src/main/java/org/apache/pdfbox/examples/signature/CreateVisibleSignature2.java,,,,,,,,,,,,,,,,,,,,,,,,,3,40,0,39,8,34,1,15,4,28,30,8,29,5,2,5,1,,,,,,1,,0,03,5,2,5,1
Private Method,"org.apache.pdfbox.examples.signature.CreateVisibleSignature2.createVisualSignatureTemplate(PDDocument,int,PDRectangle,PDSignature)",examples/src/main/java/org/apache/pdfbox/examples/signature/CreateVisibleSignature2.java,,,,,,,,,,,,,,,,,,,,,,,,,10,120,14,93,26,79,13,70,16,69,75,25,71,7,4,7,1,,,,,,3,,0,14,7,4,7,1
Private Method,"org.apache.pdfbox.examples.signature.CreateVisibleSignature2.findExistingSignature(PDAcroForm,String)",examples/src/main/java/org/apache/pdfbox/examples/signature/CreateVisibleSignature2.java,,,,,,,,,,,,,,,,,,,,,,,,,4,27,0,23,3,11,4,7,4,8,12,3,9,4,4,4,1,,,,,,3,,0,17,4,4,4,1
Public Method,"org.apache.pdfbox.examples.signature.CreateVisibleSignature2.getImageFile()",examples/src/main/java/org/apache/pdfbox/examples/signature/CreateVisibleSignature2.java,,,,,,,,,,,,,,,,,,,,,,,,,1,4,0,4,1,1,0,1,1,1,2,1,1,1,1,1,1,,,,,,0,,0,00,1,1,1,1
Public Method,"org.apache.pdfbox.examples.signature.CreateVisibleSignature2.isLateExternalSigning()",examples/src/main/java/org/apache/pdfbox/examples/signature/CreateVisibleSignature2.java,,,,,,,,,,,,,,,,,,,,,,,,,2,4,0,4,1,1,0,1,1,1,2,1,1,1,1,1,1,,,,,,0,,0,00,1,1,1,1
Public Static Method,"org.apache.pdfbox.examples.signature.CreateVisibleSignature2.main(String[])",examples/src/main/java/org/apache/pdfbox/examples/signature/CreateVisibleSignature2.java,,,,,,,,,,,,,,,,,,,,,,,,,2,78,9,48,13,29,21,18,28,25,33,13,28,7,7,8,1,,,,,,3,,0,44,7,7,8,1
Public Method,"org.apache.pdfbox.examples.signature.CreateVisibleSignature2.setImageFile(File)",examples/src/main/java/org/apache/pdfbox/examples/signature/CreateVisibleSignature2.java,,,,,,,,,,,,,,,,,,,,,,,,,3,4,0,4,1,1,0,1,1,1,2,1,1,1,1,1,1,,,,,,0,,0,00,1,1,1,1
Public Method,"org.apache.pdfbox.examples.signature.CreateVisibleSignature2.setLateExternalSigning(boolean)",examples/src/main/java/org/apache/pdfbox/examples/signature/CreateVisibleSignature2.java,,,,,,,,,,,,,,,,,,,,,,,,,1,11,0,4,1,1,7,1,1,1,2,1,1,1,1,1,1,,,,,,0,,1,75,1,1,1,1
Public Method,"org.apache.pdfbox.examples.signature.CreateVisibleSignature2.signPDF(File,File,Rectangle2D,String)",examples/src/main/java/org/apache/pdfbox/examples/signature/CreateVisibleSignature2.java,,,,,,,,,,,,,,,,,,,,,,,,,5,13,0,4,1,1,9,1,1,1,2,1,1,1,1,1,1,,,,,,0,,2,25,1,1,1,1
Public Method,"org.apache.pdfbox.examples.signature.CreateVisibleSignature2.signPDF(File,File,Rectangle2D,String,String)",examples/src/main/java/org/apache/pdfbox/examples/signature/CreateVisibleSignature2.java,,,,,,,,,,,,,,,,,,,,,,,,,12,162,21,86,9,51,55,50,864,34,48,9,45,13,13,16,1,,,,,,4,,0,64,13,13,16,1
Private Static Method,"org.apache.pdfbox.examples.signature.CreateVisibleSignature2.usage()",examples/src/main/java/org/apache/pdfbox/examples/signature/CreateVisibleSignature2.java,,,,,,,,,,,,,,,,,,,,,,,,,2,14,1,8,1,5,5,2,1,1,2,1,1,1,1,1,1,,,,,,0,,0,62,1,1,1,1
Public Final Class,"org.apache.pdfbox.examples.signature.ShowSignature",examples/src/main/java/org/apache/pdfbox/examples/signature/ShowSignature.java,6,6,6,2,57,2,45,9,1,75,0,,2,1,,,8,1,10,22,0,9,0,1,,603,36,463,95,260,104,,,165,233,84,209,,,,,21,17,23,10,1,8,90,0,22,64,60,67,22
Private Constructor,"org.apache.pdfbox.examples.signature.ShowSignature.ShowSignature()",examples/src/main/java/org/apache/pdfbox/examples/signature/ShowSignature.java,,,,,,,,,,,,,,,,,,,,,,,,,1,3,0,3,1,0,0,1,1,0,1,1,0,1,1,1,1,,,,,,0,,0,00,1,1,1,1
Private Method,"org.apache.pdfbox.examples.signature.ShowSignature.analyseDSS(PDDocument)",examples/src/main/java/org/apache/pdfbox/examples/signature/ShowSignature.java,,,,,,,,,,,,,,,,,,,,,,,,,3,33,1,25,7,14,7,5,9,10,15,7,13,5,5,5,1,,,,,,2,,0,28,5,5,5,1
Private Method,"org.apache.pdfbox.examples.signature.ShowSignature.checkContentValueWithFile(File,int[],byte[])",examples/src/main/java/org/apache/pdfbox/examples/signature/ShowSignature.java,,,,,,,,,,,,,,,,,,,,,,,,,7,60,0,54,6,33,6,10,64,18,27,7,23,8,8,9,4,,,,,,4,,0,11,8,8,9,4
Private Method,"org.apache.pdfbox.examples.signature.ShowSignature.getRootCertificates()",examples/src/main/java/org/apache/pdfbox/examples/signature/ShowSignature.java,,,,,,,,,,,,,,,,,,,,,,,,,0,37,3,31,6,15,3,11,6,12,19,7,15,4,4,4,1,,,,,,2,,0,10,4,4,4,1
Public Static Method,"org.apache.pdfbox.examples.signature.ShowSignature.main(String[])",examples/src/main/java/org/apache/pdfbox/examples/signature/ShowSignature.java,,,,,,,,,,,,,,,,,,,,,,,,,1,21,1,9,5,3,11,4,1,3,4,2,3,1,1,1,1,,,,,,0,,1,22,1,1,1,1
Private Method,"org.apache.pdfbox.examples.signature.ShowSignature.printStreamsFromArray(COSArray,String)",examples/src/main/java/org/apache/pdfbox/examples/signature/ShowSignature.java,,,,,,,,,,,,,,,,,,,,,,,,,4,24,0,17,4,8,7,6,3,4,9,5,6,3,3,3,1,,,,,,3,,0,41,3,3,3,1
Private Method,"org.apache.pdfbox.examples.signature.ShowSignature.showSignature(String[])",examples/src/main/java/org/apache/pdfbox/examples/signature/ShowSignature.java,,,,,,,,,,,,,,,,,,,,,,,,,8,181,9,153,29,89,19,38,223,56,75,25,70,21,17,23,10,,,,,,8,,0,12,21,17,23,10
Private Static Method,"org.apache.pdfbox.examples.signature.ShowSignature.usage()",examples/src/main/java/org/apache/pdfbox/examples/signature/ShowSignature.java,,,,,,,,,,,,,,,,,,,,,,,,,2,10,0,5,1,2,5,2,1,1,2,1,1,1,1,1,1,,,,,,0,,1,00,1,1,1,1
Private Method,"org.apache.pdfbox.examples.signature.ShowSignature.verifyETSIdotRFC3161(InputStream,byte[])",examples/src/main/java/org/apache/pdfbox/examples/signature/ShowSignature.java,,,,,,,,,,,,,,,,,,,,,,,,,5,57,3,39,11,24,15,23,8,16,21,9,20,4,4,4,1,,,,,,2,,0,38,4,4,4,1
Private Method,"org.apache.pdfbox.examples.signature.ShowSignature.verifyPKCS7(InputStream,byte[],PDSignature)",examples/src/main/java/org/apache/pdfbox/examples/signature/ShowSignature.java,,,,,,,,,,,,,,,,,,,,,,,,,7,152,8,122,22,70,22,46,2880,43,57,17,56,16,16,16,1,,,,,,3,,0,18,16,16,16,1
Public Class,"org.apache.pdfbox.examples.signature.SigUtils",examples/src/main/java/org/apache/pdfbox/examples/signature/SigUtils.java,2,2,4,1,26,0,18,8,1,59,0,,13,1,,,1,0,14,26,0,1,0,13,,391,20,256,79,138,120,,,93,138,64,116,,,,,9,9,10,8,1,8,0,0,47,42,42,58,28
Private Constructor,"org.apache.pdfbox.examples.signature.SigUtils.SigUtils()",examples/src/main/java/org/apache/pdfbox/examples/signature/SigUtils.java,,,,,,,,,,,,,,,,,,,,,,,,,0,3,0,3,1,0,0,1,1,0,1,1,0,1,1,1,1,,,,,,0,,0,00,1,1,1,1
Public Static Method,"org.apache.pdfbox.examples.signature.SigUtils.checkCertificateUsage(X509Certificate)",examples/src/main/java/org/apache/pdfbox/examples/signature/SigUtils.java,,,,,,,,,,,,,,,,,,,,,,,,,8,35,0,22,4,14,13,6,4,4,7,3,6,3,3,10,1,,,,,,1,,0,59,3,3,10,1
Public Static Method,"org.apache.pdfbox.examples.signature.SigUtils.checkCrossReferenceTable(PDDocument)",examples/src/main/java/org/apache/pdfbox/examples/signature/SigUtils.java,,,,,,,,,,,,,,,,,,,,,,,,,2,24,0,18,3,9,7,8,4,5,10,4,7,4,4,4,1,,,,,,3,,0,39,4,4,4,1
Public Static Method,"org.apache.pdfbox.examples.signature.SigUtils.checkResponderCertificateUsage(X509Certificate)",examples/src/main/java/org/apache/pdfbox/examples/signature/SigUtils.java,,,,,,,,,,,,,,,,,,,,,,,,,4,17,0,10,3,4,7,4,2,2,4,2,3,2,2,3,1,,,,,,1,,0,70,2,2,3,1
Public Static Method,"org.apache.pdfbox.examples.signature.SigUtils.checkTimeStampCertificateUsage(X509Certificate)",examples/src/main/java/org/apache/pdfbox/examples/signature/SigUtils.java,,,,,,,,,,,,,,,,,,,,,,,,,8,17,0,10,3,4,7,4,2,2,4,2,3,2,2,3,1,,,,,,1,,0,70,2,2,3,1
Public Static Method,"org.apache.pdfbox.examples.signature.SigUtils.extractTimeStampTokenFromSignerInformation(SignerInformation)",examples/src/main/java/org/apache/pdfbox/examples/signature/SigUtils.java,,,,,,,,,,,,,,,,,,,,,,,,,5,19,0,18,7,10,1,6,3,7,10,5,9,3,3,3,3,,,,,,1,,0,06,3,3,3,3
Public Static Method,"org.apache.pdfbox.examples.signature.SigUtils.getCertificateFromTimeStampToken(TimeStampToken)",examples/src/main/java/org/apache/pdfbox/examples/signature/SigUtils.java,,,,,,,,,,,,,,,,,,,,,,,,,3,15,0,9,6,3,7,7,1,3,4,3,3,1,1,1,1,,,,,,0,,0,78,1,1,1,1
Public Static Method,"org.apache.pdfbox.examples.signature.SigUtils.getLastRelevantSignature(PDDocument)",examples/src/main/java/org/apache/pdfbox/examples/signature/SigUtils.java,,,,,,,,,,,,,,,,,,,,,,,,,7,29,1,19,7,10,9,12,3,6,9,5,8,3,3,5,3,,,,,,2,,0,47,4,4,6,4
Lambda Method,"org.apache.pdfbox.examples.signature.SigUtils.getLastRelevantSignature.(lambda_expr_1)(T (inferred))",examples/src/main/java/org/apache/pdfbox/examples/signature/SigUtils.java,,,,,,,,,,,,,,,,,,,,,,,,,1,1,0,1,0,1,0,2,1,0,0,0,0,1,1,1,1,,,,,,0,,0,00,1,1,1,1
Public Static Method,"org.apache.pdfbox.examples.signature.SigUtils.getMDPPermission(PDDocument)",examples/src/main/java/org/apache/pdfbox/examples/signature/SigUtils.java,,,,,,,,,,,,,,,,,,,,,,,,,12,49,0,39,9,20,10,10,9,13,22,9,18,9,9,10,8,,,,,,8,,0,26,9,9,10,8
Public Static Method,"org.apache.pdfbox.examples.signature.SigUtils.getTsaCertificate(String)",examples/src/main/java/org/apache/pdfbox/examples/signature/SigUtils.java,,,,,,,,,,,,,,,,,,,,,,,,,1,18,0,9,6,5,9,7,1,5,6,5,5,1,1,1,1,,,,,,0,,1,00,1,1,1,1
Public Static Method,"org.apache.pdfbox.examples.signature.SigUtils.openURL(String)",examples/src/main/java/org/apache/pdfbox/examples/signature/SigUtils.java,,,,,,,,,,,,,,,,,,,,,,,,,8,40,0,30,5,19,12,14,4,11,15,5,14,4,4,8,1,,,,,,2,,0,40,4,4,8,1
Public Static Method,"org.apache.pdfbox.examples.signature.SigUtils.setMDPPermission(PDDocument,PDSignature,int)",examples/src/main/java/org/apache/pdfbox/examples/signature/SigUtils.java,,,,,,,,,,,,,,,,,,,,,,,,,18,57,5,37,8,27,15,17,5,24,29,8,27,4,4,4,3,,,,,,2,,0,41,4,4,4,3
Public Static Method,"org.apache.pdfbox.examples.signature.SigUtils.validateTimestampToken(TimeStampToken)",examples/src/main/java/org/apache/pdfbox/examples/signature/SigUtils.java,,,,,,,,,,,,,,,,,,,,,,,,,6,12,0,11,8,4,2,9,1,4,5,4,4,1,1,1,1,,,,,,0,,0,18,1,1,1,1
Public Static Method,"org.apache.pdfbox.examples.signature.SigUtils.verifyCertificateChain(Store<X509CertificateHolder>,X509Certificate,Date)",examples/src/main/java/org/apache/pdfbox/examples/signature/SigUtils.java,,,,,,,,,,,,,,,,,,,,,,,,,9,33,0,17,7,8,16,6,3,6,10,6,8,3,3,3,1,,,,,,2,,0,94,3,3,3,1
Public Class,"org.apache.pdfbox.examples.signature.TSAClient",examples/src/main/java/org/apache/pdfbox/examples/signature/TSAClient.java,3,3,4,1,39,4,27,7,1,27,0,,0,3,,,3,4,3,15,0,1,0,2,,142,20,93,24,54,29,,,46,57,23,47,,,,,5,5,8,1,1,2,25,0,31,10,10,13,3
Public Constructor,"org.apache.pdfbox.examples.signature.TSAClient.TSAClient(URL,String,String,MessageDigest)",examples/src/main/java/org/apache/pdfbox/examples/signature/TSAClient.java,,,,,,,,,,,,,,,,,,,,,,,,,6,14,0,7,1,4,7,5,1,4,5,1,4,1,1,1,1,,,,,,0,,1,00,1,1,1,1
Private Method,"org.apache.pdfbox.examples.signature.TSAClient.getTSAResponse(byte[])",examples/src/main/java/org/apache/pdfbox/examples/signature/TSAClient.java,,,,,,,,,,,,,,,,,,,,,,,,,9,52,8,42,4,26,2,18,12,19,24,4,22,5,5,8,1,,,,,,2,,0,05,5,5,8,1
Public Method,"org.apache.pdfbox.examples.signature.TSAClient.getTimeStampToken(InputStream)",examples/src/main/java/org/apache/pdfbox/examples/signature/TSAClient.java,,,,,,,,,,,,,,,,,,,,,,,,,9,51,6,33,10,21,12,19,8,16,20,10,18,4,4,4,1,,,,,,1,,0,36,4,4,4,1
Public Class,"org.apache.pdfbox.examples.signature.ValidationTimeStamp",examples/src/main/java/org/apache/pdfbox/examples/signature/ValidationTimeStamp.java,1,1,1,1,20,1,10,8,1,24,0,,0,0,,,4,1,4,16,0,1,0,3,,96,10,47,21,23,39,,,19,28,18,20,,,,,2,2,2,1,1,1,25,0,83,7,7,7,4
Public Constructor,"org.apache.pdfbox.examples.signature.ValidationTimeStamp.ValidationTimeStamp(String)",examples/src/main/java/org/apache/pdfbox/examples/signature/ValidationTimeStamp.java,,,,,,,,,,,,,,,,,,,,,,,,,4,13,0,8,2,3,5,5,2,2,4,2,3,2,2,2,1,,,,,,1,,0,62,2,2,2,1
Public Method,"org.apache.pdfbox.examples.signature.ValidationTimeStamp.addSignedTimeStamp(CMSSignedData)",examples/src/main/java/org/apache/pdfbox/examples/signature/ValidationTimeStamp.java,,,,,,,,,,,,,,,,,,,,,,,,,3,23,2,11,4,5,10,7,2,4,7,4,5,2,2,2,1,,,,,,1,,0,91,2,2,2,1
Public Method,"org.apache.pdfbox.examples.signature.ValidationTimeStamp.getTimeStampToken(InputStream)",examples/src/main/java/org/apache/pdfbox/examples/signature/ValidationTimeStamp.java,,,,,,,,,,,,,,,,,,,,,,,,,3,12,0,5,2,2,7,3,1,2,3,2,2,1,1,1,1,,,,,,0,,1,40,1,1,1,1
Private Method,"org.apache.pdfbox.examples.signature.ValidationTimeStamp.signTimeStamp(SignerInformation)",examples/src/main/java/org/apache/pdfbox/examples/signature/ValidationTimeStamp.java,,,,,,,,,,,,,,,,,,,,,,,,,4,33,4,19,11,13,10,10,2,10,12,8,10,2,2,2,1,,,,,,1,,0,53,2,2,2,1
Package,"org.apache.pdfbox.examples.signature.cert",examples/src/main/java/org/apache/pdfbox/examples/signature/cert/CertificateVerificationException.java,3,3,3,1,28,1,20,7,,,,7,14,6,6,,30,13,44,,1,19,0,24,,1665,118,1099,348,497,454,,,474,635,322,405,,,,,13,13,14,7,,5,,0,41,145,140,157,83
Public Final Class,"org.apache.pdfbox.examples.signature.cert.CRLVerifier",examples/src/main/java/org/apache/pdfbox/examples/signature/cert/CRLVerifier.java,4,4,5,2,40,1,30,9,1,46,0,,6,1,,,1,0,7,19,0,3,0,4,,314,16,215,44,110,87,,,65,102,36,84,,,,,13,13,13,7,1,4,0,0,40,30,30,35,17
Private Constructor,"org.apache.pdfbox.examples.signature.cert.CRLVerifier.CRLVerifier()",examples/src/main/java/org/apache/pdfbox/examples/signature/cert/CRLVerifier.java,,,,,,,,,,,,,,,,,,,,,,,,,0,3,0,3,1,0,0,1,1,0,1,1,0,1,1,1,1,,,,,,0,,0,00,1,1,1,1
Public Static Method,"org.apache.pdfbox.examples.signature.cert.CRLVerifier.checkRevocation(X509CRL,X509Certificate,Date,String)",examples/src/main/java/org/apache/pdfbox/examples/signature/cert/CRLVerifier.java,,,,,,,,,,,,,,,,,,,,,,,,,7,32,0,23,4,12,9,5,3,4,7,2,6,3,3,4,1,,,,,,1,,0,39,3,3,4,1
Private Static Method,"org.apache.pdfbox.examples.signature.cert.CRLVerifier.downloadCRL(String)",examples/src/main/java/org/apache/pdfbox/examples/signature/cert/CRLVerifier.java,,,,,,,,,,,,,,,,,,,,,,,,,2,23,0,20,3,9,6,5,3,3,6,1,5,3,3,5,3,,,,,,1,,0,30,3,3,5,3
Private Static Method,"org.apache.pdfbox.examples.signature.cert.CRLVerifier.downloadCRLFromLDAP(String)",examples/src/main/java/org/apache/pdfbox/examples/signature/cert/CRLVerifier.java,,,,,,,,,,,,,,,,,,,,,,,,,5,32,2,24,11,14,6,11,2,12,14,8,13,2,2,3,1,,,,,,1,,0,25,2,2,3,1
Public Static Method,"org.apache.pdfbox.examples.signature.cert.CRLVerifier.downloadCRLFromWeb(String)",examples/src/main/java/org/apache/pdfbox/examples/signature/cert/CRLVerifier.java,,,,,,,,,,,,,,,,,,,,,,,,,3,12,0,8,2,2,4,4,1,1,3,1,2,1,1,1,1,,,,,,1,,0,50,1,1,1,1
Public Static Method,"org.apache.pdfbox.examples.signature.cert.CRLVerifier.getCrlDistributionPoints(X509Certificate)",examples/src/main/java/org/apache/pdfbox/examples/signature/cert/CRLVerifier.java,,,,,,,,,,,,,,,,,,,,,,,,,6,56,0,46,11,24,10,18,7,16,27,12,21,7,7,8,3,,,,,,4,,0,22,7,7,8,3
Public Static Method,"org.apache.pdfbox.examples.signature.cert.CRLVerifier.verifyCertificateCRLs(X509Certificate,Date,Set<X509Certificate>)",examples/src/main/java/org/apache/pdfbox/examples/signature/cert/CRLVerifier.java,,,,,,,,,,,,,,,,,,,,,,,,,8,122,7,87,10,48,29,27,148,28,42,9,36,13,13,13,7,,,,,,4,,0,33,13,13,13,7
Public Class,"org.apache.pdfbox.examples.signature.cert.CertificateVerificationException",examples/src/main/java/org/apache/pdfbox/examples/signature/cert/CertificateVerificationException.java,1,1,1,1,4,0,4,0,1,1,0,,0,1,,,2,0,2,45,0,0,0,2,,37,2,12,4,3,23,,,3,6,4,2,,,,,1,1,1,1,1,0,0,1,92,2,2,2,2
Public Constructor,"org.apache.pdfbox.examples.signature.cert.CertificateVerificationException.CertificateVerificationException(String)",examples/src/main/java/org/apache/pdfbox/examples/signature/cert/CertificateVerificationException.java,,,,,,,,,,,,,,,,,,,,,,,,,6,4,0,4,1,1,0,2,1,1,2,1,1,1,1,1,1,,,,,,0,,0,00,1,1,1,1
Public Constructor,"org.apache.pdfbox.examples.signature.cert.CertificateVerificationException.CertificateVerificationException(String,Throwable)",examples/src/main/java/org/apache/pdfbox/examples/signature/cert/CertificateVerificationException.java,,,,,,,,,,,,,,,,,,,,,,,,,5,4,0,4,1,1,0,2,1,1,2,1,1,1,1,1,1,,,,,,0,,0,00,1,1,1,1
Public Class,"org.apache.pdfbox.examples.signature.cert.CertificateVerificationResult",examples/src/main/java/org/apache/pdfbox/examples/signature/cert/CertificateVerificationResult.java,1,1,1,1,5,0,4,0,1,2,0,,0,0,,,5,3,5,17,0,0,0,5,,60,5,28,9,7,27,,,10,16,9,7,,,,,1,1,1,1,1,0,53,0,96,5,5,5,5
Public Constructor,"org.apache.pdfbox.examples.signature.cert.CertificateVerificationResult.CertificateVerificationResult(PKIXCertPathBuilderResult)",examples/src/main/java/org/apache/pdfbox/examples/signature/cert/CertificateVerificationResult.java,,,,,,,,,,,,,,,,,,,,,,,,,1,9,0,5,1,2,4,3,1,2,3,1,2,1,1,1,1,,,,,,0,,0,80,1,1,1,1
Public Constructor,"org.apache.pdfbox.examples.signature.cert.CertificateVerificationResult.CertificateVerificationResult(Throwable)",examples/src/main/java/org/apache/pdfbox/examples/signature/cert/CertificateVerificationResult.java,,,,,,,,,,,,,,,,,,,,,,,,,1,5,0,5,1,2,0,3,1,2,3,1,2,1,1,1,1,,,,,,0,,0,00,1,1,1,1
Public Method,"org.apache.pdfbox.examples.signature.cert.CertificateVerificationResult.getException()",examples/src/main/java/org/apache/pdfbox/examples/signature/cert/CertificateVerificationResult.java,,,,,,,,,,,,,,,,,,,,,,,,,1,4,0,4,1,1,0,1,1,1,2,1,1,1,1,1,1,,,,,,0,,0,00,1,1,1,1
Public Method,"org.apache.pdfbox.examples.signature.cert.CertificateVerificationResult.getResult()",examples/src/main/java/org/apache/pdfbox/examples/signature/cert/CertificateVerificationResult.java,,,,,,,,,,,,,,,,,,,,,,,,,1,4,0,4,1,1,0,1,1,1,2,1,1,1,1,1,1,,,,,,0,,0,00,1,1,1,1
Public Method,"org.apache.pdfbox.examples.signature.cert.CertificateVerificationResult.isValid()",examples/src/main/java/org/apache/pdfbox/examples/signature/cert/CertificateVerificationResult.java,,,,,,,,,,,,,,,,,,,,,,,,,1,4,0,4,1,1,0,1,1,1,2,1,1,1,1,1,1,,,,,,0,,0,00,1,1,1,1
Public Final Class,"org.apache.pdfbox.examples.signature.cert.CertificateVerifier",examples/src/main/java/org/apache/pdfbox/examples/signature/cert/CertificateVerifier.java,4,4,5,2,47,2,32,13,1,54,0,,8,1,,,1,0,9,21,0,6,0,3,,461,29,292,70,159,140,,,109,155,58,136,,,,,13,13,14,6,1,5,0,0,48,44,44,46,23
Private Constructor,"org.apache.pdfbox.examples.signature.cert.CertificateVerifier.CertificateVerifier()",examples/src/main/java/org/apache/pdfbox/examples/signature/cert/CertificateVerifier.java,,,,,,,,,,,,,,,,,,,,,,,,,0,4,1,3,1,0,0,1,1,0,1,1,0,1,1,1,1,,,,,,0,,0,00,1,1,1,1
Private Static Method,"org.apache.pdfbox.examples.signature.cert.CertificateVerifier.checkRevocations(X509Certificate,Set<X509Certificate>,Date)",examples/src/main/java/org/apache/pdfbox/examples/signature/cert/CertificateVerifier.java,,,,,,,,,,,,,,,,,,,,,,,,,5,25,0,22,5,7,3,5,4,3,8,2,6,4,4,4,1,,,,,,2,,0,14,4,4,4,1
Private Static Method,"org.apache.pdfbox.examples.signature.cert.CertificateVerifier.checkRevocationsWithIssuer(X509Certificate,X509Certificate,Set<X509Certificate>,Date)",examples/src/main/java/org/apache/pdfbox/examples/signature/cert/CertificateVerifier.java,,,,,,,,,,,,,,,,,,,,,,,,,7,35,2,27,6,13,6,9,3,9,12,3,11,3,3,3,1,,,,,,2,,0,22,3,3,3,1
Public Static Method,"org.apache.pdfbox.examples.signature.cert.CertificateVerifier.downloadExtraCertificates(X509Extension)",examples/src/main/java/org/apache/pdfbox/examples/signature/cert/CertificateVerifier.java,,,,,,,,,,,,,,,,,,,,,,,,,10,68,0,56,13,34,12,23,10,26,33,13,30,8,8,8,6,,,,,,2,,0,21,9,9,9,7
Lambda Method,"org.apache.pdfbox.examples.signature.cert.CertificateVerifier.downloadExtraCertificates.(lambda_expr_1)(Certificate (inferred))",examples/src/main/java/org/apache/pdfbox/examples/signature/cert/CertificateVerifier.java,,,,,,,,,,,,,,,,,,,,,,,,,1,1,0,1,0,1,0,2,1,0,0,0,0,1,1,1,1,,,,,,0,,0,00,1,1,1,1
Private Static Method,"org.apache.pdfbox.examples.signature.cert.CertificateVerifier.extractOCSPURL(X509Certificate)",examples/src/main/java/org/apache/pdfbox/examples/signature/cert/CertificateVerifier.java,,,,,,,,,,,,,,,,,,,,,,,,,6,35,0,24,9,15,11,13,4,11,15,9,14,4,4,5,4,,,,,,3,,0,46,4,4,5,4
Public Static Method,"org.apache.pdfbox.examples.signature.cert.CertificateVerifier.isSelfSigned(X509Certificate)",examples/src/main/java/org/apache/pdfbox/examples/signature/cert/CertificateVerifier.java,,,,,,,,,,,,,,,,,,,,,,,,,8,22,0,14,2,7,8,5,2,5,7,2,6,2,2,2,1,,,,,,1,,0,57,2,2,2,1
Private Static Method,"org.apache.pdfbox.examples.signature.cert.CertificateVerifier.verifyCertificate(X509Certificate,Set<TrustAnchor>,Set<X509Certificate>,Date)",examples/src/main/java/org/apache/pdfbox/examples/signature/cert/CertificateVerifier.java,,,,,,,,,,,,,,,,,,,,,,,,,5,55,6,17,9,11,32,12,1,10,11,5,10,1,1,1,1,,,,,,0,,1,88,1,1,1,1
Public Static Method,"org.apache.pdfbox.examples.signature.cert.CertificateVerifier.verifyCertificate(X509Certificate,Set<X509Certificate>,boolean,Date)",examples/src/main/java/org/apache/pdfbox/examples/signature/cert/CertificateVerifier.java,,,,,,,,,,,,,,,,,,,,,,,,,11,117,8,80,14,45,29,18,123,25,39,12,34,13,13,14,4,,,,,,5,,0,36,13,13,14,4
Private Static Method,"org.apache.pdfbox.examples.signature.cert.CertificateVerifier.verifyOCSP(OcspHelper,Set<X509Certificate>)",examples/src/main/java/org/apache/pdfbox/examples/signature/cert/CertificateVerifier.java,,,,,,,,,,,,,,,,,,,,,,,,,7,64,3,45,9,26,16,18,12,19,27,9,24,7,7,7,3,,,,,,3,,0,36,7,7,7,3
Public Class,"org.apache.pdfbox.examples.signature.cert.OcspHelper",examples/src/main/java/org/apache/pdfbox/examples/signature/cert/OcspHelper.java,3,3,4,2,33,1,23,8,1,53,0,,0,2,,,15,8,15,27,1,10,0,4,,575,42,395,77,212,140,,,142,207,71,171,,,,,11,11,11,7,1,3,82,0,35,57,52,62,30
Public Constructor,"org.apache.pdfbox.examples.signature.cert.OcspHelper.OcspHelper(X509Certificate,Date,X509Certificate,Set<X509Certificate>,String)",examples/src/main/java/org/apache/pdfbox/examples/signature/cert/OcspHelper.java,,,,,,,,,,,,,,,,,,,,,,,,,7,19,0,9,2,5,10,6,1,5,6,1,5,1,1,1,1,,,,,,0,,1,11,1,1,1,1
Private Static Class,"org.apache.pdfbox.examples.signature.cert.OcspHelper.SHA1DigestCalculator",examples/src/main/java/org/apache/pdfbox/examples/signature/cert/OcspHelper.java,1,1,1,1,9,0,8,0,2,8,0,,0,0,,,3,1,3,15,0,0,0,3,,38,4,30,10,11,4,,,9,14,7,10,,,,,2,2,2,1,1,1,33,0,13,4,4,4,3
Public Method,"org.apache.pdfbox.examples.signature.cert.OcspHelper.SHA1DigestCalculator.getAlgorithmIdentifier()",examples/src/main/java/org/apache/pdfbox/examples/signature/cert/OcspHelper.java,,,,,,,,,,,,,,,,,,,,,,,,,1,5,0,5,2,1,0,1,1,1,2,1,1,1,1,1,1,,,,,,0,,0,00,1,1,1,1
Public Method,"org.apache.pdfbox.examples.signature.cert.OcspHelper.SHA1DigestCalculator.getDigest()",examples/src/main/java/org/apache/pdfbox/examples/signature/cert/OcspHelper.java,,,,,,,,,,,,,,,,,,,,,,,,,3,18,1,16,4,8,1,6,2,6,8,3,7,2,2,2,1,,,,,,1,,0,06,2,2,2,1
Public Method,"org.apache.pdfbox.examples.signature.cert.OcspHelper.SHA1DigestCalculator.getOutputStream()",examples/src/main/java/org/apache/pdfbox/examples/signature/cert/OcspHelper.java,,,,,,,,,,,,,,,,,,,,,,,,,1,5,0,5,2,1,0,1,1,1,2,1,1,1,1,1,1,,,,,,0,,0,00,1,1,1,1
Private Method,"org.apache.pdfbox.examples.signature.cert.OcspHelper.checkNonce(BasicOCSPResp)",examples/src/main/java/org/apache/pdfbox/examples/signature/cert/OcspHelper.java,,,,,,,,,,,,,,,,,,,,,,,,,5,30,0,18,3,9,12,5,3,6,9,3,8,3,3,3,3,,,,,,2,,0,67,3,3,3,3
Private Method,"org.apache.pdfbox.examples.signature.cert.OcspHelper.checkOcspResponseFresh(SingleResp)",examples/src/main/java/org/apache/pdfbox/examples/signature/cert/OcspHelper.java,,,,,,,,,,,,,,,,,,,,,,,,,3,32,2,25,4,14,5,7,16,10,15,4,14,5,5,5,1,,,,,,1,,0,20,5,5,5,1
Private Method,"org.apache.pdfbox.examples.signature.cert.OcspHelper.checkOcspSignature(X509Certificate,BasicOCSPResp)",examples/src/main/java/org/apache/pdfbox/examples/signature/cert/OcspHelper.java,,,,,,,,,,,,,,,,,,,,,,,,,4,26,1,17,4,7,8,4,3,3,6,2,5,3,3,3,1,,,,,,2,,0,47,3,3,3,1
Private Method,"org.apache.pdfbox.examples.signature.cert.OcspHelper.create16BytesNonce()",examples/src/main/java/org/apache/pdfbox/examples/signature/cert/OcspHelper.java,,,,,,,,,,,,,,,,,,,,,,,,,2,6,0,6,2,3,0,2,1,3,4,2,2,1,1,1,1,,,,,,0,,0,00,1,1,1,1
Private Method,"org.apache.pdfbox.examples.signature.cert.OcspHelper.findResponderCertificateByKeyHash(BasicOCSPResp,byte[])",examples/src/main/java/org/apache/pdfbox/examples/signature/cert/OcspHelper.java,,,,,,,,,,,,,,,,,,,,,,,,,8,46,1,38,5,18,7,7,13,10,19,6,16,7,7,7,7,,,,,,3,,0,18,7,7,7,7
Private Method,"org.apache.pdfbox.examples.signature.cert.OcspHelper.findResponderCertificateByName(BasicOCSPResp,X500Name)",examples/src/main/java/org/apache/pdfbox/examples/signature/cert/OcspHelper.java,,,,,,,,,,,,,,,,,,,,,,,,,7,35,1,28,3,13,6,8,10,7,15,5,12,6,6,6,6,,,,,,3,,0,21,6,6,6,6
Private Method,"org.apache.pdfbox.examples.signature.cert.OcspHelper.generateOCSPRequest()",examples/src/main/java/org/apache/pdfbox/examples/signature/cert/OcspHelper.java,,,,,,,,,,,,,,,,,,,,,,,,,8,41,5,25,7,17,11,11,2,11,13,5,11,2,2,2,1,,,,,,1,,0,44,2,2,2,1
Method,"org.apache.pdfbox.examples.signature.cert.OcspHelper.getCertificateToCheck()",examples/src/main/java/org/apache/pdfbox/examples/signature/cert/OcspHelper.java,,,,,,,,,,,,,,,,,,,,,,,,,2,9,0,4,1,1,5,1,1,1,2,1,1,1,1,1,1,,,,,,0,,1,25,1,1,1,1
Private Method,"org.apache.pdfbox.examples.signature.cert.OcspHelper.getKeyHashFromCertHolder(X509CertificateHolder)",examples/src/main/java/org/apache/pdfbox/examples/signature/cert/OcspHelper.java,,,,,,,,,,,,,,,,,,,,,,,,,4,23,1,13,2,6,9,7,2,4,6,2,5,2,2,2,1,,,,,,1,,0,69,2,2,2,1
Public Method,"org.apache.pdfbox.examples.signature.cert.OcspHelper.getOcspResponderCertificate()",examples/src/main/java/org/apache/pdfbox/examples/signature/cert/OcspHelper.java,,,,,,,,,,,,,,,,,,,,,,,,,3,10,0,4,1,1,6,1,1,1,2,1,1,1,1,1,1,,,,,,0,,1,50,1,1,1,1
Public Method,"org.apache.pdfbox.examples.signature.cert.OcspHelper.getResponseOcsp()",examples/src/main/java/org/apache/pdfbox/examples/signature/cert/OcspHelper.java,,,,,,,,,,,,,,,,,,,,,,,,,3,16,0,6,2,3,10,3,1,3,4,2,3,1,1,1,1,,,,,,0,,1,67,1,1,1,1
Private Method,"org.apache.pdfbox.examples.signature.cert.OcspHelper.performRequest(String)",examples/src/main/java/org/apache/pdfbox/examples/signature/cert/OcspHelper.java,,,,,,,,,,,,,,,,,,,,,,,,,7,61,1,49,6,30,13,20,5,16,23,6,22,4,4,8,3,,,,,,3,,0,27,4,4,8,3
Private Method,"org.apache.pdfbox.examples.signature.cert.OcspHelper.verifyOcspResponse(OCSPResp)",examples/src/main/java/org/apache/pdfbox/examples/signature/cert/OcspHelper.java,,,,,,,,,,,,,,,,,,,,,,,,,9,98,8,70,11,40,20,19,193,22,33,10,30,11,11,11,1,,,,,,3,,0,29,11,11,11,1
Public Method,"org.apache.pdfbox.examples.signature.cert.OcspHelper.verifyRespStatus(OCSPResp)",examples/src/main/java/org/apache/pdfbox/examples/signature/cert/OcspHelper.java,,,,,,,,,,,,,,,,,,,,,,,,,9,48,0,40,3,31,8,2,16,21,25,3,23,9,4,10,1,,,,,,2,,0,20,9,4,10,1
Public Class,"org.apache.pdfbox.examples.signature.cert.RevokedCertificateException",examples/src/main/java/org/apache/pdfbox/examples/signature/cert/RevokedCertificateException.java,1,1,1,1,4,0,4,0,1,2,0,,0,1,,,3,1,3,46,0,0,0,3,,28,4,19,6,6,5,,,7,11,6,5,,,,,1,1,1,1,1,0,0,0,26,3,3,3,3
Public Constructor,"org.apache.pdfbox.examples.signature.cert.RevokedCertificateException.RevokedCertificateException(String)",examples/src/main/java/org/apache/pdfbox/examples/signature/cert/RevokedCertificateException.java,,,,,,,,,,,,,,,,,,,,,,,,,1,5,0,5,1,2,0,3,1,2,3,1,2,1,1,1,1,,,,,,0,,0,00,1,1,1,1
Public Constructor,"org.apache.pdfbox.examples.signature.cert.RevokedCertificateException.RevokedCertificateException(String,Date)",examples/src/main/java/org/apache/pdfbox/examples/signature/cert/RevokedCertificateException.java,,,,,,,,,,,,,,,,,,,,,,,,,4,5,0,5,1,2,0,3,1,2,3,1,2,1,1,1,1,,,,,,0,,0,00,1,1,1,1
Public Method,"org.apache.pdfbox.examples.signature.cert.RevokedCertificateException.getRevocationTime()",examples/src/main/java/org/apache/pdfbox/examples/signature/cert/RevokedCertificateException.java,,,,,,,,,,,,,,,,,,,,,,,,,1,4,0,4,1,1,0,1,1,1,2,1,1,1,1,1,1,,,,,,0,,0,00,1,1,1,1
Package,"org.apache.pdfbox.examples.signature.validation",examples/src/main/java/org/apache/pdfbox/examples/signature/validation/AddValidationInformation.java,2,2,2,1,22,1,16,5,,,,5,7,5,4,,36,26,43,,1,22,3,17,,1301,115,870,279,394,316,,,394,521,264,340,,,,,9,9,13,6,,3,,0,36,117,117,125,62
Public Class,"org.apache.pdfbox.examples.signature.validation.AddValidationInformation",examples/src/main/java/org/apache/pdfbox/examples/signature/validation/AddValidationInformation.java,3,3,4,1,35,2,25,6,1,61,0,,3,1,,,12,12,15,27,0,13,0,2,,572,55,400,84,225,117,,,171,231,81,193,,,,,9,9,13,3,1,3,81,0,29,58,58,64,20
Private Method,"org.apache.pdfbox.examples.signature.validation.AddValidationInformation.addAllCertsToCertArray()",examples/src/main/java/org/apache/pdfbox/examples/signature/validation/AddValidationInformation.java,,,,,,,,,,,,,,,,,,,,,,,,,5,25,0,19,2,8,6,8,4,4,9,3,7,4,4,4,1,,,,,,3,,0,32,5,5,5,2
Lambda Method,"org.apache.pdfbox.examples.signature.validation.AddValidationInformation.addAllCertsToCertArray.(lambda_expr_1)(COSStream (inferred))",examples/src/main/java/org/apache/pdfbox/examples/signature/validation/AddValidationInformation.java,,,,,,,,,,,,,,,,,,,,,,,,,2,1,0,1,0,1,0,2,1,0,0,0,0,1,1,1,1,,,,,,0,,0,00,1,1,1,1
Private Method,"org.apache.pdfbox.examples.signature.validation.AddValidationInformation.addCrlRevocationInfo(CertSignatureInformation)",examples/src/main/java/org/apache/pdfbox/examples/signature/validation/AddValidationInformation.java,,,,,,,,,,,,,,,,,,,,,,,,,11,74,7,54,13,31,13,32,21,25,33,12,27,7,7,7,3,,,,,,3,,0,24,7,7,7,3
Private Method,"org.apache.pdfbox.examples.signature.validation.AddValidationInformation.addExtensions(PDDocumentCatalog)",examples/src/main/java/org/apache/pdfbox/examples/signature/validation/AddValidationInformation.java,,,,,,,,,,,,,,,,,,,,,,,,,2,21,3,12,3,9,6,7,1,9,10,3,9,1,1,1,1,,,,,,0,,0,50,1,1,1,1
Private Method,"org.apache.pdfbox.examples.signature.validation.AddValidationInformation.addOcspData(CertSignatureInformation)",examples/src/main/java/org/apache/pdfbox/examples/signature/validation/AddValidationInformation.java,,,,,,,,,,,,,,,,,,,,,,,,,11,68,6,49,16,34,13,29,9,25,30,14,26,5,5,5,1,,,,,,1,,0,27,5,5,5,1
Private Method,"org.apache.pdfbox.examples.signature.validation.AddValidationInformation.addRevocationData(CertSignatureInformation)",examples/src/main/java/org/apache/pdfbox/examples/signature/validation/AddValidationInformation.java,,,,,,,,,,,,,,,,,,,,,,,,,3,22,2,12,2,7,8,8,2,6,8,2,7,2,2,2,1,,,,,,1,,0,67,2,2,2,1
Private Method,"org.apache.pdfbox.examples.signature.validation.AddValidationInformation.addRevocationDataRecursive(CertSignatureInformation)",examples/src/main/java/org/apache/pdfbox/examples/signature/validation/AddValidationInformation.java,,,,,,,,,,,,,,,,,,,,,,,,,5,48,3,37,2,18,8,13,53,9,18,2,17,9,9,13,1,,,,,,2,,0,22,9,9,13,1
Private Method,"org.apache.pdfbox.examples.signature.validation.AddValidationInformation.doValidation(String,OutputStream)",examples/src/main/java/org/apache/pdfbox/examples/signature/validation/AddValidationInformation.java,,,,,,,,,,,,,,,,,,,,,,,,,7,62,10,43,9,30,9,26,8,24,29,9,27,5,5,5,1,,,,,,3,,0,21,5,5,5,1
Private Method,"org.apache.pdfbox.examples.signature.validation.AddValidationInformation.fetchCrlData(CertSignatureInformation)",examples/src/main/java/org/apache/pdfbox/examples/signature/validation/AddValidationInformation.java,,,,,,,,,,,,,,,,,,,,,,,,,4,19,0,12,1,5,7,3,2,3,5,1,4,2,2,2,1,,,,,,1,,0,58,2,2,2,1
Private Method,"org.apache.pdfbox.examples.signature.validation.AddValidationInformation.fetchOcspData(CertSignatureInformation)",examples/src/main/java/org/apache/pdfbox/examples/signature/validation/AddValidationInformation.java,,,,,,,,,,,,,,,,,,,,,,,,,5,24,0,17,1,8,7,5,3,5,7,1,6,3,3,3,1,,,,,,1,,0,41,3,3,3,1
Private Static Generic Method,"org.apache.pdfbox.examples.signature.validation.AddValidationInformation.getOrCreateDictionaryEntry(Class<T>,COSDictionary,String)",examples/src/main/java/org/apache/pdfbox/examples/signature/validation/AddValidationInformation.java,,,,,,,,,,,,,,,,,,,,,,,,,5,40,0,30,4,15,10,13,4,10,14,3,12,4,4,5,1,,,,,,2,,0,33,4,4,5,1
TypeVariable,"org.apache.pdfbox.examples.signature.validation.AddValidationInformation.getOrCreateDictionaryEntry.T",examples/src/main/java/org/apache/pdfbox/examples/signature/validation/AddValidationInformation.java,0,0,0,0,0,0,0,0,0,2,0,,0,0,,,0,0,0,0,0,0,0,0,,0,0,0,0,0,0,,,0,0,0,0,,,,,0,0,0,0,0,0,0,0,00,0,0,0,0
Public Static Method,"org.apache.pdfbox.examples.signature.validation.AddValidationInformation.main(String[])",examples/src/main/java/org/apache/pdfbox/examples/signature/validation/AddValidationInformation.java,,,,,,,,,,,,,,,,,,,,,,,,,2,21,4,15,6,10,2,11,2,9,11,6,10,2,2,2,1,,,,,,1,,0,13,2,2,2,1
Private Method,"org.apache.pdfbox.examples.signature.validation.AddValidationInformation.updateVRI(CertSignatureInformation,COSDictionary)",examples/src/main/java/org/apache/pdfbox/examples/signature/validation/AddValidationInformation.java,,,,,,,,,,,,,,,,,,,,,,,,,13,45,3,41,5,24,1,18,20,17,23,5,21,7,7,7,3,,,,,,2,,0,02,7,7,7,3
Private Static Method,"org.apache.pdfbox.examples.signature.validation.AddValidationInformation.usage()",examples/src/main/java/org/apache/pdfbox/examples/signature/validation/AddValidationInformation.java,,,,,,,,,,,,,,,,,,,,,,,,,2,5,0,5,1,2,0,2,1,1,2,1,1,1,1,1,1,,,,,,0,,0,00,1,1,1,1
Public Method,"org.apache.pdfbox.examples.signature.validation.AddValidationInformation.validateSignature(File,File)",examples/src/main/java/org/apache/pdfbox/examples/signature/validation/AddValidationInformation.java,,,,,,,,,,,,,,,,,,,,,,,,,6,37,1,29,3,16,7,9,6,8,13,3,11,4,4,5,1,,,,,,2,,0,24,4,4,5,1
Private Method,"org.apache.pdfbox.examples.signature.validation.AddValidationInformation.writeDataToStream(byte[])",examples/src/main/java/org/apache/pdfbox/examples/signature/validation/AddValidationInformation.java,,,,,,,,,,,,,,,,,,,,,,,,,7,16,0,9,2,4,7,5,1,3,5,2,4,1,1,1,1,,,,,,1,,0,78,1,1,1,1
Public Class,"org.apache.pdfbox.examples.signature.validation.CertInformationCollector",examples/src/main/java/org/apache/pdfbox/examples/signature/validation/CertInformationCollector.java,2,2,2,1,28,1,18,8,1,38,0,,0,2,,,11,4,11,23,1,7,0,3,,413,39,271,73,120,103,,,95,142,62,103,,,,,9,9,10,4,1,2,79,0,38,30,30,31,17
Public Static Class,"org.apache.pdfbox.examples.signature.validation.CertInformationCollector.CertSignatureInformation",examples/src/main/java/org/apache/pdfbox/examples/signature/validation/CertInformationCollector.java,1,1,1,1,4,0,4,0,1,2,0,,0,0,,,11,10,11,23,0,0,0,11,,71,11,57,22,12,3,,,21,33,22,11,,,,,1,1,1,1,1,0,90,0,05,11,11,11,11
Public Method,"org.apache.pdfbox.examples.signature.validation.CertInformationCollector.CertSignatureInformation.getAlternativeCertChain()",examples/src/main/java/org/apache/pdfbox/examples/signature/validation/CertInformationCollector.java,,,,,,,,,,,,,,,,,,,,,,,,,2,4,0,4,1,1,0,1,1,1,2,1,1,1,1,1,1,,,,,,0,,0,00,1,1,1,1
Public Method,"org.apache.pdfbox.examples.signature.validation.CertInformationCollector.CertSignatureInformation.getCertChain()",examples/src/main/java/org/apache/pdfbox/examples/signature/validation/CertInformationCollector.java,,,,,,,,,,,,,,,,,,,,,,,,,3,4,0,4,1,1,0,1,1,1,2,1,1,1,1,1,1,,,,,,0,,0,00,1,1,1,1
Public Method,"org.apache.pdfbox.examples.signature.validation.CertInformationCollector.CertSignatureInformation.getCertificate()",examples/src/main/java/org/apache/pdfbox/examples/signature/validation/CertInformationCollector.java,,,,,,,,,,,,,,,,,,,,,,,,,5,4,0,4,1,1,0,1,1,1,2,1,1,1,1,1,1,,,,,,0,,0,00,1,1,1,1
Public Method,"org.apache.pdfbox.examples.signature.validation.CertInformationCollector.CertSignatureInformation.getCrlUrl()",examples/src/main/java/org/apache/pdfbox/examples/signature/validation/CertInformationCollector.java,,,,,,,,,,,,,,,,,,,,,,,,,3,4,0,4,1,1,0,1,1,1,2,1,1,1,1,1,1,,,,,,0,,0,00,1,1,1,1
Public Method,"org.apache.pdfbox.examples.signature.validation.CertInformationCollector.CertSignatureInformation.getIssuerCertificate()",examples/src/main/java/org/apache/pdfbox/examples/signature/validation/CertInformationCollector.java,,,,,,,,,,,,,,,,,,,,,,,,,4,4,0,4,1,1,0,1,1,1,2,1,1,1,1,1,1,,,,,,0,,0,00,1,1,1,1
Public Method,"org.apache.pdfbox.examples.signature.validation.CertInformationCollector.CertSignatureInformation.getOcspUrl()",examples/src/main/java/org/apache/pdfbox/examples/signature/validation/CertInformationCollector.java,,,,,,,,,,,,,,,,,,,,,,,,,4,4,0,4,1,1,0,1,1,1,2,1,1,1,1,1,1,,,,,,0,,0,00,1,1,1,1
Public Method,"org.apache.pdfbox.examples.signature.validation.CertInformationCollector.CertSignatureInformation.getSignatureHash()",examples/src/main/java/org/apache/pdfbox/examples/signature/validation/CertInformationCollector.java,,,,,,,,,,,,,,,,,,,,,,,,,2,4,0,4,1,1,0,1,1,1,2,1,1,1,1,1,1,,,,,,0,,0,00,1,1,1,1
Public Method,"org.apache.pdfbox.examples.signature.validation.CertInformationCollector.CertSignatureInformation.getTsaCerts()",examples/src/main/java/org/apache/pdfbox/examples/signature/validation/CertInformationCollector.java,,,,,,,,,,,,,,,,,,,,,,,,,2,4,0,4,1,1,0,1,1,1,2,1,1,1,1,1,1,,,,,,0,,0,00,1,1,1,1
Public Method,"org.apache.pdfbox.examples.signature.validation.CertInformationCollector.CertSignatureInformation.isSelfSigned()",examples/src/main/java/org/apache/pdfbox/examples/signature/validation/CertInformationCollector.java,,,,,,,,,,,,,,,,,,,,,,,,,2,4,0,4,1,1,0,1,1,1,2,1,1,1,1,1,1,,,,,,0,,0,00,1,1,1,1
Public Method,"org.apache.pdfbox.examples.signature.validation.CertInformationCollector.CertSignatureInformation.setIssuerUrl(String)",examples/src/main/java/org/apache/pdfbox/examples/signature/validation/CertInformationCollector.java,,,,,,,,,,,,,,,,,,,,,,,,,2,4,0,4,1,1,0,1,1,1,2,1,1,1,1,1,1,,,,,,0,,0,00,1,1,1,1
Public Method,"org.apache.pdfbox.examples.signature.validation.CertInformationCollector.CertSignatureInformation.setOcspUrl(String)",examples/src/main/java/org/apache/pdfbox/examples/signature/validation/CertInformationCollector.java,,,,,,,,,,,,,,,,,,,,,,,,,2,4,0,4,1,1,0,1,1,1,2,1,1,1,1,1,1,,,,,,0,,0,00,1,1,1,1
Private Method,"org.apache.pdfbox.examples.signature.validation.CertInformationCollector.addAllCerts(Collection<X509CertificateHolder>)",examples/src/main/java/org/apache/pdfbox/examples/signature/validation/CertInformationCollector.java,,,,,,,,,,,,,,,,,,,,,,,,,6,20,0,15,2,6,5,3,3,3,7,3,5,3,3,3,1,,,,,,2,,0,33,3,3,3,1
Public Method,"org.apache.pdfbox.examples.signature.validation.CertInformationCollector.addAllCertsFromHolders(X509CertificateHolder[])",examples/src/main/java/org/apache/pdfbox/examples/signature/validation/CertInformationCollector.java,,,,,,,,,,,,,,,,,,,,,,,,,2,12,0,5,2,1,7,2,1,1,2,1,1,1,1,1,1,,,,,,0,,1,40,1,1,1,1
Private Method,"org.apache.pdfbox.examples.signature.validation.CertInformationCollector.addTimestampCerts(SignerInformation)",examples/src/main/java/org/apache/pdfbox/examples/signature/validation/CertInformationCollector.java,,,,,,,,,,,,,,,,,,,,,,,,,6,40,1,31,8,17,8,9,5,11,16,6,14,5,5,5,4,,,,,,1,,0,26,5,5,5,4
Private Method,"org.apache.pdfbox.examples.signature.validation.CertInformationCollector.getAlternativeIssuerCertificate(CertSignatureInformation,int)",examples/src/main/java/org/apache/pdfbox/examples/signature/validation/CertInformationCollector.java,,,,,,,,,,,,,,,,,,,,,,,,,9,37,1,26,5,14,10,9,3,9,13,3,12,3,3,3,1,,,,,,2,,0,38,3,3,3,1
Private Method,"org.apache.pdfbox.examples.signature.validation.CertInformationCollector.getCertFromHolder(X509CertificateHolder)",examples/src/main/java/org/apache/pdfbox/examples/signature/validation/CertInformationCollector.java,,,,,,,,,,,,,,,,,,,,,,,,,6,21,0,13,2,5,8,4,2,3,5,1,4,2,2,2,1,,,,,,1,,0,62,2,2,2,1
Method,"org.apache.pdfbox.examples.signature.validation.CertInformationCollector.getCertInfo(X509Certificate)",examples/src/main/java/org/apache/pdfbox/examples/signature/validation/CertInformationCollector.java,,,,,,,,,,,,,,,,,,,,,,,,,5,20,0,13,2,6,7,3,2,4,6,2,5,2,2,2,1,,,,,,1,,0,54,2,2,2,1
Private Method,"org.apache.pdfbox.examples.signature.validation.CertInformationCollector.getCertInfo(byte[])",examples/src/main/java/org/apache/pdfbox/examples/signature/validation/CertInformationCollector.java,,,,,,,,,,,,,,,,,,,,,,,,,5,28,2,18,4,10,8,8,2,8,10,3,9,2,2,2,1,,,,,,1,,0,44,2,2,2,1
Public Method,"org.apache.pdfbox.examples.signature.validation.CertInformationCollector.getCertificateSet()",examples/src/main/java/org/apache/pdfbox/examples/signature/validation/CertInformationCollector.java,,,,,,,,,,,,,,,,,,,,,,,,,4,9,0,4,1,1,5,1,1,1,2,1,1,1,1,1,1,,,,,,0,,1,25,1,1,1,1
Public Method,"org.apache.pdfbox.examples.signature.validation.CertInformationCollector.getLastCertInfo(PDSignature,String)",examples/src/main/java/org/apache/pdfbox/examples/signature/validation/CertInformationCollector.java,,,,,,,,,,,,,,,,,,,,,,,,,3,18,0,9,3,3,9,4,1,2,4,2,3,1,1,1,1,,,,,,1,,1,00,1,1,1,1
Private Method,"org.apache.pdfbox.examples.signature.validation.CertInformationCollector.processSignerStore(CMSSignedData,CertSignatureInformation)",examples/src/main/java/org/apache/pdfbox/examples/signature/validation/CertInformationCollector.java,,,,,,,,,,,,,,,,,,,,,,,,,6,31,3,17,11,10,11,12,1,10,11,7,10,1,1,1,1,,,,,,0,,0,65,1,1,1,1
Private Method,"org.apache.pdfbox.examples.signature.validation.CertInformationCollector.traverseChain(X509Certificate,CertSignatureInformation,int)",examples/src/main/java/org/apache/pdfbox/examples/signature/validation/CertInformationCollector.java,,,,,,,,,,,,,,,,,,,,,,,,,15,73,5,54,4,30,14,19,112,16,26,4,24,9,9,10,4,,,,,,2,,0,26,9,9,10,4
Public Class,"org.apache.pdfbox.examples.signature.validation.CertInformationHelper",examples/src/main/java/org/apache/pdfbox/examples/signature/validation/CertInformationHelper.java,3,3,3,2,24,0,18,5,1,17,0,,4,1,,,1,0,5,17,0,2,3,0,,130,8,95,24,47,27,,,31,49,23,43,,,,,6,6,6,6,1,3,0,0,28,17,17,18,13
Private Constructor,"org.apache.pdfbox.examples.signature.validation.CertInformationHelper.CertInformationHelper()",examples/src/main/java/org/apache/pdfbox/examples/signature/validation/CertInformationHelper.java,,,,,,,,,,,,,,,,,,,,,,,,,0,3,0,3,1,0,0,1,1,0,1,1,0,1,1,1,1,,,,,,0,,0,00,1,1,1,1
Private Static Method,"org.apache.pdfbox.examples.signature.validation.CertInformationHelper.extractCrlUrlFromSequence(ASN1Sequence)",examples/src/main/java/org/apache/pdfbox/examples/signature/validation/CertInformationHelper.java,,,,,,,,,,,,,,,,,,,,,,,,,2,39,1,35,5,18,3,5,8,11,17,5,16,6,6,6,6,,,,,,2,,0,09,6,6,6,6
Protected Static Method,"org.apache.pdfbox.examples.signature.validation.CertInformationHelper.getAuthorityInfoExtensionValue(byte[],CertSignatureInformation)",examples/src/main/java/org/apache/pdfbox/examples/signature/validation/CertInformationHelper.java,,,,,,,,,,,,,,,,,,,,,,,,,6,34,1,23,9,13,10,11,4,9,13,8,12,4,4,5,1,,,,,,2,,0,43,4,4,5,1
Protected Static Method,"org.apache.pdfbox.examples.signature.validation.CertInformationHelper.getCrlUrlFromExtensionValue(byte[])",examples/src/main/java/org/apache/pdfbox/examples/signature/validation/CertInformationHelper.java,,,,,,,,,,,,,,,,,,,,,,,,,2,27,1,18,5,9,8,6,4,6,10,5,9,4,4,4,4,,,,,,3,,0,44,4,4,4,4
Protected Static Method,"org.apache.pdfbox.examples.signature.validation.CertInformationHelper.getSha1Hash(byte[])",examples/src/main/java/org/apache/pdfbox/examples/signature/validation/CertInformationHelper.java,,,,,,,,,,,,,,,,,,,,,,,,,4,19,0,13,2,6,6,5,2,4,6,2,5,2,2,2,1,,,,,,1,,0,46,2,2,2,1
Public Class,"org.apache.pdfbox.examples.signature.validation.CertificateProccessingException",examples/src/main/java/org/apache/pdfbox/examples/signature/validation/CertificateProccessingException.java,1,1,1,1,4,0,4,0,1,0,0,,0,1,,,1,0,1,44,0,0,0,1,,14,1,8,3,2,5,,,2,4,3,1,,,,,1,1,1,1,1,0,0,0,62,1,1,1,1
Public Constructor,"org.apache.pdfbox.examples.signature.validation.CertificateProccessingException.CertificateProccessingException(Throwable)",examples/src/main/java/org/apache/pdfbox/examples/signature/validation/CertificateProccessingException.java,,,,,,,,,,,,,,,,,,,,,,,,,6,4,0,4,1,1,0,2,1,1,2,1,1,1,1,1,1,,,,,,0,,0,00,1,1,1,1
Package,"org.apache.pdfbox.examples.util",examples/src/main/java/org/apache/pdfbox/examples/util/AddWatermarkText.java,1,1,2,1,19,0,14,3,,,,12,24,3,12,,34,11,58,,0,24,6,28,,1719,146,1087,403,502,491,,,589,735,397,430,,,,,9,9,9,5,,3,,0,45,115,111,119,64
Public Class,"org.apache.pdfbox.examples.util.AddWatermarkText",examples/src/main/java/org/apache/pdfbox/examples/util/AddWatermarkText.java,2,1,2,1,22,1,19,1,1,21,0,,3,0,,,1,0,4,16,0,3,0,1,,99,9,81,20,53,12,,,42,53,20,43,,,,,4,3,4,1,1,3,0,0,15,9,7,9,4
Private Constructor,"org.apache.pdfbox.examples.util.AddWatermarkText.AddWatermarkText()",examples/src/main/java/org/apache/pdfbox/examples/util/AddWatermarkText.java,,,,,,,,,,,,,,,,,,,,,,,,,0,3,0,3,1,0,0,1,1,0,1,1,0,1,1,1,1,,,,,,0,,0,00,1,1,1,1
Private Static Method,"org.apache.pdfbox.examples.util.AddWatermarkText.addWatermarkText(PDDocument,PDPage,PDFont,String)",examples/src/main/java/org/apache/pdfbox/examples/util/AddWatermarkText.java,,,,,,,,,,,,,,,,,,,,,,,,,8,55,5,49,12,41,4,24,4,34,37,11,33,4,2,4,1,,,,,,2,,0,08,4,2,4,1
Public Static Method,"org.apache.pdfbox.examples.util.AddWatermarkText.main(String[])",examples/src/main/java/org/apache/pdfbox/examples/util/AddWatermarkText.java,,,,,,,,,,,,,,,,,,,,,,,,,3,23,1,22,5,11,0,7,3,7,12,6,9,3,3,3,1,,,,,,3,,0,00,3,3,3,1
Private Static Method,"org.apache.pdfbox.examples.util.AddWatermarkText.usage()",examples/src/main/java/org/apache/pdfbox/examples/util/AddWatermarkText.java,,,,,,,,,,,,,,,,,,,,,,,,,2,7,0,4,1,1,3,2,1,1,2,1,1,1,1,1,1,,,,,,0,,0,75,1,1,1,1
Public Class,"org.apache.pdfbox.examples.util.ConnectedInputStream",examples/src/main/java/org/apache/pdfbox/examples/util/ConnectedInputStream.java,1,1,1,1,5,0,5,0,1,3,0,,0,0,,,10,2,10,38,0,0,0,10,,71,10,56,22,12,5,,,14,25,13,12,,,,,1,1,1,1,1,0,40,0,09,10,10,10,10
Public Constructor,"org.apache.pdfbox.examples.util.ConnectedInputStream.ConnectedInputStream(HttpURLConnection,InputStream)",examples/src/main/java/org/apache/pdfbox/examples/util/ConnectedInputStream.java,,,,,,,,,,,,,,,,,,,,,,,,,3,5,0,5,1,2,0,3,1,2,3,1,2,1,1,1,1,,,,,,0,,0,00,1,1,1,1
Public Method,"org.apache.pdfbox.examples.util.ConnectedInputStream.available()",examples/src/main/java/org/apache/pdfbox/examples/util/ConnectedInputStream.java,,,,,,,,,,,,,,,,,,,,,,,,,1,5,0,5,2,1,0,2,1,1,2,1,1,1,1,1,1,,,,,,0,,0,00,1,1,1,1
Public Method,"org.apache.pdfbox.examples.util.ConnectedInputStream.close()",examples/src/main/java/org/apache/pdfbox/examples/util/ConnectedInputStream.java,,,,,,,,,,,,,,,,,,,,,,,,,2,6,0,6,2,2,0,2,1,2,3,1,2,1,1,1,1,,,,,,0,,0,00,1,1,1,1
Public Method,"org.apache.pdfbox.examples.util.ConnectedInputStream.mark(int)",examples/src/main/java/org/apache/pdfbox/examples/util/ConnectedInputStream.java,,,,,,,,,,,,,,,,,,,,,,,,,2,5,0,5,2,1,0,1,1,1,2,1,1,1,1,1,1,,,,,,0,,0,00,1,1,1,1
Public Method,"org.apache.pdfbox.examples.util.ConnectedInputStream.markSupported()",examples/src/main/java/org/apache/pdfbox/examples/util/ConnectedInputStream.java,,,,,,,,,,,,,,,,,,,,,,,,,1,5,0,5,2,1,0,2,1,1,2,1,1,1,1,1,1,,,,,,0,,0,00,1,1,1,1
Public Method,"org.apache.pdfbox.examples.util.ConnectedInputStream.read()",examples/src/main/java/org/apache/pdfbox/examples/util/ConnectedInputStream.java,,,,,,,,,,,,,,,,,,,,,,,,,1,5,0,5,2,1,0,2,1,1,2,1,1,1,1,1,1,,,,,,0,,0,00,1,1,1,1
Public Method,"org.apache.pdfbox.examples.util.ConnectedInputStream.read(byte[])",examples/src/main/java/org/apache/pdfbox/examples/util/ConnectedInputStream.java,,,,,,,,,,,,,,,,,,,,,,,,,2,5,0,5,2,1,0,2,1,1,2,1,1,1,1,1,1,,,,,,0,,0,00,1,1,1,1
Public Method,"org.apache.pdfbox.examples.util.ConnectedInputStream.read(byte[],int,int)",examples/src/main/java/org/apache/pdfbox/examples/util/ConnectedInputStream.java,,,,,,,,,,,,,,,,,,,,,,,,,4,5,0,5,2,1,0,2,1,1,2,1,1,1,1,1,1,,,,,,0,,0,00,1,1,1,1
Public Method,"org.apache.pdfbox.examples.util.ConnectedInputStream.reset()",examples/src/main/java/org/apache/pdfbox/examples/util/ConnectedInputStream.java,,,,,,,,,,,,,,,,,,,,,,,,,1,5,0,5,2,1,0,1,1,1,2,1,1,1,1,1,1,,,,,,0,,0,00,1,1,1,1
Public Method,"org.apache.pdfbox.examples.util.ConnectedInputStream.skip(long)",examples/src/main/java/org/apache/pdfbox/examples/util/ConnectedInputStream.java,,,,,,,,,,,,,,,,,,,,,,,,,2,5,0,5,2,1,0,2,1,1,2,1,1,1,1,1,1,,,,,,0,,0,00,1,1,1,1
Public Class,"org.apache.pdfbox.examples.util.DrawPrintTextLocations",examples/src/main/java/org/apache/pdfbox/examples/util/DrawPrintTextLocations.java,3,3,3,1,36,2,27,6,1,45,0,,2,1,,,5,5,7,164,0,3,2,2,,281,27,202,49,128,54,,,104,132,48,109,,,,,9,9,9,3,4,3,62,0,27,26,24,26,9
Public Constructor,"org.apache.pdfbox.examples.util.DrawPrintTextLocations.DrawPrintTextLocations(PDDocument,String)",examples/src/main/java/org/apache/pdfbox/examples/util/DrawPrintTextLocations.java,,,,,,,,,,,,,,,,,,,,,,,,,3,12,0,5,1,2,8,3,1,2,3,1,2,1,1,1,1,,,,,,0,,1,60,1,1,1,1
Private Method,"org.apache.pdfbox.examples.util.DrawPrintTextLocations.calculateGlyphBounds(Matrix,PDFont,int)",examples/src/main/java/org/apache/pdfbox/examples/util/DrawPrintTextLocations.java,,,,,,,,,,,,,,,,,,,,,,,,,5,59,1,53,12,32,5,33,20,23,32,12,26,9,9,9,1,,,,,,3,,0,09,9,9,9,1
Public Static Method,"org.apache.pdfbox.examples.util.DrawPrintTextLocations.main(String[])",examples/src/main/java/org/apache/pdfbox/examples/util/DrawPrintTextLocations.java,,,,,,,,,,,,,,,,,,,,,,,,,2,27,1,19,2,8,7,7,3,6,10,3,8,3,3,3,1,,,,,,3,,0,37,3,3,3,1
Protected Method,"org.apache.pdfbox.examples.util.DrawPrintTextLocations.showGlyph(Matrix,PDFont,int,Vector)",examples/src/main/java/org/apache/pdfbox/examples/util/DrawPrintTextLocations.java,,,,,,,,,,,,,,,,,,,,,,,,,9,22,3,15,4,8,4,5,2,7,9,2,8,2,2,2,1,,,,,,1,,0,27,2,2,2,1
Private Method,"org.apache.pdfbox.examples.util.DrawPrintTextLocations.stripPage(int)",examples/src/main/java/org/apache/pdfbox/examples/util/DrawPrintTextLocations.java,,,,,,,,,,,,,,,,,,,,,,,,,10,72,9,59,13,48,4,42,15,40,46,14,43,7,5,7,3,,,,,,2,,0,07,7,5,7,3
Private Static Method,"org.apache.pdfbox.examples.util.DrawPrintTextLocations.usage()",examples/src/main/java/org/apache/pdfbox/examples/util/DrawPrintTextLocations.java,,,,,,,,,,,,,,,,,,,,,,,,,2,7,0,4,1,1,3,2,1,1,2,1,1,1,1,1,1,,,,,,0,,0,75,1,1,1,1
Protected Method,"org.apache.pdfbox.examples.util.DrawPrintTextLocations.writeString(String,List<TextPosition>)",examples/src/main/java/org/apache/pdfbox/examples/util/DrawPrintTextLocations.java,,,,,,,,,,,,,,,,,,,,,,,,,7,58,6,38,9,28,15,25,3,19,23,8,21,3,3,3,1,,,,,,2,,0,39,3,3,3,1
Public Final Class,"org.apache.pdfbox.examples.util.ExtractTextByArea",examples/src/main/java/org/apache/pdfbox/examples/util/ExtractTextByArea.java,1,1,1,1,13,0,9,3,1,12,0,,2,0,,,1,0,3,15,0,2,0,1,,51,4,31,7,13,16,,,10,16,7,12,,,,,2,2,2,1,1,2,0,0,52,4,4,4,3
Private Constructor,"org.apache.pdfbox.examples.util.ExtractTextByArea.ExtractTextByArea()",examples/src/main/java/org/apache/pdfbox/examples/util/ExtractTextByArea.java,,,,,,,,,,,,,,,,,,,,,,,,,0,4,0,3,1,0,1,1,1,0,1,1,0,1,1,1,1,,,,,,0,,0,33,1,1,1,1
Public Static Method,"org.apache.pdfbox.examples.util.ExtractTextByArea.main(String[])",examples/src/main/java/org/apache/pdfbox/examples/util/ExtractTextByArea.java,,,,,,,,,,,,,,,,,,,,,,,,,3,28,0,21,4,12,7,11,2,9,12,4,11,2,2,2,1,,,,,,2,,0,33,2,2,2,1
Private Static Method,"org.apache.pdfbox.examples.util.ExtractTextByArea.usage()",examples/src/main/java/org/apache/pdfbox/examples/util/ExtractTextByArea.java,,,,,,,,,,,,,,,,,,,,,,,,,2,7,0,4,1,1,3,2,1,1,2,1,1,1,1,1,1,,,,,,0,,0,75,1,1,1,1
Public Class,"org.apache.pdfbox.examples.util.ExtractTextSimple",examples/src/main/java/org/apache/pdfbox/examples/util/ExtractTextSimple.java,2,2,2,1,22,2,13,7,1,10,0,,2,0,,,1,0,3,15,0,2,0,1,,80,9,43,8,21,28,,,20,29,10,23,,,,,5,5,5,1,1,3,0,0,65,7,7,7,3
Private Constructor,"org.apache.pdfbox.examples.util.ExtractTextSimple.ExtractTextSimple()",examples/src/main/java/org/apache/pdfbox/examples/util/ExtractTextSimple.java,,,,,,,,,,,,,,,,,,,,,,,,,0,4,0,3,1,0,1,1,1,0,1,1,0,1,1,1,1,,,,,,0,,0,33,1,1,1,1
Public Static Method,"org.apache.pdfbox.examples.util.ExtractTextSimple.main(String[])",examples/src/main/java/org/apache/pdfbox/examples/util/ExtractTextSimple.java,,,,,,,,,,,,,,,,,,,,,,,,,3,56,7,32,5,19,17,18,12,18,24,7,21,5,5,5,1,,,,,,3,,0,53,5,5,5,1
Private Static Method,"org.apache.pdfbox.examples.util.ExtractTextSimple.usage()",examples/src/main/java/org/apache/pdfbox/examples/util/ExtractTextSimple.java,,,,,,,,,,,,,,,,,,,,,,,,,2,8,0,5,1,2,3,3,1,2,3,1,2,1,1,1,1,,,,,,0,,0,60,1,1,1,1
Public Class,"org.apache.pdfbox.examples.util.PDFHighlighter",examples/src/main/java/org/apache/pdfbox/examples/util/PDFHighlighter.java,1,1,1,1,17,0,11,5,1,17,0,,2,1,,,4,4,6,163,0,1,1,4,,131,9,79,20,46,43,,,34,47,20,33,,,,,4,4,4,1,4,2,66,0,54,10,10,10,6
Public Constructor,"org.apache.pdfbox.examples.util.PDFHighlighter.PDFHighlighter()",examples/src/main/java/org/apache/pdfbox/examples/util/PDFHighlighter.java,,,,,,,,,,,,,,,,,,,,,,,,,1,12,0,7,1,4,5,5,1,4,5,1,4,1,1,1,1,,,,,,0,,0,71,1,1,1,1
Protected Method,"org.apache.pdfbox.examples.util.PDFHighlighter.endPage(PDPage)",examples/src/main/java/org/apache/pdfbox/examples/util/PDFHighlighter.java,,,,,,,,,,,,,,,,,,,,,,,,,6,32,2,26,7,16,4,13,6,9,14,7,12,4,4,4,1,,,,,,2,,0,15,4,4,4,1
Public Method,"org.apache.pdfbox.examples.util.PDFHighlighter.generateXMLHighlight(PDDocument,String,Writer)",examples/src/main/java/org/apache/pdfbox/examples/util/PDFHighlighter.java,,,,,,,,,,,,,,,,,,,,,,,,,3,13,0,4,1,1,9,0,1,1,2,1,1,1,1,1,1,,,,,,0,,2,25,1,1,1,1
Public Method,"org.apache.pdfbox.examples.util.PDFHighlighter.generateXMLHighlight(PDDocument,String[],Writer)",examples/src/main/java/org/apache/pdfbox/examples/util/PDFHighlighter.java,,,,,,,,,,,,,,,,,,,,,,,,,8,21,0,12,1,9,9,9,1,8,9,1,8,1,1,1,1,,,,,,0,,0,75,1,1,1,1
Public Static Method,"org.apache.pdfbox.examples.util.PDFHighlighter.main(String[])",examples/src/main/java/org/apache/pdfbox/examples/util/PDFHighlighter.java,,,,,,,,,,,,,,,,,,,,,,,,,3,24,0,17,3,10,7,7,2,5,8,3,6,2,2,2,1,,,,,,1,,0,41,2,2,2,1
Private Static Method,"org.apache.pdfbox.examples.util.PDFHighlighter.usage()",examples/src/main/java/org/apache/pdfbox/examples/util/PDFHighlighter.java,,,,,,,,,,,,,,,,,,,,,,,,,2,5,0,5,1,2,0,3,1,2,3,1,2,1,1,1,1,,,,,,0,,0,00,1,1,1,1
Public Class,"org.apache.pdfbox.examples.util.PDFMergerExample",examples/src/main/java/org/apache/pdfbox/examples/util/PDFMergerExample.java,1,1,1,1,24,2,17,4,1,25,0,,0,1,,,4,0,4,16,0,3,0,1,,113,13,74,20,50,26,,,44,51,19,43,,,,,2,2,2,1,1,1,0,0,35,5,5,5,4
Private Method,"org.apache.pdfbox.examples.util.PDFMergerExample.createPDFDocumentInfo(String,String,String)",examples/src/main/java/org/apache/pdfbox/examples/util/PDFMergerExample.java,,,,,,,,,,,,,,,,,,,,,,,,,5,9,0,9,2,6,0,6,1,6,7,2,6,1,1,1,1,,,,,,0,,0,00,1,1,1,1
Private Method,"org.apache.pdfbox.examples.util.PDFMergerExample.createPDFMergerUtility(List<InputStream>,ByteArrayOutputStream)",examples/src/main/java/org/apache/pdfbox/examples/util/PDFMergerExample.java,,,,,,,,,,,,,,,,,,,,,,,,,4,8,0,8,2,5,0,5,1,5,6,2,5,1,1,1,1,,,,,,0,,0,00,1,1,1,1
Private Method,"org.apache.pdfbox.examples.util.PDFMergerExample.createXMPMetadata(COSStream,String,String,String)",examples/src/main/java/org/apache/pdfbox/examples/util/PDFMergerExample.java,,,,,,,,,,,,,,,,,,,,,,,,,6,34,4,26,7,20,4,23,1,18,20,6,19,1,1,1,1,,,,,,1,,0,15,1,1,1,1
Public Method,"org.apache.pdfbox.examples.util.PDFMergerExample.merge(List<InputStream>)",examples/src/main/java/org/apache/pdfbox/examples/util/PDFMergerExample.java,,,,,,,,,,,,,,,,,,,,,,,,,4,45,5,27,7,18,13,17,2,14,16,7,12,2,2,2,1,,,,,,1,,0,48,2,2,2,1
Public Class,"org.apache.pdfbox.examples.util.PrintImageLocations",examples/src/main/java/org/apache/pdfbox/examples/util/PrintImageLocations.java,2,2,2,1,26,0,18,7,1,26,0,,2,0,,,2,0,4,71,0,1,1,2,,116,6,77,18,45,33,,,37,49,18,40,,,,,4,4,4,1,2,3,0,0,43,9,9,9,4
Public Constructor,"org.apache.pdfbox.examples.util.PrintImageLocations.PrintImageLocations()",examples/src/main/java/org/apache/pdfbox/examples/util/PrintImageLocations.java,,,,,,,,,,,,,,,,,,,,,,,,,1,14,0,9,1,6,5,2,1,6,7,1,6,1,1,1,1,,,,,,0,,0,56,1,1,1,1
Public Static Method,"org.apache.pdfbox.examples.util.PrintImageLocations.main(String[])",examples/src/main/java/org/apache/pdfbox/examples/util/PrintImageLocations.java,,,,,,,,,,,,,,,,,,,,,,,,,3,28,0,21,3,10,7,7,3,6,11,4,8,3,3,3,1,,,,,,3,,0,33,3,3,3,1
Protected Method,"org.apache.pdfbox.examples.util.PrintImageLocations.processOperator(Operator,List<COSBase>)",examples/src/main/java/org/apache/pdfbox/examples/util/PrintImageLocations.java,,,,,,,,,,,,,,,,,,,,,,,,,4,55,2,40,12,28,13,18,4,24,28,11,25,4,4,4,1,,,,,,2,,0,33,4,4,4,1
Private Static Method,"org.apache.pdfbox.examples.util.PrintImageLocations.usage()",examples/src/main/java/org/apache/pdfbox/examples/util/PrintImageLocations.java,,,,,,,,,,,,,,,,,,,,,,,,,2,7,0,4,1,1,3,2,1,1,2,1,1,1,1,1,1,,,,,,0,,0,75,1,1,1,1
Public Class,"org.apache.pdfbox.examples.util.PrintTextColors",examples/src/main/java/org/apache/pdfbox/examples/util/PrintTextColors.java,1,1,1,1,18,0,13,4,1,29,0,,2,0,,,2,0,4,161,0,1,1,2,,88,6,56,12,34,26,,,31,38,11,33,,,,,2,2,2,1,4,2,0,0,46,5,5,5,4
Public Constructor,"org.apache.pdfbox.examples.util.PrintTextColors.PrintTextColors()",examples/src/main/java/org/apache/pdfbox/examples/util/PrintTextColors.java,,,,,,,,,,,,,,,,,,,,,,,,,1,20,0,15,1,12,5,2,1,12,13,1,12,1,1,1,1,,,,,,0,,0,33,1,1,1,1
Public Static Method,"org.apache.pdfbox.examples.util.PrintTextColors.main(String[])",examples/src/main/java/org/apache/pdfbox/examples/util/PrintTextColors.java,,,,,,,,,,,,,,,,,,,,,,,,,2,27,1,19,3,10,7,11,2,7,10,3,9,2,2,2,1,,,,,,2,,0,37,2,2,2,1
Protected Method,"org.apache.pdfbox.examples.util.PrintTextColors.processTextPosition(TextPosition)",examples/src/main/java/org/apache/pdfbox/examples/util/PrintTextColors.java,,,,,,,,,,,,,,,,,,,,,,,,,2,18,2,15,6,11,1,9,1,11,12,5,11,1,1,1,1,,,,,,0,,0,07,1,1,1,1
Private Static Method,"org.apache.pdfbox.examples.util.PrintTextColors.usage()",examples/src/main/java/org/apache/pdfbox/examples/util/PrintTextColors.java,,,,,,,,,,,,,,,,,,,,,,,,,2,7,0,4,1,1,3,2,1,1,2,1,1,1,1,1,1,,,,,,0,,0,75,1,1,1,1
Public Class,"org.apache.pdfbox.examples.util.PrintTextLocations",examples/src/main/java/org/apache/pdfbox/examples/util/PrintTextLocations.java,1,1,1,1,14,0,9,4,1,14,0,,2,0,,,2,0,4,161,0,1,1,2,,68,4,41,8,17,23,,,9,18,8,12,,,,,2,2,2,1,4,2,0,0,56,6,6,6,4
Public Constructor,"org.apache.pdfbox.examples.util.PrintTextLocations.PrintTextLocations()",examples/src/main/java/org/apache/pdfbox/examples/util/PrintTextLocations.java,,,,,,,,,,,,,,,,,,,,,,,,,1,8,0,3,1,0,5,1,1,0,1,1,0,1,1,1,1,,,,,,0,,1,67,1,1,1,1
Public Static Method,"org.apache.pdfbox.examples.util.PrintTextLocations.main(String[])",examples/src/main/java/org/apache/pdfbox/examples/util/PrintTextLocations.java,,,,,,,,,,,,,,,,,,,,,,,,,2,27,1,19,3,10,7,11,2,7,10,3,9,2,2,2,1,,,,,,2,,0,37,2,2,2,1
Private Static Method,"org.apache.pdfbox.examples.util.PrintTextLocations.usage()",examples/src/main/java/org/apache/pdfbox/examples/util/PrintTextLocations.java,,,,,,,,,,,,,,,,,,,,,,,,,2,7,0,4,1,1,3,2,1,1,2,1,1,1,1,1,1,,,,,,0,,0,75,1,1,1,1
Protected Method,"org.apache.pdfbox.examples.util.PrintTextLocations.writeString(String,List<TextPosition>)",examples/src/main/java/org/apache/pdfbox/examples/util/PrintTextLocations.java,,,,,,,,,,,,,,,,,,,,,,,,,2,15,0,12,2,6,3,9,2,1,4,2,2,2,2,2,1,,,,,,1,,0,25,2,2,2,1
Public Final Class,"org.apache.pdfbox.examples.util.RemoveAllText",examples/src/main/java/org/apache/pdfbox/examples/util/RemoveAllText.java,2,2,3,1,20,0,17,2,1,24,0,,5,0,,,1,0,6,18,0,5,0,1,,134,8,105,19,56,21,,,36,59,22,46,,,,,5,5,7,5,1,3,0,0,20,17,17,19,10
Private Constructor,"org.apache.pdfbox.examples.util.RemoveAllText.RemoveAllText()",examples/src/main/java/org/apache/pdfbox/examples/util/RemoveAllText.java,,,,,,,,,,,,,,,,,,,,,,,,,0,7,0,3,1,0,4,1,1,0,1,1,0,1,1,1,1,,,,,,0,,1,33,1,1,1,1
Private Static Method,"org.apache.pdfbox.examples.util.RemoveAllText.createTokensWithoutText(PDContentStream)",examples/src/main/java/org/apache/pdfbox/examples/util/RemoveAllText.java,,,,,,,,,,,,,,,,,,,,,,,,,7,37,2,33,6,22,2,9,5,16,21,6,19,5,5,7,5,,,,,,3,,0,06,5,5,7,5
Public Static Method,"org.apache.pdfbox.examples.util.RemoveAllText.main(String[])",examples/src/main/java/org/apache/pdfbox/examples/util/RemoveAllText.java,,,,,,,,,,,,,,,,,,,,,,,,,3,35,0,28,3,15,7,14,5,9,15,4,13,4,4,4,1,,,,,,3,,0,25,4,4,4,1
Private Static Method,"org.apache.pdfbox.examples.util.RemoveAllText.processResources(PDResources)",examples/src/main/java/org/apache/pdfbox/examples/util/RemoveAllText.java,,,,,,,,,,,,,,,,,,,,,,,,,2,25,0,25,5,14,0,10,9,8,15,7,10,5,5,5,1,,,,,,2,,0,00,5,5,5,1
Private Static Method,"org.apache.pdfbox.examples.util.RemoveAllText.usage()",examples/src/main/java/org/apache/pdfbox/examples/util/RemoveAllText.java,,,,,,,,,,,,,,,,,,,,,,,,,2,8,0,5,1,2,3,2,1,1,2,1,1,1,1,1,1,,,,,,0,,0,60,1,1,1,1
Private Static Method,"org.apache.pdfbox.examples.util.RemoveAllText.writeTokensToStream(PDStream,List<Object>)",examples/src/main/java/org/apache/pdfbox/examples/util/RemoveAllText.java,,,,,,,,,,,,,,,,,,,,,,,,,5,8,0,8,2,3,0,3,1,2,4,2,3,1,1,1,1,,,,,,1,,0,00,1,1,1,1
Public Class,"org.apache.pdfbox.examples.util.SplitBooklet",examples/src/main/java/org/apache/pdfbox/examples/util/SplitBooklet.java,2,2,3,1,19,1,16,2,1,10,0,,2,0,,,1,0,3,15,0,2,0,1,,72,6,53,11,27,13,,,19,29,12,24,,,,,5,5,7,1,1,3,0,0,25,7,7,9,3
Private Constructor,"org.apache.pdfbox.examples.util.SplitBooklet.SplitBooklet()",examples/src/main/java/org/apache/pdfbox/examples/util/SplitBooklet.java,,,,,,,,,,,,,,,,,,,,,,,,,0,7,0,3,1,0,4,1,1,0,1,1,0,1,1,1,1,,,,,,0,,1,33,1,1,1,1
Public Static Method,"org.apache.pdfbox.examples.util.SplitBooklet.main(String[])",examples/src/main/java/org/apache/pdfbox/examples/util/SplitBooklet.java,,,,,,,,,,,,,,,,,,,,,,,,,2,48,3,43,8,26,2,21,10,18,25,9,23,5,5,7,1,,,,,,3,,0,05,5,5,7,1
Private Static Method,"org.apache.pdfbox.examples.util.SplitBooklet.usage()",examples/src/main/java/org/apache/pdfbox/examples/util/SplitBooklet.java,,,,,,,,,,,,,,,,,,,,,,,,,2,4,0,4,1,1,0,2,1,1,2,1,1,1,1,1,1,,,,,,0,,0,00,1,1,1,1
Package,"org.apache.pdfbox.filter",pdfbox/src/main/java/org/apache/pdfbox/filter/ASCII85Filter.java,2,2,3,1,20,1,16,3,,,,29,9,45,24,,152,109,161,,27,46,13,75,,4871,443,3254,1043,1677,1266,,,1567,2043,870,1316,,,,,28,23,31,14,,5,,0,39,463,443,516,263
Final Class,"org.apache.pdfbox.filter.ASCII85Filter",pdfbox/src/main/java/org/apache/pdfbox/filter/ASCII85Filter.java,1,1,1,1,10,0,10,0,1,9,0,,0,0,,,2,0,2,22,0,0,1,1,,29,1,24,7,7,4,,,5,10,3,7,,,,,1,1,1,1,2,1,0,0,17,2,2,2,2
Public Method,"org.apache.pdfbox.filter.ASCII85Filter.decode(InputStream,OutputStream,COSDictionary,int)",pdfbox/src/main/java/org/apache/pdfbox/filter/ASCII85Filter.java,,,,,,,,,,,,,,,,,,,,,,,,,3,11,0,11,3,4,0,5,1,3,5,1,4,1,1,1,1,,,,,,1,,0,00,1,1,1,1
Protected Method,"org.apache.pdfbox.filter.ASCII85Filter.encode(InputStream,OutputStream,COSDictionary)",pdfbox/src/main/java/org/apache/pdfbox/filter/ASCII85Filter.java,,,,,,,,,,,,,,,,,,,,,,,,,2,10,0,10,3,3,0,3,1,2,4,1,3,1,1,1,1,,,,,,1,,0,00,1,1,1,1
Final Class,"org.apache.pdfbox.filter.ASCII85InputStream",pdfbox/src/main/java/org/apache/pdfbox/filter/ASCII85InputStream.java,3,3,3,2,24,0,17,6,1,2,0,,0,7,,,9,5,9,47,1,0,0,8,,252,12,176,36,89,65,,,84,112,29,86,,,,,17,17,22,12,1,5,62,0,37,29,29,35,24
Constructor,"org.apache.pdfbox.filter.ASCII85InputStream.ASCII85InputStream(InputStream)",pdfbox/src/main/java/org/apache/pdfbox/filter/ASCII85InputStream.java,,,,,,,,,,,,,,,,,,,,,,,,,2,14,0,9,1,6,5,7,1,6,7,1,6,1,1,1,1,,,,,,0,,0,56,1,1,1,1
Public Method,"org.apache.pdfbox.filter.ASCII85InputStream.available()",pdfbox/src/main/java/org/apache/pdfbox/filter/ASCII85InputStream.java,,,,,,,,,,,,,,,,,,,,,,,,,0,10,0,5,2,1,5,1,1,1,2,1,1,1,1,1,1,,,,,,0,,1,00,1,1,1,1
Public Method,"org.apache.pdfbox.filter.ASCII85InputStream.close()",pdfbox/src/main/java/org/apache/pdfbox/filter/ASCII85InputStream.java,,,,,,,,,,,,,,,,,,,,,,,,,0,13,0,8,2,4,5,4,1,4,5,1,4,1,1,1,1,,,,,,0,,0,62,1,1,1,1
Public Method,"org.apache.pdfbox.filter.ASCII85InputStream.mark(int)",pdfbox/src/main/java/org/apache/pdfbox/filter/ASCII85InputStream.java,,,,,,,,,,,,,,,,,,,,,,,,,0,9,0,4,2,0,5,0,1,0,1,1,0,1,1,1,1,,,,,,0,,1,25,1,1,1,1
Public Method,"org.apache.pdfbox.filter.ASCII85InputStream.markSupported()",pdfbox/src/main/java/org/apache/pdfbox/filter/ASCII85InputStream.java,,,,,,,,,,,,,,,,,,,,,,,,,0,10,0,5,2,1,5,1,1,1,2,1,1,1,1,1,1,,,,,,0,,1,00,1,1,1,1
Public Method,"org.apache.pdfbox.filter.ASCII85InputStream.read()",pdfbox/src/main/java/org/apache/pdfbox/filter/ASCII85InputStream.java,,,,,,,,,,,,,,,,,,,,,,,,,14,106,1,95,7,57,11,8,63,50,65,6,61,17,17,22,12,,,,,,5,,0,12,17,17,22,12
Public Method,"org.apache.pdfbox.filter.ASCII85InputStream.read(byte[],int,int)",pdfbox/src/main/java/org/apache/pdfbox/filter/ASCII85InputStream.java,,,,,,,,,,,,,,,,,,,,,,,,,6,36,0,25,3,11,11,4,5,8,13,3,11,5,5,6,5,,,,,,3,,0,44,5,5,6,5
Public Method,"org.apache.pdfbox.filter.ASCII85InputStream.reset()",pdfbox/src/main/java/org/apache/pdfbox/filter/ASCII85InputStream.java,,,,,,,,,,,,,,,,,,,,,,,,,0,10,0,5,2,1,5,1,1,1,2,1,1,1,1,1,1,,,,,,0,,1,00,1,1,1,1
Public Method,"org.apache.pdfbox.filter.ASCII85InputStream.skip(long)",pdfbox/src/main/java/org/apache/pdfbox/filter/ASCII85InputStream.java,,,,,,,,,,,,,,,,,,,,,,,,,0,12,0,5,2,1,7,1,1,1,2,1,1,1,1,1,1,,,,,,0,,1,40,1,1,1,1
Final Class,"org.apache.pdfbox.filter.ASCII85OutputStream",pdfbox/src/main/java/org/apache/pdfbox/filter/ASCII85OutputStream.java,2,2,2,1,21,0,15,5,1,3,0,,0,3,,,9,7,9,34,1,1,0,7,,224,17,152,25,77,56,,,76,102,26,76,,,,,9,9,9,4,1,3,53,0,37,24,24,26,12
Constructor,"org.apache.pdfbox.filter.ASCII85OutputStream.ASCII85OutputStream(OutputStream)",pdfbox/src/main/java/org/apache/pdfbox/filter/ASCII85OutputStream.java,,,,,,,,,,,,,,,,,,,,,,,,,2,16,0,11,1,8,5,9,1,8,9,1,8,1,1,1,1,,,,,,0,,0,45,1,1,1,1
Public Method,"org.apache.pdfbox.filter.ASCII85OutputStream.close()",pdfbox/src/main/java/org/apache/pdfbox/filter/ASCII85OutputStream.java,,,,,,,,,,,,,,,,,,,,,,,,,0,18,0,13,2,5,5,4,1,3,5,1,4,1,1,1,1,,,,,,1,,0,38,1,1,1,1
Public Method,"org.apache.pdfbox.filter.ASCII85OutputStream.flush()",pdfbox/src/main/java/org/apache/pdfbox/filter/ASCII85OutputStream.java,,,,,,,,,,,,,,,,,,,,,,,,,11,48,0,43,2,23,6,8,39,21,30,4,26,9,9,9,1,,,,,,3,,0,14,9,9,9,1
Public Method,"org.apache.pdfbox.filter.ASCII85OutputStream.getLineLength()",pdfbox/src/main/java/org/apache/pdfbox/filter/ASCII85OutputStream.java,,,,,,,,,,,,,,,,,,,,,,,,,1,9,0,4,1,1,5,1,1,1,2,1,1,1,1,1,1,,,,,,0,,1,25,1,1,1,1
Public Method,"org.apache.pdfbox.filter.ASCII85OutputStream.getTerminator()",pdfbox/src/main/java/org/apache/pdfbox/filter/ASCII85OutputStream.java,,,,,,,,,,,,,,,,,,,,,,,,,1,9,0,4,1,1,5,1,1,1,2,1,1,1,1,1,1,,,,,,0,,1,25,1,1,1,1
Public Method,"org.apache.pdfbox.filter.ASCII85OutputStream.setLineLength(int)",pdfbox/src/main/java/org/apache/pdfbox/filter/ASCII85OutputStream.java,,,,,,,,,,,,,,,,,,,,,,,,,2,13,0,8,1,3,5,2,2,2,4,1,3,2,2,2,1,,,,,,1,,0,62,2,2,2,1
Public Method,"org.apache.pdfbox.filter.ASCII85OutputStream.setTerminator(char)",pdfbox/src/main/java/org/apache/pdfbox/filter/ASCII85OutputStream.java,,,,,,,,,,,,,,,,,,,,,,,,,2,13,0,8,1,3,5,2,2,2,4,1,3,2,2,4,1,,,,,,1,,0,62,2,2,4,1
Private Method,"org.apache.pdfbox.filter.ASCII85OutputStream.transformASCII85()",pdfbox/src/main/java/org/apache/pdfbox/filter/ASCII85OutputStream.java,,,,,,,,,,,,,,,,,,,,,,,,,5,31,5,23,3,17,3,1,2,17,19,3,16,2,2,2,1,,,,,,1,,0,13,2,2,2,1
Public Method,"org.apache.pdfbox.filter.ASCII85OutputStream.write(int)",pdfbox/src/main/java/org/apache/pdfbox/filter/ASCII85OutputStream.java,,,,,,,,,,,,,,,,,,,,,,,,,7,32,0,25,2,13,7,6,6,11,16,2,14,5,5,5,4,,,,,,2,,0,28,5,5,5,4
Final Class,"org.apache.pdfbox.filter.ASCIIHexFilter",pdfbox/src/main/java/org/apache/pdfbox/filter/ASCIIHexFilter.java,2,2,4,1,14,0,13,0,1,10,0,,0,2,,,4,0,4,24,0,2,0,2,,108,7,87,40,50,40,,,20,32,9,24,,,,,7,7,9,4,2,2,0,0,46,11,11,18,7
Public Method,"org.apache.pdfbox.filter.ASCIIHexFilter.decode(InputStream,OutputStream,COSDictionary,int)",pdfbox/src/main/java/org/apache/pdfbox/filter/ASCIIHexFilter.java,,,,,,,,,,,,,,,,,,,,,,,,,5,40,2,36,4,18,2,8,33,13,20,2,18,7,7,9,4,,,,,,2,,0,06,7,7,9,4
Public Method,"org.apache.pdfbox.filter.ASCIIHexFilter.encode(InputStream,OutputStream,COSDictionary)",pdfbox/src/main/java/org/apache/pdfbox/filter/ASCIIHexFilter.java,,,,,,,,,,,,,,,,,,,,,,,,,2,11,0,11,4,3,0,3,2,3,5,2,3,2,2,2,1,,,,,,1,,0,00,2,2,2,1
Private Method,"org.apache.pdfbox.filter.ASCIIHexFilter.isEOD(int)",pdfbox/src/main/java/org/apache/pdfbox/filter/ASCIIHexFilter.java,,,,,,,,,,,,,,,,,,,,,,,,,2,4,0,4,1,1,0,1,1,1,2,1,1,1,1,1,1,,,,,,0,,0,00,1,1,1,1
Private Method,"org.apache.pdfbox.filter.ASCIIHexFilter.isWhitespace(int)",pdfbox/src/main/java/org/apache/pdfbox/filter/ASCIIHexFilter.java,,,,,,,,,,,,,,,,,,,,,,,,,2,4,0,4,1,1,0,1,1,1,2,1,1,1,1,6,1,,,,,,0,,0,00,1,1,6,1
Final Class,"org.apache.pdfbox.filter.CCITTFaxDecoderStream",pdfbox/src/main/java/org/apache/pdfbox/filter/CCITTFaxDecoderStream.java,4,4,4,2,23,3,18,1,1,12,0,,0,14,,,17,16,17,55,0,11,0,6,,775,118,620,192,361,89,,,259,353,100,261,,,,,16,14,17,5,1,5,83,0,14,80,75,84,41
Public Constructor,"org.apache.pdfbox.filter.CCITTFaxDecoderStream.CCITTFaxDecoderStream(InputStream,int,int,long,boolean)",pdfbox/src/main/java/org/apache/pdfbox/filter/CCITTFaxDecoderStream.java,,,,,,,,,,,,,,,,,,,,,,,,,13,48,4,31,2,27,13,12,4,22,24,1,23,4,2,4,1,,,,,,1,,0,42,4,2,4,1
Private Static Final Class,"org.apache.pdfbox.filter.CCITTFaxDecoderStream.Node",pdfbox/src/main/java/org/apache/pdfbox/filter/CCITTFaxDecoderStream.java,1,1,1,1,5,0,5,0,1,2,0,,0,0,,,3,5,3,15,2,0,0,1,,27,5,22,10,8,1,,,9,14,9,5,,,,,2,2,2,1,1,1,53,0,05,5,5,5,3
Method,"org.apache.pdfbox.filter.CCITTFaxDecoderStream.Node.set(boolean,Node)",pdfbox/src/main/java/org/apache/pdfbox/filter/CCITTFaxDecoderStream.java,,,,,,,,,,,,,,,,,,,,,,,,,4,8,0,8,1,4,0,2,2,2,4,1,3,2,2,2,1,,,,,,1,,0,00,2,2,2,1
Public Method,"org.apache.pdfbox.filter.CCITTFaxDecoderStream.Node.toString()",pdfbox/src/main/java/org/apache/pdfbox/filter/CCITTFaxDecoderStream.java,,,,,,,,,,,,,,,,,,,,,,,,,3,4,0,4,2,1,0,1,1,1,2,1,1,1,1,1,1,,,,,,0,,0,00,1,1,1,1
Method,"org.apache.pdfbox.filter.CCITTFaxDecoderStream.Node.walk(boolean)",pdfbox/src/main/java/org/apache/pdfbox/filter/CCITTFaxDecoderStream.java,,,,,,,,,,,,,,,,,,,,,,,,,8,3,0,3,1,1,0,1,1,1,2,1,1,2,2,2,1,,,,,,0,,0,00,2,2,2,1
Private Static Final Class,"org.apache.pdfbox.filter.CCITTFaxDecoderStream.Tree",pdfbox/src/main/java/org/apache/pdfbox/filter/CCITTFaxDecoderStream.java,6,6,6,1,31,5,25,0,1,2,0,,0,0,,,2,1,2,14,2,0,0,0,,67,13,54,12,35,0,,,26,39,14,28,,,,,6,6,6,1,1,3,0,0,00,12,12,12,2
Method,"org.apache.pdfbox.filter.CCITTFaxDecoderStream.Tree.fill(int,int,Node)",pdfbox/src/main/java/org/apache/pdfbox/filter/CCITTFaxDecoderStream.java,,,,,,,,,,,,,,,,,,,,,,,,,5,31,5,26,5,17,0,4,7,12,18,6,13,6,6,6,1,,,,,,3,,0,00,6,6,6,1
Method,"org.apache.pdfbox.filter.CCITTFaxDecoderStream.Tree.fill(int,int,int)",pdfbox/src/main/java/org/apache/pdfbox/filter/CCITTFaxDecoderStream.java,,,,,,,,,,,,,,,,,,,,,,,,,5,31,6,25,5,17,0,6,7,13,19,6,14,6,6,6,1,,,,,,3,,0,00,6,6,6,1
Private Method,"org.apache.pdfbox.filter.CCITTFaxDecoderStream.decode1D()",pdfbox/src/main/java/org/apache/pdfbox/filter/CCITTFaxDecoderStream.java,,,,,,,,,,,,,,,,,,,,,,,,,6,22,4,17,4,12,1,3,2,10,12,4,8,3,3,3,1,,,,,,2,,0,06,3,3,3,1
Private Method,"org.apache.pdfbox.filter.CCITTFaxDecoderStream.decode2D()",pdfbox/src/main/java/org/apache/pdfbox/filter/CCITTFaxDecoderStream.java,,,,,,,,,,,,,,,,,,,,,,,,,15,68,13,53,8,41,2,8,9,30,38,8,32,11,10,12,5,,,,,,5,,0,04,11,10,12,5
Private Method,"org.apache.pdfbox.filter.CCITTFaxDecoderStream.decodeRow()",pdfbox/src/main/java/org/apache/pdfbox/filter/CCITTFaxDecoderStream.java,,,,,,,,,,,,,,,,,,,,,,,,,8,66,13,53,6,41,0,8,584,29,40,7,33,16,14,17,1,,,,,,3,,0,00,16,14,17,1
Private Method,"org.apache.pdfbox.filter.CCITTFaxDecoderStream.decodeRowType2()",pdfbox/src/main/java/org/apache/pdfbox/filter/CCITTFaxDecoderStream.java,,,,,,,,,,,,,,,,,,,,,,,,,2,6,0,6,1,3,0,2,2,2,4,1,3,2,2,2,1,,,,,,1,,0,00,2,2,2,1
Private Method,"org.apache.pdfbox.filter.CCITTFaxDecoderStream.decodeRowType4()",pdfbox/src/main/java/org/apache/pdfbox/filter/CCITTFaxDecoderStream.java,,,,,,,,,,,,,,,,,,,,,,,,,6,28,4,23,2,14,1,5,24,7,14,2,12,7,7,8,5,,,,,,3,,0,04,7,7,8,5
Private Method,"org.apache.pdfbox.filter.CCITTFaxDecoderStream.decodeRowType6()",pdfbox/src/main/java/org/apache/pdfbox/filter/CCITTFaxDecoderStream.java,,,,,,,,,,,,,,,,,,,,,,,,,2,6,0,6,1,3,0,2,2,2,4,1,3,2,2,2,1,,,,,,1,,0,00,2,2,2,1
Private Method,"org.apache.pdfbox.filter.CCITTFaxDecoderStream.decodeRun(Tree)",pdfbox/src/main/java/org/apache/pdfbox/filter/CCITTFaxDecoderStream.java,,,,,,,,,,,,,,,,,,,,,,,,,7,27,4,23,4,15,0,4,9,9,15,4,12,6,6,6,5,,,,,,3,,0,00,6,6,6,5
Private Method,"org.apache.pdfbox.filter.CCITTFaxDecoderStream.fetch()",pdfbox/src/main/java/org/apache/pdfbox/filter/CCITTFaxDecoderStream.java,,,,,,,,,,,,,,,,,,,,,,,,,7,25,3,18,1,11,4,4,5,6,10,1,9,5,5,5,1,,,,,,3,,0,22,5,5,5,1
Private Method,"org.apache.pdfbox.filter.CCITTFaxDecoderStream.getNextChangingElement(int,boolean)",pdfbox/src/main/java/org/apache/pdfbox/filter/CCITTFaxDecoderStream.java,,,,,,,,,,,,,,,,,,,,,,,,,6,19,3,16,2,10,0,2,8,8,13,3,10,6,6,6,4,,,,,,2,,0,00,6,6,6,4
Public Method,"org.apache.pdfbox.filter.CCITTFaxDecoderStream.markSupported()",pdfbox/src/main/java/org/apache/pdfbox/filter/CCITTFaxDecoderStream.java,,,,,,,,,,,,,,,,,,,,,,,,,0,4,0,4,2,1,0,1,1,1,2,1,1,1,1,1,1,,,,,,0,,0,00,1,1,1,1
Public Method,"org.apache.pdfbox.filter.CCITTFaxDecoderStream.read()",pdfbox/src/main/java/org/apache/pdfbox/filter/CCITTFaxDecoderStream.java,,,,,,,,,,,,,,,,,,,,,,,,,3,16,3,13,2,7,0,3,4,4,8,1,7,4,4,4,4,,,,,,2,,0,00,4,4,4,4
Public Method,"org.apache.pdfbox.filter.CCITTFaxDecoderStream.read(byte[],int,int)",pdfbox/src/main/java/org/apache/pdfbox/filter/CCITTFaxDecoderStream.java,,,,,,,,,,,,,,,,,,,,,,,,,7,22,4,18,3,12,0,6,4,9,13,2,12,4,4,4,4,,,,,,2,,0,00,4,4,4,4
Private Method,"org.apache.pdfbox.filter.CCITTFaxDecoderStream.readBit()",pdfbox/src/main/java/org/apache/pdfbox/filter/CCITTFaxDecoderStream.java,,,,,,,,,,,,,,,,,,,,,,,,,6,17,4,13,2,9,0,5,3,7,10,2,8,3,3,4,1,,,,,,2,,0,00,3,3,4,1
Public Method,"org.apache.pdfbox.filter.CCITTFaxDecoderStream.reset()",pdfbox/src/main/java/org/apache/pdfbox/filter/CCITTFaxDecoderStream.java,,,,,,,,,,,,,,,,,,,,,,,,,0,4,0,4,2,1,0,1,1,1,2,1,1,1,1,1,1,,,,,,0,,0,00,1,1,1,1
Private Method,"org.apache.pdfbox.filter.CCITTFaxDecoderStream.resetBuffer()",pdfbox/src/main/java/org/apache/pdfbox/filter/CCITTFaxDecoderStream.java,,,,,,,,,,,,,,,,,,,,,,,,,3,3,0,3,1,1,0,1,1,1,2,1,1,1,1,1,1,,,,,,0,,0,00,1,1,1,1
Public Method,"org.apache.pdfbox.filter.CCITTFaxDecoderStream.skip(long)",pdfbox/src/main/java/org/apache/pdfbox/filter/CCITTFaxDecoderStream.java,,,,,,,,,,,,,,,,,,,,,,,,,3,19,4,15,3,9,0,4,4,6,10,2,9,4,4,4,4,,,,,,2,,0,00,4,4,4,4
Final Class,"org.apache.pdfbox.filter.CCITTFaxEncoderStream",pdfbox/src/main/java/org/apache/pdfbox/filter/CCITTFaxEncoderStream.java,3,2,3,1,13,1,12,0,1,5,0,,0,4,,,14,14,14,33,1,10,0,3,,293,41,235,63,151,20,,,140,183,66,119,,,,,11,6,12,3,1,3,81,0,09,45,39,50,18
Constructor,"org.apache.pdfbox.filter.CCITTFaxEncoderStream.CCITTFaxEncoderStream(OutputStream,int,int,int)",pdfbox/src/main/java/org/apache/pdfbox/filter/CCITTFaxEncoderStream.java,,,,,,,,,,,,,,,,,,,,,,,,,6,13,3,10,1,8,0,9,1,8,9,1,8,1,1,1,1,,,,,,0,,0,00,1,1,1,1
Private Static Class,"org.apache.pdfbox.filter.CCITTFaxEncoderStream.Code",pdfbox/src/main/java/org/apache/pdfbox/filter/CCITTFaxEncoderStream.java,1,1,1,1,4,0,4,0,1,0,0,,0,0,,,1,2,1,13,0,1,0,0,,9,1,8,4,2,0,,,4,6,4,2,,,,,1,1,1,1,1,0,0,0,00,1,1,1,1
Private Constructor,"org.apache.pdfbox.filter.CCITTFaxEncoderStream.Code.Code(int,int)",pdfbox/src/main/java/org/apache/pdfbox/filter/CCITTFaxEncoderStream.java,,,,,,,,,,,,,,,,,,,,,,,,,2,4,0,4,1,2,0,3,1,2,3,1,2,1,1,1,1,,,,,,0,,0,00,1,1,1,1
Private Method,"org.apache.pdfbox.filter.CCITTFaxEncoderStream.clearOutputBuffer()",pdfbox/src/main/java/org/apache/pdfbox/filter/CCITTFaxEncoderStream.java,,,,,,,,,,,,,,,,,,,,,,,,,2,4,0,4,1,2,0,2,1,2,3,1,2,1,1,1,1,,,,,,0,,0,00,1,1,1,1
Public Method,"org.apache.pdfbox.filter.CCITTFaxEncoderStream.close()",pdfbox/src/main/java/org/apache/pdfbox/filter/CCITTFaxEncoderStream.java,,,,,,,,,,,,,,,,,,,,,,,,,1,4,0,4,2,1,0,1,1,1,2,1,1,1,1,1,1,,,,,,0,,0,00,1,1,1,1
Private Method,"org.apache.pdfbox.filter.CCITTFaxEncoderStream.encode2D()",pdfbox/src/main/java/org/apache/pdfbox/filter/CCITTFaxEncoderStream.java,,,,,,,,,,,,,,,,,,,,,,,,,2,54,3,48,6,41,6,4,11,28,33,6,29,11,5,12,1,,,,,,3,,0,12,11,5,12,1
Private Method,"org.apache.pdfbox.filter.CCITTFaxEncoderStream.encodeRow()",pdfbox/src/main/java/org/apache/pdfbox/filter/CCITTFaxEncoderStream.java,,,,,,,,,,,,,,,,,,,,,,,,,8,29,3,26,6,21,0,8,6,18,22,6,16,4,4,4,1,,,,,,2,,0,00,4,4,4,1
Private Method,"org.apache.pdfbox.filter.CCITTFaxEncoderStream.encodeRowType6()",pdfbox/src/main/java/org/apache/pdfbox/filter/CCITTFaxEncoderStream.java,,,,,,,,,,,,,,,,,,,,,,,,,1,3,0,3,1,1,0,1,1,1,2,1,1,1,1,1,1,,,,,,0,,0,00,1,1,1,1
Private Method,"org.apache.pdfbox.filter.CCITTFaxEncoderStream.fill()",pdfbox/src/main/java/org/apache/pdfbox/filter/CCITTFaxEncoderStream.java,,,,,,,,,,,,,,,,,,,,,,,,,4,6,0,6,1,3,0,2,2,2,4,1,3,2,2,2,1,,,,,,1,,0,00,2,2,2,1
Public Method,"org.apache.pdfbox.filter.CCITTFaxEncoderStream.flush()",pdfbox/src/main/java/org/apache/pdfbox/filter/CCITTFaxEncoderStream.java,,,,,,,,,,,,,,,,,,,,,,,,,1,4,0,4,2,1,0,1,1,1,2,1,1,1,1,1,1,,,,,,0,,0,00,1,1,1,1
Private Method,"org.apache.pdfbox.filter.CCITTFaxEncoderStream.getNextChanges(int,boolean)",pdfbox/src/main/java/org/apache/pdfbox/filter/CCITTFaxEncoderStream.java,,,,,,,,,,,,,,,,,,,,,,,,,6,14,1,13,2,8,0,1,4,7,11,3,8,4,4,6,3,,,,,,3,,0,00,4,4,6,3
Private Method,"org.apache.pdfbox.filter.CCITTFaxEncoderStream.getNextRefChanges(int,boolean)",pdfbox/src/main/java/org/apache/pdfbox/filter/CCITTFaxEncoderStream.java,,,,,,,,,,,,,,,,,,,,,,,,,6,13,0,13,2,8,0,1,4,7,11,3,8,5,5,7,3,,,,,,3,,0,00,5,5,7,3
Public Method,"org.apache.pdfbox.filter.CCITTFaxEncoderStream.write(int)",pdfbox/src/main/java/org/apache/pdfbox/filter/CCITTFaxEncoderStream.java,,,,,,,,,,,,,,,,,,,,,,,,,3,10,1,9,2,5,0,3,2,4,6,1,5,2,2,2,1,,,,,,1,,0,00,2,2,2,1
Private Method,"org.apache.pdfbox.filter.CCITTFaxEncoderStream.write(int,int)",pdfbox/src/main/java/org/apache/pdfbox/filter/CCITTFaxEncoderStream.java,,,,,,,,,,,,,,,,,,,,,,,,,10,18,2,16,2,10,0,4,5,8,12,3,9,6,6,6,1,,,,,,2,,0,00,6,6,6,1
Private Method,"org.apache.pdfbox.filter.CCITTFaxEncoderStream.writeEOL()",pdfbox/src/main/java/org/apache/pdfbox/filter/CCITTFaxEncoderStream.java,,,,,,,,,,,,,,,,,,,,,,,,,1,3,0,3,1,1,0,1,1,1,2,1,1,1,1,1,1,,,,,,0,,0,00,1,1,1,1
Private Method,"org.apache.pdfbox.filter.CCITTFaxEncoderStream.writeRun(int,boolean)",pdfbox/src/main/java/org/apache/pdfbox/filter/CCITTFaxEncoderStream.java,,,,,,,,,,,,,,,,,,,,,,,,,10,17,1,16,4,11,0,1,3,8,11,4,7,5,5,5,1,,,,,,2,,0,00,5,5,5,1
Final Class,"org.apache.pdfbox.filter.CCITTFaxFilter",pdfbox/src/main/java/org/apache/pdfbox/filter/CCITTFaxFilter.java,3,3,4,2,28,1,24,4,1,13,0,,0,0,,,4,0,4,24,1,1,1,1,,129,7,99,32,51,24,,,46,61,28,45,,,,,8,8,11,5,2,4,0,0,24,14,14,17,10
Public Method,"org.apache.pdfbox.filter.CCITTFaxFilter.decode(InputStream,OutputStream,COSDictionary,int)",pdfbox/src/main/java/org/apache/pdfbox/filter/CCITTFaxFilter.java,,,,,,,,,,,,,,,,,,,,,,,,,16,84,4,65,19,40,16,14,24,35,43,18,34,8,8,11,5,,,,,,4,,0,25,8,8,11,5
Protected Method,"org.apache.pdfbox.filter.CCITTFaxFilter.encode(InputStream,OutputStream,COSDictionary)",pdfbox/src/main/java/org/apache/pdfbox/filter/CCITTFaxFilter.java,,,,,,,,,,,,,,,,,,,,,,,,,6,10,0,10,7,4,0,3,1,4,5,4,4,1,1,1,1,,,,,,0,,0,00,1,1,1,1
Private Method,"org.apache.pdfbox.filter.CCITTFaxFilter.invertBitmap(byte[])",pdfbox/src/main/java/org/apache/pdfbox/filter/CCITTFaxFilter.java,,,,,,,,,,,,,,,,,,,,,,,,,3,7,0,7,1,2,0,1,2,3,5,2,3,2,2,2,1,,,,,,1,,0,00,2,2,2,1
Method,"org.apache.pdfbox.filter.CCITTFaxFilter.readFromDecoderStream(CCITTFaxDecoderStream,byte[])",pdfbox/src/main/java/org/apache/pdfbox/filter/CCITTFaxFilter.java,,,,,,,,,,,,,,,,,,,,,,,,,4,14,0,14,4,5,0,1,3,4,7,3,4,3,3,3,3,,,,,,2,,0,00,3,3,3,3
Final Class,"org.apache.pdfbox.filter.CryptFilter",pdfbox/src/main/java/org/apache/pdfbox/filter/CryptFilter.java,2,2,3,1,15,0,14,1,1,8,0,,0,0,,,2,0,2,22,0,0,1,1,,38,1,31,11,12,6,,,9,14,7,11,,,,,2,2,3,1,2,1,0,0,19,4,4,6,2
Public Method,"org.apache.pdfbox.filter.CryptFilter.decode(InputStream,OutputStream,COSDictionary,int)",pdfbox/src/main/java/org/apache/pdfbox/filter/CryptFilter.java,,,,,,,,,,,,,,,,,,,,,,,,,6,14,0,13,5,6,1,7,2,5,7,3,6,2,2,3,1,,,,,,1,,0,08,2,2,3,1
Protected Method,"org.apache.pdfbox.filter.CryptFilter.encode(InputStream,OutputStream,COSDictionary)",pdfbox/src/main/java/org/apache/pdfbox/filter/CryptFilter.java,,,,,,,,,,,,,,,,,,,,,,,,,5,16,0,15,5,6,1,5,2,4,6,3,5,2,2,3,1,,,,,,1,,0,07,2,2,3,1
Final Class,"org.apache.pdfbox.filter.DCTFilter",pdfbox/src/main/java/org/apache/pdfbox/filter/DCTFilter.java,3,3,4,1,28,1,24,2,1,29,0,,0,3,,,10,0,10,30,0,7,1,2,,321,30,250,71,148,41,,,128,163,71,124,,,,,11,9,12,7,2,4,0,0,16,38,36,40,19
Private Method,"org.apache.pdfbox.filter.DCTFilter.clamp(float)",pdfbox/src/main/java/org/apache/pdfbox/filter/DCTFilter.java,,,,,,,,,,,,,,,,,,,,,,,,,3,4,0,4,1,1,0,1,1,1,2,1,1,3,3,3,1,,,,,,0,,0,00,3,3,3,1
Public Method,"org.apache.pdfbox.filter.DCTFilter.decode(InputStream,OutputStream,COSDictionary,int)",pdfbox/src/main/java/org/apache/pdfbox/filter/DCTFilter.java,,,,,,,,,,,,,,,,,,,,,,,,,5,6,0,6,3,1,0,2,1,1,2,1,1,1,1,1,1,,,,,,0,,0,00,1,1,1,1
Public Method,"org.apache.pdfbox.filter.DCTFilter.decode(InputStream,OutputStream,COSDictionary,int,DecodeOptions)",pdfbox/src/main/java/org/apache/pdfbox/filter/DCTFilter.java,,,,,,,,,,,,,,,,,,,,,,,,,8,101,8,77,11,46,16,36,60,31,40,9,36,11,9,12,1,,,,,,3,,0,21,11,9,12,1
Protected Method,"org.apache.pdfbox.filter.DCTFilter.encode(InputStream,OutputStream,COSDictionary)",pdfbox/src/main/java/org/apache/pdfbox/filter/DCTFilter.java,,,,,,,,,,,,,,,,,,,,,,,,,0,6,0,6,3,1,0,1,1,1,2,1,1,1,1,1,1,,,,,,0,,0,00,1,1,1,1
Private Method,"org.apache.pdfbox.filter.DCTFilter.fromBGRtoRGB(Raster)",pdfbox/src/main/java/org/apache/pdfbox/filter/DCTFilter.java,,,,,,,,,,,,,,,,,,,,,,,,,2,22,1,20,7,13,1,6,3,15,18,9,12,3,3,3,1,,,,,,2,,0,05,3,3,3,1
Private Method,"org.apache.pdfbox.filter.DCTFilter.fromYCCKtoCMYK(Raster)",pdfbox/src/main/java/org/apache/pdfbox/filter/DCTFilter.java,,,,,,,,,,,,,,,,,,,,,,,,,2,37,5,28,13,21,4,7,3,23,26,15,17,3,3,3,1,,,,,,2,,0,14,3,3,3,1
Private Method,"org.apache.pdfbox.filter.DCTFilter.fromYCbCrtoCMYK(Raster)",pdfbox/src/main/java/org/apache/pdfbox/filter/DCTFilter.java,,,,,,,,,,,,,,,,,,,,,,,,,2,37,5,28,13,21,4,7,3,23,26,15,17,3,3,3,1,,,,,,2,,0,14,3,3,3,1
Private Method,"org.apache.pdfbox.filter.DCTFilter.getAdobeTransform(IIOMetadata)",pdfbox/src/main/java/org/apache/pdfbox/filter/DCTFilter.java,,,,,,,,,,,,,,,,,,,,,,,,,2,12,0,12,5,7,0,7,2,6,8,5,7,2,2,3,1,,,,,,1,,0,00,2,2,3,1
Private Method,"org.apache.pdfbox.filter.DCTFilter.getAdobeTransformByBruteForce(ImageInputStream)",pdfbox/src/main/java/org/apache/pdfbox/filter/DCTFilter.java,,,,,,,,,,,,,,,,,,,,,,,,,4,41,0,40,7,22,1,9,14,16,23,7,20,7,7,7,7,,,,,,4,,0,03,7,7,7,7
Private Method,"org.apache.pdfbox.filter.DCTFilter.getNumChannels(ImageReader)",pdfbox/src/main/java/org/apache/pdfbox/filter/DCTFilter.java,,,,,,,,,,,,,,,,,,,,,,,,,4,23,0,23,4,12,0,7,4,8,12,4,11,4,4,4,4,,,,,,2,,0,00,4,4,4,4
Public Class,"org.apache.pdfbox.filter.DecodeOptions",pdfbox/src/main/java/org/apache/pdfbox/filter/DecodeOptions.java,1,1,1,1,10,0,4,6,1,2,1,,0,1,,,16,6,16,28,1,0,0,15,,244,24,110,38,29,110,,,29,54,32,23,,,,,1,1,1,1,1,0,84,1,00,16,16,16,16
Public Constructor,"org.apache.pdfbox.filter.DecodeOptions.DecodeOptions()",pdfbox/src/main/java/org/apache/pdfbox/filter/DecodeOptions.java,,,,,,,,,,,,,,,,,,,,,,,,,1,7,0,3,1,0,4,1,1,0,1,1,0,1,1,1,1,,,,,,0,,1,33,1,1,1,1
Public Constructor,"org.apache.pdfbox.filter.DecodeOptions.DecodeOptions(Rectangle)",pdfbox/src/main/java/org/apache/pdfbox/filter/DecodeOptions.java,,,,,,,,,,,,,,,,,,,,,,,,,2,10,0,4,1,1,6,2,1,1,2,1,1,1,1,1,1,,,,,,0,,1,50,1,1,1,1
Public Constructor,"org.apache.pdfbox.filter.DecodeOptions.DecodeOptions(int)",pdfbox/src/main/java/org/apache/pdfbox/filter/DecodeOptions.java,,,,,,,,,,,,,,,,,,,,,,,,,4,12,0,5,1,2,7,3,1,2,3,1,2,1,1,1,1,,,,,,0,,1,40,1,1,1,1
Public Constructor,"org.apache.pdfbox.filter.DecodeOptions.DecodeOptions(int,int,int,int)",pdfbox/src/main/java/org/apache/pdfbox/filter/DecodeOptions.java,,,,,,,,,,,,,,,,,,,,,,,,,4,13,0,4,1,1,9,3,1,1,2,1,1,1,1,1,1,,,,,,0,,2,25,1,1,1,1
Private Static Class,"org.apache.pdfbox.filter.DecodeOptions.FinalDecodeOptions",pdfbox/src/main/java/org/apache/pdfbox/filter/DecodeOptions.java,1,1,1,1,4,0,4,0,1,3,0,,0,0,,,7,0,7,35,2,0,0,5,,46,6,36,14,6,4,,,6,14,8,6,,,,,1,1,1,1,2,0,0,0,11,7,7,7,7
Constructor,"org.apache.pdfbox.filter.DecodeOptions.FinalDecodeOptions.FinalDecodeOptions(boolean)",pdfbox/src/main/java/org/apache/pdfbox/filter/DecodeOptions.java,,,,,,,,,,,,,,,,,,,,,,,,,1,4,0,4,1,1,0,2,1,1,2,1,1,1,1,1,1,,,,,,0,,0,00,1,1,1,1
Method,"org.apache.pdfbox.filter.DecodeOptions.FinalDecodeOptions.setFilterSubsampled(boolean)",pdfbox/src/main/java/org/apache/pdfbox/filter/DecodeOptions.java,,,,,,,,,,,,,,,,,,,,,,,,,0,5,0,4,2,0,1,0,1,0,1,1,0,1,1,1,1,,,,,,0,,0,25,1,1,1,1
Public Method,"org.apache.pdfbox.filter.DecodeOptions.FinalDecodeOptions.setSourceRegion(Rectangle)",pdfbox/src/main/java/org/apache/pdfbox/filter/DecodeOptions.java,,,,,,,,,,,,,,,,,,,,,,,,,0,5,0,5,2,1,0,1,1,1,2,1,1,1,1,1,1,,,,,,0,,0,00,1,1,1,1
Public Method,"org.apache.pdfbox.filter.DecodeOptions.FinalDecodeOptions.setSubsamplingOffsetX(int)",pdfbox/src/main/java/org/apache/pdfbox/filter/DecodeOptions.java,,,,,,,,,,,,,,,,,,,,,,,,,0,5,0,5,2,1,0,1,1,1,2,1,1,1,1,1,1,,,,,,0,,0,00,1,1,1,1
Public Method,"org.apache.pdfbox.filter.DecodeOptions.FinalDecodeOptions.setSubsamplingOffsetY(int)",pdfbox/src/main/java/org/apache/pdfbox/filter/DecodeOptions.java,,,,,,,,,,,,,,,,,,,,,,,,,0,5,0,5,2,1,0,1,1,1,2,1,1,1,1,1,1,,,,,,0,,0,00,1,1,1,1
Public Method,"org.apache.pdfbox.filter.DecodeOptions.FinalDecodeOptions.setSubsamplingX(int)",pdfbox/src/main/java/org/apache/pdfbox/filter/DecodeOptions.java,,,,,,,,,,,,,,,,,,,,,,,,,0,5,0,5,2,1,0,1,1,1,2,1,1,1,1,1,1,,,,,,0,,0,00,1,1,1,1
Public Method,"org.apache.pdfbox.filter.DecodeOptions.FinalDecodeOptions.setSubsamplingY(int)",pdfbox/src/main/java/org/apache/pdfbox/filter/DecodeOptions.java,,,,,,,,,,,,,,,,,,,,,,,,,0,5,0,5,2,1,0,1,1,1,2,1,1,1,1,1,1,,,,,,0,,0,00,1,1,1,1
Public Method,"org.apache.pdfbox.filter.DecodeOptions.getSourceRegion()",pdfbox/src/main/java/org/apache/pdfbox/filter/DecodeOptions.java,,,,,,,,,,,,,,,,,,,,,,,,,4,10,0,4,1,1,6,1,1,1,2,1,1,1,1,1,1,,,,,,0,,1,50,1,1,1,1
Public Method,"org.apache.pdfbox.filter.DecodeOptions.getSubsamplingOffsetX()",pdfbox/src/main/java/org/apache/pdfbox/filter/DecodeOptions.java,,,,,,,,,,,,,,,,,,,,,,,,,4,9,0,4,1,1,5,1,1,1,2,1,1,1,1,1,1,,,,,,0,,1,25,1,1,1,1
Public Method,"org.apache.pdfbox.filter.DecodeOptions.getSubsamplingOffsetY()",pdfbox/src/main/java/org/apache/pdfbox/filter/DecodeOptions.java,,,,,,,,,,,,,,,,,,,,,,,,,4,9,0,4,1,1,5,1,1,1,2,1,1,1,1,1,1,,,,,,0,,1,25,1,1,1,1
Public Method,"org.apache.pdfbox.filter.DecodeOptions.getSubsamplingX()",pdfbox/src/main/java/org/apache/pdfbox/filter/DecodeOptions.java,,,,,,,,,,,,,,,,,,,,,,,,,4,10,0,4,1,1,6,1,1,1,2,1,1,1,1,1,1,,,,,,0,,1,50,1,1,1,1
Public Method,"org.apache.pdfbox.filter.DecodeOptions.getSubsamplingY()",pdfbox/src/main/java/org/apache/pdfbox/filter/DecodeOptions.java,,,,,,,,,,,,,,,,,,,,,,,,,4,9,0,4,1,1,5,1,1,1,2,1,1,1,1,1,1,,,,,,0,,1,25,1,1,1,1
Public Method,"org.apache.pdfbox.filter.DecodeOptions.isFilterSubsampled()",pdfbox/src/main/java/org/apache/pdfbox/filter/DecodeOptions.java,,,,,,,,,,,,,,,,,,,,,,,,,4,12,0,4,1,1,8,1,1,1,2,1,1,1,1,1,1,,,,,,0,,2,00,1,1,1,1
Method,"org.apache.pdfbox.filter.DecodeOptions.setFilterSubsampled(boolean)",pdfbox/src/main/java/org/apache/pdfbox/filter/DecodeOptions.java,,,,,,,,,,,,,,,,,,,,,,,,,5,12,0,4,1,1,8,1,1,1,2,1,1,1,1,1,1,,,,,,0,,2,00,1,1,1,1
Public Method,"org.apache.pdfbox.filter.DecodeOptions.setSourceRegion(Rectangle)",pdfbox/src/main/java/org/apache/pdfbox/filter/DecodeOptions.java,,,,,,,,,,,,,,,,,,,,,,,,,4,12,0,4,1,1,8,1,1,1,2,1,1,1,1,1,1,,,,,,0,,2,00,1,1,1,1
Public Method,"org.apache.pdfbox.filter.DecodeOptions.setSubsamplingOffsetX(int)",pdfbox/src/main/java/org/apache/pdfbox/filter/DecodeOptions.java,,,,,,,,,,,,,,,,,,,,,,,,,1,9,0,4,1,1,5,1,1,1,2,1,1,1,1,1,1,,,,,,0,,1,25,1,1,1,1
Public Method,"org.apache.pdfbox.filter.DecodeOptions.setSubsamplingOffsetY(int)",pdfbox/src/main/java/org/apache/pdfbox/filter/DecodeOptions.java,,,,,,,,,,,,,,,,,,,,,,,,,1,9,0,4,1,1,5,1,1,1,2,1,1,1,1,1,1,,,,,,0,,1,25,1,1,1,1
Public Method,"org.apache.pdfbox.filter.DecodeOptions.setSubsamplingX(int)",pdfbox/src/main/java/org/apache/pdfbox/filter/DecodeOptions.java,,,,,,,,,,,,,,,,,,,,,,,,,1,9,0,4,1,1,5,1,1,1,2,1,1,1,1,1,1,,,,,,0,,1,25,1,1,1,1
Public Method,"org.apache.pdfbox.filter.DecodeOptions.setSubsamplingY(int)",pdfbox/src/main/java/org/apache/pdfbox/filter/DecodeOptions.java,,,,,,,,,,,,,,,,,,,,,,,,,1,9,0,4,1,1,5,1,1,1,2,1,1,1,1,1,1,,,,,,0,,1,25,1,1,1,1
Public Final Class,"org.apache.pdfbox.filter.DecodeResult",pdfbox/src/main/java/org/apache/pdfbox/filter/DecodeResult.java,1,1,1,1,6,0,4,2,1,2,0,,1,0,,,5,2,6,18,3,0,0,3,,56,6,30,9,7,20,,,9,16,9,7,,,,,1,1,1,1,1,0,50,0,67,6,6,6,6
Constructor,"org.apache.pdfbox.filter.DecodeResult.DecodeResult(COSDictionary)",pdfbox/src/main/java/org/apache/pdfbox/filter/DecodeResult.java,,,,,,,,,,,,,,,,,,,,,,,,,13,4,0,4,1,1,0,2,1,1,2,1,1,1,1,1,1,,,,,,0,,0,00,1,1,1,1
Constructor,"org.apache.pdfbox.filter.DecodeResult.DecodeResult(COSDictionary,PDJPXColorSpace)",pdfbox/src/main/java/org/apache/pdfbox/filter/DecodeResult.java,,,,,,,,,,,,,,,,,,,,,,,,,2,5,0,5,1,2,0,3,1,2,3,1,2,1,1,1,1,,,,,,0,,0,00,1,1,1,1
Public Static Method,"org.apache.pdfbox.filter.DecodeResult.createDefault()",pdfbox/src/main/java/org/apache/pdfbox/filter/DecodeResult.java,,,,,,,,,,,,,,,,,,,,,,,,,1,9,0,4,1,1,5,3,1,1,2,1,1,1,1,1,1,,,,,,0,,1,25,1,1,1,1
Public Method,"org.apache.pdfbox.filter.DecodeResult.getJPXColorSpace()",pdfbox/src/main/java/org/apache/pdfbox/filter/DecodeResult.java,,,,,,,,,,,,,,,,,,,,,,,,,2,8,0,4,1,1,4,1,1,1,2,1,1,1,1,1,1,,,,,,0,,1,00,1,1,1,1
Public Method,"org.apache.pdfbox.filter.DecodeResult.getParameters()",pdfbox/src/main/java/org/apache/pdfbox/filter/DecodeResult.java,,,,,,,,,,,,,,,,,,,,,,,,,5,8,0,4,1,1,4,1,1,1,2,1,1,1,1,1,1,,,,,,0,,1,00,1,1,1,1
Method,"org.apache.pdfbox.filter.DecodeResult.setColorSpace(PDJPXColorSpace)",pdfbox/src/main/java/org/apache/pdfbox/filter/DecodeResult.java,,,,,,,,,,,,,,,,,,,,,,,,,2,4,0,4,1,1,0,1,1,1,2,1,1,1,1,1,1,,,,,,0,,0,00,1,1,1,1
Public Abstract Class,"org.apache.pdfbox.filter.Filter",pdfbox/src/main/java/org/apache/pdfbox/filter/Filter.java,2,2,3,2,17,0,11,6,1,23,11,,2,2,,,6,0,8,20,0,0,3,5,,147,9,77,23,31,61,,,23,38,18,26,,,,,6,6,10,5,1,3,0,0,79,14,14,18,12
Protected Constructor,"org.apache.pdfbox.filter.Filter.Filter()",pdfbox/src/main/java/org/apache/pdfbox/filter/Filter.java,,,,,,,,,,,,,,,,,,,,,,,,,0,6,0,3,1,0,3,1,1,0,1,1,0,1,1,1,1,,,,,,0,,1,00,1,1,1,1
Public Abstract Method,"org.apache.pdfbox.filter.Filter.decode(InputStream,OutputStream,COSDictionary,int)",pdfbox/src/main/java/org/apache/pdfbox/filter/Filter.java,,,,,,,,,,,,,,,,,,,,,,,,,7,11,0,2,2,0,9,1,0,1,1,1,0,0,0,0,0,,,,,,0,,4,50,0,0,0,0
Public Method,"org.apache.pdfbox.filter.Filter.decode(InputStream,OutputStream,COSDictionary,int,DecodeOptions)",pdfbox/src/main/java/org/apache/pdfbox/filter/Filter.java,,,,,,,,,,,,,,,,,,,,,,,,,6,17,0,5,2,1,12,2,1,1,2,1,1,1,1,1,1,,,,,,0,,2,40,1,1,1,1
Protected Abstract Method,"org.apache.pdfbox.filter.Filter.encode(InputStream,OutputStream,COSDictionary)",pdfbox/src/main/java/org/apache/pdfbox/filter/Filter.java,,,,,,,,,,,,,,,,,,,,,,,,,3,2,0,2,2,0,0,0,0,1,1,1,0,0,0,0,0,,,,,,0,,0,00,0,0,0,0
Public Final Method,"org.apache.pdfbox.filter.Filter.encode(InputStream,OutputStream,COSDictionary,int)",pdfbox/src/main/java/org/apache/pdfbox/filter/Filter.java,,,,,,,,,,,,,,,,,,,,,,,,,7,13,0,5,2,1,8,2,1,1,2,1,1,1,1,1,1,,,,,,0,,1,60,1,1,1,1
Public Static Final Method,"org.apache.pdfbox.filter.Filter.findImageReader(String,String)",pdfbox/src/main/java/org/apache/pdfbox/filter/Filter.java,,,,,,,,,,,,,,,,,,,,,,,,,6,23,0,15,4,7,8,7,3,5,8,3,7,3,3,3,3,,,,,,2,,0,53,3,3,3,3
Public Static Method,"org.apache.pdfbox.filter.Filter.getCompressionLevel()",pdfbox/src/main/java/org/apache/pdfbox/filter/Filter.java,,,,,,,,,,,,,,,,,,,,,,,,,7,16,0,13,2,6,3,7,2,4,6,2,4,2,2,2,1,,,,,,1,,0,23,2,2,2,1
Protected Method,"org.apache.pdfbox.filter.Filter.getDecodeParams(COSDictionary,int)",pdfbox/src/main/java/org/apache/pdfbox/filter/Filter.java,,,,,,,,,,,,,,,,,,,,,,,,,11,30,0,27,5,14,3,8,6,8,14,5,12,6,6,10,5,,,,,,3,,0,11,6,6,10,5
Public Final Class,"org.apache.pdfbox.filter.FilterFactory",pdfbox/src/main/java/org/apache/pdfbox/filter/FilterFactory.java,1,1,1,1,15,0,11,3,1,17,0,,0,1,,,4,1,4,16,1,1,0,2,,79,6,52,18,35,21,,,34,40,18,35,,,,,2,2,2,1,1,1,25,0,40,5,5,5,4
Private Constructor,"org.apache.pdfbox.filter.FilterFactory.FilterFactory()",pdfbox/src/main/java/org/apache/pdfbox/filter/FilterFactory.java,,,,,,,,,,,,,,,,,,,,,,,,,18,31,1,30,11,27,0,2,1,27,28,11,27,1,1,1,1,,,,,,0,,0,00,1,1,1,1
Method,"org.apache.pdfbox.filter.FilterFactory.getAllFilters()",pdfbox/src/main/java/org/apache/pdfbox/filter/FilterFactory.java,,,,,,,,,,,,,,,,,,,,,,,,,2,4,0,4,1,1,0,2,1,1,2,1,1,1,1,1,1,,,,,,0,,0,00,1,1,1,1
Public Method,"org.apache.pdfbox.filter.FilterFactory.getFilter(COSName)",pdfbox/src/main/java/org/apache/pdfbox/filter/FilterFactory.java,,,,,,,,,,,,,,,,,,,,,,,,,12,15,0,9,2,4,6,3,2,3,5,2,4,2,2,2,1,,,,,,1,,0,67,2,2,2,1
Public Method,"org.apache.pdfbox.filter.FilterFactory.getFilter(String)",pdfbox/src/main/java/org/apache/pdfbox/filter/FilterFactory.java,,,,,,,,,,,,,,,,,,,,,,,,,3,10,0,4,1,1,6,3,1,1,2,1,1,1,1,1,1,,,,,,0,,1,50,1,1,1,1
Final Class,"org.apache.pdfbox.filter.FlateFilter",pdfbox/src/main/java/org/apache/pdfbox/filter/FlateFilter.java,3,3,4,3,30,0,27,2,1,15,0,,0,1,,,3,0,3,23,0,1,1,1,,107,5,87,18,45,15,,,32,45,14,37,,,,,7,7,9,7,2,5,0,0,17,10,10,12,9
Public Method,"org.apache.pdfbox.filter.FlateFilter.decode(InputStream,OutputStream,COSDictionary,int)",pdfbox/src/main/java/org/apache/pdfbox/filter/FlateFilter.java,,,,,,,,,,,,,,,,,,,,,,,,,6,20,2,16,4,7,2,7,2,5,7,2,6,2,2,2,1,,,,,,1,,0,12,2,2,2,1
Private Method,"org.apache.pdfbox.filter.FlateFilter.decompress(InputStream,OutputStream)",pdfbox/src/main/java/org/apache/pdfbox/filter/FlateFilter.java,,,,,,,,,,,,,,,,,,,,,,,,,5,58,0,54,7,31,4,12,14,21,29,7,24,7,7,9,7,,,,,,5,,0,07,7,7,9,7
Protected Method,"org.apache.pdfbox.filter.FlateFilter.encode(InputStream,OutputStream,COSDictionary)",pdfbox/src/main/java/org/apache/pdfbox/filter/FlateFilter.java,,,,,,,,,,,,,,,,,,,,,,,,,2,13,0,13,5,6,0,6,1,5,7,3,6,1,1,1,1,,,,,,1,,0,00,1,1,1,1
Final Class,"org.apache.pdfbox.filter.IdentityFilter",pdfbox/src/main/java/org/apache/pdfbox/filter/IdentityFilter.java,1,1,1,1,8,0,8,0,1,7,0,,0,0,,,2,0,2,22,0,0,1,1,,25,1,18,8,5,6,,,5,8,3,5,,,,,1,1,1,1,2,0,0,0,33,2,2,2,2
Public Method,"org.apache.pdfbox.filter.IdentityFilter.decode(InputStream,OutputStream,COSDictionary,int)",pdfbox/src/main/java/org/apache/pdfbox/filter/IdentityFilter.java,,,,,,,,,,,,,,,,,,,,,,,,,3,9,0,9,4,3,0,4,1,3,4,1,3,1,1,1,1,,,,,,0,,0,00,1,1,1,1
Protected Method,"org.apache.pdfbox.filter.IdentityFilter.encode(InputStream,OutputStream,COSDictionary)",pdfbox/src/main/java/org/apache/pdfbox/filter/IdentityFilter.java,,,,,,,,,,,,,,,,,,,,,,,,,2,7,0,7,3,2,0,2,1,2,3,1,2,1,1,1,1,,,,,,0,,0,00,1,1,1,1
Final Class,"org.apache.pdfbox.filter.JBIG2Filter",pdfbox/src/main/java/org/apache/pdfbox/filter/JBIG2Filter.java,3,3,3,1,24,2,22,1,1,27,0,,1,2,,,3,0,4,24,0,1,1,2,,118,13,93,24,47,13,,,33,47,17,39,,,,,8,8,8,1,2,3,75,0,14,12,12,12,4
Public Method,"org.apache.pdfbox.filter.JBIG2Filter.decode(InputStream,OutputStream,COSDictionary,int)",pdfbox/src/main/java/org/apache/pdfbox/filter/JBIG2Filter.java,,,,,,,,,,,,,,,,,,,,,,,,,5,6,0,6,3,1,0,2,1,1,2,1,1,1,1,1,1,,,,,,0,,0,00,1,1,1,1
Public Method,"org.apache.pdfbox.filter.JBIG2Filter.decode(InputStream,OutputStream,COSDictionary,int,DecodeOptions)",pdfbox/src/main/java/org/apache/pdfbox/filter/JBIG2Filter.java,,,,,,,,,,,,,,,,,,,,,,,,,12,77,8,66,14,38,3,41,72,26,35,11,32,8,8,8,1,,,,,,3,,0,05,8,8,8,1
Protected Method,"org.apache.pdfbox.filter.JBIG2Filter.encode(InputStream,OutputStream,COSDictionary)",pdfbox/src/main/java/org/apache/pdfbox/filter/JBIG2Filter.java,,,,,,,,,,,,,,,,,,,,,,,,,0,6,0,6,3,1,0,1,1,1,2,1,1,1,1,1,1,,,,,,0,,0,00,1,1,1,1
Private Static Method,"org.apache.pdfbox.filter.JBIG2Filter.logLevigoDonated()",pdfbox/src/main/java/org/apache/pdfbox/filter/JBIG2Filter.java,,,,,,,,,,,,,,,,,,,,,,,,,3,10,0,10,1,5,1,2,2,3,5,1,4,2,2,2,1,,,,,,1,,0,10,2,2,2,1
Public Final Class,"org.apache.pdfbox.filter.JPXFilter",pdfbox/src/main/java/org/apache/pdfbox/filter/JPXFilter.java,3,3,4,1,33,2,25,5,1,25,0,,0,0,,,4,0,4,24,0,1,1,2,,156,14,105,22,57,37,,,43,59,20,49,,,,,8,6,8,1,2,4,0,0,35,15,13,18,4
Public Method,"org.apache.pdfbox.filter.JPXFilter.decode(InputStream,OutputStream,COSDictionary,int)",pdfbox/src/main/java/org/apache/pdfbox/filter/JPXFilter.java,,,,,,,,,,,,,,,,,,,,,,,,,5,6,0,6,3,1,0,2,1,1,2,1,1,1,1,1,1,,,,,,0,,0,00,1,1,1,1
Public Method,"org.apache.pdfbox.filter.JPXFilter.decode(InputStream,OutputStream,COSDictionary,int,DecodeOptions)",pdfbox/src/main/java/org/apache/pdfbox/filter/JPXFilter.java,,,,,,,,,,,,,,,,,,,,,,,,,9,49,4,40,9,25,5,18,8,22,29,11,24,8,6,8,1,,,,,,4,,0,12,8,6,8,1
Protected Method,"org.apache.pdfbox.filter.JPXFilter.encode(InputStream,OutputStream,COSDictionary)",pdfbox/src/main/java/org/apache/pdfbox/filter/JPXFilter.java,,,,,,,,,,,,,,,,,,,,,,,,,0,9,0,6,3,1,3,1,1,1,2,1,1,1,1,1,1,,,,,,0,,0,50,1,1,1,1
Private Method,"org.apache.pdfbox.filter.JPXFilter.readJPX(InputStream,DecodeOptions,DecodeResult)",pdfbox/src/main/java/org/apache/pdfbox/filter/JPXFilter.java,,,,,,,,,,,,,,,,,,,,,,,,,12,70,7,50,6,30,13,32,12,19,25,6,23,5,5,8,1,,,,,,3,,0,26,5,5,8,1
Public Class,"org.apache.pdfbox.filter.LZWFilter",pdfbox/src/main/java/org/apache/pdfbox/filter/LZWFilter.java,4,4,4,2,34,1,27,5,1,19,0,,0,3,,,7,0,7,27,0,5,1,1,,273,21,195,39,108,59,,,83,114,36,92,,,,,6,6,8,5,2,5,0,0,30,29,29,32,14
Private Method,"org.apache.pdfbox.filter.LZWFilter.calculateChunk(int,int)",pdfbox/src/main/java/org/apache/pdfbox/filter/LZWFilter.java,,,,,,,,,,,,,,,,,,,,,,,,,4,24,0,16,1,7,8,1,4,4,8,1,7,4,4,4,4,,,,,,1,,0,50,4,4,4,4
Private Method,"org.apache.pdfbox.filter.LZWFilter.checkIndexBounds(List,long,MemoryCacheImageInputStream)",pdfbox/src/main/java/org/apache/pdfbox/filter/LZWFilter.java,,,,,,,,,,,,,,,,,,,,,,,,,4,15,0,15,2,7,0,3,4,2,5,1,4,3,3,3,1,,,,,,1,,0,00,3,3,3,1
Private Method,"org.apache.pdfbox.filter.LZWFilter.createCodeTable()",pdfbox/src/main/java/org/apache/pdfbox/filter/LZWFilter.java,,,,,,,,,,,,,,,,,,,,,,,,,2,15,0,11,2,6,6,3,2,7,9,3,7,2,2,2,1,,,,,,1,,0,55,2,2,2,1
Public Method,"org.apache.pdfbox.filter.LZWFilter.decode(InputStream,OutputStream,COSDictionary,int)",pdfbox/src/main/java/org/apache/pdfbox/filter/LZWFilter.java,,,,,,,,,,,,,,,,,,,,,,,,,5,18,2,13,5,6,3,6,2,5,7,3,6,2,2,3,1,,,,,,1,,0,23,2,2,3,1
Private Method,"org.apache.pdfbox.filter.LZWFilter.doLZWDecode(InputStream,OutputStream,int)",pdfbox/src/main/java/org/apache/pdfbox/filter/LZWFilter.java,,,,,,,,,,,,,,,,,,,,,,,,,9,55,2,53,11,33,0,13,6,26,32,11,27,6,6,6,1,,,,,,5,,0,00,6,6,6,1
Protected Method,"org.apache.pdfbox.filter.LZWFilter.encode(InputStream,OutputStream,COSDictionary)",pdfbox/src/main/java/org/apache/pdfbox/filter/LZWFilter.java,,,,,,,,,,,,,,,,,,,,,,,,,5,75,7,55,10,33,13,10,10,26,33,8,27,6,6,6,1,,,,,,5,,0,24,6,6,6,1
Private Method,"org.apache.pdfbox.filter.LZWFilter.findPatternCode(List,byte[])",pdfbox/src/main/java/org/apache/pdfbox/filter/LZWFilter.java,,,,,,,,,,,,,,,,,,,,,,,,,5,37,0,26,4,13,11,4,7,10,16,5,13,6,6,8,5,,,,,,3,,0,42,6,6,8,5
Public Class,"org.apache.pdfbox.filter.MissingImageReaderException",pdfbox/src/main/java/org/apache/pdfbox/filter/MissingImageReaderException.java,1,1,1,1,4,0,4,0,1,1,0,,0,1,,,1,0,1,48,0,0,0,1,,17,1,8,3,2,8,,,2,4,3,1,,,,,1,1,1,1,1,0,0,1,00,1,1,1,1
Public Constructor,"org.apache.pdfbox.filter.MissingImageReaderException.MissingImageReaderException(String)",pdfbox/src/main/java/org/apache/pdfbox/filter/MissingImageReaderException.java,,,,,,,,,,,,,,,,,,,,,,,,,2,4,0,4,1,1,0,2,1,1,2,1,1,1,1,1,1,,,,,,0,,0,00,1,1,1,1
Public Final Class,"org.apache.pdfbox.filter.Predictor",pdfbox/src/main/java/org/apache/pdfbox/filter/Predictor.java,5,4,6,3,35,0,28,7,1,5,0,,5,0,,,1,0,6,18,5,1,0,0,,342,19,257,73,141,69,,,131,170,77,103,,,,,28,23,31,14,1,5,0,0,27,34,29,37,19
Private Constructor,"org.apache.pdfbox.filter.Predictor.Predictor()",pdfbox/src/main/java/org/apache/pdfbox/filter/Predictor.java,,,,,,,,,,,,,,,,,,,,,,,,,0,3,0,3,1,0,0,1,1,0,1,1,0,1,1,1,1,,,,,,0,,0,00,1,1,1,1
Private Static Final Class,"org.apache.pdfbox.filter.Predictor.PredictorOutputStream",pdfbox/src/main/java/org/apache/pdfbox/filter/Predictor.java,1,1,1,1,11,0,10,1,1,7,0,,0,0,,,7,10,7,32,1,2,0,4,,115,9,85,26,39,21,,,42,54,22,33,,,,,4,4,6,1,1,3,61,0,25,11,11,13,7
Constructor,"org.apache.pdfbox.filter.Predictor.PredictorOutputStream.PredictorOutputStream(OutputStream,int,int,int,int)",pdfbox/src/main/java/org/apache/pdfbox/filter/Predictor.java,,,,,,,,,,,,,,,,,,,,,,,,,7,12,0,12,1,9,0,11,1,9,10,1,9,1,1,1,1,,,,,,0,,0,00,1,1,1,1
Private Method,"org.apache.pdfbox.filter.Predictor.PredictorOutputStream.decodeAndWriteRow()",pdfbox/src/main/java/org/apache/pdfbox/filter/Predictor.java,,,,,,,,,,,,,,,,,,,,,,,,,9,6,0,6,1,3,0,3,1,3,4,1,3,1,1,1,1,,,,,,0,,0,00,1,1,1,1
Private Method,"org.apache.pdfbox.filter.Predictor.PredictorOutputStream.flipRows()",pdfbox/src/main/java/org/apache/pdfbox/filter/Predictor.java,,,,,,,,,,,,,,,,,,,,,,,,,3,12,0,8,2,5,4,4,1,5,6,2,4,1,1,1,1,,,,,,0,,0,50,1,1,1,1
Public Method,"org.apache.pdfbox.filter.Predictor.PredictorOutputStream.flush()",pdfbox/src/main/java/org/apache/pdfbox/filter/Predictor.java,,,,,,,,,,,,,,,,,,,,,,,,,3,11,0,10,2,4,1,3,2,3,5,1,4,2,2,2,1,,,,,,1,,0,10,2,2,2,1
Public Method,"org.apache.pdfbox.filter.Predictor.PredictorOutputStream.write(byte[])",pdfbox/src/main/java/org/apache/pdfbox/filter/Predictor.java,,,,,,,,,,,,,,,,,,,,,,,,,2,5,0,5,2,1,0,1,1,1,2,1,1,1,1,1,1,,,,,,0,,0,00,1,1,1,1
Public Method,"org.apache.pdfbox.filter.Predictor.PredictorOutputStream.write(byte[],int,int)",pdfbox/src/main/java/org/apache/pdfbox/filter/Predictor.java,,,,,,,,,,,,,,,,,,,,,,,,,10,31,1,26,5,14,4,6,4,10,14,4,11,4,4,6,1,,,,,,3,,0,15,4,4,6,1
Public Method,"org.apache.pdfbox.filter.Predictor.PredictorOutputStream.write(int)",pdfbox/src/main/java/org/apache/pdfbox/filter/Predictor.java,,,,,,,,,,,,,,,,,,,,,,,,,0,5,0,5,2,1,0,1,1,1,2,1,1,1,1,1,1,,,,,,0,,0,00,1,1,1,1
Static Method,"org.apache.pdfbox.filter.Predictor.calcSetBitSeq(int,int,int,int)",pdfbox/src/main/java/org/apache/pdfbox/filter/Predictor.java,,,,,,,,,,,,,,,,,,,,,,,,,6,7,0,7,3,4,0,1,1,4,5,3,2,1,1,1,1,,,,,,0,,0,00,1,1,1,1
Static Method,"org.apache.pdfbox.filter.Predictor.calculateRowLength(int,int,int)",pdfbox/src/main/java/org/apache/pdfbox/filter/Predictor.java,,,,,,,,,,,,,,,,,,,,,,,,,4,5,0,5,2,2,0,1,1,2,3,2,1,1,1,1,1,,,,,,0,,0,00,1,1,1,1
Static Method,"org.apache.pdfbox.filter.Predictor.decodePredictorRow(int,int,int,int,byte[],byte[])",pdfbox/src/main/java/org/apache/pdfbox/filter/Predictor.java,,,,,,,,,,,,,,,,,,,,,,,,,8,166,2,134,33,86,33,4,211,75,95,41,59,28,23,31,14,,,,,,5,,0,25,28,23,31,14
Static Method,"org.apache.pdfbox.filter.Predictor.getBitSeq(int,int,int)",pdfbox/src/main/java/org/apache/pdfbox/filter/Predictor.java,,,,,,,,,,,,,,,,,,,,,,,,,5,5,0,5,2,2,0,1,1,2,3,2,1,1,1,1,1,,,,,,0,,0,00,1,1,1,1
Static Method,"org.apache.pdfbox.filter.Predictor.wrapPredictor(OutputStream,COSDictionary)",pdfbox/src/main/java/org/apache/pdfbox/filter/Predictor.java,,,,,,,,,,,,,,,,,,,,,,,,,8,25,1,15,5,8,9,5,2,6,8,5,7,2,2,2,1,,,,,,1,,0,60,2,2,2,1
Class,"org.apache.pdfbox.filter.PredictorTest",pdfbox/src/test/java/org/apache/pdfbox/filter/PredictorTest.java,1,1,1,1,29,0,25,3,1,3,0,,0,0,,,2,0,2,14,2,0,0,0,,66,2,53,5,42,11,,,42,45,3,42,,,,,1,1,1,1,1,0,0,0,21,2,2,2,2
Method,"org.apache.pdfbox.filter.PredictorTest.testCalcSetBitSeq()",pdfbox/src/test/java/org/apache/pdfbox/filter/PredictorTest.java,,,,,,,,,,,,,,,,,,,,,,,,,0,31,1,26,2,22,4,3,1,22,23,1,22,1,1,1,1,,,,,,0,,0,15,1,1,1,1
Method,"org.apache.pdfbox.filter.PredictorTest.testGetBitSeq()",pdfbox/src/test/java/org/apache/pdfbox/filter/PredictorTest.java,,,,,,,,,,,,,,,,,,,,,,,,,0,27,0,24,2,20,3,3,1,20,21,1,20,1,1,1,1,,,,,,0,,0,12,1,1,1,1
Final Class,"org.apache.pdfbox.filter.RunLengthDecodeFilter",pdfbox/src/main/java/org/apache/pdfbox/filter/RunLengthDecodeFilter.java,10,10,10,3,76,1,70,5,1,6,0,,0,1,,,2,0,2,22,0,0,1,1,,166,4,145,18,75,18,,,53,74,15,60,,,,,13,13,13,6,2,5,0,0,12,20,20,21,7
Public Method,"org.apache.pdfbox.filter.RunLengthDecodeFilter.decode(InputStream,OutputStream,COSDictionary,int)",pdfbox/src/main/java/org/apache/pdfbox/filter/RunLengthDecodeFilter.java,,,,,,,,,,,,,,,,,,,,,,,,,4,40,0,38,8,17,2,6,8,14,21,7,15,7,7,8,6,,,,,,4,,0,05,7,7,8,6
Protected Method,"org.apache.pdfbox.filter.RunLengthDecodeFilter.encode(InputStream,OutputStream,COSDictionary)",pdfbox/src/main/java/org/apache/pdfbox/filter/RunLengthDecodeFilter.java,,,,,,,,,,,,,,,,,,,,,,,,,3,113,2,103,8,57,9,3,40,38,51,6,45,13,13,13,1,,,,,,5,,0,09,13,13,13,1
Interface,"org.apache.pdfbox.filter.TIFFExtension",pdfbox/src/main/java/org/apache/pdfbox/filter/TIFFExtension.java,0,0,0,0,0,0,0,0,0,0,0,,0,0,,,0,40,0,0,0,0,0,0,,75,11,42,41,40,23,,,40,41,41,0,,,,,0,0,0,0,0,0,0,0,55,0,0,0,0
Class,"org.apache.pdfbox.filter.TestFilters",pdfbox/src/test/java/org/apache/pdfbox/filter/TestFilters.java,2,2,3,1,29,0,22,6,1,20,0,,0,0,,,5,0,5,17,4,1,0,0,,158,8,116,36,67,34,,,50,67,34,44,,,,,10,10,14,4,1,5,0,0,29,14,14,18,8
Private Method,"org.apache.pdfbox.filter.TestFilters.checkEncodeDecode(Filter,byte[])",pdfbox/src/test/java/org/apache/pdfbox/filter/TestFilters.java,,,,,,,,,,,,,,,,,,,,,,,,,5,12,1,11,3,8,0,8,1,5,6,3,5,1,1,1,1,,,,,,0,,0,00,1,1,1,1
Method,"org.apache.pdfbox.filter.TestFilters.testFilters()",pdfbox/src/test/java/org/apache/pdfbox/filter/TestFilters.java,,,,,,,,,,,,,,,,,,,,,,,,,2,81,3,66,14,35,12,10,61,22,34,15,25,10,10,14,4,,,,,,5,,0,18,10,10,14,4
Method,"org.apache.pdfbox.filter.TestFilters.testPDFBOX1977()",pdfbox/src/test/java/org/apache/pdfbox/filter/TestFilters.java,,,,,,,,,,,,,,,,,,,,,,,,,2,14,0,7,4,3,7,5,1,3,4,3,3,1,1,1,1,,,,,,0,,1,00,1,1,1,1
Method,"org.apache.pdfbox.filter.TestFilters.testPDFBOX4517()",pdfbox/src/test/java/org/apache/pdfbox/filter/TestFilters.java,,,,,,,,,,,,,,,,,,,,,,,,,0,12,0,6,2,2,6,2,1,1,2,1,1,1,1,1,1,,,,,,0,,1,00,1,1,1,1
Method,"org.apache.pdfbox.filter.TestFilters.testRLE()",pdfbox/src/test/java/org/apache/pdfbox/filter/TestFilters.java,,,,,,,,,,,,,,,,,,,,,,,,,2,29,0,23,12,19,6,2,1,19,20,11,10,1,1,1,1,,,,,,0,,0,26,1,1,1,1
Package,"org.apache.pdfbox.io",io/src/main/java/org/apache/pdfbox/io/IOUtils.java,1,1,1,1,16,0,12,3,,,,23,16,16,22,,188,66,204,,72,23,2,107,,4618,460,2865,797,1444,1302,,,1318,1726,647,1180,,,,,10,10,12,5,,4,,0,45,376,376,402,240
Public Final Class,"org.apache.pdfbox.io.IOUtils",io/src/main/java/org/apache/pdfbox/io/IOUtils.java,2,2,2,1,25,0,17,7,1,27,0,,8,2,,,1,0,9,21,0,3,0,6,,261,16,171,41,92,75,,,56,80,33,64,,,,,5,5,5,5,1,2,0,0,44,26,26,26,19
Private Constructor,"org.apache.pdfbox.io.IOUtils.IOUtils()",io/src/main/java/org/apache/pdfbox/io/IOUtils.java,,,,,,,,,,,,,,,,,,,,,,,,,0,4,0,3,1,0,1,1,1,0,1,1,0,1,1,1,1,,,,,,0,,0,33,1,1,1,1
Public Static Method,"org.apache.pdfbox.io.IOUtils.closeAndLogException(Closeable,Log,String,IOException)",io/src/main/java/org/apache/pdfbox/io/IOUtils.java,,,,,,,,,,,,,,,,,,,,,,,,,8,28,0,16,1,7,12,3,3,4,7,1,6,3,3,3,3,,,,,,2,,0,75,3,3,3,3
Public Static Method,"org.apache.pdfbox.io.IOUtils.closeQuietly(Closeable)",io/src/main/java/org/apache/pdfbox/io/IOUtils.java,,,,,,,,,,,,,,,,,,,,,,,,,29,20,0,14,1,5,6,2,3,2,5,1,4,3,3,3,1,,,,,,2,,0,43,3,3,3,1
Public Static Method,"org.apache.pdfbox.io.IOUtils.copy(InputStream,OutputStream)",io/src/main/java/org/apache/pdfbox/io/IOUtils.java,,,,,,,,,,,,,,,,,,,,,,,,,26,19,0,12,4,7,7,3,2,6,8,4,4,2,2,2,1,,,,,,1,,0,58,2,2,2,1
Private Static Method,"org.apache.pdfbox.io.IOUtils.newBufferCleaner(Class<?>,MethodHandle)",io/src/main/java/org/apache/pdfbox/io/IOUtils.java,,,,,,,,,,,,,,,,,,,,,,,,,3,31,0,31,4,17,0,4,1,9,14,2,13,1,1,1,1,,,,,,1,,0,00,5,5,5,2
Lambda Method,"org.apache.pdfbox.io.IOUtils.newBufferCleaner.(lambda_expr_1)(ByteBuffer)",io/src/main/java/org/apache/pdfbox/io/IOUtils.java,,,,,,,,,,,,,,,,,,,,,,,,,4,26,0,26,2,15,0,8,8,7,11,1,11,4,4,4,1,,,,,,0,,0,00,6,6,6,2
Lambda Method,"org.apache.pdfbox.io.IOUtils.newBufferCleaner.(lambda_expr_1).(lambda_expr_2)()",io/src/main/java/org/apache/pdfbox/io/IOUtils.java,,,,,,,,,,,,,,,,,,,,,,,,,3,11,0,11,1,6,0,2,2,3,4,0,4,2,2,2,1,,,,,,0,,0,00,2,2,2,1
Public Static Method,"org.apache.pdfbox.io.IOUtils.populateBuffer(InputStream,byte[])",io/src/main/java/org/apache/pdfbox/io/IOUtils.java,,,,,,,,,,,,,,,,,,,,,,,,,10,24,0,15,4,8,10,2,3,6,9,4,6,3,3,3,3,,,,,,2,,0,67,3,3,3,3
Public Static Method,"org.apache.pdfbox.io.IOUtils.toByteArray(InputStream)",io/src/main/java/org/apache/pdfbox/io/IOUtils.java,,,,,,,,,,,,,,,,,,,,,,,,,37,12,0,6,2,3,6,4,1,3,4,2,3,1,1,1,1,,,,,,0,,1,00,1,1,1,1
Public Static Method,"org.apache.pdfbox.io.IOUtils.unmap(ByteBuffer)",io/src/main/java/org/apache/pdfbox/io/IOUtils.java,,,,,,,,,,,,,,,,,,,,,,,,,4,19,0,11,1,4,8,2,2,2,4,1,3,2,2,2,1,,,,,,1,,0,73,3,3,3,2
Lambda Method,"org.apache.pdfbox.io.IOUtils.unmap.(lambda_expr_1)(Consumer (inferred))",io/src/main/java/org/apache/pdfbox/io/IOUtils.java,,,,,,,,,,,,,,,,,,,,,,,,,2,1,0,1,0,1,0,2,1,0,0,0,0,1,1,1,1,,,,,,0,,0,00,1,1,1,1
Private Static Method,"org.apache.pdfbox.io.IOUtils.unmapper()",io/src/main/java/org/apache/pdfbox/io/IOUtils.java,,,,,,,,,,,,,,,,,,,,,,,,,4,74,3,53,19,38,18,23,5,21,24,14,23,5,5,5,5,,,,,,2,,0,34,5,5,5,5
Public Final Class,"org.apache.pdfbox.io.MemoryUsageSetting",pdfbox/src/main/java/org/apache/pdfbox/io/MemoryUsageSetting.java,1,1,2,1,13,0,6,6,1,3,0,,6,0,,,11,5,17,29,0,1,0,16,,261,27,118,34,48,116,,,37,59,29,31,,,,,7,7,12,1,1,2,75,0,98,30,30,35,17
Private Constructor,"org.apache.pdfbox.io.MemoryUsageSetting.MemoryUsageSetting(boolean,boolean,long,long)",pdfbox/src/main/java/org/apache/pdfbox/io/MemoryUsageSetting.java,,,,,,,,,,,,,,,,,,,,,,,,,8,52,5,30,5,17,17,5,12,11,16,4,12,7,7,12,1,,,,,,2,,0,57,7,7,12,1
Public Method,"org.apache.pdfbox.io.MemoryUsageSetting.getMaxMainMemoryBytes()",pdfbox/src/main/java/org/apache/pdfbox/io/MemoryUsageSetting.java,,,,,,,,,,,,,,,,,,,,,,,,,2,7,0,4,1,1,3,1,1,1,2,1,1,1,1,1,1,,,,,,0,,0,75,1,1,1,1
Public Method,"org.apache.pdfbox.io.MemoryUsageSetting.getMaxStorageBytes()",pdfbox/src/main/java/org/apache/pdfbox/io/MemoryUsageSetting.java,,,,,,,,,,,,,,,,,,,,,,,,,2,8,0,4,1,1,4,1,1,1,2,1,1,1,1,1,1,,,,,,0,,1,00,1,1,1,1
Public Method,"org.apache.pdfbox.io.MemoryUsageSetting.getPartitionedCopy(int)",pdfbox/src/main/java/org/apache/pdfbox/io/MemoryUsageSetting.java,,,,,,,,,,,,,,,,,,,,,,,,,7,23,2,11,7,8,10,3,1,5,6,4,3,3,3,3,1,,,,,,0,,0,91,3,3,3,1
Public Method,"org.apache.pdfbox.io.MemoryUsageSetting.getTempDir()",pdfbox/src/main/java/org/apache/pdfbox/io/MemoryUsageSetting.java,,,,,,,,,,,,,,,,,,,,,,,,,2,8,0,4,1,1,4,1,1,1,2,1,1,1,1,1,1,,,,,,0,,1,00,1,1,1,1
Public Method,"org.apache.pdfbox.io.MemoryUsageSetting.isMainMemoryRestricted()",pdfbox/src/main/java/org/apache/pdfbox/io/MemoryUsageSetting.java,,,,,,,,,,,,,,,,,,,,,,,,,3,8,0,4,1,1,4,1,1,1,2,1,1,1,1,1,1,,,,,,0,,1,00,1,1,1,1
Public Method,"org.apache.pdfbox.io.MemoryUsageSetting.isStorageRestricted()",pdfbox/src/main/java/org/apache/pdfbox/io/MemoryUsageSetting.java,,,,,,,,,,,,,,,,,,,,,,,,,3,8,0,4,1,1,4,1,1,1,2,1,1,1,1,1,1,,,,,,0,,1,00,1,1,1,1
Public Method,"org.apache.pdfbox.io.MemoryUsageSetting.setTempDir(File)",pdfbox/src/main/java/org/apache/pdfbox/io/MemoryUsageSetting.java,,,,,,,,,,,,,,,,,,,,,,,,,2,12,0,5,1,2,7,2,1,2,3,1,2,1,1,1,1,,,,,,0,,1,40,1,1,1,1
Public Static Method,"org.apache.pdfbox.io.MemoryUsageSetting.setupMainMemoryOnly()",pdfbox/src/main/java/org/apache/pdfbox/io/MemoryUsageSetting.java,,,,,,,,,,,,,,,,,,,,,,,,,26,8,0,4,1,1,4,2,1,1,2,1,1,1,1,1,1,,,,,,0,,1,00,1,1,1,1
Public Static Method,"org.apache.pdfbox.io.MemoryUsageSetting.setupMainMemoryOnly(long)",pdfbox/src/main/java/org/apache/pdfbox/io/MemoryUsageSetting.java,,,,,,,,,,,,,,,,,,,,,,,,,3,11,0,4,1,1,7,2,1,1,2,1,1,1,1,1,1,,,,,,0,,1,75,1,1,1,1
Public Static Method,"org.apache.pdfbox.io.MemoryUsageSetting.setupMixed(long)",pdfbox/src/main/java/org/apache/pdfbox/io/MemoryUsageSetting.java,,,,,,,,,,,,,,,,,,,,,,,,,1,12,0,4,1,1,8,2,1,1,2,1,1,1,1,1,1,,,,,,0,,2,00,1,1,1,1
Public Static Method,"org.apache.pdfbox.io.MemoryUsageSetting.setupMixed(long,long)",pdfbox/src/main/java/org/apache/pdfbox/io/MemoryUsageSetting.java,,,,,,,,,,,,,,,,,,,,,,,,,3,15,0,4,1,1,11,2,1,1,2,1,1,1,1,1,1,,,,,,0,,2,75,1,1,1,1
Public Static Method,"org.apache.pdfbox.io.MemoryUsageSetting.setupTempFileOnly()",pdfbox/src/main/java/org/apache/pdfbox/io/MemoryUsageSetting.java,,,,,,,,,,,,,,,,,,,,,,,,,5,8,0,4,1,1,4,2,1,1,2,1,1,1,1,1,1,,,,,,0,,1,00,1,1,1,1
Public Static Method,"org.apache.pdfbox.io.MemoryUsageSetting.setupTempFileOnly(long)",pdfbox/src/main/java/org/apache/pdfbox/io/MemoryUsageSetting.java,,,,,,,,,,,,,,,,,,,,,,,,,2,12,0,4,1,1,8,2,1,1,2,1,1,1,1,1,1,,,,,,0,,2,00,1,1,1,1
Public Method,"org.apache.pdfbox.io.MemoryUsageSetting.toString()",pdfbox/src/main/java/org/apache/pdfbox/io/MemoryUsageSetting.java,,,,,,,,,,,,,,,,,,,,,,,,,4,12,0,12,2,8,0,3,1,1,2,1,1,6,6,6,1,,,,,,0,,0,00,6,6,6,1
Public Method,"org.apache.pdfbox.io.MemoryUsageSetting.useMainMemory()",pdfbox/src/main/java/org/apache/pdfbox/io/MemoryUsageSetting.java,,,,,,,,,,,,,,,,,,,,,,,,,2,10,0,4,1,1,6,1,1,1,2,1,1,1,1,1,1,,,,,,0,,1,50,1,1,1,1
Public Method,"org.apache.pdfbox.io.MemoryUsageSetting.useTempFile()",pdfbox/src/main/java/org/apache/pdfbox/io/MemoryUsageSetting.java,,,,,,,,,,,,,,,,,,,,,,,,,2,10,0,4,1,1,6,1,1,1,2,1,1,1,1,1,1,,,,,,0,,1,50,1,1,1,1
Public Interface,"org.apache.pdfbox.io.RandomAccess",io/src/main/java/org/apache/pdfbox/io/RandomAccess.java,0,0,0,0,0,0,0,0,2,0,1,,0,0,,,0,0,0,19,0,0,0,0,,10,0,3,1,0,7,,,0,1,1,0,,,,,0,0,0,0,2,0,0,2,33,0,0,0,0
Public Class,"org.apache.pdfbox.io.RandomAccessInputStream",io/src/main/java/org/apache/pdfbox/io/RandomAccessInputStream.java,1,1,1,1,12,0,11,1,1,8,0,,0,1,,,6,2,6,34,1,0,0,5,,95,7,72,16,31,16,,,24,36,12,27,,,,,3,3,3,1,1,1,0,0,22,11,11,11,6
Public Constructor,"org.apache.pdfbox.io.RandomAccessInputStream.RandomAccessInputStream(RandomAccessRead)",io/src/main/java/org/apache/pdfbox/io/RandomAccessInputStream.java,,,,,,,,,,,,,,,,,,,,,,,,,11,11,0,5,1,2,6,3,1,2,3,1,2,1,1,1,1,,,,,,0,,1,20,1,1,1,1
Public Method,"org.apache.pdfbox.io.RandomAccessInputStream.available()",io/src/main/java/org/apache/pdfbox/io/RandomAccessInputStream.java,,,,,,,,,,,,,,,,,,,,,,,,,8,5,0,5,2,1,0,4,1,1,2,1,1,1,1,1,1,,,,,,0,,0,00,1,1,1,1
Public Method,"org.apache.pdfbox.io.RandomAccessInputStream.read()",io/src/main/java/org/apache/pdfbox/io/RandomAccessInputStream.java,,,,,,,,,,,,,,,,,,,,,,,,,7,22,0,20,3,10,2,7,3,6,9,2,8,3,3,3,1,,,,,,1,,0,10,3,3,3,1
Public Method,"org.apache.pdfbox.io.RandomAccessInputStream.read(byte[],int,int)",io/src/main/java/org/apache/pdfbox/io/RandomAccessInputStream.java,,,,,,,,,,,,,,,,,,,,,,,,,8,22,0,20,3,10,2,7,3,6,9,2,8,3,3,3,1,,,,,,1,,0,10,3,3,3,1
Method,"org.apache.pdfbox.io.RandomAccessInputStream.restorePosition()",io/src/main/java/org/apache/pdfbox/io/RandomAccessInputStream.java,,,,,,,,,,,,,,,,,,,,,,,,,5,4,0,4,1,1,0,1,1,1,2,1,1,1,1,1,1,,,,,,0,,0,00,1,1,1,1
Public Method,"org.apache.pdfbox.io.RandomAccessInputStream.skip(long)",io/src/main/java/org/apache/pdfbox/io/RandomAccessInputStream.java,,,,,,,,,,,,,,,,,,,,,,,,,5,12,0,12,2,6,0,4,2,5,7,1,6,2,2,2,1,,,,,,1,,0,00,2,2,2,1
Class,"org.apache.pdfbox.io.RandomAccessInputStreamTest",io/src/test/java/org/apache/pdfbox/io/RandomAccessInputStreamTest.java,1,1,1,1,16,1,15,0,1,7,0,,0,0,,,5,0,5,17,5,0,0,0,,93,10,80,20,47,3,,,37,48,15,37,,,,,1,1,1,1,1,1,0,0,04,5,5,5,5
Method,"org.apache.pdfbox.io.RandomAccessInputStreamTest.testEmptyBuffer()",io/src/test/java/org/apache/pdfbox/io/RandomAccessInputStreamTest.java,,,,,,,,,,,,,,,,,,,,,,,,,0,11,0,11,2,5,0,8,1,3,5,1,4,1,1,1,1,,,,,,1,,0,00,1,1,1,1
Method,"org.apache.pdfbox.io.RandomAccessInputStreamTest.testPositionRead()",io/src/test/java/org/apache/pdfbox/io/RandomAccessInputStreamTest.java,,,,,,,,,,,,,,,,,,,,,,,,,0,16,1,15,4,9,0,6,1,7,9,3,7,1,1,1,1,,,,,,1,,0,00,1,1,1,1
Method,"org.apache.pdfbox.io.RandomAccessInputStreamTest.testPositionReadBytes()",io/src/test/java/org/apache/pdfbox/io/RandomAccessInputStreamTest.java,,,,,,,,,,,,,,,,,,,,,,,,,0,24,2,22,5,16,0,7,1,14,16,4,13,1,1,1,1,,,,,,1,,0,00,1,1,1,1
Method,"org.apache.pdfbox.io.RandomAccessInputStreamTest.testPositionSkip()",io/src/test/java/org/apache/pdfbox/io/RandomAccessInputStreamTest.java,,,,,,,,,,,,,,,,,,,,,,,,,0,16,1,15,4,9,0,7,1,7,9,3,7,1,1,1,1,,,,,,1,,0,00,1,1,1,1
Method,"org.apache.pdfbox.io.RandomAccessInputStreamTest.testSeekEOF()",io/src/test/java/org/apache/pdfbox/io/RandomAccessInputStreamTest.java,,,,,,,,,,,,,,,,,,,,,,,,,1,16,2,14,4,8,0,8,1,6,8,3,6,1,1,1,1,,,,,,1,,0,00,1,1,1,1
Public Class,"org.apache.pdfbox.io.RandomAccessOutputStream",io/src/main/java/org/apache/pdfbox/io/RandomAccessOutputStream.java,1,1,1,1,6,0,4,1,1,3,0,,0,0,,,4,1,4,23,0,0,0,4,,39,4,23,9,4,12,,,5,10,6,4,,,,,1,1,1,1,1,0,0,0,52,4,4,4,4
Public Constructor,"org.apache.pdfbox.io.RandomAccessOutputStream.RandomAccessOutputStream(RandomAccessWrite)",io/src/main/java/org/apache/pdfbox/io/RandomAccessOutputStream.java,,,,,,,,,,,,,,,,,,,,,,,,,4,10,0,4,1,1,6,2,1,1,2,1,1,1,1,1,1,,,,,,0,,1,50,1,1,1,1
Public Method,"org.apache.pdfbox.io.RandomAccessOutputStream.write(byte[])",io/src/main/java/org/apache/pdfbox/io/RandomAccessOutputStream.java,,,,,,,,,,,,,,,,,,,,,,,,,2,5,0,5,2,1,0,1,1,1,2,1,1,1,1,1,1,,,,,,0,,0,00,1,1,1,1
Public Method,"org.apache.pdfbox.io.RandomAccessOutputStream.write(byte[],int,int)",io/src/main/java/org/apache/pdfbox/io/RandomAccessOutputStream.java,,,,,,,,,,,,,,,,,,,,,,,,,4,5,0,5,2,1,0,1,1,1,2,1,1,1,1,1,1,,,,,,0,,0,00,1,1,1,1
Public Method,"org.apache.pdfbox.io.RandomAccessOutputStream.write(int)",io/src/main/java/org/apache/pdfbox/io/RandomAccessOutputStream.java,,,,,,,,,,,,,,,,,,,,,,,,,2,5,0,5,2,1,0,1,1,1,2,1,1,1,1,1,1,,,,,,0,,0,00,1,1,1,1
Public Interface,"org.apache.pdfbox.io.RandomAccessRead",io/src/main/java/org/apache/pdfbox/io/RandomAccessRead.java,1,1,1,1,11,0,5,6,1,4,6,,0,0,,,13,0,13,15,13,0,0,0,,136,12,36,15,8,88,,,15,22,15,8,,,,,2,2,2,1,1,1,0,2,44,6,6,6,5
Method,"org.apache.pdfbox.io.RandomAccessRead.available()",io/src/main/java/org/apache/pdfbox/io/RandomAccessRead.java,,,,,,,,,,,,,,,,,,,,,,,,,4,10,0,4,1,1,6,4,1,1,2,1,1,1,1,1,1,,,,,,0,,1,50,1,1,1,1
Abstract Method,"org.apache.pdfbox.io.RandomAccessRead.createView(long,long)",io/src/main/java/org/apache/pdfbox/io/RandomAccessRead.java,,,,,,,,,,,,,,,,,,,,,,,,,3,10,0,1,1,0,9,1,0,1,1,1,0,0,0,0,0,,,,,,0,,9,00,0,0,0,0
Abstract Method,"org.apache.pdfbox.io.RandomAccessRead.getPosition()",io/src/main/java/org/apache/pdfbox/io/RandomAccessRead.java,,,,,,,,,,,,,,,,,,,,,,,,,59,9,0,1,1,0,8,1,0,1,1,1,0,0,0,0,0,,,,,,0,,8,00,0,0,0,0
Abstract Method,"org.apache.pdfbox.io.RandomAccessRead.isClosed()",io/src/main/java/org/apache/pdfbox/io/RandomAccessRead.java,,,,,,,,,,,,,,,,,,,,,,,,,4,4,0,1,1,0,3,1,0,1,1,1,0,0,0,0,0,,,,,,0,,3,00,0,0,0,0
Abstract Method,"org.apache.pdfbox.io.RandomAccessRead.isEOF()",io/src/main/java/org/apache/pdfbox/io/RandomAccessRead.java,,,,,,,,,,,,,,,,,,,,,,,,,13,8,0,1,1,0,7,1,0,1,1,1,0,0,0,0,0,,,,,,0,,7,00,0,0,0,0
Abstract Method,"org.apache.pdfbox.io.RandomAccessRead.length()",io/src/main/java/org/apache/pdfbox/io/RandomAccessRead.java,,,,,,,,,,,,,,,,,,,,,,,,,14,8,0,1,1,0,7,1,0,1,1,1,0,0,0,0,0,,,,,,0,,7,00,0,0,0,0
Method,"org.apache.pdfbox.io.RandomAccessRead.peek()",io/src/main/java/org/apache/pdfbox/io/RandomAccessRead.java,,,,,,,,,,,,,,,,,,,,,,,,,34,16,0,9,2,4,7,3,2,3,5,2,4,2,2,2,1,,,,,,1,,0,78,2,2,2,1
Abstract Method,"org.apache.pdfbox.io.RandomAccessRead.read()",io/src/main/java/org/apache/pdfbox/io/RandomAccessRead.java,,,,,,,,,,,,,,,,,,,,,,,,,51,8,0,1,1,0,7,1,0,1,1,1,0,0,0,0,0,,,,,,0,,7,00,0,0,0,0
Method,"org.apache.pdfbox.io.RandomAccessRead.read(byte[])",io/src/main/java/org/apache/pdfbox/io/RandomAccessRead.java,,,,,,,,,,,,,,,,,,,,,,,,,21,11,0,4,1,1,7,2,1,1,2,1,1,1,1,1,1,,,,,,0,,1,75,1,1,1,1
Abstract Method,"org.apache.pdfbox.io.RandomAccessRead.read(byte[],int,int)",io/src/main/java/org/apache/pdfbox/io/RandomAccessRead.java,,,,,,,,,,,,,,,,,,,,,,,,,15,10,0,1,1,0,9,1,0,1,1,1,0,0,0,0,0,,,,,,0,,9,00,0,0,0,0
Method,"org.apache.pdfbox.io.RandomAccessRead.rewind(int)",io/src/main/java/org/apache/pdfbox/io/RandomAccessRead.java,,,,,,,,,,,,,,,,,,,,,,,,,35,10,0,4,1,1,6,2,1,1,2,1,1,1,1,1,1,,,,,,0,,1,50,1,1,1,1
Abstract Method,"org.apache.pdfbox.io.RandomAccessRead.seek(long)",io/src/main/java/org/apache/pdfbox/io/RandomAccessRead.java,,,,,,,,,,,,,,,,,,,,,,,,,41,7,0,1,1,0,6,0,0,1,1,1,0,0,0,0,0,,,,,,0,,6,00,0,0,0,0
Method,"org.apache.pdfbox.io.RandomAccessRead.skip(int)",io/src/main/java/org/apache/pdfbox/io/RandomAccessRead.java,,,,,,,,,,,,,,,,,,,,,,,,,11,10,0,4,1,1,6,2,1,1,2,1,1,1,1,1,1,,,,,,0,,1,50,1,1,1,1
Public Class,"org.apache.pdfbox.io.RandomAccessReadBuffer",io/src/main/java/org/apache/pdfbox/io/RandomAccessReadBuffer.java,2,2,2,1,15,0,12,3,2,9,0,,0,1,,,19,8,19,31,0,7,0,12,,343,20,241,46,124,82,,,101,140,38,105,,,,,6,6,6,4,1,2,62,0,34,40,40,43,27
Private Constructor,"org.apache.pdfbox.io.RandomAccessReadBuffer.RandomAccessReadBuffer()",io/src/main/java/org/apache/pdfbox/io/RandomAccessReadBuffer.java,,,,,,,,,,,,,,,,,,,,,,,,,2,7,0,4,1,1,3,2,1,1,2,1,1,1,1,1,1,,,,,,0,,0,75,1,1,1,1
Public Constructor,"org.apache.pdfbox.io.RandomAccessReadBuffer.RandomAccessReadBuffer(ByteBuffer)",io/src/main/java/org/apache/pdfbox/io/RandomAccessReadBuffer.java,,,,,,,,,,,,,,,,,,,,,,,,,5,13,0,8,1,5,5,8,1,5,6,1,5,1,1,1,1,,,,,,0,,0,62,1,1,1,1
Public Constructor,"org.apache.pdfbox.io.RandomAccessReadBuffer.RandomAccessReadBuffer(InputStream)",io/src/main/java/org/apache/pdfbox/io/RandomAccessReadBuffer.java,,,,,,,,,,,,,,,,,,,,,,,,,28,31,0,25,5,18,6,10,3,15,18,5,13,3,3,5,1,,,,,,2,,0,24,3,3,5,1
Private Constructor,"org.apache.pdfbox.io.RandomAccessReadBuffer.RandomAccessReadBuffer(RandomAccessReadBuffer)",io/src/main/java/org/apache/pdfbox/io/RandomAccessReadBuffer.java,,,,,,,,,,,,,,,,,,,,,,,,,6,14,0,14,2,9,0,12,2,8,11,3,9,2,2,2,1,,,,,,1,,0,00,2,2,2,1
Public Constructor,"org.apache.pdfbox.io.RandomAccessReadBuffer.RandomAccessReadBuffer(byte[])",io/src/main/java/org/apache/pdfbox/io/RandomAccessReadBuffer.java,,,,,,,,,,,,,,,,,,,,,,,,,13,10,0,4,1,1,6,3,1,1,2,1,1,1,1,1,1,,,,,,0,,1,50,1,1,1,1
Private Constructor,"org.apache.pdfbox.io.RandomAccessReadBuffer.RandomAccessReadBuffer(int)",io/src/main/java/org/apache/pdfbox/io/RandomAccessReadBuffer.java,,,,,,,,,,,,,,,,,,,,,,,,,5,11,0,7,1,4,4,7,1,4,5,1,4,1,1,1,1,,,,,,0,,0,57,1,1,1,1
Private Method,"org.apache.pdfbox.io.RandomAccessReadBuffer.checkClosed()",io/src/main/java/org/apache/pdfbox/io/RandomAccessReadBuffer.java,,,,,,,,,,,,,,,,,,,,,,,,,7,12,0,7,1,2,5,1,2,1,3,1,2,2,2,2,1,,,,,,1,,0,71,2,2,2,1
Public Method,"org.apache.pdfbox.io.RandomAccessReadBuffer.close()",io/src/main/java/org/apache/pdfbox/io/RandomAccessReadBuffer.java,,,,,,,,,,,,,,,,,,,,,,,,,3,9,0,6,2,2,3,2,1,2,3,1,2,1,1,1,1,,,,,,0,,0,50,1,1,1,1
Public Method,"org.apache.pdfbox.io.RandomAccessReadBuffer.createView(long,long)",io/src/main/java/org/apache/pdfbox/io/RandomAccessReadBuffer.java,,,,,,,,,,,,,,,,,,,,,,,,,3,6,0,6,2,2,0,3,1,1,2,1,1,1,1,1,1,,,,,,0,,0,00,1,1,1,1
Private Method,"org.apache.pdfbox.io.RandomAccessReadBuffer.expandBuffer()",io/src/main/java/org/apache/pdfbox/io/RandomAccessReadBuffer.java,,,,,,,,,,,,,,,,,,,,,,,,,6,20,0,15,1,8,5,7,2,6,8,1,7,2,2,2,1,,,,,,1,,0,33,2,2,2,1
Public Method,"org.apache.pdfbox.io.RandomAccessReadBuffer.getPosition()",io/src/main/java/org/apache/pdfbox/io/RandomAccessReadBuffer.java,,,,,,,,,,,,,,,,,,,,,,,,,8,9,0,6,2,2,3,2,1,2,3,1,2,1,1,1,1,,,,,,0,,0,50,1,1,1,1
Public Method,"org.apache.pdfbox.io.RandomAccessReadBuffer.isClosed()",io/src/main/java/org/apache/pdfbox/io/RandomAccessReadBuffer.java,,,,,,,,,,,,,,,,,,,,,,,,,2,8,0,5,2,1,3,1,1,1,2,1,1,1,1,1,1,,,,,,0,,0,60,1,1,1,1
Public Method,"org.apache.pdfbox.io.RandomAccessReadBuffer.isEOF()",io/src/main/java/org/apache/pdfbox/io/RandomAccessReadBuffer.java,,,,,,,,,,,,,,,,,,,,,,,,,4,9,0,6,2,2,3,2,1,2,3,1,2,1,1,1,1,,,,,,0,,0,50,1,1,1,1
Public Method,"org.apache.pdfbox.io.RandomAccessReadBuffer.length()",io/src/main/java/org/apache/pdfbox/io/RandomAccessReadBuffer.java,,,,,,,,,,,,,,,,,,,,,,,,,2,9,0,6,2,2,3,2,1,2,3,1,2,1,1,1,1,,,,,,0,,0,50,1,1,1,1
Private Method,"org.apache.pdfbox.io.RandomAccessReadBuffer.nextBuffer()",io/src/main/java/org/apache/pdfbox/io/RandomAccessReadBuffer.java,,,,,,,,,,,,,,,,,,,,,,,,,5,12,0,9,1,4,3,5,2,3,5,1,4,2,2,2,1,,,,,,1,,0,33,2,2,2,1
Public Method,"org.apache.pdfbox.io.RandomAccessReadBuffer.read()",io/src/main/java/org/apache/pdfbox/io/RandomAccessReadBuffer.java,,,,,,,,,,,,,,,,,,,,,,,,,14,26,0,23,2,11,3,8,4,7,11,1,10,4,4,4,4,,,,,,2,,0,13,4,4,4,4
Public Method,"org.apache.pdfbox.io.RandomAccessReadBuffer.read(byte[],int,int)",io/src/main/java/org/apache/pdfbox/io/RandomAccessReadBuffer.java,,,,,,,,,,,,,,,,,,,,,,,,,8,29,0,26,3,12,3,5,7,7,12,2,11,5,5,6,3,,,,,,2,,0,12,5,5,6,3
Private Method,"org.apache.pdfbox.io.RandomAccessReadBuffer.readRemainingBytes(byte[],int,int)",io/src/main/java/org/apache/pdfbox/io/RandomAccessReadBuffer.java,,,,,,,,,,,,,,,,,,,,,,,,,9,34,0,29,3,18,5,6,4,14,18,3,16,4,4,4,4,,,,,,1,,0,17,4,4,4,4
Public Method,"org.apache.pdfbox.io.RandomAccessReadBuffer.seek(long)",io/src/main/java/org/apache/pdfbox/io/RandomAccessReadBuffer.java,,,,,,,,,,,,,,,,,,,,,,,,,11,29,0,23,2,13,6,7,4,10,13,1,12,6,6,6,1,,,,,,1,,0,26,6,6,6,1
Class,"org.apache.pdfbox.io.RandomAccessReadBufferTest",io/src/test/java/org/apache/pdfbox/io/RandomAccessReadBufferTest.java,1,1,1,1,18,1,16,1,1,15,0,,0,0,,,11,0,11,23,11,0,0,0,,222,26,180,45,113,17,,,95,117,34,94,,,,,1,1,1,1,1,1,0,0,09,14,14,14,14
Method,"org.apache.pdfbox.io.RandomAccessReadBufferTest.testEmptyBuffer()",io/src/test/java/org/apache/pdfbox/io/RandomAccessReadBufferTest.java,,,,,,,,,,,,,,,,,,,,,,,,,1,19,0,19,3,13,0,12,1,10,12,2,10,1,1,1,1,,,,,,1,,0,00,2,2,2,2
Lambda Method,"org.apache.pdfbox.io.RandomAccessReadBufferTest.testEmptyBuffer.(lambda_expr_1)()",io/src/test/java/org/apache/pdfbox/io/RandomAccessReadBufferTest.java,,,,,,,,,,,,,,,,,,,,,,,,,0,1,0,1,0,1,0,2,1,0,0,0,0,1,1,1,1,,,,,,0,,0,00,1,1,1,1
Method,"org.apache.pdfbox.io.RandomAccessReadBufferTest.testPDFBOX5111()",io/src/test/java/org/apache/pdfbox/io/RandomAccessReadBufferTest.java,,,,,,,,,,,,,,,,,,,,,,,,,0,11,0,11,2,5,1,5,1,1,3,1,2,1,1,1,1,,,,,,1,,0,09,1,1,1,1
Method,"org.apache.pdfbox.io.RandomAccessReadBufferTest.testPDFBOX5158()",io/src/test/java/org/apache/pdfbox/io/RandomAccessReadBufferTest.java,,,,,,,,,,,,,,,,,,,,,,,,,0,22,0,15,3,7,7,10,1,5,8,2,7,1,1,1,1,,,,,,1,,0,47,1,1,1,1
Method,"org.apache.pdfbox.io.RandomAccessReadBufferTest.testPDFBOX5161()",io/src/test/java/org/apache/pdfbox/io/RandomAccessReadBufferTest.java,,,,,,,,,,,,,,,,,,,,,,,,,0,18,0,12,4,6,6,5,1,5,7,3,5,1,1,1,1,,,,,,1,,0,50,1,1,1,1
Method,"org.apache.pdfbox.io.RandomAccessReadBufferTest.testPositionPeek()",io/src/test/java/org/apache/pdfbox/io/RandomAccessReadBufferTest.java,,,,,,,,,,,,,,,,,,,,,,,,,0,16,2,14,4,8,0,6,1,7,9,3,7,1,1,1,1,,,,,,1,,0,00,1,1,1,1
Method,"org.apache.pdfbox.io.RandomAccessReadBufferTest.testPositionRead()",io/src/test/java/org/apache/pdfbox/io/RandomAccessReadBufferTest.java,,,,,,,,,,,,,,,,,,,,,,,,,0,18,3,15,5,11,0,9,1,11,12,4,10,1,1,1,1,,,,,,0,,0,00,1,1,1,1
Method,"org.apache.pdfbox.io.RandomAccessReadBufferTest.testPositionReadBytes()",io/src/test/java/org/apache/pdfbox/io/RandomAccessReadBufferTest.java,,,,,,,,,,,,,,,,,,,,,,,,,0,23,2,21,5,15,0,6,1,14,16,4,13,1,1,1,1,,,,,,1,,0,00,1,1,1,1
Method,"org.apache.pdfbox.io.RandomAccessReadBufferTest.testPositionSkip()",io/src/test/java/org/apache/pdfbox/io/RandomAccessReadBufferTest.java,,,,,,,,,,,,,,,,,,,,,,,,,0,14,1,13,4,7,0,6,1,6,8,3,6,1,1,1,1,,,,,,1,,0,00,1,1,1,1
Method,"org.apache.pdfbox.io.RandomAccessReadBufferTest.testPositionUnreadBytes()",io/src/test/java/org/apache/pdfbox/io/RandomAccessReadBufferTest.java,,,,,,,,,,,,,,,,,,,,,,,,,1,24,1,23,5,17,0,8,1,16,18,4,15,1,1,1,1,,,,,,1,,0,00,1,1,1,1
Method,"org.apache.pdfbox.io.RandomAccessReadBufferTest.testSeekEOF()",io/src/test/java/org/apache/pdfbox/io/RandomAccessReadBufferTest.java,,,,,,,,,,,,,,,,,,,,,,,,,2,24,5,19,5,15,0,12,1,13,14,4,12,1,1,1,1,,,,,,0,,0,00,3,3,3,3
Lambda Method,"org.apache.pdfbox.io.RandomAccessReadBufferTest.testSeekEOF.(lambda_expr_1)()",io/src/test/java/org/apache/pdfbox/io/RandomAccessReadBufferTest.java,,,,,,,,,,,,,,,,,,,,,,,,,0,1,0,1,0,1,0,2,1,0,0,0,0,1,1,1,1,,,,,,0,,0,00,1,1,1,1
Lambda Method,"org.apache.pdfbox.io.RandomAccessReadBufferTest.testSeekEOF.(lambda_expr_2)()",io/src/test/java/org/apache/pdfbox/io/RandomAccessReadBufferTest.java,,,,,,,,,,,,,,,,,,,,,,,,,0,1,0,1,0,1,0,2,1,0,0,0,0,1,1,1,1,,,,,,0,,0,00,1,1,1,1
Method,"org.apache.pdfbox.io.RandomAccessReadBufferTest.testView()",io/src/test/java/org/apache/pdfbox/io/RandomAccessReadBufferTest.java,,,,,,,,,,,,,,,,,,,,,,,,,0,16,1,15,4,9,0,6,1,7,9,3,7,1,1,1,1,,,,,,1,,0,00,1,1,1,1
Public Class,"org.apache.pdfbox.io.RandomAccessReadBufferedFile",io/src/main/java/org/apache/pdfbox/io/RandomAccessReadBufferedFile.java,2,2,2,1,14,0,11,2,2,12,0,,0,4,,,13,10,13,25,0,2,0,11,,252,29,183,48,90,40,,,76,106,40,73,,,,,4,4,4,3,1,2,77,0,22,27,27,27,17
Anonymous Class,"org.apache.pdfbox.io.RandomAccessReadBufferedFile.(Anon_1)",io/src/main/java/org/apache/pdfbox/io/RandomAccessReadBufferedFile.java,2,2,2,1,11,0,11,0,1,4,0,,0,1,,,1,0,1,113,0,0,1,0,,14,1,13,1,8,0,,,5,7,3,5,,,,,2,2,2,1,1,1,0,0,00,2,2,2,1
Protected Method,"org.apache.pdfbox.io.RandomAccessReadBufferedFile.(Anon_1).removeEldestEntry(Map.Entry<Long,ByteBuffer>)",io/src/main/java/org/apache/pdfbox/io/RandomAccessReadBufferedFile.java,,,,,,,,,,,,,,,,,,,,,,,,,3,11,0,11,1,7,0,5,2,4,6,2,5,2,2,2,1,,,,,,1,,0,00,2,2,2,1
Public Constructor,"org.apache.pdfbox.io.RandomAccessReadBufferedFile.RandomAccessReadBufferedFile(File)",io/src/main/java/org/apache/pdfbox/io/RandomAccessReadBufferedFile.java,,,,,,,,,,,,,,,,,,,,,,,,,19,13,0,7,1,4,6,8,1,4,5,1,4,1,1,1,1,,,,,,0,,0,86,1,1,1,1
Public Constructor,"org.apache.pdfbox.io.RandomAccessReadBufferedFile.RandomAccessReadBufferedFile(String)",io/src/main/java/org/apache/pdfbox/io/RandomAccessReadBufferedFile.java,,,,,,,,,,,,,,,,,,,,,,,,,1,10,0,4,1,1,6,3,1,1,2,1,1,1,1,1,1,,,,,,0,,1,50,1,1,1,1
Private Method,"org.apache.pdfbox.io.RandomAccessReadBufferedFile.checkClosed()",io/src/main/java/org/apache/pdfbox/io/RandomAccessReadBufferedFile.java,,,,,,,,,,,,,,,,,,,,,,,,,6,11,0,7,1,2,4,3,2,1,3,1,2,2,2,2,1,,,,,,1,,0,57,2,2,2,1
Public Method,"org.apache.pdfbox.io.RandomAccessReadBufferedFile.close()",io/src/main/java/org/apache/pdfbox/io/RandomAccessReadBufferedFile.java,,,,,,,,,,,,,,,,,,,,,,,,,2,7,0,7,2,3,0,3,1,3,4,1,3,1,1,1,1,,,,,,0,,0,00,1,1,1,1
Public Method,"org.apache.pdfbox.io.RandomAccessReadBufferedFile.createView(long,long)",io/src/main/java/org/apache/pdfbox/io/RandomAccessReadBufferedFile.java,,,,,,,,,,,,,,,,,,,,,,,,,4,21,0,19,5,11,2,7,3,8,11,4,9,3,3,3,3,,,,,,2,,0,11,3,3,3,3
Public Method,"org.apache.pdfbox.io.RandomAccessReadBufferedFile.getPosition()",io/src/main/java/org/apache/pdfbox/io/RandomAccessReadBufferedFile.java,,,,,,,,,,,,,,,,,,,,,,,,,1,6,0,6,2,2,0,2,1,2,3,1,2,1,1,1,1,,,,,,0,,0,00,1,1,1,1
Public Method,"org.apache.pdfbox.io.RandomAccessReadBufferedFile.isClosed()",io/src/main/java/org/apache/pdfbox/io/RandomAccessReadBufferedFile.java,,,,,,,,,,,,,,,,,,,,,,,,,1,5,0,5,2,1,0,1,1,1,2,1,1,1,1,1,1,,,,,,0,,0,00,1,1,1,1
Public Method,"org.apache.pdfbox.io.RandomAccessReadBufferedFile.isEOF()",io/src/main/java/org/apache/pdfbox/io/RandomAccessReadBufferedFile.java,,,,,,,,,,,,,,,,,,,,,,,,,0,5,0,5,2,1,0,2,1,1,2,1,1,1,1,1,1,,,,,,0,,0,00,1,1,1,1
Public Method,"org.apache.pdfbox.io.RandomAccessReadBufferedFile.length()",io/src/main/java/org/apache/pdfbox/io/RandomAccessReadBufferedFile.java,,,,,,,,,,,,,,,,,,,,,,,,,1,5,0,5,2,1,0,1,1,1,2,1,1,1,1,1,1,,,,,,0,,0,00,1,1,1,1
Public Method,"org.apache.pdfbox.io.RandomAccessReadBufferedFile.read()",io/src/main/java/org/apache/pdfbox/io/RandomAccessReadBufferedFile.java,,,,,,,,,,,,,,,,,,,,,,,,,6,17,2,15,2,7,0,6,3,5,8,1,7,3,3,3,1,,,,,,1,,0,00,3,3,3,1
Public Method,"org.apache.pdfbox.io.RandomAccessReadBufferedFile.read(byte[],int,int)",io/src/main/java/org/apache/pdfbox/io/RandomAccessReadBufferedFile.java,,,,,,,,,,,,,,,,,,,,,,,,,9,28,5,23,3,13,0,8,5,10,14,2,13,4,4,4,1,,,,,,1,,0,00,4,4,4,1
Private Method,"org.apache.pdfbox.io.RandomAccessReadBufferedFile.readPage()",io/src/main/java/org/apache/pdfbox/io/RandomAccessReadBufferedFile.java,,,,,,,,,,,,,,,,,,,,,,,,,4,33,3,24,4,12,6,4,6,9,13,4,10,4,4,4,3,,,,,,2,,0,25,4,4,4,3
Public Method,"org.apache.pdfbox.io.RandomAccessReadBufferedFile.seek(long)",io/src/main/java/org/apache/pdfbox/io/RandomAccessReadBufferedFile.java,,,,,,,,,,,,,,,,,,,,,,,,,11,32,1,24,4,14,7,11,6,11,15,3,13,4,4,4,1,,,,,,2,,0,29,4,4,4,1
Class,"org.apache.pdfbox.io.RandomAccessReadBufferedFileTest",io/src/test/java/org/apache/pdfbox/io/RandomAccessReadBufferedFileTest.java,1,1,1,1,17,1,16,0,1,11,0,,0,0,,,8,0,8,20,8,0,0,0,,154,16,135,24,88,3,,,70,85,14,73,,,,,1,1,1,1,1,1,0,0,02,11,11,11,11
Method,"org.apache.pdfbox.io.RandomAccessReadBufferedFileTest.testEmptyBuffer()",io/src/test/java/org/apache/pdfbox/io/RandomAccessReadBufferedFileTest.java,,,,,,,,,,,,,,,,,,,,,,,,,1,20,1,19,3,13,0,14,1,10,12,2,10,1,1,1,1,,,,,,1,,0,00,2,2,2,2
Lambda Method,"org.apache.pdfbox.io.RandomAccessReadBufferedFileTest.testEmptyBuffer.(lambda_expr_1)()",io/src/test/java/org/apache/pdfbox/io/RandomAccessReadBufferedFileTest.java,,,,,,,,,,,,,,,,,,,,,,,,,0,1,0,1,0,1,0,2,1,0,0,0,0,1,1,1,1,,,,,,0,,0,00,1,1,1,1
Method,"org.apache.pdfbox.io.RandomAccessReadBufferedFileTest.testPositionPeek()",io/src/test/java/org/apache/pdfbox/io/RandomAccessReadBufferedFileTest.java,,,,,,,,,,,,,,,,,,,,,,,,,0,14,1,13,2,7,0,9,1,5,7,1,6,1,1,1,1,,,,,,1,,0,00,1,1,1,1
Method,"org.apache.pdfbox.io.RandomAccessReadBufferedFileTest.testPositionRead()",io/src/test/java/org/apache/pdfbox/io/RandomAccessReadBufferedFileTest.java,,,,,,,,,,,,,,,,,,,,,,,,,0,16,2,14,4,10,0,12,1,9,10,2,9,1,1,1,1,,,,,,0,,0,00,1,1,1,1
Method,"org.apache.pdfbox.io.RandomAccessReadBufferedFileTest.testPositionReadBytes()",io/src/test/java/org/apache/pdfbox/io/RandomAccessReadBufferedFileTest.java,,,,,,,,,,,,,,,,,,,,,,,,,0,21,1,20,3,14,0,9,1,12,14,2,12,1,1,1,1,,,,,,1,,0,00,1,1,1,1
Method,"org.apache.pdfbox.io.RandomAccessReadBufferedFileTest.testPositionSkip()",io/src/test/java/org/apache/pdfbox/io/RandomAccessReadBufferedFileTest.java,,,,,,,,,,,,,,,,,,,,,,,,,0,12,0,12,2,6,0,9,1,4,6,1,5,1,1,1,1,,,,,,1,,0,00,1,1,1,1
Method,"org.apache.pdfbox.io.RandomAccessReadBufferedFileTest.testPositionUnreadBytes()",io/src/test/java/org/apache/pdfbox/io/RandomAccessReadBufferedFileTest.java,,,,,,,,,,,,,,,,,,,,,,,,,1,22,0,22,3,16,0,11,1,14,16,2,14,1,1,1,1,,,,,,1,,0,00,1,1,1,1
Method,"org.apache.pdfbox.io.RandomAccessReadBufferedFileTest.testSeekEOF()",io/src/test/java/org/apache/pdfbox/io/RandomAccessReadBufferedFileTest.java,,,,,,,,,,,,,,,,,,,,,,,,,2,22,4,18,4,14,0,16,1,11,12,2,11,1,1,1,1,,,,,,0,,0,00,3,3,3,3
Lambda Method,"org.apache.pdfbox.io.RandomAccessReadBufferedFileTest.testSeekEOF.(lambda_expr_1)()",io/src/test/java/org/apache/pdfbox/io/RandomAccessReadBufferedFileTest.java,,,,,,,,,,,,,,,,,,,,,,,,,0,1,0,1,0,1,0,2,1,0,0,0,0,1,1,1,1,,,,,,0,,0,00,1,1,1,1
Lambda Method,"org.apache.pdfbox.io.RandomAccessReadBufferedFileTest.testSeekEOF.(lambda_expr_2)()",io/src/test/java/org/apache/pdfbox/io/RandomAccessReadBufferedFileTest.java,,,,,,,,,,,,,,,,,,,,,,,,,0,1,0,1,0,1,0,2,1,0,0,0,0,1,1,1,1,,,,,,0,,0,00,1,1,1,1
Method,"org.apache.pdfbox.io.RandomAccessReadBufferedFileTest.testView()",io/src/test/java/org/apache/pdfbox/io/RandomAccessReadBufferedFileTest.java,,,,,,,,,,,,,,,,,,,,,,,,,0,14,0,14,2,8,0,9,1,5,7,1,6,1,1,1,1,,,,,,1,,0,00,1,1,1,1
Public Class,"org.apache.pdfbox.io.RandomAccessReadMemoryMappedFile",io/src/main/java/org/apache/pdfbox/io/RandomAccessReadMemoryMappedFile.java,1,1,1,1,10,0,7,3,2,18,0,,0,0,,,13,4,13,25,0,2,0,11,,174,17,109,28,42,48,,,37,57,19,39,,,,,2,2,2,1,1,1,59,0,44,20,20,20,14
Public Constructor,"org.apache.pdfbox.io.RandomAccessReadMemoryMappedFile.RandomAccessReadMemoryMappedFile(File)",io/src/main/java/org/apache/pdfbox/io/RandomAccessReadMemoryMappedFile.java,,,,,,,,,,,,,,,,,,,,,,,,,17,18,0,13,1,8,5,13,2,5,7,1,6,2,2,2,1,,,,,,1,,0,38,2,2,2,1
Private Constructor,"org.apache.pdfbox.io.RandomAccessReadMemoryMappedFile.RandomAccessReadMemoryMappedFile(RandomAccessReadMemoryMappedFile)",io/src/main/java/org/apache/pdfbox/io/RandomAccessReadMemoryMappedFile.java,,,,,,,,,,,,,,,,,,,,,,,,,4,9,0,8,1,5,1,7,1,5,6,1,5,1,1,1,1,,,,,,0,,0,12,1,1,1,1
Public Constructor,"org.apache.pdfbox.io.RandomAccessReadMemoryMappedFile.RandomAccessReadMemoryMappedFile(String)",io/src/main/java/org/apache/pdfbox/io/RandomAccessReadMemoryMappedFile.java,,,,,,,,,,,,,,,,,,,,,,,,,1,7,0,4,1,1,3,3,1,1,2,1,1,1,1,1,1,,,,,,0,,0,75,1,1,1,1
Private Method,"org.apache.pdfbox.io.RandomAccessReadMemoryMappedFile.checkClosed()",io/src/main/java/org/apache/pdfbox/io/RandomAccessReadMemoryMappedFile.java,,,,,,,,,,,,,,,,,,,,,,,,,4,12,0,7,1,2,5,4,2,1,3,1,2,2,2,2,1,,,,,,1,,0,71,2,2,2,1
Public Method,"org.apache.pdfbox.io.RandomAccessReadMemoryMappedFile.close()",io/src/main/java/org/apache/pdfbox/io/RandomAccessReadMemoryMappedFile.java,,,,,,,,,,,,,,,,,,,,,,,,,3,13,0,10,2,4,3,4,2,3,5,1,4,2,2,2,1,,,,,,1,,0,30,3,3,3,2
Lambda Method,"org.apache.pdfbox.io.RandomAccessReadMemoryMappedFile.close.(lambda_expr_1)(T (inferred))",io/src/main/java/org/apache/pdfbox/io/RandomAccessReadMemoryMappedFile.java,,,,,,,,,,,,,,,,,,,,,,,,,2,1,0,1,0,1,0,2,1,0,0,0,0,1,1,1,1,,,,,,0,,0,00,1,1,1,1
Public Method,"org.apache.pdfbox.io.RandomAccessReadMemoryMappedFile.createView(long,long)",io/src/main/java/org/apache/pdfbox/io/RandomAccessReadMemoryMappedFile.java,,,,,,,,,,,,,,,,,,,,,,,,,2,6,0,6,2,2,0,3,1,1,2,1,1,1,1,1,1,,,,,,0,,0,00,1,1,1,1
Public Method,"org.apache.pdfbox.io.RandomAccessReadMemoryMappedFile.getPosition()",io/src/main/java/org/apache/pdfbox/io/RandomAccessReadMemoryMappedFile.java,,,,,,,,,,,,,,,,,,,,,,,,,1,9,0,6,2,2,3,3,1,2,3,1,2,1,1,1,1,,,,,,0,,0,50,1,1,1,1
Public Method,"org.apache.pdfbox.io.RandomAccessReadMemoryMappedFile.isClosed()",io/src/main/java/org/apache/pdfbox/io/RandomAccessReadMemoryMappedFile.java,,,,,,,,,,,,,,,,,,,,,,,,,2,8,0,5,2,1,3,1,1,1,2,1,1,1,1,1,1,,,,,,0,,0,60,1,1,1,1
Public Method,"org.apache.pdfbox.io.RandomAccessReadMemoryMappedFile.isEOF()",io/src/main/java/org/apache/pdfbox/io/RandomAccessReadMemoryMappedFile.java,,,,,,,,,,,,,,,,,,,,,,,,,4,9,0,6,2,2,3,3,1,2,3,1,2,1,1,1,1,,,,,,0,,0,50,1,1,1,1
Public Method,"org.apache.pdfbox.io.RandomAccessReadMemoryMappedFile.length()",io/src/main/java/org/apache/pdfbox/io/RandomAccessReadMemoryMappedFile.java,,,,,,,,,,,,,,,,,,,,,,,,,1,9,0,6,2,2,3,2,1,2,3,1,2,1,1,1,1,,,,,,0,,0,50,1,1,1,1
Public Method,"org.apache.pdfbox.io.RandomAccessReadMemoryMappedFile.read()",io/src/main/java/org/apache/pdfbox/io/RandomAccessReadMemoryMappedFile.java,,,,,,,,,,,,,,,,,,,,,,,,,1,12,0,9,2,3,3,3,2,2,4,1,3,2,2,2,1,,,,,,1,,0,33,2,2,2,1
Public Method,"org.apache.pdfbox.io.RandomAccessReadMemoryMappedFile.read(byte[],int,int)",io/src/main/java/org/apache/pdfbox/io/RandomAccessReadMemoryMappedFile.java,,,,,,,,,,,,,,,,,,,,,,,,,5,15,0,12,3,6,3,5,2,5,7,2,6,2,2,2,1,,,,,,1,,0,25,2,2,2,1
Public Method,"org.apache.pdfbox.io.RandomAccessReadMemoryMappedFile.seek(long)",io/src/main/java/org/apache/pdfbox/io/RandomAccessReadMemoryMappedFile.java,,,,,,,,,,,,,,,,,,,,,,,,,3,15,0,10,2,4,5,4,2,3,5,1,4,2,2,2,1,,,,,,1,,0,50,2,2,2,1
Class,"org.apache.pdfbox.io.RandomAccessReadMemoryMappedFileTest",io/src/test/java/org/apache/pdfbox/io/RandomAccessReadMemoryMappedFileTest.java,1,1,1,1,17,1,16,0,1,16,0,,0,0,,,9,0,9,21,9,0,0,0,,173,18,150,27,95,5,,,74,92,16,79,,,,,1,1,1,1,1,1,0,0,03,12,12,12,12
Method,"org.apache.pdfbox.io.RandomAccessReadMemoryMappedFileTest.testEmptyBuffer()",io/src/test/java/org/apache/pdfbox/io/RandomAccessReadMemoryMappedFileTest.java,,,,,,,,,,,,,,,,,,,,,,,,,1,19,0,19,3,13,0,14,1,10,12,2,10,1,1,1,1,,,,,,1,,0,00,2,2,2,2
Lambda Method,"org.apache.pdfbox.io.RandomAccessReadMemoryMappedFileTest.testEmptyBuffer.(lambda_expr_1)()",io/src/test/java/org/apache/pdfbox/io/RandomAccessReadMemoryMappedFileTest.java,,,,,,,,,,,,,,,,,,,,,,,,,0,1,0,1,0,1,0,2,1,0,0,0,0,1,1,1,1,,,,,,0,,0,00,1,1,1,1
Method,"org.apache.pdfbox.io.RandomAccessReadMemoryMappedFileTest.testPositionPeek()",io/src/test/java/org/apache/pdfbox/io/RandomAccessReadMemoryMappedFileTest.java,,,,,,,,,,,,,,,,,,,,,,,,,0,14,1,13,2,7,0,9,1,5,7,1,6,1,1,1,1,,,,,,1,,0,00,1,1,1,1
Method,"org.apache.pdfbox.io.RandomAccessReadMemoryMappedFileTest.testPositionRead()",io/src/test/java/org/apache/pdfbox/io/RandomAccessReadMemoryMappedFileTest.java,,,,,,,,,,,,,,,,,,,,,,,,,0,16,2,14,4,10,0,12,1,9,10,2,9,1,1,1,1,,,,,,0,,0,00,1,1,1,1
Method,"org.apache.pdfbox.io.RandomAccessReadMemoryMappedFileTest.testPositionReadBytes()",io/src/test/java/org/apache/pdfbox/io/RandomAccessReadMemoryMappedFileTest.java,,,,,,,,,,,,,,,,,,,,,,,,,0,21,1,20,3,14,0,9,1,12,14,2,12,1,1,1,1,,,,,,1,,0,00,1,1,1,1
Method,"org.apache.pdfbox.io.RandomAccessReadMemoryMappedFileTest.testPositionSkip()",io/src/test/java/org/apache/pdfbox/io/RandomAccessReadMemoryMappedFileTest.java,,,,,,,,,,,,,,,,,,,,,,,,,0,12,0,12,2,6,0,9,1,4,6,1,5,1,1,1,1,,,,,,1,,0,00,1,1,1,1
Method,"org.apache.pdfbox.io.RandomAccessReadMemoryMappedFileTest.testPositionUnreadBytes()",io/src/test/java/org/apache/pdfbox/io/RandomAccessReadMemoryMappedFileTest.java,,,,,,,,,,,,,,,,,,,,,,,,,1,22,0,22,3,16,0,11,1,14,16,2,14,1,1,1,1,,,,,,1,,0,00,1,1,1,1
Method,"org.apache.pdfbox.io.RandomAccessReadMemoryMappedFileTest.testSeekEOF()",io/src/test/java/org/apache/pdfbox/io/RandomAccessReadMemoryMappedFileTest.java,,,,,,,,,,,,,,,,,,,,,,,,,2,22,4,18,4,14,0,16,1,11,12,2,11,1,1,1,1,,,,,,0,,0,00,3,3,3,3
Lambda Method,"org.apache.pdfbox.io.RandomAccessReadMemoryMappedFileTest.testSeekEOF.(lambda_expr_1)()",io/src/test/java/org/apache/pdfbox/io/RandomAccessReadMemoryMappedFileTest.java,,,,,,,,,,,,,,,,,,,,,,,,,0,1,0,1,0,1,0,2,1,0,0,0,0,1,1,1,1,,,,,,0,,0,00,1,1,1,1
Lambda Method,"org.apache.pdfbox.io.RandomAccessReadMemoryMappedFileTest.testSeekEOF.(lambda_expr_2)()",io/src/test/java/org/apache/pdfbox/io/RandomAccessReadMemoryMappedFileTest.java,,,,,,,,,,,,,,,,,,,,,,,,,0,1,0,1,0,1,0,2,1,0,0,0,0,1,1,1,1,,,,,,0,,0,00,1,1,1,1
Method,"org.apache.pdfbox.io.RandomAccessReadMemoryMappedFileTest.testUnmapping()",io/src/test/java/org/apache/pdfbox/io/RandomAccessReadMemoryMappedFileTest.java,,,,,,,,,,,,,,,,,,,,,,,,,1,19,2,15,3,7,2,8,1,4,7,2,6,1,1,1,1,,,,,,1,,0,13,1,1,1,1
Method,"org.apache.pdfbox.io.RandomAccessReadMemoryMappedFileTest.testView()",io/src/test/java/org/apache/pdfbox/io/RandomAccessReadMemoryMappedFileTest.java,,,,,,,,,,,,,,,,,,,,,,,,,0,14,0,14,2,8,0,9,1,5,7,1,6,1,1,1,1,,,,,,1,,0,00,1,1,1,1
Public Class,"org.apache.pdfbox.io.RandomAccessReadView",io/src/main/java/org/apache/pdfbox/io/RandomAccessReadView.java,1,1,1,1,11,0,7,3,2,4,0,,0,0,,,14,5,14,26,0,2,0,12,,193,15,115,34,42,63,,,40,61,22,41,,,,,3,3,3,1,1,1,65,0,55,20,20,22,14
Public Constructor,"org.apache.pdfbox.io.RandomAccessReadView.RandomAccessReadView(RandomAccessRead,long,long)",io/src/main/java/org/apache/pdfbox/io/RandomAccessReadView.java,,,,,,,,,,,,,,,,,,,,,,,,,12,12,0,5,2,1,7,2,1,1,2,1,1,1,1,1,1,,,,,,0,,1,40,1,1,1,1
Public Constructor,"org.apache.pdfbox.io.RandomAccessReadView.RandomAccessReadView(RandomAccessRead,long,long,boolean)",io/src/main/java/org/apache/pdfbox/io/RandomAccessReadView.java,,,,,,,,,,,,,,,,,,,,,,,,,8,16,0,8,2,4,8,5,1,4,5,1,4,1,1,1,1,,,,,,0,,1,00,1,1,1,1
Private Method,"org.apache.pdfbox.io.RandomAccessReadView.checkClosed()",io/src/main/java/org/apache/pdfbox/io/RandomAccessReadView.java,,,,,,,,,,,,,,,,,,,,,,,,,5,13,0,7,1,2,6,2,2,1,3,1,2,2,2,2,1,,,,,,1,,0,86,2,2,2,1
Public Method,"org.apache.pdfbox.io.RandomAccessReadView.close()",io/src/main/java/org/apache/pdfbox/io/RandomAccessReadView.java,,,,,,,,,,,,,,,,,,,,,,,,,5,12,0,9,2,3,3,2,2,2,4,1,3,2,2,3,1,,,,,,1,,0,33,2,2,3,1
Public Method,"org.apache.pdfbox.io.RandomAccessReadView.createView(long,long)",io/src/main/java/org/apache/pdfbox/io/RandomAccessReadView.java,,,,,,,,,,,,,,,,,,,,,,,,,1,5,0,5,2,1,0,4,1,1,2,1,1,1,1,1,1,,,,,,0,,0,00,1,1,1,1
Public Method,"org.apache.pdfbox.io.RandomAccessReadView.getPosition()",io/src/main/java/org/apache/pdfbox/io/RandomAccessReadView.java,,,,,,,,,,,,,,,,,,,,,,,,,10,9,0,6,2,2,3,2,1,2,3,1,2,1,1,1,1,,,,,,0,,0,50,1,1,1,1
Public Method,"org.apache.pdfbox.io.RandomAccessReadView.isClosed()",io/src/main/java/org/apache/pdfbox/io/RandomAccessReadView.java,,,,,,,,,,,,,,,,,,,,,,,,,3,8,0,5,2,1,3,2,1,1,2,1,1,1,1,2,1,,,,,,0,,0,60,1,1,2,1
Public Method,"org.apache.pdfbox.io.RandomAccessReadView.isEOF()",io/src/main/java/org/apache/pdfbox/io/RandomAccessReadView.java,,,,,,,,,,,,,,,,,,,,,,,,,5,9,0,6,2,2,3,2,1,2,3,1,2,1,1,1,1,,,,,,0,,0,50,1,1,1,1
Public Method,"org.apache.pdfbox.io.RandomAccessReadView.length()",io/src/main/java/org/apache/pdfbox/io/RandomAccessReadView.java,,,,,,,,,,,,,,,,,,,,,,,,,3,9,0,6,2,2,3,2,1,2,3,1,2,1,1,1,1,,,,,,0,,0,50,1,1,1,1
Public Method,"org.apache.pdfbox.io.RandomAccessReadView.read()",io/src/main/java/org/apache/pdfbox/io/RandomAccessReadView.java,,,,,,,,,,,,,,,,,,,,,,,,,8,18,0,15,3,7,3,5,3,5,8,2,7,3,3,3,1,,,,,,1,,0,20,3,3,3,1
Public Method,"org.apache.pdfbox.io.RandomAccessReadView.read(byte[],int,int)",io/src/main/java/org/apache/pdfbox/io/RandomAccessReadView.java,,,,,,,,,,,,,,,,,,,,,,,,,7,15,0,12,3,6,3,7,2,5,7,2,6,2,2,2,1,,,,,,1,,0,25,2,2,2,1
Private Method,"org.apache.pdfbox.io.RandomAccessReadView.restorePosition()",io/src/main/java/org/apache/pdfbox/io/RandomAccessReadView.java,,,,,,,,,,,,,,,,,,,,,,,,,6,9,0,4,1,1,5,1,1,1,2,1,1,1,1,1,1,,,,,,0,,1,25,1,1,1,1
Public Method,"org.apache.pdfbox.io.RandomAccessReadView.rewind(int)",io/src/main/java/org/apache/pdfbox/io/RandomAccessReadView.java,,,,,,,,,,,,,,,,,,,,,,,,,3,11,0,8,2,4,3,4,1,4,5,1,4,1,1,1,1,,,,,,0,,0,38,1,1,1,1
Public Method,"org.apache.pdfbox.io.RandomAccessReadView.seek(long)",io/src/main/java/org/apache/pdfbox/io/RandomAccessReadView.java,,,,,,,,,,,,,,,,,,,,,,,,,7,14,0,11,2,5,3,5,2,4,6,1,5,2,2,2,1,,,,,,1,,0,27,2,2,2,1
Class,"org.apache.pdfbox.io.RandomAccessReadViewTest",io/src/test/java/org/apache/pdfbox/io/RandomAccessReadViewTest.java,1,1,1,1,22,0,21,0,1,8,0,,0,0,,,7,0,7,19,7,0,0,0,,167,11,152,34,103,4,,,70,85,19,67,,,,,2,2,2,1,1,1,0,0,03,10,10,10,9
Method,"org.apache.pdfbox.io.RandomAccessReadViewTest.testCreateView()",io/src/test/java/org/apache/pdfbox/io/RandomAccessReadViewTest.java,,,,,,,,,,,,,,,,,,,,,,,,,0,18,1,17,4,9,0,5,2,3,5,2,3,2,2,2,1,,,,,,1,,0,00,2,2,2,1
Method,"org.apache.pdfbox.io.RandomAccessReadViewTest.testPositionPeek()",io/src/test/java/org/apache/pdfbox/io/RandomAccessReadViewTest.java,,,,,,,,,,,,,,,,,,,,,,,,,0,18,1,17,4,11,0,7,1,6,8,2,6,1,1,1,1,,,,,,1,,0,00,1,1,1,1
Method,"org.apache.pdfbox.io.RandomAccessReadViewTest.testPositionRead()",io/src/test/java/org/apache/pdfbox/io/RandomAccessReadViewTest.java,,,,,,,,,,,,,,,,,,,,,,,,,0,24,2,21,6,14,1,10,1,11,13,3,11,1,1,1,1,,,,,,1,,0,05,1,1,1,1
Method,"org.apache.pdfbox.io.RandomAccessReadViewTest.testPositionReadBytes()",io/src/test/java/org/apache/pdfbox/io/RandomAccessReadViewTest.java,,,,,,,,,,,,,,,,,,,,,,,,,0,25,1,24,5,18,0,7,1,13,15,3,12,1,1,1,1,,,,,,1,,0,00,1,1,1,1
Method,"org.apache.pdfbox.io.RandomAccessReadViewTest.testPositionSkip()",io/src/test/java/org/apache/pdfbox/io/RandomAccessReadViewTest.java,,,,,,,,,,,,,,,,,,,,,,,,,0,17,0,17,4,11,0,7,1,6,8,2,6,1,1,1,1,,,,,,1,,0,00,1,1,1,1
Method,"org.apache.pdfbox.io.RandomAccessReadViewTest.testPositionUnreadBytes()",io/src/test/java/org/apache/pdfbox/io/RandomAccessReadViewTest.java,,,,,,,,,,,,,,,,,,,,,,,,,1,29,0,29,5,23,0,9,1,18,20,3,17,1,1,1,1,,,,,,1,,0,00,1,1,1,1
Method,"org.apache.pdfbox.io.RandomAccessReadViewTest.testSeekEOF()",io/src/test/java/org/apache/pdfbox/io/RandomAccessReadViewTest.java,,,,,,,,,,,,,,,,,,,,,,,,,2,24,0,24,5,17,0,13,1,13,15,3,12,1,1,1,1,,,,,,1,,0,00,3,3,3,3
Lambda Method,"org.apache.pdfbox.io.RandomAccessReadViewTest.testSeekEOF.(lambda_expr_1)()",io/src/test/java/org/apache/pdfbox/io/RandomAccessReadViewTest.java,,,,,,,,,,,,,,,,,,,,,,,,,0,1,0,1,0,1,0,2,1,0,0,0,0,1,1,1,1,,,,,,0,,0,00,1,1,1,1
Lambda Method,"org.apache.pdfbox.io.RandomAccessReadViewTest.testSeekEOF.(lambda_expr_2)()",io/src/test/java/org/apache/pdfbox/io/RandomAccessReadViewTest.java,,,,,,,,,,,,,,,,,,,,,,,,,0,1,0,1,0,1,0,2,1,0,0,0,0,1,1,1,1,,,,,,0,,0,00,1,1,1,1
Public Interface,"org.apache.pdfbox.io.RandomAccessWrite",io/src/main/java/org/apache/pdfbox/io/RandomAccessWrite.java,0,0,0,0,0,0,0,0,1,1,1,,0,0,,,4,0,4,4,4,0,0,0,,33,3,7,5,0,23,,,4,5,5,0,,,,,0,0,0,0,1,0,0,3,29,0,0,0,0
Abstract Method,"org.apache.pdfbox.io.RandomAccessWrite.clear()",io/src/main/java/org/apache/pdfbox/io/RandomAccessWrite.java,,,,,,,,,,,,,,,,,,,,,,,,,2,4,0,1,1,0,3,0,0,1,1,1,0,0,0,0,0,,,,,,0,,3,00,0,0,0,0
Abstract Method,"org.apache.pdfbox.io.RandomAccessWrite.write(byte[])",io/src/main/java/org/apache/pdfbox/io/RandomAccessWrite.java,,,,,,,,,,,,,,,,,,,,,,,,,2,7,0,1,1,0,6,0,0,1,1,1,0,0,0,0,0,,,,,,0,,6,00,0,0,0,0
Abstract Method,"org.apache.pdfbox.io.RandomAccessWrite.write(byte[],int,int)",io/src/main/java/org/apache/pdfbox/io/RandomAccessWrite.java,,,,,,,,,,,,,,,,,,,,,,,,,2,9,0,1,1,0,8,0,0,1,1,1,0,0,0,0,0,,,,,,0,,8,00,0,0,0,0
Abstract Method,"org.apache.pdfbox.io.RandomAccessWrite.write(int)",io/src/main/java/org/apache/pdfbox/io/RandomAccessWrite.java,,,,,,,,,,,,,,,,,,,,,,,,,2,7,0,1,1,0,6,0,0,1,1,1,0,0,0,0,0,,,,,,0,,6,00,0,0,0,0
Public Class,"org.apache.pdfbox.io.ScratchFile",pdfbox/src/main/java/org/apache/pdfbox/io/ScratchFile.java,3,3,4,1,31,2,19,9,2,16,0,,2,4,,,12,12,14,26,6,1,0,7,,504,53,290,45,142,163,,,100,156,45,118,,,,,10,10,10,1,1,4,75,0,56,52,52,62,14
Public Constructor,"org.apache.pdfbox.io.ScratchFile.ScratchFile(File)",pdfbox/src/main/java/org/apache/pdfbox/io/ScratchFile.java,,,,,,,,,,,,,,,,,,,,,,,,,1,15,0,4,1,1,11,4,1,1,2,1,1,1,1,1,1,,,,,,0,,2,75,1,1,1,1
Public Constructor,"org.apache.pdfbox.io.ScratchFile.ScratchFile(MemoryUsageSetting)",pdfbox/src/main/java/org/apache/pdfbox/io/ScratchFile.java,,,,,,,,,,,,,,,,,,,,,,,,,16,35,4,20,1,15,11,18,2,8,10,1,9,7,7,10,1,,,,,,1,,0,55,7,7,10,1
Method,"org.apache.pdfbox.io.ScratchFile.checkClosed()",pdfbox/src/main/java/org/apache/pdfbox/io/ScratchFile.java,,,,,,,,,,,,,,,,,,,,,,,,,6,13,0,7,1,2,6,1,2,1,3,1,2,2,2,2,1,,,,,,1,,0,86,2,2,2,1
Public Method,"org.apache.pdfbox.io.ScratchFile.close()",pdfbox/src/main/java/org/apache/pdfbox/io/ScratchFile.java,,,,,,,,,,,,,,,,,,,,,,,,,7,50,6,37,3,17,7,8,13,9,17,2,15,6,6,9,1,,,,,,2,,0,19,6,6,9,1
Public Method,"org.apache.pdfbox.io.ScratchFile.createBuffer()",pdfbox/src/main/java/org/apache/pdfbox/io/ScratchFile.java,,,,,,,,,,,,,,,,,,,,,,,,,4,11,0,4,1,1,7,2,1,1,2,1,1,1,1,1,1,,,,,,0,,1,75,1,1,1,1
Public Method,"org.apache.pdfbox.io.ScratchFile.createBuffer(InputStream)",pdfbox/src/main/java/org/apache/pdfbox/io/ScratchFile.java,,,,,,,,,,,,,,,,,,,,,,,,,1,24,2,12,4,6,10,5,2,6,8,4,5,2,2,2,1,,,,,,1,,0,83,2,2,2,1
Private Method,"org.apache.pdfbox.io.ScratchFile.enlarge()",pdfbox/src/main/java/org/apache/pdfbox/io/ScratchFile.java,,,,,,,,,,,,,,,,,,,,,,,,,18,79,8,54,6,29,18,14,20,18,29,6,25,10,10,10,1,,,,,,4,,0,33,10,10,10,1
Public Static Method,"org.apache.pdfbox.io.ScratchFile.getMainMemoryOnlyInstance()",pdfbox/src/main/java/org/apache/pdfbox/io/ScratchFile.java,,,,,,,,,,,,,,,,,,,,,,,,,4,19,0,12,1,5,7,5,2,3,5,1,4,2,2,2,1,,,,,,1,,0,58,2,2,2,1
Public Static Method,"org.apache.pdfbox.io.ScratchFile.getMainMemoryOnlyInstance(long)",pdfbox/src/main/java/org/apache/pdfbox/io/ScratchFile.java,,,,,,,,,,,,,,,,,,,,,,,,,3,22,0,12,1,5,10,5,2,3,5,1,4,2,2,2,1,,,,,,1,,0,83,2,2,2,1
Method,"org.apache.pdfbox.io.ScratchFile.getNewPage()",pdfbox/src/main/java/org/apache/pdfbox/io/ScratchFile.java,,,,,,,,,,,,,,,,,,,,,,,,,3,33,5,22,2,11,6,6,6,7,12,2,11,4,4,4,1,,,,,,2,,0,27,4,4,4,1
Method,"org.apache.pdfbox.io.ScratchFile.getPageSize()",pdfbox/src/main/java/org/apache/pdfbox/io/ScratchFile.java,,,,,,,,,,,,,,,,,,,,,,,,,2,9,0,4,1,1,5,1,1,1,2,1,1,1,1,1,1,,,,,,0,,1,25,1,1,1,1
Method,"org.apache.pdfbox.io.ScratchFile.markPagesAsFree(int[],int,int)",pdfbox/src/main/java/org/apache/pdfbox/io/ScratchFile.java,,,,,,,,,,,,,,,,,,,,,,,,,8,26,2,17,2,7,8,3,4,5,10,3,7,4,4,6,1,,,,,,3,,0,47,4,4,6,1
Method,"org.apache.pdfbox.io.ScratchFile.readPage(int)",pdfbox/src/main/java/org/apache/pdfbox/io/ScratchFile.java,,,,,,,,,,,,,,,,,,,,,,,,,10,47,6,30,3,17,11,5,8,12,18,3,15,5,5,6,1,,,,,,2,,0,37,5,5,6,1
Method,"org.apache.pdfbox.io.ScratchFile.writePage(int,byte[])",pdfbox/src/main/java/org/apache/pdfbox/io/ScratchFile.java,,,,,,,,,,,,,,,,,,,,,,,,,11,54,3,36,1,17,15,5,12,9,16,1,15,5,5,6,1,,,,,,2,,0,42,5,5,6,1
Class,"org.apache.pdfbox.io.ScratchFileBuffer",pdfbox/src/main/java/org/apache/pdfbox/io/ScratchFileBuffer.java,2,2,2,1,21,2,13,5,2,12,0,,0,1,,,18,10,18,30,1,3,1,13,,447,57,265,55,133,126,,,111,155,41,119,,,,,6,6,8,4,1,3,58,0,48,42,42,45,21
Constructor,"org.apache.pdfbox.io.ScratchFileBuffer.ScratchFileBuffer(ScratchFile)",pdfbox/src/main/java/org/apache/pdfbox/io/ScratchFileBuffer.java,,,,,,,,,,,,,,,,,,,,,,,,,5,17,3,7,1,4,7,6,1,4,5,1,4,1,1,1,1,,,,,,0,,1,00,1,1,1,1
Private Method,"org.apache.pdfbox.io.ScratchFileBuffer.addPage()",pdfbox/src/main/java/org/apache/pdfbox/io/ScratchFileBuffer.java,,,,,,,,,,,,,,,,,,,,,,,,,8,33,2,25,4,16,6,9,4,13,17,4,14,4,4,4,1,,,,,,3,,0,24,4,4,4,1
Private Method,"org.apache.pdfbox.io.ScratchFileBuffer.checkClosed()",pdfbox/src/main/java/org/apache/pdfbox/io/ScratchFileBuffer.java,,,,,,,,,,,,,,,,,,,,,,,,,9,14,0,8,1,3,6,2,2,2,4,1,3,2,2,2,1,,,,,,1,,0,75,2,2,2,1
Public Final Method,"org.apache.pdfbox.io.ScratchFileBuffer.clear()",pdfbox/src/main/java/org/apache/pdfbox/io/ScratchFileBuffer.java,,,,,,,,,,,,,,,,,,,,,,,,,4,23,2,16,2,10,5,10,2,9,11,1,10,2,2,2,1,,,,,,1,,0,31,2,2,2,1
Public Method,"org.apache.pdfbox.io.ScratchFileBuffer.close()",pdfbox/src/main/java/org/apache/pdfbox/io/ScratchFileBuffer.java,,,,,,,,,,,,,,,,,,,,,,,,,4,19,2,14,2,9,3,8,2,8,10,1,9,2,2,2,1,,,,,,1,,0,21,2,2,2,1
Public Method,"org.apache.pdfbox.io.ScratchFileBuffer.createView(long,long)",pdfbox/src/main/java/org/apache/pdfbox/io/ScratchFileBuffer.java,,,,,,,,,,,,,,,,,,,,,,,,,2,5,0,5,2,1,0,2,1,1,2,1,1,1,1,1,1,,,,,,0,,0,00,1,1,1,1
Private Method,"org.apache.pdfbox.io.ScratchFileBuffer.ensureAvailableBytesInPage(boolean)",pdfbox/src/main/java/org/apache/pdfbox/io/ScratchFileBuffer.java,,,,,,,,,,,,,,,,,,,,,,,,,13,49,0,26,1,13,23,9,7,8,13,1,12,5,5,5,4,,,,,,2,,0,88,5,5,5,4
Protected Method,"org.apache.pdfbox.io.ScratchFileBuffer.finalize()",pdfbox/src/main/java/org/apache/pdfbox/io/ScratchFileBuffer.java,,,,,,,,,,,,,,,,,,,,,,,,,2,26,0,16,2,6,10,4,2,3,6,1,5,2,2,3,1,,,,,,2,,0,62,2,2,3,1
Public Method,"org.apache.pdfbox.io.ScratchFileBuffer.getPosition()",pdfbox/src/main/java/org/apache/pdfbox/io/ScratchFileBuffer.java,,,,,,,,,,,,,,,,,,,,,,,,,3,9,0,6,2,2,3,2,1,2,3,1,2,1,1,1,1,,,,,,0,,0,50,1,1,1,1
Public Method,"org.apache.pdfbox.io.ScratchFileBuffer.isClosed()",pdfbox/src/main/java/org/apache/pdfbox/io/ScratchFileBuffer.java,,,,,,,,,,,,,,,,,,,,,,,,,1,8,0,5,2,1,3,1,1,1,2,1,1,1,1,1,1,,,,,,0,,0,60,1,1,1,1
Public Method,"org.apache.pdfbox.io.ScratchFileBuffer.isEOF()",pdfbox/src/main/java/org/apache/pdfbox/io/ScratchFileBuffer.java,,,,,,,,,,,,,,,,,,,,,,,,,3,9,0,6,2,2,3,2,1,2,3,1,2,1,1,1,1,,,,,,0,,0,50,1,1,1,1
Public Method,"org.apache.pdfbox.io.ScratchFileBuffer.length()",pdfbox/src/main/java/org/apache/pdfbox/io/ScratchFileBuffer.java,,,,,,,,,,,,,,,,,,,,,,,,,1,8,0,5,2,1,3,1,1,1,2,1,1,1,1,1,1,,,,,,0,,0,60,1,1,1,1
Public Method,"org.apache.pdfbox.io.ScratchFileBuffer.read()",pdfbox/src/main/java/org/apache/pdfbox/io/ScratchFileBuffer.java,,,,,,,,,,,,,,,,,,,,,,,,,4,21,3,14,2,6,4,5,3,4,7,1,6,3,3,3,1,,,,,,1,,0,29,3,3,3,1
Public Method,"org.apache.pdfbox.io.ScratchFileBuffer.read(byte[],int,int)",pdfbox/src/main/java/org/apache/pdfbox/io/ScratchFileBuffer.java,,,,,,,,,,,,,,,,,,,,,,,,,8,38,8,26,6,16,4,8,4,13,17,5,14,4,4,4,1,,,,,,2,,0,15,4,4,4,1
Public Method,"org.apache.pdfbox.io.ScratchFileBuffer.seek(long)",pdfbox/src/main/java/org/apache/pdfbox/io/ScratchFileBuffer.java,,,,,,,,,,,,,,,,,,,,,,,,,11,49,6,34,3,18,10,10,20,12,18,2,16,6,6,8,1,,,,,,2,,0,29,6,6,8,1
Public Method,"org.apache.pdfbox.io.ScratchFileBuffer.write(byte[])",pdfbox/src/main/java/org/apache/pdfbox/io/ScratchFileBuffer.java,,,,,,,,,,,,,,,,,,,,,,,,,3,8,0,5,2,1,3,1,1,1,2,1,1,1,1,1,1,,,,,,0,,0,60,1,1,1,1
Public Method,"org.apache.pdfbox.io.ScratchFileBuffer.write(byte[],int,int)",pdfbox/src/main/java/org/apache/pdfbox/io/ScratchFileBuffer.java,,,,,,,,,,,,,,,,,,,,,,,,,10,31,7,21,5,13,3,7,4,11,14,4,11,3,3,3,1,,,,,,1,,0,14,3,3,3,1
Public Method,"org.apache.pdfbox.io.ScratchFileBuffer.write(int)",pdfbox/src/main/java/org/apache/pdfbox/io/ScratchFileBuffer.java,,,,,,,,,,,,,,,,,,,,,,,,,4,18,3,12,2,6,3,6,2,5,7,1,6,2,2,2,1,,,,,,1,,0,25,2,2,2,1
Class,"org.apache.pdfbox.io.ScratchFileBufferTest",pdfbox/src/test/java/org/apache/pdfbox/io/ScratchFileBufferTest.java,2,2,2,1,27,0,21,6,1,5,0,,0,2,,,1,0,1,13,1,0,0,0,,39,2,26,10,15,11,,,15,19,10,13,,,,,2,2,2,1,1,2,0,0,42,2,2,2,1
Method,"org.apache.pdfbox.io.ScratchFileBufferTest.testEOFBugInSeek()",pdfbox/src/test/java/org/apache/pdfbox/io/ScratchFileBufferTest.java,,,,,,,,,,,,,,,,,,,,,,,,,2,27,0,21,7,13,6,7,2,13,16,7,13,2,2,2,1,,,,,,2,,0,29,2,2,2,1
Public Class,"org.apache.pdfbox.io.SequenceRandomAccessRead",io/src/main/java/org/apache/pdfbox/io/SequenceRandomAccessRead.java,2,2,2,1,13,0,12,0,2,11,0,,0,0,,,12,9,12,24,0,2,0,10,,190,13,166,36,78,12,,,66,95,30,70,,,,,5,5,6,4,1,3,72,0,07,28,28,31,16
Public Constructor,"org.apache.pdfbox.io.SequenceRandomAccessRead.SequenceRandomAccessRead(List<RandomAccessRead>)",io/src/main/java/org/apache/pdfbox/io/SequenceRandomAccessRead.java,,,,,,,,,,,,,,,,,,,,,,,,,16,39,0,39,1,22,1,17,12,15,21,2,19,5,5,5,1,,,,,,2,,0,03,7,7,7,2
Lambda Method,"org.apache.pdfbox.io.SequenceRandomAccessRead.SequenceRandomAccessRead.(lambda_expr_1)(RandomAccessRead (inferred))",io/src/main/java/org/apache/pdfbox/io/SequenceRandomAccessRead.java,,,,,,,,,,,,,,,,,,,,,,,,,2,10,0,10,0,5,0,3,2,2,3,0,3,2,2,2,1,,,,,,0,,0,00,2,2,2,1
Private Method,"org.apache.pdfbox.io.SequenceRandomAccessRead.checkClosed()",io/src/main/java/org/apache/pdfbox/io/SequenceRandomAccessRead.java,,,,,,,,,,,,,,,,,,,,,,,,,7,13,0,7,1,2,6,1,2,1,3,1,2,2,2,2,1,,,,,,1,,0,86,2,2,2,1
Public Method,"org.apache.pdfbox.io.SequenceRandomAccessRead.close()",io/src/main/java/org/apache/pdfbox/io/SequenceRandomAccessRead.java,,,,,,,,,,,,,,,,,,,,,,,,,2,11,0,11,2,5,0,4,2,4,7,2,5,2,2,2,1,,,,,,1,,0,00,2,2,2,1
Public Method,"org.apache.pdfbox.io.SequenceRandomAccessRead.createView(long,long)",io/src/main/java/org/apache/pdfbox/io/SequenceRandomAccessRead.java,,,,,,,,,,,,,,,,,,,,,,,,,1,5,0,5,2,1,0,4,1,1,2,1,1,1,1,1,1,,,,,,0,,0,00,1,1,1,1
Private Method,"org.apache.pdfbox.io.SequenceRandomAccessRead.getCurrentReader()",io/src/main/java/org/apache/pdfbox/io/SequenceRandomAccessRead.java,,,,,,,,,,,,,,,,,,,,,,,,,6,10,0,10,1,5,0,6,2,4,6,1,5,2,2,3,1,,,,,,1,,0,00,2,2,3,1
Public Method,"org.apache.pdfbox.io.SequenceRandomAccessRead.getPosition()",io/src/main/java/org/apache/pdfbox/io/SequenceRandomAccessRead.java,,,,,,,,,,,,,,,,,,,,,,,,,4,6,0,6,2,2,0,2,1,2,3,1,2,1,1,1,1,,,,,,0,,0,00,1,1,1,1
Public Method,"org.apache.pdfbox.io.SequenceRandomAccessRead.isClosed()",io/src/main/java/org/apache/pdfbox/io/SequenceRandomAccessRead.java,,,,,,,,,,,,,,,,,,,,,,,,,2,5,0,5,2,1,0,1,1,1,2,1,1,1,1,1,1,,,,,,0,,0,00,1,1,1,1
Public Method,"org.apache.pdfbox.io.SequenceRandomAccessRead.isEOF()",io/src/main/java/org/apache/pdfbox/io/SequenceRandomAccessRead.java,,,,,,,,,,,,,,,,,,,,,,,,,4,6,0,6,2,2,0,2,1,2,3,1,2,1,1,1,1,,,,,,0,,0,00,1,1,1,1
Public Method,"org.apache.pdfbox.io.SequenceRandomAccessRead.length()",io/src/main/java/org/apache/pdfbox/io/SequenceRandomAccessRead.java,,,,,,,,,,,,,,,,,,,,,,,,,3,6,0,6,2,2,0,2,1,2,3,1,2,1,1,1,1,,,,,,0,,0,00,1,1,1,1
Public Method,"org.apache.pdfbox.io.SequenceRandomAccessRead.read()",io/src/main/java/org/apache/pdfbox/io/SequenceRandomAccessRead.java,,,,,,,,,,,,,,,,,,,,,,,,,4,12,0,12,4,6,0,5,2,5,7,3,6,2,2,2,1,,,,,,1,,0,00,2,2,2,1
Public Method,"org.apache.pdfbox.io.SequenceRandomAccessRead.read(byte[],int,int)",io/src/main/java/org/apache/pdfbox/io/SequenceRandomAccessRead.java,,,,,,,,,,,,,,,,,,,,,,,,,4,19,0,19,5,11,0,7,3,9,12,4,11,3,3,4,1,,,,,,1,,0,00,3,3,4,1
Public Method,"org.apache.pdfbox.io.SequenceRandomAccessRead.seek(long)",io/src/main/java/org/apache/pdfbox/io/SequenceRandomAccessRead.java,,,,,,,,,,,,,,,,,,,,,,,,,14,30,0,28,2,14,2,7,8,11,16,2,14,5,5,6,4,,,,,,3,,0,07,5,5,6,4
Class,"org.apache.pdfbox.io.SequenceRandomAccessReadTest",io/src/test/java/org/apache/pdfbox/io/SequenceRandomAccessReadTest.java,1,1,1,1,40,4,32,3,1,12,0,,0,0,,,5,0,5,17,5,0,0,0,,213,25,165,60,134,23,,,114,124,40,104,,,,,1,1,1,1,1,1,0,0,14,11,11,11,11
Method,"org.apache.pdfbox.io.SequenceRandomAccessReadTest.TestBorderCases()",io/src/test/java/org/apache/pdfbox/io/SequenceRandomAccessReadTest.java,,,,,,,,,,,,,,,,,,,,,,,,,0,43,3,35,11,29,5,12,1,25,27,7,23,1,1,1,1,,,,,,1,,0,14,1,1,1,1
Method,"org.apache.pdfbox.io.SequenceRandomAccessReadTest.TestCreateAndRead()",io/src/test/java/org/apache/pdfbox/io/SequenceRandomAccessReadTest.java,,,,,,,,,,,,,,,,,,,,,,,,,4,34,6,25,13,19,3,11,1,15,17,9,13,1,1,1,1,,,,,,1,,0,12,5,5,5,5
Lambda Method,"org.apache.pdfbox.io.SequenceRandomAccessReadTest.TestCreateAndRead.(lambda_expr_1)()",io/src/test/java/org/apache/pdfbox/io/SequenceRandomAccessReadTest.java,,,,,,,,,,,,,,,,,,,,,,,,,0,1,0,1,0,1,0,2,1,0,0,0,0,1,1,1,1,,,,,,0,,0,00,1,1,1,1
Lambda Method,"org.apache.pdfbox.io.SequenceRandomAccessReadTest.TestCreateAndRead.(lambda_expr_2)()",io/src/test/java/org/apache/pdfbox/io/SequenceRandomAccessReadTest.java,,,,,,,,,,,,,,,,,,,,,,,,,0,1,0,1,0,1,0,2,1,0,0,0,0,1,1,1,1,,,,,,0,,0,00,1,1,1,1
Lambda Method,"org.apache.pdfbox.io.SequenceRandomAccessReadTest.TestCreateAndRead.(lambda_expr_3)()",io/src/test/java/org/apache/pdfbox/io/SequenceRandomAccessReadTest.java,,,,,,,,,,,,,,,,,,,,,,,,,0,1,0,1,0,1,0,2,1,0,0,0,0,1,1,1,1,,,,,,0,,0,00,1,1,1,1
Lambda Method,"org.apache.pdfbox.io.SequenceRandomAccessReadTest.TestCreateAndRead.(lambda_expr_4)()",io/src/test/java/org/apache/pdfbox/io/SequenceRandomAccessReadTest.java,,,,,,,,,,,,,,,,,,,,,,,,,0,1,0,1,0,1,0,2,1,0,0,0,0,1,1,1,1,,,,,,0,,0,00,1,1,1,1
Method,"org.apache.pdfbox.io.SequenceRandomAccessReadTest.TestEOF()",io/src/test/java/org/apache/pdfbox/io/SequenceRandomAccessReadTest.java,,,,,,,,,,,,,,,,,,,,,,,,,1,45,5,37,13,33,3,20,1,29,30,9,26,1,1,1,1,,,,,,0,,0,08,2,2,2,2
Lambda Method,"org.apache.pdfbox.io.SequenceRandomAccessReadTest.TestEOF.(lambda_expr_1)()",io/src/test/java/org/apache/pdfbox/io/SequenceRandomAccessReadTest.java,,,,,,,,,,,,,,,,,,,,,,,,,0,1,0,1,0,1,0,2,1,0,0,0,0,1,1,1,1,,,,,,0,,0,00,1,1,1,1
Method,"org.apache.pdfbox.io.SequenceRandomAccessReadTest.TestEmptyStream()",io/src/test/java/org/apache/pdfbox/io/SequenceRandomAccessReadTest.java,,,,,,,,,,,,,,,,,,,,,,,,,0,42,6,31,12,25,5,14,1,21,23,8,19,1,1,1,1,,,,,,1,,0,16,1,1,1,1
Method,"org.apache.pdfbox.io.SequenceRandomAccessReadTest.TestSeekPeekAndRewind()",io/src/test/java/org/apache/pdfbox/io/SequenceRandomAccessReadTest.java,,,,,,,,,,,,,,,,,,,,,,,,,1,37,0,34,10,28,3,11,1,24,26,6,23,1,1,1,1,,,,,,1,,0,09,2,2,2,2
Lambda Method,"org.apache.pdfbox.io.SequenceRandomAccessReadTest.TestSeekPeekAndRewind.(lambda_expr_1)()",io/src/test/java/org/apache/pdfbox/io/SequenceRandomAccessReadTest.java,,,,,,,,,,,,,,,,,,,,,,,,,0,1,0,1,0,1,0,2,1,0,0,0,0,1,1,1,1,,,,,,0,,0,00,1,1,1,1
Class,"org.apache.pdfbox.io.TestIOUtils",io/src/test/java/org/apache/pdfbox/io/TestIOUtils.java,1,1,1,1,25,2,19,7,1,6,0,,0,0,,,1,0,1,13,1,0,0,0,,33,4,22,8,15,10,,,15,17,7,14,,,,,1,1,1,1,1,0,0,0,45,1,1,1,1
Method,"org.apache.pdfbox.io.TestIOUtils.testPopulateBuffer()",io/src/test/java/org/apache/pdfbox/io/TestIOUtils.java,,,,,,,,,,,,,,,,,,,,,,,,,1,25,2,19,7,15,7,6,1,15,16,6,14,1,1,1,1,,,,,,0,,0,37,1,1,1,1
Package,"org.apache.pdfbox.it",,0,0,0,0,0,0,0,0,,,,0,0,0,0,,0,0,0,,0,0,0,0,,0,0,0,0,0,0,,,0,0,0,0,,,,,0,0,0,0,,0,,0,00,0,0,0,0
Package,"org.apache.pdfbox.it.gsub",pdfbox/src/test/java/org/apache/pdfbox/it/gsub/GsubWorkerForBengaliTest.java,1,1,1,1,12,1,7,2,,,,1,0,1,1,,16,2,16,,14,1,0,1,,262,55,142,83,54,65,,,69,89,68,52,,,,,2,2,2,1,,1,,0,46,17,17,17,16
Class,"org.apache.pdfbox.it.gsub.GsubWorkerForBengaliTest",pdfbox/src/test/java/org/apache/pdfbox/it/gsub/GsubWorkerForBengaliTest.java,1,1,1,1,12,1,7,2,1,14,0,,0,1,,,16,2,16,28,14,1,0,1,,225,50,126,67,54,49,,,53,73,52,52,,,,,2,2,2,1,1,1,46,0,39,17,17,17,16
Private Method,"org.apache.pdfbox.it.gsub.GsubWorkerForBengaliTest.getGlyphIds(String)",pdfbox/src/test/java/org/apache/pdfbox/it/gsub/GsubWorkerForBengaliTest.java,,,,,,,,,,,,,,,,,,,,,,,,,16,13,2,11,3,6,0,6,2,5,8,4,6,2,2,2,1,,,,,,1,,0,00,2,2,2,1
Public Method,"org.apache.pdfbox.it.gsub.GsubWorkerForBengaliTest.init()",pdfbox/src/test/java/org/apache/pdfbox/it/gsub/GsubWorkerForBengaliTest.java,,,,,,,,,,,,,,,,,,,,,,,,,2,12,1,11,4,5,0,8,1,3,5,2,4,1,1,1,1,,,,,,1,,0,00,1,1,1,1
Method,"org.apache.pdfbox.it.gsub.GsubWorkerForBengaliTest.testApplyTransforms_e_kar()",pdfbox/src/test/java/org/apache/pdfbox/it/gsub/GsubWorkerForBengaliTest.java,,,,,,,,,,,,,,,,,,,,,,,,,1,12,2,7,4,3,3,4,1,3,4,3,3,1,1,1,1,,,,,,0,,0,43,1,1,1,1
Method,"org.apache.pdfbox.it.gsub.GsubWorkerForBengaliTest.testApplyTransforms_ja_phala()",pdfbox/src/test/java/org/apache/pdfbox/it/gsub/GsubWorkerForBengaliTest.java,,,,,,,,,,,,,,,,,,,,,,,,,1,12,2,7,4,3,3,4,1,3,4,3,3,1,1,1,1,,,,,,0,,0,43,1,1,1,1
Method,"org.apache.pdfbox.it.gsub.GsubWorkerForBengaliTest.testApplyTransforms_kha_e_murddhana_swa_e_khiwa()",pdfbox/src/test/java/org/apache/pdfbox/it/gsub/GsubWorkerForBengaliTest.java,,,,,,,,,,,,,,,,,,,,,,,,,1,12,2,7,4,3,3,4,1,3,4,3,3,1,1,1,1,,,,,,0,,0,43,1,1,1,1
Method,"org.apache.pdfbox.it.gsub.GsubWorkerForBengaliTest.testApplyTransforms_khanda_ta()",pdfbox/src/test/java/org/apache/pdfbox/it/gsub/GsubWorkerForBengaliTest.java,,,,,,,,,,,,,,,,,,,,,,,,,1,12,2,7,4,3,3,4,1,3,4,3,3,1,1,1,1,,,,,,0,,0,43,1,1,1,1
Method,"org.apache.pdfbox.it.gsub.GsubWorkerForBengaliTest.testApplyTransforms_la_e_la_e()",pdfbox/src/test/java/org/apache/pdfbox/it/gsub/GsubWorkerForBengaliTest.java,,,,,,,,,,,,,,,,,,,,,,,,,1,12,2,7,4,3,3,4,1,3,4,3,3,1,1,1,1,,,,,,0,,0,43,1,1,1,1
Method,"org.apache.pdfbox.it.gsub.GsubWorkerForBengaliTest.testApplyTransforms_o_kar()",pdfbox/src/test/java/org/apache/pdfbox/it/gsub/GsubWorkerForBengaliTest.java,,,,,,,,,,,,,,,,,,,,,,,,,1,12,2,7,4,3,3,4,1,3,4,3,3,1,1,1,1,,,,,,0,,0,43,1,1,1,1
Method,"org.apache.pdfbox.it.gsub.GsubWorkerForBengaliTest.testApplyTransforms_o_kar_repeated_1_not_working_yet()",pdfbox/src/test/java/org/apache/pdfbox/it/gsub/GsubWorkerForBengaliTest.java,,,,,,,,,,,,,,,,,,,,,,,,,1,12,2,7,4,3,3,4,1,3,4,3,3,1,1,1,1,,,,,,0,,0,43,1,1,1,1
Method,"org.apache.pdfbox.it.gsub.GsubWorkerForBengaliTest.testApplyTransforms_o_kar_repeated_2_not_working_yet()",pdfbox/src/test/java/org/apache/pdfbox/it/gsub/GsubWorkerForBengaliTest.java,,,,,,,,,,,,,,,,,,,,,,,,,1,12,2,7,4,3,3,4,1,3,4,3,3,1,1,1,1,,,,,,0,,0,43,1,1,1,1
Method,"org.apache.pdfbox.it.gsub.GsubWorkerForBengaliTest.testApplyTransforms_oi_kar()",pdfbox/src/test/java/org/apache/pdfbox/it/gsub/GsubWorkerForBengaliTest.java,,,,,,,,,,,,,,,,,,,,,,,,,1,12,2,7,4,3,3,4,1,3,4,3,3,1,1,1,1,,,,,,0,,0,43,1,1,1,1
Method,"org.apache.pdfbox.it.gsub.GsubWorkerForBengaliTest.testApplyTransforms_ou_kar()",pdfbox/src/test/java/org/apache/pdfbox/it/gsub/GsubWorkerForBengaliTest.java,,,,,,,,,,,,,,,,,,,,,,,,,1,12,2,7,4,3,3,4,1,3,4,3,3,1,1,1,1,,,,,,0,,0,43,1,1,1,1
Method,"org.apache.pdfbox.it.gsub.GsubWorkerForBengaliTest.testApplyTransforms_ra_e_hosshu()",pdfbox/src/test/java/org/apache/pdfbox/it/gsub/GsubWorkerForBengaliTest.java,,,,,,,,,,,,,,,,,,,,,,,,,1,12,2,7,4,3,3,4,1,3,4,3,3,1,1,1,1,,,,,,0,,0,43,1,1,1,1
Method,"org.apache.pdfbox.it.gsub.GsubWorkerForBengaliTest.testApplyTransforms_ra_phala()",pdfbox/src/test/java/org/apache/pdfbox/it/gsub/GsubWorkerForBengaliTest.java,,,,,,,,,,,,,,,,,,,,,,,,,1,12,2,7,4,3,3,4,1,3,4,3,3,1,1,1,1,,,,,,0,,0,43,1,1,1,1
Method,"org.apache.pdfbox.it.gsub.GsubWorkerForBengaliTest.testApplyTransforms_ref()",pdfbox/src/test/java/org/apache/pdfbox/it/gsub/GsubWorkerForBengaliTest.java,,,,,,,,,,,,,,,,,,,,,,,,,1,12,2,7,4,3,3,4,1,3,4,3,3,1,1,1,1,,,,,,0,,0,43,1,1,1,1
Method,"org.apache.pdfbox.it.gsub.GsubWorkerForBengaliTest.testApplyTransforms_simple_hosshoi_kar()",pdfbox/src/test/java/org/apache/pdfbox/it/gsub/GsubWorkerForBengaliTest.java,,,,,,,,,,,,,,,,,,,,,,,,,1,12,2,7,4,3,3,4,1,3,4,3,3,1,1,1,1,,,,,,0,,0,43,1,1,1,1
Package,"org.apache.pdfbox.multipdf",pdfbox/src/main/java/org/apache/pdfbox/multipdf/LayerUtility.java,2,2,3,1,24,1,18,4,,,,18,4,18,13,,171,61,175,,39,58,6,72,,5314,437,3672,1063,1898,1210,,,1755,2349,1045,1671,,,,,53,53,60,9,,6,,0,33,486,481,528,219
Public Class,"org.apache.pdfbox.multipdf.LayerUtility",pdfbox/src/main/java/org/apache/pdfbox/multipdf/LayerUtility.java,2,2,3,1,32,2,20,9,1,36,0,,0,3,,,8,2,8,20,0,2,0,6,,283,30,174,46,109,79,,,87,111,43,95,,,,,6,4,6,3,1,2,43,0,45,22,20,24,10
Public Constructor,"org.apache.pdfbox.multipdf.LayerUtility.LayerUtility(PDDocument)",pdfbox/src/main/java/org/apache/pdfbox/multipdf/LayerUtility.java,,,,,,,,,,,,,,,,,,,,,,,,,3,9,0,5,1,2,4,4,1,2,3,1,2,1,1,1,1,,,,,,0,,0,80,1,1,1,1
Public Method,"org.apache.pdfbox.multipdf.LayerUtility.appendFormAsLayer(PDPage,PDFormXObject,AffineTransform,String)",pdfbox/src/main/java/org/apache/pdfbox/multipdf/LayerUtility.java,,,,,,,,,,,,,,,,,,,,,,,,,10,58,4,35,7,22,19,22,8,16,21,5,20,4,4,6,1,,,,,,1,,0,54,4,4,6,1
Public Method,"org.apache.pdfbox.multipdf.LayerUtility.getDocument()",pdfbox/src/main/java/org/apache/pdfbox/multipdf/LayerUtility.java,,,,,,,,,,,,,,,,,,,,,,,,,2,8,0,4,1,1,4,1,1,1,2,1,1,1,1,1,1,,,,,,0,,1,00,1,1,1,1
Private Method,"org.apache.pdfbox.multipdf.LayerUtility.importOcProperties(PDDocument)",pdfbox/src/main/java/org/apache/pdfbox/multipdf/LayerUtility.java,,,,,,,,,,,,,,,,,,,,,,,,,4,29,2,20,5,11,7,6,3,7,10,5,9,3,3,3,1,,,,,,1,,0,35,3,3,3,1
Public Method,"org.apache.pdfbox.multipdf.LayerUtility.importPageAsForm(PDDocument,PDPage)",pdfbox/src/main/java/org/apache/pdfbox/multipdf/LayerUtility.java,,,,,,,,,,,,,,,,,,,,,,,,,8,76,8,49,12,42,19,35,8,35,38,12,36,6,4,6,1,,,,,,1,,0,39,6,4,6,1
Public Method,"org.apache.pdfbox.multipdf.LayerUtility.importPageAsForm(PDDocument,int)",pdfbox/src/main/java/org/apache/pdfbox/multipdf/LayerUtility.java,,,,,,,,,,,,,,,,,,,,,,,,,4,17,0,5,2,2,12,3,1,2,3,2,2,1,1,1,1,,,,,,0,,2,40,1,1,1,1
Private Method,"org.apache.pdfbox.multipdf.LayerUtility.transferDict(COSDictionary,COSDictionary,Set<String>)",pdfbox/src/main/java/org/apache/pdfbox/multipdf/LayerUtility.java,,,,,,,,,,,,,,,,,,,,,,,,,5,13,0,13,3,5,0,7,3,3,7,3,5,3,3,3,3,,,,,,2,,0,00,3,3,3,3
Public Method,"org.apache.pdfbox.multipdf.LayerUtility.wrapInSaveRestore(PDPage)",pdfbox/src/main/java/org/apache/pdfbox/multipdf/LayerUtility.java,,,,,,,,,,,,,,,,,,,,,,,,,4,48,5,34,8,21,9,15,3,16,21,8,18,3,3,3,1,,,,,,1,,0,26,3,3,3,1
Class,"org.apache.pdfbox.multipdf.MergeAcroFormsTest",pdfbox/src/test/java/org/apache/pdfbox/multipdf/MergeAcroFormsTest.java,1,1,1,1,29,4,24,1,1,20,0,,0,3,,,5,0,5,17,3,1,0,1,,177,27,129,36,86,21,,,57,75,34,65,,,,,3,3,3,1,1,2,0,0,16,9,9,9,5
Private Method,"org.apache.pdfbox.multipdf.MergeAcroFormsTest.compareFieldProperties(PDField,PDField)",pdfbox/src/test/java/org/apache/pdfbox/multipdf/MergeAcroFormsTest.java,,,,,,,,,,,,,,,,,,,,,,,,,3,27,3,21,6,12,3,5,3,7,11,7,8,3,3,3,1,,,,,,2,,0,14,3,3,3,1
Public Method,"org.apache.pdfbox.multipdf.MergeAcroFormsTest.setUp()",pdfbox/src/test/java/org/apache/pdfbox/multipdf/MergeAcroFormsTest.java,,,,,,,,,,,,,,,,,,,,,,,,,1,5,0,5,2,1,0,1,1,1,2,1,1,1,1,1,1,,,,,,0,,0,00,1,1,1,1
Method,"org.apache.pdfbox.multipdf.MergeAcroFormsTest.testAPEntry()",pdfbox/src/test/java/org/apache/pdfbox/multipdf/MergeAcroFormsTest.java,,,,,,,,,,,,,,,,,,,,,,,,,4,40,7,31,8,23,2,16,1,16,19,7,18,1,1,1,1,,,,,,1,,0,06,1,1,1,1
Method,"org.apache.pdfbox.multipdf.MergeAcroFormsTest.testAnnotsEntry()",pdfbox/src/test/java/org/apache/pdfbox/multipdf/MergeAcroFormsTest.java,,,,,,,,,,,,,,,,,,,,,,,,,3,36,6,28,6,20,2,16,1,13,16,5,15,1,1,1,1,,,,,,1,,0,07,1,1,1,1
Method,"org.apache.pdfbox.multipdf.MergeAcroFormsTest.testLegacyModeMerge()",pdfbox/src/test/java/org/apache/pdfbox/multipdf/MergeAcroFormsTest.java,,,,,,,,,,,,,,,,,,,,,,,,,3,41,4,37,9,27,0,18,4,17,23,10,20,3,3,3,1,,,,,,2,,0,00,3,3,3,1
Class,"org.apache.pdfbox.multipdf.MergeAnnotationsTest",pdfbox/src/test/java/org/apache/pdfbox/multipdf/MergeAnnotationsTest.java,2,2,2,1,27,3,21,2,1,19,0,,0,2,,,3,0,3,15,1,1,0,1,,100,13,68,19,43,19,,,31,42,19,35,,,,,4,4,4,3,1,2,0,0,28,6,6,6,5
Public Method,"org.apache.pdfbox.multipdf.MergeAnnotationsTest.setUp()",pdfbox/src/test/java/org/apache/pdfbox/multipdf/MergeAnnotationsTest.java,,,,,,,,,,,,,,,,,,,,,,,,,1,5,0,5,2,1,0,1,1,1,2,1,1,1,1,1,1,,,,,,0,,0,00,1,1,1,1
Private Method,"org.apache.pdfbox.multipdf.MergeAnnotationsTest.testAnnotationsMatch(List<PDAnnotation>,List<PDAnnotation>)",pdfbox/src/test/java/org/apache/pdfbox/multipdf/MergeAnnotationsTest.java,,,,,,,,,,,,,,,,,,,,,,,,,4,23,2,19,3,9,2,7,6,7,13,5,9,4,4,4,3,,,,,,2,,0,11,4,4,4,3
Method,"org.apache.pdfbox.multipdf.MergeAnnotationsTest.testLinkAnnotations()",pdfbox/src/test/java/org/apache/pdfbox/multipdf/MergeAnnotationsTest.java,,,,,,,,,,,,,,,,,,,,,,,,,2,53,8,39,11,31,6,20,1,21,24,10,23,1,1,1,1,,,,,,2,,0,15,1,1,1,1
Public Class,"org.apache.pdfbox.multipdf.Overlay",pdfbox/src/main/java/org/apache/pdfbox/multipdf/Overlay.java,2,2,2,1,17,0,12,4,2,37,0,,0,0,,,36,24,36,48,0,15,1,20,,723,53,503,111,256,167,,,199,301,113,222,,,,,14,14,14,3,1,3,92,0,33,91,88,99,38
Private Static Final Class,"org.apache.pdfbox.multipdf.Overlay.LayoutPage",pdfbox/src/main/java/org/apache/pdfbox/multipdf/Overlay.java,1,1,1,1,7,0,7,0,1,3,0,,0,0,,,1,4,1,13,0,1,0,0,,18,1,14,6,4,3,,,8,10,6,4,,,,,1,1,1,1,1,0,0,0,21,1,1,1,1
Private Constructor,"org.apache.pdfbox.multipdf.Overlay.LayoutPage.LayoutPage(PDRectangle,COSStream,COSDictionary,short)",pdfbox/src/main/java/org/apache/pdfbox/multipdf/Overlay.java,,,,,,,,,,,,,,,,,,,,,,,,,5,7,0,7,1,4,0,5,1,4,5,1,4,1,1,1,1,,,,,,0,,0,00,1,1,1,1
Public Enum Type,"org.apache.pdfbox.multipdf.Overlay.Position",pdfbox/src/main/java/org/apache/pdfbox/multipdf/Overlay.java,0,0,0,0,0,0,0,0,1,1,0,,0,0,,,2,2,2,28,0,0,0,2,,7,0,4,2,0,3,,,0,1,1,0,,,,,0,0,0,0,1,0,,0,75,0,0,0,0
Public Implicit Method,"org.apache.pdfbox.multipdf.Overlay.Position.valueOf()",pdfbox/src/main/java/org/apache/pdfbox/multipdf/Overlay.java,,,,,,,,,,,,,,,,,,,,,,,,,,,,,,,,,,,,,,,,,,,,,,,,,0,00,0,0,0,0
Public Implicit Method,"org.apache.pdfbox.multipdf.Overlay.Position.values()",pdfbox/src/main/java/org/apache/pdfbox/multipdf/Overlay.java,,,,,,,,,,,,,,,,,,,,,,,,,,,,,,,,,,,,,,,,,,,,,,,,,0,00,0,0,0,0
Private Method,"org.apache.pdfbox.multipdf.Overlay.addOriginalContent(COSBase,COSArray)",pdfbox/src/main/java/org/apache/pdfbox/multipdf/Overlay.java,,,,,,,,,,,,,,,,,,,,,,,,,3,20,1,19,1,8,0,5,4,4,8,1,7,4,4,4,1,,,,,,1,,0,00,4,4,4,1
Protected Method,"org.apache.pdfbox.multipdf.Overlay.calculateAffineTransform(PDPage,PDRectangle)",pdfbox/src/main/java/org/apache/pdfbox/multipdf/Overlay.java,,,,,,,,,,,,,,,,,,,,,,,,,3,18,0,9,5,6,9,6,1,6,7,5,6,1,1,1,1,,,,,,0,,1,00,1,1,1,1
Public Method,"org.apache.pdfbox.multipdf.Overlay.close()",pdfbox/src/main/java/org/apache/pdfbox/multipdf/Overlay.java,,,,,,,,,,,,,,,,,,,,,,,,,9,39,0,34,2,16,5,3,128,9,18,2,16,8,8,8,1,,,,,,1,,0,15,8,8,8,1
Private Method,"org.apache.pdfbox.multipdf.Overlay.createCombinedContentStream(COSBase)",pdfbox/src/main/java/org/apache/pdfbox/multipdf/Overlay.java,,,,,,,,,,,,,,,,,,,,,,,,,4,18,0,17,3,8,1,8,2,5,10,4,8,2,2,2,1,,,,,,3,,0,06,2,2,2,1
Private Method,"org.apache.pdfbox.multipdf.Overlay.createContentStreamList(COSBase)",pdfbox/src/main/java/org/apache/pdfbox/multipdf/Overlay.java,,,,,,,,,,,,,,,,,,,,,,,,,2,28,0,28,2,13,0,8,6,7,14,3,12,6,6,6,1,,,,,,2,,0,00,6,6,6,1
Private Method,"org.apache.pdfbox.multipdf.Overlay.createLayoutPage(PDPage)",pdfbox/src/main/java/org/apache/pdfbox/multipdf/Overlay.java,,,,,,,,,,,,,,,,,,,,,,,,,4,11,0,11,3,6,0,10,2,4,6,3,5,2,2,2,1,,,,,,1,,0,00,2,2,2,1
Private Method,"org.apache.pdfbox.multipdf.Overlay.createOverlayStream(PDPage,LayoutPage,COSName)",pdfbox/src/main/java/org/apache/pdfbox/multipdf/Overlay.java,,,,,,,,,,,,,,,,,,,,,,,,,6,33,2,27,6,19,4,19,4,17,21,6,18,3,3,4,1,,,,,,1,,0,15,3,3,4,1
Private Method,"org.apache.pdfbox.multipdf.Overlay.createOverlayXObject(PDPage,LayoutPage,PDFCloneUtility)",pdfbox/src/main/java/org/apache/pdfbox/multipdf/Overlay.java,,,,,,,,,,,,,,,,,,,,,,,,,8,30,0,30,5,24,0,17,4,18,20,4,19,4,2,4,1,,,,,,1,,0,00,4,2,4,1
Private Method,"org.apache.pdfbox.multipdf.Overlay.createStream(String)",pdfbox/src/main/java/org/apache/pdfbox/multipdf/Overlay.java,,,,,,,,,,,,,,,,,,,,,,,,,6,10,0,10,2,5,0,7,1,3,5,2,4,2,2,2,1,,,,,,1,,0,00,2,2,2,1
Private Method,"org.apache.pdfbox.multipdf.Overlay.float2String(float)",pdfbox/src/main/java/org/apache/pdfbox/multipdf/Overlay.java,,,,,,,,,,,,,,,,,,,,,,,,,2,16,0,13,3,6,3,8,3,4,7,3,6,3,3,5,1,,,,,,2,,0,23,3,3,5,1
Public Method,"org.apache.pdfbox.multipdf.Overlay.getDefaultOverlayFile()",pdfbox/src/main/java/org/apache/pdfbox/multipdf/Overlay.java,,,,,,,,,,,,,,,,,,,,,,,,,1,9,0,4,1,1,5,1,1,1,2,1,1,1,1,1,1,,,,,,0,,1,25,1,1,1,1
Public Method,"org.apache.pdfbox.multipdf.Overlay.getInputFile()",pdfbox/src/main/java/org/apache/pdfbox/multipdf/Overlay.java,,,,,,,,,,,,,,,,,,,,,,,,,1,9,0,4,1,1,5,1,1,1,2,1,1,1,1,1,1,,,,,,0,,1,25,1,1,1,1
Private Method,"org.apache.pdfbox.multipdf.Overlay.getLayoutPage(PDDocument)",pdfbox/src/main/java/org/apache/pdfbox/multipdf/Overlay.java,,,,,,,,,,,,,,,,,,,,,,,,,4,4,0,4,1,1,0,3,1,1,2,1,1,1,1,1,1,,,,,,0,,0,00,1,1,1,1
Private Method,"org.apache.pdfbox.multipdf.Overlay.getLayoutPage(int,int)",pdfbox/src/main/java/org/apache/pdfbox/multipdf/Overlay.java,,,,,,,,,,,,,,,,,,,,,,,,,11,34,0,34,3,17,0,3,8,10,18,3,15,8,8,13,1,,,,,,1,,0,00,8,8,13,1
Private Method,"org.apache.pdfbox.multipdf.Overlay.getLayoutPages(PDDocument)",pdfbox/src/main/java/org/apache/pdfbox/multipdf/Overlay.java,,,,,,,,,,,,,,,,,,,,,,,,,2,11,0,11,3,6,0,5,2,5,8,4,5,2,2,2,1,,,,,,1,,0,00,2,2,2,1
Private Method,"org.apache.pdfbox.multipdf.Overlay.loadPDF(String)",pdfbox/src/main/java/org/apache/pdfbox/multipdf/Overlay.java,,,,,,,,,,,,,,,,,,,,,,,,,3,4,0,4,1,1,0,3,1,1,2,1,1,1,1,1,1,,,,,,0,,0,00,1,1,1,1
Private Method,"org.apache.pdfbox.multipdf.Overlay.loadPDFs()",pdfbox/src/main/java/org/apache/pdfbox/multipdf/Overlay.java,,,,,,,,,,,,,,,,,,,,,,,,,16,64,0,57,1,28,7,19,8192,15,29,1,28,14,14,14,1,,,,,,1,,0,12,14,14,14,1
Public Method,"org.apache.pdfbox.multipdf.Overlay.overlay(Map<Integer,String>)",pdfbox/src/main/java/org/apache/pdfbox/multipdf/Overlay.java,,,,,,,,,,,,,,,,,,,,,,,,,6,32,0,20,4,13,12,12,3,11,15,5,13,3,3,3,1,,,,,,2,,0,60,3,3,3,1
Public Method,"org.apache.pdfbox.multipdf.Overlay.overlayDocuments(Map<Integer,PDDocument>)",pdfbox/src/main/java/org/apache/pdfbox/multipdf/Overlay.java,,,,,,,,,,,,,,,,,,,,,,,,,3,28,0,14,2,7,14,8,3,5,9,3,7,3,3,3,1,,,,,,2,,1,00,3,3,3,1
Private Method,"org.apache.pdfbox.multipdf.Overlay.overlayPage(PDPage,LayoutPage,COSArray,PDFCloneUtility)",pdfbox/src/main/java/org/apache/pdfbox/multipdf/Overlay.java,,,,,,,,,,,,,,,,,,,,,,,,,5,13,0,13,5,6,0,6,2,5,7,3,6,2,2,2,1,,,,,,1,,0,00,2,2,2,1
Private Method,"org.apache.pdfbox.multipdf.Overlay.processPages(PDDocument)",pdfbox/src/main/java/org/apache/pdfbox/multipdf/Overlay.java,,,,,,,,,,,,,,,,,,,,,,,,,7,40,1,35,9,26,4,13,7,20,25,10,22,5,4,5,3,,,,,,2,,0,11,5,4,5,3
Public Method,"org.apache.pdfbox.multipdf.Overlay.setAllPagesOverlayFile(String)",pdfbox/src/main/java/org/apache/pdfbox/multipdf/Overlay.java,,,,,,,,,,,,,,,,,,,,,,,,,2,9,0,4,1,1,5,1,1,1,2,1,1,1,1,1,1,,,,,,0,,1,25,1,1,1,1
Public Method,"org.apache.pdfbox.multipdf.Overlay.setAllPagesOverlayPDF(PDDocument)",pdfbox/src/main/java/org/apache/pdfbox/multipdf/Overlay.java,,,,,,,,,,,,,,,,,,,,,,,,,1,11,0,4,1,1,7,1,1,1,2,1,1,1,1,1,1,,,,,,0,,1,75,1,1,1,1
Public Method,"org.apache.pdfbox.multipdf.Overlay.setDefaultOverlayFile(String)",pdfbox/src/main/java/org/apache/pdfbox/multipdf/Overlay.java,,,,,,,,,,,,,,,,,,,,,,,,,1,9,0,4,1,1,5,1,1,1,2,1,1,1,1,1,1,,,,,,0,,1,25,1,1,1,1
Public Method,"org.apache.pdfbox.multipdf.Overlay.setDefaultOverlayPDF(PDDocument)",pdfbox/src/main/java/org/apache/pdfbox/multipdf/Overlay.java,,,,,,,,,,,,,,,,,,,,,,,,,2,10,0,4,1,1,6,1,1,1,2,1,1,1,1,1,1,,,,,,0,,1,50,1,1,1,1
Public Method,"org.apache.pdfbox.multipdf.Overlay.setEvenPageOverlayFile(String)",pdfbox/src/main/java/org/apache/pdfbox/multipdf/Overlay.java,,,,,,,,,,,,,,,,,,,,,,,,,2,9,0,4,1,1,5,1,1,1,2,1,1,1,1,1,1,,,,,,0,,1,25,1,1,1,1
Public Method,"org.apache.pdfbox.multipdf.Overlay.setEvenPageOverlayPDF(PDDocument)",pdfbox/src/main/java/org/apache/pdfbox/multipdf/Overlay.java,,,,,,,,,,,,,,,,,,,,,,,,,1,10,0,4,1,1,6,1,1,1,2,1,1,1,1,1,1,,,,,,0,,1,50,1,1,1,1
Public Method,"org.apache.pdfbox.multipdf.Overlay.setFirstPageOverlayFile(String)",pdfbox/src/main/java/org/apache/pdfbox/multipdf/Overlay.java,,,,,,,,,,,,,,,,,,,,,,,,,2,9,0,4,1,1,5,1,1,1,2,1,1,1,1,1,1,,,,,,0,,1,25,1,1,1,1
Public Method,"org.apache.pdfbox.multipdf.Overlay.setFirstPageOverlayPDF(PDDocument)",pdfbox/src/main/java/org/apache/pdfbox/multipdf/Overlay.java,,,,,,,,,,,,,,,,,,,,,,,,,1,10,0,4,1,1,6,1,1,1,2,1,1,1,1,1,1,,,,,,0,,1,50,1,1,1,1
Public Method,"org.apache.pdfbox.multipdf.Overlay.setInputFile(String)",pdfbox/src/main/java/org/apache/pdfbox/multipdf/Overlay.java,,,,,,,,,,,,,,,,,,,,,,,,,1,11,0,4,1,1,7,1,1,1,2,1,1,1,1,1,1,,,,,,0,,1,75,1,1,1,1
Public Method,"org.apache.pdfbox.multipdf.Overlay.setInputPDF(PDDocument)",pdfbox/src/main/java/org/apache/pdfbox/multipdf/Overlay.java,,,,,,,,,,,,,,,,,,,,,,,,,2,10,0,4,1,1,6,1,1,1,2,1,1,1,1,1,1,,,,,,0,,1,50,1,1,1,1
Public Method,"org.apache.pdfbox.multipdf.Overlay.setLastPageOverlayFile(String)",pdfbox/src/main/java/org/apache/pdfbox/multipdf/Overlay.java,,,,,,,,,,,,,,,,,,,,,,,,,2,9,0,4,1,1,5,1,1,1,2,1,1,1,1,1,1,,,,,,0,,1,25,1,1,1,1
Public Method,"org.apache.pdfbox.multipdf.Overlay.setLastPageOverlayPDF(PDDocument)",pdfbox/src/main/java/org/apache/pdfbox/multipdf/Overlay.java,,,,,,,,,,,,,,,,,,,,,,,,,1,10,0,4,1,1,6,1,1,1,2,1,1,1,1,1,1,,,,,,0,,1,50,1,1,1,1
Public Method,"org.apache.pdfbox.multipdf.Overlay.setOddPageOverlayFile(String)",pdfbox/src/main/java/org/apache/pdfbox/multipdf/Overlay.java,,,,,,,,,,,,,,,,,,,,,,,,,2,9,0,4,1,1,5,1,1,1,2,1,1,1,1,1,1,,,,,,0,,1,25,1,1,1,1
Public Method,"org.apache.pdfbox.multipdf.Overlay.setOddPageOverlayPDF(PDDocument)",pdfbox/src/main/java/org/apache/pdfbox/multipdf/Overlay.java,,,,,,,,,,,,,,,,,,,,,,,,,1,10,0,4,1,1,6,1,1,1,2,1,1,1,1,1,1,,,,,,0,,1,50,1,1,1,1
Public Method,"org.apache.pdfbox.multipdf.Overlay.setOverlayPosition(Position)",pdfbox/src/main/java/org/apache/pdfbox/multipdf/Overlay.java,,,,,,,,,,,,,,,,,,,,,,,,,2,9,0,4,1,1,5,1,1,1,2,1,1,1,1,1,1,,,,,,0,,1,25,1,1,1,1
Class,"org.apache.pdfbox.multipdf.OverlayTest",pdfbox/src/test/java/org/apache/pdfbox/multipdf/OverlayTest.java,1,1,1,1,17,1,15,0,1,20,0,,0,2,,,5,0,5,17,1,2,0,2,,101,11,82,21,44,8,,,37,51,19,42,,,,,2,2,2,1,1,3,0,0,10,6,6,6,5
Public Constructor,"org.apache.pdfbox.multipdf.OverlayTest.OverlayTest()",pdfbox/src/test/java/org/apache/pdfbox/multipdf/OverlayTest.java,,,,,,,,,,,,,,,,,,,,,,,,,0,3,0,3,1,0,0,1,1,0,1,1,0,1,1,1,1,,,,,,0,,0,00,1,1,1,1
Private Method,"org.apache.pdfbox.multipdf.OverlayTest.createBaseFile()",pdfbox/src/test/java/org/apache/pdfbox/multipdf/OverlayTest.java,,,,,,,,,,,,,,,,,,,,,,,,,1,27,0,27,5,18,0,15,2,14,18,5,16,2,2,2,1,,,,,,3,,0,00,2,2,2,1
Public Method,"org.apache.pdfbox.multipdf.OverlayTest.setUp()",pdfbox/src/test/java/org/apache/pdfbox/multipdf/OverlayTest.java,,,,,,,,,,,,,,,,,,,,,,,,,1,5,0,5,2,1,0,1,1,1,2,1,1,1,1,1,1,,,,,,0,,0,00,1,1,1,1
Private Method,"org.apache.pdfbox.multipdf.OverlayTest.testRotatedOverlay(int)",pdfbox/src/test/java/org/apache/pdfbox/multipdf/OverlayTest.java,,,,,,,,,,,,,,,,,,,,,,,,,4,43,6,34,8,19,3,17,1,16,22,8,19,1,1,1,1,,,,,,3,,0,09,1,1,1,1
Method,"org.apache.pdfbox.multipdf.OverlayTest.testRotatedOverlays()",pdfbox/src/test/java/org/apache/pdfbox/multipdf/OverlayTest.java,,,,,,,,,,,,,,,,,,,,,,,,,0,8,0,8,2,4,0,1,1,4,5,1,4,1,1,1,1,,,,,,0,,0,00,1,1,1,1
Class,"org.apache.pdfbox.multipdf.PDFCloneUtility",pdfbox/src/main/java/org/apache/pdfbox/multipdf/PDFCloneUtility.java,7,7,7,2,45,0,38,7,1,19,0,,0,0,,,5,3,5,17,4,1,0,0,,245,5,197,29,104,43,,,71,114,36,92,,,,,16,16,18,4,1,4,46,0,22,35,35,39,10
Constructor,"org.apache.pdfbox.multipdf.PDFCloneUtility.PDFCloneUtility(PDDocument)",pdfbox/src/main/java/org/apache/pdfbox/multipdf/PDFCloneUtility.java,,,,,,,,,,,,,,,,,,,,,,,,,6,8,0,4,1,1,4,2,1,1,2,1,1,1,1,1,1,,,,,,0,,1,00,1,1,1,1
Private Method,"org.apache.pdfbox.multipdf.PDFCloneUtility.checkForRecursion(Object,COSBase)",pdfbox/src/main/java/org/apache/pdfbox/multipdf/PDFCloneUtility.java,,,,,,,,,,,,,,,,,,,,,,,,,3,18,0,11,2,4,7,2,3,2,5,2,4,3,3,3,1,,,,,,2,,0,64,3,3,3,1
Method,"org.apache.pdfbox.multipdf.PDFCloneUtility.cloneForNewDocument(Object)",pdfbox/src/main/java/org/apache/pdfbox/multipdf/PDFCloneUtility.java,,,,,,,,,,,,,,,,,,,,,,,,,17,93,0,84,13,51,9,22,14,37,55,17,45,14,14,16,4,,,,,,2,,0,11,14,14,16,4
Method,"org.apache.pdfbox.multipdf.PDFCloneUtility.cloneMerge(COSObjectable,COSObjectable)",pdfbox/src/main/java/org/apache/pdfbox/multipdf/PDFCloneUtility.java,,,,,,,,,,,,,,,,,,,,,,,,,8,99,0,88,8,45,11,20,16,27,46,11,39,16,16,18,3,,,,,,4,,0,12,16,16,18,3
Method,"org.apache.pdfbox.multipdf.PDFCloneUtility.getDestination()",pdfbox/src/main/java/org/apache/pdfbox/multipdf/PDFCloneUtility.java,,,,,,,,,,,,,,,,,,,,,,,,,1,8,0,4,1,1,4,1,1,1,2,1,1,1,1,1,1,,,,,,0,,1,00,1,1,1,1
Class,"org.apache.pdfbox.multipdf.PDFCloneUtilityTest",pdfbox/src/test/java/org/apache/pdfbox/multipdf/PDFCloneUtilityTest.java,1,1,1,1,32,2,23,6,1,19,0,,0,0,,,3,0,3,15,3,0,0,0,,106,8,72,17,46,26,,,39,49,14,42,,,,,1,1,1,1,1,2,0,0,36,3,3,3,3
Method,"org.apache.pdfbox.multipdf.PDFCloneUtilityTest.testClonePDFWithCosArrayStream()",pdfbox/src/test/java/org/apache/pdfbox/multipdf/PDFCloneUtilityTest.java,,,,,,,,,,,,,,,,,,,,,,,,,1,19,1,13,3,7,5,8,1,5,7,2,6,1,1,1,1,,,,,,1,,0,38,1,1,1,1
Method,"org.apache.pdfbox.multipdf.PDFCloneUtilityTest.testClonePDFWithCosArrayStream2()",pdfbox/src/test/java/org/apache/pdfbox/multipdf/PDFCloneUtilityTest.java,,,,,,,,,,,,,,,,,,,,,,,,,4,51,5,38,9,28,8,15,1,25,29,8,25,1,1,1,1,,,,,,1,,0,21,1,1,1,1
Method,"org.apache.pdfbox.multipdf.PDFCloneUtilityTest.testDirectIndirect()",pdfbox/src/test/java/org/apache/pdfbox/multipdf/PDFCloneUtilityTest.java,,,,,,,,,,,,,,,,,,,,,,,,,1,26,0,19,4,11,7,17,1,9,12,3,11,1,1,1,1,,,,,,2,,0,37,1,1,1,1
Public Class,"org.apache.pdfbox.multipdf.PDFMergerUtility",pdfbox/src/main/java/org/apache/pdfbox/multipdf/PDFMergerUtility.java,4,4,4,1,29,0,22,5,1,70,0,,2,1,,,43,9,45,57,2,20,0,23,,1451,95,1056,205,537,301,,,363,577,205,475,,,,,53,53,60,9,1,5,92,0,29,191,191,214,74
Public Enum Type,"org.apache.pdfbox.multipdf.PDFMergerUtility.AcroFormMergeMode",pdfbox/src/main/java/org/apache/pdfbox/multipdf/PDFMergerUtility.java,0,0,0,0,0,0,0,0,1,1,0,,0,0,,,2,2,2,28,0,0,0,2,,17,0,5,3,0,12,,,0,1,1,0,,,,,0,0,0,0,1,0,,2,40,0,0,0,0
Public Implicit Method,"org.apache.pdfbox.multipdf.PDFMergerUtility.AcroFormMergeMode.valueOf()",pdfbox/src/main/java/org/apache/pdfbox/multipdf/PDFMergerUtility.java,,,,,,,,,,,,,,,,,,,,,,,,,,,,,,,,,,,,,,,,,,,,,,,,,0,00,0,0,0,0
Public Implicit Method,"org.apache.pdfbox.multipdf.PDFMergerUtility.AcroFormMergeMode.values()",pdfbox/src/main/java/org/apache/pdfbox/multipdf/PDFMergerUtility.java,,,,,,,,,,,,,,,,,,,,,,,,,,,,,,,,,,,,,,,,,,,,,,,,,0,00,0,0,0,0
Public Enum Type,"org.apache.pdfbox.multipdf.PDFMergerUtility.DocumentMergeMode",pdfbox/src/main/java/org/apache/pdfbox/multipdf/PDFMergerUtility.java,0,0,0,0,0,0,0,0,1,1,0,,0,0,,,2,2,2,28,0,0,0,2,,20,0,5,3,0,15,,,0,1,1,0,,,,,0,0,0,0,1,0,,3,00,0,0,0,0
Public Implicit Method,"org.apache.pdfbox.multipdf.PDFMergerUtility.DocumentMergeMode.valueOf()",pdfbox/src/main/java/org/apache/pdfbox/multipdf/PDFMergerUtility.java,,,,,,,,,,,,,,,,,,,,,,,,,,,,,,,,,,,,,,,,,,,,,,,,,0,00,0,0,0,0
Public Implicit Method,"org.apache.pdfbox.multipdf.PDFMergerUtility.DocumentMergeMode.values()",pdfbox/src/main/java/org/apache/pdfbox/multipdf/PDFMergerUtility.java,,,,,,,,,,,,,,,,,,,,,,,,,,,,,,,,,,,,,,,,,,,,,,,,,0,00,0,0,0,0
Public Constructor,"org.apache.pdfbox.multipdf.PDFMergerUtility.PDFMergerUtility()",pdfbox/src/main/java/org/apache/pdfbox/multipdf/PDFMergerUtility.java,,,,,,,,,,,,,,,,,,,,,,,,,24,7,0,4,1,1,3,3,1,1,2,1,1,1,1,1,1,,,,,,0,,0,75,1,1,1,1
Private Method,"org.apache.pdfbox.multipdf.PDFMergerUtility.acroFormJoinFieldsMode(PDFCloneUtility,PDAcroForm,PDAcroForm)",pdfbox/src/main/java/org/apache/pdfbox/multipdf/PDFMergerUtility.java,,,,,,,,,,,,,,,,,,,,,,,,,4,5,0,5,2,1,0,1,1,1,2,1,1,1,1,1,1,,,,,,0,,0,00,1,1,1,1
Private Method,"org.apache.pdfbox.multipdf.PDFMergerUtility.acroFormLegacyMode(PDFCloneUtility,PDAcroForm,PDAcroForm)",pdfbox/src/main/java/org/apache/pdfbox/multipdf/PDFMergerUtility.java,,,,,,,,,,,,,,,,,,,,,,,,,8,53,4,42,10,21,7,21,25,14,24,11,19,8,8,9,1,,,,,,4,,0,17,8,8,9,1
Public Method,"org.apache.pdfbox.multipdf.PDFMergerUtility.addSource(File)",pdfbox/src/main/java/org/apache/pdfbox/multipdf/PDFMergerUtility.java,,,,,,,,,,,,,,,,,,,,,,,,,10,11,0,4,1,1,7,1,1,1,2,1,1,1,1,1,1,,,,,,0,,1,75,1,1,1,1
Public Method,"org.apache.pdfbox.multipdf.PDFMergerUtility.addSource(InputStream)",pdfbox/src/main/java/org/apache/pdfbox/multipdf/PDFMergerUtility.java,,,,,,,,,,,,,,,,,,,,,,,,,5,9,0,4,1,1,5,1,1,1,2,1,1,1,1,1,1,,,,,,0,,1,25,1,1,1,1
Public Method,"org.apache.pdfbox.multipdf.PDFMergerUtility.addSource(String)",pdfbox/src/main/java/org/apache/pdfbox/multipdf/PDFMergerUtility.java,,,,,,,,,,,,,,,,,,,,,,,,,1,11,0,4,1,1,7,2,1,1,2,1,1,1,1,1,1,,,,,,0,,1,75,1,1,1,1
Public Method,"org.apache.pdfbox.multipdf.PDFMergerUtility.addSources(List<InputStream>)",pdfbox/src/main/java/org/apache/pdfbox/multipdf/PDFMergerUtility.java,,,,,,,,,,,,,,,,,,,,,,,,,3,10,0,4,1,1,6,1,1,1,2,1,1,1,1,1,1,,,,,,0,,1,50,1,1,1,1
Public Method,"org.apache.pdfbox.multipdf.PDFMergerUtility.appendDocument(PDDocument,PDDocument)",pdfbox/src/main/java/org/apache/pdfbox/multipdf/PDFMergerUtility.java,,,,,,,,,,,,,,,,,,,,,,,,,33,392,25,333,61,204,34,107,999999999,146,205,68,184,53,53,60,9,,,,,,5,,0,10,53,53,60,9
Public Method,"org.apache.pdfbox.multipdf.PDFMergerUtility.getAcroFormMergeMode()",pdfbox/src/main/java/org/apache/pdfbox/multipdf/PDFMergerUtility.java,,,,,,,,,,,,,,,,,,,,,,,,,1,9,0,4,1,1,5,1,1,1,2,1,1,1,1,1,1,,,,,,0,,1,25,1,1,1,1
Public Method,"org.apache.pdfbox.multipdf.PDFMergerUtility.getDestinationDocumentInformation()",pdfbox/src/main/java/org/apache/pdfbox/multipdf/PDFMergerUtility.java,,,,,,,,,,,,,,,,,,,,,,,,,1,10,0,4,1,1,6,1,1,1,2,1,1,1,1,1,1,,,,,,0,,1,50,1,1,1,1
Public Method,"org.apache.pdfbox.multipdf.PDFMergerUtility.getDestinationFileName()",pdfbox/src/main/java/org/apache/pdfbox/multipdf/PDFMergerUtility.java,,,,,,,,,,,,,,,,,,,,,,,,,1,9,0,4,1,1,5,1,1,1,2,1,1,1,1,1,1,,,,,,0,,1,25,1,1,1,1
Public Method,"org.apache.pdfbox.multipdf.PDFMergerUtility.getDestinationMetadata()",pdfbox/src/main/java/org/apache/pdfbox/multipdf/PDFMergerUtility.java,,,,,,,,,,,,,,,,,,,,,,,,,1,10,0,4,1,1,6,1,1,1,2,1,1,1,1,1,1,,,,,,0,,1,50,1,1,1,1
Public Method,"org.apache.pdfbox.multipdf.PDFMergerUtility.getDestinationStream()",pdfbox/src/main/java/org/apache/pdfbox/multipdf/PDFMergerUtility.java,,,,,,,,,,,,,,,,,,,,,,,,,1,9,0,4,1,1,5,1,1,1,2,1,1,1,1,1,1,,,,,,0,,1,25,1,1,1,1
Public Method,"org.apache.pdfbox.multipdf.PDFMergerUtility.getDocumentMergeMode()",pdfbox/src/main/java/org/apache/pdfbox/multipdf/PDFMergerUtility.java,,,,,,,,,,,,,,,,,,,,,,,,,1,9,0,4,1,1,5,1,1,1,2,1,1,1,1,1,1,,,,,,0,,1,25,1,1,1,1
Static Method,"org.apache.pdfbox.multipdf.PDFMergerUtility.getIDTreeAsMap(PDNameTreeNode<PDStructureElement>)",pdfbox/src/main/java/org/apache/pdfbox/multipdf/PDFMergerUtility.java,,,,,,,,,,,,,,,,,,,,,,,,,4,23,0,22,4,10,1,6,6,6,11,4,9,4,4,4,1,,,,,,2,,0,05,4,4,4,1
Static Method,"org.apache.pdfbox.multipdf.PDFMergerUtility.getNumberTreeAsMap(PDNumberTreeNode)",pdfbox/src/main/java/org/apache/pdfbox/multipdf/PDFMergerUtility.java,,,,,,,,,,,,,,,,,,,,,,,,,6,23,0,22,4,10,1,6,6,6,11,4,9,4,4,4,1,,,,,,2,,0,05,4,4,4,1
Private Method,"org.apache.pdfbox.multipdf.PDFMergerUtility.hasOnlyDocumentsOrParts(COSArray)",pdfbox/src/main/java/org/apache/pdfbox/multipdf/PDFMergerUtility.java,,,,,,,,,,,,,,,,,,,,,,,,,5,18,0,18,4,9,0,5,4,8,12,5,9,4,4,5,4,,,,,,2,,0,00,4,4,5,4
Private Method,"org.apache.pdfbox.multipdf.PDFMergerUtility.isDynamicXfa(PDAcroForm)",pdfbox/src/main/java/org/apache/pdfbox/multipdf/PDFMergerUtility.java,,,,,,,,,,,,,,,,,,,,,,,,,2,10,0,4,1,1,6,2,1,1,2,1,1,1,1,2,1,,,,,,0,,1,50,1,1,2,1
Public Method,"org.apache.pdfbox.multipdf.PDFMergerUtility.isIgnoreAcroFormErrors()",pdfbox/src/main/java/org/apache/pdfbox/multipdf/PDFMergerUtility.java,,,,,,,,,,,,,,,,,,,,,,,,,1,9,0,4,1,1,5,1,1,1,2,1,1,1,1,1,1,,,,,,0,,1,25,1,1,1,1
Private Method,"org.apache.pdfbox.multipdf.PDFMergerUtility.legacyMergeDocuments(MemoryUsageSetting,CompressParameters)",pdfbox/src/main/java/org/apache/pdfbox/multipdf/PDFMergerUtility.java,,,,,,,,,,,,,,,,,,,,,,,,,9,70,3,52,6,26,15,16,49,12,23,6,19,9,9,9,1,,,,,,4,,0,29,9,9,9,1
Private Method,"org.apache.pdfbox.multipdf.PDFMergerUtility.mergeAcroForm(PDFCloneUtility,PDDocumentCatalog,PDDocumentCatalog)",pdfbox/src/main/java/org/apache/pdfbox/multipdf/PDFMergerUtility.java,,,,,,,,,,,,,,,,,,,,,,,,,10,38,2,35,4,15,1,8,7,6,13,3,12,7,7,8,1,,,,,,4,,0,03,7,7,8,1
Public Method,"org.apache.pdfbox.multipdf.PDFMergerUtility.mergeDocuments(MemoryUsageSetting)",pdfbox/src/main/java/org/apache/pdfbox/multipdf/PDFMergerUtility.java,,,,,,,,,,,,,,,,,,,,,,,,,13,13,0,4,1,1,9,1,1,1,2,1,1,1,1,1,1,,,,,,0,,2,25,1,1,1,1
Public Method,"org.apache.pdfbox.multipdf.PDFMergerUtility.mergeDocuments(MemoryUsageSetting,CompressParameters)",pdfbox/src/main/java/org/apache/pdfbox/multipdf/PDFMergerUtility.java,,,,,,,,,,,,,,,,,,,,,,,,,6,20,0,11,1,4,9,2,3,2,5,1,4,3,3,3,1,,,,,,1,,0,82,3,3,3,1
Private Method,"org.apache.pdfbox.multipdf.PDFMergerUtility.mergeIDTree(PDFCloneUtility,PDStructureTreeRoot,PDStructureTreeRoot)",pdfbox/src/main/java/org/apache/pdfbox/multipdf/PDFMergerUtility.java,,,,,,,,,,,,,,,,,,,,,,,,,5,36,0,32,7,17,4,14,7,11,17,6,15,5,5,5,1,,,,,,2,,0,12,5,5,5,1
Private Method,"org.apache.pdfbox.multipdf.PDFMergerUtility.mergeInto(COSDictionary,COSDictionary,Set<COSName>)",pdfbox/src/main/java/org/apache/pdfbox/multipdf/PDFMergerUtility.java,,,,,,,,,,,,,,,,,,,,,,,,,5,20,0,10,1,3,10,6,3,1,5,2,3,3,3,4,1,,,,,,2,,1,00,3,3,4,1
Private Method,"org.apache.pdfbox.multipdf.PDFMergerUtility.mergeKEntries(PDFCloneUtility,PDStructureTreeRoot,PDStructureTreeRoot)",pdfbox/src/main/java/org/apache/pdfbox/multipdf/PDFMergerUtility.java,,,,,,,,,,,,,,,,,,,,,,,,,9,72,5,62,13,37,5,17,84,27,38,11,37,12,12,13,7,,,,,,4,,0,08,12,12,13,7
Private Method,"org.apache.pdfbox.multipdf.PDFMergerUtility.mergeLanguage(PDDocumentCatalog,PDDocumentCatalog)",pdfbox/src/main/java/org/apache/pdfbox/multipdf/PDFMergerUtility.java,,,,,,,,,,,,,,,,,,,,,,,,,3,11,0,11,2,4,0,2,3,2,5,2,4,3,3,3,1,,,,,,2,,0,00,3,3,3,1
Private Method,"org.apache.pdfbox.multipdf.PDFMergerUtility.mergeMarkInfo(PDDocumentCatalog,PDDocumentCatalog)",pdfbox/src/main/java/org/apache/pdfbox/multipdf/PDFMergerUtility.java,,,,,,,,,,,,,,,,,,,,,,,,,3,17,0,17,3,10,0,7,4,8,11,3,10,3,3,5,1,,,,,,1,,0,00,3,3,5,1
Private Method,"org.apache.pdfbox.multipdf.PDFMergerUtility.mergeOutputIntents(PDFCloneUtility,PDDocumentCatalog,PDDocumentCatalog)",pdfbox/src/main/java/org/apache/pdfbox/multipdf/PDFMergerUtility.java,,,,,,,,,,,,,,,,,,,,,,,,,4,29,0,28,6,14,1,7,8,9,17,7,13,6,6,7,6,,,,,,4,,0,04,6,6,7,6
Private Method,"org.apache.pdfbox.multipdf.PDFMergerUtility.mergeRoleMap(PDStructureTreeRoot,PDStructureTreeRoot)",pdfbox/src/main/java/org/apache/pdfbox/multipdf/PDFMergerUtility.java,,,,,,,,,,,,,,,,,,,,,,,,,5,31,0,30,4,15,2,10,7,9,16,5,14,6,6,7,5,,,,,,2,,0,07,6,6,7,5
Private Method,"org.apache.pdfbox.multipdf.PDFMergerUtility.mergeViewerPreferences(PDDocumentCatalog,PDDocumentCatalog)",pdfbox/src/main/java/org/apache/pdfbox/multipdf/PDFMergerUtility.java,,,,,,,,,,,,,,,,,,,,,,,,,3,42,1,40,3,21,1,19,129,12,21,3,20,9,9,15,1,,,,,,1,,0,03,9,9,15,1
Private Method,"org.apache.pdfbox.multipdf.PDFMergerUtility.optimizedMergeDocuments(MemoryUsageSetting,CompressParameters)",pdfbox/src/main/java/org/apache/pdfbox/multipdf/PDFMergerUtility.java,,,,,,,,,,,,,,,,,,,,,,,,,6,57,1,54,7,28,2,22,14,15,25,7,21,6,6,6,1,,,,,,5,,0,04,6,6,6,1
Public Method,"org.apache.pdfbox.multipdf.PDFMergerUtility.setAcroFormMergeMode(AcroFormMergeMode)",pdfbox/src/main/java/org/apache/pdfbox/multipdf/PDFMergerUtility.java,,,,,,,,,,,,,,,,,,,,,,,,,2,9,0,4,1,1,5,1,1,1,2,1,1,1,1,1,1,,,,,,0,,1,25,1,1,1,1
Public Method,"org.apache.pdfbox.multipdf.PDFMergerUtility.setAcroFormMergeMode(DocumentMergeMode)",pdfbox/src/main/java/org/apache/pdfbox/multipdf/PDFMergerUtility.java,,,,,,,,,,,,,,,,,,,,,,,,,1,9,0,4,1,1,5,1,1,1,2,1,1,1,1,1,1,,,,,,0,,1,25,1,1,1,1
Public Method,"org.apache.pdfbox.multipdf.PDFMergerUtility.setDestinationDocumentInformation(PDDocumentInformation)",pdfbox/src/main/java/org/apache/pdfbox/multipdf/PDFMergerUtility.java,,,,,,,,,,,,,,,,,,,,,,,,,2,10,0,4,1,1,6,1,1,1,2,1,1,1,1,1,1,,,,,,0,,1,50,1,1,1,1
Public Method,"org.apache.pdfbox.multipdf.PDFMergerUtility.setDestinationFileName(String)",pdfbox/src/main/java/org/apache/pdfbox/multipdf/PDFMergerUtility.java,,,,,,,,,,,,,,,,,,,,,,,,,10,9,0,4,1,1,5,1,1,1,2,1,1,1,1,1,1,,,,,,0,,1,25,1,1,1,1
Public Method,"org.apache.pdfbox.multipdf.PDFMergerUtility.setDestinationMetadata(PDMetadata)",pdfbox/src/main/java/org/apache/pdfbox/multipdf/PDFMergerUtility.java,,,,,,,,,,,,,,,,,,,,,,,,,2,10,0,4,1,1,6,1,1,1,2,1,1,1,1,1,1,,,,,,0,,1,50,1,1,1,1
Public Method,"org.apache.pdfbox.multipdf.PDFMergerUtility.setDestinationStream(OutputStream)",pdfbox/src/main/java/org/apache/pdfbox/multipdf/PDFMergerUtility.java,,,,,,,,,,,,,,,,,,,,,,,,,3,9,0,4,1,1,5,1,1,1,2,1,1,1,1,1,1,,,,,,0,,1,25,1,1,1,1
Public Method,"org.apache.pdfbox.multipdf.PDFMergerUtility.setDocumentMergeMode(DocumentMergeMode)",pdfbox/src/main/java/org/apache/pdfbox/multipdf/PDFMergerUtility.java,,,,,,,,,,,,,,,,,,,,,,,,,1,9,0,4,1,1,5,1,1,1,2,1,1,1,1,1,1,,,,,,0,,1,25,1,1,1,1
Public Method,"org.apache.pdfbox.multipdf.PDFMergerUtility.setIgnoreAcroFormErrors(boolean)",pdfbox/src/main/java/org/apache/pdfbox/multipdf/PDFMergerUtility.java,,,,,,,,,,,,,,,,,,,,,,,,,1,10,0,4,1,1,6,1,1,1,2,1,1,1,1,1,1,,,,,,0,,1,50,1,1,1,1
Private Method,"org.apache.pdfbox.multipdf.PDFMergerUtility.updatePageReferences(PDFCloneUtility,COSArray,Map<COSDictionary,COSDictionary>)",pdfbox/src/main/java/org/apache/pdfbox/multipdf/PDFMergerUtility.java,,,,,,,,,,,,,,,,,,,,,,,,,5,17,0,17,4,6,0,3,4,5,9,3,7,4,4,4,1,,,,,,2,,0,00,4,4,4,1
Private Method,"org.apache.pdfbox.multipdf.PDFMergerUtility.updatePageReferences(PDFCloneUtility,COSDictionary,Map<COSDictionary,COSDictionary>)",pdfbox/src/main/java/org/apache/pdfbox/multipdf/PDFMergerUtility.java,,,,,,,,,,,,,,,,,,,,,,,,,12,55,0,46,7,25,9,10,24,11,18,5,17,7,7,7,1,,,,,,3,,0,20,7,7,7,1
Private Method,"org.apache.pdfbox.multipdf.PDFMergerUtility.updatePageReferences(PDFCloneUtility,Map<Integer,COSObjectable>,Map<COSDictionary,COSDictionary>)",pdfbox/src/main/java/org/apache/pdfbox/multipdf/PDFMergerUtility.java,,,,,,,,,,,,,,,,,,,,,,,,,4,25,0,22,5,9,3,4,5,5,10,4,7,4,4,4,3,,,,,,2,,0,14,4,4,4,3
Private Method,"org.apache.pdfbox.multipdf.PDFMergerUtility.updateParentEntry(COSArray,COSDictionary,COSName)",pdfbox/src/main/java/org/apache/pdfbox/multipdf/PDFMergerUtility.java,,,,,,,,,,,,,,,,,,,,,,,,,6,23,0,16,3,7,7,3,4,6,10,4,7,4,4,4,1,,,,,,3,,0,44,4,4,4,1
Private Method,"org.apache.pdfbox.multipdf.PDFMergerUtility.updateStructParentEntries(PDPage,int)",pdfbox/src/main/java/org/apache/pdfbox/multipdf/PDFMergerUtility.java,,,,,,,,,,,,,,,,,,,,,,,,,4,26,0,20,5,12,6,7,2,9,12,5,11,2,2,2,1,,,,,,1,,0,30,4,4,4,2
Lambda Method,"org.apache.pdfbox.multipdf.PDFMergerUtility.updateStructParentEntries.(lambda_expr_1)(PDAnnotation (inferred))",pdfbox/src/main/java/org/apache/pdfbox/multipdf/PDFMergerUtility.java,,,,,,,,,,,,,,,,,,,,,,,,,2,9,0,9,1,5,0,4,2,3,4,1,4,2,2,2,1,,,,,,0,,0,00,2,2,2,1
Class,"org.apache.pdfbox.multipdf.PDFMergerUtilityTest",pdfbox/src/test/java/org/apache/pdfbox/multipdf/PDFMergerUtilityTest.java,2,2,2,1,28,2,21,4,1,40,0,,1,4,,,29,0,30,42,21,9,0,0,,946,96,691,176,455,159,,,385,477,160,413,,,,,14,14,14,4,1,6,0,0,23,63,63,63,33
Private Class,"org.apache.pdfbox.multipdf.PDFMergerUtilityTest.ElementCounter",pdfbox/src/test/java/org/apache/pdfbox/multipdf/PDFMergerUtilityTest.java,7,7,7,1,27,0,27,0,1,7,0,,0,0,,,1,2,1,13,1,0,0,0,,33,1,32,5,14,0,,,8,17,6,12,,,,,7,7,7,1,1,3,0,0,00,7,7,7,1
Method,"org.apache.pdfbox.multipdf.PDFMergerUtilityTest.ElementCounter.walk(COSBase)",pdfbox/src/test/java/org/apache/pdfbox/multipdf/PDFMergerUtilityTest.java,,,,,,,,,,,,,,,,,,,,,,,,,9,27,0,27,2,12,0,5,8,6,14,3,11,7,7,7,1,,,,,,3,,0,00,7,7,7,1
Private Method,"org.apache.pdfbox.multipdf.PDFMergerUtilityTest.checkElement(PDPageTree,COSBase)",pdfbox/src/test/java/org/apache/pdfbox/multipdf/PDFMergerUtilityTest.java,,,,,,,,,,,,,,,,,,,,,,,,,11,74,2,67,8,34,5,12,42,17,32,9,29,14,14,14,4,,,,,,6,,0,07,14,14,14,4
Private Method,"org.apache.pdfbox.multipdf.PDFMergerUtilityTest.checkForIDTreeOrphans(PDPageTree,PDStructureTreeRoot)",pdfbox/src/test/java/org/apache/pdfbox/multipdf/PDFMergerUtilityTest.java,,,,,,,,,,,,,,,,,,,,,,,,,4,21,0,21,4,9,0,10,6,5,11,4,9,5,5,5,1,,,,,,2,,0,00,5,5,5,1
Private Method,"org.apache.pdfbox.multipdf.PDFMergerUtilityTest.checkForPage(PDPageTree,PDStructureElement)",pdfbox/src/test/java/org/apache/pdfbox/multipdf/PDFMergerUtilityTest.java,,,,,,,,,,,,,,,,,,,,,,,,,4,8,0,8,2,3,0,3,2,2,4,2,3,2,2,2,1,,,,,,1,,0,00,2,2,2,1
Private Method,"org.apache.pdfbox.multipdf.PDFMergerUtilityTest.checkForPageOrphans(PDDocument)",pdfbox/src/test/java/org/apache/pdfbox/multipdf/PDFMergerUtilityTest.java,,,,,,,,,,,,,,,,,,,,,,,,,11,10,0,8,3,5,2,8,1,5,6,3,5,1,1,1,1,,,,,,0,,0,25,1,1,1,1
Private Method,"org.apache.pdfbox.multipdf.PDFMergerUtilityTest.checkImagesIdentical(BufferedImage,BufferedImage)",pdfbox/src/test/java/org/apache/pdfbox/multipdf/PDFMergerUtilityTest.java,,,,,,,,,,,,,,,,,,,,,,,,,3,14,0,14,3,7,0,4,3,9,12,5,9,3,3,3,1,,,,,,2,,0,00,3,3,3,1
Private Method,"org.apache.pdfbox.multipdf.PDFMergerUtilityTest.checkMergeIdentical(String,String,String,MemoryUsageSetting)",pdfbox/src/test/java/org/apache/pdfbox/multipdf/PDFMergerUtilityTest.java,,,,,,,,,,,,,,,,,,,,,,,,,10,55,3,52,15,29,0,11,16,33,41,17,31,5,5,5,1,,,,,,2,,0,00,5,5,5,1
Private Method,"org.apache.pdfbox.multipdf.PDFMergerUtilityTest.checkParts(File)",pdfbox/src/test/java/org/apache/pdfbox/multipdf/PDFMergerUtilityTest.java,,,,,,,,,,,,,,,,,,,,,,,,,8,23,0,18,5,11,5,12,2,11,14,6,12,2,2,2,1,,,,,,2,,0,28,2,2,2,1
Private Method,"org.apache.pdfbox.multipdf.PDFMergerUtilityTest.checkStructTreeRootCount(File)",pdfbox/src/test/java/org/apache/pdfbox/multipdf/PDFMergerUtilityTest.java,,,,,,,,,,,,,,,,,,,,,,,,,8,8,0,8,2,3,0,7,1,2,4,2,3,1,1,1,1,,,,,,1,,0,00,1,1,1,1
Method,"org.apache.pdfbox.multipdf.PDFMergerUtilityTest.checkWithNumberTree(PDDocument)",pdfbox/src/test/java/org/apache/pdfbox/multipdf/PDFMergerUtilityTest.java,,,,,,,,,,,,,,,,,,,,,,,,,9,46,1,38,6,19,7,15,35,8,21,10,16,9,9,9,1,,,,,,4,,0,18,9,9,9,1
Private Method,"org.apache.pdfbox.multipdf.PDFMergerUtilityTest.createSimpleFile(File)",pdfbox/src/test/java/org/apache/pdfbox/multipdf/PDFMergerUtilityTest.java,,,,,,,,,,,,,,,,,,,,,,,,,2,8,0,8,1,3,0,4,1,2,4,1,3,1,1,1,1,,,,,,1,,0,00,1,1,1,1
Static Method,"org.apache.pdfbox.multipdf.PDFMergerUtilityTest.setUp()",pdfbox/src/test/java/org/apache/pdfbox/multipdf/PDFMergerUtilityTest.java,,,,,,,,,,,,,,,,,,,,,,,,,1,5,0,5,2,1,0,2,1,1,2,1,1,1,1,1,1,,,,,,0,,0,00,1,1,1,1
Method,"org.apache.pdfbox.multipdf.PDFMergerUtilityTest.testFileDeletion()",pdfbox/src/test/java/org/apache/pdfbox/multipdf/PDFMergerUtilityTest.java,,,,,,,,,,,,,,,,,,,,,,,,,1,31,6,20,6,14,5,10,1,13,15,5,14,1,1,1,1,,,,,,1,,0,25,1,1,1,1
Method,"org.apache.pdfbox.multipdf.PDFMergerUtilityTest.testJpegCcitt()",pdfbox/src/test/java/org/apache/pdfbox/multipdf/PDFMergerUtilityTest.java,,,,,,,,,,,,,,,,,,,,,,,,,0,21,1,12,2,8,8,3,1,2,3,1,2,1,1,1,1,,,,,,0,,0,67,1,1,1,1
Method,"org.apache.pdfbox.multipdf.PDFMergerUtilityTest.testMergeBogusStructParents1()",pdfbox/src/test/java/org/apache/pdfbox/multipdf/PDFMergerUtilityTest.java,,,,,,,,,,,,,,,,,,,,,,,,,1,21,0,15,3,9,6,13,1,7,9,2,8,1,1,1,1,,,,,,1,,0,40,1,1,1,1
Method,"org.apache.pdfbox.multipdf.PDFMergerUtilityTest.testMergeBogusStructParents2()",pdfbox/src/test/java/org/apache/pdfbox/multipdf/PDFMergerUtilityTest.java,,,,,,,,,,,,,,,,,,,,,,,,,1,21,0,15,3,9,6,13,1,7,9,2,8,1,1,1,1,,,,,,1,,0,40,1,1,1,1
Method,"org.apache.pdfbox.multipdf.PDFMergerUtilityTest.testMissingParentTreeNextKey()",pdfbox/src/test/java/org/apache/pdfbox/multipdf/PDFMergerUtilityTest.java,,,,,,,,,,,,,,,,,,,,,,,,,3,23,0,15,5,11,8,13,1,11,12,4,11,1,1,1,1,,,,,,0,,0,53,1,1,1,1
Method,"org.apache.pdfbox.multipdf.PDFMergerUtilityTest.testPDFBox5198_2()",pdfbox/src/test/java/org/apache/pdfbox/multipdf/PDFMergerUtilityTest.java,,,,,,,,,,,,,,,,,,,,,,,,,2,16,1,10,3,6,5,8,1,6,7,2,6,1,1,1,1,,,,,,0,,0,50,1,1,1,1
Method,"org.apache.pdfbox.multipdf.PDFMergerUtilityTest.testPDFBox5198_3()",pdfbox/src/test/java/org/apache/pdfbox/multipdf/PDFMergerUtilityTest.java,,,,,,,,,,,,,,,,,,,,,,,,,2,17,1,11,3,7,5,8,1,7,8,2,7,1,1,1,1,,,,,,0,,0,45,1,1,1,1
Method,"org.apache.pdfbox.multipdf.PDFMergerUtilityTest.testPDFMergerOpenAction()",pdfbox/src/test/java/org/apache/pdfbox/multipdf/PDFMergerUtilityTest.java,,,,,,,,,,,,,,,,,,,,,,,,,1,42,3,34,5,23,5,21,1,20,24,4,22,1,1,1,1,,,,,,1,,0,15,1,1,1,1
Method,"org.apache.pdfbox.multipdf.PDFMergerUtilityTest.testPDFMergerUtility()",pdfbox/src/test/java/org/apache/pdfbox/multipdf/PDFMergerUtilityTest.java,,,,,,,,,,,,,,,,,,,,,,,,,0,24,1,12,2,8,11,3,1,2,3,1,2,1,1,1,1,,,,,,0,,0,92,1,1,1,1
Method,"org.apache.pdfbox.multipdf.PDFMergerUtilityTest.testPDFMergerUtility2()",pdfbox/src/test/java/org/apache/pdfbox/multipdf/PDFMergerUtilityTest.java,,,,,,,,,,,,,,,,,,,,,,,,,0,14,1,12,2,8,1,3,1,2,3,1,2,1,1,1,1,,,,,,0,,0,08,1,1,1,1
Method,"org.apache.pdfbox.multipdf.PDFMergerUtilityTest.testParentTree()",pdfbox/src/test/java/org/apache/pdfbox/multipdf/PDFMergerUtilityTest.java,,,,,,,,,,,,,,,,,,,,,,,,,1,22,0,16,5,10,6,13,1,8,10,4,9,1,1,1,1,,,,,,1,,0,38,1,1,1,1
Method,"org.apache.pdfbox.multipdf.PDFMergerUtilityTest.testStructureTreeMerge()",pdfbox/src/test/java/org/apache/pdfbox/multipdf/PDFMergerUtilityTest.java,,,,,,,,,,,,,,,,,,,,,,,,,4,39,5,27,12,23,7,14,1,20,21,8,19,1,1,1,1,,,,,,0,,0,26,1,1,1,1
Method,"org.apache.pdfbox.multipdf.PDFMergerUtilityTest.testStructureTreeMerge2()",pdfbox/src/test/java/org/apache/pdfbox/multipdf/PDFMergerUtilityTest.java,,,,,,,,,,,,,,,,,,,,,,,,,4,48,7,32,12,28,9,16,1,24,25,8,23,1,1,1,1,,,,,,0,,0,28,1,1,1,1
Method,"org.apache.pdfbox.multipdf.PDFMergerUtilityTest.testStructureTreeMerge3()",pdfbox/src/test/java/org/apache/pdfbox/multipdf/PDFMergerUtilityTest.java,,,,,,,,,,,,,,,,,,,,,,,,,4,38,5,26,8,22,7,16,1,22,23,7,21,1,1,1,1,,,,,,0,,0,27,1,1,1,1
Method,"org.apache.pdfbox.multipdf.PDFMergerUtilityTest.testStructureTreeMerge4()",pdfbox/src/test/java/org/apache/pdfbox/multipdf/PDFMergerUtilityTest.java,,,,,,,,,,,,,,,,,,,,,,,,,4,37,4,26,8,22,7,15,1,22,23,7,21,1,1,1,1,,,,,,0,,0,27,1,1,1,1
Method,"org.apache.pdfbox.multipdf.PDFMergerUtilityTest.testStructureTreeMerge5()",pdfbox/src/test/java/org/apache/pdfbox/multipdf/PDFMergerUtilityTest.java,,,,,,,,,,,,,,,,,,,,,,,,,4,36,5,24,8,20,7,15,1,20,21,7,19,1,1,1,1,,,,,,0,,0,29,1,1,1,1
Method,"org.apache.pdfbox.multipdf.PDFMergerUtilityTest.testStructureTreeMerge6()",pdfbox/src/test/java/org/apache/pdfbox/multipdf/PDFMergerUtilityTest.java,,,,,,,,,,,,,,,,,,,,,,,,,2,50,7,37,8,33,6,20,1,33,34,7,33,1,1,1,1,,,,,,0,,0,16,1,1,1,1
Method,"org.apache.pdfbox.multipdf.PDFMergerUtilityTest.testStructureTreeMerge7()",pdfbox/src/test/java/org/apache/pdfbox/multipdf/PDFMergerUtilityTest.java,,,,,,,,,,,,,,,,,,,,,,,,,2,41,6,30,8,26,5,21,1,26,27,7,26,1,1,1,1,,,,,,0,,0,17,1,1,1,1
Method,"org.apache.pdfbox.multipdf.PDFMergerUtilityTest.testStructureTreeMergeIDTree()",pdfbox/src/test/java/org/apache/pdfbox/multipdf/PDFMergerUtilityTest.java,,,,,,,,,,,,,,,,,,,,,,,,,2,44,5,30,11,26,9,17,1,26,27,10,26,1,1,1,1,,,,,,0,,0,30,1,1,1,1
Public Class,"org.apache.pdfbox.multipdf.PageExtractor",pdfbox/src/main/java/org/apache/pdfbox/multipdf/PageExtractor.java,1,1,1,1,12,0,6,5,1,9,0,,0,1,,,7,3,7,19,0,0,0,7,,107,12,52,15,22,44,,,23,33,16,21,,,,,3,3,4,1,1,2,42,0,85,9,9,10,7
Public Constructor,"org.apache.pdfbox.multipdf.PageExtractor.PageExtractor(PDDocument)",pdfbox/src/main/java/org/apache/pdfbox/multipdf/PageExtractor.java,,,,,,,,,,,,,,,,,,,,,,,,,2,9,0,5,1,2,4,4,1,2,3,1,2,1,1,1,1,,,,,,0,,0,80,1,1,1,1
Public Constructor,"org.apache.pdfbox.multipdf.PageExtractor.PageExtractor(PDDocument,int,int)",pdfbox/src/main/java/org/apache/pdfbox/multipdf/PageExtractor.java,,,,,,,,,,,,,,,,,,,,,,,,,4,12,0,6,1,3,6,4,1,3,4,1,3,1,1,1,1,,,,,,0,,1,00,1,1,1,1
Public Method,"org.apache.pdfbox.multipdf.PageExtractor.extract()",pdfbox/src/main/java/org/apache/pdfbox/multipdf/PageExtractor.java,,,,,,,,,,,,,,,,,,,,,,,,,6,32,2,18,4,11,13,14,3,10,13,5,11,3,3,4,1,,,,,,2,,0,72,3,3,4,1
Public Method,"org.apache.pdfbox.multipdf.PageExtractor.getEndPage()",pdfbox/src/main/java/org/apache/pdfbox/multipdf/PageExtractor.java,,,,,,,,,,,,,,,,,,,,,,,,,1,8,0,4,1,1,4,1,1,1,2,1,1,1,1,1,1,,,,,,0,,1,00,1,1,1,1
Public Method,"org.apache.pdfbox.multipdf.PageExtractor.getStartPage()",pdfbox/src/main/java/org/apache/pdfbox/multipdf/PageExtractor.java,,,,,,,,,,,,,,,,,,,,,,,,,1,8,0,4,1,1,4,1,1,1,2,1,1,1,1,1,1,,,,,,0,,1,00,1,1,1,1
Public Method,"org.apache.pdfbox.multipdf.PageExtractor.setEndPage(int)",pdfbox/src/main/java/org/apache/pdfbox/multipdf/PageExtractor.java,,,,,,,,,,,,,,,,,,,,,,,,,1,8,0,4,1,1,4,1,1,1,2,1,1,1,1,1,1,,,,,,0,,1,00,1,1,1,1
Public Method,"org.apache.pdfbox.multipdf.PageExtractor.setStartPage(int)",pdfbox/src/main/java/org/apache/pdfbox/multipdf/PageExtractor.java,,,,,,,,,,,,,,,,,,,,,,,,,1,8,0,4,1,1,4,1,1,1,2,1,1,1,1,1,1,,,,,,0,,1,00,1,1,1,1
Class,"org.apache.pdfbox.multipdf.PageExtractorTest",pdfbox/src/test/java/org/apache/pdfbox/multipdf/PageExtractorTest.java,2,2,2,1,28,2,24,2,1,6,0,,0,0,,,2,0,2,14,1,1,0,0,,71,6,51,7,31,14,,,26,32,6,27,,,,,3,3,3,1,1,2,0,0,27,4,4,4,2
Private Method,"org.apache.pdfbox.multipdf.PageExtractorTest.closeDoc(PDDocument)",pdfbox/src/test/java/org/apache/pdfbox/multipdf/PageExtractorTest.java,,,,,,,,,,,,,,,,,,,,,,,,,2,14,0,13,1,4,1,1,3,1,4,1,3,3,3,3,1,,,,,,2,,0,08,3,3,3,1
Method,"org.apache.pdfbox.multipdf.PageExtractorTest.testExtract()",pdfbox/src/test/java/org/apache/pdfbox/multipdf/PageExtractorTest.java,,,,,,,,,,,,,,,,,,,,,,,,,0,43,4,35,5,27,4,8,1,25,27,4,24,1,1,1,1,,,,,,1,,0,11,1,1,1,1
Public Class,"org.apache.pdfbox.multipdf.Splitter",pdfbox/src/main/java/org/apache/pdfbox/multipdf/Splitter.java,2,2,2,1,17,0,10,7,1,24,0,,0,1,,,14,8,14,26,0,3,5,6,,283,18,163,35,76,104,,,57,92,37,65,,,,,7,7,7,5,1,4,81,0,64,32,32,36,21
Protected Method,"org.apache.pdfbox.multipdf.Splitter.createNewDocument()",pdfbox/src/main/java/org/apache/pdfbox/multipdf/Splitter.java,,,,,,,,,,,,,,,,,,,,,,,,,5,44,0,36,7,23,9,22,8,14,21,7,19,7,7,7,5,,,,,,4,,0,25,7,7,7,5
Private Method,"org.apache.pdfbox.multipdf.Splitter.createNewDocumentIfNecessary()",pdfbox/src/main/java/org/apache/pdfbox/multipdf/Splitter.java,,,,,,,,,,,,,,,,,,,,,,,,,4,13,0,8,1,3,5,4,2,2,4,1,3,2,2,3,1,,,,,,1,,0,62,2,2,3,1
Protected Final Method,"org.apache.pdfbox.multipdf.Splitter.getDestinationDocument()",pdfbox/src/main/java/org/apache/pdfbox/multipdf/Splitter.java,,,,,,,,,,,,,,,,,,,,,,,,,2,9,0,4,1,1,5,1,1,1,2,1,1,1,1,1,1,,,,,,0,,1,25,1,1,1,1
Public Method,"org.apache.pdfbox.multipdf.Splitter.getMemoryUsageSetting()",pdfbox/src/main/java/org/apache/pdfbox/multipdf/Splitter.java,,,,,,,,,,,,,,,,,,,,,,,,,1,7,0,4,1,1,3,1,1,1,2,1,1,1,1,1,1,,,,,,0,,0,75,1,1,1,1
Protected Final Method,"org.apache.pdfbox.multipdf.Splitter.getSourceDocument()",pdfbox/src/main/java/org/apache/pdfbox/multipdf/Splitter.java,,,,,,,,,,,,,,,,,,,,,,,,,2,9,0,4,1,1,5,1,1,1,2,1,1,1,1,1,1,,,,,,0,,1,25,1,1,1,1
Private Method,"org.apache.pdfbox.multipdf.Splitter.processAnnotations(PDPage)",pdfbox/src/main/java/org/apache/pdfbox/multipdf/Splitter.java,,,,,,,,,,,,,,,,,,,,,,,,,2,24,0,22,5,11,2,6,6,7,13,6,10,5,5,6,1,,,,,,3,,0,09,5,5,6,1
Protected Method,"org.apache.pdfbox.multipdf.Splitter.processPage(PDPage)",pdfbox/src/main/java/org/apache/pdfbox/multipdf/Splitter.java,,,,,,,,,,,,,,,,,,,,,,,,,4,20,1,11,2,6,9,9,2,5,7,2,6,2,2,3,1,,,,,,1,,0,82,2,2,3,1
Private Method,"org.apache.pdfbox.multipdf.Splitter.processPages()",pdfbox/src/main/java/org/apache/pdfbox/multipdf/Splitter.java,,,,,,,,,,,,,,,,,,,,,,,,,5,27,0,22,1,9,5,3,4,4,9,2,7,4,4,5,4,,,,,,3,,0,23,4,4,5,4
Public Method,"org.apache.pdfbox.multipdf.Splitter.setEndPage(int)",pdfbox/src/main/java/org/apache/pdfbox/multipdf/Splitter.java,,,,,,,,,,,,,,,,,,,,,,,,,2,14,0,8,1,3,6,2,2,2,4,1,3,2,2,2,1,,,,,,1,,0,75,2,2,2,1
Public Method,"org.apache.pdfbox.multipdf.Splitter.setMemoryUsageSetting(MemoryUsageSetting)",pdfbox/src/main/java/org/apache/pdfbox/multipdf/Splitter.java,,,,,,,,,,,,,,,,,,,,,,,,,1,9,0,4,1,1,5,1,1,1,2,1,1,1,1,1,1,,,,,,0,,1,25,1,1,1,1
Public Method,"org.apache.pdfbox.multipdf.Splitter.setSplitAtPage(int)",pdfbox/src/main/java/org/apache/pdfbox/multipdf/Splitter.java,,,,,,,,,,,,,,,,,,,,,,,,,2,18,0,8,1,3,10,2,2,2,4,1,3,2,2,2,1,,,,,,1,,1,25,2,2,2,1
Public Method,"org.apache.pdfbox.multipdf.Splitter.setStartPage(int)",pdfbox/src/main/java/org/apache/pdfbox/multipdf/Splitter.java,,,,,,,,,,,,,,,,,,,,,,,,,2,14,0,8,1,3,6,2,2,2,4,1,3,2,2,2,1,,,,,,1,,0,75,2,2,2,1
Public Method,"org.apache.pdfbox.multipdf.Splitter.split(PDDocument)",pdfbox/src/main/java/org/apache/pdfbox/multipdf/Splitter.java,,,,,,,,,,,,,,,,,,,,,,,,,3,21,0,8,1,5,13,6,1,5,6,1,5,1,1,1,1,,,,,,0,,1,62,1,1,1,1
Protected Method,"org.apache.pdfbox.multipdf.Splitter.splitAtPage(int)",pdfbox/src/main/java/org/apache/pdfbox/multipdf/Splitter.java,,,,,,,,,,,,,,,,,,,,,,,,,4,19,0,4,1,1,15,2,1,1,2,1,1,1,1,1,1,,,,,,0,,3,75,1,1,1,1
Class,"org.apache.pdfbox.multipdf.TestLayerUtility",pdfbox/src/test/java/org/apache/pdfbox/multipdf/TestLayerUtility.java,1,1,1,1,36,2,30,3,1,28,0,,1,1,,,3,0,4,16,2,2,0,0,,157,14,125,38,89,19,,,72,87,35,77,,,,,3,3,3,1,1,3,0,0,15,7,7,7,4
Private Method,"org.apache.pdfbox.multipdf.TestLayerUtility.createMainPDF()",pdfbox/src/test/java/org/apache/pdfbox/multipdf/TestLayerUtility.java,,,,,,,,,,,,,,,,,,,,,,,,,6,50,2,45,8,33,3,17,4,23,29,8,25,3,3,3,1,,,,,,3,,0,07,3,3,3,1
Private Method,"org.apache.pdfbox.multipdf.TestLayerUtility.createOverlay1()",pdfbox/src/test/java/org/apache/pdfbox/multipdf/TestLayerUtility.java,,,,,,,,,,,,,,,,,,,,,,,,,5,41,1,36,11,27,5,25,2,24,28,11,25,2,2,2,1,,,,,,2,,0,14,2,2,2,1
Static Method,"org.apache.pdfbox.multipdf.TestLayerUtility.setUp()",pdfbox/src/test/java/org/apache/pdfbox/multipdf/TestLayerUtility.java,,,,,,,,,,,,,,,,,,,,,,,,,1,5,0,5,2,1,0,1,1,1,2,1,1,1,1,1,1,,,,,,0,,0,00,1,1,1,1
Method,"org.apache.pdfbox.multipdf.TestLayerUtility.testLayerImport()",pdfbox/src/test/java/org/apache/pdfbox/multipdf/TestLayerUtility.java,,,,,,,,,,,,,,,,,,,,,,,,,2,49,7,35,15,27,7,22,1,23,26,13,25,1,1,1,1,,,,,,1,,0,20,1,1,1,1
Package,"org.apache.pdfbox.pdfparser",pdfbox/src/main/java/org/apache/pdfbox/pdfparser/BaseParser.java,3,3,4,1,28,0,20,6,,,,18,4,58,15,,186,48,190,,23,65,51,51,,6677,417,4477,1006,2392,1798,,,1908,2625,989,1934,,,,,42,20,52,20,,8,,0,40,732,685,945,377
Public Abstract Class,"org.apache.pdfbox.pdfparser.BaseParser",pdfbox/src/main/java/org/apache/pdfbox/pdfparser/BaseParser.java,3,3,5,2,28,0,20,7,1,30,4,,2,27,,,39,3,41,53,1,11,29,0,,1282,75,853,143,490,355,,,324,460,142,373,,,,,33,16,37,11,1,5,74,0,42,161,136,244,83
Constructor,"org.apache.pdfbox.pdfparser.BaseParser.BaseParser(RandomAccessRead)",pdfbox/src/main/java/org/apache/pdfbox/pdfparser/BaseParser.java,,,,,,,,,,,,,,,,,,,,,,,,,7,7,0,4,1,1,3,2,1,1,2,1,1,1,1,1,1,,,,,,0,,0,75,1,1,1,1
Private Method,"org.apache.pdfbox.pdfparser.BaseParser.checkForEndOfString(int)",pdfbox/src/main/java/org/apache/pdfbox/pdfparser/BaseParser.java,,,,,,,,,,,,,,,,,,,,,,,,,5,41,1,19,4,10,21,3,6,6,10,4,7,4,4,9,1,,,,,,2,,1,11,4,4,9,1
Private Method,"org.apache.pdfbox.pdfparser.BaseParser.getObjectFromPool(COSObjectKey)",pdfbox/src/main/java/org/apache/pdfbox/pdfparser/BaseParser.java,,,,,,,,,,,,,,,,,,,,,,,,,5,10,0,10,1,5,0,4,2,2,4,1,3,2,2,2,1,,,,,,1,,0,00,2,2,2,1
Private Method,"org.apache.pdfbox.pdfparser.BaseParser.isCR(int)",pdfbox/src/main/java/org/apache/pdfbox/pdfparser/BaseParser.java,,,,,,,,,,,,,,,,,,,,,,,,,4,4,0,4,1,1,0,1,1,1,2,1,1,1,1,1,1,,,,,,0,,0,00,1,1,1,1
Protected Method,"org.apache.pdfbox.pdfparser.BaseParser.isClosing()",pdfbox/src/main/java/org/apache/pdfbox/pdfparser/BaseParser.java,,,,,,,,,,,,,,,,,,,,,,,,,1,11,0,4,1,1,7,3,1,1,2,1,1,1,1,1,1,,,,,,0,,1,75,1,1,1,1
Protected Method,"org.apache.pdfbox.pdfparser.BaseParser.isClosing(int)",pdfbox/src/main/java/org/apache/pdfbox/pdfparser/BaseParser.java,,,,,,,,,,,,,,,,,,,,,,,,,4,10,0,4,1,1,6,1,1,1,2,1,1,1,1,1,1,,,,,,0,,1,50,1,1,1,1
Protected Method,"org.apache.pdfbox.pdfparser.BaseParser.isDigit()",pdfbox/src/main/java/org/apache/pdfbox/pdfparser/BaseParser.java,,,,,,,,,,,,,,,,,,,,,,,,,9,11,0,4,1,1,7,3,1,1,2,1,1,1,1,1,1,,,,,,0,,1,75,1,1,1,1
Protected Static Method,"org.apache.pdfbox.pdfparser.BaseParser.isDigit(int)",pdfbox/src/main/java/org/apache/pdfbox/pdfparser/BaseParser.java,,,,,,,,,,,,,,,,,,,,,,,,,9,10,0,4,1,1,6,1,1,1,2,1,1,1,1,2,1,,,,,,0,,1,50,1,1,2,1
Protected Method,"org.apache.pdfbox.pdfparser.BaseParser.isEOF()",pdfbox/src/main/java/org/apache/pdfbox/pdfparser/BaseParser.java,,,,,,,,,,,,,,,,,,,,,,,,,3,10,0,4,1,1,6,2,1,1,2,1,1,1,1,1,1,,,,,,0,,1,50,1,1,1,1
Protected Method,"org.apache.pdfbox.pdfparser.BaseParser.isEOL()",pdfbox/src/main/java/org/apache/pdfbox/pdfparser/BaseParser.java,,,,,,,,,,,,,,,,,,,,,,,,,1,11,0,4,1,1,7,3,1,1,2,1,1,1,1,1,1,,,,,,0,,1,75,1,1,1,1
Protected Method,"org.apache.pdfbox.pdfparser.BaseParser.isEOL(int)",pdfbox/src/main/java/org/apache/pdfbox/pdfparser/BaseParser.java,,,,,,,,,,,,,,,,,,,,,,,,,5,10,0,4,1,1,6,3,1,1,2,1,1,1,1,2,1,,,,,,0,,1,50,1,1,2,1
Protected Method,"org.apache.pdfbox.pdfparser.BaseParser.isEndOfName(int)",pdfbox/src/main/java/org/apache/pdfbox/pdfparser/BaseParser.java,,,,,,,,,,,,,,,,,,,,,,,,,8,12,0,6,1,3,6,1,1,1,2,1,1,1,1,14,1,,,,,,0,,1,00,1,1,14,1
Private Static Method,"org.apache.pdfbox.pdfparser.BaseParser.isHexDigit(char)",pdfbox/src/main/java/org/apache/pdfbox/pdfparser/BaseParser.java,,,,,,,,,,,,,,,,,,,,,,,,,3,6,0,6,1,3,0,2,1,1,2,1,1,1,1,5,1,,,,,,0,,0,00,1,1,5,1
Private Method,"org.apache.pdfbox.pdfparser.BaseParser.isLF(int)",pdfbox/src/main/java/org/apache/pdfbox/pdfparser/BaseParser.java,,,,,,,,,,,,,,,,,,,,,,,,,4,4,0,4,1,1,0,1,1,1,2,1,1,1,1,1,1,,,,,,0,,0,00,1,1,1,1
Protected Method,"org.apache.pdfbox.pdfparser.BaseParser.isSpace()",pdfbox/src/main/java/org/apache/pdfbox/pdfparser/BaseParser.java,,,,,,,,,,,,,,,,,,,,,,,,,3,11,0,4,1,1,7,3,1,1,2,1,1,1,1,1,1,,,,,,0,,1,75,1,1,1,1
Protected Method,"org.apache.pdfbox.pdfparser.BaseParser.isSpace(int)",pdfbox/src/main/java/org/apache/pdfbox/pdfparser/BaseParser.java,,,,,,,,,,,,,,,,,,,,,,,,,3,10,0,4,1,1,6,1,1,1,2,1,1,1,1,1,1,,,,,,0,,1,50,1,1,1,1
Private Method,"org.apache.pdfbox.pdfparser.BaseParser.isValidUTF8(byte[])",pdfbox/src/main/java/org/apache/pdfbox/pdfparser/BaseParser.java,,,,,,,,,,,,,,,,,,,,,,,,,5,16,0,13,1,6,3,4,2,4,6,1,5,2,2,2,1,,,,,,1,,0,23,2,2,2,1
Protected Method,"org.apache.pdfbox.pdfparser.BaseParser.isWhitespace()",pdfbox/src/main/java/org/apache/pdfbox/pdfparser/BaseParser.java,,,,,,,,,,,,,,,,,,,,,,,,,4,11,0,4,1,1,7,3,1,1,2,1,1,1,1,1,1,,,,,,0,,1,75,1,1,1,1
Protected Method,"org.apache.pdfbox.pdfparser.BaseParser.isWhitespace(int)",pdfbox/src/main/java/org/apache/pdfbox/pdfparser/BaseParser.java,,,,,,,,,,,,,,,,,,,,,,,,,11,11,0,5,1,2,6,1,1,1,2,1,1,1,1,6,1,,,,,,0,,1,20,1,1,6,1
Protected Method,"org.apache.pdfbox.pdfparser.BaseParser.parseCOSArray()",pdfbox/src/main/java/org/apache/pdfbox/pdfparser/BaseParser.java,,,,,,,,,,,,,,,,,,,,,,,,,9,72,0,57,9,32,15,22,17,23,31,9,28,8,8,13,5,,,,,,4,,0,26,8,8,13,5
Protected Method,"org.apache.pdfbox.pdfparser.BaseParser.parseCOSDictionary(boolean)",pdfbox/src/main/java/org/apache/pdfbox/pdfparser/BaseParser.java,,,,,,,,,,,,,,,,,,,,,,,,,10,49,0,37,4,22,12,10,6,15,21,4,19,6,6,6,6,,,,,,3,,0,32,6,6,6,6
Private Method,"org.apache.pdfbox.pdfparser.BaseParser.parseCOSDictionaryNameValuePair(COSDictionary)",pdfbox/src/main/java/org/apache/pdfbox/pdfparser/BaseParser.java,,,,,,,,,,,,,,,,,,,,,,,,,4,26,0,25,3,14,1,11,6,10,14,3,13,4,4,6,1,,,,,,1,,0,04,4,4,6,1
Private Method,"org.apache.pdfbox.pdfparser.BaseParser.parseCOSDictionaryValue()",pdfbox/src/main/java/org/apache/pdfbox/pdfparser/BaseParser.java,,,,,,,,,,,,,,,,,,,,,,,,,4,47,0,37,7,24,10,11,6,19,25,7,24,6,6,7,6,,,,,,1,,0,27,6,6,7,6
Private Method,"org.apache.pdfbox.pdfparser.BaseParser.parseCOSHexString()",pdfbox/src/main/java/org/apache/pdfbox/pdfparser/BaseParser.java,,,,,,,,,,,,,,,,,,,,,,,,,2,66,3,44,3,23,19,10,9,12,20,3,19,9,9,15,6,,,,,,3,,0,43,9,9,15,6
Protected Method,"org.apache.pdfbox.pdfparser.BaseParser.parseCOSName()",pdfbox/src/main/java/org/apache/pdfbox/pdfparser/BaseParser.java,,,,,,,,,,,,,,,,,,,,,,,,,8,79,1,64,9,36,14,17,28,25,34,9,31,9,9,11,6,,,,,,4,,0,22,9,9,11,6
Private Method,"org.apache.pdfbox.pdfparser.BaseParser.parseCOSNumber()",pdfbox/src/main/java/org/apache/pdfbox/pdfparser/BaseParser.java,,,,,,,,,,,,,,,,,,,,,,,,,2,17,0,17,4,10,0,8,4,8,11,4,9,3,3,8,1,,,,,,1,,0,00,3,3,8,1
Protected Method,"org.apache.pdfbox.pdfparser.BaseParser.parseCOSString()",pdfbox/src/main/java/org/apache/pdfbox/pdfparser/BaseParser.java,,,,,,,,,,,,,,,,,,,,,,,,,7,159,5,141,11,96,14,17,173,55,71,11,65,33,16,37,1,,,,,,5,,0,10,33,16,37,1
Protected Method,"org.apache.pdfbox.pdfparser.BaseParser.parseDirObject()",pdfbox/src/main/java/org/apache/pdfbox/pdfparser/BaseParser.java,,,,,,,,,,,,,,,,,,,,,,,,,18,75,1,57,5,44,17,20,14,26,31,5,30,14,6,18,11,,,,,,2,,0,30,14,6,18,11
Protected Method,"org.apache.pdfbox.pdfparser.BaseParser.readExpectedChar(char)",pdfbox/src/main/java/org/apache/pdfbox/pdfparser/BaseParser.java,,,,,,,,,,,,,,,,,,,,,,,,,6,16,0,9,2,4,7,3,2,2,4,2,3,2,2,2,1,,,,,,1,,0,78,2,2,2,1
Protected Final Method,"org.apache.pdfbox.pdfparser.BaseParser.readExpectedString(char[],boolean)",pdfbox/src/main/java/org/apache/pdfbox/pdfparser/BaseParser.java,,,,,,,,,,,,,,,,,,,,,,,,,8,21,0,14,1,7,7,5,3,3,7,2,5,3,3,3,1,,,,,,2,,0,50,3,3,3,1
Protected Method,"org.apache.pdfbox.pdfparser.BaseParser.readGenerationNumber()",pdfbox/src/main/java/org/apache/pdfbox/pdfparser/BaseParser.java,,,,,,,,,,,,,,,,,,,,,,,,,9,15,0,9,2,4,6,3,2,3,5,2,4,2,2,3,1,,,,,,1,,0,67,2,2,3,1
Protected Method,"org.apache.pdfbox.pdfparser.BaseParser.readInt()",pdfbox/src/main/java/org/apache/pdfbox/pdfparser/BaseParser.java,,,,,,,,,,,,,,,,,,,,,,,,,6,27,2,18,3,11,7,9,2,7,9,3,7,2,2,2,1,,,,,,1,,0,39,2,2,2,1
Protected Method,"org.apache.pdfbox.pdfparser.BaseParser.readLine()",pdfbox/src/main/java/org/apache/pdfbox/pdfparser/BaseParser.java,,,,,,,,,,,,,,,,,,,,,,,,,8,35,2,22,3,10,11,11,12,7,12,3,10,5,5,6,3,,,,,,2,,0,50,5,5,6,3
Protected Method,"org.apache.pdfbox.pdfparser.BaseParser.readLong()",pdfbox/src/main/java/org/apache/pdfbox/pdfparser/BaseParser.java,,,,,,,,,,,,,,,,,,,,,,,,,8,26,2,17,3,10,7,9,2,7,9,3,7,2,2,2,1,,,,,,1,,0,41,2,2,2,1
Protected Method,"org.apache.pdfbox.pdfparser.BaseParser.readObjectNumber()",pdfbox/src/main/java/org/apache/pdfbox/pdfparser/BaseParser.java,,,,,,,,,,,,,,,,,,,,,,,,,13,17,0,9,2,4,8,3,2,3,5,2,4,2,2,3,1,,,,,,1,,0,89,2,2,3,1
Protected Method,"org.apache.pdfbox.pdfparser.BaseParser.readString()",pdfbox/src/main/java/org/apache/pdfbox/pdfparser/BaseParser.java,,,,,,,,,,,,,,,,,,,,,,,,,12,23,0,16,3,9,7,8,4,7,10,3,9,3,3,4,1,,,,,,1,,0,44,3,3,4,1
Protected Method,"org.apache.pdfbox.pdfparser.BaseParser.readString(int)",pdfbox/src/main/java/org/apache/pdfbox/pdfparser/BaseParser.java,,,,,,,,,,,,,,,,,,,,,,,,,2,33,2,20,3,13,11,10,4,7,10,3,9,3,3,10,1,,,,,,1,,0,55,3,3,10,1
Protected Final Method,"org.apache.pdfbox.pdfparser.BaseParser.readStringNumber()",pdfbox/src/main/java/org/apache/pdfbox/pdfparser/BaseParser.java,,,,,,,,,,,,,,,,,,,,,,,,,4,26,0,19,3,9,7,8,6,6,10,3,8,4,4,5,1,,,,,,2,,0,37,4,4,5,1
Private Method,"org.apache.pdfbox.pdfparser.BaseParser.readUntilEndOfCOSDictionary()",pdfbox/src/main/java/org/apache/pdfbox/pdfparser/BaseParser.java,,,,,,,,,,,,,,,,,,,,,,,,,13,46,0,34,6,19,12,3,11,11,18,4,17,7,7,18,7,,,,,,5,,0,35,7,7,18,7
Protected Method,"org.apache.pdfbox.pdfparser.BaseParser.skipSpaces()",pdfbox/src/main/java/org/apache/pdfbox/pdfparser/BaseParser.java,,,,,,,,,,,,,,,,,,,,,,,,,25,30,0,23,2,10,7,4,8,5,10,2,9,5,5,7,1,,,,,,3,,0,30,5,5,7,1
Protected Method,"org.apache.pdfbox.pdfparser.BaseParser.skipWhiteSpaces()",pdfbox/src/main/java/org/apache/pdfbox/pdfparser/BaseParser.java,,,,,,,,,,,,,,,,,,,,,,,,,6,33,3,20,2,9,10,2,8,5,10,2,9,5,5,5,1,,,,,,2,,0,50,5,5,5,1
Public Class,"org.apache.pdfbox.pdfparser.BruteForceParser",pdfbox/src/main/java/org/apache/pdfbox/pdfparser/BruteForceParser.java,5,5,7,2,43,0,34,9,1,29,0,,0,8,,,17,1,17,112,0,12,4,1,,793,31,592,124,364,176,,,264,363,127,295,,,,,13,13,20,6,3,8,70,0,30,102,102,134,44
Public Constructor,"org.apache.pdfbox.pdfparser.BruteForceParser.BruteForceParser(RandomAccessRead,COSDocument)",pdfbox/src/main/java/org/apache/pdfbox/pdfparser/BruteForceParser.java,,,,,,,,,,,,,,,,,,,,,,,,,3,13,0,6,1,3,7,4,1,3,4,1,3,1,1,1,1,,,,,,0,,1,17,1,1,1,1
Private Method,"org.apache.pdfbox.pdfparser.BruteForceParser.bfSearchForLastEOFMarker()",pdfbox/src/main/java/org/apache/pdfbox/pdfparser/BruteForceParser.java,,,,,,,,,,,,,,,,,,,,,,,,,8,42,0,32,4,19,10,9,8,13,18,4,16,5,5,5,1,,,,,,3,,0,31,5,5,5,1
Private Method,"org.apache.pdfbox.pdfparser.BruteForceParser.bfSearchForObjStreamOffsets()",pdfbox/src/main/java/org/apache/pdfbox/pdfparser/BruteForceParser.java,,,,,,,,,,,,,,,,,,,,,,,,,6,74,0,65,14,42,9,17,11,35,45,15,37,10,10,12,6,,,,,,8,,0,14,10,10,12,6
Protected Method,"org.apache.pdfbox.pdfparser.BruteForceParser.bfSearchForObjStreams(XrefTrailerResolver,SecurityHandler<? extends ProtectionPolicy>)",pdfbox/src/main/java/org/apache/pdfbox/pdfparser/BruteForceParser.java,,,,,,,,,,,,,,,,,,,,,,,,,15,80,2,64,16,42,20,27,23,25,35,16,31,8,8,10,1,,,,,,4,,0,31,12,12,14,5
Lambda Method,"org.apache.pdfbox.pdfparser.BruteForceParser.bfSearchForObjStreams.(lambda_expr_1)(Entry (inferred))",pdfbox/src/main/java/org/apache/pdfbox/pdfparser/BruteForceParser.java,,,,,,,,,,,,,,,,,,,,,,,,,2,1,0,1,0,1,0,3,1,0,0,0,0,1,1,1,1,,,,,,0,,0,00,1,1,1,1
Lambda Method,"org.apache.pdfbox.pdfparser.BruteForceParser.bfSearchForObjStreams.(lambda_expr_2)(Entry (inferred))",pdfbox/src/main/java/org/apache/pdfbox/pdfparser/BruteForceParser.java,,,,,,,,,,,,,,,,,,,,,,,,,2,2,0,2,0,2,0,5,1,0,0,0,0,1,1,1,1,,,,,,0,,0,00,1,1,1,1
Lambda Method,"org.apache.pdfbox.pdfparser.BruteForceParser.bfSearchForObjStreams.(lambda_expr_3)(Entry (inferred))",pdfbox/src/main/java/org/apache/pdfbox/pdfparser/BruteForceParser.java,,,,,,,,,,,,,,,,,,,,,,,,,2,1,0,1,0,1,0,3,1,0,0,0,0,1,1,1,1,,,,,,0,,0,00,1,1,1,1
Lambda Method,"org.apache.pdfbox.pdfparser.BruteForceParser.bfSearchForObjStreams.(lambda_expr_4)(Entry (inferred))",pdfbox/src/main/java/org/apache/pdfbox/pdfparser/BruteForceParser.java,,,,,,,,,,,,,,,,,,,,,,,,,2,1,0,1,0,1,0,5,1,0,0,0,0,1,1,1,1,,,,,,0,,0,00,1,1,1,1
Private Method,"org.apache.pdfbox.pdfparser.BruteForceParser.bfSearchForObjects()",pdfbox/src/main/java/org/apache/pdfbox/pdfparser/BruteForceParser.java,,,,,,,,,,,,,,,,,,,,,,,,,9,91,0,78,15,52,13,15,36,38,50,15,42,13,13,20,1,,,,,,6,,0,17,13,13,20,1
Private Method,"org.apache.pdfbox.pdfparser.BruteForceParser.bfSearchForTrailer(COSDictionary)",pdfbox/src/main/java/org/apache/pdfbox/pdfparser/BruteForceParser.java,,,,,,,,,,,,,,,,,,,,,,,,,11,76,0,64,12,37,12,14,92,24,36,12,33,12,12,16,4,,,,,,5,,0,19,12,12,16,4
Protected Method,"org.apache.pdfbox.pdfparser.BruteForceParser.bfSearchForXRef(long)",pdfbox/src/main/java/org/apache/pdfbox/pdfparser/BruteForceParser.java,,,,,,,,,,,,,,,,,,,,,,,,,2,51,4,34,8,21,13,6,5,16,21,8,17,5,5,6,1,,,,,,2,,0,38,5,5,6,1
Private Method,"org.apache.pdfbox.pdfparser.BruteForceParser.bfSearchForXRefStreams()",pdfbox/src/main/java/org/apache/pdfbox/pdfparser/BruteForceParser.java,,,,,,,,,,,,,,,,,,,,,,,,,5,75,0,66,11,41,9,14,21,33,44,13,35,11,11,13,6,,,,,,8,,0,14,11,11,13,6
Private Method,"org.apache.pdfbox.pdfparser.BruteForceParser.bfSearchForXRefTables()",pdfbox/src/main/java/org/apache/pdfbox/pdfparser/BruteForceParser.java,,,,,,,,,,,,,,,,,,,,,,,,,4,25,0,17,3,10,8,6,3,8,11,3,10,3,3,3,1,,,,,,2,,0,47,3,3,3,1
Private Method,"org.apache.pdfbox.pdfparser.BruteForceParser.compareCOSObjects(COSObject,Long,COSObject)",pdfbox/src/main/java/org/apache/pdfbox/pdfparser/BruteForceParser.java,,,,,,,,,,,,,,,,,,,,,,,,,5,19,0,17,5,9,2,6,3,6,9,4,8,5,5,7,3,,,,,,2,,0,12,5,5,7,3
Private Method,"org.apache.pdfbox.pdfparser.BruteForceParser.findString(char[])",pdfbox/src/main/java/org/apache/pdfbox/pdfparser/BruteForceParser.java,,,,,,,,,,,,,,,,,,,,,,,,,8,39,0,30,5,17,9,3,7,12,18,5,14,6,6,6,5,,,,,,3,,0,30,6,6,6,5
Protected Method,"org.apache.pdfbox.pdfparser.BruteForceParser.getBFCOSObjectOffsets()",pdfbox/src/main/java/org/apache/pdfbox/pdfparser/BruteForceParser.java,,,,,,,,,,,,,,,,,,,,,,,,,4,9,0,4,1,1,5,1,1,1,2,1,1,1,1,1,1,,,,,,0,,1,25,1,1,1,1
Private Method,"org.apache.pdfbox.pdfparser.BruteForceParser.isCatalog(COSDictionary)",pdfbox/src/main/java/org/apache/pdfbox/pdfparser/BruteForceParser.java,,,,,,,,,,,,,,,,,,,,,,,,,6,11,0,5,1,2,6,4,1,1,2,1,1,1,1,2,1,,,,,,0,,1,20,1,1,2,1
Private Method,"org.apache.pdfbox.pdfparser.BruteForceParser.isInfo(COSDictionary)",pdfbox/src/main/java/org/apache/pdfbox/pdfparser/BruteForceParser.java,,,,,,,,,,,,,,,,,,,,,,,,,14,25,0,19,1,12,6,2,3,3,6,1,5,3,3,12,3,,,,,,1,,0,32,3,3,12,3
Protected Method,"org.apache.pdfbox.pdfparser.BruteForceParser.rebuildTrailer(XrefTrailerResolver,SecurityHandler<? extends ProtectionPolicy>)",pdfbox/src/main/java/org/apache/pdfbox/pdfparser/BruteForceParser.java,,,,,,,,,,,,,,,,,,,,,,,,,8,41,0,24,4,16,17,12,4,14,17,3,15,3,3,4,1,,,,,,1,,0,71,3,3,4,1
Private Method,"org.apache.pdfbox.pdfparser.BruteForceParser.searchForTrailerItems(COSDictionary)",pdfbox/src/main/java/org/apache/pdfbox/pdfparser/BruteForceParser.java,,,,,,,,,,,,,,,,,,,,,,,,,6,44,1,33,7,18,10,10,28,12,20,8,15,7,7,7,3,,,,,,2,,0,30,7,7,7,3
Private Method,"org.apache.pdfbox.pdfparser.BruteForceParser.searchNearestValue(List<Long>,long)",pdfbox/src/main/java/org/apache/pdfbox/pdfparser/BruteForceParser.java,,,,,,,,,,,,,,,,,,,,,,,,,3,24,0,22,6,13,2,5,6,11,15,7,10,4,4,5,1,,,,,,2,,0,09,4,4,5,1
Public Class,"org.apache.pdfbox.pdfparser.COSParser",pdfbox/src/main/java/org/apache/pdfbox/pdfparser/COSParser.java,5,5,5,2,39,1,29,9,2,54,3,,0,17,,,42,16,42,95,0,21,15,6,,1819,109,1273,202,706,441,,,468,686,196,569,,,,,17,17,19,13,2,6,93,0,35,217,217,246,112
Public Constructor,"org.apache.pdfbox.pdfparser.COSParser.COSParser(RandomAccessRead)",pdfbox/src/main/java/org/apache/pdfbox/pdfparser/COSParser.java,,,,,,,,,,,,,,,,,,,,,,,,,3,10,0,5,1,2,5,4,1,2,3,1,2,1,1,1,1,,,,,,0,,1,00,1,1,1,1
Public Constructor,"org.apache.pdfbox.pdfparser.COSParser.COSParser(RandomAccessRead,String,InputStream,String)",pdfbox/src/main/java/org/apache/pdfbox/pdfparser/COSParser.java,,,,,,,,,,,,,,,,,,,,,,,,,5,18,0,9,2,5,9,7,1,5,6,1,5,1,1,1,1,,,,,,0,,1,00,1,1,1,1
Private Method,"org.apache.pdfbox.pdfparser.COSParser.calculateXRefFixedOffset(long)",pdfbox/src/main/java/org/apache/pdfbox/pdfparser/COSParser.java,,,,,,,,,,,,,,,,,,,,,,,,,3,25,0,16,2,9,9,5,3,7,10,2,9,3,3,3,3,,,,,,1,,0,56,3,3,3,3
Protected Method,"org.apache.pdfbox.pdfparser.COSParser.checkPages(COSDictionary)",pdfbox/src/main/java/org/apache/pdfbox/pdfparser/COSParser.java,,,,,,,,,,,,,,,,,,,,,,,,,4,22,0,15,2,6,7,4,6,3,7,2,6,4,4,4,1,,,,,,2,,0,47,4,4,4,1
Private Method,"org.apache.pdfbox.pdfparser.COSParser.checkPagesDictionary(COSDictionary,Set<COSObject>)",pdfbox/src/main/java/org/apache/pdfbox/pdfparser/COSParser.java,,,,,,,,,,,,,,,,,,,,,,,,,10,45,0,40,8,23,5,12,12,16,25,9,20,8,8,10,4,,,,,,4,,0,12,8,8,10,4
Private Method,"org.apache.pdfbox.pdfparser.COSParser.checkXRefOffset(long)",pdfbox/src/main/java/org/apache/pdfbox/pdfparser/COSParser.java,,,,,,,,,,,,,,,,,,,,,,,,,5,34,0,25,1,12,9,6,5,7,12,1,11,5,5,5,5,,,,,,2,,0,36,5,5,5,5
Private Method,"org.apache.pdfbox.pdfparser.COSParser.checkXRefStreamOffset(long)",pdfbox/src/main/java/org/apache/pdfbox/pdfparser/COSParser.java,,,,,,,,,,,,,,,,,,,,,,,,,8,47,0,34,3,19,13,13,6,13,19,3,18,6,6,7,6,,,,,,4,,0,38,6,6,7,6
Private Method,"org.apache.pdfbox.pdfparser.COSParser.checkXrefOffsets()",pdfbox/src/main/java/org/apache/pdfbox/pdfparser/COSParser.java,,,,,,,,,,,,,,,,,,,,,,,,,3,20,0,15,4,8,5,8,3,5,8,3,7,3,3,3,1,,,,,,2,,0,33,3,3,3,1
Public Method,"org.apache.pdfbox.pdfparser.COSParser.createRandomAccessReadView(long,long)",pdfbox/src/main/java/org/apache/pdfbox/pdfparser/COSParser.java,,,,,,,,,,,,,,,,,,,,,,,,,3,6,0,6,3,1,0,2,1,1,2,1,1,1,1,1,1,,,,,,0,,0,00,1,1,1,1
Public Method,"org.apache.pdfbox.pdfparser.COSParser.dereferenceCOSObject(COSObject)",pdfbox/src/main/java/org/apache/pdfbox/pdfparser/COSParser.java,,,,,,,,,,,,,,,,,,,,,,,,,2,11,0,11,4,5,0,5,2,4,6,3,5,2,2,2,1,,,,,,1,,0,00,2,2,2,1
Private Method,"org.apache.pdfbox.pdfparser.COSParser.findObjectKey(COSObjectKey,long,Map<COSObjectKey,Long>)",pdfbox/src/main/java/org/apache/pdfbox/pdfparser/COSParser.java,,,,,,,,,,,,,,,,,,,,,,,,,10,93,1,72,9,42,22,16,39,25,37,8,36,12,12,15,11,,,,,,5,,0,31,12,12,15,11
Protected Method,"org.apache.pdfbox.pdfparser.COSParser.getAccessPermission()",pdfbox/src/main/java/org/apache/pdfbox/pdfparser/COSParser.java,,,,,,,,,,,,,,,,,,,,,,,,,3,16,0,9,1,4,7,2,2,2,4,1,3,2,2,2,1,,,,,,1,,0,78,2,2,2,1
Private Method,"org.apache.pdfbox.pdfparser.COSParser.getBruteForceParser()",pdfbox/src/main/java/org/apache/pdfbox/pdfparser/COSParser.java,,,,,,,,,,,,,,,,,,,,,,,,,7,9,0,9,1,4,0,6,2,3,5,1,4,2,2,2,1,,,,,,1,,0,00,2,2,2,1
Protected Method,"org.apache.pdfbox.pdfparser.COSParser.getEncryption()",pdfbox/src/main/java/org/apache/pdfbox/pdfparser/COSParser.java,,,,,,,,,,,,,,,,,,,,,,,,,3,16,0,9,1,4,7,2,2,2,4,1,3,2,2,2,1,,,,,,1,,0,78,2,2,2,1
Private Method,"org.apache.pdfbox.pdfparser.COSParser.getLength(COSBase)",pdfbox/src/main/java/org/apache/pdfbox/pdfparser/COSParser.java,,,,,,,,,,,,,,,,,,,,,,,,,4,39,0,34,3,19,5,8,9,10,17,3,15,7,7,7,6,,,,,,2,,0,15,7,7,7,6
Private Method,"org.apache.pdfbox.pdfparser.COSParser.getObjectOffset(COSObjectKey,boolean)",pdfbox/src/main/java/org/apache/pdfbox/pdfparser/COSParser.java,,,,,,,,,,,,,,,,,,,,,,,,,6,26,2,21,3,11,3,10,6,6,10,2,9,4,4,7,1,,,,,,2,,0,14,4,4,7,1
Private Method,"org.apache.pdfbox.pdfparser.COSParser.getStartxrefOffset()",pdfbox/src/main/java/org/apache/pdfbox/pdfparser/COSParser.java,,,,,,,,,,,,,,,,,,,,,,,,,9,64,0,51,7,27,13,7,18,19,26,7,20,7,7,7,1,,,,,,3,,0,25,7,7,7,1
Public Method,"org.apache.pdfbox.pdfparser.COSParser.isLenient()",pdfbox/src/main/java/org/apache/pdfbox/pdfparser/COSParser.java,,,,,,,,,,,,,,,,,,,,,,,,,3,9,0,4,1,1,5,1,1,1,2,1,1,1,1,1,1,,,,,,0,,1,25,1,1,1,1
Private Method,"org.apache.pdfbox.pdfparser.COSParser.isString(byte[])",pdfbox/src/main/java/org/apache/pdfbox/pdfparser/COSParser.java,,,,,,,,,,,,,,,,,,,,,,,,,3,22,0,15,3,8,7,4,3,6,10,4,7,3,3,3,3,,,,,,2,,0,47,3,3,3,3
Protected Method,"org.apache.pdfbox.pdfparser.COSParser.isString(char[])",pdfbox/src/main/java/org/apache/pdfbox/pdfparser/COSParser.java,,,,,,,,,,,,,,,,,,,,,,,,,8,22,0,15,3,8,7,4,3,6,10,4,7,3,3,3,3,,,,,,2,,0,47,3,3,3,3
Protected Method,"org.apache.pdfbox.pdfparser.COSParser.lastIndexOf(char[],byte[],int)",pdfbox/src/main/java/org/apache/pdfbox/pdfparser/COSParser.java,,,,,,,,,,,,,,,,,,,,,,,,,6,38,2,24,5,13,12,1,5,9,14,5,9,5,5,5,4,,,,,,3,,0,50,5,5,5,4
Protected Method,"org.apache.pdfbox.pdfparser.COSParser.parseCOSStream(COSDictionary)",pdfbox/src/main/java/org/apache/pdfbox/pdfparser/COSParser.java,,,,,,,,,,,,,,,,,,,,,,,,,14,74,4,49,5,29,21,20,24,17,24,5,22,7,7,11,1,,,,,,2,,0,43,7,7,11,1
Protected Method,"org.apache.pdfbox.pdfparser.COSParser.parseFDFHeader()",pdfbox/src/main/java/org/apache/pdfbox/pdfparser/COSParser.java,,,,,,,,,,,,,,,,,,,,,,,,,4,10,0,4,1,1,6,2,1,1,2,1,1,1,1,1,1,,,,,,0,,1,50,1,1,1,1
Private Method,"org.apache.pdfbox.pdfparser.COSParser.parseFileObject(Long,COSObjectKey)",pdfbox/src/main/java/org/apache/pdfbox/pdfparser/COSParser.java,,,,,,,,,,,,,,,,,,,,,,,,,13,85,7,69,7,41,9,24,132,22,33,6,32,11,11,13,1,,,,,,3,,0,13,11,11,13,1
Private Method,"org.apache.pdfbox.pdfparser.COSParser.parseHeader(String,String)",pdfbox/src/main/java/org/apache/pdfbox/pdfparser/COSParser.java,,,,,,,,,,,,,,,,,,,,,,,,,11,82,4,67,6,36,11,19,220,22,34,6,32,12,12,14,4,,,,,,3,,0,16,12,12,14,4
Protected Method,"org.apache.pdfbox.pdfparser.COSParser.parseObjectDynamically(COSObjectKey,boolean)",pdfbox/src/main/java/org/apache/pdfbox/pdfparser/COSParser.java,,,,,,,,,,,,,,,,,,,,,,,,,4,45,1,27,5,13,17,8,7,8,13,4,11,5,5,6,1,,,,,,2,,0,63,5,5,6,1
Protected Method,"org.apache.pdfbox.pdfparser.COSParser.parseObjectStreamObject(long,COSObjectKey)",pdfbox/src/main/java/org/apache/pdfbox/pdfparser/COSParser.java,,,,,,,,,,,,,,,,,,,,,,,,,10,54,0,45,9,24,9,14,7,12,20,8,18,7,7,7,1,,,,,,4,,0,20,8,8,8,2
Lambda Method,"org.apache.pdfbox.pdfparser.COSParser.parseObjectStreamObject.(lambda_expr_1)(Long (inferred))",pdfbox/src/main/java/org/apache/pdfbox/pdfparser/COSParser.java,,,,,,,,,,,,,,,,,,,,,,,,,0,1,0,1,0,1,0,2,1,0,0,0,0,1,1,1,1,,,,,,0,,0,00,1,1,1,1
Protected Method,"org.apache.pdfbox.pdfparser.COSParser.parsePDFHeader()",pdfbox/src/main/java/org/apache/pdfbox/pdfparser/COSParser.java,,,,,,,,,,,,,,,,,,,,,,,,,3,10,0,4,1,1,6,2,1,1,2,1,1,1,1,1,1,,,,,,0,,1,50,1,1,1,1
Private Method,"org.apache.pdfbox.pdfparser.COSParser.parseStartXref()",pdfbox/src/main/java/org/apache/pdfbox/pdfparser/COSParser.java,,,,,,,,,,,,,,,,,,,,,,,,,2,18,0,11,2,6,7,5,2,5,7,2,5,2,2,2,1,,,,,,1,,0,64,2,2,2,1
Private Method,"org.apache.pdfbox.pdfparser.COSParser.parseTrailer()",pdfbox/src/main/java/org/apache/pdfbox/pdfparser/COSParser.java,,,,,,,,,,,,,,,,,,,,,,,,,5,63,3,41,7,24,19,14,16,16,23,7,22,7,7,8,4,,,,,,3,,0,46,7,7,8,4
Private Method,"org.apache.pdfbox.pdfparser.COSParser.parseXref(long)",pdfbox/src/main/java/org/apache/pdfbox/pdfparser/COSParser.java,,,,,,,,,,,,,,,,,,,,,,,,,14,131,2,105,9,64,26,40,556,42,57,8,54,16,16,19,1,,,,,,6,,0,25,16,16,19,1
Private Method,"org.apache.pdfbox.pdfparser.COSParser.parseXrefObjStream(long,boolean)",pdfbox/src/main/java/org/apache/pdfbox/pdfparser/COSParser.java,,,,,,,,,,,,,,,,,,,,,,,,,5,20,2,12,2,7,6,8,1,6,8,2,7,1,1,1,1,,,,,,1,,0,50,1,1,1,1
Private Method,"org.apache.pdfbox.pdfparser.COSParser.parseXrefStream(COSStream,long,boolean)",pdfbox/src/main/java/org/apache/pdfbox/pdfparser/COSParser.java,,,,,,,,,,,,,,,,,,,,,,,,,7,20,0,10,2,5,10,4,2,4,6,2,5,2,2,2,1,,,,,,1,,1,00,2,2,2,1
Protected Method,"org.apache.pdfbox.pdfparser.COSParser.parseXrefTable(long)",pdfbox/src/main/java/org/apache/pdfbox/pdfparser/COSParser.java,,,,,,,,,,,,,,,,,,,,,,,,,9,121,6,99,11,57,16,22,89,41,58,12,54,17,17,18,13,,,,,,5,,0,16,17,17,18,13
Protected Method,"org.apache.pdfbox.pdfparser.COSParser.prepareDecryption()",pdfbox/src/main/java/org/apache/pdfbox/pdfparser/COSParser.java,,,,,,,,,,,,,,,,,,,,,,,,,10,55,2,47,4,25,6,18,10,15,21,4,19,7,7,7,3,,,,,,2,,0,13,7,7,7,3
Private Method,"org.apache.pdfbox.pdfparser.COSParser.readUntilEndStream(EndstreamFilterStream)",pdfbox/src/main/java/org/apache/pdfbox/pdfparser/COSParser.java,,,,,,,,,,,,,,,,,,,,,,,,,10,107,8,63,10,34,36,7,53,26,36,11,26,12,12,16,8,,,,,,4,,0,57,12,12,16,8
Protected Method,"org.apache.pdfbox.pdfparser.COSParser.resetTrailerResolver()",pdfbox/src/main/java/org/apache/pdfbox/pdfparser/COSParser.java,,,,,,,,,,,,,,,,,,,,,,,,,1,10,0,4,1,1,6,1,1,1,2,1,1,1,1,1,1,,,,,,0,,1,50,1,1,1,1
Protected Method,"org.apache.pdfbox.pdfparser.COSParser.retrieveTrailer()",pdfbox/src/main/java/org/apache/pdfbox/pdfparser/COSParser.java,,,,,,,,,,,,,,,,,,,,,,,,,7,61,0,51,4,26,10,13,48,15,23,4,20,8,8,9,1,,,,,,2,,0,20,8,8,9,1
Public Method,"org.apache.pdfbox.pdfparser.COSParser.setEOFLookupRange(int)",pdfbox/src/main/java/org/apache/pdfbox/pdfparser/COSParser.java,,,,,,,,,,,,,,,,,,,,,,,,,3,22,0,7,1,2,15,1,2,1,3,1,2,2,2,2,1,,,,,,1,,2,14,2,2,2,1
Protected Method,"org.apache.pdfbox.pdfparser.COSParser.setLenient(boolean)",pdfbox/src/main/java/org/apache/pdfbox/pdfparser/COSParser.java,,,,,,,,,,,,,,,,,,,,,,,,,3,16,0,8,1,3,8,2,2,2,4,1,3,2,2,2,1,,,,,,1,,1,00,2,2,2,1
Private Method,"org.apache.pdfbox.pdfparser.COSParser.validateStreamLength(long)",pdfbox/src/main/java/org/apache/pdfbox/pdfparser/COSParser.java,,,,,,,,,,,,,,,,,,,,,,,,,6,27,0,27,4,18,0,6,3,11,14,4,11,3,3,3,1,,,,,,2,,0,00,3,3,3,1
Private Method,"org.apache.pdfbox.pdfparser.COSParser.validateXrefOffsets(Map<COSObjectKey,Long>)",pdfbox/src/main/java/org/apache/pdfbox/pdfparser/COSParser.java,,,,,,,,,,,,,,,,,,,,,,,,,5,51,0,46,7,27,5,13,14,15,25,9,22,8,8,9,5,,,,,,3,,0,11,10,10,11,7
Lambda Method,"org.apache.pdfbox.pdfparser.COSParser.validateXrefOffsets.(lambda_expr_1)(Entry (inferred))",pdfbox/src/main/java/org/apache/pdfbox/pdfparser/COSParser.java,,,,,,,,,,,,,,,,,,,,,,,,,2,1,0,1,0,1,0,3,1,0,0,0,0,1,1,1,1,,,,,,0,,0,00,1,1,1,1
Lambda Method,"org.apache.pdfbox.pdfparser.COSParser.validateXrefOffsets.(lambda_expr_2)(Entry (inferred))",pdfbox/src/main/java/org/apache/pdfbox/pdfparser/COSParser.java,,,,,,,,,,,,,,,,,,,,,,,,,2,1,0,1,0,1,0,4,1,0,0,0,0,1,1,1,1,,,,,,0,,0,00,1,1,1,1
Class,"org.apache.pdfbox.pdfparser.EndstreamFilterStream",pdfbox/src/main/java/org/apache/pdfbox/pdfparser/EndstreamFilterStream.java,7,7,11,4,43,0,31,12,1,0,0,,0,0,,,2,5,2,14,0,0,0,2,,105,3,71,8,38,31,,,28,43,9,34,,,,,12,12,19,7,1,4,9,0,44,14,14,22,8
Public Method,"org.apache.pdfbox.pdfparser.EndstreamFilterStream.calculateLength()",pdfbox/src/main/java/org/apache/pdfbox/pdfparser/EndstreamFilterStream.java,,,,,,,,,,,,,,,,,,,,,,,,,5,17,0,11,1,6,6,5,2,5,7,1,6,2,2,3,1,,,,,,1,,0,55,2,2,3,1
Public Method,"org.apache.pdfbox.pdfparser.EndstreamFilterStream.filter(byte[],int,int)",pdfbox/src/main/java/org/apache/pdfbox/pdfparser/EndstreamFilterStream.java,,,,,,,,,,,,,,,,,,,,,,,,,9,70,0,52,1,27,18,5,88,18,30,2,28,12,12,19,7,,,,,,4,,0,35,12,12,19,7
Class,"org.apache.pdfbox.pdfparser.EndstreamFilterStreamTest",pdfbox/src/test/java/org/apache/pdfbox/pdfparser/EndstreamFilterStreamTest.java,1,1,1,1,43,2,38,4,1,18,0,,0,0,,,2,0,2,14,2,0,0,0,,95,6,80,37,65,12,,,62,67,35,42,,,,,1,1,1,1,1,2,0,0,15,2,2,2,2
Method,"org.apache.pdfbox.pdfparser.EndstreamFilterStreamTest.testEndstreamFilterStream()",pdfbox/src/test/java/org/apache/pdfbox/pdfparser/EndstreamFilterStreamTest.java,,,,,,,,,,,,,,,,,,,,,,,,,1,57,4,53,25,49,3,3,1,49,50,24,27,1,1,1,1,,,,,,0,,0,06,1,1,1,1
Method,"org.apache.pdfbox.pdfparser.EndstreamFilterStreamTest.testPDFBox2079EmbeddedFile()",pdfbox/src/test/java/org/apache/pdfbox/pdfparser/EndstreamFilterStreamTest.java,,,,,,,,,,,,,,,,,,,,,,,,,0,30,1,24,11,16,5,18,1,13,16,10,15,1,1,1,1,,,,,,2,,0,21,1,1,1,1
Public Class,"org.apache.pdfbox.pdfparser.FDFParser",pdfbox/src/main/java/org/apache/pdfbox/pdfparser/FDFParser.java,2,2,2,1,19,0,13,5,1,14,0,,0,1,,,4,0,4,99,0,2,0,2,,84,5,58,10,27,21,,,18,29,10,23,,,,,3,3,4,1,3,2,0,0,36,9,9,10,4
Public Constructor,"org.apache.pdfbox.pdfparser.FDFParser.FDFParser(RandomAccessRead)",pdfbox/src/main/java/org/apache/pdfbox/pdfparser/FDFParser.java,,,,,,,,,,,,,,,,,,,,,,,,,3,12,0,5,1,2,7,3,1,2,3,1,2,1,1,1,1,,,,,,0,,1,40,1,1,1,1
Private Method,"org.apache.pdfbox.pdfparser.FDFParser.init()",pdfbox/src/main/java/org/apache/pdfbox/pdfparser/FDFParser.java,,,,,,,,,,,,,,,,,,,,,,,,,3,17,0,17,2,8,0,6,3,4,7,2,6,3,3,3,1,,,,,,2,,0,00,3,3,3,1
Private Method,"org.apache.pdfbox.pdfparser.FDFParser.initialParse()",pdfbox/src/main/java/org/apache/pdfbox/pdfparser/FDFParser.java,,,,,,,,,,,,,,,,,,,,,,,,,2,18,1,10,3,5,7,4,2,4,6,3,5,2,2,2,1,,,,,,1,,0,70,2,2,2,1
Public Method,"org.apache.pdfbox.pdfparser.FDFParser.parse()",pdfbox/src/main/java/org/apache/pdfbox/pdfparser/FDFParser.java,,,,,,,,,,,,,,,,,,,,,,,,,3,29,0,22,2,11,7,7,2,7,11,2,9,3,3,4,1,,,,,,2,,0,32,3,3,4,1
Public Class,"org.apache.pdfbox.pdfparser.PDFObjectStreamParser",pdfbox/src/main/java/org/apache/pdfbox/pdfparser/PDFObjectStreamParser.java,3,3,4,1,28,0,21,6,1,13,0,,0,0,,,6,2,6,59,0,2,0,4,,186,6,136,26,71,44,,,56,82,29,68,,,,,5,5,7,3,2,3,33,0,32,21,21,24,10
Public Constructor,"org.apache.pdfbox.pdfparser.PDFObjectStreamParser.PDFObjectStreamParser(COSStream,COSDocument)",pdfbox/src/main/java/org/apache/pdfbox/pdfparser/PDFObjectStreamParser.java,,,,,,,,,,,,,,,,,,,,,,,,,10,32,0,23,1,12,9,8,16,8,13,1,12,5,5,5,1,,,,,,1,,0,39,5,5,5,1
Public Method,"org.apache.pdfbox.pdfparser.PDFObjectStreamParser.parseAllObjects()",pdfbox/src/main/java/org/apache/pdfbox/pdfparser/PDFObjectStreamParser.java,,,,,,,,,,,,,,,,,,,,,,,,,4,41,0,34,6,19,7,13,10,13,20,7,18,5,5,7,1,,,,,,3,,0,21,5,5,7,1
Public Method,"org.apache.pdfbox.pdfparser.PDFObjectStreamParser.parseObject(long)",pdfbox/src/main/java/org/apache/pdfbox/pdfparser/PDFObjectStreamParser.java,,,,,,,,,,,,,,,,,,,,,,,,,4,38,0,28,4,15,10,9,5,10,15,4,13,4,4,5,1,,,,,,3,,0,36,4,4,5,1
Private Method,"org.apache.pdfbox.pdfparser.PDFObjectStreamParser.privateReadObjectNumbers()",pdfbox/src/main/java/org/apache/pdfbox/pdfparser/PDFObjectStreamParser.java,,,,,,,,,,,,,,,,,,,,,,,,,5,18,0,16,5,9,2,6,3,9,12,6,10,3,3,3,3,,,,,,2,,0,12,3,3,3,3
Private Method,"org.apache.pdfbox.pdfparser.PDFObjectStreamParser.privateReadObjectOffsets()",pdfbox/src/main/java/org/apache/pdfbox/pdfparser/PDFObjectStreamParser.java,,,,,,,,,,,,,,,,,,,,,,,,,4,20,0,16,5,9,4,6,3,9,12,6,10,3,3,3,3,,,,,,2,,0,25,3,3,3,3
Public Method,"org.apache.pdfbox.pdfparser.PDFObjectStreamParser.readObjectNumbers()",pdfbox/src/main/java/org/apache/pdfbox/pdfparser/PDFObjectStreamParser.java,,,,,,,,,,,,,,,,,,,,,,,,,3,20,0,14,2,7,6,4,1,5,7,2,5,1,1,1,1,,,,,,1,,0,43,1,1,1,1
Class,"org.apache.pdfbox.pdfparser.PDFObjectStreamParserTest",pdfbox/src/test/java/org/apache/pdfbox/pdfparser/PDFObjectStreamParserTest.java,1,1,1,1,17,0,17,0,1,11,0,,0,0,,,2,0,2,14,2,0,0,0,,42,2,37,13,26,3,,,26,29,11,26,,,,,1,1,1,1,1,0,0,0,08,2,2,2,2
Method,"org.apache.pdfbox.pdfparser.PDFObjectStreamParserTest.testOffsetParsing()",pdfbox/src/test/java/org/apache/pdfbox/pdfparser/PDFObjectStreamParserTest.java,,,,,,,,,,,,,,,,,,,,,,,,,5,19,0,19,6,15,0,13,1,15,16,5,15,1,1,1,1,,,,,,0,,0,00,1,1,1,1
Method,"org.apache.pdfbox.pdfparser.PDFObjectStreamParserTest.testParseAllObjects()",pdfbox/src/test/java/org/apache/pdfbox/pdfparser/PDFObjectStreamParserTest.java,,,,,,,,,,,,,,,,,,,,,,,,,5,15,0,15,6,11,0,12,1,11,12,5,11,1,1,1,1,,,,,,0,,0,00,1,1,1,1
Public Class,"org.apache.pdfbox.pdfparser.PDFParser",pdfbox/src/main/java/org/apache/pdfbox/pdfparser/PDFParser.java,1,1,1,1,17,0,8,8,1,19,1,,2,1,,,9,0,11,106,0,1,2,8,,211,14,102,22,42,95,,,31,51,18,38,,,,,4,4,6,1,3,2,0,0,93,18,18,21,11
Public Constructor,"org.apache.pdfbox.pdfparser.PDFParser.PDFParser(RandomAccessRead)",pdfbox/src/main/java/org/apache/pdfbox/pdfparser/PDFParser.java,,,,,,,,,,,,,,,,,,,,,,,,,3,11,0,4,1,1,7,2,1,1,2,1,1,1,1,1,1,,,,,,0,,1,75,1,1,1,1
Public Constructor,"org.apache.pdfbox.pdfparser.PDFParser.PDFParser(RandomAccessRead,String)",pdfbox/src/main/java/org/apache/pdfbox/pdfparser/PDFParser.java,,,,,,,,,,,,,,,,,,,,,,,,,4,12,0,4,1,1,8,2,1,1,2,1,1,1,1,1,1,,,,,,0,,2,00,1,1,1,1
Public Constructor,"org.apache.pdfbox.pdfparser.PDFParser.PDFParser(RandomAccessRead,String,InputStream,String)",pdfbox/src/main/java/org/apache/pdfbox/pdfparser/PDFParser.java,,,,,,,,,,,,,,,,,,,,,,,,,5,16,0,5,2,1,11,2,1,1,2,1,1,1,1,1,1,,,,,,0,,2,20,1,1,1,1
Public Constructor,"org.apache.pdfbox.pdfparser.PDFParser.PDFParser(RandomAccessRead,String,InputStream,String,MemoryUsageSetting)",pdfbox/src/main/java/org/apache/pdfbox/pdfparser/PDFParser.java,,,,,,,,,,,,,,,,,,,,,,,,,9,17,0,6,2,2,11,3,1,2,3,1,2,1,1,1,1,,,,,,0,,1,83,1,1,1,1
Protected Method,"org.apache.pdfbox.pdfparser.PDFParser.createDocument()",pdfbox/src/main/java/org/apache/pdfbox/pdfparser/PDFParser.java,,,,,,,,,,,,,,,,,,,,,,,,,3,10,0,4,1,1,6,3,1,1,2,1,1,1,1,1,1,,,,,,0,,1,50,1,1,1,1
Private Method,"org.apache.pdfbox.pdfparser.PDFParser.init(MemoryUsageSetting)",pdfbox/src/main/java/org/apache/pdfbox/pdfparser/PDFParser.java,,,,,,,,,,,,,,,,,,,,,,,,,4,17,0,17,2,8,0,6,3,4,7,2,6,3,3,3,1,,,,,,2,,0,00,3,3,3,1
Protected Method,"org.apache.pdfbox.pdfparser.PDFParser.initialParse()",pdfbox/src/main/java/org/apache/pdfbox/pdfparser/PDFParser.java,,,,,,,,,,,,,,,,,,,,,,,,,6,27,1,16,3,9,10,9,4,7,10,3,9,3,3,4,1,,,,,,1,,0,62,3,3,4,1
Public Static Method,"org.apache.pdfbox.pdfparser.PDFParser.load(File)",pdfbox/src/main/java/org/apache/pdfbox/pdfparser/PDFParser.java,,,,,,,,,,,,,,,,,,,,,,,,,1,17,0,5,2,1,12,2,1,1,2,1,1,1,1,1,1,,,,,,0,,2,40,1,1,1,1
Public Static Method,"org.apache.pdfbox.pdfparser.PDFParser.load(File,String)",pdfbox/src/main/java/org/apache/pdfbox/pdfparser/PDFParser.java,,,,,,,,,,,,,,,,,,,,,,,,,2,18,0,5,2,1,13,2,1,1,2,1,1,1,1,1,1,,,,,,0,,2,60,1,1,1,1
Public Method,"org.apache.pdfbox.pdfparser.PDFParser.parse()",pdfbox/src/main/java/org/apache/pdfbox/pdfparser/PDFParser.java,,,,,,,,,,,,,,,,,,,,,,,,,4,11,0,4,1,1,7,2,1,1,2,1,1,1,1,1,1,,,,,,0,,1,75,1,1,1,1
Public Method,"org.apache.pdfbox.pdfparser.PDFParser.parse(boolean)",pdfbox/src/main/java/org/apache/pdfbox/pdfparser/PDFParser.java,,,,,,,,,,,,,,,,,,,,,,,,,6,39,1,28,3,15,10,11,4,10,15,3,13,4,4,6,1,,,,,,2,,0,36,4,4,6,1
Public Class,"org.apache.pdfbox.pdfparser.PDFStreamParser",pdfbox/src/main/java/org/apache/pdfbox/pdfparser/PDFStreamParser.java,7,5,13,3,44,1,33,10,1,22,0,,0,2,,,8,1,8,61,0,4,0,4,,381,21,272,41,172,89,,,96,138,41,118,,,,,42,20,52,20,2,4,87,0,33,63,41,106,30
Public Constructor,"org.apache.pdfbox.pdfparser.PDFStreamParser.PDFStreamParser(PDContentStream)",pdfbox/src/main/java/org/apache/pdfbox/pdfparser/PDFStreamParser.java,,,,,,,,,,,,,,,,,,,,,,,,,15,10,0,4,1,1,6,3,1,1,2,1,1,1,1,1,1,,,,,,0,,1,50,1,1,1,1
Public Constructor,"org.apache.pdfbox.pdfparser.PDFStreamParser.PDFStreamParser(byte[])",pdfbox/src/main/java/org/apache/pdfbox/pdfparser/PDFStreamParser.java,,,,,,,,,,,,,,,,,,,,,,,,,6,10,0,4,1,1,6,3,1,1,2,1,1,1,1,1,1,,,,,,0,,1,50,1,1,1,1
Private Method,"org.apache.pdfbox.pdfparser.PDFStreamParser.hasNextSpaceOrReturn()",pdfbox/src/main/java/org/apache/pdfbox/pdfparser/PDFStreamParser.java,,,,,,,,,,,,,,,,,,,,,,,,,2,10,0,4,1,1,6,3,1,1,2,1,1,1,1,1,1,,,,,,0,,1,50,1,1,1,1
Private Method,"org.apache.pdfbox.pdfparser.PDFStreamParser.hasNoFollowingBinData()",pdfbox/src/main/java/org/apache/pdfbox/pdfparser/PDFStreamParser.java,,,,,,,,,,,,,,,,,,,,,,,,,5,72,3,54,7,29,15,7,212,18,30,8,24,12,12,33,4,,,,,,3,,0,28,12,12,33,4
Private Method,"org.apache.pdfbox.pdfparser.PDFStreamParser.isSpaceOrReturn(int)",pdfbox/src/main/java/org/apache/pdfbox/pdfparser/PDFStreamParser.java,,,,,,,,,,,,,,,,,,,,,,,,,2,4,0,4,1,1,0,1,1,1,2,1,1,1,1,3,1,,,,,,0,,0,00,1,1,3,1
Public Method,"org.apache.pdfbox.pdfparser.PDFStreamParser.parse()",pdfbox/src/main/java/org/apache/pdfbox/pdfparser/PDFStreamParser.java,,,,,,,,,,,,,,,,,,,,,,,,,10,16,0,10,3,4,6,4,2,4,6,3,4,2,2,2,1,,,,,,1,,0,60,2,2,2,1
Public Method,"org.apache.pdfbox.pdfparser.PDFStreamParser.parseNextToken()",pdfbox/src/main/java/org/apache/pdfbox/pdfparser/PDFStreamParser.java,,,,,,,,,,,,,,,,,,,,,,,,,18,197,7,159,19,112,31,38,42,58,78,18,74,42,20,52,20,,,,,,4,,0,19,42,20,52,20
Private Method,"org.apache.pdfbox.pdfparser.PDFStreamParser.readOperator()",pdfbox/src/main/java/org/apache/pdfbox/pdfparser/PDFStreamParser.java,,,,,,,,,,,,,,,,,,,,,,,,,2,38,1,27,4,20,11,9,3,9,12,4,11,3,3,13,1,,,,,,2,,0,41,3,3,13,1
Class,"org.apache.pdfbox.pdfparser.PDFStreamParserTest",pdfbox/src/test/java/org/apache/pdfbox/pdfparser/PDFStreamParserTest.java,1,1,1,1,20,2,15,2,1,7,0,,0,0,,,4,0,4,16,1,3,0,0,,99,16,66,9,50,17,,,50,55,8,50,,,,,1,1,1,1,1,0,0,0,26,4,4,4,4
Private Method,"org.apache.pdfbox.pdfparser.PDFStreamParserTest.parseTokenString(String)",pdfbox/src/test/java/org/apache/pdfbox/pdfparser/PDFStreamParserTest.java,,,,,,,,,,,,,,,,,,,,,,,,,3,5,0,5,2,2,0,4,1,2,3,2,2,1,1,1,1,,,,,,0,,0,00,1,1,1,1
Private Method,"org.apache.pdfbox.pdfparser.PDFStreamParserTest.testInlineImage1op(String,String)",pdfbox/src/test/java/org/apache/pdfbox/pdfparser/PDFStreamParserTest.java,,,,,,,,,,,,,,,,,,,,,,,,,5,10,2,8,2,5,0,9,1,5,6,2,5,1,1,1,1,,,,,,0,,0,00,1,1,1,1
Private Method,"org.apache.pdfbox.pdfparser.PDFStreamParserTest.testInlineImage2ops(String,String,String)",pdfbox/src/test/java/org/apache/pdfbox/pdfparser/PDFStreamParserTest.java,,,,,,,,,,,,,,,,,,,,,,,,,6,12,3,9,2,6,0,9,1,6,7,2,6,1,1,1,1,,,,,,0,,0,00,1,1,1,1
Method,"org.apache.pdfbox.pdfparser.PDFStreamParserTest.testInlineImages()",pdfbox/src/test/java/org/apache/pdfbox/pdfparser/PDFStreamParserTest.java,,,,,,,,,,,,,,,,,,,,,,,,,0,56,6,41,2,37,9,2,1,37,38,1,37,1,1,1,1,,,,,,0,,0,22,1,1,1,1
Public Class,"org.apache.pdfbox.pdfparser.PDFXRefStream",pdfbox/src/main/java/org/apache/pdfbox/pdfparser/PDFXRefStream.java,2,2,3,1,21,0,16,4,1,22,0,,0,0,,,9,4,9,21,0,4,0,5,,215,20,156,28,86,39,,,72,107,37,80,,,,,7,7,9,4,1,2,75,0,25,28,28,34,13
Public Constructor,"org.apache.pdfbox.pdfparser.PDFXRefStream.PDFXRefStream(COSDocument)",pdfbox/src/main/java/org/apache/pdfbox/pdfparser/PDFXRefStream.java,,,,,,,,,,,,,,,,,,,,,,,,,2,9,0,4,1,1,5,3,1,1,2,1,1,1,1,1,1,,,,,,0,,1,25,1,1,1,1
Public Method,"org.apache.pdfbox.pdfparser.PDFXRefStream.addEntry(XReferenceEntry)",pdfbox/src/main/java/org/apache/pdfbox/pdfparser/PDFXRefStream.java,,,,,,,,,,,,,,,,,,,,,,,,,3,14,0,9,1,4,5,5,2,3,5,1,4,2,2,2,1,,,,,,1,,0,56,2,2,2,1
Public Method,"org.apache.pdfbox.pdfparser.PDFXRefStream.addTrailerInfo(COSDictionary)",pdfbox/src/main/java/org/apache/pdfbox/pdfparser/PDFXRefStream.java,,,,,,,,,,,,,,,,,,,,,,,,,3,16,0,11,1,5,5,1,1,2,4,1,3,1,1,1,1,,,,,,1,,0,45,3,3,7,2
Lambda Method,"org.apache.pdfbox.pdfparser.PDFXRefStream.addTrailerInfo.(lambda_expr_1)(COSName (inferred),COSBase (inferred))",pdfbox/src/main/java/org/apache/pdfbox/pdfparser/PDFXRefStream.java,,,,,,,,,,,,,,,,,,,,,,,,,8,8,0,8,0,4,0,3,2,1,2,0,2,2,2,6,1,,,,,,0,,0,00,2,2,6,1
Private Method,"org.apache.pdfbox.pdfparser.PDFXRefStream.getIndexEntry()",pdfbox/src/main/java/org/apache/pdfbox/pdfparser/PDFXRefStream.java,,,,,,,,,,,,,,,,,,,,,,,,,2,33,1,31,5,20,1,6,9,16,22,6,18,5,5,5,1,,,,,,2,,0,03,5,5,5,1
Public Method,"org.apache.pdfbox.pdfparser.PDFXRefStream.getStream()",pdfbox/src/main/java/org/apache/pdfbox/pdfparser/PDFXRefStream.java,,,,,,,,,,,,,,,,,,,,,,,,,13,55,4,43,7,26,8,18,40,19,30,10,26,7,7,9,4,,,,,,2,,0,19,7,7,9,4
Private Method,"org.apache.pdfbox.pdfparser.PDFXRefStream.getWEntry()",pdfbox/src/main/java/org/apache/pdfbox/pdfparser/PDFXRefStream.java,,,,,,,,,,,,,,,,,,,,,,,,,3,26,0,20,3,11,6,5,6,10,15,5,10,4,4,4,1,,,,,,2,,0,30,4,4,4,1
Public Method,"org.apache.pdfbox.pdfparser.PDFXRefStream.setSize(long)",pdfbox/src/main/java/org/apache/pdfbox/pdfparser/PDFXRefStream.java,,,,,,,,,,,,,,,,,,,,,,,,,2,9,0,4,1,1,5,1,1,1,2,1,1,1,1,1,1,,,,,,0,,1,25,1,1,1,1
Private Method,"org.apache.pdfbox.pdfparser.PDFXRefStream.writeNumber(OutputStream,long,int)",pdfbox/src/main/java/org/apache/pdfbox/pdfparser/PDFXRefStream.java,,,,,,,,,,,,,,,,,,,,,,,,,4,14,1,13,2,6,0,1,4,8,11,4,7,3,3,3,1,,,,,,1,,0,00,3,3,3,1
Private Method,"org.apache.pdfbox.pdfparser.PDFXRefStream.writeStreamData(OutputStream,int[])",pdfbox/src/main/java/org/apache/pdfbox/pdfparser/PDFXRefStream.java,,,,,,,,,,,,,,,,,,,,,,,,,5,15,0,14,2,9,1,8,2,8,11,3,8,2,2,2,1,,,,,,1,,0,07,2,2,2,1
Public Class,"org.apache.pdfbox.pdfparser.PDFXrefStreamParser",pdfbox/src/main/java/org/apache/pdfbox/pdfparser/PDFXrefStreamParser.java,3,3,4,1,23,0,18,4,1,13,0,,0,0,,,5,2,5,58,0,3,0,2,,199,11,158,35,83,30,,,67,95,34,72,,,,,7,7,10,3,2,2,50,0,19,19,19,23,7
Private Static Class,"org.apache.pdfbox.pdfparser.PDFXrefStreamParser.ObjectNumbers",pdfbox/src/main/java/org/apache/pdfbox/pdfparser/PDFXrefStreamParser.java,3,3,3,1,17,0,17,0,2,7,0,,0,0,,,3,6,3,15,0,1,0,2,,63,3,60,17,32,0,,,28,38,15,27,,,,,5,5,5,3,1,2,27,0,00,9,9,9,5
Private Constructor,"org.apache.pdfbox.pdfparser.PDFXrefStreamParser.ObjectNumbers.ObjectNumbers(COSArray)",pdfbox/src/main/java/org/apache/pdfbox/pdfparser/PDFXrefStreamParser.java,,,,,,,,,,,,,,,,,,,,,,,,,5,31,0,31,6,20,0,12,9,16,21,6,19,5,5,5,3,,,,,,2,,0,00,5,5,5,3
Public Method,"org.apache.pdfbox.pdfparser.PDFXrefStreamParser.ObjectNumbers.hasNext()",pdfbox/src/main/java/org/apache/pdfbox/pdfparser/PDFXrefStreamParser.java,,,,,,,,,,,,,,,,,,,,,,,,,3,5,0,5,2,1,0,1,1,1,2,1,1,1,1,1,1,,,,,,0,,0,00,1,1,1,1
Public Method,"org.apache.pdfbox.pdfparser.PDFXrefStreamParser.ObjectNumbers.next()",pdfbox/src/main/java/org/apache/pdfbox/pdfparser/PDFXrefStreamParser.java,,,,,,,,,,,,,,,,,,,,,,,,,7,15,0,15,2,7,0,5,4,5,8,1,7,3,3,3,1,,,,,,1,,0,00,3,3,3,1
Public Constructor,"org.apache.pdfbox.pdfparser.PDFXrefStreamParser.PDFXrefStreamParser(COSStream,COSDocument)",pdfbox/src/main/java/org/apache/pdfbox/pdfparser/PDFXrefStreamParser.java,,,,,,,,,,,,,,,,,,,,,,,,,4,23,0,15,2,7,8,6,2,5,7,1,6,2,2,2,1,,,,,,1,,0,53,2,2,2,1
Private Method,"org.apache.pdfbox.pdfparser.PDFXrefStreamParser.close()",pdfbox/src/main/java/org/apache/pdfbox/pdfparser/PDFXrefStreamParser.java,,,,,,,,,,,,,,,,,,,,,,,,,3,9,0,9,1,4,0,3,2,3,5,1,4,2,2,2,1,,,,,,1,,0,00,2,2,2,1
Private Method,"org.apache.pdfbox.pdfparser.PDFXrefStreamParser.initParserValues(COSStream)",pdfbox/src/main/java/org/apache/pdfbox/pdfparser/PDFXrefStreamParser.java,,,,,,,,,,,,,,,,,,,,,,,,,7,37,1,34,3,19,2,12,64,13,20,4,18,7,7,10,1,,,,,,1,,0,06,7,7,10,1
Public Method,"org.apache.pdfbox.pdfparser.PDFXrefStreamParser.parse(XrefTrailerResolver)",pdfbox/src/main/java/org/apache/pdfbox/pdfparser/PDFXrefStreamParser.java,,,,,,,,,,,,,,,,,,,,,,,,,5,40,0,26,7,15,14,8,5,11,15,7,13,6,6,7,3,,,,,,2,,0,54,6,6,7,3
Private Method,"org.apache.pdfbox.pdfparser.PDFXrefStreamParser.parseValue(byte[],int,int)",pdfbox/src/main/java/org/apache/pdfbox/pdfparser/PDFXrefStreamParser.java,,,,,,,,,,,,,,,,,,,,,,,,,4,9,0,9,2,4,0,1,2,5,7,3,4,2,2,2,1,,,,,,1,,0,00,2,2,2,1
Class,"org.apache.pdfbox.pdfparser.TestPDFParser",pdfbox/src/test/java/org/apache/pdfbox/pdfparser/TestPDFParser.java,1,1,1,1,17,0,12,4,1,18,0,,0,1,,,17,0,17,29,17,0,0,0,,316,19,222,42,93,75,,,54,92,26,73,,,,,4,4,5,4,1,4,0,0,34,28,28,29,20
Method,"org.apache.pdfbox.pdfparser.TestPDFParser.testPDFBox3208()",pdfbox/src/test/java/org/apache/pdfbox/pdfparser/TestPDFParser.java,,,,,,,,,,,,,,,,,,,,,,,,,1,24,0,17,3,11,7,13,1,9,11,2,10,1,1,1,1,,,,,,1,,0,41,1,1,1,1
Method,"org.apache.pdfbox.pdfparser.TestPDFParser.testPDFBox3783()",pdfbox/src/test/java/org/apache/pdfbox/pdfparser/TestPDFParser.java,,,,,,,,,,,,,,,,,,,,,,,,,1,18,1,14,2,6,3,4,2,2,4,1,3,2,2,2,1,,,,,,1,,0,21,2,2,2,1
Method,"org.apache.pdfbox.pdfparser.TestPDFParser.testPDFBox3785()",pdfbox/src/test/java/org/apache/pdfbox/pdfparser/TestPDFParser.java,,,,,,,,,,,,,,,,,,,,,,,,,1,14,0,8,2,2,6,4,1,1,3,1,2,1,1,1,1,,,,,,1,,0,75,1,1,1,1
Method,"org.apache.pdfbox.pdfparser.TestPDFParser.testPDFBox3940()",pdfbox/src/test/java/org/apache/pdfbox/pdfparser/TestPDFParser.java,,,,,,,,,,,,,,,,,,,,,,,,,1,21,0,15,3,9,6,12,1,8,10,2,9,1,1,1,1,,,,,,1,,0,40,1,1,1,1
Method,"org.apache.pdfbox.pdfparser.TestPDFParser.testPDFBox3947()",pdfbox/src/test/java/org/apache/pdfbox/pdfparser/TestPDFParser.java,,,,,,,,,,,,,,,,,,,,,,,,,1,15,0,12,2,4,3,4,2,2,4,1,3,2,2,2,1,,,,,,1,,0,25,2,2,2,1
Method,"org.apache.pdfbox.pdfparser.TestPDFParser.testPDFBox3948()",pdfbox/src/test/java/org/apache/pdfbox/pdfparser/TestPDFParser.java,,,,,,,,,,,,,,,,,,,,,,,,,1,17,0,14,2,6,3,4,2,2,4,1,3,2,2,2,1,,,,,,1,,0,21,2,2,2,1
Method,"org.apache.pdfbox.pdfparser.TestPDFParser.testPDFBox3949()",pdfbox/src/test/java/org/apache/pdfbox/pdfparser/TestPDFParser.java,,,,,,,,,,,,,,,,,,,,,,,,,1,17,0,14,2,6,3,4,2,2,4,1,3,2,2,2,1,,,,,,1,,0,21,2,2,2,1
Method,"org.apache.pdfbox.pdfparser.TestPDFParser.testPDFBox3950()",pdfbox/src/test/java/org/apache/pdfbox/pdfparser/TestPDFParser.java,,,,,,,,,,,,,,,,,,,,,,,,,2,30,0,25,3,11,5,8,4,7,12,3,10,4,4,5,4,,,,,,4,,0,20,4,4,5,4
Method,"org.apache.pdfbox.pdfparser.TestPDFParser.testPDFBox3951()",pdfbox/src/test/java/org/apache/pdfbox/pdfparser/TestPDFParser.java,,,,,,,,,,,,,,,,,,,,,,,,,1,14,0,9,2,3,5,4,1,1,3,1,2,1,1,1,1,,,,,,1,,0,56,1,1,1,1
Method,"org.apache.pdfbox.pdfparser.TestPDFParser.testPDFBox3964()",pdfbox/src/test/java/org/apache/pdfbox/pdfparser/TestPDFParser.java,,,,,,,,,,,,,,,,,,,,,,,,,1,14,0,9,2,3,5,4,1,1,3,1,2,1,1,1,1,,,,,,1,,0,56,1,1,1,1
Method,"org.apache.pdfbox.pdfparser.TestPDFParser.testPDFBox3977()",pdfbox/src/test/java/org/apache/pdfbox/pdfparser/TestPDFParser.java,,,,,,,,,,,,,,,,,,,,,,,,,1,20,0,14,3,8,6,10,1,6,8,2,7,1,1,1,1,,,,,,1,,0,43,1,1,1,1
Method,"org.apache.pdfbox.pdfparser.TestPDFParser.testPDFBox4153()",pdfbox/src/test/java/org/apache/pdfbox/pdfparser/TestPDFParser.java,,,,,,,,,,,,,,,,,,,,,,,,,1,16,0,10,4,4,6,7,1,3,5,3,4,1,1,1,1,,,,,,1,,0,60,1,1,1,1
Method,"org.apache.pdfbox.pdfparser.TestPDFParser.testPDFBox4338()",pdfbox/src/test/java/org/apache/pdfbox/pdfparser/TestPDFParser.java,,,,,,,,,,,,,,,,,,,,,,,,,1,16,0,12,2,4,4,4,2,2,4,1,3,2,2,2,1,,,,,,1,,0,33,2,2,2,1
Method,"org.apache.pdfbox.pdfparser.TestPDFParser.testPDFBox4339()",pdfbox/src/test/java/org/apache/pdfbox/pdfparser/TestPDFParser.java,,,,,,,,,,,,,,,,,,,,,,,,,1,16,0,12,2,4,4,4,2,2,4,1,3,2,2,2,1,,,,,,1,,0,33,2,2,2,1
Method,"org.apache.pdfbox.pdfparser.TestPDFParser.testPDFBox4490()",pdfbox/src/test/java/org/apache/pdfbox/pdfparser/TestPDFParser.java,,,,,,,,,,,,,,,,,,,,,,,,,1,13,0,8,2,2,5,4,1,1,3,1,2,1,1,1,1,,,,,,1,,0,62,1,1,1,1
Method,"org.apache.pdfbox.pdfparser.TestPDFParser.testPDFParserMissingCatalog()",pdfbox/src/test/java/org/apache/pdfbox/pdfparser/TestPDFParser.java,,,,,,,,,,,,,,,,,,,,,,,,,0,14,0,13,2,5,1,6,2,2,4,1,3,2,2,2,1,,,,,,1,,0,08,2,2,2,1
Method,"org.apache.pdfbox.pdfparser.TestPDFParser.testParseGenko()",pdfbox/src/test/java/org/apache/pdfbox/pdfparser/TestPDFParser.java,,,,,,,,,,,,,,,,,,,,,,,,,1,15,0,12,2,4,3,4,2,2,4,1,3,2,2,2,1,,,,,,1,,0,25,2,2,2,1
Public Class,"org.apache.pdfbox.pdfparser.XrefTrailerResolver",pdfbox/src/main/java/org/apache/pdfbox/pdfparser/XrefTrailerResolver.java,2,2,2,1,19,0,11,7,1,18,0,,0,1,,,13,3,13,25,0,0,1,12,,334,30,171,36,79,133,,,62,98,36,73,,,,,9,9,9,7,1,3,56,0,78,33,33,33,20
Public Enum Type,"org.apache.pdfbox.pdfparser.XrefTrailerResolver.XRefType",pdfbox/src/main/java/org/apache/pdfbox/pdfparser/XrefTrailerResolver.java,0,0,0,0,0,0,0,0,1,1,0,,0,0,,,2,2,2,28,0,0,0,2,,14,0,5,3,0,9,,,0,1,1,0,,,,,0,0,0,0,1,0,,1,80,0,0,0,0
Public Implicit Method,"org.apache.pdfbox.pdfparser.XrefTrailerResolver.XRefType.valueOf()",pdfbox/src/main/java/org/apache/pdfbox/pdfparser/XrefTrailerResolver.java,,,,,,,,,,,,,,,,,,,,,,,,,,,,,,,,,,,,,,,,,,,,,,,,,0,00,0,0,0,0
Public Implicit Method,"org.apache.pdfbox.pdfparser.XrefTrailerResolver.XRefType.values()",pdfbox/src/main/java/org/apache/pdfbox/pdfparser/XrefTrailerResolver.java,,,,,,,,,,,,,,,,,,,,,,,,,,,,,,,,,,,,,,,,,,,,,,,,,0,00,0,0,0,0
Private Static Class,"org.apache.pdfbox.pdfparser.XrefTrailerResolver.XrefTrailerObj",pdfbox/src/main/java/org/apache/pdfbox/pdfparser/XrefTrailerResolver.java,1,1,1,1,5,0,4,1,1,4,0,,0,0,,,2,3,2,14,0,1,0,1,,24,4,14,6,4,6,,,5,8,6,3,,,,,1,1,1,1,1,0,66,0,43,2,2,2,2
Private Constructor,"org.apache.pdfbox.pdfparser.XrefTrailerResolver.XrefTrailerObj.XrefTrailerObj()",pdfbox/src/main/java/org/apache/pdfbox/pdfparser/XrefTrailerResolver.java,,,,,,,,,,,,,,,,,,,,,,,,,3,7,0,4,1,1,3,2,1,1,2,1,1,1,1,1,1,,,,,,0,,0,75,1,1,1,1
Public Method,"org.apache.pdfbox.pdfparser.XrefTrailerResolver.XrefTrailerObj.reset()",pdfbox/src/main/java/org/apache/pdfbox/pdfparser/XrefTrailerResolver.java,,,,,,,,,,,,,,,,,,,,,,,,,2,4,0,4,1,1,0,1,1,1,2,1,1,1,1,1,1,,,,,,0,,0,00,1,1,1,1
Public Method,"org.apache.pdfbox.pdfparser.XrefTrailerResolver.getContainedObjectNumbers(int)",pdfbox/src/main/java/org/apache/pdfbox/pdfparser/XrefTrailerResolver.java,,,,,,,,,,,,,,,,,,,,,,,,,4,31,1,17,3,9,13,3,2,6,9,3,7,2,2,2,1,,,,,,1,,0,76,4,4,4,2
Lambda Method,"org.apache.pdfbox.pdfparser.XrefTrailerResolver.getContainedObjectNumbers.(lambda_expr_1)(COSObjectKey (inferred),Long (inferred))",pdfbox/src/main/java/org/apache/pdfbox/pdfparser/XrefTrailerResolver.java,,,,,,,,,,,,,,,,,,,,,,,,,2,7,0,7,0,3,0,3,2,1,2,0,2,2,2,2,1,,,,,,0,,0,00,2,2,2,1
Public Method,"org.apache.pdfbox.pdfparser.XrefTrailerResolver.getCurrentTrailer()",pdfbox/src/main/java/org/apache/pdfbox/pdfparser/XrefTrailerResolver.java,,,,,,,,,,,,,,,,,,,,,,,,,3,10,0,4,1,1,6,1,1,1,2,1,1,1,1,1,1,,,,,,0,,1,50,1,1,1,1
Public Final Method,"org.apache.pdfbox.pdfparser.XrefTrailerResolver.getFirstTrailer()",pdfbox/src/main/java/org/apache/pdfbox/pdfparser/XrefTrailerResolver.java,,,,,,,,,,,,,,,,,,,,,,,,,3,15,0,10,3,5,5,6,2,4,6,3,5,2,2,2,1,,,,,,1,,0,50,2,2,2,1
Public Final Method,"org.apache.pdfbox.pdfparser.XrefTrailerResolver.getLastTrailer()",pdfbox/src/main/java/org/apache/pdfbox/pdfparser/XrefTrailerResolver.java,,,,,,,,,,,,,,,,,,,,,,,,,3,15,0,10,3,5,5,6,2,4,6,3,5,2,2,2,1,,,,,,1,,0,50,2,2,2,1
Public Method,"org.apache.pdfbox.pdfparser.XrefTrailerResolver.getTrailer()",pdfbox/src/main/java/org/apache/pdfbox/pdfparser/XrefTrailerResolver.java,,,,,,,,,,,,,,,,,,,,,,,,,4,10,0,4,1,1,6,1,1,1,2,1,1,2,2,2,1,,,,,,0,,1,50,2,2,2,1
Public Final Method,"org.apache.pdfbox.pdfparser.XrefTrailerResolver.getTrailerCount()",pdfbox/src/main/java/org/apache/pdfbox/pdfparser/XrefTrailerResolver.java,,,,,,,,,,,,,,,,,,,,,,,,,2,9,0,4,1,1,5,2,1,1,2,1,1,1,1,1,1,,,,,,0,,1,25,1,1,1,1
Public Method,"org.apache.pdfbox.pdfparser.XrefTrailerResolver.getXrefTable()",pdfbox/src/main/java/org/apache/pdfbox/pdfparser/XrefTrailerResolver.java,,,,,,,,,,,,,,,,,,,,,,,,,5,10,0,4,1,1,6,1,1,1,2,1,1,2,2,2,1,,,,,,0,,1,50,2,2,2,1
Public Method,"org.apache.pdfbox.pdfparser.XrefTrailerResolver.getXrefType()",pdfbox/src/main/java/org/apache/pdfbox/pdfparser/XrefTrailerResolver.java,,,,,,,,,,,,,,,,,,,,,,,,,3,9,0,4,1,1,5,1,1,1,2,1,1,2,2,2,1,,,,,,0,,1,25,2,2,2,1
Public Method,"org.apache.pdfbox.pdfparser.XrefTrailerResolver.nextXrefObj(long,XRefType)",pdfbox/src/main/java/org/apache/pdfbox/pdfparser/XrefTrailerResolver.java,,,,,,,,,,,,,,,,,,,,,,,,,8,11,0,6,1,3,5,4,1,3,4,1,3,1,1,1,1,,,,,,0,,0,83,1,1,1,1
Protected Method,"org.apache.pdfbox.pdfparser.XrefTrailerResolver.reset()",pdfbox/src/main/java/org/apache/pdfbox/pdfparser/XrefTrailerResolver.java,,,,,,,,,,,,,,,,,,,,,,,,,3,13,0,9,1,4,4,4,2,3,6,2,4,2,2,2,1,,,,,,1,,0,44,2,2,2,1
Public Method,"org.apache.pdfbox.pdfparser.XrefTrailerResolver.setStartxref(long)",pdfbox/src/main/java/org/apache/pdfbox/pdfparser/XrefTrailerResolver.java,,,,,,,,,,,,,,,,,,,,,,,,,10,82,8,52,4,31,22,18,31,22,32,5,30,9,9,9,7,,,,,,3,,0,42,9,9,9,7
Public Method,"org.apache.pdfbox.pdfparser.XrefTrailerResolver.setTrailer(COSDictionary)",pdfbox/src/main/java/org/apache/pdfbox/pdfparser/XrefTrailerResolver.java,,,,,,,,,,,,,,,,,,,,,,,,,5,15,0,9,1,4,6,3,2,3,5,1,4,2,2,2,1,,,,,,1,,0,67,2,2,2,1
Public Method,"org.apache.pdfbox.pdfparser.XrefTrailerResolver.setXRef(COSObjectKey,long)",pdfbox/src/main/java/org/apache/pdfbox/pdfparser/XrefTrailerResolver.java,,,,,,,,,,,,,,,,,,,,,,,,,8,21,0,12,1,5,9,4,3,3,6,1,5,3,3,3,1,,,,,,1,,0,75,3,3,3,1
Package,"org.apache.pdfbox.pdfparser.xref",pdfbox/src/main/java/org/apache/pdfbox/pdfparser/xref/AbstractXReference.java,1,1,1,1,10,0,5,5,,,,6,0,1,6,,34,15,34,,6,0,1,27,,575,51,213,92,49,312,,,82,117,74,45,,,,,3,3,4,3,,1,,1,46,32,32,33,29
Public Abstract Class,"org.apache.pdfbox.pdfparser.xref.AbstractXReference",pdfbox/src/main/java/org/apache/pdfbox/pdfparser/xref/AbstractXReference.java,1,1,1,1,13,0,6,6,2,3,3,,0,0,,,4,1,4,16,0,0,1,3,,67,6,31,9,8,30,,,7,14,6,8,,,,,3,3,4,3,1,1,50,0,97,6,6,7,6
Protected Constructor,"org.apache.pdfbox.pdfparser.xref.AbstractXReference.AbstractXReference(XReferenceType)",pdfbox/src/main/java/org/apache/pdfbox/pdfparser/xref/AbstractXReference.java,,,,,,,,,,,,,,,,,,,,,,,,,4,9,0,4,1,1,5,2,1,1,2,1,1,1,1,1,1,,,,,,0,,1,25,1,1,1,1
Public Method,"org.apache.pdfbox.pdfparser.xref.AbstractXReference.compareTo(XReferenceEntry)",pdfbox/src/main/java/org/apache/pdfbox/pdfparser/xref/AbstractXReference.java,,,,,,,,,,,,,,,,,,,,,,,,,1,22,1,13,2,5,8,3,3,3,6,1,5,3,3,4,3,,,,,,1,,0,62,3,3,4,3
Public Method,"org.apache.pdfbox.pdfparser.xref.AbstractXReference.getFirstColumnValue()",pdfbox/src/main/java/org/apache/pdfbox/pdfparser/xref/AbstractXReference.java,,,,,,,,,,,,,,,,,,,,,,,,,1,11,0,5,2,1,6,3,1,1,2,1,1,1,1,1,1,,,,,,0,,1,20,1,1,1,1
Public Method,"org.apache.pdfbox.pdfparser.xref.AbstractXReference.getType()",pdfbox/src/main/java/org/apache/pdfbox/pdfparser/xref/AbstractXReference.java,,,,,,,,,,,,,,,,,,,,,,,,,5,10,0,5,2,1,5,1,1,1,2,1,1,1,1,1,1,,,,,,0,,1,00,1,1,1,1
Public Class,"org.apache.pdfbox.pdfparser.xref.FreeXReference",pdfbox/src/main/java/org/apache/pdfbox/pdfparser/xref/FreeXReference.java,1,1,1,1,11,0,5,5,1,4,0,,0,1,,,5,2,5,21,0,0,0,5,,73,6,34,14,9,34,,,10,16,9,8,,,,,1,1,1,1,2,0,40,1,00,5,5,5,5
Public Constructor,"org.apache.pdfbox.pdfparser.xref.FreeXReference.FreeXReference(COSObjectKey,long)",pdfbox/src/main/java/org/apache/pdfbox/pdfparser/xref/FreeXReference.java,,,,,,,,,,,,,,,,,,,,,,,,,4,12,0,6,1,3,6,4,1,3,4,1,3,1,1,1,1,,,,,,0,,1,00,1,1,1,1
Public Method,"org.apache.pdfbox.pdfparser.xref.FreeXReference.getReferencedKey()",pdfbox/src/main/java/org/apache/pdfbox/pdfparser/xref/FreeXReference.java,,,,,,,,,,,,,,,,,,,,,,,,,2,10,0,5,2,1,5,1,1,1,2,1,1,1,1,1,1,,,,,,0,,1,00,1,1,1,1
Public Method,"org.apache.pdfbox.pdfparser.xref.FreeXReference.getSecondColumnValue()",pdfbox/src/main/java/org/apache/pdfbox/pdfparser/xref/FreeXReference.java,,,,,,,,,,,,,,,,,,,,,,,,,2,11,0,5,2,1,6,1,1,1,2,1,1,1,1,1,1,,,,,,0,,1,20,1,1,1,1
Public Method,"org.apache.pdfbox.pdfparser.xref.FreeXReference.getThirdColumnValue()",pdfbox/src/main/java/org/apache/pdfbox/pdfparser/xref/FreeXReference.java,,,,,,,,,,,,,,,,,,,,,,,,,1,11,0,5,2,1,6,3,1,1,2,1,1,1,1,1,1,,,,,,0,,1,20,1,1,1,1
Public Method,"org.apache.pdfbox.pdfparser.xref.FreeXReference.toString()",pdfbox/src/main/java/org/apache/pdfbox/pdfparser/xref/FreeXReference.java,,,,,,,,,,,,,,,,,,,,,,,,,2,11,0,6,2,2,5,3,1,1,2,1,1,1,1,1,1,,,,,,0,,0,83,1,1,1,1
Public Class,"org.apache.pdfbox.pdfparser.xref.NormalXReference",pdfbox/src/main/java/org/apache/pdfbox/pdfparser/xref/NormalXReference.java,1,1,1,1,11,0,6,5,1,9,0,,0,0,,,8,4,8,24,0,0,0,8,,115,9,56,18,17,50,,,18,28,14,15,,,,,3,3,3,1,2,1,68,0,89,11,11,11,8
Public Constructor,"org.apache.pdfbox.pdfparser.xref.NormalXReference.NormalXReference(long,COSObjectKey,COSBase)",pdfbox/src/main/java/org/apache/pdfbox/pdfparser/xref/NormalXReference.java,,,,,,,,,,,,,,,,,,,,,,,,,7,24,0,16,2,9,8,9,2,7,9,2,8,3,3,3,1,,,,,,1,,0,50,3,3,3,1
Public Method,"org.apache.pdfbox.pdfparser.xref.NormalXReference.getByteOffset()",pdfbox/src/main/java/org/apache/pdfbox/pdfparser/xref/NormalXReference.java,,,,,,,,,,,,,,,,,,,,,,,,,2,9,0,4,1,1,5,1,1,1,2,1,1,1,1,1,1,,,,,,0,,1,25,1,1,1,1
Public Method,"org.apache.pdfbox.pdfparser.xref.NormalXReference.getObject()",pdfbox/src/main/java/org/apache/pdfbox/pdfparser/xref/NormalXReference.java,,,,,,,,,,,,,,,,,,,,,,,,,1,9,0,4,1,1,5,1,1,1,2,1,1,1,1,1,1,,,,,,0,,1,25,1,1,1,1
Public Method,"org.apache.pdfbox.pdfparser.xref.NormalXReference.getReferencedKey()",pdfbox/src/main/java/org/apache/pdfbox/pdfparser/xref/NormalXReference.java,,,,,,,,,,,,,,,,,,,,,,,,,3,10,0,5,2,1,5,1,1,1,2,1,1,1,1,1,1,,,,,,0,,1,00,1,1,1,1
Public Method,"org.apache.pdfbox.pdfparser.xref.NormalXReference.getSecondColumnValue()",pdfbox/src/main/java/org/apache/pdfbox/pdfparser/xref/NormalXReference.java,,,,,,,,,,,,,,,,,,,,,,,,,0,11,0,5,2,1,6,2,1,1,2,1,1,1,1,1,1,,,,,,0,,1,20,1,1,1,1
Public Method,"org.apache.pdfbox.pdfparser.xref.NormalXReference.getThirdColumnValue()",pdfbox/src/main/java/org/apache/pdfbox/pdfparser/xref/NormalXReference.java,,,,,,,,,,,,,,,,,,,,,,,,,0,11,0,5,2,1,6,3,1,1,2,1,1,1,1,1,1,,,,,,0,,1,20,1,1,1,1
Public Method,"org.apache.pdfbox.pdfparser.xref.NormalXReference.isObjectStream()",pdfbox/src/main/java/org/apache/pdfbox/pdfparser/xref/NormalXReference.java,,,,,,,,,,,,,,,,,,,,,,,,,2,9,0,4,1,1,5,1,1,1,2,1,1,1,1,1,1,,,,,,0,,1,25,1,1,1,1
Public Method,"org.apache.pdfbox.pdfparser.xref.NormalXReference.toString()",pdfbox/src/main/java/org/apache/pdfbox/pdfparser/xref/NormalXReference.java,,,,,,,,,,,,,,,,,,,,,,,,,2,11,0,6,2,2,5,4,1,1,2,1,1,2,2,2,1,,,,,,0,,0,83,2,2,2,1
Public Class,"org.apache.pdfbox.pdfparser.xref.ObjectStreamXReference",pdfbox/src/main/java/org/apache/pdfbox/pdfparser/xref/ObjectStreamXReference.java,1,1,1,1,11,0,5,5,1,5,0,,0,0,,,8,4,8,24,0,0,0,8,,110,9,49,18,13,52,,,16,25,13,12,,,,,1,1,1,1,2,0,65,1,06,8,8,8,8
Public Constructor,"org.apache.pdfbox.pdfparser.xref.ObjectStreamXReference.ObjectStreamXReference(int,COSObjectKey,COSBase,COSObjectKey)",pdfbox/src/main/java/org/apache/pdfbox/pdfparser/xref/ObjectStreamXReference.java,,,,,,,,,,,,,,,,,,,,,,,,,6,18,0,9,2,5,9,6,1,5,6,1,5,1,1,1,1,,,,,,0,,1,00,1,1,1,1
Public Method,"org.apache.pdfbox.pdfparser.xref.ObjectStreamXReference.getObject()",pdfbox/src/main/java/org/apache/pdfbox/pdfparser/xref/ObjectStreamXReference.java,,,,,,,,,,,,,,,,,,,,,,,,,1,9,0,4,1,1,5,1,1,1,2,1,1,1,1,1,1,,,,,,0,,1,25,1,1,1,1
Public Method,"org.apache.pdfbox.pdfparser.xref.ObjectStreamXReference.getObjectStreamIndex()",pdfbox/src/main/java/org/apache/pdfbox/pdfparser/xref/ObjectStreamXReference.java,,,,,,,,,,,,,,,,,,,,,,,,,2,9,0,4,1,1,5,1,1,1,2,1,1,1,1,1,1,,,,,,0,,1,25,1,1,1,1
Public Method,"org.apache.pdfbox.pdfparser.xref.ObjectStreamXReference.getParentKey()",pdfbox/src/main/java/org/apache/pdfbox/pdfparser/xref/ObjectStreamXReference.java,,,,,,,,,,,,,,,,,,,,,,,,,2,9,0,4,1,1,5,1,1,1,2,1,1,1,1,1,1,,,,,,0,,1,25,1,1,1,1
Public Method,"org.apache.pdfbox.pdfparser.xref.ObjectStreamXReference.getReferencedKey()",pdfbox/src/main/java/org/apache/pdfbox/pdfparser/xref/ObjectStreamXReference.java,,,,,,,,,,,,,,,,,,,,,,,,,1,10,0,5,2,1,5,1,1,1,2,1,1,1,1,1,1,,,,,,0,,1,00,1,1,1,1
Public Method,"org.apache.pdfbox.pdfparser.xref.ObjectStreamXReference.getSecondColumnValue()",pdfbox/src/main/java/org/apache/pdfbox/pdfparser/xref/ObjectStreamXReference.java,,,,,,,,,,,,,,,,,,,,,,,,,0,12,0,5,2,1,7,3,1,1,2,1,1,1,1,1,1,,,,,,0,,1,40,1,1,1,1
Public Method,"org.apache.pdfbox.pdfparser.xref.ObjectStreamXReference.getThirdColumnValue()",pdfbox/src/main/java/org/apache/pdfbox/pdfparser/xref/ObjectStreamXReference.java,,,,,,,,,,,,,,,,,,,,,,,,,0,11,0,5,2,1,6,2,1,1,2,1,1,1,1,1,1,,,,,,0,,1,20,1,1,1,1
Public Method,"org.apache.pdfbox.pdfparser.xref.ObjectStreamXReference.toString()",pdfbox/src/main/java/org/apache/pdfbox/pdfparser/xref/ObjectStreamXReference.java,,,,,,,,,,,,,,,,,,,,,,,,,3,11,0,6,2,2,5,3,1,1,2,1,1,1,1,1,1,,,,,,0,,0,83,1,1,1,1
Public Interface,"org.apache.pdfbox.pdfparser.xref.XReferenceEntry",pdfbox/src/main/java/org/apache/pdfbox/pdfparser/xref/XReferenceEntry.java,0,0,0,0,0,0,0,0,1,2,1,,0,0,,,5,0,5,6,5,0,0,0,,41,5,8,6,0,28,,,5,6,6,0,,,,,0,0,0,0,1,0,0,3,50,0,0,0,0
Abstract Method,"org.apache.pdfbox.pdfparser.xref.XReferenceEntry.getFirstColumnValue()",pdfbox/src/main/java/org/apache/pdfbox/pdfparser/xref/XReferenceEntry.java,,,,,,,,,,,,,,,,,,,,,,,,,2,7,0,1,1,0,6,1,0,1,1,1,0,0,0,0,0,,,,,,0,,6,00,0,0,0,0
Abstract Method,"org.apache.pdfbox.pdfparser.xref.XReferenceEntry.getReferencedKey()",pdfbox/src/main/java/org/apache/pdfbox/pdfparser/xref/XReferenceEntry.java,,,,,,,,,,,,,,,,,,,,,,,,,4,6,0,1,1,0,5,1,0,1,1,1,0,0,0,0,0,,,,,,0,,5,00,0,0,0,0
Abstract Method,"org.apache.pdfbox.pdfparser.xref.XReferenceEntry.getSecondColumnValue()",pdfbox/src/main/java/org/apache/pdfbox/pdfparser/xref/XReferenceEntry.java,,,,,,,,,,,,,,,,,,,,,,,,,3,7,0,1,1,0,6,1,0,1,1,1,0,0,0,0,0,,,,,,0,,6,00,0,0,0,0
Abstract Method,"org.apache.pdfbox.pdfparser.xref.XReferenceEntry.getThirdColumnValue()",pdfbox/src/main/java/org/apache/pdfbox/pdfparser/xref/XReferenceEntry.java,,,,,,,,,,,,,,,,,,,,,,,,,3,7,0,1,1,0,6,1,0,1,1,1,0,0,0,0,0,,,,,,0,,6,00,0,0,0,0
Abstract Method,"org.apache.pdfbox.pdfparser.xref.XReferenceEntry.getType()",pdfbox/src/main/java/org/apache/pdfbox/pdfparser/xref/XReferenceEntry.java,,,,,,,,,,,,,,,,,,,,,,,,,0,6,0,1,1,0,5,1,0,1,1,1,0,0,0,0,0,,,,,,0,,5,00,0,0,0,0
Public Enum Type,"org.apache.pdfbox.pdfparser.xref.XReferenceType",pdfbox/src/main/java/org/apache/pdfbox/pdfparser/xref/XReferenceType.java,0,0,0,0,4,0,2,2,1,1,0,,0,0,,,4,4,4,30,1,0,0,3,,33,4,13,5,2,16,,,4,6,4,2,,,,,1,1,1,1,1,0,,1,23,2,2,2,2
Constructor,"org.apache.pdfbox.pdfparser.xref.XReferenceType.XReferenceType(int)",pdfbox/src/main/java/org/apache/pdfbox/pdfparser/xref/XReferenceType.java,,,,,,,,,,,,,,,,,,,,,,,,,1,9,0,4,1,1,5,2,1,1,2,1,1,1,1,1,1,,,,,,0,,1,25,1,1,1,1
Public Method,"org.apache.pdfbox.pdfparser.xref.XReferenceType.getNumericValue()",pdfbox/src/main/java/org/apache/pdfbox/pdfparser/xref/XReferenceType.java,,,,,,,,,,,,,,,,,,,,,,,,,5,9,0,4,1,1,5,1,1,1,2,1,1,1,1,1,1,,,,,,0,,1,25,1,1,1,1
Public Implicit Method,"org.apache.pdfbox.pdfparser.xref.XReferenceType.valueOf()",pdfbox/src/main/java/org/apache/pdfbox/pdfparser/xref/XReferenceType.java,,,,,,,,,,,,,,,,,,,,,,,,,,,,,,,,,,,,,,,,,,,,,,,,,0,00,0,0,0,0
Public Implicit Method,"org.apache.pdfbox.pdfparser.xref.XReferenceType.values()",pdfbox/src/main/java/org/apache/pdfbox/pdfparser/xref/XReferenceType.java,,,,,,,,,,,,,,,,,,,,,,,,,,,,,,,,,,,,,,,,,,,,,,,,,0,00,0,0,0,0
Package,"org.apache.pdfbox.pdfwriter",pdfbox/src/main/java/org/apache/pdfbox/pdfwriter/ContentStreamWriter.java,2,2,2,1,22,0,16,5,,,,7,5,28,6,,76,33,81,,6,17,10,48,,2461,176,1606,438,824,689,,,738,976,423,673,,,,,16,16,18,6,,5,,0,43,216,214,237,97
Class,"org.apache.pdfbox.pdfwriter.COSDocumentCompressionTest",pdfbox/src/test/java/org/apache/pdfbox/pdfwriter/COSDocumentCompressionTest.java,1,1,1,1,40,2,34,4,1,25,0,,0,2,,,5,0,5,17,4,0,0,1,,222,17,177,32,120,28,,,71,85,27,78,,,,,2,2,2,1,1,2,0,0,16,6,6,6,5
Public Constructor,"org.apache.pdfbox.pdfwriter.COSDocumentCompressionTest.COSDocumentCompressionTest()",pdfbox/src/test/java/org/apache/pdfbox/pdfwriter/COSDocumentCompressionTest.java,,,,,,,,,,,,,,,,,,,,,,,,,1,4,0,4,1,1,0,2,1,1,2,1,1,1,1,1,1,,,,,,0,,0,00,1,1,1,1
Method,"org.apache.pdfbox.pdfwriter.COSDocumentCompressionTest.testAlteredDoc()",pdfbox/src/test/java/org/apache/pdfbox/pdfwriter/COSDocumentCompressionTest.java,,,,,,,,,,,,,,,,,,,,,,,,,4,56,4,47,8,29,5,22,2,20,24,7,23,2,2,2,1,,,,,,2,,0,11,2,2,2,1
Method,"org.apache.pdfbox.pdfwriter.COSDocumentCompressionTest.testCompressAcroformDoc()",pdfbox/src/test/java/org/apache/pdfbox/pdfwriter/COSDocumentCompressionTest.java,,,,,,,,,,,,,,,,,,,,,,,,,4,74,2,67,7,55,5,15,1,26,29,6,28,1,1,1,1,,,,,,1,,0,07,1,1,1,1
Method,"org.apache.pdfbox.pdfwriter.COSDocumentCompressionTest.testCompressAttachmentsDoc()",pdfbox/src/test/java/org/apache/pdfbox/pdfwriter/COSDocumentCompressionTest.java,,,,,,,,,,,,,,,,,,,,,,,,,2,41,2,34,8,21,5,15,1,13,16,6,14,1,1,1,1,,,,,,1,,0,15,1,1,1,1
Method,"org.apache.pdfbox.pdfwriter.COSDocumentCompressionTest.testCompressEncryptedDoc()",pdfbox/src/test/java/org/apache/pdfbox/pdfwriter/COSDocumentCompressionTest.java,,,,,,,,,,,,,,,,,,,,,,,,,2,28,2,20,5,12,6,9,1,9,11,4,10,1,1,1,1,,,,,,1,,0,30,1,1,1,1
Public Class,"org.apache.pdfbox.pdfwriter.COSStandardOutputStream",pdfbox/src/main/java/org/apache/pdfbox/pdfwriter/COSStandardOutputStream.java,1,1,1,1,10,0,5,5,1,2,0,,0,3,,,10,2,10,35,0,0,0,10,,145,13,59,18,22,73,,,21,33,16,17,,,,,2,2,2,1,1,1,70,1,24,11,11,11,10
Public Constructor,"org.apache.pdfbox.pdfwriter.COSStandardOutputStream.COSStandardOutputStream(OutputStream)",pdfbox/src/main/java/org/apache/pdfbox/pdfwriter/COSStandardOutputStream.java,,,,,,,,,,,,,,,,,,,,,,,,,2,9,0,4,1,1,5,2,1,1,2,1,1,1,1,1,1,,,,,,0,,1,25,1,1,1,1
Public Constructor,"org.apache.pdfbox.pdfwriter.COSStandardOutputStream.COSStandardOutputStream(OutputStream,long)",pdfbox/src/main/java/org/apache/pdfbox/pdfwriter/COSStandardOutputStream.java,,,,,,,,,,,,,,,,,,,,,,,,,3,11,0,5,1,2,6,3,1,2,3,1,2,1,1,1,1,,,,,,0,,1,20,1,1,1,1
Public Method,"org.apache.pdfbox.pdfwriter.COSStandardOutputStream.getPos()",pdfbox/src/main/java/org/apache/pdfbox/pdfwriter/COSStandardOutputStream.java,,,,,,,,,,,,,,,,,,,,,,,,,6,9,0,4,1,1,5,1,1,1,2,1,1,1,1,1,1,,,,,,0,,1,25,1,1,1,1
Public Method,"org.apache.pdfbox.pdfwriter.COSStandardOutputStream.isOnNewLine()",pdfbox/src/main/java/org/apache/pdfbox/pdfwriter/COSStandardOutputStream.java,,,,,,,,,,,,,,,,,,,,,,,,,2,9,0,4,1,1,5,1,1,1,2,1,1,1,1,1,1,,,,,,0,,1,25,1,1,1,1
Public Method,"org.apache.pdfbox.pdfwriter.COSStandardOutputStream.setOnNewLine(boolean)",pdfbox/src/main/java/org/apache/pdfbox/pdfwriter/COSStandardOutputStream.java,,,,,,,,,,,,,,,,,,,,,,,,,4,9,0,4,1,1,5,1,1,1,2,1,1,1,1,1,1,,,,,,0,,1,25,1,1,1,1
Public Method,"org.apache.pdfbox.pdfwriter.COSStandardOutputStream.write(byte[],int,int)",pdfbox/src/main/java/org/apache/pdfbox/pdfwriter/COSStandardOutputStream.java,,,,,,,,,,,,,,,,,,,,,,,,,4,16,0,7,2,3,9,3,1,3,4,1,3,1,1,1,1,,,,,,0,,1,29,1,1,1,1
Public Method,"org.apache.pdfbox.pdfwriter.COSStandardOutputStream.write(int)",pdfbox/src/main/java/org/apache/pdfbox/pdfwriter/COSStandardOutputStream.java,,,,,,,,,,,,,,,,,,,,,,,,,2,14,0,7,2,3,7,3,1,3,4,1,3,1,1,1,1,,,,,,0,,1,00,1,1,1,1
Public Method,"org.apache.pdfbox.pdfwriter.COSStandardOutputStream.writeCRLF()",pdfbox/src/main/java/org/apache/pdfbox/pdfwriter/COSStandardOutputStream.java,,,,,,,,,,,,,,,,,,,,,,,,,4,9,0,4,1,1,5,1,1,1,2,1,1,1,1,1,1,,,,,,0,,1,25,1,1,1,1
Public Method,"org.apache.pdfbox.pdfwriter.COSStandardOutputStream.writeEOL()",pdfbox/src/main/java/org/apache/pdfbox/pdfwriter/COSStandardOutputStream.java,,,,,,,,,,,,,,,,,,,,,,,,,10,13,0,8,1,3,5,3,2,2,4,1,3,2,2,2,1,,,,,,1,,0,62,2,2,2,1
Public Method,"org.apache.pdfbox.pdfwriter.COSStandardOutputStream.writeLF()",pdfbox/src/main/java/org/apache/pdfbox/pdfwriter/COSStandardOutputStream.java,,,,,,,,,,,,,,,,,,,,,,,,,1,9,0,4,1,1,5,1,1,1,2,1,1,1,1,1,1,,,,,,0,,1,25,1,1,1,1
Public Class,"org.apache.pdfbox.pdfwriter.COSWriter",pdfbox/src/main/java/org/apache/pdfbox/pdfwriter/COSWriter.java,3,3,3,1,26,0,18,6,2,73,0,,3,21,,,49,28,52,64,0,16,10,26,,1568,114,1027,215,577,437,,,436,605,207,484,,,,,16,16,18,6,1,5,93,0,43,166,164,187,68
Public Constructor,"org.apache.pdfbox.pdfwriter.COSWriter.COSWriter(OutputStream)",pdfbox/src/main/java/org/apache/pdfbox/pdfwriter/COSWriter.java,,,,,,,,,,,,,,,,,,,,,,,,,6,10,0,4,1,1,6,2,1,1,2,1,1,1,1,1,1,,,,,,0,,1,50,1,1,1,1
Public Constructor,"org.apache.pdfbox.pdfwriter.COSWriter.COSWriter(OutputStream,CompressParameters)",pdfbox/src/main/java/org/apache/pdfbox/pdfwriter/COSWriter.java,,,,,,,,,,,,,,,,,,,,,,,,,5,12,0,6,1,3,6,5,1,3,4,1,3,1,1,1,1,,,,,,0,,1,00,1,1,1,1
Public Constructor,"org.apache.pdfbox.pdfwriter.COSWriter.COSWriter(OutputStream,RandomAccessRead)",pdfbox/src/main/java/org/apache/pdfbox/pdfwriter/COSWriter.java,,,,,,,,,,,,,,,,,,,,,,,,,7,25,0,10,1,7,15,11,1,7,8,1,7,1,1,1,1,,,,,,0,,1,50,1,1,1,1
Public Constructor,"org.apache.pdfbox.pdfwriter.COSWriter.COSWriter(OutputStream,RandomAccessRead,Set<COSDictionary>)",pdfbox/src/main/java/org/apache/pdfbox/pdfwriter/COSWriter.java,,,,,,,,,,,,,,,,,,,,,,,,,5,32,0,6,2,2,26,3,1,2,3,1,2,1,1,1,1,,,,,,0,,4,33,1,1,1,1
Private Method,"org.apache.pdfbox.pdfwriter.COSWriter.addObjectToWrite(COSBase)",pdfbox/src/main/java/org/apache/pdfbox/pdfwriter/COSWriter.java,,,,,,,,,,,,,,,,,,,,,,,,,10,39,2,37,4,20,2,7,17,11,19,4,15,8,8,11,6,,,,,,3,,0,05,8,8,11,6
Protected Method,"org.apache.pdfbox.pdfwriter.COSWriter.addXRefEntry(XReferenceEntry)",pdfbox/src/main/java/org/apache/pdfbox/pdfwriter/COSWriter.java,,,,,,,,,,,,,,,,,,,,,,,,,5,9,0,4,1,1,5,2,1,1,2,1,1,1,1,1,1,,,,,,0,,1,25,1,1,1,1
Protected Method,"org.apache.pdfbox.pdfwriter.COSWriter.doWriteBody(COSDocument)",pdfbox/src/main/java/org/apache/pdfbox/pdfwriter/COSWriter.java,,,,,,,,,,,,,,,,,,,,,,,,,5,31,1,22,5,13,8,5,8,10,14,5,13,4,4,4,1,,,,,,1,,0,36,4,4,4,1
Private Method,"org.apache.pdfbox.pdfwriter.COSWriter.doWriteBodyCompressed(COSDocument)",pdfbox/src/main/java/org/apache/pdfbox/pdfwriter/COSWriter.java,,,,,,,,,,,,,,,,,,,,,,,,,10,75,1,60,14,43,14,24,49,33,46,17,39,8,8,8,1,,,,,,3,,0,23,8,8,8,1
Protected Method,"org.apache.pdfbox.pdfwriter.COSWriter.doWriteHeader(COSDocument)",pdfbox/src/main/java/org/apache/pdfbox/pdfwriter/COSWriter.java,,,,,,,,,,,,,,,,,,,,,,,,,8,32,1,24,2,14,7,10,4,10,13,2,11,3,3,3,1,,,,,,1,,0,29,3,3,3,1
Private Method,"org.apache.pdfbox.pdfwriter.COSWriter.doWriteIncrement()",pdfbox/src/main/java/org/apache/pdfbox/pdfwriter/COSWriter.java,,,,,,,,,,,,,,,,,,,,,,,,,4,13,0,5,1,2,8,4,1,2,3,1,2,1,1,1,1,,,,,,0,,1,60,1,1,1,1
Public Method,"org.apache.pdfbox.pdfwriter.COSWriter.doWriteObject(COSBase)",pdfbox/src/main/java/org/apache/pdfbox/pdfwriter/COSWriter.java,,,,,,,,,,,,,,,,,,,,,,,,,5,14,0,6,1,3,8,4,1,3,4,1,3,1,1,1,1,,,,,,0,,1,33,1,1,1,1
Public Method,"org.apache.pdfbox.pdfwriter.COSWriter.doWriteObject(COSObjectKey,COSBase)",pdfbox/src/main/java/org/apache/pdfbox/pdfwriter/COSWriter.java,,,,,,,,,,,,,,,,,,,,,,,,,8,31,0,20,1,15,11,13,2,12,14,1,13,2,2,4,1,,,,,,1,,0,55,2,2,4,1
Private Method,"org.apache.pdfbox.pdfwriter.COSWriter.doWriteObjects()",pdfbox/src/main/java/org/apache/pdfbox/pdfwriter/COSWriter.java,,,,,,,,,,,,,,,,,,,,,,,,,2,7,0,7,1,2,0,3,2,1,3,1,2,2,2,2,1,,,,,,1,,0,00,2,2,2,1
Private Method,"org.apache.pdfbox.pdfwriter.COSWriter.doWriteSignature()",pdfbox/src/main/java/org/apache/pdfbox/pdfwriter/COSWriter.java,,,,,,,,,,,,,,,,,,,,,,,,,12,53,7,39,10,26,8,14,12,21,26,11,20,5,5,5,1,,,,,,2,,0,21,5,5,5,1
Protected Method,"org.apache.pdfbox.pdfwriter.COSWriter.doWriteTrailer(COSDocument)",pdfbox/src/main/java/org/apache/pdfbox/pdfwriter/COSWriter.java,,,,,,,,,,,,,,,,,,,,,,,,,10,37,3,24,4,15,10,16,8,12,16,4,15,4,4,4,1,,,,,,1,,0,42,4,4,4,1
Private Method,"org.apache.pdfbox.pdfwriter.COSWriter.doWriteXRefInc(COSDocument,boolean)",pdfbox/src/main/java/org/apache/pdfbox/pdfwriter/COSWriter.java,,,,,,,,,,,,,,,,,,,,,,,,,7,41,4,29,5,18,8,17,3,14,17,5,16,3,3,4,1,,,,,,2,,0,28,3,3,4,1
Private Method,"org.apache.pdfbox.pdfwriter.COSWriter.doWriteXRefTable()",pdfbox/src/main/java/org/apache/pdfbox/pdfwriter/COSWriter.java,,,,,,,,,,,,,,,,,,,,,,,,,7,47,5,35,8,22,10,17,8,16,21,8,15,5,5,5,1,,,,,,3,,0,29,6,6,7,2
Lambda Method,"org.apache.pdfbox.pdfwriter.COSWriter.doWriteXRefTable.(lambda_expr_1)(XReferenceEntry (inferred))",pdfbox/src/main/java/org/apache/pdfbox/pdfwriter/COSWriter.java,,,,,,,,,,,,,,,,,,,,,,,,,1,1,0,1,0,1,0,1,1,0,0,0,0,1,1,2,1,,,,,,0,,0,00,1,1,2,1
Private Method,"org.apache.pdfbox.pdfwriter.COSWriter.fillGapsWithFreeEntries()",pdfbox/src/main/java/org/apache/pdfbox/pdfwriter/COSWriter.java,,,,,,,,,,,,,,,,,,,,,,,,,4,44,0,40,8,25,8,16,20,17,25,10,20,7,7,7,1,,,,,,3,,0,20,8,8,8,2
Lambda Method,"org.apache.pdfbox.pdfwriter.COSWriter.fillGapsWithFreeEntries.(lambda_expr_1)(XReferenceEntry (inferred))",pdfbox/src/main/java/org/apache/pdfbox/pdfwriter/COSWriter.java,,,,,,,,,,,,,,,,,,,,,,,,,1,1,0,1,0,1,0,1,1,0,0,0,0,1,1,1,1,,,,,,0,,0,00,1,1,1,1
Public Method,"org.apache.pdfbox.pdfwriter.COSWriter.getDataToSign()",pdfbox/src/main/java/org/apache/pdfbox/pdfwriter/COSWriter.java,,,,,,,,,,,,,,,,,,,,,,,,,7,32,1,17,7,9,14,6,2,5,7,4,4,2,2,3,1,,,,,,1,,0,82,2,2,3,1
Private Method,"org.apache.pdfbox.pdfwriter.COSWriter.getObjectKey(COSBase)",pdfbox/src/main/java/org/apache/pdfbox/pdfwriter/COSWriter.java,,,,,,,,,,,,,,,,,,,,,,,,,6,27,0,18,3,9,9,5,4,6,10,3,8,4,4,4,4,,,,,,3,,0,50,5,5,5,5
Lambda Method,"org.apache.pdfbox.pdfwriter.COSWriter.getObjectKey.(lambda_expr_1)(COSBase (inferred))",pdfbox/src/main/java/org/apache/pdfbox/pdfwriter/COSWriter.java,,,,,,,,,,,,,,,,,,,,,,,,,1,1,0,1,0,1,0,3,1,0,0,0,0,1,1,1,1,,,,,,0,,0,00,1,1,1,1
Protected Method,"org.apache.pdfbox.pdfwriter.COSWriter.getOutput()",pdfbox/src/main/java/org/apache/pdfbox/pdfwriter/COSWriter.java,,,,,,,,,,,,,,,,,,,,,,,,,1,9,0,4,1,1,5,1,1,1,2,1,1,1,1,1,1,,,,,,0,,1,25,1,1,1,1
Protected Method,"org.apache.pdfbox.pdfwriter.COSWriter.getStandardOutput()",pdfbox/src/main/java/org/apache/pdfbox/pdfwriter/COSWriter.java,,,,,,,,,,,,,,,,,,,,,,,,,20,9,0,4,1,1,5,1,1,1,2,1,1,1,1,1,1,,,,,,0,,1,25,1,1,1,1
Protected Method,"org.apache.pdfbox.pdfwriter.COSWriter.getStartxref()",pdfbox/src/main/java/org/apache/pdfbox/pdfwriter/COSWriter.java,,,,,,,,,,,,,,,,,,,,,,,,,2,9,0,4,1,1,5,1,1,1,2,1,1,1,1,1,1,,,,,,0,,1,25,1,1,1,1
Protected Method,"org.apache.pdfbox.pdfwriter.COSWriter.getXRefEntries()",pdfbox/src/main/java/org/apache/pdfbox/pdfwriter/COSWriter.java,,,,,,,,,,,,,,,,,,,,,,,,,6,9,0,4,1,1,5,1,1,1,2,1,1,1,1,1,1,,,,,,0,,1,25,1,1,1,1
Protected Method,"org.apache.pdfbox.pdfwriter.COSWriter.getXRefRanges(List<XReferenceEntry>)",pdfbox/src/main/java/org/apache/pdfbox/pdfwriter/COSWriter.java,,,,,,,,,,,,,,,,,,,,,,,,,2,52,1,32,5,19,19,8,8,14,20,6,16,5,5,5,1,,,,,,2,,0,59,5,5,5,1
Public Method,"org.apache.pdfbox.pdfwriter.COSWriter.isCompress()",pdfbox/src/main/java/org/apache/pdfbox/pdfwriter/COSWriter.java,,,,,,,,,,,,,,,,,,,,,,,,,3,9,0,4,1,1,5,2,1,1,2,1,1,1,1,2,1,,,,,,0,,1,25,1,1,2,1
Private Method,"org.apache.pdfbox.pdfwriter.COSWriter.isNeedToBeUpdated(COSBase)",pdfbox/src/main/java/org/apache/pdfbox/pdfwriter/COSWriter.java,,,,,,,,,,,,,,,,,,,,,,,,,2,14,0,8,1,3,6,2,2,2,4,1,3,2,2,2,1,,,,,,1,,0,75,2,2,2,1
Private Method,"org.apache.pdfbox.pdfwriter.COSWriter.prepareIncrement()",pdfbox/src/main/java/org/apache/pdfbox/pdfwriter/COSWriter.java,,,,,,,,,,,,,,,,,,,,,,,,,4,20,0,17,4,8,3,6,4,5,10,5,8,4,4,5,1,,,,,,3,,0,18,4,4,5,1
Private Method,"org.apache.pdfbox.pdfwriter.COSWriter.setOutput(OutputStream)",pdfbox/src/main/java/org/apache/pdfbox/pdfwriter/COSWriter.java,,,,,,,,,,,,,,,,,,,,,,,,,3,9,0,4,1,1,5,1,1,1,2,1,1,1,1,1,1,,,,,,0,,1,25,1,1,1,1
Private Method,"org.apache.pdfbox.pdfwriter.COSWriter.setStandardOutput(COSStandardOutputStream)",pdfbox/src/main/java/org/apache/pdfbox/pdfwriter/COSWriter.java,,,,,,,,,,,,,,,,,,,,,,,,,3,9,0,4,1,1,5,1,1,1,2,1,1,1,1,1,1,,,,,,0,,1,25,1,1,1,1
Protected Method,"org.apache.pdfbox.pdfwriter.COSWriter.setStartxref(long)",pdfbox/src/main/java/org/apache/pdfbox/pdfwriter/COSWriter.java,,,,,,,,,,,,,,,,,,,,,,,,,3,9,0,4,1,1,5,1,1,1,2,1,1,1,1,1,1,,,,,,0,,1,25,1,1,1,1
Public Method,"org.apache.pdfbox.pdfwriter.COSWriter.visitFromArray(COSArray)",pdfbox/src/main/java/org/apache/pdfbox/pdfwriter/COSWriter.java,,,,,,,,,,,,,,,,,,,,,,,,,5,49,0,49,4,25,0,12,16,17,24,4,22,8,8,8,1,,,,,,3,,0,00,8,8,8,1
Public Method,"org.apache.pdfbox.pdfwriter.COSWriter.visitFromBoolean(COSBoolean)",pdfbox/src/main/java/org/apache/pdfbox/pdfwriter/COSWriter.java,,,,,,,,,,,,,,,,,,,,,,,,,1,5,0,5,2,1,0,2,1,1,2,1,1,1,1,1,1,,,,,,0,,0,00,1,1,1,1
Public Method,"org.apache.pdfbox.pdfwriter.COSWriter.visitFromDictionary(COSDictionary)",pdfbox/src/main/java/org/apache/pdfbox/pdfwriter/COSWriter.java,,,,,,,,,,,,,,,,,,,,,,,,,17,94,3,81,6,45,10,21,48,29,43,6,40,13,13,18,1,,,,,,5,,0,12,13,13,18,1
Public Method,"org.apache.pdfbox.pdfwriter.COSWriter.visitFromDocument(COSDocument)",pdfbox/src/main/java/org/apache/pdfbox/pdfwriter/COSWriter.java,,,,,,,,,,,,,,,,,,,,,,,,,8,65,7,52,4,28,6,19,48,18,25,3,23,7,7,9,1,,,,,,2,,0,12,7,7,9,1
Public Method,"org.apache.pdfbox.pdfwriter.COSWriter.visitFromFloat(COSFloat)",pdfbox/src/main/java/org/apache/pdfbox/pdfwriter/COSWriter.java,,,,,,,,,,,,,,,,,,,,,,,,,1,5,0,5,2,1,0,2,1,1,2,1,1,1,1,1,1,,,,,,0,,0,00,1,1,1,1
Public Method,"org.apache.pdfbox.pdfwriter.COSWriter.visitFromInt(COSInteger)",pdfbox/src/main/java/org/apache/pdfbox/pdfwriter/COSWriter.java,,,,,,,,,,,,,,,,,,,,,,,,,1,5,0,5,2,1,0,2,1,1,2,1,1,1,1,1,1,,,,,,0,,0,00,1,1,1,1
Public Method,"org.apache.pdfbox.pdfwriter.COSWriter.visitFromName(COSName)",pdfbox/src/main/java/org/apache/pdfbox/pdfwriter/COSWriter.java,,,,,,,,,,,,,,,,,,,,,,,,,1,5,0,5,2,1,0,2,1,1,2,1,1,1,1,1,1,,,,,,0,,0,00,1,1,1,1
Public Method,"org.apache.pdfbox.pdfwriter.COSWriter.visitFromNull(COSNull)",pdfbox/src/main/java/org/apache/pdfbox/pdfwriter/COSWriter.java,,,,,,,,,,,,,,,,,,,,,,,,,1,5,0,5,2,1,0,2,1,1,2,1,1,1,1,1,1,,,,,,0,,0,00,1,1,1,1
Public Method,"org.apache.pdfbox.pdfwriter.COSWriter.visitFromStream(COSStream)",pdfbox/src/main/java/org/apache/pdfbox/pdfwriter/COSWriter.java,,,,,,,,,,,,,,,,,,,,,,,,,6,33,1,31,3,17,1,14,8,11,16,2,14,4,4,4,1,,,,,,2,,0,03,4,4,4,1
Public Method,"org.apache.pdfbox.pdfwriter.COSWriter.visitFromString(COSString)",pdfbox/src/main/java/org/apache/pdfbox/pdfwriter/COSWriter.java,,,,,,,,,,,,,,,,,,,,,,,,,4,12,0,12,2,6,0,7,2,2,4,1,3,2,2,2,1,,,,,,1,,0,00,2,2,2,1
Public Method,"org.apache.pdfbox.pdfwriter.COSWriter.write(COSDocument)",pdfbox/src/main/java/org/apache/pdfbox/pdfwriter/COSWriter.java,,,,,,,,,,,,,,,,,,,,,,,,,2,11,0,5,2,2,6,2,1,2,3,2,2,1,1,1,1,,,,,,0,,1,20,1,1,1,1
Public Method,"org.apache.pdfbox.pdfwriter.COSWriter.write(FDFDocument)",pdfbox/src/main/java/org/apache/pdfbox/pdfwriter/COSWriter.java,,,,,,,,,,,,,,,,,,,,,,,,,6,19,0,12,3,7,7,8,2,6,8,3,7,2,2,2,1,,,,,,1,,0,58,2,2,2,1
Public Method,"org.apache.pdfbox.pdfwriter.COSWriter.write(PDDocument)",pdfbox/src/main/java/org/apache/pdfbox/pdfwriter/COSWriter.java,,,,,,,,,,,,,,,,,,,,,,,,,4,12,0,4,1,1,8,1,1,1,2,1,1,1,1,1,1,,,,,,0,,2,00,1,1,1,1
Public Method,"org.apache.pdfbox.pdfwriter.COSWriter.write(PDDocument,SignatureInterface)",pdfbox/src/main/java/org/apache/pdfbox/pdfwriter/COSWriter.java,,,,,,,,,,,,,,,,,,,,,,,,,13,123,4,99,15,56,20,37,420,37,52,13,47,16,16,17,1,,,,,,4,,0,20,18,18,19,2
Lambda Method,"org.apache.pdfbox.pdfwriter.COSWriter.write.(lambda_expr_1)(COSBase (inferred))",pdfbox/src/main/java/org/apache/pdfbox/pdfwriter/COSWriter.java,,,,,,,,,,,,,,,,,,,,,,,,,3,11,0,11,0,6,0,4,2,3,4,0,4,2,2,2,1,,,,,,0,,0,00,2,2,2,1
Public Method,"org.apache.pdfbox.pdfwriter.COSWriter.writeExternalSignature(byte[])",pdfbox/src/main/java/org/apache/pdfbox/pdfwriter/COSWriter.java,,,,,,,,,,,,,,,,,,,,,,,,,9,34,5,18,3,11,11,9,4,8,11,3,10,3,3,4,1,,,,,,1,,0,61,3,3,4,1
Public Method,"org.apache.pdfbox.pdfwriter.COSWriter.writeReference(COSBase)",pdfbox/src/main/java/org/apache/pdfbox/pdfwriter/COSWriter.java,,,,,,,,,,,,,,,,,,,,,,,,,6,16,0,9,2,6,7,8,1,6,7,2,6,1,1,1,1,,,,,,0,,0,78,1,1,1,1
Public Static Method,"org.apache.pdfbox.pdfwriter.COSWriter.writeString(COSString,OutputStream)",pdfbox/src/main/java/org/apache/pdfbox/pdfwriter/COSWriter.java,,,,,,,,,,,,,,,,,,,,,,,,,7,11,0,4,1,1,7,3,1,1,2,1,1,1,1,1,1,,,,,,0,,1,75,1,1,1,1
Public Static Method,"org.apache.pdfbox.pdfwriter.COSWriter.writeString(byte[],OutputStream)",pdfbox/src/main/java/org/apache/pdfbox/pdfwriter/COSWriter.java,,,,,,,,,,,,,,,,,,,,,,,,,3,11,0,4,1,1,7,1,1,1,2,1,1,1,1,1,1,,,,,,0,,1,75,1,1,1,1
Private Static Method,"org.apache.pdfbox.pdfwriter.COSWriter.writeString(byte[],boolean,OutputStream)",pdfbox/src/main/java/org/apache/pdfbox/pdfwriter/COSWriter.java,,,,,,,,,,,,,,,,,,,,,,,,,5,59,1,47,3,27,11,2,24,15,25,4,21,10,8,12,5,,,,,,3,,0,23,10,8,12,5
Private Method,"org.apache.pdfbox.pdfwriter.COSWriter.writeXrefEntry(XReferenceEntry)",pdfbox/src/main/java/org/apache/pdfbox/pdfwriter/COSWriter.java,,,,,,,,,,,,,,,,,,,,,,,,,8,11,0,11,3,8,0,7,1,8,9,3,8,2,2,2,1,,,,,,0,,0,00,2,2,2,1
Private Method,"org.apache.pdfbox.pdfwriter.COSWriter.writeXrefRange(long,long)",pdfbox/src/main/java/org/apache/pdfbox/pdfwriter/COSWriter.java,,,,,,,,,,,,,,,,,,,,,,,,,5,7,0,7,1,4,0,5,1,4,5,1,4,1,1,1,1,,,,,,0,,0,00,1,1,1,1
Class,"org.apache.pdfbox.pdfwriter.COSWriterTest",pdfbox/src/test/java/org/apache/pdfbox/pdfwriter/COSWriterTest.java,1,1,1,1,23,1,17,5,1,5,0,,0,0,,,1,0,1,13,1,0,0,0,,26,1,20,4,8,5,,,4,8,4,5,,,,,1,1,1,1,1,0,0,0,25,1,1,1,1
Method,"org.apache.pdfbox.pdfwriter.COSWriterTest.testPDFBox4321()",pdfbox/src/test/java/org/apache/pdfbox/pdfwriter/COSWriterTest.java,,,,,,,,,,,,,,,,,,,,,,,,,0,23,1,17,3,8,5,5,1,4,7,3,5,1,1,1,1,,,,,,0,,0,29,1,1,1,1
Anonymous Class,"org.apache.pdfbox.pdfwriter.COSWriterTest.testPDFBox4321.(Anon_1)",pdfbox/src/test/java/org/apache/pdfbox/pdfwriter/COSWriterTest.java,1,1,1,1,5,0,5,0,1,2,0,,0,0,,,1,0,1,35,0,0,0,1,,6,0,6,0,3,0,,,1,2,1,1,,,,,1,1,1,1,1,0,0,0,00,1,1,1,1
Public Method,"org.apache.pdfbox.pdfwriter.COSWriterTest.testPDFBox4321.(Anon_1).close()",pdfbox/src/test/java/org/apache/pdfbox/pdfwriter/COSWriterTest.java,,,,,,,,,,,,,,,,,,,,,,,,,0,5,0,5,0,3,0,1,1,1,2,1,1,1,1,1,1,,,,,,0,,0,00,1,1,1,1
Public Class,"org.apache.pdfbox.pdfwriter.ContentStreamWriter",pdfbox/src/main/java/org/apache/pdfbox/pdfwriter/ContentStreamWriter.java,3,3,3,1,24,0,19,4,1,18,0,,0,2,,,6,1,6,18,0,1,0,5,,172,7,125,15,67,40,,,52,79,20,61,,,,,15,15,15,1,1,3,50,0,32,22,22,22,6
Public Constructor,"org.apache.pdfbox.pdfwriter.ContentStreamWriter.ContentStreamWriter(OutputStream)",pdfbox/src/main/java/org/apache/pdfbox/pdfwriter/ContentStreamWriter.java,,,,,,,,,,,,,,,,,,,,,,,,,4,9,0,4,1,1,5,2,1,1,2,1,1,1,1,1,1,,,,,,0,,1,25,1,1,1,1
Private Method,"org.apache.pdfbox.pdfwriter.ContentStreamWriter.writeObject(Object)",pdfbox/src/main/java/org/apache/pdfbox/pdfwriter/ContentStreamWriter.java,,,,,,,,,,,,,,,,,,,,,,,,,17,92,0,92,6,57,0,20,15,43,60,9,53,15,15,15,1,,,,,,3,,0,00,15,15,15,1
Public Method,"org.apache.pdfbox.pdfwriter.ContentStreamWriter.writeToken(COSBase)",pdfbox/src/main/java/org/apache/pdfbox/pdfwriter/ContentStreamWriter.java,,,,,,,,,,,,,,,,,,,,,,,,,1,10,0,4,1,1,6,1,1,1,2,1,1,1,1,1,1,,,,,,0,,1,50,1,1,1,1
Public Method,"org.apache.pdfbox.pdfwriter.ContentStreamWriter.writeToken(Operator)",pdfbox/src/main/java/org/apache/pdfbox/pdfwriter/ContentStreamWriter.java,,,,,,,,,,,,,,,,,,,,,,,,,1,10,0,4,1,1,6,1,1,1,2,1,1,1,1,1,1,,,,,,0,,1,50,1,1,1,1
Public Method,"org.apache.pdfbox.pdfwriter.ContentStreamWriter.writeTokens(List<?>)",pdfbox/src/main/java/org/apache/pdfbox/pdfwriter/ContentStreamWriter.java,,,,,,,,,,,,,,,,,,,,,,,,,4,13,0,7,1,2,6,1,2,1,4,2,2,2,2,2,1,,,,,,1,,0,86,2,2,2,1
Public Method,"org.apache.pdfbox.pdfwriter.ContentStreamWriter.writeTokens(Object...)",pdfbox/src/main/java/org/apache/pdfbox/pdfwriter/ContentStreamWriter.java,,,,,,,,,,,,,,,,,,,,,,,,,4,14,0,8,1,3,6,3,2,2,5,2,3,2,2,2,1,,,,,,1,,0,75,2,2,2,1
Class,"org.apache.pdfbox.pdfwriter.ContentStreamWriterTest",pdfbox/src/test/java/org/apache/pdfbox/pdfwriter/ContentStreamWriterTest.java,1,1,1,1,11,0,10,1,1,23,0,,2,0,,,4,2,6,18,1,0,0,5,,85,6,69,25,30,10,,,25,37,20,28,,,,,3,3,3,1,1,3,66,0,14,9,9,9,6
Public Constructor,"org.apache.pdfbox.pdfwriter.ContentStreamWriterTest.ContentStreamWriterTest()",pdfbox/src/test/java/org/apache/pdfbox/pdfwriter/ContentStreamWriterTest.java,,,,,,,,,,,,,,,,,,,,,,,,,2,5,0,5,1,2,0,2,1,2,3,1,2,1,1,1,1,,,,,,0,,0,00,1,1,1,1
Public Method,"org.apache.pdfbox.pdfwriter.ContentStreamWriterTest.setUp()",pdfbox/src/test/java/org/apache/pdfbox/pdfwriter/ContentStreamWriterTest.java,,,,,,,,,,,,,,,,,,,,,,,,,0,4,0,4,2,0,0,0,1,0,1,1,0,1,1,1,1,,,,,,0,,0,00,1,1,1,1
Public Static Method,"org.apache.pdfbox.pdfwriter.ContentStreamWriterTest.setUpClass()",pdfbox/src/test/java/org/apache/pdfbox/pdfwriter/ContentStreamWriterTest.java,,,,,,,,,,,,,,,,,,,,,,,,,3,17,0,16,4,8,1,3,2,6,8,3,7,2,2,2,1,,,,,,1,,0,06,2,2,2,1
Public Method,"org.apache.pdfbox.pdfwriter.ContentStreamWriterTest.tearDown()",pdfbox/src/test/java/org/apache/pdfbox/pdfwriter/ContentStreamWriterTest.java,,,,,,,,,,,,,,,,,,,,,,,,,0,4,0,4,2,0,0,0,1,0,1,1,0,1,1,1,1,,,,,,0,,0,00,1,1,1,1
Public Static Method,"org.apache.pdfbox.pdfwriter.ContentStreamWriterTest.tearDownClass()",pdfbox/src/test/java/org/apache/pdfbox/pdfwriter/ContentStreamWriterTest.java,,,,,,,,,,,,,,,,,,,,,,,,,0,4,0,4,2,0,0,0,1,0,1,1,0,1,1,1,1,,,,,,0,,0,00,1,1,1,1
Method,"org.apache.pdfbox.pdfwriter.ContentStreamWriterTest.testPDFBox4750()",pdfbox/src/test/java/org/apache/pdfbox/pdfwriter/ContentStreamWriterTest.java,,,,,,,,,,,,,,,,,,,,,,,,,3,35,0,30,10,18,5,19,4,15,20,10,17,3,3,3,1,,,,,,3,,0,17,3,3,3,1
Package,"org.apache.pdfbox.pdfwriter.compress",pdfbox/src/main/java/org/apache/pdfbox/pdfwriter/compress/CompressParameters.java,2,2,2,1,19,0,12,7,,,,4,0,4,4,,37,13,37,,0,14,0,23,,936,63,522,134,234,353,,,220,314,136,203,,,,,17,17,19,5,,3,,0,68,87,87,110,48
Public Class,"org.apache.pdfbox.pdfwriter.compress.COSObjectPool",pdfbox/src/main/java/org/apache/pdfbox/pdfwriter/compress/COSObjectPool.java,1,1,2,1,15,0,8,7,1,6,0,,0,0,,,7,3,7,19,0,0,0,7,,130,8,63,13,29,59,,,21,33,13,22,,,,,3,3,6,1,1,1,57,0,94,11,11,16,7
Public Constructor,"org.apache.pdfbox.pdfwriter.compress.COSObjectPool.COSObjectPool(long)",pdfbox/src/main/java/org/apache/pdfbox/pdfwriter/compress/COSObjectPool.java,,,,,,,,,,,,,,,,,,,,,,,,,3,12,0,5,1,2,7,3,1,1,2,1,1,1,1,1,1,,,,,,0,,1,40,1,1,1,1
Public Method,"org.apache.pdfbox.pdfwriter.compress.COSObjectPool.contains(COSBase)",pdfbox/src/main/java/org/apache/pdfbox/pdfwriter/compress/COSObjectPool.java,,,,,,,,,,,,,,,,,,,,,,,,,5,12,0,6,1,3,6,3,1,1,2,1,1,1,1,3,1,,,,,,0,,1,00,1,1,3,1
Public Method,"org.apache.pdfbox.pdfwriter.compress.COSObjectPool.contains(COSObjectKey)",pdfbox/src/main/java/org/apache/pdfbox/pdfwriter/compress/COSObjectPool.java,,,,,,,,,,,,,,,,,,,,,,,,,5,10,0,4,1,1,6,2,1,1,2,1,1,1,1,1,1,,,,,,0,,1,50,1,1,1,1
Public Method,"org.apache.pdfbox.pdfwriter.compress.COSObjectPool.getHighestXRefObjectNumber()",pdfbox/src/main/java/org/apache/pdfbox/pdfwriter/compress/COSObjectPool.java,,,,,,,,,,,,,,,,,,,,,,,,,2,11,0,4,1,1,7,1,1,1,2,1,1,1,1,1,1,,,,,,0,,1,75,1,1,1,1
Public Method,"org.apache.pdfbox.pdfwriter.compress.COSObjectPool.getKey(COSBase)",pdfbox/src/main/java/org/apache/pdfbox/pdfwriter/compress/COSObjectPool.java,,,,,,,,,,,,,,,,,,,,,,,,,4,21,0,13,2,6,8,3,4,4,7,2,5,3,3,3,1,,,,,,1,,0,62,3,3,3,1
Public Method,"org.apache.pdfbox.pdfwriter.compress.COSObjectPool.getObject(COSObjectKey)",pdfbox/src/main/java/org/apache/pdfbox/pdfwriter/compress/COSObjectPool.java,,,,,,,,,,,,,,,,,,,,,,,,,4,12,0,4,1,1,8,2,1,1,2,1,1,1,1,1,1,,,,,,0,,2,00,1,1,1,1
Public Method,"org.apache.pdfbox.pdfwriter.compress.COSObjectPool.put(COSObjectKey,COSBase)",pdfbox/src/main/java/org/apache/pdfbox/pdfwriter/compress/COSObjectPool.java,,,,,,,,,,,,,,,,,,,,,,,,,6,32,0,21,2,12,11,11,3,9,12,2,10,3,3,6,1,,,,,,1,,0,52,3,3,6,1
Public Class,"org.apache.pdfbox.pdfwriter.compress.COSWriterCompressionPool",pdfbox/src/main/java/org/apache/pdfbox/pdfwriter/compress/COSWriterCompressionPool.java,2,2,4,1,20,0,12,8,1,19,0,,0,1,,,11,6,11,23,0,3,0,8,,262,21,146,31,74,97,,,53,81,31,61,,,,,6,6,15,5,1,3,69,0,66,29,29,44,19
Public Constructor,"org.apache.pdfbox.pdfwriter.compress.COSWriterCompressionPool.COSWriterCompressionPool(PDDocument,CompressParameters)",pdfbox/src/main/java/org/apache/pdfbox/pdfwriter/compress/COSWriterCompressionPool.java,,,,,,,,,,,,,,,,,,,,,,,,,7,31,3,13,4,9,15,12,1,9,10,3,9,2,2,2,1,,,,,,0,,1,15,2,2,2,1
Private Method,"org.apache.pdfbox.pdfwriter.compress.COSWriterCompressionPool.addElements(Iterator<COSBase>)",pdfbox/src/main/java/org/apache/pdfbox/pdfwriter/compress/COSWriterCompressionPool.java,,,,,,,,,,,,,,,,,,,,,,,,,4,26,0,26,3,13,0,8,7,6,12,3,10,6,6,9,5,,,,,,3,,0,00,6,6,9,5
Private Method,"org.apache.pdfbox.pdfwriter.compress.COSWriterCompressionPool.addObjectToPool(COSObjectKey,COSBase)",pdfbox/src/main/java/org/apache/pdfbox/pdfwriter/compress/COSWriterCompressionPool.java,,,,,,,,,,,,,,,,,,,,,,,,,8,55,3,32,4,21,22,12,5,10,15,4,14,6,6,15,5,,,,,,2,,0,69,6,6,15,5
Private Method,"org.apache.pdfbox.pdfwriter.compress.COSWriterCompressionPool.addStructure(COSBase)",pdfbox/src/main/java/org/apache/pdfbox/pdfwriter/compress/COSWriterCompressionPool.java,,,,,,,,,,,,,,,,,,,,,,,,,3,31,0,25,2,12,6,8,12,6,12,2,10,6,6,8,1,,,,,,2,,0,24,6,6,8,1
Public Method,"org.apache.pdfbox.pdfwriter.compress.COSWriterCompressionPool.contains(COSBase)",pdfbox/src/main/java/org/apache/pdfbox/pdfwriter/compress/COSWriterCompressionPool.java,,,,,,,,,,,,,,,,,,,,,,,,,3,10,0,4,1,1,6,2,1,1,2,1,1,1,1,1,1,,,,,,0,,1,50,1,1,1,1
Public Method,"org.apache.pdfbox.pdfwriter.compress.COSWriterCompressionPool.createObjectStreams()",pdfbox/src/main/java/org/apache/pdfbox/pdfwriter/compress/COSWriterCompressionPool.java,,,,,,,,,,,,,,,,,,,,,,,,,4,24,0,16,4,9,8,9,3,9,12,5,9,3,3,4,1,,,,,,2,,0,50,3,3,4,1
Public Method,"org.apache.pdfbox.pdfwriter.compress.COSWriterCompressionPool.getHighestXRefObjectNumber()",pdfbox/src/main/java/org/apache/pdfbox/pdfwriter/compress/COSWriterCompressionPool.java,,,,,,,,,,,,,,,,,,,,,,,,,2,9,0,4,1,1,5,2,1,1,2,1,1,1,1,1,1,,,,,,0,,1,25,1,1,1,1
Public Method,"org.apache.pdfbox.pdfwriter.compress.COSWriterCompressionPool.getKey(COSBase)",pdfbox/src/main/java/org/apache/pdfbox/pdfwriter/compress/COSWriterCompressionPool.java,,,,,,,,,,,,,,,,,,,,,,,,,3,11,0,4,1,1,7,2,1,1,2,1,1,1,1,1,1,,,,,,0,,1,75,1,1,1,1
Public Method,"org.apache.pdfbox.pdfwriter.compress.COSWriterCompressionPool.getObject(COSObjectKey)",pdfbox/src/main/java/org/apache/pdfbox/pdfwriter/compress/COSWriterCompressionPool.java,,,,,,,,,,,,,,,,,,,,,,,,,3,11,0,4,1,1,7,2,1,1,2,1,1,1,1,1,1,,,,,,0,,1,75,1,1,1,1
Public Method,"org.apache.pdfbox.pdfwriter.compress.COSWriterCompressionPool.getObjectStreamObjects()",pdfbox/src/main/java/org/apache/pdfbox/pdfwriter/compress/COSWriterCompressionPool.java,,,,,,,,,,,,,,,,,,,,,,,,,2,11,0,4,1,1,7,1,1,1,2,1,1,1,1,1,1,,,,,,0,,1,75,1,1,1,1
Public Method,"org.apache.pdfbox.pdfwriter.compress.COSWriterCompressionPool.getTopLevelObjects()",pdfbox/src/main/java/org/apache/pdfbox/pdfwriter/compress/COSWriterCompressionPool.java,,,,,,,,,,,,,,,,,,,,,,,,,2,10,0,4,1,1,6,1,1,1,2,1,1,1,1,1,1,,,,,,0,,1,50,1,1,1,1
Public Class,"org.apache.pdfbox.pdfwriter.compress.COSWriterObjectStream",pdfbox/src/main/java/org/apache/pdfbox/pdfwriter/compress/COSWriterObjectStream.java,2,2,3,1,22,0,15,6,1,25,0,,0,0,,,15,3,15,27,0,11,0,4,,362,17,237,33,121,108,,,89,137,35,112,,,,,17,17,19,4,1,2,84,0,46,42,42,45,18
Public Constructor,"org.apache.pdfbox.pdfwriter.compress.COSWriterObjectStream.COSWriterObjectStream(COSWriterCompressionPool)",pdfbox/src/main/java/org/apache/pdfbox/pdfwriter/compress/COSWriterObjectStream.java,,,,,,,,,,,,,,,,,,,,,,,,,2,12,0,4,1,1,8,2,1,1,2,1,1,1,1,1,1,,,,,,0,,2,00,1,1,1,1
Public Method,"org.apache.pdfbox.pdfwriter.compress.COSWriterObjectStream.getPreparedKeys()",pdfbox/src/main/java/org/apache/pdfbox/pdfwriter/compress/COSWriterObjectStream.java,,,,,,,,,,,,,,,,,,,,,,,,,2,10,0,4,1,1,6,2,1,1,2,1,1,1,1,1,1,,,,,,0,,1,50,1,1,1,1
Public Method,"org.apache.pdfbox.pdfwriter.compress.COSWriterObjectStream.prepareStreamObject(COSObjectKey,COSBase)",pdfbox/src/main/java/org/apache/pdfbox/pdfwriter/compress/COSWriterObjectStream.java,,,,,,,,,,,,,,,,,,,,,,,,,5,16,0,9,1,4,7,2,2,2,4,1,3,3,3,4,1,,,,,,1,,0,78,3,3,4,1
Private Method,"org.apache.pdfbox.pdfwriter.compress.COSWriterObjectStream.writeCOSArray(OutputStream,COSArray)",pdfbox/src/main/java/org/apache/pdfbox/pdfwriter/compress/COSWriterObjectStream.java,,,,,,,,,,,,,,,,,,,,,,,,,6,23,0,17,1,8,6,4,3,5,9,2,7,3,3,3,1,,,,,,2,,0,35,3,3,3,1
Private Method,"org.apache.pdfbox.pdfwriter.compress.COSWriterObjectStream.writeCOSBoolean(OutputStream,COSBoolean)",pdfbox/src/main/java/org/apache/pdfbox/pdfwriter/compress/COSWriterObjectStream.java,,,,,,,,,,,,,,,,,,,,,,,,,4,11,0,5,1,2,6,2,1,2,3,1,2,1,1,1,1,,,,,,0,,1,20,1,1,1,1
Private Method,"org.apache.pdfbox.pdfwriter.compress.COSWriterObjectStream.writeCOSDictionary(OutputStream,COSDictionary)",pdfbox/src/main/java/org/apache/pdfbox/pdfwriter/compress/COSWriterObjectStream.java,,,,,,,,,,,,,,,,,,,,,,,,,6,21,0,15,2,7,6,5,3,5,9,2,7,3,3,3,1,,,,,,2,,0,40,3,3,3,1
Private Method,"org.apache.pdfbox.pdfwriter.compress.COSWriterObjectStream.writeCOSFloat(OutputStream,COSFloat)",pdfbox/src/main/java/org/apache/pdfbox/pdfwriter/compress/COSWriterObjectStream.java,,,,,,,,,,,,,,,,,,,,,,,,,4,11,0,5,1,2,6,2,1,2,3,1,2,1,1,1,1,,,,,,0,,1,20,1,1,1,1
Private Method,"org.apache.pdfbox.pdfwriter.compress.COSWriterObjectStream.writeCOSInteger(OutputStream,COSInteger)",pdfbox/src/main/java/org/apache/pdfbox/pdfwriter/compress/COSWriterObjectStream.java,,,,,,,,,,,,,,,,,,,,,,,,,4,11,0,5,1,2,6,2,1,2,3,1,2,1,1,1,1,,,,,,0,,1,20,1,1,1,1
Private Method,"org.apache.pdfbox.pdfwriter.compress.COSWriterObjectStream.writeCOSName(OutputStream,COSName)",pdfbox/src/main/java/org/apache/pdfbox/pdfwriter/compress/COSWriterObjectStream.java,,,,,,,,,,,,,,,,,,,,,,,,,4,11,0,5,1,2,6,2,1,2,3,1,2,1,1,1,1,,,,,,0,,1,20,1,1,1,1
Private Method,"org.apache.pdfbox.pdfwriter.compress.COSWriterObjectStream.writeCOSNull(OutputStream)",pdfbox/src/main/java/org/apache/pdfbox/pdfwriter/compress/COSWriterObjectStream.java,,,,,,,,,,,,,,,,,,,,,,,,,5,10,0,5,1,2,5,2,1,2,3,1,2,1,1,1,1,,,,,,0,,1,00,1,1,1,1
Private Method,"org.apache.pdfbox.pdfwriter.compress.COSWriterObjectStream.writeCOSString(OutputStream,COSString)",pdfbox/src/main/java/org/apache/pdfbox/pdfwriter/compress/COSWriterObjectStream.java,,,,,,,,,,,,,,,,,,,,,,,,,4,11,0,5,1,2,6,2,1,2,3,1,2,1,1,1,1,,,,,,0,,1,20,1,1,1,1
Private Method,"org.apache.pdfbox.pdfwriter.compress.COSWriterObjectStream.writeObject(OutputStream,Object,boolean)",pdfbox/src/main/java/org/apache/pdfbox/pdfwriter/compress/COSWriterObjectStream.java,,,,,,,,,,,,,,,,,,,,,,,,,8,84,0,73,5,37,11,16,28,19,35,3,34,17,17,19,4,,,,,,2,,0,15,17,17,19,4
Private Method,"org.apache.pdfbox.pdfwriter.compress.COSWriterObjectStream.writeObjectReference(OutputStream,COSObjectKey)",pdfbox/src/main/java/org/apache/pdfbox/pdfwriter/compress/COSWriterObjectStream.java,,,,,,,,,,,,,,,,,,,,,,,,,6,18,0,12,2,8,6,6,1,6,7,1,6,1,1,1,1,,,,,,0,,0,50,1,1,1,1
Public Method,"org.apache.pdfbox.pdfwriter.compress.COSWriterObjectStream.writeObjectsToStream(COSStream)",pdfbox/src/main/java/org/apache/pdfbox/pdfwriter/compress/COSWriterObjectStream.java,,,,,,,,,,,,,,,,,,,,,,,,,12,56,2,44,7,28,10,16,8,25,33,10,27,4,4,4,1,,,,,,2,,0,23,4,4,4,1
Private Method,"org.apache.pdfbox.pdfwriter.compress.COSWriterObjectStream.writeOperator(OutputStream,Operator)",pdfbox/src/main/java/org/apache/pdfbox/pdfwriter/compress/COSWriterObjectStream.java,,,,,,,,,,,,,,,,,,,,,,,,,8,29,0,23,3,13,6,10,3,10,14,4,12,3,3,3,1,,,,,,2,,0,26,3,3,3,1
Public Class,"org.apache.pdfbox.pdfwriter.compress.CompressParameters",pdfbox/src/main/java/org/apache/pdfbox/pdfwriter/compress/CompressParameters.java,1,1,1,1,10,0,5,5,1,1,0,,0,3,,,4,1,4,16,0,0,0,4,,58,6,27,9,9,25,,,9,15,9,8,,,,,2,2,2,1,1,1,25,0,93,5,5,5,4
Public Constructor,"org.apache.pdfbox.pdfwriter.compress.CompressParameters.CompressParameters()",pdfbox/src/main/java/org/apache/pdfbox/pdfwriter/compress/CompressParameters.java,,,,,,,,,,,,,,,,,,,,,,,,,2,4,0,4,1,1,0,2,1,1,2,1,1,1,1,1,1,,,,,,0,,0,00,1,1,1,1
Public Constructor,"org.apache.pdfbox.pdfwriter.compress.CompressParameters.CompressParameters(int)",pdfbox/src/main/java/org/apache/pdfbox/pdfwriter/compress/CompressParameters.java,,,,,,,,,,,,,,,,,,,,,,,,,2,16,0,8,1,3,8,3,2,2,4,1,3,2,2,2,1,,,,,,1,,1,00,2,2,2,1
Public Method,"org.apache.pdfbox.pdfwriter.compress.CompressParameters.getObjectStreamSize()",pdfbox/src/main/java/org/apache/pdfbox/pdfwriter/compress/CompressParameters.java,,,,,,,,,,,,,,,,,,,,,,,,,2,11,0,4,1,1,7,1,1,1,2,1,1,1,1,1,1,,,,,,0,,1,75,1,1,1,1
Public Method,"org.apache.pdfbox.pdfwriter.compress.CompressParameters.isCompress()",pdfbox/src/main/java/org/apache/pdfbox/pdfwriter/compress/CompressParameters.java,,,,,,,,,,,,,,,,,,,,,,,,,2,9,0,4,1,1,5,1,1,1,2,1,1,1,1,1,1,,,,,,0,,1,25,1,1,1,1
Package,"org.apache.pdfbox.pdmodel",pdfbox/src/main/java/org/apache/pdfbox/pdmodel/DefaultResourceCache.java,1,1,2,1,15,0,9,5,,,,35,5,8,32,,462,75,467,,61,33,24,349,,9107,790,5021,1451,2062,3304,,,2048,2946,1360,1891,,,,,11,11,14,8,,5,,0,66,846,842,927,545
Public Class,"org.apache.pdfbox.pdmodel.DefaultResourceCache",pdfbox/src/main/java/org/apache/pdfbox/pdmodel/DefaultResourceCache.java,1,1,1,1,7,0,7,0,2,13,0,,0,0,,,14,7,14,26,0,0,0,14,,148,20,122,50,42,6,,,35,57,29,42,,,,,2,2,2,1,1,1,85,0,05,21,21,21,14
Public Method,"org.apache.pdfbox.pdmodel.DefaultResourceCache.getColorSpace(COSObject)",pdfbox/src/main/java/org/apache/pdfbox/pdmodel/DefaultResourceCache.java,,,,,,,,,,,,,,,,,,,,,,,,,2,10,0,10,3,4,0,3,2,3,5,2,4,2,2,2,1,,,,,,1,,0,00,2,2,2,1
Public Method,"org.apache.pdfbox.pdmodel.DefaultResourceCache.getExtGState(COSObject)",pdfbox/src/main/java/org/apache/pdfbox/pdmodel/DefaultResourceCache.java,,,,,,,,,,,,,,,,,,,,,,,,,2,10,0,10,3,4,0,3,2,3,5,2,4,2,2,2,1,,,,,,1,,0,00,2,2,2,1
Public Method,"org.apache.pdfbox.pdmodel.DefaultResourceCache.getFont(COSObject)",pdfbox/src/main/java/org/apache/pdfbox/pdmodel/DefaultResourceCache.java,,,,,,,,,,,,,,,,,,,,,,,,,2,10,0,10,3,4,0,3,2,3,5,2,4,2,2,2,1,,,,,,1,,0,00,2,2,2,1
Public Method,"org.apache.pdfbox.pdmodel.DefaultResourceCache.getPattern(COSObject)",pdfbox/src/main/java/org/apache/pdfbox/pdmodel/DefaultResourceCache.java,,,,,,,,,,,,,,,,,,,,,,,,,2,10,0,10,3,4,0,3,2,3,5,2,4,2,2,2,1,,,,,,1,,0,00,2,2,2,1
Public Method,"org.apache.pdfbox.pdmodel.DefaultResourceCache.getProperties(COSObject)",pdfbox/src/main/java/org/apache/pdfbox/pdmodel/DefaultResourceCache.java,,,,,,,,,,,,,,,,,,,,,,,,,2,10,0,10,3,4,0,3,2,3,5,2,4,2,2,2,1,,,,,,1,,0,00,2,2,2,1
Public Method,"org.apache.pdfbox.pdmodel.DefaultResourceCache.getShading(COSObject)",pdfbox/src/main/java/org/apache/pdfbox/pdmodel/DefaultResourceCache.java,,,,,,,,,,,,,,,,,,,,,,,,,2,10,0,10,3,4,0,3,2,3,5,2,4,2,2,2,1,,,,,,1,,0,00,2,2,2,1
Public Method,"org.apache.pdfbox.pdmodel.DefaultResourceCache.getXObject(COSObject)",pdfbox/src/main/java/org/apache/pdfbox/pdmodel/DefaultResourceCache.java,,,,,,,,,,,,,,,,,,,,,,,,,2,10,0,10,3,4,0,3,2,3,5,2,4,2,2,2,1,,,,,,1,,0,00,2,2,2,1
Public Method,"org.apache.pdfbox.pdmodel.DefaultResourceCache.put(COSObject,PDAbstractPattern)",pdfbox/src/main/java/org/apache/pdfbox/pdmodel/DefaultResourceCache.java,,,,,,,,,,,,,,,,,,,,,,,,,3,5,0,5,2,1,0,2,1,1,2,1,1,1,1,1,1,,,,,,0,,0,00,1,1,1,1
Public Method,"org.apache.pdfbox.pdmodel.DefaultResourceCache.put(COSObject,PDColorSpace)",pdfbox/src/main/java/org/apache/pdfbox/pdmodel/DefaultResourceCache.java,,,,,,,,,,,,,,,,,,,,,,,,,3,5,0,5,2,1,0,2,1,1,2,1,1,1,1,1,1,,,,,,0,,0,00,1,1,1,1
Public Method,"org.apache.pdfbox.pdmodel.DefaultResourceCache.put(COSObject,PDExtendedGraphicsState)",pdfbox/src/main/java/org/apache/pdfbox/pdmodel/DefaultResourceCache.java,,,,,,,,,,,,,,,,,,,,,,,,,3,5,0,5,2,1,0,2,1,1,2,1,1,1,1,1,1,,,,,,0,,0,00,1,1,1,1
Public Method,"org.apache.pdfbox.pdmodel.DefaultResourceCache.put(COSObject,PDFont)",pdfbox/src/main/java/org/apache/pdfbox/pdmodel/DefaultResourceCache.java,,,,,,,,,,,,,,,,,,,,,,,,,3,5,0,5,2,1,0,2,1,1,2,1,1,1,1,1,1,,,,,,0,,0,00,1,1,1,1
Public Method,"org.apache.pdfbox.pdmodel.DefaultResourceCache.put(COSObject,PDPropertyList)",pdfbox/src/main/java/org/apache/pdfbox/pdmodel/DefaultResourceCache.java,,,,,,,,,,,,,,,,,,,,,,,,,3,5,0,5,2,1,0,2,1,1,2,1,1,1,1,1,1,,,,,,0,,0,00,1,1,1,1
Public Method,"org.apache.pdfbox.pdmodel.DefaultResourceCache.put(COSObject,PDShading)",pdfbox/src/main/java/org/apache/pdfbox/pdmodel/DefaultResourceCache.java,,,,,,,,,,,,,,,,,,,,,,,,,3,5,0,5,2,1,0,2,1,1,2,1,1,1,1,1,1,,,,,,0,,0,00,1,1,1,1
Public Method,"org.apache.pdfbox.pdmodel.DefaultResourceCache.put(COSObject,PDXObject)",pdfbox/src/main/java/org/apache/pdfbox/pdmodel/DefaultResourceCache.java,,,,,,,,,,,,,,,,,,,,,,,,,3,5,0,5,2,1,0,2,1,1,2,1,1,1,1,1,1,,,,,,0,,0,00,1,1,1,1
Public Final Class,"org.apache.pdfbox.pdmodel.MissingResourceException",pdfbox/src/main/java/org/apache/pdfbox/pdmodel/MissingResourceException.java,1,1,1,1,4,0,4,0,1,1,0,,0,0,,,1,0,1,48,0,0,0,1,,10,0,7,2,1,3,,,1,3,2,1,,,,,1,1,1,1,1,0,0,0,43,1,1,1,1
Public Constructor,"org.apache.pdfbox.pdmodel.MissingResourceException.MissingResourceException(String)",pdfbox/src/main/java/org/apache/pdfbox/pdmodel/MissingResourceException.java,,,,,,,,,,,,,,,,,,,,,,,,,3,4,0,4,1,1,0,2,1,1,2,1,1,1,1,1,1,,,,,,0,,0,00,1,1,1,1
Abstract Class,"org.apache.pdfbox.pdmodel.PDAbstractContentStream",pdfbox/src/main/java/org/apache/pdfbox/pdmodel/PDAbstractContentStream.java,2,2,2,1,18,0,10,6,2,64,4,,0,1,,,81,11,81,93,1,4,14,62,,1590,140,893,126,444,558,,,329,507,130,404,,,,,9,9,9,1,1,3,91,0,62,168,168,195,81
Constructor,"org.apache.pdfbox.pdmodel.PDAbstractContentStream.PDAbstractContentStream(PDDocument,OutputStream,PDResources)",pdfbox/src/main/java/org/apache/pdfbox/pdmodel/PDAbstractContentStream.java,,,,,,,,,,,,,,,,,,,,,,,,,9,16,1,8,1,5,7,6,1,5,6,1,5,1,1,1,1,,,,,,0,,0,88,1,1,1,1
Public Method,"org.apache.pdfbox.pdmodel.PDAbstractContentStream.addComment(String)",pdfbox/src/main/java/org/apache/pdfbox/pdmodel/PDAbstractContentStream.java,,,,,,,,,,,,,,,,,,,,,,,,,3,18,0,10,1,5,8,5,2,4,6,1,5,2,2,3,1,,,,,,1,,0,80,2,2,3,1
Public Method,"org.apache.pdfbox.pdmodel.PDAbstractContentStream.addRect(float,float,float,float)",pdfbox/src/main/java/org/apache/pdfbox/pdmodel/PDAbstractContentStream.java,,,,,,,,,,,,,,,,,,,,,,,,,23,22,0,12,1,7,10,3,2,6,8,1,7,2,2,2,1,,,,,,1,,0,83,2,2,2,1
Private Method,"org.apache.pdfbox.pdmodel.PDAbstractContentStream.applyGSUBRules(GsubWorker,ByteArrayOutputStream,PDType0Font,String)",pdfbox/src/main/java/org/apache/pdfbox/pdmodel/PDAbstractContentStream.java,,,,,,,,,,,,,,,,,,,,,,,,,5,27,5,21,5,12,1,10,6,8,14,7,11,4,4,4,1,,,,,,2,,0,05,4,4,4,1
Public Method,"org.apache.pdfbox.pdmodel.PDAbstractContentStream.beginMarkedContent(COSName)",pdfbox/src/main/java/org/apache/pdfbox/pdmodel/PDAbstractContentStream.java,,,,,,,,,,,,,,,,,,,,,,,,,2,11,0,5,1,2,6,2,1,2,3,1,2,1,1,1,1,,,,,,0,,1,20,1,1,1,1
Public Method,"org.apache.pdfbox.pdmodel.PDAbstractContentStream.beginMarkedContent(COSName,PDPropertyList)",pdfbox/src/main/java/org/apache/pdfbox/pdmodel/PDAbstractContentStream.java,,,,,,,,,,,,,,,,,,,,,,,,,8,14,0,6,1,3,8,3,1,3,4,1,3,1,1,1,1,,,,,,0,,1,33,1,1,1,1
Public Method,"org.apache.pdfbox.pdmodel.PDAbstractContentStream.beginText()",pdfbox/src/main/java/org/apache/pdfbox/pdmodel/PDAbstractContentStream.java,,,,,,,,,,,,,,,,,,,,,,,,,53,16,0,9,1,4,7,3,2,3,5,1,4,2,2,2,1,,,,,,1,,0,78,2,2,2,1
Public Method,"org.apache.pdfbox.pdmodel.PDAbstractContentStream.clip()",pdfbox/src/main/java/org/apache/pdfbox/pdmodel/PDAbstractContentStream.java,,,,,,,,,,,,,,,,,,,,,,,,,6,17,1,9,1,4,7,2,2,3,5,1,4,2,2,2,1,,,,,,1,,0,78,2,2,2,1
Public Method,"org.apache.pdfbox.pdmodel.PDAbstractContentStream.clipEvenOdd()",pdfbox/src/main/java/org/apache/pdfbox/pdmodel/PDAbstractContentStream.java,,,,,,,,,,,,,,,,,,,,,,,,,3,17,1,9,1,4,7,2,2,3,5,1,4,2,2,2,1,,,,,,1,,0,78,2,2,2,1
Public Method,"org.apache.pdfbox.pdmodel.PDAbstractContentStream.close()",pdfbox/src/main/java/org/apache/pdfbox/pdmodel/PDAbstractContentStream.java,,,,,,,,,,,,,,,,,,,,,,,,,13,14,0,9,2,3,5,2,2,2,4,1,3,2,2,2,1,,,,,,1,,0,56,2,2,2,1
Public Method,"org.apache.pdfbox.pdmodel.PDAbstractContentStream.closeAndFillAndStroke()",pdfbox/src/main/java/org/apache/pdfbox/pdmodel/PDAbstractContentStream.java,,,,,,,,,,,,,,,,,,,,,,,,,8,16,0,8,1,3,8,2,2,2,4,1,3,2,2,2,1,,,,,,1,,1,00,2,2,2,1
Public Method,"org.apache.pdfbox.pdmodel.PDAbstractContentStream.closeAndFillAndStrokeEvenOdd()",pdfbox/src/main/java/org/apache/pdfbox/pdmodel/PDAbstractContentStream.java,,,,,,,,,,,,,,,,,,,,,,,,,2,16,0,8,1,3,8,2,2,2,4,1,3,2,2,2,1,,,,,,1,,1,00,2,2,2,1
Public Method,"org.apache.pdfbox.pdmodel.PDAbstractContentStream.closeAndStroke()",pdfbox/src/main/java/org/apache/pdfbox/pdmodel/PDAbstractContentStream.java,,,,,,,,,,,,,,,,,,,,,,,,,3,14,0,8,1,3,6,2,2,2,4,1,3,2,2,2,1,,,,,,1,,0,75,2,2,2,1
Public Method,"org.apache.pdfbox.pdmodel.PDAbstractContentStream.closePath()",pdfbox/src/main/java/org/apache/pdfbox/pdmodel/PDAbstractContentStream.java,,,,,,,,,,,,,,,,,,,,,,,,,16,14,0,8,1,3,6,2,2,2,4,1,3,2,2,2,1,,,,,,1,,0,75,2,2,2,1
Public Method,"org.apache.pdfbox.pdmodel.PDAbstractContentStream.curveTo(float,float,float,float,float,float)",pdfbox/src/main/java/org/apache/pdfbox/pdmodel/PDAbstractContentStream.java,,,,,,,,,,,,,,,,,,,,,,,,,20,27,0,14,1,9,13,3,2,8,10,1,9,2,2,2,1,,,,,,1,,0,93,2,2,2,1
Public Method,"org.apache.pdfbox.pdmodel.PDAbstractContentStream.curveTo1(float,float,float,float)",pdfbox/src/main/java/org/apache/pdfbox/pdmodel/PDAbstractContentStream.java,,,,,,,,,,,,,,,,,,,,,,,,,6,23,0,12,1,7,11,3,2,6,8,1,7,2,2,2,1,,,,,,1,,0,92,2,2,2,1
Public Method,"org.apache.pdfbox.pdmodel.PDAbstractContentStream.curveTo2(float,float,float,float)",pdfbox/src/main/java/org/apache/pdfbox/pdmodel/PDAbstractContentStream.java,,,,,,,,,,,,,,,,,,,,,,,,,6,23,0,12,1,7,11,3,2,6,8,1,7,2,2,2,1,,,,,,1,,0,92,2,2,2,1
Public Method,"org.apache.pdfbox.pdmodel.PDAbstractContentStream.drawForm(PDFormXObject)",pdfbox/src/main/java/org/apache/pdfbox/pdmodel/PDAbstractContentStream.java,,,,,,,,,,,,,,,,,,,,,,,,,9,17,1,9,1,4,7,4,2,3,5,1,4,2,2,2,1,,,,,,1,,0,78,2,2,2,1
Public Method,"org.apache.pdfbox.pdmodel.PDAbstractContentStream.drawImage(PDImageXObject,Matrix)",pdfbox/src/main/java/org/apache/pdfbox/pdmodel/PDAbstractContentStream.java,,,,,,,,,,,,,,,,,,,,,,,,,5,26,4,13,2,8,9,9,2,7,9,2,8,2,2,2,1,,,,,,1,,0,69,2,2,2,1
Public Method,"org.apache.pdfbox.pdmodel.PDAbstractContentStream.drawImage(PDImageXObject,float,float)",pdfbox/src/main/java/org/apache/pdfbox/pdmodel/PDAbstractContentStream.java,,,,,,,,,,,,,,,,,,,,,,,,,9,13,0,4,1,1,9,3,1,1,2,1,1,1,1,1,1,,,,,,0,,2,25,1,1,1,1
Public Method,"org.apache.pdfbox.pdmodel.PDAbstractContentStream.drawImage(PDImageXObject,float,float,float,float)",pdfbox/src/main/java/org/apache/pdfbox/pdmodel/PDAbstractContentStream.java,,,,,,,,,,,,,,,,,,,,,,,,,18,29,4,13,2,8,12,9,2,7,9,2,8,2,2,2,1,,,,,,1,,0,92,2,2,2,1
Public Method,"org.apache.pdfbox.pdmodel.PDAbstractContentStream.drawImage(PDInlineImage,float,float)",pdfbox/src/main/java/org/apache/pdfbox/pdmodel/PDAbstractContentStream.java,,,,,,,,,,,,,,,,,,,,,,,,,4,13,0,4,1,1,9,3,1,1,2,1,1,1,1,1,1,,,,,,0,,2,25,1,1,1,1
Public Method,"org.apache.pdfbox.pdmodel.PDAbstractContentStream.drawImage(PDInlineImage,float,float,float,float)",pdfbox/src/main/java/org/apache/pdfbox/pdmodel/PDAbstractContentStream.java,,,,,,,,,,,,,,,,,,,,,,,,,11,69,11,43,3,32,15,23,12,28,34,4,32,5,5,6,1,,,,,,2,,0,35,5,5,6,1
Private Method,"org.apache.pdfbox.pdmodel.PDAbstractContentStream.encodeForGsub(GsubWorker,Set<Integer>,PDType0Font,String)",pdfbox/src/main/java/org/apache/pdfbox/pdmodel/PDAbstractContentStream.java,,,,,,,,,,,,,,,,,,,,,,,,,5,24,4,19,5,9,1,12,3,6,10,5,8,3,3,3,1,,,,,,2,,0,05,3,3,3,1
Public Method,"org.apache.pdfbox.pdmodel.PDAbstractContentStream.endMarkedContent()",pdfbox/src/main/java/org/apache/pdfbox/pdmodel/PDAbstractContentStream.java,,,,,,,,,,,,,,,,,,,,,,,,,5,9,0,4,1,1,5,1,1,1,2,1,1,1,1,1,1,,,,,,0,,1,25,1,1,1,1
Public Method,"org.apache.pdfbox.pdmodel.PDAbstractContentStream.endText()",pdfbox/src/main/java/org/apache/pdfbox/pdmodel/PDAbstractContentStream.java,,,,,,,,,,,,,,,,,,,,,,,,,53,16,0,9,1,4,7,3,2,3,5,1,4,2,2,2,1,,,,,,1,,0,78,2,2,2,1
Public Method,"org.apache.pdfbox.pdmodel.PDAbstractContentStream.fill()",pdfbox/src/main/java/org/apache/pdfbox/pdmodel/PDAbstractContentStream.java,,,,,,,,,,,,,,,,,,,,,,,,,22,14,0,8,1,3,6,2,2,2,4,1,3,2,2,2,1,,,,,,1,,0,75,2,2,2,1
Public Method,"org.apache.pdfbox.pdmodel.PDAbstractContentStream.fillAndStroke()",pdfbox/src/main/java/org/apache/pdfbox/pdmodel/PDAbstractContentStream.java,,,,,,,,,,,,,,,,,,,,,,,,,13,16,0,8,1,3,8,2,2,2,4,1,3,2,2,2,1,,,,,,1,,1,00,2,2,2,1
Public Method,"org.apache.pdfbox.pdmodel.PDAbstractContentStream.fillAndStrokeEvenOdd()",pdfbox/src/main/java/org/apache/pdfbox/pdmodel/PDAbstractContentStream.java,,,,,,,,,,,,,,,,,,,,,,,,,2,16,0,8,1,3,8,2,2,2,4,1,3,2,2,2,1,,,,,,1,,1,00,2,2,2,1
Public Method,"org.apache.pdfbox.pdmodel.PDAbstractContentStream.fillEvenOdd()",pdfbox/src/main/java/org/apache/pdfbox/pdmodel/PDAbstractContentStream.java,,,,,,,,,,,,,,,,,,,,,,,,,2,14,0,8,1,3,6,2,2,2,4,1,3,2,2,2,1,,,,,,1,,0,75,2,2,2,1
Protected Method,"org.apache.pdfbox.pdmodel.PDAbstractContentStream.getName(PDColorSpace)",pdfbox/src/main/java/org/apache/pdfbox/pdmodel/PDAbstractContentStream.java,,,,,,,,,,,,,,,,,,,,,,,,,4,13,0,13,1,6,0,4,2,2,4,1,3,2,2,4,1,,,,,,1,,0,00,2,2,4,1
Protected Method,"org.apache.pdfbox.pdmodel.PDAbstractContentStream.isOutside255Interval(int)",pdfbox/src/main/java/org/apache/pdfbox/pdmodel/PDAbstractContentStream.java,,,,,,,,,,,,,,,,,,,,,,,,,1,4,0,4,1,1,0,1,1,1,2,1,1,1,1,2,1,,,,,,0,,0,00,1,1,2,1
Private Method,"org.apache.pdfbox.pdmodel.PDAbstractContentStream.isOutsideOneInterval(double)",pdfbox/src/main/java/org/apache/pdfbox/pdmodel/PDAbstractContentStream.java,,,,,,,,,,,,,,,,,,,,,,,,,7,4,0,4,1,1,0,1,1,1,2,1,1,1,1,2,1,,,,,,0,,0,00,1,1,2,1
Public Method,"org.apache.pdfbox.pdmodel.PDAbstractContentStream.lineTo(float,float)",pdfbox/src/main/java/org/apache/pdfbox/pdmodel/PDAbstractContentStream.java,,,,,,,,,,,,,,,,,,,,,,,,,31,18,0,10,1,5,8,3,2,4,6,1,5,2,2,2,1,,,,,,1,,0,80,2,2,2,1
Public Method,"org.apache.pdfbox.pdmodel.PDAbstractContentStream.moveTo(float,float)",pdfbox/src/main/java/org/apache/pdfbox/pdmodel/PDAbstractContentStream.java,,,,,,,,,,,,,,,,,,,,,,,,,36,18,0,10,1,5,8,3,2,4,6,1,5,2,2,2,1,,,,,,1,,0,80,2,2,2,1
Public Method,"org.apache.pdfbox.pdmodel.PDAbstractContentStream.newLine()",pdfbox/src/main/java/org/apache/pdfbox/pdmodel/PDAbstractContentStream.java,,,,,,,,,,,,,,,,,,,,,,,,,6,14,0,8,1,3,6,2,2,2,4,1,3,2,2,2,1,,,,,,1,,0,75,2,2,2,1
Public Method,"org.apache.pdfbox.pdmodel.PDAbstractContentStream.newLineAtOffset(float,float)",pdfbox/src/main/java/org/apache/pdfbox/pdmodel/PDAbstractContentStream.java,,,,,,,,,,,,,,,,,,,,,,,,,51,19,0,10,1,5,9,3,2,4,6,1,5,2,2,2,1,,,,,,1,,0,90,2,2,2,1
Public Method,"org.apache.pdfbox.pdmodel.PDAbstractContentStream.restoreGraphicsState()",pdfbox/src/main/java/org/apache/pdfbox/pdmodel/PDAbstractContentStream.java,,,,,,,,,,,,,,,,,,,,,,,,,23,25,1,20,1,9,4,4,16,5,10,1,9,5,5,5,1,,,,,,1,,0,20,5,5,5,1
Public Method,"org.apache.pdfbox.pdmodel.PDAbstractContentStream.saveGraphicsState()",pdfbox/src/main/java/org/apache/pdfbox/pdmodel/PDAbstractContentStream.java,,,,,,,,,,,,,,,,,,,,,,,,,22,25,1,20,1,9,4,5,16,5,10,1,9,5,5,5,1,,,,,,1,,0,20,5,5,5,1
Public Method,"org.apache.pdfbox.pdmodel.PDAbstractContentStream.setCharacterSpacing(float)",pdfbox/src/main/java/org/apache/pdfbox/pdmodel/PDAbstractContentStream.java,,,,,,,,,,,,,,,,,,,,,,,,,2,12,0,5,1,2,7,2,1,2,3,1,2,1,1,1,1,,,,,,0,,1,40,1,1,1,1
Public Method,"org.apache.pdfbox.pdmodel.PDAbstractContentStream.setFont(PDFont,float)",pdfbox/src/main/java/org/apache/pdfbox/pdmodel/PDAbstractContentStream.java,,,,,,,,,,,,,,,,,,,,,,,,,59,54,3,42,5,23,9,19,24,13,20,4,18,7,7,8,1,,,,,,2,,0,21,7,7,8,1
Public Method,"org.apache.pdfbox.pdmodel.PDAbstractContentStream.setGraphicsStateParameters(PDExtendedGraphicsState)",pdfbox/src/main/java/org/apache/pdfbox/pdmodel/PDAbstractContentStream.java,,,,,,,,,,,,,,,,,,,,,,,,,12,11,0,5,1,2,6,3,1,2,3,1,2,1,1,1,1,,,,,,0,,1,20,1,1,1,1
Public Method,"org.apache.pdfbox.pdmodel.PDAbstractContentStream.setHorizontalScaling(float)",pdfbox/src/main/java/org/apache/pdfbox/pdmodel/PDAbstractContentStream.java,,,,,,,,,,,,,,,,,,,,,,,,,2,12,0,5,1,2,7,2,1,2,3,1,2,1,1,1,1,,,,,,0,,1,40,1,1,1,1
Public Method,"org.apache.pdfbox.pdmodel.PDAbstractContentStream.setLeading(float)",pdfbox/src/main/java/org/apache/pdfbox/pdmodel/PDAbstractContentStream.java,,,,,,,,,,,,,,,,,,,,,,,,,6,11,0,5,1,2,6,2,1,2,3,1,2,1,1,1,1,,,,,,0,,1,20,1,1,1,1
Public Method,"org.apache.pdfbox.pdmodel.PDAbstractContentStream.setLineCapStyle(int)",pdfbox/src/main/java/org/apache/pdfbox/pdmodel/PDAbstractContentStream.java,,,,,,,,,,,,,,,,,,,,,,,,,20,19,0,12,1,5,7,3,2,3,5,1,4,2,2,3,1,,,,,,1,,0,58,2,2,3,1
Public Method,"org.apache.pdfbox.pdmodel.PDAbstractContentStream.setLineDashPattern(float[],float)",pdfbox/src/main/java/org/apache/pdfbox/pdmodel/PDAbstractContentStream.java,,,,,,,,,,,,,,,,,,,,,,,,,11,18,0,11,1,6,7,3,2,5,8,2,6,2,2,2,1,,,,,,1,,0,64,2,2,2,1
Public Method,"org.apache.pdfbox.pdmodel.PDAbstractContentStream.setLineJoinStyle(int)",pdfbox/src/main/java/org/apache/pdfbox/pdmodel/PDAbstractContentStream.java,,,,,,,,,,,,,,,,,,,,,,,,,21,19,0,12,1,5,7,3,2,3,5,1,4,2,2,3,1,,,,,,1,,0,58,2,2,3,1
Public Method,"org.apache.pdfbox.pdmodel.PDAbstractContentStream.setLineWidth(float)",pdfbox/src/main/java/org/apache/pdfbox/pdmodel/PDAbstractContentStream.java,,,,,,,,,,,,,,,,,,,,,,,,,29,11,0,5,1,2,6,2,1,2,3,1,2,1,1,1,1,,,,,,0,,1,20,1,1,1,1
Protected Method,"org.apache.pdfbox.pdmodel.PDAbstractContentStream.setMaximumFractionDigits(int)",pdfbox/src/main/java/org/apache/pdfbox/pdmodel/PDAbstractContentStream.java,,,,,,,,,,,,,,,,,,,,,,,,,3,10,0,4,1,1,6,1,1,1,2,1,1,1,1,1,1,,,,,,0,,1,50,1,1,1,1
Public Method,"org.apache.pdfbox.pdmodel.PDAbstractContentStream.setMiterLimit(float)",pdfbox/src/main/java/org/apache/pdfbox/pdmodel/PDAbstractContentStream.java,,,,,,,,,,,,,,,,,,,,,,,,,20,16,0,9,1,4,7,3,2,3,5,1,4,2,2,2,1,,,,,,1,,0,78,2,2,2,1
Public Method,"org.apache.pdfbox.pdmodel.PDAbstractContentStream.setNonStrokingColor(Color)",pdfbox/src/main/java/org/apache/pdfbox/pdmodel/PDAbstractContentStream.java,,,,,,,,,,,,,,,,,,,,,,,,,12,13,0,7,4,4,6,5,1,3,4,3,2,1,1,1,1,,,,,,0,,0,86,1,1,1,1
Public Method,"org.apache.pdfbox.pdmodel.PDAbstractContentStream.setNonStrokingColor(PDColor)",pdfbox/src/main/java/org/apache/pdfbox/pdmodel/PDAbstractContentStream.java,,,,,,,,,,,,,,,,,,,,,,,,,15,38,3,29,1,16,6,10,16,7,13,2,11,5,5,9,1,,,,,,1,,0,21,5,5,9,1
Public Method,"org.apache.pdfbox.pdmodel.PDAbstractContentStream.setNonStrokingColor(float)",pdfbox/src/main/java/org/apache/pdfbox/pdmodel/PDAbstractContentStream.java,,,,,,,,,,,,,,,,,,,,,,,,,14,17,0,10,1,5,7,5,2,4,6,1,5,2,2,2,1,,,,,,1,,0,70,2,2,2,1
Public Method,"org.apache.pdfbox.pdmodel.PDAbstractContentStream.setNonStrokingColor(float,float,float)",pdfbox/src/main/java/org/apache/pdfbox/pdmodel/PDAbstractContentStream.java,,,,,,,,,,,,,,,,,,,,,,,,,7,22,0,13,1,8,9,6,2,6,8,1,7,2,2,4,1,,,,,,1,,0,69,2,2,4,1
Public Method,"org.apache.pdfbox.pdmodel.PDAbstractContentStream.setNonStrokingColor(float,float,float,float)",pdfbox/src/main/java/org/apache/pdfbox/pdmodel/PDAbstractContentStream.java,,,,,,,,,,,,,,,,,,,,,,,,,7,23,0,14,1,9,9,6,2,7,9,1,8,2,2,5,1,,,,,,1,,0,64,2,2,5,1
Protected Method,"org.apache.pdfbox.pdmodel.PDAbstractContentStream.setNonStrokingColorSpaceStack(PDColorSpace)",pdfbox/src/main/java/org/apache/pdfbox/pdmodel/PDAbstractContentStream.java,,,,,,,,,,,,,,,,,,,,,,,,,6,12,0,12,1,5,0,4,2,3,5,1,4,2,2,2,1,,,,,,1,,0,00,2,2,2,1
Public Method,"org.apache.pdfbox.pdmodel.PDAbstractContentStream.setRenderingMode(RenderingMode)",pdfbox/src/main/java/org/apache/pdfbox/pdmodel/PDAbstractContentStream.java,,,,,,,,,,,,,,,,,,,,,,,,,2,12,0,5,1,2,7,3,1,2,3,1,2,1,1,1,1,,,,,,0,,1,40,1,1,1,1
Public Method,"org.apache.pdfbox.pdmodel.PDAbstractContentStream.setStrokingColor(Color)",pdfbox/src/main/java/org/apache/pdfbox/pdmodel/PDAbstractContentStream.java,,,,,,,,,,,,,,,,,,,,,,,,,4,13,0,7,4,4,6,5,1,3,4,3,2,1,1,1,1,,,,,,0,,0,86,1,1,1,1
Public Method,"org.apache.pdfbox.pdmodel.PDAbstractContentStream.setStrokingColor(PDColor)",pdfbox/src/main/java/org/apache/pdfbox/pdmodel/PDAbstractContentStream.java,,,,,,,,,,,,,,,,,,,,,,,,,15,38,3,29,1,16,6,10,16,7,13,2,11,5,5,9,1,,,,,,1,,0,21,5,5,9,1
Public Method,"org.apache.pdfbox.pdmodel.PDAbstractContentStream.setStrokingColor(float)",pdfbox/src/main/java/org/apache/pdfbox/pdmodel/PDAbstractContentStream.java,,,,,,,,,,,,,,,,,,,,,,,,,5,17,0,10,1,5,7,5,2,4,6,1,5,2,2,2,1,,,,,,1,,0,70,2,2,2,1
Public Method,"org.apache.pdfbox.pdmodel.PDAbstractContentStream.setStrokingColor(float,float,float)",pdfbox/src/main/java/org/apache/pdfbox/pdmodel/PDAbstractContentStream.java,,,,,,,,,,,,,,,,,,,,,,,,,6,22,0,13,1,8,9,6,2,6,8,1,7,2,2,4,1,,,,,,1,,0,69,2,2,4,1
Public Method,"org.apache.pdfbox.pdmodel.PDAbstractContentStream.setStrokingColor(float,float,float,float)",pdfbox/src/main/java/org/apache/pdfbox/pdmodel/PDAbstractContentStream.java,,,,,,,,,,,,,,,,,,,,,,,,,7,24,0,14,1,9,10,6,2,7,9,1,8,2,2,5,1,,,,,,1,,0,71,2,2,5,1
Protected Method,"org.apache.pdfbox.pdmodel.PDAbstractContentStream.setStrokingColorSpaceStack(PDColorSpace)",pdfbox/src/main/java/org/apache/pdfbox/pdmodel/PDAbstractContentStream.java,,,,,,,,,,,,,,,,,,,,,,,,,6,12,0,12,1,5,0,4,2,3,5,1,4,2,2,2,1,,,,,,1,,0,00,2,2,2,1
Public Method,"org.apache.pdfbox.pdmodel.PDAbstractContentStream.setTextMatrix(Matrix)",pdfbox/src/main/java/org/apache/pdfbox/pdmodel/PDAbstractContentStream.java,,,,,,,,,,,,,,,,,,,,,,,,,7,17,0,9,1,4,8,4,2,3,5,1,4,2,2,2,1,,,,,,1,,0,89,2,2,2,1
Public Method,"org.apache.pdfbox.pdmodel.PDAbstractContentStream.setTextRise(float)",pdfbox/src/main/java/org/apache/pdfbox/pdmodel/PDAbstractContentStream.java,,,,,,,,,,,,,,,,,,,,,,,,,2,13,0,5,1,2,8,2,1,2,3,1,2,1,1,1,1,,,,,,0,,1,60,1,1,1,1
Public Method,"org.apache.pdfbox.pdmodel.PDAbstractContentStream.setWordSpacing(float)",pdfbox/src/main/java/org/apache/pdfbox/pdmodel/PDAbstractContentStream.java,,,,,,,,,,,,,,,,,,,,,,,,,3,18,0,5,1,2,13,2,1,2,3,1,2,1,1,1,1,,,,,,0,,2,60,1,1,1,1
Public Method,"org.apache.pdfbox.pdmodel.PDAbstractContentStream.shadingFill(PDShading)",pdfbox/src/main/java/org/apache/pdfbox/pdmodel/PDAbstractContentStream.java,,,,,,,,,,,,,,,,,,,,,,,,,5,17,1,9,1,4,7,4,2,3,5,1,4,2,2,2,1,,,,,,1,,0,78,2,2,2,1
Public Method,"org.apache.pdfbox.pdmodel.PDAbstractContentStream.showText(String)",pdfbox/src/main/java/org/apache/pdfbox/pdmodel/PDAbstractContentStream.java,,,,,,,,,,,,,,,,,,,,,,,,,54,13,0,6,1,3,7,3,1,3,4,1,3,1,1,1,1,,,,,,0,,1,17,1,1,1,1
Protected Method,"org.apache.pdfbox.pdmodel.PDAbstractContentStream.showTextInternal(String)",pdfbox/src/main/java/org/apache/pdfbox/pdmodel/PDAbstractContentStream.java,,,,,,,,,,,,,,,,,,,,,,,,,7,58,7,42,8,23,9,15,96,15,24,8,20,9,9,9,1,,,,,,3,,0,21,9,9,9,1
Public Method,"org.apache.pdfbox.pdmodel.PDAbstractContentStream.showTextWithPositioning(Object[])",pdfbox/src/main/java/org/apache/pdfbox/pdmodel/PDAbstractContentStream.java,,,,,,,,,,,,,,,,,,,,,,,,,3,34,0,21,1,10,13,5,4,6,11,2,9,4,4,4,1,,,,,,2,,0,62,4,4,4,1
Public Method,"org.apache.pdfbox.pdmodel.PDAbstractContentStream.stroke()",pdfbox/src/main/java/org/apache/pdfbox/pdmodel/PDAbstractContentStream.java,,,,,,,,,,,,,,,,,,,,,,,,,15,14,0,8,1,3,6,2,2,2,4,1,3,2,2,2,1,,,,,,1,,0,75,2,2,2,1
Public Method,"org.apache.pdfbox.pdmodel.PDAbstractContentStream.transform(Matrix)",pdfbox/src/main/java/org/apache/pdfbox/pdmodel/PDAbstractContentStream.java,,,,,,,,,,,,,,,,,,,,,,,,,30,19,1,9,1,4,9,4,2,3,5,1,4,2,2,2,1,,,,,,1,,1,00,2,2,2,1
Protected Method,"org.apache.pdfbox.pdmodel.PDAbstractContentStream.write(String)",pdfbox/src/main/java/org/apache/pdfbox/pdmodel/PDAbstractContentStream.java,,,,,,,,,,,,,,,,,,,,,,,,,10,9,0,4,1,1,5,2,1,1,2,1,1,1,1,1,1,,,,,,0,,1,25,1,1,1,1
Protected Method,"org.apache.pdfbox.pdmodel.PDAbstractContentStream.write(byte[])",pdfbox/src/main/java/org/apache/pdfbox/pdmodel/PDAbstractContentStream.java,,,,,,,,,,,,,,,,,,,,,,,,,3,9,0,4,1,1,5,1,1,1,2,1,1,1,1,1,1,,,,,,0,,1,25,1,1,1,1
Private Method,"org.apache.pdfbox.pdmodel.PDAbstractContentStream.writeAffineTransform(AffineTransform)",pdfbox/src/main/java/org/apache/pdfbox/pdmodel/PDAbstractContentStream.java,,,,,,,,,,,,,,,,,,,,,,,,,3,12,0,9,2,4,3,2,2,3,6,3,3,2,2,2,1,,,,,,1,,0,33,2,2,2,1
Protected Method,"org.apache.pdfbox.pdmodel.PDAbstractContentStream.writeBytes(byte[])",pdfbox/src/main/java/org/apache/pdfbox/pdmodel/PDAbstractContentStream.java,,,,,,,,,,,,,,,,,,,,,,,,,3,9,0,4,1,1,5,1,1,1,2,1,1,1,1,1,1,,,,,,0,,1,25,1,1,1,1
Protected Method,"org.apache.pdfbox.pdmodel.PDAbstractContentStream.writeLine()",pdfbox/src/main/java/org/apache/pdfbox/pdmodel/PDAbstractContentStream.java,,,,,,,,,,,,,,,,,,,,,,,,,2,8,0,4,1,1,4,1,1,1,2,1,1,1,1,1,1,,,,,,0,,1,00,1,1,1,1
Protected Method,"org.apache.pdfbox.pdmodel.PDAbstractContentStream.writeOperand(COSName)",pdfbox/src/main/java/org/apache/pdfbox/pdmodel/PDAbstractContentStream.java,,,,,,,,,,,,,,,,,,,,,,,,,12,10,0,5,1,2,5,2,1,2,3,1,2,1,1,1,1,,,,,,0,,1,00,1,1,1,1
Protected Method,"org.apache.pdfbox.pdmodel.PDAbstractContentStream.writeOperand(float)",pdfbox/src/main/java/org/apache/pdfbox/pdmodel/PDAbstractContentStream.java,,,,,,,,,,,,,,,,,,,,,,,,,33,25,1,17,2,8,7,8,4,5,8,2,7,3,3,3,1,,,,,,1,,0,41,3,3,3,1
Protected Method,"org.apache.pdfbox.pdmodel.PDAbstractContentStream.writeOperand(int)",pdfbox/src/main/java/org/apache/pdfbox/pdmodel/PDAbstractContentStream.java,,,,,,,,,,,,,,,,,,,,,,,,,7,10,0,5,1,2,5,3,1,2,3,1,2,1,1,1,1,,,,,,0,,1,00,1,1,1,1
Protected Method,"org.apache.pdfbox.pdmodel.PDAbstractContentStream.writeOperator(String)",pdfbox/src/main/java/org/apache/pdfbox/pdmodel/PDAbstractContentStream.java,,,,,,,,,,,,,,,,,,,,,,,,,62,10,0,5,1,2,5,3,1,2,3,1,2,1,1,1,1,,,,,,0,,1,00,1,1,1,1
Public Final Class,"org.apache.pdfbox.pdmodel.PDAppearanceContentStream",pdfbox/src/main/java/org/apache/pdfbox/pdmodel/PDAppearanceContentStream.java,3,2,3,1,24,0,13,10,2,15,0,,0,0,,,10,0,10,103,0,0,0,10,,257,12,137,17,67,108,,,40,69,18,53,,,,,5,5,7,3,2,2,0,0,79,31,27,35,14
Public Constructor,"org.apache.pdfbox.pdmodel.PDAppearanceContentStream.PDAppearanceContentStream(PDAppearanceStream)",pdfbox/src/main/java/org/apache/pdfbox/pdmodel/PDAppearanceContentStream.java,,,,,,,,,,,,,,,,,,,,,,,,,4,11,0,4,1,1,7,4,1,1,2,1,1,1,1,1,1,,,,,,0,,1,75,1,1,1,1
Public Constructor,"org.apache.pdfbox.pdmodel.PDAppearanceContentStream.PDAppearanceContentStream(PDAppearanceStream,OutputStream)",pdfbox/src/main/java/org/apache/pdfbox/pdmodel/PDAppearanceContentStream.java,,,,,,,,,,,,,,,,,,,,,,,,,6,12,0,4,1,1,8,3,1,1,2,1,1,1,1,1,1,,,,,,0,,2,00,1,1,1,1
Public Constructor,"org.apache.pdfbox.pdmodel.PDAppearanceContentStream.PDAppearanceContentStream(PDAppearanceStream,boolean)",pdfbox/src/main/java/org/apache/pdfbox/pdmodel/PDAppearanceContentStream.java,,,,,,,,,,,,,,,,,,,,,,,,,4,12,0,4,1,1,8,4,1,1,2,1,1,2,2,2,1,,,,,,0,,2,00,2,2,2,1
Public Method,"org.apache.pdfbox.pdmodel.PDAppearanceContentStream.drawShape(float,boolean,boolean)",pdfbox/src/main/java/org/apache/pdfbox/pdmodel/PDAppearanceContentStream.java,,,,,,,,,,,,,,,,,,,,,,,,,11,39,1,24,2,11,14,4,8,6,11,2,9,5,5,6,1,,,,,,1,,0,58,5,5,6,1
Public Method,"org.apache.pdfbox.pdmodel.PDAppearanceContentStream.setBorderLine(float,PDBorderStyleDictionary,COSArray)",pdfbox/src/main/java/org/apache/pdfbox/pdmodel/PDAppearanceContentStream.java,,,,,,,,,,,,,,,,,,,,,,,,,11,34,0,21,2,9,13,11,4,4,8,1,7,4,4,7,1,,,,,,2,,0,62,4,4,7,1
Public Method,"org.apache.pdfbox.pdmodel.PDAppearanceContentStream.setLineWidthOnDemand(float)",pdfbox/src/main/java/org/apache/pdfbox/pdmodel/PDAppearanceContentStream.java,,,,,,,,,,,,,,,,,,,,,,,,,2,18,0,7,1,2,11,2,2,1,3,1,2,2,2,2,1,,,,,,1,,1,57,2,2,2,1
Public Method,"org.apache.pdfbox.pdmodel.PDAppearanceContentStream.setNonStrokingColor(float[])",pdfbox/src/main/java/org/apache/pdfbox/pdmodel/PDAppearanceContentStream.java,,,,,,,,,,,,,,,,,,,,,,,,,7,33,1,22,2,15,10,2,8,9,13,3,10,5,3,5,1,,,,,,1,,0,45,5,3,5,1
Public Method,"org.apache.pdfbox.pdmodel.PDAppearanceContentStream.setNonStrokingColorOnDemand(PDColor)",pdfbox/src/main/java/org/apache/pdfbox/pdmodel/PDAppearanceContentStream.java,,,,,,,,,,,,,,,,,,,,,,,,,8,24,0,13,2,6,11,3,3,4,7,2,6,3,3,3,3,,,,,,2,,0,85,3,3,3,3
Public Method,"org.apache.pdfbox.pdmodel.PDAppearanceContentStream.setStrokingColor(float[])",pdfbox/src/main/java/org/apache/pdfbox/pdmodel/PDAppearanceContentStream.java,,,,,,,,,,,,,,,,,,,,,,,,,6,33,1,22,2,15,10,2,8,9,13,3,10,5,3,5,1,,,,,,1,,0,45,5,3,5,1
Public Method,"org.apache.pdfbox.pdmodel.PDAppearanceContentStream.setStrokingColorOnDemand(PDColor)",pdfbox/src/main/java/org/apache/pdfbox/pdmodel/PDAppearanceContentStream.java,,,,,,,,,,,,,,,,,,,,,,,,,9,24,0,13,2,6,11,3,3,4,7,2,6,3,3,3,3,,,,,,2,,0,85,3,3,3,3
Public Class,"org.apache.pdfbox.pdmodel.PDDestinationNameTreeNode",pdfbox/src/main/java/org/apache/pdfbox/pdmodel/PDDestinationNameTreeNode.java,1,1,1,1,8,0,5,2,1,7,0,,0,0,,,4,0,4,34,0,0,2,2,,45,3,26,8,7,16,,,6,12,6,6,,,,,2,2,2,1,2,1,0,0,62,5,5,5,4
Public Constructor,"org.apache.pdfbox.pdmodel.PDDestinationNameTreeNode.PDDestinationNameTreeNode()",pdfbox/src/main/java/org/apache/pdfbox/pdmodel/PDDestinationNameTreeNode.java,,,,,,,,,,,,,,,,,,,,,,,,,0,7,0,4,1,1,3,2,1,1,2,1,1,1,1,1,1,,,,,,0,,0,75,1,1,1,1
Public Constructor,"org.apache.pdfbox.pdmodel.PDDestinationNameTreeNode.PDDestinationNameTreeNode(COSDictionary)",pdfbox/src/main/java/org/apache/pdfbox/pdmodel/PDDestinationNameTreeNode.java,,,,,,,,,,,,,,,,,,,,,,,,,3,9,0,4,1,1,5,2,1,1,2,1,1,1,1,1,1,,,,,,0,,1,25,1,1,1,1
Protected Method,"org.apache.pdfbox.pdmodel.PDDestinationNameTreeNode.convertCOSToPD(COSBase)",pdfbox/src/main/java/org/apache/pdfbox/pdmodel/PDDestinationNameTreeNode.java,,,,,,,,,,,,,,,,,,,,,,,,,2,13,0,10,3,4,3,3,2,3,5,2,3,2,2,2,1,,,,,,1,,0,30,2,2,2,1
Protected Method,"org.apache.pdfbox.pdmodel.PDDestinationNameTreeNode.createChildNode(COSDictionary)",pdfbox/src/main/java/org/apache/pdfbox/pdmodel/PDDestinationNameTreeNode.java,,,,,,,,,,,,,,,,,,,,,,,,,1,5,0,5,2,1,0,2,1,1,2,1,1,1,1,1,1,,,,,,0,,0,00,1,1,1,1
Public Class,"org.apache.pdfbox.pdmodel.PDDocument",pdfbox/src/main/java/org/apache/pdfbox/pdmodel/PDDocument.java,2,2,2,1,21,0,11,9,2,76,1,,0,2,,,56,14,56,68,1,8,0,47,,1333,109,674,145,329,554,,,247,377,145,292,,,,,11,11,14,4,1,3,94,0,82,120,120,135,70
Public Constructor,"org.apache.pdfbox.pdmodel.PDDocument.PDDocument()",pdfbox/src/main/java/org/apache/pdfbox/pdmodel/PDDocument.java,,,,,,,,,,,,,,,,,,,,,,,,,153,8,0,4,1,1,4,3,1,1,2,1,1,1,1,1,1,,,,,,0,,1,00,1,1,1,1
Public Constructor,"org.apache.pdfbox.pdmodel.PDDocument.PDDocument(COSDocument)",pdfbox/src/main/java/org/apache/pdfbox/pdmodel/PDDocument.java,,,,,,,,,,,,,,,,,,,,,,,,,3,9,0,4,1,1,5,2,1,1,2,1,1,1,1,1,1,,,,,,0,,1,25,1,1,1,1
Public Constructor,"org.apache.pdfbox.pdmodel.PDDocument.PDDocument(COSDocument,RandomAccessRead)",pdfbox/src/main/java/org/apache/pdfbox/pdmodel/PDDocument.java,,,,,,,,,,,,,,,,,,,,,,,,,3,10,0,4,1,1,6,2,1,1,2,1,1,1,1,1,1,,,,,,0,,1,50,1,1,1,1
Public Constructor,"org.apache.pdfbox.pdmodel.PDDocument.PDDocument(COSDocument,RandomAccessRead,AccessPermission)",pdfbox/src/main/java/org/apache/pdfbox/pdmodel/PDDocument.java,,,,,,,,,,,,,,,,,,,,,,,,,6,15,0,7,1,4,8,6,1,4,5,1,4,1,1,1,1,,,,,,0,,1,14,1,1,1,1
Public Constructor,"org.apache.pdfbox.pdmodel.PDDocument.PDDocument(MemoryUsageSetting)",pdfbox/src/main/java/org/apache/pdfbox/pdmodel/PDDocument.java,,,,,,,,,,,,,,,,,,,,,,,,,14,30,3,18,5,15,9,11,1,15,16,5,15,1,1,1,1,,,,,,0,,0,50,1,1,1,1
Public Method,"org.apache.pdfbox.pdmodel.PDDocument.addPage(PDPage)",pdfbox/src/main/java/org/apache/pdfbox/pdmodel/PDDocument.java,,,,,,,,,,,,,,,,,,,,,,,,,98,10,0,4,1,1,6,2,1,1,2,1,1,1,1,1,1,,,,,,0,,1,50,1,1,1,1
Public Method,"org.apache.pdfbox.pdmodel.PDDocument.addSignature(PDSignature)",pdfbox/src/main/java/org/apache/pdfbox/pdmodel/PDDocument.java,,,,,,,,,,,,,,,,,,,,,,,,,4,17,0,4,1,1,13,2,1,1,2,1,1,1,1,1,1,,,,,,0,,3,25,1,1,1,1
Public Method,"org.apache.pdfbox.pdmodel.PDDocument.addSignature(PDSignature,SignatureInterface)",pdfbox/src/main/java/org/apache/pdfbox/pdmodel/PDDocument.java,,,,,,,,,,,,,,,,,,,,,,,,,4,17,0,4,1,1,13,2,1,1,2,1,1,1,1,1,1,,,,,,0,,3,25,1,1,1,1
Public Method,"org.apache.pdfbox.pdmodel.PDDocument.addSignature(PDSignature,SignatureInterface,SignatureOptions)",pdfbox/src/main/java/org/apache/pdfbox/pdmodel/PDDocument.java,,,,,,,,,,,,,,,,,,,,,,,,,12,167,20,102,17,66,45,48,512,46,57,16,54,11,11,14,1,,,,,,2,,0,44,11,11,14,1
Public Method,"org.apache.pdfbox.pdmodel.PDDocument.addSignature(PDSignature,SignatureOptions)",pdfbox/src/main/java/org/apache/pdfbox/pdmodel/PDDocument.java,,,,,,,,,,,,,,,,,,,,,,,,,3,18,0,4,1,1,14,1,1,1,2,1,1,1,1,1,1,,,,,,0,,3,50,1,1,1,1
Private Method,"org.apache.pdfbox.pdmodel.PDDocument.assignAcroFormDefaultResource(PDAcroForm,COSDictionary)",pdfbox/src/main/java/org/apache/pdfbox/pdmodel/PDDocument.java,,,,,,,,,,,,,,,,,,,,,,,,,5,26,0,25,6,14,1,8,4,10,14,6,13,4,4,5,1,,,,,,3,,0,04,4,4,5,1
Private Method,"org.apache.pdfbox.pdmodel.PDDocument.assignAppearanceDictionary(PDSignatureField,COSDictionary)",pdfbox/src/main/java/org/apache/pdfbox/pdmodel/PDDocument.java,,,,,,,,,,,,,,,,,,,,,,,,,3,7,0,6,2,3,1,5,1,3,4,2,3,1,1,1,1,,,,,,0,,0,17,1,1,1,1
Private Method,"org.apache.pdfbox.pdmodel.PDDocument.assignSignatureRectangle(PDSignatureField,COSDictionary)",pdfbox/src/main/java/org/apache/pdfbox/pdmodel/PDDocument.java,,,,,,,,,,,,,,,,,,,,,,,,,4,13,1,10,4,5,2,8,2,4,6,4,5,2,2,3,1,,,,,,1,,0,20,2,2,3,1
Private Method,"org.apache.pdfbox.pdmodel.PDDocument.checkSignatureAnnotation(List<PDAnnotation>,PDAnnotationWidget)",pdfbox/src/main/java/org/apache/pdfbox/pdmodel/PDDocument.java,,,,,,,,,,,,,,,,,,,,,,,,,3,18,0,11,1,4,7,3,3,2,6,2,4,3,3,3,3,,,,,,2,,0,64,3,3,3,3
Private Method,"org.apache.pdfbox.pdmodel.PDDocument.checkSignatureField(Iterator<PDField>,PDSignatureField)",pdfbox/src/main/java/org/apache/pdfbox/pdmodel/PDDocument.java,,,,,,,,,,,,,,,,,,,,,,,,,3,20,0,13,2,6,7,5,3,3,6,2,5,3,3,4,3,,,,,,2,,0,54,3,3,4,3
Public Method,"org.apache.pdfbox.pdmodel.PDDocument.close()",pdfbox/src/main/java/org/apache/pdfbox/pdmodel/PDDocument.java,,,,,,,,,,,,,,,,,,,,,,,,,79,45,6,25,3,11,14,2,17,6,13,3,10,6,6,6,1,,,,,,2,,0,56,6,6,6,1
Private Method,"org.apache.pdfbox.pdmodel.PDDocument.findSignatureField(Iterator<PDField>,PDSignature)",pdfbox/src/main/java/org/apache/pdfbox/pdmodel/PDDocument.java,,,,,,,,,,,,,,,,,,,,,,,,,3,25,0,18,4,9,7,6,4,6,10,4,8,4,4,5,4,,,,,,3,,0,39,4,4,5,4
Public Method,"org.apache.pdfbox.pdmodel.PDDocument.getCurrentAccessPermission()",pdfbox/src/main/java/org/apache/pdfbox/pdmodel/PDDocument.java,,,,,,,,,,,,,,,,,,,,,,,,,11,16,0,8,1,3,8,3,2,2,4,1,3,2,2,2,1,,,,,,1,,1,00,2,2,2,1
Public Method,"org.apache.pdfbox.pdmodel.PDDocument.getDocument()",pdfbox/src/main/java/org/apache/pdfbox/pdmodel/PDDocument.java,,,,,,,,,,,,,,,,,,,,,,,,,42,9,0,4,1,1,5,1,1,1,2,1,1,1,1,1,1,,,,,,0,,1,25,1,1,1,1
Public Method,"org.apache.pdfbox.pdmodel.PDDocument.getDocumentCatalog()",pdfbox/src/main/java/org/apache/pdfbox/pdmodel/PDDocument.java,,,,,,,,,,,,,,,,,,,,,,,,,177,22,0,17,3,8,5,6,3,5,8,3,7,3,3,3,1,,,,,,2,,0,29,3,3,3,1
Public Method,"org.apache.pdfbox.pdmodel.PDDocument.getDocumentId()",pdfbox/src/main/java/org/apache/pdfbox/pdmodel/PDDocument.java,,,,,,,,,,,,,,,,,,,,,,,,,2,9,0,4,1,1,5,1,1,1,2,1,1,1,1,1,1,,,,,,0,,1,25,1,1,1,1
Public Method,"org.apache.pdfbox.pdmodel.PDDocument.getDocumentInformation()",pdfbox/src/main/java/org/apache/pdfbox/pdmodel/PDDocument.java,,,,,,,,,,,,,,,,,,,,,,,,,21,25,0,15,3,8,10,7,3,6,9,3,8,3,3,3,1,,,,,,2,,0,67,3,3,3,1
Public Method,"org.apache.pdfbox.pdmodel.PDDocument.getEncryption()",pdfbox/src/main/java/org/apache/pdfbox/pdmodel/PDDocument.java,,,,,,,,,,,,,,,,,,,,,,,,,15,16,0,8,1,3,8,5,2,2,4,1,3,2,2,3,1,,,,,,1,,1,00,2,2,3,1
Method,"org.apache.pdfbox.pdmodel.PDDocument.getFontsToSubset()",pdfbox/src/main/java/org/apache/pdfbox/pdmodel/PDDocument.java,,,,,,,,,,,,,,,,,,,,,,,,,2,7,0,4,1,1,3,1,1,1,2,1,1,1,1,1,1,,,,,,0,,0,75,1,1,1,1
Public Method,"org.apache.pdfbox.pdmodel.PDDocument.getLastSignatureDictionary()",pdfbox/src/main/java/org/apache/pdfbox/pdmodel/PDDocument.java,,,,,,,,,,,,,,,,,,,,,,,,,2,16,0,10,3,5,6,4,2,4,6,3,5,2,2,2,1,,,,,,1,,0,60,2,2,2,1
Public Method,"org.apache.pdfbox.pdmodel.PDDocument.getNumberOfPages()",pdfbox/src/main/java/org/apache/pdfbox/pdmodel/PDDocument.java,,,,,,,,,,,,,,,,,,,,,,,,,58,9,0,4,1,1,5,4,1,1,2,1,1,1,1,1,1,,,,,,0,,1,25,1,1,1,1
Public Method,"org.apache.pdfbox.pdmodel.PDDocument.getPage(int)",pdfbox/src/main/java/org/apache/pdfbox/pdmodel/PDDocument.java,,,,,,,,,,,,,,,,,,,,,,,,,48,14,0,4,1,1,11,4,1,1,2,1,1,1,1,1,1,,,,,,0,,2,75,1,1,1,1
Public Method,"org.apache.pdfbox.pdmodel.PDDocument.getPages()",pdfbox/src/main/java/org/apache/pdfbox/pdmodel/PDDocument.java,,,,,,,,,,,,,,,,,,,,,,,,,44,9,0,4,1,1,5,3,1,1,2,1,1,1,1,1,1,,,,,,0,,1,25,1,1,1,1
Public Method,"org.apache.pdfbox.pdmodel.PDDocument.getResourceCache()",pdfbox/src/main/java/org/apache/pdfbox/pdmodel/PDDocument.java,,,,,,,,,,,,,,,,,,,,,,,,,4,7,0,4,1,1,3,1,1,1,2,1,1,1,1,1,1,,,,,,0,,0,75,1,1,1,1
Public Method,"org.apache.pdfbox.pdmodel.PDDocument.getSignatureDictionaries()",pdfbox/src/main/java/org/apache/pdfbox/pdmodel/PDDocument.java,,,,,,,,,,,,,,,,,,,,,,,,,10,18,0,13,3,6,5,7,3,4,8,4,6,3,3,3,1,,,,,,2,,0,38,3,3,3,1
Public Method,"org.apache.pdfbox.pdmodel.PDDocument.getSignatureFields()",pdfbox/src/main/java/org/apache/pdfbox/pdmodel/PDDocument.java,,,,,,,,,,,,,,,,,,,,,,,,,1,21,0,16,3,7,5,6,4,4,9,4,7,4,4,4,1,,,,,,3,,0,31,4,4,4,1
Public Method,"org.apache.pdfbox.pdmodel.PDDocument.getVersion()",pdfbox/src/main/java/org/apache/pdfbox/pdmodel/PDDocument.java,,,,,,,,,,,,,,,,,,,,,,,,,14,32,0,25,4,12,7,8,4,7,11,4,9,4,4,4,1,,,,,,3,,0,28,4,4,4,1
Public Method,"org.apache.pdfbox.pdmodel.PDDocument.importPage(PDPage)",pdfbox/src/main/java/org/apache/pdfbox/pdmodel/PDDocument.java,,,,,,,,,,,,,,,,,,,,,,,,,8,41,0,16,3,11,25,19,2,10,12,3,11,2,2,3,1,,,,,,1,,1,56,2,2,3,1
Public Method,"org.apache.pdfbox.pdmodel.PDDocument.isAllSecurityToBeRemoved()",pdfbox/src/main/java/org/apache/pdfbox/pdmodel/PDDocument.java,,,,,,,,,,,,,,,,,,,,,,,,,3,9,0,4,1,1,5,1,1,1,2,1,1,1,1,1,1,,,,,,0,,1,25,1,1,1,1
Public Method,"org.apache.pdfbox.pdmodel.PDDocument.isEncrypted()",pdfbox/src/main/java/org/apache/pdfbox/pdmodel/PDDocument.java,,,,,,,,,,,,,,,,,,,,,,,,,17,9,0,4,1,1,5,2,1,1,2,1,1,1,1,1,1,,,,,,0,,1,25,1,1,1,1
Private Method,"org.apache.pdfbox.pdmodel.PDDocument.prepareNonVisibleSignature(PDSignatureField)",pdfbox/src/main/java/org/apache/pdfbox/pdmodel/PDDocument.java,,,,,,,,,,,,,,,,,,,,,,,,,2,14,1,9,3,6,4,9,1,6,7,3,6,1,1,1,1,,,,,,0,,0,44,1,1,1,1
Private Method,"org.apache.pdfbox.pdmodel.PDDocument.prepareVisibleSignature(PDSignatureField,PDAcroForm,COSDocument)",pdfbox/src/main/java/org/apache/pdfbox/pdmodel/PDDocument.java,,,,,,,,,,,,,,,,,,,,,,,,,10,42,0,38,9,22,6,14,20,13,21,8,16,7,7,12,4,,,,,,3,,0,16,7,7,12,4
Public Method,"org.apache.pdfbox.pdmodel.PDDocument.protect(ProtectionPolicy)",pdfbox/src/main/java/org/apache/pdfbox/pdmodel/PDDocument.java,,,,,,,,,,,,,,,,,,,,,,,,,10,37,3,20,3,10,14,11,8,6,10,2,9,4,4,4,1,,,,,,1,,0,70,4,4,4,1
Public Method,"org.apache.pdfbox.pdmodel.PDDocument.registerTrueTypeFontForClosing(TrueTypeFont)",pdfbox/src/main/java/org/apache/pdfbox/pdmodel/PDDocument.java,,,,,,,,,,,,,,,,,,,,,,,,,3,11,0,4,1,1,7,1,1,1,2,1,1,1,1,1,1,,,,,,0,,1,75,1,1,1,1
Public Method,"org.apache.pdfbox.pdmodel.PDDocument.removePage(PDPage)",pdfbox/src/main/java/org/apache/pdfbox/pdmodel/PDDocument.java,,,,,,,,,,,,,,,,,,,,,,,,,2,9,0,4,1,1,5,2,1,1,2,1,1,1,1,1,1,,,,,,0,,1,25,1,1,1,1
Public Method,"org.apache.pdfbox.pdmodel.PDDocument.removePage(int)",pdfbox/src/main/java/org/apache/pdfbox/pdmodel/PDDocument.java,,,,,,,,,,,,,,,,,,,,,,,,,2,9,0,4,1,1,5,2,1,1,2,1,1,1,1,1,1,,,,,,0,,1,25,1,1,1,1
Public Method,"org.apache.pdfbox.pdmodel.PDDocument.save(File)",pdfbox/src/main/java/org/apache/pdfbox/pdmodel/PDDocument.java,,,,,,,,,,,,,,,,,,,,,,,,,58,16,0,4,1,1,12,1,1,1,2,1,1,1,1,1,1,,,,,,0,,3,00,1,1,1,1
Public Method,"org.apache.pdfbox.pdmodel.PDDocument.save(File,CompressParameters)",pdfbox/src/main/java/org/apache/pdfbox/pdmodel/PDDocument.java,,,,,,,,,,,,,,,,,,,,,,,,,8,26,0,14,1,7,12,6,2,2,5,1,4,2,2,2,1,,,,,,1,,0,86,2,2,2,1
Public Method,"org.apache.pdfbox.pdmodel.PDDocument.save(OutputStream)",pdfbox/src/main/java/org/apache/pdfbox/pdmodel/PDDocument.java,,,,,,,,,,,,,,,,,,,,,,,,,24,17,0,4,1,1,13,1,1,1,2,1,1,1,1,1,1,,,,,,0,,3,25,1,1,1,1
Public Method,"org.apache.pdfbox.pdmodel.PDDocument.save(OutputStream,CompressParameters)",pdfbox/src/main/java/org/apache/pdfbox/pdmodel/PDDocument.java,,,,,,,,,,,,,,,,,,,,,,,,,12,35,2,17,3,9,17,7,4,6,10,3,8,3,3,4,1,,,,,,1,,1,00,3,3,4,1
Public Method,"org.apache.pdfbox.pdmodel.PDDocument.save(String)",pdfbox/src/main/java/org/apache/pdfbox/pdmodel/PDDocument.java,,,,,,,,,,,,,,,,,,,,,,,,,64,16,0,4,1,1,12,2,1,1,2,1,1,1,1,1,1,,,,,,0,,3,00,1,1,1,1
Public Method,"org.apache.pdfbox.pdmodel.PDDocument.save(String,CompressParameters)",pdfbox/src/main/java/org/apache/pdfbox/pdmodel/PDDocument.java,,,,,,,,,,,,,,,,,,,,,,,,,8,17,0,4,1,1,13,2,1,1,2,1,1,1,1,1,1,,,,,,0,,3,25,1,1,1,1
Public Method,"org.apache.pdfbox.pdmodel.PDDocument.saveIncremental(OutputStream)",pdfbox/src/main/java/org/apache/pdfbox/pdmodel/PDDocument.java,,,,,,,,,,,,,,,,,,,,,,,,,12,26,0,9,2,4,17,3,2,3,5,2,4,2,2,2,1,,,,,,1,,1,89,2,2,2,1
Public Method,"org.apache.pdfbox.pdmodel.PDDocument.saveIncremental(OutputStream,Set<COSDictionary>)",pdfbox/src/main/java/org/apache/pdfbox/pdmodel/PDDocument.java,,,,,,,,,,,,,,,,,,,,,,,,,5,29,0,9,2,4,20,3,2,3,5,2,4,2,2,2,1,,,,,,1,,2,22,2,2,2,1
Public Method,"org.apache.pdfbox.pdmodel.PDDocument.saveIncrementalForExternalSigning(OutputStream)",pdfbox/src/main/java/org/apache/pdfbox/pdmodel/PDDocument.java,,,,,,,,,,,,,,,,,,,,,,,,,9,71,2,30,4,17,39,11,24,11,18,5,15,6,6,6,3,,,,,,2,,1,30,6,6,6,3
Public Method,"org.apache.pdfbox.pdmodel.PDDocument.setAllSecurityToBeRemoved(boolean)",pdfbox/src/main/java/org/apache/pdfbox/pdmodel/PDDocument.java,,,,,,,,,,,,,,,,,,,,,,,,,13,9,0,4,1,1,5,1,1,1,2,1,1,1,1,1,1,,,,,,0,,1,25,1,1,1,1
Public Method,"org.apache.pdfbox.pdmodel.PDDocument.setDocumentId(Long)",pdfbox/src/main/java/org/apache/pdfbox/pdmodel/PDDocument.java,,,,,,,,,,,,,,,,,,,,,,,,,3,9,0,4,1,1,5,1,1,1,2,1,1,1,1,1,1,,,,,,0,,1,25,1,1,1,1
Public Method,"org.apache.pdfbox.pdmodel.PDDocument.setDocumentInformation(PDDocumentInformation)",pdfbox/src/main/java/org/apache/pdfbox/pdmodel/PDDocument.java,,,,,,,,,,,,,,,,,,,,,,,,,6,14,0,5,1,2,9,4,1,2,3,1,2,1,1,1,1,,,,,,0,,1,80,1,1,1,1
Public Method,"org.apache.pdfbox.pdmodel.PDDocument.setEncryptionDictionary(PDEncryption)",pdfbox/src/main/java/org/apache/pdfbox/pdmodel/PDDocument.java,,,,,,,,,,,,,,,,,,,,,,,,,4,9,0,4,1,1,5,1,1,1,2,1,1,1,1,1,1,,,,,,0,,1,25,1,1,1,1
Public Method,"org.apache.pdfbox.pdmodel.PDDocument.setResourceCache(ResourceCache)",pdfbox/src/main/java/org/apache/pdfbox/pdmodel/PDDocument.java,,,,,,,,,,,,,,,,,,,,,,,,,1,9,0,4,1,1,5,1,1,1,2,1,1,1,1,1,1,,,,,,0,,1,25,1,1,1,1
Public Method,"org.apache.pdfbox.pdmodel.PDDocument.setVersion(float)",pdfbox/src/main/java/org/apache/pdfbox/pdmodel/PDDocument.java,,,,,,,,,,,,,,,,,,,,,,,,,8,31,0,21,2,10,10,9,4,6,10,2,9,4,4,4,3,,,,,,1,,0,48,4,4,4,3
Public Class,"org.apache.pdfbox.pdmodel.PDDocumentCatalog",pdfbox/src/main/java/org/apache/pdfbox/pdmodel/PDDocumentCatalog.java,1,1,1,1,12,0,7,5,2,44,0,,0,1,,,44,4,44,56,0,0,2,42,,588,45,317,79,126,226,,,107,175,80,122,,,,,5,5,6,3,1,3,70,0,71,76,76,78,48
Protected Constructor,"org.apache.pdfbox.pdmodel.PDDocumentCatalog.PDDocumentCatalog(PDDocument)",pdfbox/src/main/java/org/apache/pdfbox/pdmodel/PDDocumentCatalog.java,,,,,,,,,,,,,,,,,,,,,,,,,7,13,0,7,1,4,6,7,1,4,5,1,4,1,1,1,1,,,,,,0,,0,86,1,1,1,1
Protected Constructor,"org.apache.pdfbox.pdmodel.PDDocumentCatalog.PDDocumentCatalog(PDDocument,COSDictionary)",pdfbox/src/main/java/org/apache/pdfbox/pdmodel/PDDocumentCatalog.java,,,,,,,,,,,,,,,,,,,,,,,,,3,12,0,5,1,2,7,3,1,2,3,1,2,1,1,1,1,,,,,,0,,1,40,1,1,1,1
Public Method,"org.apache.pdfbox.pdmodel.PDDocumentCatalog.addOutputIntent(PDOutputIntent)",pdfbox/src/main/java/org/apache/pdfbox/pdmodel/PDDocumentCatalog.java,,,,,,,,,,,,,,,,,,,,,,,,,6,16,0,10,2,5,6,5,2,4,6,2,5,2,2,2,1,,,,,,1,,0,60,2,2,2,1
Public Method,"org.apache.pdfbox.pdmodel.PDDocumentCatalog.findNamedDestinationPage(PDNamedDestination)",pdfbox/src/main/java/org/apache/pdfbox/pdmodel/PDDocumentCatalog.java,,,,,,,,,,,,,,,,,,,,,,,,,4,31,0,24,7,12,7,7,9,8,13,6,11,5,5,5,1,,,,,,2,,0,29,5,5,5,1
Public Method,"org.apache.pdfbox.pdmodel.PDDocumentCatalog.getAcroForm()",pdfbox/src/main/java/org/apache/pdfbox/pdmodel/PDDocumentCatalog.java,,,,,,,,,,,,,,,,,,,,,,,,,64,9,0,4,1,1,5,3,1,1,2,1,1,1,1,1,1,,,,,,0,,1,25,1,1,1,1
Public Method,"org.apache.pdfbox.pdmodel.PDDocumentCatalog.getAcroForm(PDDocumentFixup)",pdfbox/src/main/java/org/apache/pdfbox/pdmodel/PDDocumentCatalog.java,,,,,,,,,,,,,,,,,,,,,,,,,26,31,0,19,2,10,12,7,6,7,11,2,10,5,5,6,1,,,,,,1,,0,63,5,5,6,1
Public Method,"org.apache.pdfbox.pdmodel.PDDocumentCatalog.getActions()",pdfbox/src/main/java/org/apache/pdfbox/pdmodel/PDDocumentCatalog.java,,,,,,,,,,,,,,,,,,,,,,,,,2,13,0,10,2,5,3,5,2,4,6,2,5,2,2,2,1,,,,,,1,,0,30,2,2,2,1
Public Method,"org.apache.pdfbox.pdmodel.PDDocumentCatalog.getCOSObject()",pdfbox/src/main/java/org/apache/pdfbox/pdmodel/PDDocumentCatalog.java,,,,,,,,,,,,,,,,,,,,,,,,,31,10,0,5,2,1,5,1,1,1,2,1,1,1,1,1,1,,,,,,0,,1,00,1,1,1,1
Public Method,"org.apache.pdfbox.pdmodel.PDDocumentCatalog.getDests()",pdfbox/src/main/java/org/apache/pdfbox/pdmodel/PDDocumentCatalog.java,,,,,,,,,,,,,,,,,,,,,,,,,5,8,0,5,2,2,3,3,1,2,3,2,2,2,2,2,1,,,,,,0,,0,60,2,2,2,1
Public Method,"org.apache.pdfbox.pdmodel.PDDocumentCatalog.getDocumentOutline()",pdfbox/src/main/java/org/apache/pdfbox/pdmodel/PDDocumentCatalog.java,,,,,,,,,,,,,,,,,,,,,,,,,9,10,0,5,2,2,5,3,1,2,3,2,2,2,2,2,1,,,,,,0,,1,00,2,2,2,1
Public Method,"org.apache.pdfbox.pdmodel.PDDocumentCatalog.getLanguage()",pdfbox/src/main/java/org/apache/pdfbox/pdmodel/PDDocumentCatalog.java,,,,,,,,,,,,,,,,,,,,,,,,,4,7,0,4,1,1,3,2,1,1,2,1,1,1,1,1,1,,,,,,0,,0,75,1,1,1,1
Public Method,"org.apache.pdfbox.pdmodel.PDDocumentCatalog.getMarkInfo()",pdfbox/src/main/java/org/apache/pdfbox/pdmodel/PDDocumentCatalog.java,,,,,,,,,,,,,,,,,,,,,,,,,3,11,0,5,2,2,6,3,1,2,3,2,2,2,2,2,1,,,,,,0,,1,20,2,2,2,1
Public Method,"org.apache.pdfbox.pdmodel.PDDocumentCatalog.getMetadata()",pdfbox/src/main/java/org/apache/pdfbox/pdmodel/PDDocumentCatalog.java,,,,,,,,,,,,,,,,,,,,,,,,,7,11,0,5,2,2,6,3,1,2,3,2,2,2,2,2,1,,,,,,0,,1,20,2,2,2,1
Public Method,"org.apache.pdfbox.pdmodel.PDDocumentCatalog.getNames()",pdfbox/src/main/java/org/apache/pdfbox/pdmodel/PDDocumentCatalog.java,,,,,,,,,,,,,,,,,,,,,,,,,11,8,0,5,2,2,3,3,1,2,3,2,2,2,2,2,1,,,,,,0,,0,60,2,2,2,1
Public Method,"org.apache.pdfbox.pdmodel.PDDocumentCatalog.getOCProperties()",pdfbox/src/main/java/org/apache/pdfbox/pdmodel/PDDocumentCatalog.java,,,,,,,,,,,,,,,,,,,,,,,,,9,10,0,5,2,2,5,3,1,2,3,2,2,2,2,2,1,,,,,,0,,1,00,2,2,2,1
Public Method,"org.apache.pdfbox.pdmodel.PDDocumentCatalog.getOpenAction()",pdfbox/src/main/java/org/apache/pdfbox/pdmodel/PDDocumentCatalog.java,,,,,,,,,,,,,,,,,,,,,,,,,5,22,0,16,2,7,6,4,3,4,7,2,6,3,3,3,3,,,,,,1,,0,38,3,3,3,3
Public Method,"org.apache.pdfbox.pdmodel.PDDocumentCatalog.getOutputIntents()",pdfbox/src/main/java/org/apache/pdfbox/pdmodel/PDDocumentCatalog.java,,,,,,,,,,,,,,,,,,,,,,,,,4,23,0,18,4,9,5,6,4,6,11,5,9,4,4,4,1,,,,,,3,,0,28,4,4,4,1
Public Method,"org.apache.pdfbox.pdmodel.PDDocumentCatalog.getPageLabels()",pdfbox/src/main/java/org/apache/pdfbox/pdmodel/PDDocumentCatalog.java,,,,,,,,,,,,,,,,,,,,,,,,,6,11,0,5,2,2,6,3,1,2,3,2,2,2,2,2,1,,,,,,0,,1,20,2,2,2,1
Public Method,"org.apache.pdfbox.pdmodel.PDDocumentCatalog.getPageLayout()",pdfbox/src/main/java/org/apache/pdfbox/pdmodel/PDDocumentCatalog.java,,,,,,,,,,,,,,,,,,,,,,,,,3,15,0,12,2,5,3,3,2,3,5,2,4,2,2,2,1,,,,,,1,,0,25,2,2,2,1
Public Method,"org.apache.pdfbox.pdmodel.PDDocumentCatalog.getPageMode()",pdfbox/src/main/java/org/apache/pdfbox/pdmodel/PDDocumentCatalog.java,,,,,,,,,,,,,,,,,,,,,,,,,6,23,0,20,2,9,3,4,3,5,8,2,7,3,3,3,3,,,,,,2,,0,15,3,3,3,3
Public Method,"org.apache.pdfbox.pdmodel.PDDocumentCatalog.getPages()",pdfbox/src/main/java/org/apache/pdfbox/pdmodel/PDDocumentCatalog.java,,,,,,,,,,,,,,,,,,,,,,,,,8,8,0,4,1,1,4,3,1,1,2,1,1,1,1,1,1,,,,,,0,,1,00,1,1,1,1
Public Method,"org.apache.pdfbox.pdmodel.PDDocumentCatalog.getStructureTreeRoot()",pdfbox/src/main/java/org/apache/pdfbox/pdmodel/PDDocumentCatalog.java,,,,,,,,,,,,,,,,,,,,,,,,,17,8,0,5,2,2,3,3,1,2,3,2,2,2,2,2,1,,,,,,0,,0,60,2,2,2,1
Public Method,"org.apache.pdfbox.pdmodel.PDDocumentCatalog.getThreads()",pdfbox/src/main/java/org/apache/pdfbox/pdmodel/PDDocumentCatalog.java,,,,,,,,,,,,,,,,,,,,,,,,,2,18,0,15,3,8,3,10,4,8,11,4,9,3,3,3,1,,,,,,1,,0,20,3,3,3,1
Public Method,"org.apache.pdfbox.pdmodel.PDDocumentCatalog.getURI()",pdfbox/src/main/java/org/apache/pdfbox/pdmodel/PDDocumentCatalog.java,,,,,,,,,,,,,,,,,,,,,,,,,2,8,0,5,2,2,3,3,1,2,3,2,2,2,2,2,1,,,,,,0,,0,60,2,2,2,1
Public Method,"org.apache.pdfbox.pdmodel.PDDocumentCatalog.getVersion()",pdfbox/src/main/java/org/apache/pdfbox/pdmodel/PDDocumentCatalog.java,,,,,,,,,,,,,,,,,,,,,,,,,4,9,0,4,1,1,5,2,1,1,2,1,1,1,1,1,1,,,,,,0,,1,25,1,1,1,1
Public Method,"org.apache.pdfbox.pdmodel.PDDocumentCatalog.getViewerPreferences()",pdfbox/src/main/java/org/apache/pdfbox/pdmodel/PDDocumentCatalog.java,,,,,,,,,,,,,,,,,,,,,,,,,7,10,0,5,2,2,5,3,1,2,3,2,2,2,2,2,1,,,,,,0,,1,00,2,2,2,1
Public Method,"org.apache.pdfbox.pdmodel.PDDocumentCatalog.setAcroForm(PDAcroForm)",pdfbox/src/main/java/org/apache/pdfbox/pdmodel/PDDocumentCatalog.java,,,,,,,,,,,,,,,,,,,,,,,,,19,10,0,5,1,2,5,2,1,2,3,1,2,1,1,1,1,,,,,,0,,1,00,1,1,1,1
Public Method,"org.apache.pdfbox.pdmodel.PDDocumentCatalog.setActions(PDDocumentCatalogAdditionalActions)",pdfbox/src/main/java/org/apache/pdfbox/pdmodel/PDDocumentCatalog.java,,,,,,,,,,,,,,,,,,,,,,,,,3,9,0,4,1,1,5,1,1,1,2,1,1,1,1,1,1,,,,,,0,,1,25,1,1,1,1
Public Method,"org.apache.pdfbox.pdmodel.PDDocumentCatalog.setDocumentOutline(PDDocumentOutline)",pdfbox/src/main/java/org/apache/pdfbox/pdmodel/PDDocumentCatalog.java,,,,,,,,,,,,,,,,,,,,,,,,,5,9,0,4,1,1,5,1,1,1,2,1,1,1,1,1,1,,,,,,0,,1,25,1,1,1,1
Public Method,"org.apache.pdfbox.pdmodel.PDDocumentCatalog.setLanguage(String)",pdfbox/src/main/java/org/apache/pdfbox/pdmodel/PDDocumentCatalog.java,,,,,,,,,,,,,,,,,,,,,,,,,4,9,0,4,1,1,5,1,1,1,2,1,1,1,1,1,1,,,,,,0,,1,25,1,1,1,1
Public Method,"org.apache.pdfbox.pdmodel.PDDocumentCatalog.setMarkInfo(PDMarkInfo)",pdfbox/src/main/java/org/apache/pdfbox/pdmodel/PDDocumentCatalog.java,,,,,,,,,,,,,,,,,,,,,,,,,4,9,0,4,1,1,5,1,1,1,2,1,1,1,1,1,1,,,,,,0,,1,25,1,1,1,1
Public Method,"org.apache.pdfbox.pdmodel.PDDocumentCatalog.setMetadata(PDMetadata)",pdfbox/src/main/java/org/apache/pdfbox/pdmodel/PDDocumentCatalog.java,,,,,,,,,,,,,,,,,,,,,,,,,6,9,0,4,1,1,5,1,1,1,2,1,1,1,1,1,1,,,,,,0,,1,25,1,1,1,1
Public Method,"org.apache.pdfbox.pdmodel.PDDocumentCatalog.setNames(PDDocumentNameDictionary)",pdfbox/src/main/java/org/apache/pdfbox/pdmodel/PDDocumentCatalog.java,,,,,,,,,,,,,,,,,,,,,,,,,5,9,0,4,1,1,5,1,1,1,2,1,1,1,1,1,1,,,,,,0,,1,25,1,1,1,1
Public Method,"org.apache.pdfbox.pdmodel.PDDocumentCatalog.setOCProperties(PDOptionalContentProperties)",pdfbox/src/main/java/org/apache/pdfbox/pdmodel/PDDocumentCatalog.java,,,,,,,,,,,,,,,,,,,,,,,,,10,16,1,8,1,3,7,3,2,2,4,1,3,2,2,3,1,,,,,,1,,0,88,2,2,3,1
Public Method,"org.apache.pdfbox.pdmodel.PDDocumentCatalog.setOpenAction(PDDestinationOrAction)",pdfbox/src/main/java/org/apache/pdfbox/pdmodel/PDDocumentCatalog.java,,,,,,,,,,,,,,,,,,,,,,,,,8,9,0,4,1,1,5,1,1,1,2,1,1,1,1,1,1,,,,,,0,,1,25,1,1,1,1
Public Method,"org.apache.pdfbox.pdmodel.PDDocumentCatalog.setOutputIntents(List<PDOutputIntent>)",pdfbox/src/main/java/org/apache/pdfbox/pdmodel/PDDocumentCatalog.java,,,,,,,,,,,,,,,,,,,,,,,,,4,15,0,9,2,4,6,4,2,3,6,3,4,2,2,2,1,,,,,,1,,0,67,2,2,2,1
Public Method,"org.apache.pdfbox.pdmodel.PDDocumentCatalog.setPageLabels(PDPageLabels)",pdfbox/src/main/java/org/apache/pdfbox/pdmodel/PDDocumentCatalog.java,,,,,,,,,,,,,,,,,,,,,,,,,4,9,0,4,1,1,5,1,1,1,2,1,1,1,1,1,1,,,,,,0,,1,25,1,1,1,1
Public Method,"org.apache.pdfbox.pdmodel.PDDocumentCatalog.setPageLayout(PageLayout)",pdfbox/src/main/java/org/apache/pdfbox/pdmodel/PDDocumentCatalog.java,,,,,,,,,,,,,,,,,,,,,,,,,3,9,0,4,1,1,5,2,1,1,2,1,1,1,1,1,1,,,,,,0,,1,25,1,1,1,1
Public Method,"org.apache.pdfbox.pdmodel.PDDocumentCatalog.setPageMode(PageMode)",pdfbox/src/main/java/org/apache/pdfbox/pdmodel/PDDocumentCatalog.java,,,,,,,,,,,,,,,,,,,,,,,,,8,9,0,4,1,1,5,2,1,1,2,1,1,1,1,1,1,,,,,,0,,1,25,1,1,1,1
Public Method,"org.apache.pdfbox.pdmodel.PDDocumentCatalog.setStructureTreeRoot(PDStructureTreeRoot)",pdfbox/src/main/java/org/apache/pdfbox/pdmodel/PDDocumentCatalog.java,,,,,,,,,,,,,,,,,,,,,,,,,6,9,0,4,1,1,5,1,1,1,2,1,1,1,1,1,1,,,,,,0,,1,25,1,1,1,1
Public Method,"org.apache.pdfbox.pdmodel.PDDocumentCatalog.setThreads(List<PDThread>)",pdfbox/src/main/java/org/apache/pdfbox/pdmodel/PDDocumentCatalog.java,,,,,,,,,,,,,,,,,,,,,,,,,3,9,0,4,1,1,5,2,1,1,2,1,1,1,1,1,1,,,,,,0,,1,25,1,1,1,1
Public Method,"org.apache.pdfbox.pdmodel.PDDocumentCatalog.setURI(PDURIDictionary)",pdfbox/src/main/java/org/apache/pdfbox/pdmodel/PDDocumentCatalog.java,,,,,,,,,,,,,,,,,,,,,,,,,3,9,0,4,1,1,5,1,1,1,2,1,1,1,1,1,1,,,,,,0,,1,25,1,1,1,1
Public Method,"org.apache.pdfbox.pdmodel.PDDocumentCatalog.setVersion(String)",pdfbox/src/main/java/org/apache/pdfbox/pdmodel/PDDocumentCatalog.java,,,,,,,,,,,,,,,,,,,,,,,,,7,9,0,4,1,1,5,1,1,1,2,1,1,1,1,1,1,,,,,,0,,1,25,1,1,1,1
Public Method,"org.apache.pdfbox.pdmodel.PDDocumentCatalog.setViewerPreferences(PDViewerPreferences)",pdfbox/src/main/java/org/apache/pdfbox/pdmodel/PDDocumentCatalog.java,,,,,,,,,,,,,,,,,,,,,,,,,6,9,0,4,1,1,5,1,1,1,2,1,1,1,1,1,1,,,,,,0,,1,25,1,1,1,1
Public Class,"org.apache.pdfbox.pdmodel.PDDocumentInformation",pdfbox/src/main/java/org/apache/pdfbox/pdmodel/PDDocumentInformation.java,1,1,1,1,10,0,4,5,2,8,0,,0,0,,,25,1,25,37,0,0,0,25,,290,26,118,29,34,146,,,29,58,29,30,,,,,2,2,5,1,1,1,0,1,24,27,27,30,25
Public Constructor,"org.apache.pdfbox.pdmodel.PDDocumentInformation.PDDocumentInformation()",pdfbox/src/main/java/org/apache/pdfbox/pdmodel/PDDocumentInformation.java,,,,,,,,,,,,,,,,,,,,,,,,,1,7,0,4,1,1,3,3,1,1,2,1,1,1,1,1,1,,,,,,0,,0,75,1,1,1,1
Public Constructor,"org.apache.pdfbox.pdmodel.PDDocumentInformation.PDDocumentInformation(COSDictionary)",pdfbox/src/main/java/org/apache/pdfbox/pdmodel/PDDocumentInformation.java,,,,,,,,,,,,,,,,,,,,,,,,,4,9,0,4,1,1,5,2,1,1,2,1,1,1,1,1,1,,,,,,0,,1,25,1,1,1,1
Public Method,"org.apache.pdfbox.pdmodel.PDDocumentInformation.getAuthor()",pdfbox/src/main/java/org/apache/pdfbox/pdmodel/PDDocumentInformation.java,,,,,,,,,,,,,,,,,,,,,,,,,9,9,0,4,1,1,5,2,1,1,2,1,1,1,1,1,1,,,,,,0,,1,25,1,1,1,1
Public Method,"org.apache.pdfbox.pdmodel.PDDocumentInformation.getCOSObject()",pdfbox/src/main/java/org/apache/pdfbox/pdmodel/PDDocumentInformation.java,,,,,,,,,,,,,,,,,,,,,,,,,6,10,0,5,2,1,5,1,1,1,2,1,1,1,1,1,1,,,,,,0,,1,00,1,1,1,1
Public Method,"org.apache.pdfbox.pdmodel.PDDocumentInformation.getCreationDate()",pdfbox/src/main/java/org/apache/pdfbox/pdmodel/PDDocumentInformation.java,,,,,,,,,,,,,,,,,,,,,,,,,10,9,0,4,1,1,5,2,1,1,2,1,1,1,1,1,1,,,,,,0,,1,25,1,1,1,1
Public Method,"org.apache.pdfbox.pdmodel.PDDocumentInformation.getCreator()",pdfbox/src/main/java/org/apache/pdfbox/pdmodel/PDDocumentInformation.java,,,,,,,,,,,,,,,,,,,,,,,,,11,9,0,4,1,1,5,2,1,1,2,1,1,1,1,1,1,,,,,,0,,1,25,1,1,1,1
Public Method,"org.apache.pdfbox.pdmodel.PDDocumentInformation.getCustomMetadataValue(String)",pdfbox/src/main/java/org/apache/pdfbox/pdmodel/PDDocumentInformation.java,,,,,,,,,,,,,,,,,,,,,,,,,3,12,0,4,1,1,8,2,1,1,2,1,1,1,1,1,1,,,,,,0,,2,00,1,1,1,1
Public Method,"org.apache.pdfbox.pdmodel.PDDocumentInformation.getKeywords()",pdfbox/src/main/java/org/apache/pdfbox/pdmodel/PDDocumentInformation.java,,,,,,,,,,,,,,,,,,,,,,,,,9,9,0,4,1,1,5,2,1,1,2,1,1,1,1,1,1,,,,,,0,,1,25,1,1,1,1
Public Method,"org.apache.pdfbox.pdmodel.PDDocumentInformation.getMetadataKeys()",pdfbox/src/main/java/org/apache/pdfbox/pdmodel/PDDocumentInformation.java,,,,,,,,,,,,,,,,,,,,,,,,,3,15,0,9,2,4,6,5,2,3,6,3,4,2,2,2,1,,,,,,1,,0,67,2,2,2,1
Public Method,"org.apache.pdfbox.pdmodel.PDDocumentInformation.getModificationDate()",pdfbox/src/main/java/org/apache/pdfbox/pdmodel/PDDocumentInformation.java,,,,,,,,,,,,,,,,,,,,,,,,,9,9,0,4,1,1,5,2,1,1,2,1,1,1,1,1,1,,,,,,0,,1,25,1,1,1,1
Public Method,"org.apache.pdfbox.pdmodel.PDDocumentInformation.getProducer()",pdfbox/src/main/java/org/apache/pdfbox/pdmodel/PDDocumentInformation.java,,,,,,,,,,,,,,,,,,,,,,,,,13,9,0,4,1,1,5,2,1,1,2,1,1,1,1,1,1,,,,,,0,,1,25,1,1,1,1
Public Method,"org.apache.pdfbox.pdmodel.PDDocumentInformation.getPropertyStringValue(String)",pdfbox/src/main/java/org/apache/pdfbox/pdmodel/PDDocumentInformation.java,,,,,,,,,,,,,,,,,,,,,,,,,4,14,0,4,1,1,10,2,1,1,2,1,1,1,1,1,1,,,,,,0,,2,50,1,1,1,1
Public Method,"org.apache.pdfbox.pdmodel.PDDocumentInformation.getSubject()",pdfbox/src/main/java/org/apache/pdfbox/pdmodel/PDDocumentInformation.java,,,,,,,,,,,,,,,,,,,,,,,,,10,9,0,4,1,1,5,2,1,1,2,1,1,1,1,1,1,,,,,,0,,1,25,1,1,1,1
Public Method,"org.apache.pdfbox.pdmodel.PDDocumentInformation.getTitle()",pdfbox/src/main/java/org/apache/pdfbox/pdmodel/PDDocumentInformation.java,,,,,,,,,,,,,,,,,,,,,,,,,12,9,0,4,1,1,5,2,1,1,2,1,1,1,1,1,1,,,,,,0,,1,25,1,1,1,1
Public Method,"org.apache.pdfbox.pdmodel.PDDocumentInformation.getTrapped()",pdfbox/src/main/java/org/apache/pdfbox/pdmodel/PDDocumentInformation.java,,,,,,,,,,,,,,,,,,,,,,,,,5,10,0,4,1,1,6,2,1,1,2,1,1,1,1,1,1,,,,,,0,,1,50,1,1,1,1
Public Method,"org.apache.pdfbox.pdmodel.PDDocumentInformation.setAuthor(String)",pdfbox/src/main/java/org/apache/pdfbox/pdmodel/PDDocumentInformation.java,,,,,,,,,,,,,,,,,,,,,,,,,11,9,0,4,1,1,5,1,1,1,2,1,1,1,1,1,1,,,,,,0,,1,25,1,1,1,1
Public Method,"org.apache.pdfbox.pdmodel.PDDocumentInformation.setCreationDate(Calendar)",pdfbox/src/main/java/org/apache/pdfbox/pdmodel/PDDocumentInformation.java,,,,,,,,,,,,,,,,,,,,,,,,,11,9,0,4,1,1,5,1,1,1,2,1,1,1,1,1,1,,,,,,0,,1,25,1,1,1,1
Public Method,"org.apache.pdfbox.pdmodel.PDDocumentInformation.setCreator(String)",pdfbox/src/main/java/org/apache/pdfbox/pdmodel/PDDocumentInformation.java,,,,,,,,,,,,,,,,,,,,,,,,,11,9,0,4,1,1,5,1,1,1,2,1,1,1,1,1,1,,,,,,0,,1,25,1,1,1,1
Public Method,"org.apache.pdfbox.pdmodel.PDDocumentInformation.setCustomMetadataValue(String,String)",pdfbox/src/main/java/org/apache/pdfbox/pdmodel/PDDocumentInformation.java,,,,,,,,,,,,,,,,,,,,,,,,,3,10,0,4,1,1,6,1,1,1,2,1,1,1,1,1,1,,,,,,0,,1,50,1,1,1,1
Public Method,"org.apache.pdfbox.pdmodel.PDDocumentInformation.setKeywords(String)",pdfbox/src/main/java/org/apache/pdfbox/pdmodel/PDDocumentInformation.java,,,,,,,,,,,,,,,,,,,,,,,,,10,9,0,4,1,1,5,1,1,1,2,1,1,1,1,1,1,,,,,,0,,1,25,1,1,1,1
Public Method,"org.apache.pdfbox.pdmodel.PDDocumentInformation.setModificationDate(Calendar)",pdfbox/src/main/java/org/apache/pdfbox/pdmodel/PDDocumentInformation.java,,,,,,,,,,,,,,,,,,,,,,,,,11,9,0,4,1,1,5,1,1,1,2,1,1,1,1,1,1,,,,,,0,,1,25,1,1,1,1
Public Method,"org.apache.pdfbox.pdmodel.PDDocumentInformation.setProducer(String)",pdfbox/src/main/java/org/apache/pdfbox/pdmodel/PDDocumentInformation.java,,,,,,,,,,,,,,,,,,,,,,,,,10,9,0,4,1,1,5,1,1,1,2,1,1,1,1,1,1,,,,,,0,,1,25,1,1,1,1
Public Method,"org.apache.pdfbox.pdmodel.PDDocumentInformation.setSubject(String)",pdfbox/src/main/java/org/apache/pdfbox/pdmodel/PDDocumentInformation.java,,,,,,,,,,,,,,,,,,,,,,,,,12,9,0,4,1,1,5,1,1,1,2,1,1,1,1,1,1,,,,,,0,,1,25,1,1,1,1
Public Method,"org.apache.pdfbox.pdmodel.PDDocumentInformation.setTitle(String)",pdfbox/src/main/java/org/apache/pdfbox/pdmodel/PDDocumentInformation.java,,,,,,,,,,,,,,,,,,,,,,,,,12,9,0,4,1,1,5,1,1,1,2,1,1,1,1,1,1,,,,,,0,,1,25,1,1,1,1
Public Method,"org.apache.pdfbox.pdmodel.PDDocumentInformation.setTrapped(String)",pdfbox/src/main/java/org/apache/pdfbox/pdmodel/PDDocumentInformation.java,,,,,,,,,,,,,,,,,,,,,,,,,3,21,1,12,1,7,8,3,2,2,4,1,3,2,2,5,1,,,,,,1,,0,67,2,2,5,1
Public Class,"org.apache.pdfbox.pdmodel.PDDocumentNameDestinationDictionary",pdfbox/src/main/java/org/apache/pdfbox/pdmodel/PDDocumentNameDestinationDictionary.java,2,2,2,2,16,0,8,7,2,8,0,,0,0,,,3,1,3,15,0,0,0,3,,62,5,30,8,10,27,,,8,15,7,9,,,,,4,4,4,4,1,2,0,0,90,6,6,6,6
Public Constructor,"org.apache.pdfbox.pdmodel.PDDocumentNameDestinationDictionary.PDDocumentNameDestinationDictionary(COSDictionary)",pdfbox/src/main/java/org/apache/pdfbox/pdmodel/PDDocumentNameDestinationDictionary.java,,,,,,,,,,,,,,,,,,,,,,,,,2,9,0,4,1,1,5,2,1,1,2,1,1,1,1,1,1,,,,,,0,,1,25,1,1,1,1
Public Method,"org.apache.pdfbox.pdmodel.PDDocumentNameDestinationDictionary.getCOSObject()",pdfbox/src/main/java/org/apache/pdfbox/pdmodel/PDDocumentNameDestinationDictionary.java,,,,,,,,,,,,,,,,,,,,,,,,,2,10,0,5,2,1,5,1,1,1,2,1,1,1,1,1,1,,,,,,0,,1,00,1,1,1,1
Public Method,"org.apache.pdfbox.pdmodel.PDDocumentNameDestinationDictionary.getDestination(String)",pdfbox/src/main/java/org/apache/pdfbox/pdmodel/PDDocumentNameDestinationDictionary.java,,,,,,,,,,,,,,,,,,,,,,,,,4,29,1,17,3,8,11,5,4,5,9,3,7,4,4,4,4,,,,,,2,,0,65,4,4,4,4
Public Class,"org.apache.pdfbox.pdmodel.PDDocumentNameDictionary",pdfbox/src/main/java/org/apache/pdfbox/pdmodel/PDDocumentNameDictionary.java,1,1,1,1,12,0,5,6,2,7,0,,0,0,,,9,2,9,21,0,0,0,9,,129,9,58,17,21,62,,,21,33,16,21,,,,,3,3,3,1,1,1,27,1,07,14,14,14,9
Public Constructor,"org.apache.pdfbox.pdmodel.PDDocumentNameDictionary.PDDocumentNameDictionary(PDDocumentCatalog)",pdfbox/src/main/java/org/apache/pdfbox/pdmodel/PDDocumentNameDictionary.java,,,,,,,,,,,,,,,,,,,,,,,,,5,16,0,11,2,6,5,7,2,5,7,2,6,2,2,2,1,,,,,,1,,0,45,2,2,2,1
Public Constructor,"org.apache.pdfbox.pdmodel.PDDocumentNameDictionary.PDDocumentNameDictionary(PDDocumentCatalog,COSDictionary)",pdfbox/src/main/java/org/apache/pdfbox/pdmodel/PDDocumentNameDictionary.java,,,,,,,,,,,,,,,,,,,,,,,,,3,11,0,5,1,2,6,3,1,2,3,1,2,1,1,1,1,,,,,,0,,1,20,1,1,1,1
Public Method,"org.apache.pdfbox.pdmodel.PDDocumentNameDictionary.getCOSObject()",pdfbox/src/main/java/org/apache/pdfbox/pdmodel/PDDocumentNameDictionary.java,,,,,,,,,,,,,,,,,,,,,,,,,2,10,0,5,2,1,5,1,1,1,2,1,1,1,1,1,1,,,,,,0,,1,00,1,1,1,1
Public Method,"org.apache.pdfbox.pdmodel.PDDocumentNameDictionary.getDests()",pdfbox/src/main/java/org/apache/pdfbox/pdmodel/PDDocumentNameDictionary.java,,,,,,,,,,,,,,,,,,,,,,,,,4,17,0,9,2,4,8,4,2,3,5,2,4,3,3,3,1,,,,,,1,,0,89,3,3,3,1
Public Method,"org.apache.pdfbox.pdmodel.PDDocumentNameDictionary.getEmbeddedFiles()",pdfbox/src/main/java/org/apache/pdfbox/pdmodel/PDDocumentNameDictionary.java,,,,,,,,,,,,,,,,,,,,,,,,,10,11,0,5,2,2,6,3,1,2,3,2,2,2,2,2,1,,,,,,0,,1,20,2,2,2,1
Public Method,"org.apache.pdfbox.pdmodel.PDDocumentNameDictionary.getJavaScript()",pdfbox/src/main/java/org/apache/pdfbox/pdmodel/PDDocumentNameDictionary.java,,,,,,,,,,,,,,,,,,,,,,,,,3,12,0,5,2,2,7,3,1,2,3,2,2,2,2,2,1,,,,,,0,,1,40,2,2,2,1
Public Method,"org.apache.pdfbox.pdmodel.PDDocumentNameDictionary.setDests(PDDestinationNameTreeNode)",pdfbox/src/main/java/org/apache/pdfbox/pdmodel/PDDocumentNameDictionary.java,,,,,,,,,,,,,,,,,,,,,,,,,4,15,0,5,1,2,10,2,1,2,3,1,2,1,1,1,1,,,,,,0,,2,00,1,1,1,1
Public Method,"org.apache.pdfbox.pdmodel.PDDocumentNameDictionary.setEmbeddedFiles(PDEmbeddedFilesNameTreeNode)",pdfbox/src/main/java/org/apache/pdfbox/pdmodel/PDDocumentNameDictionary.java,,,,,,,,,,,,,,,,,,,,,,,,,5,9,0,4,1,1,5,1,1,1,2,1,1,1,1,1,1,,,,,,0,,1,25,1,1,1,1
Public Method,"org.apache.pdfbox.pdmodel.PDDocumentNameDictionary.setJavascript(PDJavascriptNameTreeNode)",pdfbox/src/main/java/org/apache/pdfbox/pdmodel/PDDocumentNameDictionary.java,,,,,,,,,,,,,,,,,,,,,,,,,3,9,0,4,1,1,5,1,1,1,2,1,1,1,1,1,1,,,,,,0,,1,25,1,1,1,1
Public Class,"org.apache.pdfbox.pdmodel.PDEmbeddedFilesNameTreeNode",pdfbox/src/main/java/org/apache/pdfbox/pdmodel/PDEmbeddedFilesNameTreeNode.java,1,1,1,1,6,0,4,2,1,5,0,,0,0,,,4,0,4,34,0,0,2,2,,37,3,21,7,4,13,,,4,9,5,4,,,,,1,1,1,1,2,0,0,0,62,4,4,4,4
Public Constructor,"org.apache.pdfbox.pdmodel.PDEmbeddedFilesNameTreeNode.PDEmbeddedFilesNameTreeNode()",pdfbox/src/main/java/org/apache/pdfbox/pdmodel/PDEmbeddedFilesNameTreeNode.java,,,,,,,,,,,,,,,,,,,,,,,,,2,7,0,4,1,1,3,2,1,1,2,1,1,1,1,1,1,,,,,,0,,0,75,1,1,1,1
Public Constructor,"org.apache.pdfbox.pdmodel.PDEmbeddedFilesNameTreeNode.PDEmbeddedFilesNameTreeNode(COSDictionary)",pdfbox/src/main/java/org/apache/pdfbox/pdmodel/PDEmbeddedFilesNameTreeNode.java,,,,,,,,,,,,,,,,,,,,,,,,,3,9,0,4,1,1,5,2,1,1,2,1,1,1,1,1,1,,,,,,0,,1,25,1,1,1,1
Protected Method,"org.apache.pdfbox.pdmodel.PDEmbeddedFilesNameTreeNode.convertCOSToPD(COSBase)",pdfbox/src/main/java/org/apache/pdfbox/pdmodel/PDEmbeddedFilesNameTreeNode.java,,,,,,,,,,,,,,,,,,,,,,,,,1,5,0,5,2,1,0,2,1,1,2,1,1,1,1,1,1,,,,,,0,,0,00,1,1,1,1
Protected Method,"org.apache.pdfbox.pdmodel.PDEmbeddedFilesNameTreeNode.createChildNode(COSDictionary)",pdfbox/src/main/java/org/apache/pdfbox/pdmodel/PDEmbeddedFilesNameTreeNode.java,,,,,,,,,,,,,,,,,,,,,,,,,1,5,0,5,2,1,0,2,1,1,2,1,1,1,1,1,1,,,,,,0,,0,00,1,1,1,1
Public Final Class,"org.apache.pdfbox.pdmodel.PDFormContentStream",pdfbox/src/main/java/org/apache/pdfbox/pdmodel/PDFormContentStream.java,1,1,1,1,11,0,4,7,1,3,0,,0,0,,,1,0,1,94,0,0,0,1,,18,0,7,2,1,11,,,1,3,2,1,,,,,1,1,1,1,2,0,0,1,57,1,1,1,1
Public Constructor,"org.apache.pdfbox.pdmodel.PDFormContentStream.PDFormContentStream(PDFormXObject)",pdfbox/src/main/java/org/apache/pdfbox/pdmodel/PDFormContentStream.java,,,,,,,,,,,,,,,,,,,,,,,,,3,11,0,4,1,1,7,5,1,1,2,1,1,1,1,1,1,,,,,,0,,1,75,1,1,1,1
Public Class,"org.apache.pdfbox.pdmodel.PDJavascriptNameTreeNode",pdfbox/src/main/java/org/apache/pdfbox/pdmodel/PDJavascriptNameTreeNode.java,1,1,1,1,7,0,5,2,1,6,0,,0,0,,,4,0,4,34,0,0,2,2,,41,3,25,7,6,13,,,5,11,5,6,,,,,2,2,2,1,2,1,0,0,52,5,5,5,4
Public Constructor,"org.apache.pdfbox.pdmodel.PDJavascriptNameTreeNode.PDJavascriptNameTreeNode()",pdfbox/src/main/java/org/apache/pdfbox/pdmodel/PDJavascriptNameTreeNode.java,,,,,,,,,,,,,,,,,,,,,,,,,0,7,0,4,1,1,3,2,1,1,2,1,1,1,1,1,1,,,,,,0,,0,75,1,1,1,1
Public Constructor,"org.apache.pdfbox.pdmodel.PDJavascriptNameTreeNode.PDJavascriptNameTreeNode(COSDictionary)",pdfbox/src/main/java/org/apache/pdfbox/pdmodel/PDJavascriptNameTreeNode.java,,,,,,,,,,,,,,,,,,,,,,,,,3,9,0,4,1,1,5,2,1,1,2,1,1,1,1,1,1,,,,,,0,,1,25,1,1,1,1
Protected Method,"org.apache.pdfbox.pdmodel.PDJavascriptNameTreeNode.convertCOSToPD(COSBase)",pdfbox/src/main/java/org/apache/pdfbox/pdmodel/PDJavascriptNameTreeNode.java,,,,,,,,,,,,,,,,,,,,,,,,,1,9,0,9,2,3,0,3,2,2,4,1,3,2,2,2,1,,,,,,1,,0,00,2,2,2,1
Protected Method,"org.apache.pdfbox.pdmodel.PDJavascriptNameTreeNode.createChildNode(COSDictionary)",pdfbox/src/main/java/org/apache/pdfbox/pdmodel/PDJavascriptNameTreeNode.java,,,,,,,,,,,,,,,,,,,,,,,,,1,5,0,5,2,1,0,2,1,1,2,1,1,1,1,1,1,,,,,,0,,0,00,1,1,1,1
Public Class,"org.apache.pdfbox.pdmodel.PDPage",pdfbox/src/main/java/org/apache/pdfbox/pdmodel/PDPage.java,1,1,2,1,13,0,8,4,3,38,0,,0,1,,,49,4,49,61,1,1,0,47,,743,52,448,104,188,243,,,155,246,102,179,,,,,6,6,7,4,1,3,75,0,54,97,97,100,62
Public Constructor,"org.apache.pdfbox.pdmodel.PDPage.PDPage()",pdfbox/src/main/java/org/apache/pdfbox/pdmodel/PDPage.java,,,,,,,,,,,,,,,,,,,,,,,,,71,7,0,4,1,1,3,2,1,1,2,1,1,1,1,1,1,,,,,,0,,0,75,1,1,1,1
Public Constructor,"org.apache.pdfbox.pdmodel.PDPage.PDPage(COSDictionary)",pdfbox/src/main/java/org/apache/pdfbox/pdmodel/PDPage.java,,,,,,,,,,,,,,,,,,,,,,,,,11,9,0,4,1,1,5,2,1,1,2,1,1,1,1,1,1,,,,,,0,,1,25,1,1,1,1
Constructor,"org.apache.pdfbox.pdmodel.PDPage.PDPage(COSDictionary,ResourceCache)",pdfbox/src/main/java/org/apache/pdfbox/pdmodel/PDPage.java,,,,,,,,,,,,,,,,,,,,,,,,,5,10,0,5,1,2,5,3,1,2,3,1,2,1,1,1,1,,,,,,0,,1,00,1,1,1,1
Public Constructor,"org.apache.pdfbox.pdmodel.PDPage.PDPage(PDRectangle)",pdfbox/src/main/java/org/apache/pdfbox/pdmodel/PDPage.java,,,,,,,,,,,,,,,,,,,,,,,,,35,11,0,6,1,3,5,5,1,3,4,1,3,1,1,1,1,,,,,,0,,0,83,1,1,1,1
Private Method,"org.apache.pdfbox.pdmodel.PDPage.clipToMediaBox(PDRectangle)",pdfbox/src/main/java/org/apache/pdfbox/pdmodel/PDPage.java,,,,,,,,,,,,,,,,,,,,,,,,,5,13,0,10,3,7,3,13,1,7,8,3,7,1,1,1,1,,,,,,0,,0,30,1,1,1,1
Public Method,"org.apache.pdfbox.pdmodel.PDPage.equals(Object)",pdfbox/src/main/java/org/apache/pdfbox/pdmodel/PDPage.java,,,,,,,,,,,,,,,,,,,,,,,,,1,5,0,5,2,1,0,2,1,1,2,1,1,1,1,2,1,,,,,,0,,0,00,1,1,2,1
Public Method,"org.apache.pdfbox.pdmodel.PDPage.getActions()",pdfbox/src/main/java/org/apache/pdfbox/pdmodel/PDPage.java,,,,,,,,,,,,,,,,,,,,,,,,,2,15,0,10,2,5,5,5,2,4,6,2,5,2,2,2,1,,,,,,1,,0,50,2,2,2,1
Public Method,"org.apache.pdfbox.pdmodel.PDPage.getAnnotations()",pdfbox/src/main/java/org/apache/pdfbox/pdmodel/PDPage.java,,,,,,,,,,,,,,,,,,,,,,,,,49,12,0,4,1,1,8,2,1,1,2,1,1,1,1,1,1,,,,,,0,,2,00,2,2,2,2
Public Method,"org.apache.pdfbox.pdmodel.PDPage.getAnnotations(AnnotationFilter)",pdfbox/src/main/java/org/apache/pdfbox/pdmodel/PDPage.java,,,,,,,,,,,,,,,,,,,,,,,,,9,33,1,23,5,12,9,10,6,10,15,6,13,5,5,5,4,,,,,,2,,0,39,5,5,5,4
Lambda Method,"org.apache.pdfbox.pdmodel.PDPage.getAnnotations.(lambda_expr_1)(PDAnnotation (inferred))",pdfbox/src/main/java/org/apache/pdfbox/pdmodel/PDPage.java,,,,,,,,,,,,,,,,,,,,,,,,,0,1,0,1,0,1,0,1,1,0,0,0,0,1,1,1,1,,,,,,0,,0,00,1,1,1,1
Public Method,"org.apache.pdfbox.pdmodel.PDPage.getArtBox()",pdfbox/src/main/java/org/apache/pdfbox/pdmodel/PDPage.java,,,,,,,,,,,,,,,,,,,,,,,,,2,12,0,5,2,2,7,5,1,2,3,2,2,2,2,2,1,,,,,,0,,1,40,2,2,2,1
Public Method,"org.apache.pdfbox.pdmodel.PDPage.getBBox()",pdfbox/src/main/java/org/apache/pdfbox/pdmodel/PDPage.java,,,,,,,,,,,,,,,,,,,,,,,,,1,5,0,5,2,1,0,2,1,1,2,1,1,1,1,1,1,,,,,,0,,0,00,1,1,1,1
Public Method,"org.apache.pdfbox.pdmodel.PDPage.getBleedBox()",pdfbox/src/main/java/org/apache/pdfbox/pdmodel/PDPage.java,,,,,,,,,,,,,,,,,,,,,,,,,2,12,0,5,2,2,7,5,1,2,3,2,2,2,2,2,1,,,,,,0,,1,40,2,2,2,1
Public Method,"org.apache.pdfbox.pdmodel.PDPage.getCOSObject()",pdfbox/src/main/java/org/apache/pdfbox/pdmodel/PDPage.java,,,,,,,,,,,,,,,,,,,,,,,,,31,10,0,5,2,1,5,1,1,1,2,1,1,1,1,1,1,,,,,,0,,1,00,1,1,1,1
Public Method,"org.apache.pdfbox.pdmodel.PDPage.getContentStreams()",pdfbox/src/main/java/org/apache/pdfbox/pdmodel/PDPage.java,,,,,,,,,,,,,,,,,,,,,,,,,3,24,0,19,5,10,5,8,4,9,13,6,10,4,4,4,1,,,,,,2,,0,26,4,4,4,1
Public Method,"org.apache.pdfbox.pdmodel.PDPage.getContents()",pdfbox/src/main/java/org/apache/pdfbox/pdmodel/PDPage.java,,,,,,,,,,,,,,,,,,,,,,,,,5,34,0,27,8,15,7,10,5,13,18,8,13,5,5,6,3,,,,,,3,,0,26,5,5,6,3
Public Method,"org.apache.pdfbox.pdmodel.PDPage.getContentsForRandomAccess()",pdfbox/src/main/java/org/apache/pdfbox/pdmodel/PDPage.java,,,,,,,,,,,,,,,,,,,,,,,,,2,29,0,29,7,15,0,10,8,12,18,7,14,6,6,7,4,,,,,,3,,0,00,6,6,7,4
Public Method,"org.apache.pdfbox.pdmodel.PDPage.getCropBox()",pdfbox/src/main/java/org/apache/pdfbox/pdmodel/PDPage.java,,,,,,,,,,,,,,,,,,,,,,,,,24,17,0,12,2,5,5,5,2,3,5,2,4,2,2,2,1,,,,,,1,,0,42,2,2,2,1
Public Method,"org.apache.pdfbox.pdmodel.PDPage.getMatrix()",pdfbox/src/main/java/org/apache/pdfbox/pdmodel/PDPage.java,,,,,,,,,,,,,,,,,,,,,,,,,1,6,0,5,2,1,1,2,1,1,2,1,1,1,1,1,1,,,,,,0,,0,20,1,1,1,1
Public Method,"org.apache.pdfbox.pdmodel.PDPage.getMediaBox()",pdfbox/src/main/java/org/apache/pdfbox/pdmodel/PDPage.java,,,,,,,,,,,,,,,,,,,,,,,,,32,21,0,17,2,8,4,5,6,5,9,2,8,4,4,4,1,,,,,,2,,0,24,4,4,4,1
Public Method,"org.apache.pdfbox.pdmodel.PDPage.getMetadata()",pdfbox/src/main/java/org/apache/pdfbox/pdmodel/PDPage.java,,,,,,,,,,,,,,,,,,,,,,,,,2,11,0,5,2,2,6,3,1,2,3,2,2,2,2,2,1,,,,,,0,,1,20,2,2,2,1
Public Method,"org.apache.pdfbox.pdmodel.PDPage.getResourceCache()",pdfbox/src/main/java/org/apache/pdfbox/pdmodel/PDPage.java,,,,,,,,,,,,,,,,,,,,,,,,,1,7,0,4,1,1,3,1,1,1,2,1,1,1,1,1,1,,,,,,0,,0,75,1,1,1,1
Public Method,"org.apache.pdfbox.pdmodel.PDPage.getResources()",pdfbox/src/main/java/org/apache/pdfbox/pdmodel/PDPage.java,,,,,,,,,,,,,,,,,,,,,,,,,40,18,1,13,3,5,4,4,3,3,6,2,5,3,3,3,1,,,,,,2,,0,31,3,3,3,1
Public Method,"org.apache.pdfbox.pdmodel.PDPage.getRotation()",pdfbox/src/main/java/org/apache/pdfbox/pdmodel/PDPage.java,,,,,,,,,,,,,,,,,,,,,,,,,24,21,0,13,3,6,8,3,3,4,7,3,6,3,3,3,3,,,,,,2,,0,62,3,3,3,3
Public Method,"org.apache.pdfbox.pdmodel.PDPage.getStructParents()",pdfbox/src/main/java/org/apache/pdfbox/pdmodel/PDPage.java,,,,,,,,,,,,,,,,,,,,,,,,,4,10,0,4,1,1,6,2,1,1,2,1,1,1,1,1,1,,,,,,0,,1,50,1,1,1,1
Public Method,"org.apache.pdfbox.pdmodel.PDPage.getThreadBeads()",pdfbox/src/main/java/org/apache/pdfbox/pdmodel/PDPage.java,,,,,,,,,,,,,,,,,,,,,,,,,5,28,0,20,5,11,8,9,6,10,14,6,11,4,4,4,1,,,,,,2,,0,40,4,4,4,1
Public Method,"org.apache.pdfbox.pdmodel.PDPage.getTransition()",pdfbox/src/main/java/org/apache/pdfbox/pdmodel/PDPage.java,,,,,,,,,,,,,,,,,,,,,,,,,4,8,0,5,2,2,3,3,1,2,3,2,2,2,2,2,1,,,,,,0,,0,60,2,2,2,1
Public Method,"org.apache.pdfbox.pdmodel.PDPage.getTrimBox()",pdfbox/src/main/java/org/apache/pdfbox/pdmodel/PDPage.java,,,,,,,,,,,,,,,,,,,,,,,,,2,11,0,5,2,2,6,4,1,2,3,2,2,2,2,2,1,,,,,,0,,1,20,2,2,2,1
Public Method,"org.apache.pdfbox.pdmodel.PDPage.getUserUnit()",pdfbox/src/main/java/org/apache/pdfbox/pdmodel/PDPage.java,,,,,,,,,,,,,,,,,,,,,,,,,2,12,0,5,2,2,7,2,1,2,3,2,2,2,2,2,1,,,,,,0,,1,40,2,2,2,1
Public Method,"org.apache.pdfbox.pdmodel.PDPage.getViewports()",pdfbox/src/main/java/org/apache/pdfbox/pdmodel/PDPage.java,,,,,,,,,,,,,,,,,,,,,,,,,3,27,0,22,4,11,5,8,4,9,13,5,11,4,4,4,1,,,,,,2,,0,23,4,4,4,1
Public Method,"org.apache.pdfbox.pdmodel.PDPage.hasContents()",pdfbox/src/main/java/org/apache/pdfbox/pdmodel/PDPage.java,,,,,,,,,,,,,,,,,,,,,,,,,8,16,0,13,2,6,3,4,3,4,7,2,6,3,3,3,3,,,,,,1,,0,23,3,3,3,3
Public Method,"org.apache.pdfbox.pdmodel.PDPage.hashCode()",pdfbox/src/main/java/org/apache/pdfbox/pdmodel/PDPage.java,,,,,,,,,,,,,,,,,,,,,,,,,1,5,0,5,2,1,0,2,1,1,2,1,1,1,1,1,1,,,,,,0,,0,00,1,1,1,1
Public Method,"org.apache.pdfbox.pdmodel.PDPage.setActions(PDPageAdditionalActions)",pdfbox/src/main/java/org/apache/pdfbox/pdmodel/PDPage.java,,,,,,,,,,,,,,,,,,,,,,,,,3,9,0,4,1,1,5,1,1,1,2,1,1,1,1,1,1,,,,,,0,,1,25,1,1,1,1
Public Method,"org.apache.pdfbox.pdmodel.PDPage.setAnnotations(List<PDAnnotation>)",pdfbox/src/main/java/org/apache/pdfbox/pdmodel/PDPage.java,,,,,,,,,,,,,,,,,,,,,,,,,10,9,0,4,1,1,5,2,1,1,2,1,1,1,1,1,1,,,,,,0,,1,25,1,1,1,1
Public Method,"org.apache.pdfbox.pdmodel.PDPage.setArtBox(PDRectangle)",pdfbox/src/main/java/org/apache/pdfbox/pdmodel/PDPage.java,,,,,,,,,,,,,,,,,,,,,,,,,3,16,0,11,1,4,5,2,2,2,4,1,3,2,2,2,1,,,,,,1,,0,45,2,2,2,1
Public Method,"org.apache.pdfbox.pdmodel.PDPage.setBleedBox(PDRectangle)",pdfbox/src/main/java/org/apache/pdfbox/pdmodel/PDPage.java,,,,,,,,,,,,,,,,,,,,,,,,,3,16,0,11,1,4,5,2,2,2,4,1,3,2,2,2,1,,,,,,1,,0,45,2,2,2,1
Public Method,"org.apache.pdfbox.pdmodel.PDPage.setContents(List<PDStream>)",pdfbox/src/main/java/org/apache/pdfbox/pdmodel/PDPage.java,,,,,,,,,,,,,,,,,,,,,,,,,3,9,0,4,1,1,5,2,1,1,2,1,1,1,1,1,1,,,,,,0,,1,25,1,1,1,1
Public Method,"org.apache.pdfbox.pdmodel.PDPage.setContents(PDStream)",pdfbox/src/main/java/org/apache/pdfbox/pdmodel/PDPage.java,,,,,,,,,,,,,,,,,,,,,,,,,7,9,0,4,1,1,5,1,1,1,2,1,1,1,1,1,1,,,,,,0,,1,25,1,1,1,1
Public Method,"org.apache.pdfbox.pdmodel.PDPage.setCropBox(PDRectangle)",pdfbox/src/main/java/org/apache/pdfbox/pdmodel/PDPage.java,,,,,,,,,,,,,,,,,,,,,,,,,8,16,0,11,1,4,5,3,2,2,4,1,3,2,2,2,1,,,,,,1,,0,45,2,2,2,1
Public Method,"org.apache.pdfbox.pdmodel.PDPage.setMediaBox(PDRectangle)",pdfbox/src/main/java/org/apache/pdfbox/pdmodel/PDPage.java,,,,,,,,,,,,,,,,,,,,,,,,,6,17,0,12,1,5,5,3,2,3,5,1,4,2,2,2,1,,,,,,1,,0,42,2,2,2,1
Public Method,"org.apache.pdfbox.pdmodel.PDPage.setMetadata(PDMetadata)",pdfbox/src/main/java/org/apache/pdfbox/pdmodel/PDPage.java,,,,,,,,,,,,,,,,,,,,,,,,,3,9,0,4,1,1,5,1,1,1,2,1,1,1,1,1,1,,,,,,0,,1,25,1,1,1,1
Public Method,"org.apache.pdfbox.pdmodel.PDPage.setResources(PDResources)",pdfbox/src/main/java/org/apache/pdfbox/pdmodel/PDPage.java,,,,,,,,,,,,,,,,,,,,,,,,,16,17,0,12,1,5,5,3,2,3,5,1,4,2,2,2,1,,,,,,1,,0,42,2,2,2,1
Public Method,"org.apache.pdfbox.pdmodel.PDPage.setRotation(int)",pdfbox/src/main/java/org/apache/pdfbox/pdmodel/PDPage.java,,,,,,,,,,,,,,,,,,,,,,,,,8,9,0,4,1,1,5,1,1,1,2,1,1,1,1,1,1,,,,,,0,,1,25,1,1,1,1
Public Method,"org.apache.pdfbox.pdmodel.PDPage.setStructParents(int)",pdfbox/src/main/java/org/apache/pdfbox/pdmodel/PDPage.java,,,,,,,,,,,,,,,,,,,,,,,,,6,9,0,4,1,1,5,1,1,1,2,1,1,1,1,1,1,,,,,,0,,1,25,1,1,1,1
Public Method,"org.apache.pdfbox.pdmodel.PDPage.setThreadBeads(List<PDThreadBead>)",pdfbox/src/main/java/org/apache/pdfbox/pdmodel/PDPage.java,,,,,,,,,,,,,,,,,,,,,,,,,3,9,0,4,1,1,5,2,1,1,2,1,1,1,1,1,1,,,,,,0,,1,25,1,1,1,1
Public Method,"org.apache.pdfbox.pdmodel.PDPage.setTransition(PDTransition)",pdfbox/src/main/java/org/apache/pdfbox/pdmodel/PDPage.java,,,,,,,,,,,,,,,,,,,,,,,,,3,7,0,4,1,1,3,1,1,1,2,1,1,1,1,1,1,,,,,,0,,0,75,1,1,1,1
Public Method,"org.apache.pdfbox.pdmodel.PDPage.setTransition(PDTransition,float)",pdfbox/src/main/java/org/apache/pdfbox/pdmodel/PDPage.java,,,,,,,,,,,,,,,,,,,,,,,,,6,12,0,5,1,2,7,3,1,2,3,1,2,1,1,1,1,,,,,,0,,1,40,1,1,1,1
Public Method,"org.apache.pdfbox.pdmodel.PDPage.setTrimBox(PDRectangle)",pdfbox/src/main/java/org/apache/pdfbox/pdmodel/PDPage.java,,,,,,,,,,,,,,,,,,,,,,,,,3,16,0,11,1,4,5,2,2,2,4,1,3,2,2,2,1,,,,,,1,,0,45,2,2,2,1
Public Method,"org.apache.pdfbox.pdmodel.PDPage.setUserUnit(float)",pdfbox/src/main/java/org/apache/pdfbox/pdmodel/PDPage.java,,,,,,,,,,,,,,,,,,,,,,,,,3,15,0,8,1,3,7,2,2,2,4,1,3,2,2,2,1,,,,,,1,,0,88,2,2,2,1
Public Method,"org.apache.pdfbox.pdmodel.PDPage.setViewports(List<PDViewportDictionary>)",pdfbox/src/main/java/org/apache/pdfbox/pdmodel/PDPage.java,,,,,,,,,,,,,,,,,,,,,,,,,3,14,0,9,1,4,5,3,2,3,5,1,4,2,2,2,1,,,,,,1,,0,56,2,2,2,1
Public Final Class,"org.apache.pdfbox.pdmodel.PDPageContentStream",pdfbox/src/main/java/org/apache/pdfbox/pdmodel/PDPageContentStream.java,1,1,1,1,18,0,9,8,2,20,0,,0,1,,,11,1,11,104,0,1,0,10,,259,24,124,32,44,111,,,34,56,20,39,,,,,8,8,9,1,2,3,81,0,90,20,20,21,11
Public Enum Type,"org.apache.pdfbox.pdmodel.PDPageContentStream.AppendMode",pdfbox/src/main/java/org/apache/pdfbox/pdmodel/PDPageContentStream.java,0,0,0,0,2,0,2,0,1,1,0,,0,0,,,4,3,4,30,0,0,0,4,,28,2,14,6,2,12,,,3,5,3,2,,,,,1,1,1,1,1,0,,0,86,2,2,2,2
Public Method,"org.apache.pdfbox.pdmodel.PDPageContentStream.AppendMode.isOverwrite()",pdfbox/src/main/java/org/apache/pdfbox/pdmodel/PDPageContentStream.java,,,,,,,,,,,,,,,,,,,,,,,,,2,4,0,4,1,1,0,1,1,1,2,1,1,1,1,1,1,,,,,,0,,0,00,1,1,1,1
Public Method,"org.apache.pdfbox.pdmodel.PDPageContentStream.AppendMode.isPrepend()",pdfbox/src/main/java/org/apache/pdfbox/pdmodel/PDPageContentStream.java,,,,,,,,,,,,,,,,,,,,,,,,,2,4,0,4,1,1,0,1,1,1,2,1,1,1,1,1,1,,,,,,0,,0,00,1,1,1,1
Public Implicit Method,"org.apache.pdfbox.pdmodel.PDPageContentStream.AppendMode.valueOf()",pdfbox/src/main/java/org/apache/pdfbox/pdmodel/PDPageContentStream.java,,,,,,,,,,,,,,,,,,,,,,,,,,,,,,,,,,,,,,,,,,,,,,,,,0,00,0,0,0,0
Public Implicit Method,"org.apache.pdfbox.pdmodel.PDPageContentStream.AppendMode.values()",pdfbox/src/main/java/org/apache/pdfbox/pdmodel/PDPageContentStream.java,,,,,,,,,,,,,,,,,,,,,,,,,,,,,,,,,,,,,,,,,,,,,,,,,0,00,0,0,0,0
Public Constructor,"org.apache.pdfbox.pdmodel.PDPageContentStream.PDPageContentStream(PDDocument,PDAppearanceStream)",pdfbox/src/main/java/org/apache/pdfbox/pdmodel/PDPageContentStream.java,,,,,,,,,,,,,,,,,,,,,,,,,3,11,0,4,1,1,7,4,1,1,2,1,1,1,1,1,1,,,,,,0,,1,75,1,1,1,1
Public Constructor,"org.apache.pdfbox.pdmodel.PDPageContentStream.PDPageContentStream(PDDocument,PDAppearanceStream,OutputStream)",pdfbox/src/main/java/org/apache/pdfbox/pdmodel/PDPageContentStream.java,,,,,,,,,,,,,,,,,,,,,,,,,4,11,0,4,1,1,7,3,1,1,2,1,1,1,1,1,1,,,,,,0,,1,75,1,1,1,1
Public Constructor,"org.apache.pdfbox.pdmodel.PDPageContentStream.PDPageContentStream(PDDocument,PDPage)",pdfbox/src/main/java/org/apache/pdfbox/pdmodel/PDPageContentStream.java,,,,,,,,,,,,,,,,,,,,,,,,,45,16,0,8,1,3,8,3,2,2,4,1,3,2,2,2,1,,,,,,1,,1,00,2,2,2,1
Public Constructor,"org.apache.pdfbox.pdmodel.PDPageContentStream.PDPageContentStream(PDDocument,PDPage,AppendMode,boolean)",pdfbox/src/main/java/org/apache/pdfbox/pdmodel/PDPageContentStream.java,,,,,,,,,,,,,,,,,,,,,,,,,31,17,0,5,2,1,12,2,1,1,2,1,1,1,1,1,1,,,,,,0,,2,40,1,1,1,1
Public Constructor,"org.apache.pdfbox.pdmodel.PDPageContentStream.PDPageContentStream(PDDocument,PDPage,AppendMode,boolean,boolean)",pdfbox/src/main/java/org/apache/pdfbox/pdmodel/PDPageContentStream.java,,,,,,,,,,,,,,,,,,,,,,,,,11,19,0,6,2,2,13,5,1,1,2,1,1,2,2,2,1,,,,,,0,,2,17,2,2,2,1
Private Constructor,"org.apache.pdfbox.pdmodel.PDPageContentStream.PDPageContentStream(PDDocument,PDPage,AppendMode,boolean,boolean,PDStream,PDResources)",pdfbox/src/main/java/org/apache/pdfbox/pdmodel/PDPageContentStream.java,,,,,,,,,,,,,,,,,,,,,,,,,11,74,9,53,6,27,12,25,34,18,26,4,24,8,8,9,1,,,,,,3,,0,23,8,8,9,1
Public Method,"org.apache.pdfbox.pdmodel.PDPageContentStream.appendRawCommands(String)",pdfbox/src/main/java/org/apache/pdfbox/pdmodel/PDPageContentStream.java,,,,,,,,,,,,,,,,,,,,,,,,,1,12,0,5,2,1,7,1,1,1,2,1,1,1,1,1,1,,,,,,0,,1,40,1,1,1,1
Public Method,"org.apache.pdfbox.pdmodel.PDPageContentStream.appendRawCommands(byte[])",pdfbox/src/main/java/org/apache/pdfbox/pdmodel/PDPageContentStream.java,,,,,,,,,,,,,,,,,,,,,,,,,2,12,0,5,2,1,7,1,1,1,2,1,1,1,1,1,1,,,,,,0,,1,40,1,1,1,1
Public Method,"org.apache.pdfbox.pdmodel.PDPageContentStream.appendRawCommands(double)",pdfbox/src/main/java/org/apache/pdfbox/pdmodel/PDPageContentStream.java,,,,,,,,,,,,,,,,,,,,,,,,,1,12,0,5,2,1,7,1,1,1,2,1,1,1,1,1,1,,,,,,0,,1,40,1,1,1,1
Public Method,"org.apache.pdfbox.pdmodel.PDPageContentStream.appendRawCommands(float)",pdfbox/src/main/java/org/apache/pdfbox/pdmodel/PDPageContentStream.java,,,,,,,,,,,,,,,,,,,,,,,,,1,12,0,5,2,1,7,1,1,1,2,1,1,1,1,1,1,,,,,,0,,1,40,1,1,1,1
Public Method,"org.apache.pdfbox.pdmodel.PDPageContentStream.appendRawCommands(int)",pdfbox/src/main/java/org/apache/pdfbox/pdmodel/PDPageContentStream.java,,,,,,,,,,,,,,,,,,,,,,,,,1,12,0,5,2,1,7,1,1,1,2,1,1,1,1,1,1,,,,,,0,,1,40,1,1,1,1
Public Class,"org.apache.pdfbox.pdmodel.PDPageTree",pdfbox/src/main/java/org/apache/pdfbox/pdmodel/PDPageTree.java,2,2,2,1,20,0,14,5,3,22,0,,2,1,,,19,3,21,33,1,7,0,13,,548,43,385,76,181,122,,,135,206,77,163,,,,,10,10,10,8,1,5,79,0,32,57,57,60,36
Public Constructor,"org.apache.pdfbox.pdmodel.PDPageTree.PDPageTree()",pdfbox/src/main/java/org/apache/pdfbox/pdmodel/PDPageTree.java,,,,,,,,,,,,,,,,,,,,,,,,,6,11,0,8,1,5,3,6,1,5,6,1,5,1,1,1,1,,,,,,0,,0,38,1,1,1,1
Public Constructor,"org.apache.pdfbox.pdmodel.PDPageTree.PDPageTree(COSDictionary)",pdfbox/src/main/java/org/apache/pdfbox/pdmodel/PDPageTree.java,,,,,,,,,,,,,,,,,,,,,,,,,2,9,0,4,1,1,5,2,1,1,2,1,1,1,1,1,1,,,,,,0,,1,25,1,1,1,1
Constructor,"org.apache.pdfbox.pdmodel.PDPageTree.PDPageTree(COSDictionary,PDDocument)",pdfbox/src/main/java/org/apache/pdfbox/pdmodel/PDPageTree.java,,,,,,,,,,,,,,,,,,,,,,,,,9,27,0,20,2,11,7,11,4,8,11,2,10,3,3,3,1,,,,,,1,,0,35,3,3,3,1
Private Final Class,"org.apache.pdfbox.pdmodel.PDPageTree.PageIterator",pdfbox/src/main/java/org/apache/pdfbox/pdmodel/PDPageTree.java,2,2,2,1,12,0,11,0,2,15,0,,0,0,,,5,2,5,17,0,2,0,3,,75,7,64,14,27,5,,,18,31,12,24,,,,,6,6,6,4,1,3,50,0,08,12,12,12,8
Private Constructor,"org.apache.pdfbox.pdmodel.PDPageTree.PageIterator.PageIterator(COSDictionary)",pdfbox/src/main/java/org/apache/pdfbox/pdmodel/PDPageTree.java,,,,,,,,,,,,,,,,,,,,,,,,,2,5,0,5,1,2,1,3,1,2,3,1,2,1,1,1,1,,,,,,0,,0,20,1,1,1,1
Private Method,"org.apache.pdfbox.pdmodel.PDPageTree.PageIterator.enqueueKids(COSDictionary)",pdfbox/src/main/java/org/apache/pdfbox/pdmodel/PDPageTree.java,,,,,,,,,,,,,,,,,,,,,,,,,8,33,0,32,2,15,1,9,6,7,14,3,12,6,6,6,4,,,,,,3,,0,03,6,6,6,4
Public Method,"org.apache.pdfbox.pdmodel.PDPageTree.PageIterator.hasNext()",pdfbox/src/main/java/org/apache/pdfbox/pdmodel/PDPageTree.java,,,,,,,,,,,,,,,,,,,,,,,,,2,5,0,5,2,1,0,2,1,1,2,1,1,1,1,1,1,,,,,,0,,0,00,1,1,1,1
Public Method,"org.apache.pdfbox.pdmodel.PDPageTree.PageIterator.next()",pdfbox/src/main/java/org/apache/pdfbox/pdmodel/PDPageTree.java,,,,,,,,,,,,,,,,,,,,,,,,,2,14,2,12,4,6,0,7,2,5,7,3,6,3,3,3,1,,,,,,1,,0,00,3,3,3,1
Public Method,"org.apache.pdfbox.pdmodel.PDPageTree.PageIterator.remove()",pdfbox/src/main/java/org/apache/pdfbox/pdmodel/PDPageTree.java,,,,,,,,,,,,,,,,,,,,,,,,,0,5,0,5,2,1,0,1,1,1,2,1,1,1,1,1,1,,,,,,0,,0,00,1,1,1,1
Private Static Final Class,"org.apache.pdfbox.pdmodel.PDPageTree.SearchContext",pdfbox/src/main/java/org/apache/pdfbox/pdmodel/PDPageTree.java,1,1,1,1,4,0,4,0,1,2,0,,0,0,,,2,3,2,14,0,2,0,0,,17,2,15,6,4,0,,,6,9,6,3,,,,,1,1,1,1,1,0,33,0,00,2,2,2,2
Private Constructor,"org.apache.pdfbox.pdmodel.PDPageTree.SearchContext.SearchContext(PDPage)",pdfbox/src/main/java/org/apache/pdfbox/pdmodel/PDPageTree.java,,,,,,,,,,,,,,,,,,,,,,,,,2,4,0,4,1,1,0,3,1,1,2,1,1,1,1,1,1,,,,,,0,,0,00,1,1,1,1
Private Method,"org.apache.pdfbox.pdmodel.PDPageTree.SearchContext.visitPage(COSDictionary)",pdfbox/src/main/java/org/apache/pdfbox/pdmodel/PDPageTree.java,,,,,,,,,,,,,,,,,,,,,,,,,3,5,0,5,1,2,0,2,1,2,3,1,2,1,1,1,1,,,,,,0,,0,00,1,1,1,1
Public Method,"org.apache.pdfbox.pdmodel.PDPageTree.add(PDPage)",pdfbox/src/main/java/org/apache/pdfbox/pdmodel/PDPageTree.java,,,,,,,,,,,,,,,,,,,,,,,,,7,28,3,16,3,9,9,7,2,7,9,3,8,3,3,3,1,,,,,,2,,0,56,3,3,3,1
Private Method,"org.apache.pdfbox.pdmodel.PDPageTree.findPage(SearchContext,COSDictionary)",pdfbox/src/main/java/org/apache/pdfbox/pdmodel/PDPageTree.java,,,,,,,,,,,,,,,,,,,,,,,,,4,19,0,19,1,8,0,4,5,4,9,2,7,4,4,4,3,,,,,,2,,0,00,4,4,4,3
Public Method,"org.apache.pdfbox.pdmodel.PDPageTree.get(int)",pdfbox/src/main/java/org/apache/pdfbox/pdmodel/PDPageTree.java,,,,,,,,,,,,,,,,,,,,,,,,,11,18,2,7,3,4,9,5,1,4,5,3,4,2,2,2,1,,,,,,0,,1,29,2,2,2,1
Private Method,"org.apache.pdfbox.pdmodel.PDPageTree.get(int,COSDictionary,int)",pdfbox/src/main/java/org/apache/pdfbox/pdmodel/PDPageTree.java,,,,,,,,,,,,,,,,,,,,,,,,,7,82,1,64,3,31,17,9,32,15,26,4,24,10,10,10,8,,,,,,5,,0,27,10,10,10,8
Public Method,"org.apache.pdfbox.pdmodel.PDPageTree.getCOSObject()",pdfbox/src/main/java/org/apache/pdfbox/pdmodel/PDPageTree.java,,,,,,,,,,,,,,,,,,,,,,,,,1,5,0,5,2,1,0,1,1,1,2,1,1,1,1,1,1,,,,,,0,,0,00,1,1,1,1
Public Method,"org.apache.pdfbox.pdmodel.PDPageTree.getCount()",pdfbox/src/main/java/org/apache/pdfbox/pdmodel/PDPageTree.java,,,,,,,,,,,,,,,,,,,,,,,,,7,8,0,4,1,1,4,2,1,1,2,1,1,1,1,1,1,,,,,,0,,1,00,1,1,1,1
Public Static Method,"org.apache.pdfbox.pdmodel.PDPageTree.getInheritableAttribute(COSDictionary,COSName)",pdfbox/src/main/java/org/apache/pdfbox/pdmodel/PDPageTree.java,,,,,,,,,,,,,,,,,,,,,,,,,10,22,1,14,3,7,7,5,3,5,8,3,7,3,3,4,3,,,,,,1,,0,50,3,3,4,3
Private Method,"org.apache.pdfbox.pdmodel.PDPageTree.getKids(COSDictionary)",pdfbox/src/main/java/org/apache/pdfbox/pdmodel/PDPageTree.java,,,,,,,,,,,,,,,,,,,,,,,,,6,32,3,23,4,12,6,9,4,9,13,5,12,5,5,5,1,,,,,,2,,0,26,5,5,5,1
Private Method,"org.apache.pdfbox.pdmodel.PDPageTree.increaseParents(COSDictionary)",pdfbox/src/main/java/org/apache/pdfbox/pdmodel/PDPageTree.java,,,,,,,,,,,,,,,,,,,,,,,,,6,10,0,10,2,5,0,3,1,4,5,2,4,2,2,2,1,,,,,,1,,0,00,2,2,2,1
Public Method,"org.apache.pdfbox.pdmodel.PDPageTree.indexOf(PDPage)",pdfbox/src/main/java/org/apache/pdfbox/pdmodel/PDPageTree.java,,,,,,,,,,,,,,,,,,,,,,,,,18,15,0,9,2,4,6,3,2,3,5,2,4,2,2,2,1,,,,,,1,,0,67,2,2,2,1
Public Method,"org.apache.pdfbox.pdmodel.PDPageTree.insertAfter(PDPage,PDPage)",pdfbox/src/main/java/org/apache/pdfbox/pdmodel/PDPageTree.java,,,,,,,,,,,,,,,,,,,,,,,,,6,31,0,23,6,14,8,9,6,13,17,7,14,4,4,4,3,,,,,,2,,0,35,4,4,4,3
Public Method,"org.apache.pdfbox.pdmodel.PDPageTree.insertBefore(PDPage,PDPage)",pdfbox/src/main/java/org/apache/pdfbox/pdmodel/PDPageTree.java,,,,,,,,,,,,,,,,,,,,,,,,,6,31,0,23,6,14,8,9,6,13,17,7,14,4,4,4,3,,,,,,2,,0,35,4,4,4,3
Private Method,"org.apache.pdfbox.pdmodel.PDPageTree.isPageTreeNode(COSDictionary)",pdfbox/src/main/java/org/apache/pdfbox/pdmodel/PDPageTree.java,,,,,,,,,,,,,,,,,,,,,,,,,7,11,0,6,1,3,5,4,1,1,2,1,1,1,1,3,1,,,,,,0,,0,83,1,1,3,1
Public Method,"org.apache.pdfbox.pdmodel.PDPageTree.iterator()",pdfbox/src/main/java/org/apache/pdfbox/pdmodel/PDPageTree.java,,,,,,,,,,,,,,,,,,,,,,,,,1,8,0,5,2,1,3,2,1,1,2,1,1,1,1,1,1,,,,,,0,,0,60,1,1,1,1
Private Method,"org.apache.pdfbox.pdmodel.PDPageTree.remove(COSDictionary)",pdfbox/src/main/java/org/apache/pdfbox/pdmodel/PDPageTree.java,,,,,,,,,,,,,,,,,,,,,,,,,7,22,0,17,3,8,5,5,3,5,8,3,7,4,4,4,1,,,,,,3,,0,29,4,4,4,1
Public Method,"org.apache.pdfbox.pdmodel.PDPageTree.remove(PDPage)",pdfbox/src/main/java/org/apache/pdfbox/pdmodel/PDPageTree.java,,,,,,,,,,,,,,,,,,,,,,,,,2,9,0,4,1,1,5,2,1,1,2,1,1,1,1,1,1,,,,,,0,,1,25,1,1,1,1
Public Method,"org.apache.pdfbox.pdmodel.PDPageTree.remove(int)",pdfbox/src/main/java/org/apache/pdfbox/pdmodel/PDPageTree.java,,,,,,,,,,,,,,,,,,,,,,,,,3,9,0,5,2,2,4,2,1,2,3,2,2,1,1,1,1,,,,,,0,,0,80,1,1,1,1
Private Static Method,"org.apache.pdfbox.pdmodel.PDPageTree.sanitizeType(COSDictionary)",pdfbox/src/main/java/org/apache/pdfbox/pdmodel/PDPageTree.java,,,,,,,,,,,,,,,,,,,,,,,,,5,13,0,13,2,6,0,4,3,4,7,2,6,3,3,3,1,,,,,,1,,0,00,3,3,3,1
Public Final Class,"org.apache.pdfbox.pdmodel.PDPatternContentStream",pdfbox/src/main/java/org/apache/pdfbox/pdmodel/PDPatternContentStream.java,1,1,1,1,11,0,4,7,1,3,0,,0,0,,,1,0,1,94,0,0,0,1,,18,0,7,2,1,11,,,1,3,2,1,,,,,1,1,1,1,2,0,0,1,57,1,1,1,1
Public Constructor,"org.apache.pdfbox.pdmodel.PDPatternContentStream.PDPatternContentStream(PDTilingPattern)",pdfbox/src/main/java/org/apache/pdfbox/pdmodel/PDPatternContentStream.java,,,,,,,,,,,,,,,,,,,,,,,,,3,11,0,4,1,1,7,5,1,1,2,1,1,1,1,1,1,,,,,,0,,1,75,1,1,1,1
Public Final Class,"org.apache.pdfbox.pdmodel.PDResources",pdfbox/src/main/java/org/apache/pdfbox/pdmodel/PDResources.java,2,2,2,1,15,0,9,5,2,29,0,,0,0,,,45,3,45,57,0,7,0,38,,766,62,453,94,194,251,,,141,241,93,183,,,,,9,9,11,7,1,3,83,0,55,101,101,123,76
Public Constructor,"org.apache.pdfbox.pdmodel.PDResources.PDResources()",pdfbox/src/main/java/org/apache/pdfbox/pdmodel/PDResources.java,,,,,,,,,,,,,,,,,,,,,,,,,38,8,0,5,1,2,3,4,1,2,3,1,2,1,1,1,1,,,,,,0,,0,60,1,1,1,1
Public Constructor,"org.apache.pdfbox.pdmodel.PDResources.PDResources(COSDictionary)",pdfbox/src/main/java/org/apache/pdfbox/pdmodel/PDResources.java,,,,,,,,,,,,,,,,,,,,,,,,,8,14,0,9,1,4,5,4,2,3,5,1,4,2,2,2,1,,,,,,1,,0,56,2,2,2,1
Public Constructor,"org.apache.pdfbox.pdmodel.PDResources.PDResources(COSDictionary,ResourceCache)",pdfbox/src/main/java/org/apache/pdfbox/pdmodel/PDResources.java,,,,,,,,,,,,,,,,,,,,,,,,,7,15,0,9,1,4,6,4,2,3,5,1,4,2,2,2,1,,,,,,1,,0,67,2,2,2,1
Private Method,"org.apache.pdfbox.pdmodel.PDResources.add(COSName,String,COSObjectable)",pdfbox/src/main/java/org/apache/pdfbox/pdmodel/PDResources.java,,,,,,,,,,,,,,,,,,,,,,,,,14,31,2,22,3,11,7,12,5,6,12,4,10,5,5,8,5,,,,,,3,,0,32,5,5,8,5
Public Method,"org.apache.pdfbox.pdmodel.PDResources.add(PDAbstractPattern)",pdfbox/src/main/java/org/apache/pdfbox/pdmodel/PDResources.java,,,,,,,,,,,,,,,,,,,,,,,,,4,11,0,4,1,1,7,2,1,1,2,1,1,1,1,1,1,,,,,,0,,1,75,1,1,1,1
Public Method,"org.apache.pdfbox.pdmodel.PDResources.add(PDColorSpace)",pdfbox/src/main/java/org/apache/pdfbox/pdmodel/PDResources.java,,,,,,,,,,,,,,,,,,,,,,,,,3,11,0,4,1,1,7,2,1,1,2,1,1,1,1,1,1,,,,,,0,,1,75,1,1,1,1
Public Method,"org.apache.pdfbox.pdmodel.PDResources.add(PDExtendedGraphicsState)",pdfbox/src/main/java/org/apache/pdfbox/pdmodel/PDResources.java,,,,,,,,,,,,,,,,,,,,,,,,,3,11,0,4,1,1,7,2,1,1,2,1,1,1,1,1,1,,,,,,0,,1,75,1,1,1,1
Public Method,"org.apache.pdfbox.pdmodel.PDResources.add(PDFont)",pdfbox/src/main/java/org/apache/pdfbox/pdmodel/PDResources.java,,,,,,,,,,,,,,,,,,,,,,,,,5,11,0,4,1,1,7,2,1,1,2,1,1,1,1,1,1,,,,,,0,,1,75,1,1,1,1
Public Method,"org.apache.pdfbox.pdmodel.PDResources.add(PDFormXObject)",pdfbox/src/main/java/org/apache/pdfbox/pdmodel/PDResources.java,,,,,,,,,,,,,,,,,,,,,,,,,3,11,0,4,1,1,7,2,1,1,2,1,1,1,1,1,1,,,,,,0,,1,75,1,1,1,1
Public Method,"org.apache.pdfbox.pdmodel.PDResources.add(PDImageXObject)",pdfbox/src/main/java/org/apache/pdfbox/pdmodel/PDResources.java,,,,,,,,,,,,,,,,,,,,,,,,,5,11,0,4,1,1,7,2,1,1,2,1,1,1,1,1,1,,,,,,0,,1,75,1,1,1,1
Public Method,"org.apache.pdfbox.pdmodel.PDResources.add(PDPropertyList)",pdfbox/src/main/java/org/apache/pdfbox/pdmodel/PDResources.java,,,,,,,,,,,,,,,,,,,,,,,,,3,18,0,11,1,4,7,2,2,2,4,1,3,2,2,2,1,,,,,,1,,0,64,2,2,2,1
Public Method,"org.apache.pdfbox.pdmodel.PDResources.add(PDShading)",pdfbox/src/main/java/org/apache/pdfbox/pdmodel/PDResources.java,,,,,,,,,,,,,,,,,,,,,,,,,3,11,0,4,1,1,7,2,1,1,2,1,1,1,1,1,1,,,,,,0,,1,75,1,1,1,1
Public Method,"org.apache.pdfbox.pdmodel.PDResources.add(PDXObject,String)",pdfbox/src/main/java/org/apache/pdfbox/pdmodel/PDResources.java,,,,,,,,,,,,,,,,,,,,,,,,,5,12,0,4,1,1,8,2,1,1,2,1,1,1,1,1,1,,,,,,0,,2,00,1,1,1,1
Private Method,"org.apache.pdfbox.pdmodel.PDResources.createKey(COSName,String)",pdfbox/src/main/java/org/apache/pdfbox/pdmodel/PDResources.java,,,,,,,,,,,,,,,,,,,,,,,,,4,22,1,17,4,9,4,6,2,8,10,4,8,3,3,3,1,,,,,,1,,0,24,3,3,3,1
Private Method,"org.apache.pdfbox.pdmodel.PDResources.get(COSName,COSName)",pdfbox/src/main/java/org/apache/pdfbox/pdmodel/PDResources.java,,,,,,,,,,,,,,,,,,,,,,,,,12,8,0,5,2,2,3,3,1,2,3,2,2,2,2,2,1,,,,,,0,,0,60,2,2,2,1
Public Method,"org.apache.pdfbox.pdmodel.PDResources.getCOSObject()",pdfbox/src/main/java/org/apache/pdfbox/pdmodel/PDResources.java,,,,,,,,,,,,,,,,,,,,,,,,,11,8,0,5,2,1,3,1,1,1,2,1,1,1,1,1,1,,,,,,0,,0,60,1,1,1,1
Public Method,"org.apache.pdfbox.pdmodel.PDResources.getColorSpace(COSName)",pdfbox/src/main/java/org/apache/pdfbox/pdmodel/PDResources.java,,,,,,,,,,,,,,,,,,,,,,,,,15,11,0,4,1,1,7,2,1,1,2,1,1,1,1,1,1,,,,,,0,,1,75,1,1,1,1
Public Method,"org.apache.pdfbox.pdmodel.PDResources.getColorSpace(COSName,boolean)",pdfbox/src/main/java/org/apache/pdfbox/pdmodel/PDResources.java,,,,,,,,,,,,,,,,,,,,,,,,,6,41,2,27,5,13,12,6,9,9,14,5,12,5,5,8,3,,,,,,2,,0,44,5,5,8,3
Public Method,"org.apache.pdfbox.pdmodel.PDResources.getColorSpaceNames()",pdfbox/src/main/java/org/apache/pdfbox/pdmodel/PDResources.java,,,,,,,,,,,,,,,,,,,,,,,,,2,7,0,4,1,1,3,2,1,1,2,1,1,1,1,1,1,,,,,,0,,0,75,1,1,1,1
Public Method,"org.apache.pdfbox.pdmodel.PDResources.getExtGState(COSName)",pdfbox/src/main/java/org/apache/pdfbox/pdmodel/PDResources.java,,,,,,,,,,,,,,,,,,,,,,,,,7,32,2,23,5,12,7,6,9,8,13,5,11,5,5,7,3,,,,,,2,,0,30,5,5,7,3
Public Method,"org.apache.pdfbox.pdmodel.PDResources.getExtGStateNames()",pdfbox/src/main/java/org/apache/pdfbox/pdmodel/PDResources.java,,,,,,,,,,,,,,,,,,,,,,,,,4,7,0,4,1,1,3,2,1,1,2,1,1,1,1,1,1,,,,,,0,,0,75,1,1,1,1
Public Method,"org.apache.pdfbox.pdmodel.PDResources.getFont(COSName)",pdfbox/src/main/java/org/apache/pdfbox/pdmodel/PDResources.java,,,,,,,,,,,,,,,,,,,,,,,,,24,47,2,39,7,20,6,10,26,12,21,7,19,9,9,11,6,,,,,,3,,0,15,9,9,11,6
Public Method,"org.apache.pdfbox.pdmodel.PDResources.getFontNames()",pdfbox/src/main/java/org/apache/pdfbox/pdmodel/PDResources.java,,,,,,,,,,,,,,,,,,,,,,,,,8,7,0,4,1,1,3,2,1,1,2,1,1,1,1,1,1,,,,,,0,,0,75,1,1,1,1
Private Method,"org.apache.pdfbox.pdmodel.PDResources.getIndirect(COSName,COSName)",pdfbox/src/main/java/org/apache/pdfbox/pdmodel/PDResources.java,,,,,,,,,,,,,,,,,,,,,,,,,10,18,0,14,3,7,4,3,3,5,8,3,7,3,3,3,3,,,,,,1,,0,29,3,3,3,3
Private Method,"org.apache.pdfbox.pdmodel.PDResources.getNames(COSName)",pdfbox/src/main/java/org/apache/pdfbox/pdmodel/PDResources.java,,,,,,,,,,,,,,,,,,,,,,,,,9,8,0,5,2,2,3,4,1,2,3,2,2,2,2,2,1,,,,,,0,,0,60,2,2,2,1
Public Method,"org.apache.pdfbox.pdmodel.PDResources.getPattern(COSName)",pdfbox/src/main/java/org/apache/pdfbox/pdmodel/PDResources.java,,,,,,,,,,,,,,,,,,,,,,,,,6,32,2,23,5,12,7,7,9,8,13,5,11,5,5,7,3,,,,,,2,,0,30,5,5,7,3
Public Method,"org.apache.pdfbox.pdmodel.PDResources.getPatternNames()",pdfbox/src/main/java/org/apache/pdfbox/pdmodel/PDResources.java,,,,,,,,,,,,,,,,,,,,,,,,,3,7,0,4,1,1,3,2,1,1,2,1,1,1,1,1,1,,,,,,0,,0,75,1,1,1,1
Public Method,"org.apache.pdfbox.pdmodel.PDResources.getProperties(COSName)",pdfbox/src/main/java/org/apache/pdfbox/pdmodel/PDResources.java,,,,,,,,,,,,,,,,,,,,,,,,,6,31,2,23,5,12,6,6,9,8,13,5,11,5,5,7,3,,,,,,2,,0,26,5,5,7,3
Public Method,"org.apache.pdfbox.pdmodel.PDResources.getPropertiesNames()",pdfbox/src/main/java/org/apache/pdfbox/pdmodel/PDResources.java,,,,,,,,,,,,,,,,,,,,,,,,,1,7,0,4,1,1,3,2,1,1,2,1,1,1,1,1,1,,,,,,0,,0,75,1,1,1,1
Public Method,"org.apache.pdfbox.pdmodel.PDResources.getResourceCache()",pdfbox/src/main/java/org/apache/pdfbox/pdmodel/PDResources.java,,,,,,,,,,,,,,,,,,,,,,,,,6,7,0,4,1,1,3,1,1,1,2,1,1,1,1,1,1,,,,,,0,,0,75,1,1,1,1
Public Method,"org.apache.pdfbox.pdmodel.PDResources.getShading(COSName)",pdfbox/src/main/java/org/apache/pdfbox/pdmodel/PDResources.java,,,,,,,,,,,,,,,,,,,,,,,,,5,32,2,23,5,12,7,6,9,8,13,5,11,5,5,7,3,,,,,,2,,0,30,5,5,7,3
Public Method,"org.apache.pdfbox.pdmodel.PDResources.getShadingNames()",pdfbox/src/main/java/org/apache/pdfbox/pdmodel/PDResources.java,,,,,,,,,,,,,,,,,,,,,,,,,2,7,0,4,1,1,3,2,1,1,2,1,1,1,1,1,1,,,,,,0,,0,75,1,1,1,1
Public Method,"org.apache.pdfbox.pdmodel.PDResources.getXObject(COSName)",pdfbox/src/main/java/org/apache/pdfbox/pdmodel/PDResources.java,,,,,,,,,,,,,,,,,,,,,,,,,14,39,1,31,5,15,7,8,13,10,16,5,14,6,6,9,3,,,,,,2,,0,23,6,6,9,3
Public Method,"org.apache.pdfbox.pdmodel.PDResources.getXObjectNames()",pdfbox/src/main/java/org/apache/pdfbox/pdmodel/PDResources.java,,,,,,,,,,,,,,,,,,,,,,,,,7,7,0,4,1,1,3,2,1,1,2,1,1,1,1,1,1,,,,,,0,,0,75,1,1,1,1
Public Method,"org.apache.pdfbox.pdmodel.PDResources.hasColorSpace(COSName)",pdfbox/src/main/java/org/apache/pdfbox/pdmodel/PDResources.java,,,,,,,,,,,,,,,,,,,,,,,,,5,9,0,4,1,1,5,2,1,1,2,1,1,1,1,1,1,,,,,,0,,1,25,1,1,1,1
Private Method,"org.apache.pdfbox.pdmodel.PDResources.isAllowedCache(PDXObject)",pdfbox/src/main/java/org/apache/pdfbox/pdmodel/PDResources.java,,,,,,,,,,,,,,,,,,,,,,,,,9,28,0,27,2,12,1,5,7,6,13,2,12,7,7,10,7,,,,,,3,,0,04,7,7,10,7
Public Method,"org.apache.pdfbox.pdmodel.PDResources.isImageXObject(COSName)",pdfbox/src/main/java/org/apache/pdfbox/pdmodel/PDResources.java,,,,,,,,,,,,,,,,,,,,,,,,,5,25,0,18,3,9,7,5,5,6,10,3,8,4,4,4,3,,,,,,1,,0,39,4,4,4,3
Private Method,"org.apache.pdfbox.pdmodel.PDResources.put(COSName,COSName,COSObjectable)",pdfbox/src/main/java/org/apache/pdfbox/pdmodel/PDResources.java,,,,,,,,,,,,,,,,,,,,,,,,,12,13,0,10,2,5,3,4,2,4,6,2,5,2,2,2,1,,,,,,1,,0,30,2,2,2,1
Public Method,"org.apache.pdfbox.pdmodel.PDResources.put(COSName,PDAbstractPattern)",pdfbox/src/main/java/org/apache/pdfbox/pdmodel/PDResources.java,,,,,,,,,,,,,,,,,,,,,,,,,3,10,0,4,1,1,6,1,1,1,2,1,1,1,1,1,1,,,,,,0,,1,50,1,1,1,1
Public Method,"org.apache.pdfbox.pdmodel.PDResources.put(COSName,PDColorSpace)",pdfbox/src/main/java/org/apache/pdfbox/pdmodel/PDResources.java,,,,,,,,,,,,,,,,,,,,,,,,,3,10,0,4,1,1,6,1,1,1,2,1,1,1,1,1,1,,,,,,0,,1,50,1,1,1,1
Public Method,"org.apache.pdfbox.pdmodel.PDResources.put(COSName,PDExtendedGraphicsState)",pdfbox/src/main/java/org/apache/pdfbox/pdmodel/PDResources.java,,,,,,,,,,,,,,,,,,,,,,,,,3,10,0,4,1,1,6,1,1,1,2,1,1,1,1,1,1,,,,,,0,,1,50,1,1,1,1
Public Method,"org.apache.pdfbox.pdmodel.PDResources.put(COSName,PDFont)",pdfbox/src/main/java/org/apache/pdfbox/pdmodel/PDResources.java,,,,,,,,,,,,,,,,,,,,,,,,,12,10,0,4,1,1,6,1,1,1,2,1,1,1,1,1,1,,,,,,0,,1,50,1,1,1,1
Public Method,"org.apache.pdfbox.pdmodel.PDResources.put(COSName,PDPropertyList)",pdfbox/src/main/java/org/apache/pdfbox/pdmodel/PDResources.java,,,,,,,,,,,,,,,,,,,,,,,,,3,10,0,4,1,1,6,1,1,1,2,1,1,1,1,1,1,,,,,,0,,1,50,1,1,1,1
Public Method,"org.apache.pdfbox.pdmodel.PDResources.put(COSName,PDShading)",pdfbox/src/main/java/org/apache/pdfbox/pdmodel/PDResources.java,,,,,,,,,,,,,,,,,,,,,,,,,3,10,0,4,1,1,6,1,1,1,2,1,1,1,1,1,1,,,,,,0,,1,50,1,1,1,1
Public Method,"org.apache.pdfbox.pdmodel.PDResources.put(COSName,PDXObject)",pdfbox/src/main/java/org/apache/pdfbox/pdmodel/PDResources.java,,,,,,,,,,,,,,,,,,,,,,,,,6,10,0,4,1,1,6,1,1,1,2,1,1,1,1,1,1,,,,,,0,,1,50,1,1,1,1
Public Class,"org.apache.pdfbox.pdmodel.PDStructureElementNameTreeNode",pdfbox/src/main/java/org/apache/pdfbox/pdmodel/PDStructureElementNameTreeNode.java,1,1,1,1,6,0,4,2,1,5,0,,0,0,,,4,0,4,34,0,0,2,2,,37,3,20,7,3,14,,,3,8,5,3,,,,,1,1,1,1,2,0,0,0,70,4,4,4,4
Public Constructor,"org.apache.pdfbox.pdmodel.PDStructureElementNameTreeNode.PDStructureElementNameTreeNode()",pdfbox/src/main/java/org/apache/pdfbox/pdmodel/PDStructureElementNameTreeNode.java,,,,,,,,,,,,,,,,,,,,,,,,,1,7,0,3,1,0,4,1,1,0,1,1,0,1,1,1,1,,,,,,0,,1,33,1,1,1,1
Public Constructor,"org.apache.pdfbox.pdmodel.PDStructureElementNameTreeNode.PDStructureElementNameTreeNode(COSDictionary)",pdfbox/src/main/java/org/apache/pdfbox/pdmodel/PDStructureElementNameTreeNode.java,,,,,,,,,,,,,,,,,,,,,,,,,3,9,0,4,1,1,5,2,1,1,2,1,1,1,1,1,1,,,,,,0,,1,25,1,1,1,1
Protected Method,"org.apache.pdfbox.pdmodel.PDStructureElementNameTreeNode.convertCOSToPD(COSBase)",pdfbox/src/main/java/org/apache/pdfbox/pdmodel/PDStructureElementNameTreeNode.java,,,,,,,,,,,,,,,,,,,,,,,,,1,5,0,5,2,1,0,2,1,1,2,1,1,1,1,1,1,,,,,,0,,0,00,1,1,1,1
Protected Method,"org.apache.pdfbox.pdmodel.PDStructureElementNameTreeNode.createChildNode(COSDictionary)",pdfbox/src/main/java/org/apache/pdfbox/pdmodel/PDStructureElementNameTreeNode.java,,,,,,,,,,,,,,,,,,,,,,,,,1,5,0,5,2,1,0,2,1,1,2,1,1,1,1,1,1,,,,,,0,,0,00,1,1,1,1
Public Enum Type,"org.apache.pdfbox.pdmodel.PageLayout",pdfbox/src/main/java/org/apache/pdfbox/pdmodel/PageLayout.java,1,1,1,1,4,0,3,0,1,2,0,,1,0,,,4,7,5,31,1,0,0,4,,59,9,29,11,6,21,,,6,12,6,6,,,,,3,3,3,3,1,2,,0,72,5,5,5,5
Constructor,"org.apache.pdfbox.pdmodel.PageLayout.PageLayout(String)",pdfbox/src/main/java/org/apache/pdfbox/pdmodel/PageLayout.java,,,,,,,,,,,,,,,,,,,,,,,,,1,4,0,4,1,1,0,2,1,1,2,1,1,1,1,1,1,,,,,,0,,0,00,1,1,1,1
Public Static Method,"org.apache.pdfbox.pdmodel.PageLayout.fromString(String)",pdfbox/src/main/java/org/apache/pdfbox/pdmodel/PageLayout.java,,,,,,,,,,,,,,,,,,,,,,,,,5,11,0,11,1,4,0,4,3,2,6,2,4,3,3,3,3,,,,,,2,,0,00,3,3,3,3
Public Method,"org.apache.pdfbox.pdmodel.PageLayout.stringValue()",pdfbox/src/main/java/org/apache/pdfbox/pdmodel/PageLayout.java,,,,,,,,,,,,,,,,,,,,,,,,,3,7,0,4,1,1,3,1,1,1,2,1,1,1,1,1,1,,,,,,0,,0,75,1,1,1,1
Public Implicit Method,"org.apache.pdfbox.pdmodel.PageLayout.valueOf()",pdfbox/src/main/java/org/apache/pdfbox/pdmodel/PageLayout.java,,,,,,,,,,,,,,,,,,,,,,,,,,,,,,,,,,,,,,,,,,,,,,,,,0,00,0,0,0,0
Public Implicit Method,"org.apache.pdfbox.pdmodel.PageLayout.values()",pdfbox/src/main/java/org/apache/pdfbox/pdmodel/PageLayout.java,,,,,,,,,,,,,,,,,,,,,,,,,,,,,,,,,,,,,,,,,,,,,,,,,0,00,0,0,0,0
Class,"org.apache.pdfbox.pdmodel.PageLayoutTest",pdfbox/src/test/java/org/apache/pdfbox/pdmodel/PageLayoutTest.java,1,1,1,1,13,0,9,4,1,8,0,,0,0,,,2,0,2,14,2,0,0,0,,31,1,22,8,9,8,,,8,13,7,9,,,,,2,2,2,1,1,1,0,0,36,4,4,4,3
Method,"org.apache.pdfbox.pdmodel.PageLayoutTest.fromStringInputNotNullOutputIllegalArgumentException()",pdfbox/src/test/java/org/apache/pdfbox/pdmodel/PageLayoutTest.java,,,,,,,,,,,,,,,,,,,,,,,,,1,8,0,5,2,1,3,1,1,1,2,1,1,1,1,1,1,,,,,,0,,0,60,2,2,2,2
Lambda Method,"org.apache.pdfbox.pdmodel.PageLayoutTest.fromStringInputNotNullOutputIllegalArgumentException.(lambda_expr_1)()",pdfbox/src/test/java/org/apache/pdfbox/pdmodel/PageLayoutTest.java,,,,,,,,,,,,,,,,,,,,,,,,,0,1,0,1,0,1,0,2,1,0,0,0,0,1,1,1,1,,,,,,0,,0,00,1,1,1,1
Method,"org.apache.pdfbox.pdmodel.PageLayoutTest.testValues()",pdfbox/src/test/java/org/apache/pdfbox/pdmodel/PageLayoutTest.java,,,,,,,,,,,,,,,,,,,,,,,,,1,19,0,14,5,8,5,8,2,7,10,5,8,2,2,2,1,,,,,,1,,0,36,2,2,2,1
Public Enum Type,"org.apache.pdfbox.pdmodel.PageMode",pdfbox/src/main/java/org/apache/pdfbox/pdmodel/PageMode.java,1,1,1,1,4,0,3,0,1,2,0,,1,0,,,4,7,5,31,1,0,0,4,,52,9,29,11,6,14,,,6,12,6,6,,,,,3,3,3,3,1,2,,0,48,5,5,5,5
Constructor,"org.apache.pdfbox.pdmodel.PageMode.PageMode(String)",pdfbox/src/main/java/org/apache/pdfbox/pdmodel/PageMode.java,,,,,,,,,,,,,,,,,,,,,,,,,1,4,0,4,1,1,0,2,1,1,2,1,1,1,1,1,1,,,,,,0,,0,00,1,1,1,1
Public Static Method,"org.apache.pdfbox.pdmodel.PageMode.fromString(String)",pdfbox/src/main/java/org/apache/pdfbox/pdmodel/PageMode.java,,,,,,,,,,,,,,,,,,,,,,,,,11,11,0,11,1,4,0,4,3,2,6,2,4,3,3,3,3,,,,,,2,,0,00,3,3,3,3
Public Method,"org.apache.pdfbox.pdmodel.PageMode.stringValue()",pdfbox/src/main/java/org/apache/pdfbox/pdmodel/PageMode.java,,,,,,,,,,,,,,,,,,,,,,,,,3,7,0,4,1,1,3,1,1,1,2,1,1,1,1,1,1,,,,,,0,,0,75,1,1,1,1
Public Implicit Method,"org.apache.pdfbox.pdmodel.PageMode.valueOf()",pdfbox/src/main/java/org/apache/pdfbox/pdmodel/PageMode.java,,,,,,,,,,,,,,,,,,,,,,,,,,,,,,,,,,,,,,,,,,,,,,,,,0,00,0,0,0,0
Public Implicit Method,"org.apache.pdfbox.pdmodel.PageMode.values()",pdfbox/src/main/java/org/apache/pdfbox/pdmodel/PageMode.java,,,,,,,,,,,,,,,,,,,,,,,,,,,,,,,,,,,,,,,,,,,,,,,,,0,00,0,0,0,0
Class,"org.apache.pdfbox.pdmodel.PageModeTest",pdfbox/src/test/java/org/apache/pdfbox/pdmodel/PageModeTest.java,1,1,1,1,10,1,6,2,1,5,0,,0,0,,,9,0,9,21,9,0,0,0,,105,22,62,33,23,21,,,23,33,24,16,,,,,1,1,1,1,1,0,0,0,34,11,11,11,11
Method,"org.apache.pdfbox.pdmodel.PageModeTest.fromStringInputNotNullOutputIllegalArgumentException()",pdfbox/src/test/java/org/apache/pdfbox/pdmodel/PageModeTest.java,,,,,,,,,,,,,,,,,,,,,,,,,1,5,0,5,2,1,0,1,1,1,2,1,1,1,1,1,1,,,,,,0,,0,00,2,2,2,2
Lambda Method,"org.apache.pdfbox.pdmodel.PageModeTest.fromStringInputNotNullOutputIllegalArgumentException.(lambda_expr_1)()",pdfbox/src/test/java/org/apache/pdfbox/pdmodel/PageModeTest.java,,,,,,,,,,,,,,,,,,,,,,,,,0,1,0,1,0,1,0,2,1,0,0,0,0,1,1,1,1,,,,,,0,,0,00,1,1,1,1
Method,"org.apache.pdfbox.pdmodel.PageModeTest.fromStringInputNotNullOutputIllegalArgumentException2()",pdfbox/src/test/java/org/apache/pdfbox/pdmodel/PageModeTest.java,,,,,,,,,,,,,,,,,,,,,,,,,1,5,0,5,2,1,0,1,1,1,2,1,1,1,1,1,1,,,,,,0,,0,00,2,2,2,2
Lambda Method,"org.apache.pdfbox.pdmodel.PageModeTest.fromStringInputNotNullOutputIllegalArgumentException2.(lambda_expr_1)()",pdfbox/src/test/java/org/apache/pdfbox/pdmodel/PageModeTest.java,,,,,,,,,,,,,,,,,,,,,,,,,0,1,0,1,0,1,0,2,1,0,0,0,0,1,1,1,1,,,,,,0,,0,00,1,1,1,1
Method,"org.apache.pdfbox.pdmodel.PageModeTest.fromStringInputNotNullOutputNotNull()",pdfbox/src/test/java/org/apache/pdfbox/pdmodel/PageModeTest.java,,,,,,,,,,,,,,,,,,,,,,,,,1,12,2,7,4,3,3,2,1,3,4,3,2,1,1,1,1,,,,,,0,,0,43,1,1,1,1
Method,"org.apache.pdfbox.pdmodel.PageModeTest.fromStringInputNotNullOutputNotNull2()",pdfbox/src/test/java/org/apache/pdfbox/pdmodel/PageModeTest.java,,,,,,,,,,,,,,,,,,,,,,,,,1,12,2,7,4,3,3,2,1,3,4,3,2,1,1,1,1,,,,,,0,,0,43,1,1,1,1
Method,"org.apache.pdfbox.pdmodel.PageModeTest.fromStringInputNotNullOutputNotNull3()",pdfbox/src/test/java/org/apache/pdfbox/pdmodel/PageModeTest.java,,,,,,,,,,,,,,,,,,,,,,,,,1,12,2,7,4,3,3,2,1,3,4,3,2,1,1,1,1,,,,,,0,,0,43,1,1,1,1
Method,"org.apache.pdfbox.pdmodel.PageModeTest.fromStringInputNotNullOutputNotNull4()",pdfbox/src/test/java/org/apache/pdfbox/pdmodel/PageModeTest.java,,,,,,,,,,,,,,,,,,,,,,,,,1,12,2,7,4,3,3,2,1,3,4,3,2,1,1,1,1,,,,,,0,,0,43,1,1,1,1
Method,"org.apache.pdfbox.pdmodel.PageModeTest.fromStringInputNotNullOutputNotNull5()",pdfbox/src/test/java/org/apache/pdfbox/pdmodel/PageModeTest.java,,,,,,,,,,,,,,,,,,,,,,,,,1,12,2,7,4,3,3,2,1,3,4,3,2,1,1,1,1,,,,,,0,,0,43,1,1,1,1
Method,"org.apache.pdfbox.pdmodel.PageModeTest.fromStringInputNotNullOutputNotNull6()",pdfbox/src/test/java/org/apache/pdfbox/pdmodel/PageModeTest.java,,,,,,,,,,,,,,,,,,,,,,,,,1,12,2,7,4,3,3,2,1,3,4,3,2,1,1,1,1,,,,,,0,,0,43,1,1,1,1
Method,"org.apache.pdfbox.pdmodel.PageModeTest.stringValueOutputNotNull()",pdfbox/src/test/java/org/apache/pdfbox/pdmodel/PageModeTest.java,,,,,,,,,,,,,,,,,,,,,,,,,1,12,2,7,4,3,3,2,1,3,4,3,2,1,1,1,1,,,,,,0,,0,43,1,1,1,1
Public Interface,"org.apache.pdfbox.pdmodel.ResourceCache",pdfbox/src/main/java/org/apache/pdfbox/pdmodel/ResourceCache.java,0,0,0,0,0,0,0,0,0,9,1,,0,0,,,14,0,14,14,14,0,0,0,,73,13,17,15,0,43,,,14,15,15,0,,,,,0,0,0,0,0,0,0,2,53,0,0,0,0
Abstract Method,"org.apache.pdfbox.pdmodel.ResourceCache.getColorSpace(COSObject)",pdfbox/src/main/java/org/apache/pdfbox/pdmodel/ResourceCache.java,,,,,,,,,,,,,,,,,,,,,,,,,4,4,0,1,1,0,3,1,0,1,1,1,0,0,0,0,0,,,,,,0,,3,00,0,0,0,0
Abstract Method,"org.apache.pdfbox.pdmodel.ResourceCache.getExtGState(COSObject)",pdfbox/src/main/java/org/apache/pdfbox/pdmodel/ResourceCache.java,,,,,,,,,,,,,,,,,,,,,,,,,1,5,0,1,1,0,4,1,0,1,1,1,0,0,0,0,0,,,,,,0,,4,00,0,0,0,0
Abstract Method,"org.apache.pdfbox.pdmodel.ResourceCache.getFont(COSObject)",pdfbox/src/main/java/org/apache/pdfbox/pdmodel/ResourceCache.java,,,,,,,,,,,,,,,,,,,,,,,,,1,4,0,1,1,0,3,1,0,1,1,1,0,0,0,0,0,,,,,,0,,3,00,0,0,0,0
Abstract Method,"org.apache.pdfbox.pdmodel.ResourceCache.getPattern(COSObject)",pdfbox/src/main/java/org/apache/pdfbox/pdmodel/ResourceCache.java,,,,,,,,,,,,,,,,,,,,,,,,,1,4,0,1,1,0,3,1,0,1,1,1,0,0,0,0,0,,,,,,0,,3,00,0,0,0,0
Abstract Method,"org.apache.pdfbox.pdmodel.ResourceCache.getProperties(COSObject)",pdfbox/src/main/java/org/apache/pdfbox/pdmodel/ResourceCache.java,,,,,,,,,,,,,,,,,,,,,,,,,1,4,0,1,1,0,3,1,0,1,1,1,0,0,0,0,0,,,,,,0,,3,00,0,0,0,0
Abstract Method,"org.apache.pdfbox.pdmodel.ResourceCache.getShading(COSObject)",pdfbox/src/main/java/org/apache/pdfbox/pdmodel/ResourceCache.java,,,,,,,,,,,,,,,,,,,,,,,,,1,4,0,1,1,0,3,1,0,1,1,1,0,0,0,0,0,,,,,,0,,3,00,0,0,0,0
Abstract Method,"org.apache.pdfbox.pdmodel.ResourceCache.getXObject(COSObject)",pdfbox/src/main/java/org/apache/pdfbox/pdmodel/ResourceCache.java,,,,,,,,,,,,,,,,,,,,,,,,,1,4,0,1,1,0,3,1,0,1,1,1,0,0,0,0,0,,,,,,0,,3,00,0,0,0,0
Abstract Method,"org.apache.pdfbox.pdmodel.ResourceCache.put(COSObject,PDAbstractPattern)",pdfbox/src/main/java/org/apache/pdfbox/pdmodel/ResourceCache.java,,,,,,,,,,,,,,,,,,,,,,,,,1,4,0,1,1,0,3,0,0,1,1,1,0,0,0,0,0,,,,,,0,,3,00,0,0,0,0
Abstract Method,"org.apache.pdfbox.pdmodel.ResourceCache.put(COSObject,PDColorSpace)",pdfbox/src/main/java/org/apache/pdfbox/pdmodel/ResourceCache.java,,,,,,,,,,,,,,,,,,,,,,,,,4,4,0,1,1,0,3,0,0,1,1,1,0,0,0,0,0,,,,,,0,,3,00,0,0,0,0
Abstract Method,"org.apache.pdfbox.pdmodel.ResourceCache.put(COSObject,PDExtendedGraphicsState)",pdfbox/src/main/java/org/apache/pdfbox/pdmodel/ResourceCache.java,,,,,,,,,,,,,,,,,,,,,,,,,1,4,0,1,1,0,3,0,0,1,1,1,0,0,0,0,0,,,,,,0,,3,00,0,0,0,0
Abstract Method,"org.apache.pdfbox.pdmodel.ResourceCache.put(COSObject,PDFont)",pdfbox/src/main/java/org/apache/pdfbox/pdmodel/ResourceCache.java,,,,,,,,,,,,,,,,,,,,,,,,,1,4,0,1,1,0,3,0,0,1,1,1,0,0,0,0,0,,,,,,0,,3,00,0,0,0,0
Abstract Method,"org.apache.pdfbox.pdmodel.ResourceCache.put(COSObject,PDPropertyList)",pdfbox/src/main/java/org/apache/pdfbox/pdmodel/ResourceCache.java,,,,,,,,,,,,,,,,,,,,,,,,,1,4,0,1,1,0,3,0,0,1,1,1,0,0,0,0,0,,,,,,0,,3,00,0,0,0,0
Abstract Method,"org.apache.pdfbox.pdmodel.ResourceCache.put(COSObject,PDShading)",pdfbox/src/main/java/org/apache/pdfbox/pdmodel/ResourceCache.java,,,,,,,,,,,,,,,,,,,,,,,,,1,4,0,1,1,0,3,0,0,1,1,1,0,0,0,0,0,,,,,,0,,3,00,0,0,0,0
Abstract Method,"org.apache.pdfbox.pdmodel.ResourceCache.put(COSObject,PDXObject)",pdfbox/src/main/java/org/apache/pdfbox/pdmodel/ResourceCache.java,,,,,,,,,,,,,,,,,,,,,,,,,1,4,0,1,1,0,3,0,0,1,1,1,0,0,0,0,0,,,,,,0,,3,00,0,0,0,0
Class,"org.apache.pdfbox.pdmodel.TestFDF",pdfbox/src/test/java/org/apache/pdfbox/pdmodel/TestFDF.java,1,1,1,1,18,1,13,3,1,19,0,,0,0,,,2,0,2,14,1,1,0,0,,48,4,30,6,16,14,,,13,18,5,15,,,,,1,1,1,1,1,2,0,0,47,2,2,2,2
Private Method,"org.apache.pdfbox.pdmodel.TestFDF.checkFields(String)",pdfbox/src/test/java/org/apache/pdfbox/pdmodel/TestFDF.java,,,,,,,,,,,,,,,,,,,,,,,,,2,24,3,21,3,14,0,21,1,11,14,3,13,1,1,1,1,,,,,,2,,0,00,1,1,1,1
Method,"org.apache.pdfbox.pdmodel.TestFDF.testLoad2()",pdfbox/src/test/java/org/apache/pdfbox/pdmodel/TestFDF.java,,,,,,,,,,,,,,,,,,,,,,,,,0,13,0,6,2,2,7,1,1,2,3,1,2,1,1,1,1,,,,,,0,,1,17,1,1,1,1
Class,"org.apache.pdfbox.pdmodel.TestPDDocument",pdfbox/src/test/java/org/apache/pdfbox/pdmodel/TestPDDocument.java,1,1,1,1,28,2,19,6,1,22,0,,1,1,,,6,0,7,19,6,0,0,1,,211,23,138,26,76,50,,,62,83,19,74,,,,,2,2,2,1,1,1,0,0,36,10,10,10,8
Public Static Method,"org.apache.pdfbox.pdmodel.TestPDDocument.setUp()",pdfbox/src/test/java/org/apache/pdfbox/pdmodel/TestPDDocument.java,,,,,,,,,,,,,,,,,,,,,,,,,1,5,0,5,2,1,0,1,1,1,2,1,1,1,1,1,1,,,,,,0,,0,00,1,1,1,1
Method,"org.apache.pdfbox.pdmodel.TestPDDocument.testDeleteBadFile()",pdfbox/src/test/java/org/apache/pdfbox/pdmodel/TestPDDocument.java,,,,,,,,,,,,,,,,,,,,,,,,,2,23,0,18,3,8,5,8,2,5,8,2,7,2,2,2,1,,,,,,1,,0,28,3,3,3,2
Lambda Method,"org.apache.pdfbox.pdmodel.TestPDDocument.testDeleteBadFile.(lambda_expr_1)()",pdfbox/src/test/java/org/apache/pdfbox/pdmodel/TestPDDocument.java,,,,,,,,,,,,,,,,,,,,,,,,,0,1,0,1,0,1,0,2,1,0,0,0,0,1,1,1,1,,,,,,0,,0,00,1,1,1,1
Method,"org.apache.pdfbox.pdmodel.TestPDDocument.testDeleteGoodFile()",pdfbox/src/test/java/org/apache/pdfbox/pdmodel/TestPDDocument.java,,,,,,,,,,,,,,,,,,,,,,,,,1,26,2,19,3,9,5,10,2,6,9,2,8,2,2,2,1,,,,,,1,,0,26,2,2,2,1
Method,"org.apache.pdfbox.pdmodel.TestPDDocument.testSaveArabicLocale()",pdfbox/src/test/java/org/apache/pdfbox/pdmodel/TestPDDocument.java,,,,,,,,,,,,,,,,,,,,,,,,,0,25,4,15,5,9,6,13,1,8,10,4,9,1,1,1,1,,,,,,1,,0,40,1,1,1,1
Method,"org.apache.pdfbox.pdmodel.TestPDDocument.testSaveLoadFile()",pdfbox/src/test/java/org/apache/pdfbox/pdmodel/TestPDDocument.java,,,,,,,,,,,,,,,,,,,,,,,,,4,31,5,19,4,11,7,14,1,9,12,3,11,1,1,1,1,,,,,,1,,0,37,1,1,1,1
Method,"org.apache.pdfbox.pdmodel.TestPDDocument.testSaveLoadStream()",pdfbox/src/test/java/org/apache/pdfbox/pdmodel/TestPDDocument.java,,,,,,,,,,,,,,,,,,,,,,,,,3,29,2,19,4,10,8,13,1,9,12,3,10,1,1,1,1,,,,,,1,,0,42,1,1,1,1
Method,"org.apache.pdfbox.pdmodel.TestPDDocument.testVersions()",pdfbox/src/test/java/org/apache/pdfbox/pdmodel/TestPDDocument.java,,,,,,,,,,,,,,,,,,,,,,,,,0,57,3,39,3,27,15,18,1,23,28,2,27,1,1,1,1,,,,,,1,,0,38,1,1,1,1
Class,"org.apache.pdfbox.pdmodel.TestPDDocumentCatalog",pdfbox/src/test/java/org/apache/pdfbox/pdmodel/TestPDDocumentCatalog.java,1,1,1,1,23,0,14,8,1,13,0,,0,0,,,5,0,5,17,5,0,0,0,,131,9,75,17,42,48,,,34,45,12,39,,,,,1,1,1,1,1,1,0,0,64,5,5,5,5
Method,"org.apache.pdfbox.pdmodel.TestPDDocumentCatalog.handleBooleanInOpenAction()",pdfbox/src/test/java/org/apache/pdfbox/pdmodel/TestPDDocumentCatalog.java,,,,,,,,,,,,,,,,,,,,,,,,,1,10,0,9,2,3,1,6,1,2,4,1,3,1,1,1,1,,,,,,1,,0,11,1,1,1,1
Method,"org.apache.pdfbox.pdmodel.TestPDDocumentCatalog.handleOutputIntents()",pdfbox/src/test/java/org/apache/pdfbox/pdmodel/TestPDDocumentCatalog.java,,,,,,,,,,,,,,,,,,,,,,,,,0,39,4,22,5,16,14,15,1,14,16,4,15,1,1,1,1,,,,,,1,,0,64,1,1,1,1
Method,"org.apache.pdfbox.pdmodel.TestPDDocumentCatalog.retrieveNumberOfPages()",pdfbox/src/test/java/org/apache/pdfbox/pdmodel/TestPDDocumentCatalog.java,,,,,,,,,,,,,,,,,,,,,,,,,0,18,0,8,2,2,10,4,1,1,3,1,2,1,1,1,1,,,,,,1,,1,25,1,1,1,1
Method,"org.apache.pdfbox.pdmodel.TestPDDocumentCatalog.retrievePageLabels()",pdfbox/src/test/java/org/apache/pdfbox/pdmodel/TestPDDocumentCatalog.java,,,,,,,,,,,,,,,,,,,,,,,,,1,32,0,23,4,17,9,6,1,15,17,3,16,1,1,1,1,,,,,,1,,0,39,1,1,1,1
Method,"org.apache.pdfbox.pdmodel.TestPDDocumentCatalog.retrievePageLabelsOnMalformedPdf()",pdfbox/src/test/java/org/apache/pdfbox/pdmodel/TestPDDocumentCatalog.java,,,,,,,,,,,,,,,,,,,,,,,,,0,20,0,10,3,4,10,5,1,2,4,2,3,1,1,1,1,,,,,,1,,1,00,1,1,1,1
Class,"org.apache.pdfbox.pdmodel.TestPDDocumentInformation",pdfbox/src/test/java/org/apache/pdfbox/pdmodel/TestPDDocumentInformation.java,1,1,1,1,23,1,18,3,1,12,0,,0,0,,,2,0,2,14,2,0,0,0,,58,6,40,9,25,12,,,16,21,6,18,,,,,1,1,1,1,1,1,0,0,30,3,3,3,3
Method,"org.apache.pdfbox.pdmodel.TestPDDocumentInformation.testMetadataExtraction()",pdfbox/src/test/java/org/apache/pdfbox/pdmodel/TestPDDocumentInformation.java,,,,,,,,,,,,,,,,,,,,,,,,,1,32,3,27,5,21,2,20,1,14,16,3,15,1,1,1,1,,,,,,1,,0,07,2,2,2,2
Lambda Method,"org.apache.pdfbox.pdmodel.TestPDDocumentInformation.testMetadataExtraction.(lambda_expr_1)(String (inferred))",pdfbox/src/test/java/org/apache/pdfbox/pdmodel/TestPDDocumentInformation.java,,,,,,,,,,,,,,,,,,,,,,,,,1,2,0,2,0,2,0,4,1,0,0,0,0,1,1,1,1,,,,,,0,,0,00,1,1,1,1
Method,"org.apache.pdfbox.pdmodel.TestPDDocumentInformation.testPDFBox3068()",pdfbox/src/test/java/org/apache/pdfbox/pdmodel/TestPDDocumentInformation.java,,,,,,,,,,,,,,,,,,,,,,,,,0,15,0,10,3,4,5,5,1,2,4,2,3,1,1,1,1,,,,,,1,,0,50,1,1,1,1
Class,"org.apache.pdfbox.pdmodel.TestPDPageAnnotationsFiltering",pdfbox/src/test/java/org/apache/pdfbox/pdmodel/TestPDPageAnnotationsFiltering.java,1,1,1,1,8,0,8,0,1,12,0,,0,0,,,4,1,4,16,3,0,0,1,,51,4,39,16,19,8,,,19,24,11,18,,,,,1,1,1,1,1,0,0,0,21,6,6,7,6
Public Method,"org.apache.pdfbox.pdmodel.TestPDPageAnnotationsFiltering.initMock()",pdfbox/src/test/java/org/apache/pdfbox/pdmodel/TestPDPageAnnotationsFiltering.java,,,,,,,,,,,,,,,,,,,,,,,,,1,11,0,11,4,7,0,10,1,7,8,3,7,1,1,1,1,,,,,,0,,0,00,1,1,1,1
Method,"org.apache.pdfbox.pdmodel.TestPDPageAnnotationsFiltering.validateAllFiltered()",pdfbox/src/test/java/org/apache/pdfbox/pdmodel/TestPDPageAnnotationsFiltering.java,,,,,,,,,,,,,,,,,,,,,,,,,2,6,0,6,3,2,0,3,1,2,3,2,2,1,1,1,1,,,,,,0,,0,00,2,2,2,2
Lambda Method,"org.apache.pdfbox.pdmodel.TestPDPageAnnotationsFiltering.validateAllFiltered.(lambda_expr_1)(PDAnnotation (inferred))",pdfbox/src/test/java/org/apache/pdfbox/pdmodel/TestPDPageAnnotationsFiltering.java,,,,,,,,,,,,,,,,,,,,,,,,,0,1,0,1,1,1,0,1,1,0,0,0,0,1,1,1,1,,,,,,0,,0,00,1,1,1,1
Method,"org.apache.pdfbox.pdmodel.TestPDPageAnnotationsFiltering.validateNoFiltering()",pdfbox/src/test/java/org/apache/pdfbox/pdmodel/TestPDPageAnnotationsFiltering.java,,,,,,,,,,,,,,,,,,,,,,,,,1,9,0,9,3,5,0,5,1,5,6,2,5,1,1,1,1,,,,,,0,,0,00,1,1,1,1
Method,"org.apache.pdfbox.pdmodel.TestPDPageAnnotationsFiltering.validateSelectedFew()",pdfbox/src/test/java/org/apache/pdfbox/pdmodel/TestPDPageAnnotationsFiltering.java,,,,,,,,,,,,,,,,,,,,,,,,,2,9,0,9,4,5,0,5,1,4,5,2,4,1,1,1,1,,,,,,0,,0,00,2,2,3,2
Lambda Method,"org.apache.pdfbox.pdmodel.TestPDPageAnnotationsFiltering.validateSelectedFew.(lambda_expr_1)(PDAnnotation (inferred))",pdfbox/src/test/java/org/apache/pdfbox/pdmodel/TestPDPageAnnotationsFiltering.java,,,,,,,,,,,,,,,,,,,,,,,,,1,2,0,2,1,2,0,1,1,0,0,0,0,1,1,2,1,,,,,,0,,0,00,1,1,2,1
Class,"org.apache.pdfbox.pdmodel.TestPDPageContentStream",pdfbox/src/test/java/org/apache/pdfbox/pdmodel/TestPDPageContentStream.java,1,1,1,1,33,2,22,8,1,14,0,,0,0,,,5,0,5,17,5,0,0,0,,177,14,116,24,75,47,,,66,80,19,74,,,,,2,2,2,1,1,2,0,0,41,6,6,6,5
Method,"org.apache.pdfbox.pdmodel.TestPDPageContentStream.testCloseContract()",pdfbox/src/test/java/org/apache/pdfbox/pdmodel/TestPDPageContentStream.java,,,,,,,,,,,,,,,,,,,,,,,,,1,17,0,12,4,6,5,5,1,5,7,3,6,1,1,1,1,,,,,,1,,0,42,1,1,1,1
Method,"org.apache.pdfbox.pdmodel.TestPDPageContentStream.testGeneralGraphicStateOperatorTextMode()",pdfbox/src/test/java/org/apache/pdfbox/pdmodel/TestPDPageContentStream.java,,,,,,,,,,,,,,,,,,,,,,,,,1,35,0,23,4,15,12,15,2,13,15,3,14,2,2,2,1,,,,,,1,,0,52,2,2,2,1
Method,"org.apache.pdfbox.pdmodel.TestPDPageContentStream.testMissingContentStream()",pdfbox/src/test/java/org/apache/pdfbox/pdmodel/TestPDPageContentStream.java,,,,,,,,,,,,,,,,,,,,,,,,,0,13,0,8,5,4,5,5,1,4,5,4,4,1,1,1,1,,,,,,0,,0,62,1,1,1,1
Method,"org.apache.pdfbox.pdmodel.TestPDPageContentStream.testSetCmykColors()",pdfbox/src/test/java/org/apache/pdfbox/pdmodel/TestPDPageContentStream.java,,,,,,,,,,,,,,,,,,,,,,,,,3,55,5,33,5,23,17,12,1,20,24,4,23,1,1,1,1,,,,,,2,,0,52,1,1,1,1
Method,"org.apache.pdfbox.pdmodel.TestPDPageContentStream.testSetRGBandGColors()",pdfbox/src/test/java/org/apache/pdfbox/pdmodel/TestPDPageContentStream.java,,,,,,,,,,,,,,,,,,,,,,,,,5,47,5,37,5,27,5,14,1,24,28,4,27,1,1,1,1,,,,,,2,,0,14,1,1,1,1
Class,"org.apache.pdfbox.pdmodel.TestPDPageTransitions",pdfbox/src/test/java/org/apache/pdfbox/pdmodel/TestPDPageTransitions.java,1,1,1,1,20,1,18,1,1,17,0,,0,0,,,2,0,2,14,2,0,0,0,,49,4,39,11,22,6,,,17,23,9,20,,,,,1,1,1,1,1,1,0,0,15,2,2,2,2
Method,"org.apache.pdfbox.pdmodel.TestPDPageTransitions.readTransitions()",pdfbox/src/test/java/org/apache/pdfbox/pdmodel/TestPDPageTransitions.java,,,,,,,,,,,,,,,,,,,,,,,,,2,13,0,13,3,7,0,14,1,4,6,2,5,1,1,1,1,,,,,,1,,0,00,1,1,1,1
Method,"org.apache.pdfbox.pdmodel.TestPDPageTransitions.saveAndReadTransitions()",pdfbox/src/test/java/org/apache/pdfbox/pdmodel/TestPDPageTransitions.java,,,,,,,,,,,,,,,,,,,,,,,,,3,27,2,23,7,15,2,21,1,13,16,6,15,1,1,1,1,,,,,,1,,0,09,1,1,1,1
Class,"org.apache.pdfbox.pdmodel.TestPDPageTree",pdfbox/src/test/java/org/apache/pdfbox/pdmodel/TestPDPageTree.java,1,1,1,1,12,0,11,0,1,14,0,,0,0,,,7,1,7,19,6,0,0,1,,99,11,84,23,40,4,,,33,49,19,37,,,,,3,3,3,1,1,2,28,0,05,12,12,12,7
Method,"org.apache.pdfbox.pdmodel.TestPDPageTree.indexOfPageFromOutlineDestination()",pdfbox/src/test/java/org/apache/pdfbox/pdmodel/TestPDPageTree.java,,,,,,,,,,,,,,,,,,,,,,,,,1,13,0,13,3,5,0,12,3,3,7,3,5,3,3,3,1,,,,,,2,,0,00,3,3,3,1
Method,"org.apache.pdfbox.pdmodel.TestPDPageTree.negative()",pdfbox/src/test/java/org/apache/pdfbox/pdmodel/TestPDPageTree.java,,,,,,,,,,,,,,,,,,,,,,,,,1,6,0,6,2,2,0,7,1,2,3,1,2,1,1,1,1,,,,,,0,,0,00,1,1,1,1
Method,"org.apache.pdfbox.pdmodel.TestPDPageTree.positiveMultipleLevel()",pdfbox/src/test/java/org/apache/pdfbox/pdmodel/TestPDPageTree.java,,,,,,,,,,,,,,,,,,,,,,,,,1,10,0,10,2,4,0,8,2,4,6,2,4,2,2,2,1,,,,,,1,,0,00,2,2,2,1
Method,"org.apache.pdfbox.pdmodel.TestPDPageTree.positiveSingleLevel()",pdfbox/src/test/java/org/apache/pdfbox/pdmodel/TestPDPageTree.java,,,,,,,,,,,,,,,,,,,,,,,,,1,9,0,9,2,3,0,8,2,4,6,2,4,2,2,2,1,,,,,,1,,0,00,2,2,2,1
Public Method,"org.apache.pdfbox.pdmodel.TestPDPageTree.tearDown()",pdfbox/src/test/java/org/apache/pdfbox/pdmodel/TestPDPageTree.java,,,,,,,,,,,,,,,,,,,,,,,,,1,8,0,8,2,2,0,1,2,1,3,1,2,2,2,2,1,,,,,,1,,0,00,2,2,2,1
Method,"org.apache.pdfbox.pdmodel.TestPDPageTree.testInsertAfterBlankPage()",pdfbox/src/test/java/org/apache/pdfbox/pdmodel/TestPDPageTree.java,,,,,,,,,,,,,,,,,,,,,,,,,0,20,2,18,5,13,0,7,1,9,11,4,10,1,1,1,1,,,,,,1,,0,00,1,1,1,1
Method,"org.apache.pdfbox.pdmodel.TestPDPageTree.testInsertBeforeBlankPage()",pdfbox/src/test/java/org/apache/pdfbox/pdmodel/TestPDPageTree.java,,,,,,,,,,,,,,,,,,,,,,,,,0,18,2,16,5,11,0,7,1,9,11,4,10,1,1,1,1,,,,,,1,,0,00,1,1,1,1
Package,"org.apache.pdfbox.pdmodel.common",pdfbox/src/main/java/org/apache/pdfbox/pdmodel/common/COSArrayList.java,1,1,1,1,14,0,9,4,,,,26,6,29,23,,236,34,242,,30,14,10,188,,4851,478,2713,894,1212,1661,,,1261,1679,800,1077,,,,,9,9,11,7,,4,,0,61,398,394,421,281
Public Generic Class,"org.apache.pdfbox.pdmodel.common.COSArrayList",pdfbox/src/main/java/org/apache/pdfbox/pdmodel/common/COSArrayList.java,1,1,2,1,15,0,10,4,2,22,0,,1,0,,,32,5,33,45,0,1,0,32,,563,51,346,74,142,166,,,107,174,51,130,,,,,9,9,11,1,1,4,59,0,48,68,68,74,36
Public Constructor,"org.apache.pdfbox.pdmodel.common.COSArrayList.COSArrayList()",pdfbox/src/main/java/org/apache/pdfbox/pdmodel/common/COSArrayList.java,,,,,,,,,,,,,,,,,,,,,,,,,2,8,0,5,1,2,3,5,1,2,3,1,2,1,1,1,1,,,,,,0,,0,60,1,1,1,1
Public Constructor,"org.apache.pdfbox.pdmodel.common.COSArrayList.COSArrayList(COSDictionary,COSName)",pdfbox/src/main/java/org/apache/pdfbox/pdmodel/common/COSArrayList.java,,,,,,,,,,,,,,,,,,,,,,,,,3,15,0,7,1,4,8,7,1,4,5,1,4,1,1,1,1,,,,,,0,,1,14,1,1,1,1
Public Constructor,"org.apache.pdfbox.pdmodel.common.COSArrayList.COSArrayList(E,COSBase,COSDictionary,COSName)",pdfbox/src/main/java/org/apache/pdfbox/pdmodel/common/COSArrayList.java,,,,,,,,,,,,,,,,,,,,,,,,,8,25,1,9,1,6,15,9,1,6,7,1,6,1,1,1,1,,,,,,0,,1,67,1,1,1,1
Public Constructor,"org.apache.pdfbox.pdmodel.common.COSArrayList.COSArrayList(List<E>,COSArray)",pdfbox/src/main/java/org/apache/pdfbox/pdmodel/common/COSArrayList.java,,,,,,,,,,,,,,,,,,,,,,,,,27,25,1,8,1,4,16,6,2,3,5,1,4,2,2,2,1,,,,,,1,,2,00,2,2,2,1
TypeVariable,"org.apache.pdfbox.pdmodel.common.COSArrayList.E",pdfbox/src/main/java/org/apache/pdfbox/pdmodel/common/COSArrayList.java,0,0,0,0,0,0,0,0,1,0,0,,0,0,,,0,0,0,0,0,0,0,0,,0,0,0,0,0,0,,,0,0,0,0,,,,,0,0,0,0,1,0,0,0,00,0,0,0,0
Public Method,"org.apache.pdfbox.pdmodel.common.COSArrayList.add(E)",pdfbox/src/main/java/org/apache/pdfbox/pdmodel/common/COSArrayList.java,,,,,,,,,,,,,,,,,,,,,,,,,6,29,0,21,2,9,8,7,6,5,9,1,8,4,4,4,1,,,,,,2,,0,38,4,4,4,1
Public Method,"org.apache.pdfbox.pdmodel.common.COSArrayList.add(int,E)",pdfbox/src/main/java/org/apache/pdfbox/pdmodel/common/COSArrayList.java,,,,,,,,,,,,,,,,,,,,,,,,,7,29,1,21,2,10,7,7,8,6,10,1,9,4,4,4,1,,,,,,1,,0,33,4,4,4,1
Public Method,"org.apache.pdfbox.pdmodel.common.COSArrayList.addAll(Collection<? extends E>)",pdfbox/src/main/java/org/apache/pdfbox/pdmodel/common/COSArrayList.java,,,,,,,,,,,,,,,,,,,,,,,,,6,22,1,14,2,7,7,8,4,5,8,1,7,3,3,4,1,,,,,,1,,0,50,3,3,4,1
Public Method,"org.apache.pdfbox.pdmodel.common.COSArrayList.addAll(int,Collection<? extends E>)",pdfbox/src/main/java/org/apache/pdfbox/pdmodel/common/COSArrayList.java,,,,,,,,,,,,,,,,,,,,,,,,,7,23,2,14,2,7,7,8,4,5,8,1,7,3,3,4,1,,,,,,1,,0,50,3,3,4,1
Public Method,"org.apache.pdfbox.pdmodel.common.COSArrayList.clear()",pdfbox/src/main/java/org/apache/pdfbox/pdmodel/common/COSArrayList.java,,,,,,,,,,,,,,,,,,,,,,,,,4,15,0,10,2,4,5,3,2,3,5,1,4,2,2,2,1,,,,,,1,,0,50,2,2,2,1
Public Method,"org.apache.pdfbox.pdmodel.common.COSArrayList.contains(Object)",pdfbox/src/main/java/org/apache/pdfbox/pdmodel/common/COSArrayList.java,,,,,,,,,,,,,,,,,,,,,,,,,2,8,0,5,2,1,3,2,1,1,2,1,1,1,1,1,1,,,,,,0,,0,60,1,1,1,1
Public Method,"org.apache.pdfbox.pdmodel.common.COSArrayList.containsAll(Collection<?>)",pdfbox/src/main/java/org/apache/pdfbox/pdmodel/common/COSArrayList.java,,,,,,,,,,,,,,,,,,,,,,,,,2,8,0,5,2,1,3,2,1,1,2,1,1,1,1,1,1,,,,,,0,,0,60,1,1,1,1
Public Static Method,"org.apache.pdfbox.pdmodel.common.COSArrayList.converterToCOSArray(List<?>)",pdfbox/src/main/java/org/apache/pdfbox/pdmodel/common/COSArrayList.java,,,,,,,,,,,,,,,,,,,,,,,,,7,55,0,45,3,22,10,12,9,11,21,4,17,9,9,11,1,,,,,,4,,0,22,9,9,11,1
Public Method,"org.apache.pdfbox.pdmodel.common.COSArrayList.equals(Object)",pdfbox/src/main/java/org/apache/pdfbox/pdmodel/common/COSArrayList.java,,,,,,,,,,,,,,,,,,,,,,,,,2,8,0,5,2,1,3,2,1,1,2,1,1,1,1,1,1,,,,,,0,,0,60,1,1,1,1
Public Method,"org.apache.pdfbox.pdmodel.common.COSArrayList.get(int)",pdfbox/src/main/java/org/apache/pdfbox/pdmodel/common/COSArrayList.java,,,,,,,,,,,,,,,,,,,,,,,,,9,9,1,5,2,1,3,2,1,1,2,1,1,1,1,1,1,,,,,,0,,0,60,1,1,1,1
Public Method,"org.apache.pdfbox.pdmodel.common.COSArrayList.hashCode()",pdfbox/src/main/java/org/apache/pdfbox/pdmodel/common/COSArrayList.java,,,,,,,,,,,,,,,,,,,,,,,,,1,8,0,5,2,1,3,2,1,1,2,1,1,1,1,1,1,,,,,,0,,0,60,1,1,1,1
Public Method,"org.apache.pdfbox.pdmodel.common.COSArrayList.indexOf(Object)",pdfbox/src/main/java/org/apache/pdfbox/pdmodel/common/COSArrayList.java,,,,,,,,,,,,,,,,,,,,,,,,,4,8,0,5,2,1,3,2,1,1,2,1,1,1,1,1,1,,,,,,0,,0,60,1,1,1,1
Public Method,"org.apache.pdfbox.pdmodel.common.COSArrayList.isEmpty()",pdfbox/src/main/java/org/apache/pdfbox/pdmodel/common/COSArrayList.java,,,,,,,,,,,,,,,,,,,,,,,,,1,8,0,5,2,1,3,2,1,1,2,1,1,1,1,1,1,,,,,,0,,0,60,1,1,1,1
Public Method,"org.apache.pdfbox.pdmodel.common.COSArrayList.iterator()",pdfbox/src/main/java/org/apache/pdfbox/pdmodel/common/COSArrayList.java,,,,,,,,,,,,,,,,,,,,,,,,,1,8,0,5,2,1,3,2,1,1,2,1,1,1,1,1,1,,,,,,0,,0,60,1,1,1,1
Public Method,"org.apache.pdfbox.pdmodel.common.COSArrayList.lastIndexOf(Object)",pdfbox/src/main/java/org/apache/pdfbox/pdmodel/common/COSArrayList.java,,,,,,,,,,,,,,,,,,,,,,,,,2,9,1,5,2,1,3,2,1,1,2,1,1,1,1,1,1,,,,,,0,,0,60,1,1,1,1
Public Method,"org.apache.pdfbox.pdmodel.common.COSArrayList.listIterator()",pdfbox/src/main/java/org/apache/pdfbox/pdmodel/common/COSArrayList.java,,,,,,,,,,,,,,,,,,,,,,,,,1,8,0,5,2,1,3,2,1,1,2,1,1,1,1,1,1,,,,,,0,,0,60,1,1,1,1
Public Method,"org.apache.pdfbox.pdmodel.common.COSArrayList.listIterator(int)",pdfbox/src/main/java/org/apache/pdfbox/pdmodel/common/COSArrayList.java,,,,,,,,,,,,,,,,,,,,,,,,,2,8,0,5,2,1,3,2,1,1,2,1,1,1,1,1,1,,,,,,0,,0,60,1,1,1,1
Public Method,"org.apache.pdfbox.pdmodel.common.COSArrayList.remove(Object)",pdfbox/src/main/java/org/apache/pdfbox/pdmodel/common/COSArrayList.java,,,,,,,,,,,,,,,,,,,,,,,,,9,24,2,19,4,10,3,5,4,7,10,3,8,3,3,3,1,,,,,,1,,0,16,3,3,3,1
Public Method,"org.apache.pdfbox.pdmodel.common.COSArrayList.remove(int)",pdfbox/src/main/java/org/apache/pdfbox/pdmodel/common/COSArrayList.java,,,,,,,,,,,,,,,,,,,,,,,,,6,13,1,9,2,4,3,4,2,3,5,1,4,2,2,2,1,,,,,,1,,0,33,2,2,2,1
Public Method,"org.apache.pdfbox.pdmodel.common.COSArrayList.removeAll(Collection<?>)",pdfbox/src/main/java/org/apache/pdfbox/pdmodel/common/COSArrayList.java,,,,,,,,,,,,,,,,,,,,,,,,,5,21,1,15,3,7,5,3,1,6,9,3,8,1,1,1,1,,,,,,2,,0,33,4,4,4,2
Lambda Method,"org.apache.pdfbox.pdmodel.common.COSArrayList.removeAll.(lambda_expr_1)(? (inferred))",pdfbox/src/main/java/org/apache/pdfbox/pdmodel/common/COSArrayList.java,,,,,,,,,,,,,,,,,,,,,,,,,2,12,0,10,1,5,2,6,3,4,6,2,6,3,3,3,1,,,,,,0,,0,20,3,3,3,1
Public Method,"org.apache.pdfbox.pdmodel.common.COSArrayList.retainAll(Collection<?>)",pdfbox/src/main/java/org/apache/pdfbox/pdmodel/common/COSArrayList.java,,,,,,,,,,,,,,,,,,,,,,,,,4,21,1,15,3,7,5,3,1,6,9,3,8,1,1,1,1,,,,,,2,,0,33,4,4,4,2
Lambda Method,"org.apache.pdfbox.pdmodel.common.COSArrayList.retainAll.(lambda_expr_1)(? (inferred))",pdfbox/src/main/java/org/apache/pdfbox/pdmodel/common/COSArrayList.java,,,,,,,,,,,,,,,,,,,,,,,,,2,12,0,10,1,5,2,6,3,4,6,2,6,3,3,3,1,,,,,,0,,0,20,3,3,3,1
Public Method,"org.apache.pdfbox.pdmodel.common.COSArrayList.set(int,E)",pdfbox/src/main/java/org/apache/pdfbox/pdmodel/common/COSArrayList.java,,,,,,,,,,,,,,,,,,,,,,,,,7,29,1,25,3,12,3,7,8,7,12,2,11,5,5,7,1,,,,,,2,,0,12,5,5,7,1
Public Method,"org.apache.pdfbox.pdmodel.common.COSArrayList.size()",pdfbox/src/main/java/org/apache/pdfbox/pdmodel/common/COSArrayList.java,,,,,,,,,,,,,,,,,,,,,,,,,10,8,0,5,2,1,3,2,1,1,2,1,1,1,1,1,1,,,,,,0,,0,60,1,1,1,1
Public Method,"org.apache.pdfbox.pdmodel.common.COSArrayList.subList(int,int)",pdfbox/src/main/java/org/apache/pdfbox/pdmodel/common/COSArrayList.java,,,,,,,,,,,,,,,,,,,,,,,,,3,8,0,5,2,1,3,2,1,1,2,1,1,1,1,1,1,,,,,,0,,0,60,1,1,1,1
Public Method,"org.apache.pdfbox.pdmodel.common.COSArrayList.toArray()",pdfbox/src/main/java/org/apache/pdfbox/pdmodel/common/COSArrayList.java,,,,,,,,,,,,,,,,,,,,,,,,,1,8,0,5,2,1,3,2,1,1,2,1,1,1,1,1,1,,,,,,0,,0,60,1,1,1,1
Public Generic Method,"org.apache.pdfbox.pdmodel.common.COSArrayList.toArray(X[])",pdfbox/src/main/java/org/apache/pdfbox/pdmodel/common/COSArrayList.java,,,,,,,,,,,,,,,,,,,,,,,,,2,9,1,5,2,1,3,2,1,1,2,1,1,1,1,1,1,,,,,,0,,0,60,1,1,1,1
TypeVariable,"org.apache.pdfbox.pdmodel.common.COSArrayList.toArray.X",pdfbox/src/main/java/org/apache/pdfbox/pdmodel/common/COSArrayList.java,0,0,0,0,0,0,0,0,1,0,0,,0,0,,,0,0,0,0,0,0,0,0,,0,0,0,0,0,0,,,0,0,0,0,,,,,0,0,0,0,1,0,0,0,00,0,0,0,0
Private Method,"org.apache.pdfbox.pdmodel.common.COSArrayList.toCOSObjectList(Collection<?>)",pdfbox/src/main/java/org/apache/pdfbox/pdmodel/common/COSArrayList.java,,,,,,,,,,,,,,,,,,,,,,,,,4,17,0,17,3,9,0,4,1,6,8,3,6,1,1,1,1,,,,,,1,,0,00,3,3,3,2
Lambda Method,"org.apache.pdfbox.pdmodel.common.COSArrayList.toCOSObjectList.(lambda_expr_1)(? (inferred))",pdfbox/src/main/java/org/apache/pdfbox/pdmodel/common/COSArrayList.java,,,,,,,,,,,,,,,,,,,,,,,,,1,12,0,12,1,6,0,4,2,3,4,1,3,2,2,2,1,,,,,,0,,0,00,2,2,2,1
Public Method,"org.apache.pdfbox.pdmodel.common.COSArrayList.toList()",pdfbox/src/main/java/org/apache/pdfbox/pdmodel/common/COSArrayList.java,,,,,,,,,,,,,,,,,,,,,,,,,6,9,0,4,1,1,5,1,1,1,2,1,1,1,1,1,1,,,,,,0,,1,25,1,1,1,1
Public Method,"org.apache.pdfbox.pdmodel.common.COSArrayList.toString()",pdfbox/src/main/java/org/apache/pdfbox/pdmodel/common/COSArrayList.java,,,,,,,,,,,,,,,,,,,,,,,,,1,8,0,5,2,1,3,2,1,1,2,1,1,1,1,1,1,,,,,,0,,0,60,1,1,1,1
Class,"org.apache.pdfbox.pdmodel.common.COSArrayListTest",pdfbox/src/test/java/org/apache/pdfbox/pdmodel/common/COSArrayListTest.java,1,1,1,1,27,5,18,3,1,22,0,,0,6,,,13,0,13,25,11,0,0,2,,395,86,255,84,191,54,,,167,188,73,160,,,,,2,2,2,1,1,1,56,0,21,18,18,18,17
Public Method,"org.apache.pdfbox.pdmodel.common.COSArrayListTest.addToList()",pdfbox/src/test/java/org/apache/pdfbox/pdmodel/common/COSArrayListTest.java,,,,,,,,,,,,,,,,,,,,,,,,,2,19,3,12,4,10,4,10,1,8,9,4,8,1,1,1,1,,,,,,0,,0,33,1,1,1,1
Method,"org.apache.pdfbox.pdmodel.common.COSArrayListTest.getFromList()",pdfbox/src/test/java/org/apache/pdfbox/pdmodel/common/COSArrayListTest.java,,,,,,,,,,,,,,,,,,,,,,,,,4,21,2,15,4,10,4,7,2,7,9,4,7,2,2,2,1,,,,,,1,,0,27,2,2,2,1
Method,"org.apache.pdfbox.pdmodel.common.COSArrayListTest.removeAllMultipleFromListByObject()",pdfbox/src/test/java/org/apache/pdfbox/pdmodel/common/COSArrayListTest.java,,,,,,,,,,,,,,,,,,,,,,,,,2,22,4,14,6,10,4,9,1,8,9,5,7,1,1,1,1,,,,,,0,,0,29,1,1,1,1
Method,"org.apache.pdfbox.pdmodel.common.COSArrayListTest.removeAllUniqueFromListByObject()",pdfbox/src/test/java/org/apache/pdfbox/pdmodel/common/COSArrayListTest.java,,,,,,,,,,,,,,,,,,,,,,,,,2,22,4,14,6,10,4,9,1,8,9,5,7,1,1,1,1,,,,,,0,,0,29,1,1,1,1
Method,"org.apache.pdfbox.pdmodel.common.COSArrayListTest.removeFromFilteredListByIndex()",pdfbox/src/test/java/org/apache/pdfbox/pdmodel/common/COSArrayListTest.java,,,,,,,,,,,,,,,,,,,,,,,,,3,12,2,7,4,3,3,2,1,3,4,3,2,1,1,1,1,,,,,,0,,0,43,3,3,3,3
Lambda Method,"org.apache.pdfbox.pdmodel.common.COSArrayListTest.removeFromFilteredListByIndex.(lambda_expr_1)()",pdfbox/src/test/java/org/apache/pdfbox/pdmodel/common/COSArrayListTest.java,,,,,,,,,,,,,,,,,,,,,,,,,1,1,0,1,1,1,0,1,1,0,0,0,0,1,1,1,1,,,,,,0,,0,00,1,1,1,1
Lambda Method,"org.apache.pdfbox.pdmodel.common.COSArrayListTest.removeFromFilteredListByIndex.(lambda_expr_2)()",pdfbox/src/test/java/org/apache/pdfbox/pdmodel/common/COSArrayListTest.java,,,,,,,,,,,,,,,,,,,,,,,,,0,1,0,1,0,1,0,2,1,0,0,0,0,1,1,1,1,,,,,,0,,0,00,1,1,1,1
Method,"org.apache.pdfbox.pdmodel.common.COSArrayListTest.removeFromFilteredListByObject()",pdfbox/src/test/java/org/apache/pdfbox/pdmodel/common/COSArrayListTest.java,,,,,,,,,,,,,,,,,,,,,,,,,3,16,3,9,6,5,4,3,1,5,6,5,3,1,1,1,1,,,,,,0,,0,44,3,3,3,3
Lambda Method,"org.apache.pdfbox.pdmodel.common.COSArrayListTest.removeFromFilteredListByObject.(lambda_expr_1)()",pdfbox/src/test/java/org/apache/pdfbox/pdmodel/common/COSArrayListTest.java,,,,,,,,,,,,,,,,,,,,,,,,,1,1,0,1,1,1,0,1,1,0,0,0,0,1,1,1,1,,,,,,0,,0,00,1,1,1,1
Lambda Method,"org.apache.pdfbox.pdmodel.common.COSArrayListTest.removeFromFilteredListByObject.(lambda_expr_2)()",pdfbox/src/test/java/org/apache/pdfbox/pdmodel/common/COSArrayListTest.java,,,,,,,,,,,,,,,,,,,,,,,,,0,1,0,1,0,1,0,2,1,0,0,0,0,1,1,1,1,,,,,,0,,0,00,1,1,1,1
Method,"org.apache.pdfbox.pdmodel.common.COSArrayListTest.removeFromListByIndex()",pdfbox/src/test/java/org/apache/pdfbox/pdmodel/common/COSArrayListTest.java,,,,,,,,,,,,,,,,,,,,,,,,,4,21,3,15,5,11,3,9,1,8,9,4,7,1,1,1,1,,,,,,0,,0,20,1,1,1,1
Method,"org.apache.pdfbox.pdmodel.common.COSArrayListTest.removeMultipleFromListByObject()",pdfbox/src/test/java/org/apache/pdfbox/pdmodel/common/COSArrayListTest.java,,,,,,,,,,,,,,,,,,,,,,,,,3,20,3,13,5,9,4,7,1,9,10,4,8,1,1,1,1,,,,,,0,,0,31,1,1,1,1
Method,"org.apache.pdfbox.pdmodel.common.COSArrayListTest.removeSingleDirectObject()",pdfbox/src/test/java/org/apache/pdfbox/pdmodel/common/COSArrayListTest.java,,,,,,,,,,,,,,,,,,,,,,,,,1,45,11,32,9,26,2,23,1,22,25,8,24,1,1,1,1,,,,,,1,,0,06,1,1,1,1
Method,"org.apache.pdfbox.pdmodel.common.COSArrayListTest.removeSingleIndirectObject()",pdfbox/src/test/java/org/apache/pdfbox/pdmodel/common/COSArrayListTest.java,,,,,,,,,,,,,,,,,,,,,,,,,1,42,11,30,9,24,1,20,1,20,23,8,22,1,1,1,1,,,,,,1,,0,03,1,1,1,1
Method,"org.apache.pdfbox.pdmodel.common.COSArrayListTest.removeUniqueFromListByObject()",pdfbox/src/test/java/org/apache/pdfbox/pdmodel/common/COSArrayListTest.java,,,,,,,,,,,,,,,,,,,,,,,,,4,32,6,21,5,17,5,13,1,12,13,4,11,1,1,1,1,,,,,,0,,0,24,1,1,1,1
Method,"org.apache.pdfbox.pdmodel.common.COSArrayListTest.retainIndirectObject()",pdfbox/src/test/java/org/apache/pdfbox/pdmodel/common/COSArrayListTest.java,,,,,,,,,,,,,,,,,,,,,,,,,1,43,11,31,9,25,1,20,1,21,24,8,23,1,1,1,1,,,,,,1,,0,03,1,1,1,1
Public Method,"org.apache.pdfbox.pdmodel.common.COSArrayListTest.setUp()",pdfbox/src/test/java/org/apache/pdfbox/pdmodel/common/COSArrayListTest.java,,,,,,,,,,,,,,,,,,,,,,,,,7,41,6,33,5,30,2,19,1,30,31,4,30,1,1,1,1,,,,,,0,,0,06,1,1,1,1
Public Generic Class,"org.apache.pdfbox.pdmodel.common.COSDictionaryMap",pdfbox/src/main/java/org/apache/pdfbox/pdmodel/common/COSDictionaryMap.java,1,1,1,1,11,0,7,3,2,17,0,,2,0,,,16,2,18,30,0,0,0,18,,238,21,145,45,52,72,,,44,72,31,44,,,,,9,9,9,1,1,3,50,0,50,28,28,28,19
Public Constructor,"org.apache.pdfbox.pdmodel.common.COSDictionaryMap.COSDictionaryMap(Map<K,V>,COSDictionary)",pdfbox/src/main/java/org/apache/pdfbox/pdmodel/common/COSDictionaryMap.java,,,,,,,,,,,,,,,,,,,,,,,,,5,11,0,5,1,2,6,3,1,2,3,1,2,1,1,1,1,,,,,,0,,1,20,1,1,1,1
TypeVariable,"org.apache.pdfbox.pdmodel.common.COSDictionaryMap.K",pdfbox/src/main/java/org/apache/pdfbox/pdmodel/common/COSDictionaryMap.java,0,0,0,0,0,0,0,0,1,0,0,,0,0,,,0,0,0,0,0,0,0,0,,0,0,0,0,0,0,,,0,0,0,0,,,,,0,0,0,0,1,0,0,0,00,0,0,0,0
TypeVariable,"org.apache.pdfbox.pdmodel.common.COSDictionaryMap.V",pdfbox/src/main/java/org/apache/pdfbox/pdmodel/common/COSDictionaryMap.java,0,0,0,0,0,0,0,0,1,0,0,,0,0,,,0,0,0,0,0,0,0,0,,0,0,0,0,0,0,,,0,0,0,0,,,,,0,0,0,0,1,0,0,0,00,0,0,0,0
Public Method,"org.apache.pdfbox.pdmodel.common.COSDictionaryMap.clear()",pdfbox/src/main/java/org/apache/pdfbox/pdmodel/common/COSDictionaryMap.java,,,,,,,,,,,,,,,,,,,,,,,,,2,9,0,6,2,2,3,2,1,2,3,1,2,1,1,1,1,,,,,,0,,0,50,1,1,1,1
Public Method,"org.apache.pdfbox.pdmodel.common.COSDictionaryMap.containsKey(Object)",pdfbox/src/main/java/org/apache/pdfbox/pdmodel/common/COSDictionaryMap.java,,,,,,,,,,,,,,,,,,,,,,,,,2,8,0,5,2,1,3,2,1,1,2,1,1,1,1,1,1,,,,,,0,,0,60,1,1,1,1
Public Method,"org.apache.pdfbox.pdmodel.common.COSDictionaryMap.containsValue(Object)",pdfbox/src/main/java/org/apache/pdfbox/pdmodel/common/COSDictionaryMap.java,,,,,,,,,,,,,,,,,,,,,,,,,2,8,0,5,2,1,3,2,1,1,2,1,1,1,1,1,1,,,,,,0,,0,60,1,1,1,1
Public Static Method,"org.apache.pdfbox.pdmodel.common.COSDictionaryMap.convert(Map<String,?>)",pdfbox/src/main/java/org/apache/pdfbox/pdmodel/common/COSDictionaryMap.java,,,,,,,,,,,,,,,,,,,,,,,,,3,18,0,10,3,6,8,3,1,5,6,3,4,1,1,1,1,,,,,,0,,0,80,2,2,2,2
Lambda Method,"org.apache.pdfbox.pdmodel.common.COSDictionaryMap.convert.(lambda_expr_1)(String (inferred),? (inferred))",pdfbox/src/main/java/org/apache/pdfbox/pdmodel/common/COSDictionaryMap.java,,,,,,,,,,,,,,,,,,,,,,,,,2,5,0,5,1,3,0,4,1,2,2,1,1,1,1,1,1,,,,,,0,,0,00,1,1,1,1
Public Static Method,"org.apache.pdfbox.pdmodel.common.COSDictionaryMap.convertBasicTypesToMap(COSDictionary)",pdfbox/src/main/java/org/apache/pdfbox/pdmodel/common/COSDictionaryMap.java,,,,,,,,,,,,,,,,,,,,,,,,,5,49,1,40,5,21,8,12,8,13,22,6,18,9,9,9,1,,,,,,3,,0,20,9,9,9,1
Public Method,"org.apache.pdfbox.pdmodel.common.COSDictionaryMap.entrySet()",pdfbox/src/main/java/org/apache/pdfbox/pdmodel/common/COSDictionaryMap.java,,,,,,,,,,,,,,,,,,,,,,,,,1,8,0,5,2,1,3,3,1,1,2,1,1,1,1,1,1,,,,,,0,,0,60,1,1,1,1
Public Method,"org.apache.pdfbox.pdmodel.common.COSDictionaryMap.equals(Object)",pdfbox/src/main/java/org/apache/pdfbox/pdmodel/common/COSDictionaryMap.java,,,,,,,,,,,,,,,,,,,,,,,,,2,14,0,11,4,5,3,2,2,4,6,3,3,2,2,2,1,,,,,,1,,0,27,2,2,2,1
Public Method,"org.apache.pdfbox.pdmodel.common.COSDictionaryMap.get(Object)",pdfbox/src/main/java/org/apache/pdfbox/pdmodel/common/COSDictionaryMap.java,,,,,,,,,,,,,,,,,,,,,,,,,2,8,0,5,2,1,3,2,1,1,2,1,1,1,1,1,1,,,,,,0,,0,60,1,1,1,1
Public Method,"org.apache.pdfbox.pdmodel.common.COSDictionaryMap.hashCode()",pdfbox/src/main/java/org/apache/pdfbox/pdmodel/common/COSDictionaryMap.java,,,,,,,,,,,,,,,,,,,,,,,,,1,8,0,5,2,1,3,2,1,1,2,1,1,1,1,1,1,,,,,,0,,0,60,1,1,1,1
Public Method,"org.apache.pdfbox.pdmodel.common.COSDictionaryMap.isEmpty()",pdfbox/src/main/java/org/apache/pdfbox/pdmodel/common/COSDictionaryMap.java,,,,,,,,,,,,,,,,,,,,,,,,,0,8,0,5,2,1,3,2,1,1,2,1,1,1,1,1,1,,,,,,0,,0,60,1,1,1,1
Public Method,"org.apache.pdfbox.pdmodel.common.COSDictionaryMap.keySet()",pdfbox/src/main/java/org/apache/pdfbox/pdmodel/common/COSDictionaryMap.java,,,,,,,,,,,,,,,,,,,,,,,,,1,8,0,5,2,1,3,2,1,1,2,1,1,1,1,1,1,,,,,,0,,0,60,1,1,1,1
Public Method,"org.apache.pdfbox.pdmodel.common.COSDictionaryMap.put(K,V)",pdfbox/src/main/java/org/apache/pdfbox/pdmodel/common/COSDictionaryMap.java,,,,,,,,,,,,,,,,,,,,,,,,,4,11,1,7,3,3,3,5,1,3,4,2,2,1,1,1,1,,,,,,0,,0,43,1,1,1,1
Public Method,"org.apache.pdfbox.pdmodel.common.COSDictionaryMap.putAll(Map<? extends K,? extends V>)",pdfbox/src/main/java/org/apache/pdfbox/pdmodel/common/COSDictionaryMap.java,,,,,,,,,,,,,,,,,,,,,,,,,0,8,0,5,2,1,3,1,1,1,2,1,1,1,1,1,1,,,,,,0,,0,60,1,1,1,1
Public Method,"org.apache.pdfbox.pdmodel.common.COSDictionaryMap.remove(Object)",pdfbox/src/main/java/org/apache/pdfbox/pdmodel/common/COSDictionaryMap.java,,,,,,,,,,,,,,,,,,,,,,,,,3,9,0,6,2,2,3,4,1,2,3,1,2,1,1,1,1,,,,,,0,,0,50,1,1,1,1
Public Method,"org.apache.pdfbox.pdmodel.common.COSDictionaryMap.size()",pdfbox/src/main/java/org/apache/pdfbox/pdmodel/common/COSDictionaryMap.java,,,,,,,,,,,,,,,,,,,,,,,,,2,8,0,5,2,1,3,2,1,1,2,1,1,1,1,1,1,,,,,,0,,0,60,1,1,1,1
Public Method,"org.apache.pdfbox.pdmodel.common.COSDictionaryMap.toString()",pdfbox/src/main/java/org/apache/pdfbox/pdmodel/common/COSDictionaryMap.java,,,,,,,,,,,,,,,,,,,,,,,,,1,8,0,5,2,1,3,2,1,1,2,1,1,1,1,1,1,,,,,,0,,0,60,1,1,1,1
Public Method,"org.apache.pdfbox.pdmodel.common.COSDictionaryMap.values()",pdfbox/src/main/java/org/apache/pdfbox/pdmodel/common/COSDictionaryMap.java,,,,,,,,,,,,,,,,,,,,,,,,,1,8,0,5,2,1,3,2,1,1,2,1,1,1,1,1,1,,,,,,0,,0,60,1,1,1,1
Public Interface,"org.apache.pdfbox.pdmodel.common.COSObjectable",pdfbox/src/main/java/org/apache/pdfbox/pdmodel/common/COSObjectable.java,0,0,0,0,0,0,0,0,0,1,91,,0,0,,,1,0,1,1,1,0,0,0,,9,0,4,2,0,5,,,1,2,2,0,,,,,0,0,0,0,0,0,0,1,25,0,0,0,0
Abstract Method,"org.apache.pdfbox.pdmodel.common.COSObjectable.getCOSObject()",pdfbox/src/main/java/org/apache/pdfbox/pdmodel/common/COSObjectable.java,,,,,,,,,,,,,,,,,,,,,,,,,27,6,0,1,1,0,5,1,0,1,1,1,0,0,0,0,0,,,,,,0,,5,00,0,0,0,0
Public Interface,"org.apache.pdfbox.pdmodel.common.PDDestinationOrAction",pdfbox/src/main/java/org/apache/pdfbox/pdmodel/common/PDDestinationOrAction.java,0,0,0,0,0,0,0,0,1,0,2,,0,0,,,0,0,0,1,0,0,0,0,,11,1,3,1,0,7,,,0,1,1,0,,,,,0,0,0,0,1,0,0,2,33,0,0,0,0
Public Class,"org.apache.pdfbox.pdmodel.common.PDDictionaryWrapper",pdfbox/src/main/java/org/apache/pdfbox/pdmodel/common/PDDictionaryWrapper.java,1,1,1,1,8,0,6,2,2,2,5,,0,0,,,5,1,5,17,0,0,0,5,,59,7,35,10,9,17,,,8,16,7,9,,,,,3,3,3,3,1,1,0,0,49,7,7,7,7
Public Constructor,"org.apache.pdfbox.pdmodel.common.PDDictionaryWrapper.PDDictionaryWrapper()",pdfbox/src/main/java/org/apache/pdfbox/pdmodel/common/PDDictionaryWrapper.java,,,,,,,,,,,,,,,,,,,,,,,,,2,7,0,4,1,1,3,3,1,1,2,1,1,1,1,1,1,,,,,,0,,0,75,1,1,1,1
Public Constructor,"org.apache.pdfbox.pdmodel.common.PDDictionaryWrapper.PDDictionaryWrapper(COSDictionary)",pdfbox/src/main/java/org/apache/pdfbox/pdmodel/common/PDDictionaryWrapper.java,,,,,,,,,,,,,,,,,,,,,,,,,6,9,0,4,1,1,5,2,1,1,2,1,1,1,1,1,1,,,,,,0,,1,25,1,1,1,1
Public Method,"org.apache.pdfbox.pdmodel.common.PDDictionaryWrapper.equals(Object)",pdfbox/src/main/java/org/apache/pdfbox/pdmodel/common/PDDictionaryWrapper.java,,,,,,,,,,,,,,,,,,,,,,,,,4,13,0,13,2,5,0,2,3,3,6,1,5,3,3,3,3,,,,,,1,,0,00,3,3,3,3
Public Method,"org.apache.pdfbox.pdmodel.common.PDDictionaryWrapper.getCOSObject()",pdfbox/src/main/java/org/apache/pdfbox/pdmodel/common/PDDictionaryWrapper.java,,,,,,,,,,,,,,,,,,,,,,,,,96,8,0,5,2,1,3,1,1,1,2,1,1,1,1,1,1,,,,,,0,,0,60,1,1,1,1
Public Method,"org.apache.pdfbox.pdmodel.common.PDDictionaryWrapper.hashCode()",pdfbox/src/main/java/org/apache/pdfbox/pdmodel/common/PDDictionaryWrapper.java,,,,,,,,,,,,,,,,,,,,,,,,,2,5,0,5,2,1,0,2,1,1,2,1,1,1,1,1,1,,,,,,0,,0,00,1,1,1,1
Public Final Class,"org.apache.pdfbox.pdmodel.common.PDImmutableRectangle",pdfbox/src/main/java/org/apache/pdfbox/pdmodel/common/PDImmutableRectangle.java,1,1,1,1,8,0,4,3,1,2,0,,0,0,,,5,0,5,39,0,0,0,5,,53,5,27,10,5,21,,,5,11,6,5,,,,,1,1,1,1,2,0,0,0,78,5,5,5,5
Public Constructor,"org.apache.pdfbox.pdmodel.common.PDImmutableRectangle.PDImmutableRectangle(float,float)",pdfbox/src/main/java/org/apache/pdfbox/pdmodel/common/PDImmutableRectangle.java,,,,,,,,,,,,,,,,,,,,,,,,,2,10,0,4,1,1,6,2,1,1,2,1,1,1,1,1,1,,,,,,0,,1,50,1,1,1,1
Public Method,"org.apache.pdfbox.pdmodel.common.PDImmutableRectangle.setLowerLeftX(float)",pdfbox/src/main/java/org/apache/pdfbox/pdmodel/common/PDImmutableRectangle.java,,,,,,,,,,,,,,,,,,,,,,,,,0,8,0,5,2,1,3,1,1,1,2,1,1,1,1,1,1,,,,,,0,,0,60,1,1,1,1
Public Method,"org.apache.pdfbox.pdmodel.common.PDImmutableRectangle.setLowerLeftY(float)",pdfbox/src/main/java/org/apache/pdfbox/pdmodel/common/PDImmutableRectangle.java,,,,,,,,,,,,,,,,,,,,,,,,,0,8,0,5,2,1,3,1,1,1,2,1,1,1,1,1,1,,,,,,0,,0,60,1,1,1,1
Public Method,"org.apache.pdfbox.pdmodel.common.PDImmutableRectangle.setUpperRightX(float)",pdfbox/src/main/java/org/apache/pdfbox/pdmodel/common/PDImmutableRectangle.java,,,,,,,,,,,,,,,,,,,,,,,,,0,8,0,5,2,1,3,1,1,1,2,1,1,1,1,1,1,,,,,,0,,0,60,1,1,1,1
Public Method,"org.apache.pdfbox.pdmodel.common.PDImmutableRectangle.setUpperRightY(float)",pdfbox/src/main/java/org/apache/pdfbox/pdmodel/common/PDImmutableRectangle.java,,,,,,,,,,,,,,,,,,,,,,,,,0,8,0,5,2,1,3,1,1,1,2,1,1,1,1,1,1,,,,,,0,,0,60,1,1,1,1
Class,"org.apache.pdfbox.pdmodel.common.PDImmutableRectangleTest",pdfbox/src/test/java/org/apache/pdfbox/pdmodel/common/PDImmutableRectangleTest.java,1,1,1,1,8,0,6,2,1,6,0,,0,0,,,6,1,6,18,6,0,0,0,,67,7,41,13,15,19,,,15,22,8,14,,,,,1,1,1,1,1,0,83,0,46,10,10,10,10
Constructor,"org.apache.pdfbox.pdmodel.common.PDImmutableRectangleTest.PDImmutableRectangleTest()",pdfbox/src/test/java/org/apache/pdfbox/pdmodel/common/PDImmutableRectangleTest.java,,,,,,,,,,,,,,,,,,,,,,,,,0,3,0,3,1,0,0,1,1,0,1,1,0,1,1,1,1,,,,,,0,,0,00,1,1,1,1
Method,"org.apache.pdfbox.pdmodel.common.PDImmutableRectangleTest.testClass()",pdfbox/src/test/java/org/apache/pdfbox/pdmodel/common/PDImmutableRectangleTest.java,,,,,,,,,,,,,,,,,,,,,,,,,10,17,0,14,2,10,3,1,1,10,11,1,10,1,1,1,1,,,,,,0,,0,21,1,1,1,1
Method,"org.apache.pdfbox.pdmodel.common.PDImmutableRectangleTest.testSetLowerLeftX()",pdfbox/src/test/java/org/apache/pdfbox/pdmodel/common/PDImmutableRectangleTest.java,,,,,,,,,,,,,,,,,,,,,,,,,1,8,0,5,2,1,3,1,1,1,2,1,1,1,1,1,1,,,,,,0,,0,60,2,2,2,2
Lambda Method,"org.apache.pdfbox.pdmodel.common.PDImmutableRectangleTest.testSetLowerLeftX.(lambda_expr_1)()",pdfbox/src/test/java/org/apache/pdfbox/pdmodel/common/PDImmutableRectangleTest.java,,,,,,,,,,,,,,,,,,,,,,,,,1,1,0,1,0,1,0,2,1,0,0,0,0,1,1,1,1,,,,,,0,,0,00,1,1,1,1
Method,"org.apache.pdfbox.pdmodel.common.PDImmutableRectangleTest.testSetLowerLeftY()",pdfbox/src/test/java/org/apache/pdfbox/pdmodel/common/PDImmutableRectangleTest.java,,,,,,,,,,,,,,,,,,,,,,,,,1,8,0,5,2,1,3,1,1,1,2,1,1,1,1,1,1,,,,,,0,,0,60,2,2,2,2
Lambda Method,"org.apache.pdfbox.pdmodel.common.PDImmutableRectangleTest.testSetLowerLeftY.(lambda_expr_1)()",pdfbox/src/test/java/org/apache/pdfbox/pdmodel/common/PDImmutableRectangleTest.java,,,,,,,,,,,,,,,,,,,,,,,,,1,1,0,1,0,1,0,2,1,0,0,0,0,1,1,1,1,,,,,,0,,0,00,1,1,1,1
Method,"org.apache.pdfbox.pdmodel.common.PDImmutableRectangleTest.testSetUpperRightX()",pdfbox/src/test/java/org/apache/pdfbox/pdmodel/common/PDImmutableRectangleTest.java,,,,,,,,,,,,,,,,,,,,,,,,,1,8,0,5,2,1,3,1,1,1,2,1,1,1,1,1,1,,,,,,0,,0,60,2,2,2,2
Lambda Method,"org.apache.pdfbox.pdmodel.common.PDImmutableRectangleTest.testSetUpperRightX.(lambda_expr_1)()",pdfbox/src/test/java/org/apache/pdfbox/pdmodel/common/PDImmutableRectangleTest.java,,,,,,,,,,,,,,,,,,,,,,,,,1,1,0,1,0,1,0,2,1,0,0,0,0,1,1,1,1,,,,,,0,,0,00,1,1,1,1
Method,"org.apache.pdfbox.pdmodel.common.PDImmutableRectangleTest.testSetUpperRightY()",pdfbox/src/test/java/org/apache/pdfbox/pdmodel/common/PDImmutableRectangleTest.java,,,,,,,,,,,,,,,,,,,,,,,,,1,8,0,5,2,1,3,1,1,1,2,1,1,1,1,1,1,,,,,,0,,0,60,2,2,2,2
Lambda Method,"org.apache.pdfbox.pdmodel.common.PDImmutableRectangleTest.testSetUpperRightY.(lambda_expr_1)()",pdfbox/src/test/java/org/apache/pdfbox/pdmodel/common/PDImmutableRectangleTest.java,,,,,,,,,,,,,,,,,,,,,,,,,1,1,0,1,0,1,0,2,1,0,0,0,0,1,1,1,1,,,,,,0,,0,00,1,1,1,1
Public Class,"org.apache.pdfbox.pdmodel.common.PDIntegerNameTreeNode",pdfbox/src/test/java/org/apache/pdfbox/pdmodel/common/PDIntegerNameTreeNode.java,1,1,1,1,6,0,4,2,1,5,0,,0,0,,,4,0,4,34,0,0,2,2,,37,3,21,7,4,13,,,4,9,5,4,,,,,1,1,1,1,2,0,0,0,62,4,4,4,4
Public Constructor,"org.apache.pdfbox.pdmodel.common.PDIntegerNameTreeNode.PDIntegerNameTreeNode()",pdfbox/src/test/java/org/apache/pdfbox/pdmodel/common/PDIntegerNameTreeNode.java,,,,,,,,,,,,,,,,,,,,,,,,,1,7,0,4,1,1,3,2,1,1,2,1,1,1,1,1,1,,,,,,0,,0,75,1,1,1,1
Public Constructor,"org.apache.pdfbox.pdmodel.common.PDIntegerNameTreeNode.PDIntegerNameTreeNode(COSDictionary)",pdfbox/src/test/java/org/apache/pdfbox/pdmodel/common/PDIntegerNameTreeNode.java,,,,,,,,,,,,,,,,,,,,,,,,,2,9,0,4,1,1,5,2,1,1,2,1,1,1,1,1,1,,,,,,0,,1,25,1,1,1,1
Protected Method,"org.apache.pdfbox.pdmodel.common.PDIntegerNameTreeNode.convertCOSToPD(COSBase)",pdfbox/src/test/java/org/apache/pdfbox/pdmodel/common/PDIntegerNameTreeNode.java,,,,,,,,,,,,,,,,,,,,,,,,,1,5,0,5,2,1,0,1,1,1,2,1,1,1,1,1,1,,,,,,0,,0,00,1,1,1,1
Protected Method,"org.apache.pdfbox.pdmodel.common.PDIntegerNameTreeNode.createChildNode(COSDictionary)",pdfbox/src/test/java/org/apache/pdfbox/pdmodel/common/PDIntegerNameTreeNode.java,,,,,,,,,,,,,,,,,,,,,,,,,1,5,0,5,2,1,0,2,1,1,2,1,1,1,1,1,1,,,,,,0,,0,00,1,1,1,1
Public Class,"org.apache.pdfbox.pdmodel.common.PDMetadata",pdfbox/src/main/java/org/apache/pdfbox/pdmodel/common/PDMetadata.java,1,1,1,1,12,0,5,6,1,7,0,,0,0,,,5,0,5,47,0,0,0,5,,74,5,31,7,10,38,,,9,16,6,10,,,,,1,1,1,1,2,1,0,1,23,5,5,5,5
Public Constructor,"org.apache.pdfbox.pdmodel.common.PDMetadata.PDMetadata(COSStream)",pdfbox/src/main/java/org/apache/pdfbox/pdmodel/common/PDMetadata.java,,,,,,,,,,,,,,,,,,,,,,,,,6,9,0,4,1,1,5,2,1,1,2,1,1,1,1,1,1,,,,,,0,,1,25,1,1,1,1
Public Constructor,"org.apache.pdfbox.pdmodel.common.PDMetadata.PDMetadata(PDDocument)",pdfbox/src/main/java/org/apache/pdfbox/pdmodel/common/PDMetadata.java,,,,,,,,,,,,,,,,,,,,,,,,,5,11,0,6,1,3,5,4,1,3,4,1,3,1,1,1,1,,,,,,0,,0,83,1,1,1,1
Public Constructor,"org.apache.pdfbox.pdmodel.common.PDMetadata.PDMetadata(PDDocument,InputStream)",pdfbox/src/main/java/org/apache/pdfbox/pdmodel/common/PDMetadata.java,,,,,,,,,,,,,,,,,,,,,,,,,4,14,0,6,1,3,8,4,1,3,4,1,3,1,1,1,1,,,,,,0,,1,33,1,1,1,1
Public Method,"org.apache.pdfbox.pdmodel.common.PDMetadata.exportXMPMetadata()",pdfbox/src/main/java/org/apache/pdfbox/pdmodel/common/PDMetadata.java,,,,,,,,,,,,,,,,,,,,,,,,,1,12,0,4,1,1,8,2,1,1,2,1,1,1,1,1,1,,,,,,0,,2,00,1,1,1,1
Public Method,"org.apache.pdfbox.pdmodel.common.PDMetadata.importXMPMetadata(byte[])",pdfbox/src/main/java/org/apache/pdfbox/pdmodel/common/PDMetadata.java,,,,,,,,,,,,,,,,,,,,,,,,,3,15,0,8,2,2,7,2,1,1,3,1,2,1,1,1,1,,,,,,1,,0,88,1,1,1,1
Public Abstract Generic Class,"org.apache.pdfbox.pdmodel.common.PDNameTreeNode",pdfbox/src/main/java/org/apache/pdfbox/pdmodel/common/PDNameTreeNode.java,2,2,2,1,19,0,14,5,2,19,5,,0,1,,,18,2,18,30,0,3,4,11,,362,20,234,54,118,108,,,96,136,57,105,,,,,5,5,9,5,1,4,53,0,46,39,39,46,21
Protected Constructor,"org.apache.pdfbox.pdmodel.common.PDNameTreeNode.PDNameTreeNode()",pdfbox/src/main/java/org/apache/pdfbox/pdmodel/common/PDNameTreeNode.java,,,,,,,,,,,,,,,,,,,,,,,,,4,7,0,4,1,1,3,3,1,1,2,1,1,1,1,1,1,,,,,,0,,0,75,1,1,1,1
Protected Constructor,"org.apache.pdfbox.pdmodel.common.PDNameTreeNode.PDNameTreeNode(COSDictionary)",pdfbox/src/main/java/org/apache/pdfbox/pdmodel/common/PDNameTreeNode.java,,,,,,,,,,,,,,,,,,,,,,,,,6,9,0,4,1,1,5,2,1,1,2,1,1,1,1,1,1,,,,,,0,,1,25,1,1,1,1
TypeVariable,"org.apache.pdfbox.pdmodel.common.PDNameTreeNode.T",pdfbox/src/main/java/org/apache/pdfbox/pdmodel/common/PDNameTreeNode.java,0,0,0,0,0,0,0,0,1,1,0,,0,0,,,0,0,0,0,0,0,0,0,,0,0,0,0,0,0,,,0,0,0,0,,,,,0,0,0,0,1,0,0,0,00,0,0,0,0
Private Method,"org.apache.pdfbox.pdmodel.common.PDNameTreeNode.calculateLimits()",pdfbox/src/main/java/org/apache/pdfbox/pdmodel/common/PDNameTreeNode.java,,,,,,,,,,,,,,,,,,,,,,,,,8,45,0,45,11,26,0,16,5,18,23,11,20,5,5,7,1,,,,,,4,,0,00,5,5,7,1
Protected Abstract Method,"org.apache.pdfbox.pdmodel.common.PDNameTreeNode.convertCOSToPD(COSBase)",pdfbox/src/main/java/org/apache/pdfbox/pdmodel/common/PDNameTreeNode.java,,,,,,,,,,,,,,,,,,,,,,,,,1,10,0,1,1,0,9,1,0,1,1,1,0,0,0,0,0,,,,,,0,,9,00,0,0,0,0
Protected Abstract Method,"org.apache.pdfbox.pdmodel.common.PDNameTreeNode.createChildNode(COSDictionary)",pdfbox/src/main/java/org/apache/pdfbox/pdmodel/common/PDNameTreeNode.java,,,,,,,,,,,,,,,,,,,,,,,,,1,7,0,1,1,0,6,1,0,1,1,1,0,0,0,0,0,,,,,,0,,6,00,0,0,0,0
Public Method,"org.apache.pdfbox.pdmodel.common.PDNameTreeNode.getCOSObject()",pdfbox/src/main/java/org/apache/pdfbox/pdmodel/common/PDNameTreeNode.java,,,,,,,,,,,,,,,,,,,,,,,,,1,10,0,5,2,1,5,1,1,1,2,1,1,1,1,1,1,,,,,,0,,1,00,1,1,1,1
Public Method,"org.apache.pdfbox.pdmodel.common.PDNameTreeNode.getKids()",pdfbox/src/main/java/org/apache/pdfbox/pdmodel/common/PDNameTreeNode.java,,,,,,,,,,,,,,,,,,,,,,,,,8,21,1,15,4,8,5,8,3,8,11,5,8,3,3,3,1,,,,,,2,,0,33,3,3,3,1
Public Method,"org.apache.pdfbox.pdmodel.common.PDNameTreeNode.getLowerLimit()",pdfbox/src/main/java/org/apache/pdfbox/pdmodel/common/PDNameTreeNode.java,,,,,,,,,,,,,,,,,,,,,,,,,5,15,0,10,3,5,5,3,2,4,6,3,4,2,2,2,1,,,,,,1,,0,50,2,2,2,1
Public Method,"org.apache.pdfbox.pdmodel.common.PDNameTreeNode.getNames()",pdfbox/src/main/java/org/apache/pdfbox/pdmodel/common/PDNameTreeNode.java,,,,,,,,,,,,,,,,,,,,,,,,,13,38,0,28,6,15,10,11,7,12,17,7,14,5,5,5,1,,,,,,3,,0,36,5,5,5,1
Public Method,"org.apache.pdfbox.pdmodel.common.PDNameTreeNode.getParent()",pdfbox/src/main/java/org/apache/pdfbox/pdmodel/common/PDNameTreeNode.java,,,,,,,,,,,,,,,,,,,,,,,,,1,9,0,4,1,1,5,1,1,1,2,1,1,1,1,1,1,,,,,,0,,1,25,1,1,1,1
Public Method,"org.apache.pdfbox.pdmodel.common.PDNameTreeNode.getUpperLimit()",pdfbox/src/main/java/org/apache/pdfbox/pdmodel/common/PDNameTreeNode.java,,,,,,,,,,,,,,,,,,,,,,,,,5,15,0,10,3,5,5,3,2,4,6,3,4,2,2,2,1,,,,,,1,,0,50,2,2,2,1
Public Method,"org.apache.pdfbox.pdmodel.common.PDNameTreeNode.getValue(String)",pdfbox/src/main/java/org/apache/pdfbox/pdmodel/common/PDNameTreeNode.java,,,,,,,,,,,,,,,,,,,,,,,,,3,36,0,29,6,16,7,10,5,11,16,7,14,5,5,9,5,,,,,,3,,0,24,5,5,9,5
Public Method,"org.apache.pdfbox.pdmodel.common.PDNameTreeNode.isRootNode()",pdfbox/src/main/java/org/apache/pdfbox/pdmodel/common/PDNameTreeNode.java,,,,,,,,,,,,,,,,,,,,,,,,,3,9,0,4,1,1,5,1,1,1,2,1,1,1,1,1,1,,,,,,0,,1,25,1,1,1,1
Public Method,"org.apache.pdfbox.pdmodel.common.PDNameTreeNode.setKids(List<? extends PDNameTreeNode<T>>)",pdfbox/src/main/java/org/apache/pdfbox/pdmodel/common/PDNameTreeNode.java,,,,,,,,,,,,,,,,,,,,,,,,,9,28,0,18,1,9,10,6,3,6,9,1,8,3,3,4,1,,,,,,2,,0,56,4,4,5,2
Lambda Method,"org.apache.pdfbox.pdmodel.common.PDNameTreeNode.setKids.(lambda_expr_1)(PDNameTreeNode (inferred))",pdfbox/src/main/java/org/apache/pdfbox/pdmodel/common/PDNameTreeNode.java,,,,,,,,,,,,,,,,,,,,,,,,,1,1,0,1,0,1,0,2,1,0,0,0,0,1,1,1,1,,,,,,0,,0,00,1,1,1,1
Private Method,"org.apache.pdfbox.pdmodel.common.PDNameTreeNode.setLowerLimit(String)",pdfbox/src/main/java/org/apache/pdfbox/pdmodel/common/PDNameTreeNode.java,,,,,,,,,,,,,,,,,,,,,,,,,4,17,0,12,2,7,5,5,2,6,8,2,7,2,2,2,1,,,,,,1,,0,42,2,2,2,1
Public Method,"org.apache.pdfbox.pdmodel.common.PDNameTreeNode.setNames(Map<String,T>)",pdfbox/src/main/java/org/apache/pdfbox/pdmodel/common/PDNameTreeNode.java,,,,,,,,,,,,,,,,,,,,,,,,,8,27,0,21,3,12,6,11,3,9,13,4,11,3,3,3,1,,,,,,2,,0,29,3,3,3,1
Public Method,"org.apache.pdfbox.pdmodel.common.PDNameTreeNode.setParent(PDNameTreeNode<T>)",pdfbox/src/main/java/org/apache/pdfbox/pdmodel/common/PDNameTreeNode.java,,,,,,,,,,,,,,,,,,,,,,,,,2,10,0,5,1,2,5,2,1,2,3,1,2,1,1,1,1,,,,,,0,,1,00,1,1,1,1
Private Method,"org.apache.pdfbox.pdmodel.common.PDNameTreeNode.setUpperLimit(String)",pdfbox/src/main/java/org/apache/pdfbox/pdmodel/common/PDNameTreeNode.java,,,,,,,,,,,,,,,,,,,,,,,,,4,17,0,12,2,7,5,5,2,6,8,2,7,2,2,2,1,,,,,,1,,0,42,2,2,2,1
Public Class,"org.apache.pdfbox.pdmodel.common.PDNumberTreeNode",pdfbox/src/main/java/org/apache/pdfbox/pdmodel/common/PDNumberTreeNode.java,2,2,3,1,21,0,14,6,2,21,0,,0,1,,,14,2,14,26,0,2,2,10,,322,16,211,46,110,95,,,89,127,49,98,,,,,6,6,7,4,1,3,46,0,45,38,38,43,17
Public Constructor,"org.apache.pdfbox.pdmodel.common.PDNumberTreeNode.PDNumberTreeNode(COSDictionary,Class<? extends COSObjectable>)",pdfbox/src/main/java/org/apache/pdfbox/pdmodel/common/PDNumberTreeNode.java,,,,,,,,,,,,,,,,,,,,,,,,,5,11,0,5,1,2,6,3,1,2,3,1,2,1,1,1,1,,,,,,0,,1,20,1,1,1,1
Public Constructor,"org.apache.pdfbox.pdmodel.common.PDNumberTreeNode.PDNumberTreeNode(Class<? extends COSObjectable>)",pdfbox/src/main/java/org/apache/pdfbox/pdmodel/common/PDNumberTreeNode.java,,,,,,,,,,,,,,,,,,,,,,,,,3,10,0,5,1,2,5,4,1,2,3,1,2,1,1,1,1,,,,,,0,,1,00,1,1,1,1
Protected Method,"org.apache.pdfbox.pdmodel.common.PDNumberTreeNode.convertCOSToPD(COSBase)",pdfbox/src/main/java/org/apache/pdfbox/pdmodel/common/PDNumberTreeNode.java,,,,,,,,,,,,,,,,,,,,,,,,,4,21,0,11,1,4,10,6,2,2,4,1,3,2,2,2,1,,,,,,1,,0,91,2,2,2,1
Protected Method,"org.apache.pdfbox.pdmodel.common.PDNumberTreeNode.createChildNode(COSDictionary)",pdfbox/src/main/java/org/apache/pdfbox/pdmodel/common/PDNumberTreeNode.java,,,,,,,,,,,,,,,,,,,,,,,,,3,10,0,4,1,1,6,2,1,1,2,1,1,1,1,1,1,,,,,,0,,1,50,1,1,1,1
Public Method,"org.apache.pdfbox.pdmodel.common.PDNumberTreeNode.getCOSObject()",pdfbox/src/main/java/org/apache/pdfbox/pdmodel/common/PDNumberTreeNode.java,,,,,,,,,,,,,,,,,,,,,,,,,2,10,0,5,2,1,5,1,1,1,2,1,1,1,1,1,1,,,,,,0,,1,00,1,1,1,1
Public Method,"org.apache.pdfbox.pdmodel.common.PDNumberTreeNode.getKids()",pdfbox/src/main/java/org/apache/pdfbox/pdmodel/common/PDNumberTreeNode.java,,,,,,,,,,,,,,,,,,,,,,,,,6,21,1,15,4,8,5,8,3,8,11,5,8,3,3,3,1,,,,,,2,,0,33,3,3,3,1
Public Method,"org.apache.pdfbox.pdmodel.common.PDNumberTreeNode.getLowerLimit()",pdfbox/src/main/java/org/apache/pdfbox/pdmodel/common/PDNumberTreeNode.java,,,,,,,,,,,,,,,,,,,,,,,,,5,15,0,10,3,5,5,4,2,4,6,3,4,2,2,3,1,,,,,,1,,0,50,2,2,3,1
Public Method,"org.apache.pdfbox.pdmodel.common.PDNumberTreeNode.getNumbers()",pdfbox/src/main/java/org/apache/pdfbox/pdmodel/common/PDNumberTreeNode.java,,,,,,,,,,,,,,,,,,,,,,,,,6,35,0,27,6,16,8,11,7,14,19,7,15,6,6,6,4,,,,,,3,,0,30,6,6,6,4
Public Method,"org.apache.pdfbox.pdmodel.common.PDNumberTreeNode.getUpperLimit()",pdfbox/src/main/java/org/apache/pdfbox/pdmodel/common/PDNumberTreeNode.java,,,,,,,,,,,,,,,,,,,,,,,,,5,15,0,10,3,5,5,4,2,4,6,3,4,2,2,3,1,,,,,,1,,0,50,2,2,3,1
Public Method,"org.apache.pdfbox.pdmodel.common.PDNumberTreeNode.getValue(Integer)",pdfbox/src/main/java/org/apache/pdfbox/pdmodel/common/PDNumberTreeNode.java,,,,,,,,,,,,,,,,,,,,,,,,,4,36,0,27,5,14,9,10,5,10,15,6,12,5,5,7,1,,,,,,3,,0,33,5,5,7,1
Public Method,"org.apache.pdfbox.pdmodel.common.PDNumberTreeNode.setKids(List<? extends PDNumberTreeNode>)",pdfbox/src/main/java/org/apache/pdfbox/pdmodel/common/PDNumberTreeNode.java,,,,,,,,,,,,,,,,,,,,,,,,,9,26,0,18,5,11,8,10,3,9,12,5,11,3,3,4,1,,,,,,1,,0,44,3,3,4,1
Private Method,"org.apache.pdfbox.pdmodel.common.PDNumberTreeNode.setLowerLimit(Integer)",pdfbox/src/main/java/org/apache/pdfbox/pdmodel/common/PDNumberTreeNode.java,,,,,,,,,,,,,,,,,,,,,,,,,5,24,0,19,2,10,5,6,4,7,10,2,9,3,3,3,1,,,,,,1,,0,26,3,3,3,1
Public Method,"org.apache.pdfbox.pdmodel.common.PDNumberTreeNode.setNumbers(Map<Integer,? extends COSObjectable>)",pdfbox/src/main/java/org/apache/pdfbox/pdmodel/common/PDNumberTreeNode.java,,,,,,,,,,,,,,,,,,,,,,,,,10,36,0,30,6,19,6,15,5,15,20,7,16,5,5,5,1,,,,,,2,,0,20,5,5,5,1
Private Method,"org.apache.pdfbox.pdmodel.common.PDNumberTreeNode.setUpperLimit(Integer)",pdfbox/src/main/java/org/apache/pdfbox/pdmodel/common/PDNumberTreeNode.java,,,,,,,,,,,,,,,,,,,,,,,,,5,24,0,19,2,10,5,6,4,7,10,2,9,3,3,3,1,,,,,,1,,0,26,3,3,3,1
Public Class,"org.apache.pdfbox.pdmodel.common.PDObjectStream",pdfbox/src/main/java/org/apache/pdfbox/pdmodel/common/PDObjectStream.java,1,1,1,1,9,0,4,5,1,6,0,,1,0,,,8,0,9,51,0,0,0,9,,106,9,43,13,13,54,,,13,23,13,13,,,,,2,2,2,1,2,0,0,1,26,10,10,10,9
Public Constructor,"org.apache.pdfbox.pdmodel.common.PDObjectStream.PDObjectStream(COSStream)",pdfbox/src/main/java/org/apache/pdfbox/pdmodel/common/PDObjectStream.java,,,,,,,,,,,,,,,,,,,,,,,,,3,9,0,4,1,1,5,2,1,1,2,1,1,1,1,1,1,,,,,,0,,1,25,1,1,1,1
Public Static Method,"org.apache.pdfbox.pdmodel.common.PDObjectStream.createStream(PDDocument)",pdfbox/src/main/java/org/apache/pdfbox/pdmodel/common/PDObjectStream.java,,,,,,,,,,,,,,,,,,,,,,,,,3,13,0,7,3,4,6,6,1,4,5,3,4,1,1,1,1,,,,,,0,,0,86,1,1,1,1
Public Method,"org.apache.pdfbox.pdmodel.common.PDObjectStream.getExtends()",pdfbox/src/main/java/org/apache/pdfbox/pdmodel/common/PDObjectStream.java,,,,,,,,,,,,,,,,,,,,,,,,,1,11,0,5,2,2,6,4,1,2,3,2,2,2,2,2,1,,,,,,0,,1,20,2,2,2,1
Public Method,"org.apache.pdfbox.pdmodel.common.PDObjectStream.getFirstByteOffset()",pdfbox/src/main/java/org/apache/pdfbox/pdmodel/common/PDObjectStream.java,,,,,,,,,,,,,,,,,,,,,,,,,1,9,0,4,1,1,5,3,1,1,2,1,1,1,1,1,1,,,,,,0,,1,25,1,1,1,1
Public Method,"org.apache.pdfbox.pdmodel.common.PDObjectStream.getNumberOfObjects()",pdfbox/src/main/java/org/apache/pdfbox/pdmodel/common/PDObjectStream.java,,,,,,,,,,,,,,,,,,,,,,,,,1,9,0,4,1,1,5,3,1,1,2,1,1,1,1,1,1,,,,,,0,,1,25,1,1,1,1
Public Method,"org.apache.pdfbox.pdmodel.common.PDObjectStream.getType()",pdfbox/src/main/java/org/apache/pdfbox/pdmodel/common/PDObjectStream.java,,,,,,,,,,,,,,,,,,,,,,,,,1,9,0,4,1,1,5,3,1,1,2,1,1,1,1,1,1,,,,,,0,,1,25,1,1,1,1
Public Method,"org.apache.pdfbox.pdmodel.common.PDObjectStream.setExtends(PDObjectStream)",pdfbox/src/main/java/org/apache/pdfbox/pdmodel/common/PDObjectStream.java,,,,,,,,,,,,,,,,,,,,,,,,,2,10,0,4,1,1,6,2,1,1,2,1,1,1,1,1,1,,,,,,0,,1,50,1,1,1,1
Public Method,"org.apache.pdfbox.pdmodel.common.PDObjectStream.setFirstByteOffset(int)",pdfbox/src/main/java/org/apache/pdfbox/pdmodel/common/PDObjectStream.java,,,,,,,,,,,,,,,,,,,,,,,,,2,9,0,4,1,1,5,2,1,1,2,1,1,1,1,1,1,,,,,,0,,1,25,1,1,1,1
Public Method,"org.apache.pdfbox.pdmodel.common.PDObjectStream.setNumberOfObjects(int)",pdfbox/src/main/java/org/apache/pdfbox/pdmodel/common/PDObjectStream.java,,,,,,,,,,,,,,,,,,,,,,,,,2,9,0,4,1,1,5,2,1,1,2,1,1,1,1,1,1,,,,,,0,,1,25,1,1,1,1
Public Class,"org.apache.pdfbox.pdmodel.common.PDPageLabelRange",pdfbox/src/main/java/org/apache/pdfbox/pdmodel/common/PDPageLabelRange.java,1,1,1,1,12,0,6,5,2,5,0,,0,8,,,9,1,9,21,0,0,0,9,,164,17,68,20,26,79,,,21,34,19,15,,,,,2,2,2,1,1,1,11,1,16,12,12,12,9
Public Constructor,"org.apache.pdfbox.pdmodel.common.PDPageLabelRange.PDPageLabelRange()",pdfbox/src/main/java/org/apache/pdfbox/pdmodel/common/PDPageLabelRange.java,,,,,,,,,,,,,,,,,,,,,,,,,2,7,0,4,1,1,3,3,1,1,2,1,1,1,1,1,1,,,,,,0,,0,75,1,1,1,1
Public Constructor,"org.apache.pdfbox.pdmodel.common.PDPageLabelRange.PDPageLabelRange(COSDictionary)",pdfbox/src/main/java/org/apache/pdfbox/pdmodel/common/PDPageLabelRange.java,,,,,,,,,,,,,,,,,,,,,,,,,2,10,0,4,1,1,6,2,1,1,2,1,1,1,1,1,1,,,,,,0,,1,50,1,1,1,1
Public Method,"org.apache.pdfbox.pdmodel.common.PDPageLabelRange.getCOSObject()",pdfbox/src/main/java/org/apache/pdfbox/pdmodel/common/PDPageLabelRange.java,,,,,,,,,,,,,,,,,,,,,,,,,1,10,0,5,2,1,5,1,1,1,2,1,1,1,1,1,1,,,,,,0,,1,00,1,1,1,1
Public Method,"org.apache.pdfbox.pdmodel.common.PDPageLabelRange.getPrefix()",pdfbox/src/main/java/org/apache/pdfbox/pdmodel/common/PDPageLabelRange.java,,,,,,,,,,,,,,,,,,,,,,,,,3,10,0,4,1,1,6,2,1,1,2,1,1,1,1,1,1,,,,,,0,,1,50,1,1,1,1
Public Method,"org.apache.pdfbox.pdmodel.common.PDPageLabelRange.getStart()",pdfbox/src/main/java/org/apache/pdfbox/pdmodel/common/PDPageLabelRange.java,,,,,,,,,,,,,,,,,,,,,,,,,3,9,0,4,1,1,5,2,1,1,2,1,1,1,1,1,1,,,,,,0,,1,25,1,1,1,1
Public Method,"org.apache.pdfbox.pdmodel.common.PDPageLabelRange.getStyle()",pdfbox/src/main/java/org/apache/pdfbox/pdmodel/common/PDPageLabelRange.java,,,,,,,,,,,,,,,,,,,,,,,,,3,9,0,4,1,1,5,2,1,1,2,1,1,1,1,1,1,,,,,,0,,1,25,1,1,1,1
Public Method,"org.apache.pdfbox.pdmodel.common.PDPageLabelRange.setPrefix(String)",pdfbox/src/main/java/org/apache/pdfbox/pdmodel/common/PDPageLabelRange.java,,,,,,,,,,,,,,,,,,,,,,,,,4,18,0,11,1,4,7,2,2,2,4,1,3,2,2,2,1,,,,,,1,,0,64,2,2,2,1
Public Method,"org.apache.pdfbox.pdmodel.common.PDPageLabelRange.setStart(int)",pdfbox/src/main/java/org/apache/pdfbox/pdmodel/common/PDPageLabelRange.java,,,,,,,,,,,,,,,,,,,,,,,,,4,17,0,9,1,4,8,2,2,2,4,1,3,2,2,2,1,,,,,,1,,0,89,2,2,2,1
Public Method,"org.apache.pdfbox.pdmodel.common.PDPageLabelRange.setStyle(String)",pdfbox/src/main/java/org/apache/pdfbox/pdmodel/common/PDPageLabelRange.java,,,,,,,,,,,,,,,,,,,,,,,,,5,18,0,11,1,4,7,2,2,2,4,1,3,2,2,2,1,,,,,,1,,0,64,2,2,2,1
Public Class,"org.apache.pdfbox.pdmodel.common.PDPageLabels",pdfbox/src/main/java/org/apache/pdfbox/pdmodel/common/PDPageLabels.java,1,1,1,1,20,0,11,8,2,25,0,,0,0,,,11,2,11,23,0,2,0,9,,387,24,238,62,118,125,,,93,135,57,101,,,,,5,5,5,1,1,3,54,0,53,26,26,26,15
Private Static Class,"org.apache.pdfbox.pdmodel.common.PDPageLabels.LabelGenerator",pdfbox/src/main/java/org/apache/pdfbox/pdmodel/common/PDPageLabels.java,2,2,3,1,15,0,13,2,2,7,0,,2,1,,,5,3,7,19,1,3,0,3,,134,8,102,25,53,24,,,42,59,23,44,,,,,7,5,7,7,1,2,66,0,24,20,16,21,13
Constructor,"org.apache.pdfbox.pdmodel.common.PDPageLabels.LabelGenerator.LabelGenerator(PDPageLabelRange,int)",pdfbox/src/main/java/org/apache/pdfbox/pdmodel/common/PDPageLabels.java,,,,,,,,,,,,,,,,,,,,,,,,,3,6,0,6,1,3,0,4,1,3,4,1,3,1,1,1,1,,,,,,0,,0,00,1,1,1,1
Private Method,"org.apache.pdfbox.pdmodel.common.PDPageLabels.LabelGenerator.getNumber(int,String)",pdfbox/src/main/java/org/apache/pdfbox/pdmodel/common/PDPageLabels.java,,,,,,,,,,,,,,,,,,,,,,,,,8,23,0,22,1,15,1,5,7,7,10,1,9,7,3,7,7,,,,,,2,,0,05,7,3,7,7
Public Method,"org.apache.pdfbox.pdmodel.common.PDPageLabels.LabelGenerator.hasNext()",pdfbox/src/main/java/org/apache/pdfbox/pdmodel/common/PDPageLabels.java,,,,,,,,,,,,,,,,,,,,,,,,,4,5,0,5,2,1,0,1,1,1,2,1,1,1,1,1,1,,,,,,0,,0,00,1,1,1,1
Private Static Method,"org.apache.pdfbox.pdmodel.common.PDPageLabels.LabelGenerator.makeLetterLabel(int)",pdfbox/src/main/java/org/apache/pdfbox/pdmodel/common/PDPageLabels.java,,,,,,,,,,,,,,,,,,,,,,,,,2,15,0,11,4,6,4,5,2,7,9,5,7,2,2,2,1,,,,,,1,,0,36,2,2,2,1
Private Static Method,"org.apache.pdfbox.pdmodel.common.PDPageLabels.LabelGenerator.makeRomanLabel(int)",pdfbox/src/main/java/org/apache/pdfbox/pdmodel/common/PDPageLabels.java,,,,,,,,,,,,,,,,,,,,,,,,,3,23,0,16,3,9,7,5,4,9,12,4,9,3,3,4,1,,,,,,1,,0,44,3,3,4,1
Public Method,"org.apache.pdfbox.pdmodel.common.PDPageLabels.LabelGenerator.next()",pdfbox/src/main/java/org/apache/pdfbox/pdmodel/common/PDPageLabels.java,,,,,,,,,,,,,,,,,,,,,,,,,3,28,0,26,6,14,2,13,12,10,15,5,14,5,5,5,1,,,,,,2,,0,08,5,5,5,1
Public Method,"org.apache.pdfbox.pdmodel.common.PDPageLabels.LabelGenerator.remove()",pdfbox/src/main/java/org/apache/pdfbox/pdmodel/common/PDPageLabels.java,,,,,,,,,,,,,,,,,,,,,,,,,0,6,0,5,2,1,1,1,1,1,2,1,1,1,1,1,1,,,,,,0,,0,20,1,1,1,1
Private Interface,"org.apache.pdfbox.pdmodel.common.PDPageLabels.LabelHandler",pdfbox/src/main/java/org/apache/pdfbox/pdmodel/common/PDPageLabels.java,0,0,0,0,0,0,0,0,0,1,0,,0,0,,,1,0,1,1,1,0,0,0,,4,0,4,2,0,0,,,1,2,2,0,,,,,0,0,0,0,0,0,0,0,00,0,0,0,0
Abstract Method,"org.apache.pdfbox.pdmodel.common.PDPageLabels.LabelHandler.newLabel(int,String)",pdfbox/src/main/java/org/apache/pdfbox/pdmodel/common/PDPageLabels.java,,,,,,,,,,,,,,,,,,,,,,,,,1,1,0,1,1,0,0,0,0,1,1,1,0,0,0,0,0,,,,,,0,,0,00,0,0,0,0
Public Constructor,"org.apache.pdfbox.pdmodel.common.PDPageLabels.PDPageLabels(PDDocument)",pdfbox/src/main/java/org/apache/pdfbox/pdmodel/common/PDPageLabels.java,,,,,,,,,,,,,,,,,,,,,,,,,5,21,0,8,2,5,13,7,1,5,6,2,5,1,1,1,1,,,,,,0,,1,62,1,1,1,1
Public Constructor,"org.apache.pdfbox.pdmodel.common.PDPageLabels.PDPageLabels(PDDocument,COSDictionary)",pdfbox/src/main/java/org/apache/pdfbox/pdmodel/common/PDPageLabels.java,,,,,,,,,,,,,,,,,,,,,,,,,3,28,0,10,2,5,18,4,2,4,6,2,5,2,2,2,1,,,,,,1,,1,80,2,2,2,1
Private Method,"org.apache.pdfbox.pdmodel.common.PDPageLabels.computeLabels(LabelHandler,int)",pdfbox/src/main/java/org/apache/pdfbox/pdmodel/common/PDPageLabels.java,,,,,,,,,,,,,,,,,,,,,,,,,5,36,0,31,11,19,5,10,7,13,18,8,16,5,5,5,1,,,,,,2,,0,16,5,5,5,1
Private Method,"org.apache.pdfbox.pdmodel.common.PDPageLabels.findLabels(PDNumberTreeNode)",pdfbox/src/main/java/org/apache/pdfbox/pdmodel/common/PDPageLabels.java,,,,,,,,,,,,,,,,,,,,,,,,,3,25,0,25,3,11,0,3,4,5,11,4,9,4,4,4,1,,,,,,3,,0,00,6,6,6,2
Lambda Method,"org.apache.pdfbox.pdmodel.common.PDPageLabels.findLabels.(lambda_expr_1)(Integer (inferred),COSObjectable (inferred))",pdfbox/src/main/java/org/apache/pdfbox/pdmodel/common/PDPageLabels.java,,,,,,,,,,,,,,,,,,,,,,,,,3,7,0,7,0,3,0,2,2,1,2,0,2,2,2,2,1,,,,,,0,,0,00,2,2,2,1
Public Method,"org.apache.pdfbox.pdmodel.common.PDPageLabels.getCOSObject()",pdfbox/src/main/java/org/apache/pdfbox/pdmodel/common/PDPageLabels.java,,,,,,,,,,,,,,,,,,,,,,,,,3,16,0,13,4,8,3,5,1,7,8,3,7,1,1,1,1,,,,,,0,,0,23,2,2,2,2
Lambda Method,"org.apache.pdfbox.pdmodel.common.PDPageLabels.getCOSObject.(lambda_expr_1)(Integer (inferred),PDPageLabelRange (inferred))",pdfbox/src/main/java/org/apache/pdfbox/pdmodel/common/PDPageLabels.java,,,,,,,,,,,,,,,,,,,,,,,,,2,5,0,5,0,3,0,4,1,2,2,0,2,1,1,1,1,,,,,,0,,0,00,1,1,1,1
Public Method,"org.apache.pdfbox.pdmodel.common.PDPageLabels.getLabelsByPageIndices()",pdfbox/src/main/java/org/apache/pdfbox/pdmodel/common/PDPageLabels.java,,,,,,,,,,,,,,,,,,,,,,,,,5,20,0,13,3,7,7,3,1,5,7,3,5,1,1,1,1,,,,,,1,,0,54,3,3,3,2
Lambda Method,"org.apache.pdfbox.pdmodel.common.PDPageLabels.getLabelsByPageIndices.(lambda_expr_1)(int (inferred),String (inferred))",pdfbox/src/main/java/org/apache/pdfbox/pdmodel/common/PDPageLabels.java,,,,,,,,,,,,,,,,,,,,,,,,,2,7,0,7,0,3,0,1,2,1,2,0,2,2,2,2,1,,,,,,0,,0,00,2,2,2,1
Public Method,"org.apache.pdfbox.pdmodel.common.PDPageLabels.getPageIndices()",pdfbox/src/main/java/org/apache/pdfbox/pdmodel/common/PDPageLabels.java,,,,,,,,,,,,,,,,,,,,,,,,,1,9,0,4,1,1,5,3,1,1,2,1,1,1,1,1,1,,,,,,0,,1,25,1,1,1,1
Public Method,"org.apache.pdfbox.pdmodel.common.PDPageLabels.getPageIndicesByLabels()",pdfbox/src/main/java/org/apache/pdfbox/pdmodel/common/PDPageLabels.java,,,,,,,,,,,,,,,,,,,,,,,,,2,21,0,7,3,4,14,4,1,4,5,3,4,1,1,1,1,,,,,,0,,2,00,2,2,2,2
Lambda Method,"org.apache.pdfbox.pdmodel.common.PDPageLabels.getPageIndicesByLabels.(lambda_expr_1)(int (inferred),String (inferred))",pdfbox/src/main/java/org/apache/pdfbox/pdmodel/common/PDPageLabels.java,,,,,,,,,,,,,,,,,,,,,,,,,2,1,0,1,0,1,0,2,1,0,0,0,0,1,1,1,1,,,,,,0,,0,00,1,1,1,1
Public Method,"org.apache.pdfbox.pdmodel.common.PDPageLabels.getPageLabelRange(int)",pdfbox/src/main/java/org/apache/pdfbox/pdmodel/common/PDPageLabels.java,,,,,,,,,,,,,,,,,,,,,,,,,2,14,0,4,1,1,10,2,1,1,2,1,1,1,1,1,1,,,,,,0,,2,50,1,1,1,1
Public Method,"org.apache.pdfbox.pdmodel.common.PDPageLabels.getPageRangeCount()",pdfbox/src/main/java/org/apache/pdfbox/pdmodel/common/PDPageLabels.java,,,,,,,,,,,,,,,,,,,,,,,,,1,15,0,4,1,1,11,2,1,1,2,1,1,1,1,1,1,,,,,,0,,2,75,1,1,1,1
Public Method,"org.apache.pdfbox.pdmodel.common.PDPageLabels.setLabelItem(int,PDPageLabelRange)",pdfbox/src/main/java/org/apache/pdfbox/pdmodel/common/PDPageLabels.java,,,,,,,,,,,,,,,,,,,,,,,,,4,18,0,8,1,3,10,2,2,2,4,1,3,2,2,2,1,,,,,,1,,1,25,2,2,2,1
Public Class,"org.apache.pdfbox.pdmodel.common.PDRange",pdfbox/src/main/java/org/apache/pdfbox/pdmodel/common/PDRange.java,1,1,1,1,9,0,4,5,2,6,0,,0,0,,,10,2,10,22,0,0,0,10,,119,11,53,17,16,55,,,18,29,15,16,,,,,1,1,1,1,1,0,25,1,04,10,10,10,10
Public Constructor,"org.apache.pdfbox.pdmodel.common.PDRange.PDRange()",pdfbox/src/main/java/org/apache/pdfbox/pdmodel/common/PDRange.java,,,,,,,,,,,,,,,,,,,,,,,,,4,10,0,7,1,4,3,6,1,4,5,1,4,1,1,1,1,,,,,,0,,0,43,1,1,1,1
Public Constructor,"org.apache.pdfbox.pdmodel.common.PDRange.PDRange(COSArray)",pdfbox/src/main/java/org/apache/pdfbox/pdmodel/common/PDRange.java,,,,,,,,,,,,,,,,,,,,,,,,,2,9,0,4,1,1,5,2,1,1,2,1,1,1,1,1,1,,,,,,0,,1,25,1,1,1,1
Public Constructor,"org.apache.pdfbox.pdmodel.common.PDRange.PDRange(COSArray,int)",pdfbox/src/main/java/org/apache/pdfbox/pdmodel/common/PDRange.java,,,,,,,,,,,,,,,,,,,,,,,,,11,14,0,5,1,2,9,3,1,2,3,1,2,1,1,1,1,,,,,,0,,1,80,1,1,1,1
Public Method,"org.apache.pdfbox.pdmodel.common.PDRange.getCOSArray()",pdfbox/src/main/java/org/apache/pdfbox/pdmodel/common/PDRange.java,,,,,,,,,,,,,,,,,,,,,,,,,1,9,0,4,1,1,5,1,1,1,2,1,1,1,1,1,1,,,,,,0,,1,25,1,1,1,1
Public Method,"org.apache.pdfbox.pdmodel.common.PDRange.getCOSObject()",pdfbox/src/main/java/org/apache/pdfbox/pdmodel/common/PDRange.java,,,,,,,,,,,,,,,,,,,,,,,,,1,10,0,5,2,1,5,1,1,1,2,1,1,1,1,1,1,,,,,,0,,1,00,1,1,1,1
Public Method,"org.apache.pdfbox.pdmodel.common.PDRange.getMax()",pdfbox/src/main/java/org/apache/pdfbox/pdmodel/common/PDRange.java,,,,,,,,,,,,,,,,,,,,,,,,,16,10,0,5,2,2,5,3,1,2,3,2,2,1,1,1,1,,,,,,0,,1,00,1,1,1,1
Public Method,"org.apache.pdfbox.pdmodel.common.PDRange.getMin()",pdfbox/src/main/java/org/apache/pdfbox/pdmodel/common/PDRange.java,,,,,,,,,,,,,,,,,,,,,,,,,18,10,0,5,2,2,5,3,1,2,3,2,2,1,1,1,1,,,,,,0,,1,00,1,1,1,1
Public Method,"org.apache.pdfbox.pdmodel.common.PDRange.setMax(float)",pdfbox/src/main/java/org/apache/pdfbox/pdmodel/common/PDRange.java,,,,,,,,,,,,,,,,,,,,,,,,,5,9,0,4,1,1,5,2,1,1,2,1,1,1,1,1,1,,,,,,0,,1,25,1,1,1,1
Public Method,"org.apache.pdfbox.pdmodel.common.PDRange.setMin(float)",pdfbox/src/main/java/org/apache/pdfbox/pdmodel/common/PDRange.java,,,,,,,,,,,,,,,,,,,,,,,,,5,9,0,4,1,1,5,2,1,1,2,1,1,1,1,1,1,,,,,,0,,1,25,1,1,1,1
Public Method,"org.apache.pdfbox.pdmodel.common.PDRange.toString()",pdfbox/src/main/java/org/apache/pdfbox/pdmodel/common/PDRange.java,,,,,,,,,,,,,,,,,,,,,,,,,0,8,0,5,2,1,3,3,1,1,2,1,1,1,1,1,1,,,,,,0,,0,60,1,1,1,1
Public Class,"org.apache.pdfbox.pdmodel.common.PDRectangle",pdfbox/src/main/java/org/apache/pdfbox/pdmodel/common/PDRectangle.java,1,1,1,1,11,0,6,5,2,16,1,,0,11,,,22,1,22,34,0,0,0,22,,331,33,162,68,81,137,,,78,101,55,75,,,,,1,1,4,1,1,0,40,0,85,22,22,25,22
Public Constructor,"org.apache.pdfbox.pdmodel.common.PDRectangle.PDRectangle()",pdfbox/src/main/java/org/apache/pdfbox/pdmodel/common/PDRectangle.java,,,,,,,,,,,,,,,,,,,,,,,,,15,9,0,4,1,1,5,2,1,1,2,1,1,1,1,1,1,,,,,,0,,1,25,1,1,1,1
Public Constructor,"org.apache.pdfbox.pdmodel.common.PDRectangle.PDRectangle(BoundingBox)",pdfbox/src/main/java/org/apache/pdfbox/pdmodel/common/PDRectangle.java,,,,,,,,,,,,,,,,,,,,,,,,,5,13,0,8,1,5,5,9,1,5,6,1,5,1,1,1,1,,,,,,0,,0,62,1,1,1,1
Public Constructor,"org.apache.pdfbox.pdmodel.common.PDRectangle.PDRectangle(COSArray)",pdfbox/src/main/java/org/apache/pdfbox/pdmodel/common/PDRectangle.java,,,,,,,,,,,,,,,,,,,,,,,,,29,15,0,9,2,6,6,9,1,6,7,2,6,1,1,1,1,,,,,,0,,0,67,1,1,1,1
Public Constructor,"org.apache.pdfbox.pdmodel.common.PDRectangle.PDRectangle(float,float)",pdfbox/src/main/java/org/apache/pdfbox/pdmodel/common/PDRectangle.java,,,,,,,,,,,,,,,,,,,,,,,,,19,10,0,4,1,1,6,2,1,1,2,1,1,1,1,1,1,,,,,,0,,1,50,1,1,1,1
Public Constructor,"org.apache.pdfbox.pdmodel.common.PDRectangle.PDRectangle(float,float,float,float)",pdfbox/src/main/java/org/apache/pdfbox/pdmodel/common/PDRectangle.java,,,,,,,,,,,,,,,,,,,,,,,,,35,16,0,8,1,5,8,5,1,5,6,1,5,1,1,1,1,,,,,,0,,1,00,1,1,1,1
Public Method,"org.apache.pdfbox.pdmodel.common.PDRectangle.contains(float,float)",pdfbox/src/main/java/org/apache/pdfbox/pdmodel/common/PDRectangle.java,,,,,,,,,,,,,,,,,,,,,,,,,5,15,0,9,5,6,6,5,1,5,6,5,5,1,1,4,1,,,,,,0,,0,67,1,1,4,1
Public Method,"org.apache.pdfbox.pdmodel.common.PDRectangle.createRetranslatedRectangle()",pdfbox/src/main/java/org/apache/pdfbox/pdmodel/common/PDRectangle.java,,,,,,,,,,,,,,,,,,,,,,,,,2,16,0,7,2,4,9,6,1,4,5,2,4,1,1,1,1,,,,,,0,,1,29,1,1,1,1
Public Method,"org.apache.pdfbox.pdmodel.common.PDRectangle.getCOSArray()",pdfbox/src/main/java/org/apache/pdfbox/pdmodel/common/PDRectangle.java,,,,,,,,,,,,,,,,,,,,,,,,,11,9,0,4,1,1,5,1,1,1,2,1,1,1,1,1,1,,,,,,0,,1,25,1,1,1,1
Public Method,"org.apache.pdfbox.pdmodel.common.PDRectangle.getCOSObject()",pdfbox/src/main/java/org/apache/pdfbox/pdmodel/common/PDRectangle.java,,,,,,,,,,,,,,,,,,,,,,,,,2,10,0,5,2,1,5,1,1,1,2,1,1,1,1,1,1,,,,,,0,,1,00,1,1,1,1
Public Method,"org.apache.pdfbox.pdmodel.common.PDRectangle.getHeight()",pdfbox/src/main/java/org/apache/pdfbox/pdmodel/common/PDRectangle.java,,,,,,,,,,,,,,,,,,,,,,,,,78,10,0,4,1,1,6,3,1,1,2,1,1,1,1,1,1,,,,,,0,,1,50,1,1,1,1
Public Method,"org.apache.pdfbox.pdmodel.common.PDRectangle.getLowerLeftX()",pdfbox/src/main/java/org/apache/pdfbox/pdmodel/common/PDRectangle.java,,,,,,,,,,,,,,,,,,,,,,,,,75,9,0,4,1,1,5,3,1,1,2,1,1,1,1,1,1,,,,,,0,,1,25,1,1,1,1
Public Method,"org.apache.pdfbox.pdmodel.common.PDRectangle.getLowerLeftY()",pdfbox/src/main/java/org/apache/pdfbox/pdmodel/common/PDRectangle.java,,,,,,,,,,,,,,,,,,,,,,,,,66,9,0,4,1,1,5,3,1,1,2,1,1,1,1,1,1,,,,,,0,,1,25,1,1,1,1
Public Method,"org.apache.pdfbox.pdmodel.common.PDRectangle.getUpperRightX()",pdfbox/src/main/java/org/apache/pdfbox/pdmodel/common/PDRectangle.java,,,,,,,,,,,,,,,,,,,,,,,,,39,9,0,4,1,1,5,3,1,1,2,1,1,1,1,1,1,,,,,,0,,1,25,1,1,1,1
Public Method,"org.apache.pdfbox.pdmodel.common.PDRectangle.getUpperRightY()",pdfbox/src/main/java/org/apache/pdfbox/pdmodel/common/PDRectangle.java,,,,,,,,,,,,,,,,,,,,,,,,,49,9,0,4,1,1,5,3,1,1,2,1,1,1,1,1,1,,,,,,0,,1,25,1,1,1,1
Public Method,"org.apache.pdfbox.pdmodel.common.PDRectangle.getWidth()",pdfbox/src/main/java/org/apache/pdfbox/pdmodel/common/PDRectangle.java,,,,,,,,,,,,,,,,,,,,,,,,,75,10,0,4,1,1,6,3,1,1,2,1,1,1,1,1,1,,,,,,0,,1,50,1,1,1,1
Public Method,"org.apache.pdfbox.pdmodel.common.PDRectangle.setLowerLeftX(float)",pdfbox/src/main/java/org/apache/pdfbox/pdmodel/common/PDRectangle.java,,,,,,,,,,,,,,,,,,,,,,,,,32,9,0,4,1,1,5,2,1,1,2,1,1,1,1,1,1,,,,,,0,,1,25,1,1,1,1
Public Method,"org.apache.pdfbox.pdmodel.common.PDRectangle.setLowerLeftY(float)",pdfbox/src/main/java/org/apache/pdfbox/pdmodel/common/PDRectangle.java,,,,,,,,,,,,,,,,,,,,,,,,,34,9,0,4,1,1,5,2,1,1,2,1,1,1,1,1,1,,,,,,0,,1,25,1,1,1,1
Public Method,"org.apache.pdfbox.pdmodel.common.PDRectangle.setUpperRightX(float)",pdfbox/src/main/java/org/apache/pdfbox/pdmodel/common/PDRectangle.java,,,,,,,,,,,,,,,,,,,,,,,,,35,9,0,4,1,1,5,2,1,1,2,1,1,1,1,1,1,,,,,,0,,1,25,1,1,1,1
Public Method,"org.apache.pdfbox.pdmodel.common.PDRectangle.setUpperRightY(float)",pdfbox/src/main/java/org/apache/pdfbox/pdmodel/common/PDRectangle.java,,,,,,,,,,,,,,,,,,,,,,,,,33,9,0,4,1,1,5,2,1,1,2,1,1,1,1,1,1,,,,,,0,,1,25,1,1,1,1
Public Method,"org.apache.pdfbox.pdmodel.common.PDRectangle.toGeneralPath()",pdfbox/src/main/java/org/apache/pdfbox/pdmodel/common/PDRectangle.java,,,,,,,,,,,,,,,,,,,,,,,,,7,18,0,14,6,11,4,9,1,11,12,6,11,1,1,1,1,,,,,,0,,0,29,1,1,1,1
Public Method,"org.apache.pdfbox.pdmodel.common.PDRectangle.toString()",pdfbox/src/main/java/org/apache/pdfbox/pdmodel/common/PDRectangle.java,,,,,,,,,,,,,,,,,,,,,,,,,0,11,0,6,2,2,5,5,1,1,2,1,1,1,1,1,1,,,,,,0,,0,83,1,1,1,1
Public Method,"org.apache.pdfbox.pdmodel.common.PDRectangle.transform(Matrix)",pdfbox/src/main/java/org/apache/pdfbox/pdmodel/common/PDRectangle.java,,,,,,,,,,,,,,,,,,,,,,,,,8,24,2,18,10,15,4,12,1,15,16,10,15,1,1,1,1,,,,,,0,,0,22,1,1,1,1
Public Class,"org.apache.pdfbox.pdmodel.common.PDStream",pdfbox/src/main/java/org/apache/pdfbox/pdmodel/common/PDStream.java,1,1,1,1,13,0,7,5,2,31,3,,0,1,,,30,1,30,42,0,2,0,28,,433,34,222,51,87,177,,,70,117,52,80,,,,,5,5,5,3,1,3,19,0,80,43,43,44,38
Public Constructor,"org.apache.pdfbox.pdmodel.common.PDStream.PDStream(COSDocument)",pdfbox/src/main/java/org/apache/pdfbox/pdmodel/common/PDStream.java,,,,,,,,,,,,,,,,,,,,,,,,,1,9,0,4,1,1,5,3,1,1,2,1,1,1,1,1,1,,,,,,0,,1,25,1,1,1,1
Public Constructor,"org.apache.pdfbox.pdmodel.common.PDStream.PDStream(COSStream)",pdfbox/src/main/java/org/apache/pdfbox/pdmodel/common/PDStream.java,,,,,,,,,,,,,,,,,,,,,,,,,28,9,0,4,1,1,5,2,1,1,2,1,1,1,1,1,1,,,,,,0,,1,25,1,1,1,1
Public Constructor,"org.apache.pdfbox.pdmodel.common.PDStream.PDStream(PDDocument)",pdfbox/src/main/java/org/apache/pdfbox/pdmodel/common/PDStream.java,,,,,,,,,,,,,,,,,,,,,,,,,15,9,0,4,1,1,5,4,1,1,2,1,1,1,1,1,1,,,,,,0,,1,25,1,1,1,1
Public Constructor,"org.apache.pdfbox.pdmodel.common.PDStream.PDStream(PDDocument,InputStream)",pdfbox/src/main/java/org/apache/pdfbox/pdmodel/common/PDStream.java,,,,,,,,,,,,,,,,,,,,,,,,,4,12,0,4,1,1,8,2,1,1,2,1,1,1,1,1,1,,,,,,0,,2,00,1,1,1,1
Public Constructor,"org.apache.pdfbox.pdmodel.common.PDStream.PDStream(PDDocument,InputStream,COSArray)",pdfbox/src/main/java/org/apache/pdfbox/pdmodel/common/PDStream.java,,,,,,,,,,,,,,,,,,,,,,,,,6,13,0,4,1,1,9,2,1,1,2,1,1,1,1,1,1,,,,,,0,,2,25,1,1,1,1
Private Constructor,"org.apache.pdfbox.pdmodel.common.PDStream.PDStream(PDDocument,InputStream,COSBase)",pdfbox/src/main/java/org/apache/pdfbox/pdmodel/common/PDStream.java,,,,,,,,,,,,,,,,,,,,,,,,,7,16,0,12,1,5,4,7,1,3,5,1,4,1,1,1,1,,,,,,1,,0,33,1,1,1,1
Public Constructor,"org.apache.pdfbox.pdmodel.common.PDStream.PDStream(PDDocument,InputStream,COSName)",pdfbox/src/main/java/org/apache/pdfbox/pdmodel/common/PDStream.java,,,,,,,,,,,,,,,,,,,,,,,,,14,13,0,4,1,1,9,2,1,1,2,1,1,1,1,1,1,,,,,,0,,2,25,1,1,1,1
Public Method,"org.apache.pdfbox.pdmodel.common.PDStream.createInputStream()",pdfbox/src/main/java/org/apache/pdfbox/pdmodel/common/PDStream.java,,,,,,,,,,,,,,,,,,,,,,,,,16,10,0,4,1,1,6,2,1,1,2,1,1,1,1,1,1,,,,,,0,,1,50,1,1,1,1
Public Method,"org.apache.pdfbox.pdmodel.common.PDStream.createInputStream(DecodeOptions)",pdfbox/src/main/java/org/apache/pdfbox/pdmodel/common/PDStream.java,,,,,,,,,,,,,,,,,,,,,,,,,3,4,0,4,1,1,0,2,1,1,2,1,1,1,1,1,1,,,,,,0,,0,00,1,1,1,1
Public Method,"org.apache.pdfbox.pdmodel.common.PDStream.createInputStream(List<String>)",pdfbox/src/main/java/org/apache/pdfbox/pdmodel/common/PDStream.java,,,,,,,,,,,,,,,,,,,,,,,,,9,38,0,29,6,16,9,14,3,13,17,7,15,3,3,4,3,,,,,,3,,0,31,3,3,4,3
Public Method,"org.apache.pdfbox.pdmodel.common.PDStream.createOutputStream()",pdfbox/src/main/java/org/apache/pdfbox/pdmodel/common/PDStream.java,,,,,,,,,,,,,,,,,,,,,,,,,9,10,0,4,1,1,6,2,1,1,2,1,1,1,1,1,1,,,,,,0,,1,50,1,1,1,1
Public Method,"org.apache.pdfbox.pdmodel.common.PDStream.createOutputStream(COSName)",pdfbox/src/main/java/org/apache/pdfbox/pdmodel/common/PDStream.java,,,,,,,,,,,,,,,,,,,,,,,,,8,11,0,4,1,1,7,2,1,1,2,1,1,1,1,1,1,,,,,,0,,1,75,1,1,1,1
Public Method,"org.apache.pdfbox.pdmodel.common.PDStream.getCOSObject()",pdfbox/src/main/java/org/apache/pdfbox/pdmodel/common/PDStream.java,,,,,,,,,,,,,,,,,,,,,,,,,58,11,0,5,2,1,6,1,1,1,2,1,1,1,1,1,1,,,,,,0,,1,20,1,1,1,1
Public Method,"org.apache.pdfbox.pdmodel.common.PDStream.getDecodeParms()",pdfbox/src/main/java/org/apache/pdfbox/pdmodel/common/PDStream.java,,,,,,,,,,,,,,,,,,,,,,,,,2,12,0,4,1,1,8,2,1,1,2,1,1,1,1,1,1,,,,,,0,,2,00,1,1,1,1
Public Method,"org.apache.pdfbox.pdmodel.common.PDStream.getDecodedStreamLength()",pdfbox/src/main/java/org/apache/pdfbox/pdmodel/common/PDStream.java,,,,,,,,,,,,,,,,,,,,,,,,,2,9,0,4,1,1,5,2,1,1,2,1,1,1,1,1,1,,,,,,0,,1,25,1,1,1,1
Public Method,"org.apache.pdfbox.pdmodel.common.PDStream.getFile()",pdfbox/src/main/java/org/apache/pdfbox/pdmodel/common/PDStream.java,,,,,,,,,,,,,,,,,,,,,,,,,2,12,0,5,2,2,7,3,1,2,3,2,2,1,1,1,1,,,,,,0,,1,40,1,1,1,1
Public Method,"org.apache.pdfbox.pdmodel.common.PDStream.getFileDecodeParams()",pdfbox/src/main/java/org/apache/pdfbox/pdmodel/common/PDStream.java,,,,,,,,,,,,,,,,,,,,,,,,,1,11,0,4,1,1,7,2,1,1,2,1,1,1,1,1,1,,,,,,0,,1,75,1,1,1,1
Public Method,"org.apache.pdfbox.pdmodel.common.PDStream.getFileFilters()",pdfbox/src/main/java/org/apache/pdfbox/pdmodel/common/PDStream.java,,,,,,,,,,,,,,,,,,,,,,,,,2,19,0,14,3,7,5,6,3,5,8,3,6,3,3,3,3,,,,,,1,,0,36,3,3,3,3
Public Method,"org.apache.pdfbox.pdmodel.common.PDStream.getFilters()",pdfbox/src/main/java/org/apache/pdfbox/pdmodel/common/PDStream.java,,,,,,,,,,,,,,,,,,,,,,,,,14,18,0,13,2,6,5,5,3,4,7,2,6,3,3,3,3,,,,,,1,,0,38,3,3,3,3
Public Method,"org.apache.pdfbox.pdmodel.common.PDStream.getLength()",pdfbox/src/main/java/org/apache/pdfbox/pdmodel/common/PDStream.java,,,,,,,,,,,,,,,,,,,,,,,,,6,10,0,4,1,1,6,2,1,1,2,1,1,1,1,1,1,,,,,,0,,1,50,1,1,1,1
Public Method,"org.apache.pdfbox.pdmodel.common.PDStream.getMetadata()",pdfbox/src/main/java/org/apache/pdfbox/pdmodel/common/PDStream.java,,,,,,,,,,,,,,,,,,,,,,,,,3,27,0,18,3,9,9,6,4,5,9,3,7,4,4,4,1,,,,,,1,,0,50,4,4,4,1
Private Method,"org.apache.pdfbox.pdmodel.common.PDStream.internalGetDecodeParams(COSName,COSName)",pdfbox/src/main/java/org/apache/pdfbox/pdmodel/common/PDStream.java,,,,,,,,,,,,,,,,,,,,,,,,,6,31,3,28,6,15,0,10,5,12,17,7,14,5,5,5,3,,,,,,3,,0,00,5,5,5,3
Public Method,"org.apache.pdfbox.pdmodel.common.PDStream.setDecodeParms(List<?>)",pdfbox/src/main/java/org/apache/pdfbox/pdmodel/common/PDStream.java,,,,,,,,,,,,,,,,,,,,,,,,,3,10,0,5,1,2,5,2,1,1,2,1,1,1,1,1,1,,,,,,0,,1,00,1,1,1,1
Public Method,"org.apache.pdfbox.pdmodel.common.PDStream.setDecodedStreamLength(int)",pdfbox/src/main/java/org/apache/pdfbox/pdmodel/common/PDStream.java,,,,,,,,,,,,,,,,,,,,,,,,,3,9,0,4,1,1,5,1,1,1,2,1,1,1,1,1,1,,,,,,0,,1,25,1,1,1,1
Public Method,"org.apache.pdfbox.pdmodel.common.PDStream.setFile(PDFileSpecification)",pdfbox/src/main/java/org/apache/pdfbox/pdmodel/common/PDStream.java,,,,,,,,,,,,,,,,,,,,,,,,,3,9,0,4,1,1,5,1,1,1,2,1,1,1,1,1,1,,,,,,0,,1,25,1,1,1,1
Public Method,"org.apache.pdfbox.pdmodel.common.PDStream.setFileDecodeParams(List<?>)",pdfbox/src/main/java/org/apache/pdfbox/pdmodel/common/PDStream.java,,,,,,,,,,,,,,,,,,,,,,,,,3,9,0,4,1,1,5,2,1,1,2,1,1,1,1,1,1,,,,,,0,,1,25,1,1,1,1
Public Method,"org.apache.pdfbox.pdmodel.common.PDStream.setFileFilters(List<String>)",pdfbox/src/main/java/org/apache/pdfbox/pdmodel/common/PDStream.java,,,,,,,,,,,,,,,,,,,,,,,,,3,10,0,5,2,2,5,2,1,2,3,2,2,1,1,1,1,,,,,,0,,1,00,1,1,1,1
Public Method,"org.apache.pdfbox.pdmodel.common.PDStream.setFilters(List<COSName>)",pdfbox/src/main/java/org/apache/pdfbox/pdmodel/common/PDStream.java,,,,,,,,,,,,,,,,,,,,,,,,,3,9,0,4,1,1,5,2,1,1,2,1,1,1,1,1,1,,,,,,0,,1,25,1,1,1,1
Public Method,"org.apache.pdfbox.pdmodel.common.PDStream.setMetadata(PDMetadata)",pdfbox/src/main/java/org/apache/pdfbox/pdmodel/common/PDStream.java,,,,,,,,,,,,,,,,,,,,,,,,,3,9,0,4,1,1,5,1,1,1,2,1,1,1,1,1,1,,,,,,0,,1,25,1,1,1,1
Public Method,"org.apache.pdfbox.pdmodel.common.PDStream.toByteArray()",pdfbox/src/main/java/org/apache/pdfbox/pdmodel/common/PDStream.java,,,,,,,,,,,,,,,,,,,,,,,,,19,13,0,7,1,2,6,3,1,1,3,1,2,1,1,1,1,,,,,,1,,0,86,1,1,1,1
Class,"org.apache.pdfbox.pdmodel.common.PDStreamTest",pdfbox/src/test/java/org/apache/pdfbox/pdmodel/common/PDStreamTest.java,1,1,1,1,22,1,18,3,1,11,0,,0,0,,,3,0,3,15,3,0,0,0,,77,7,57,15,36,13,,,33,40,12,36,,,,,1,1,1,1,1,1,0,0,23,3,3,3,3
Method,"org.apache.pdfbox.pdmodel.common.PDStreamTest.testCreateInputStreamEmptyFilters()",pdfbox/src/test/java/org/apache/pdfbox/pdmodel/common/PDStreamTest.java,,,,,,,,,,,,,,,,,,,,,,,,,2,23,1,19,5,13,3,12,1,12,14,4,13,1,1,1,1,,,,,,1,,0,16,1,1,1,1
Method,"org.apache.pdfbox.pdmodel.common.PDStreamTest.testCreateInputStreamNullFilters()",pdfbox/src/test/java/org/apache/pdfbox/pdmodel/common/PDStreamTest.java,,,,,,,,,,,,,,,,,,,,,,,,,2,23,1,19,5,13,3,12,1,12,14,4,13,1,1,1,1,,,,,,1,,0,16,1,1,1,1
Method,"org.apache.pdfbox.pdmodel.common.PDStreamTest.testCreateInputStreamNullStopFilters()",pdfbox/src/test/java/org/apache/pdfbox/pdmodel/common/PDStreamTest.java,,,,,,,,,,,,,,,,,,,,,,,,,0,20,1,16,4,10,3,9,1,9,11,3,10,1,1,1,1,,,,,,1,,0,19,1,1,1,1
Public Class,"org.apache.pdfbox.pdmodel.common.PDTypedDictionaryWrapper",pdfbox/src/main/java/org/apache/pdfbox/pdmodel/common/PDTypedDictionaryWrapper.java,1,1,1,1,9,0,4,5,1,3,0,,0,0,,,3,0,3,20,0,0,0,3,,44,5,16,4,4,23,,,4,8,4,4,,,,,1,1,1,1,2,0,0,1,44,3,3,3,3
Public Constructor,"org.apache.pdfbox.pdmodel.common.PDTypedDictionaryWrapper.PDTypedDictionaryWrapper(COSDictionary)",pdfbox/src/main/java/org/apache/pdfbox/pdmodel/common/PDTypedDictionaryWrapper.java,,,,,,,,,,,,,,,,,,,,,,,,,1,9,0,4,1,1,5,2,1,1,2,1,1,1,1,1,1,,,,,,0,,1,25,1,1,1,1
Public Constructor,"org.apache.pdfbox.pdmodel.common.PDTypedDictionaryWrapper.PDTypedDictionaryWrapper(String)",pdfbox/src/main/java/org/apache/pdfbox/pdmodel/common/PDTypedDictionaryWrapper.java,,,,,,,,,,,,,,,,,,,,,,,,,2,10,0,5,1,2,5,4,1,2,3,1,2,1,1,1,1,,,,,,0,,1,00,1,1,1,1
Public Method,"org.apache.pdfbox.pdmodel.common.PDTypedDictionaryWrapper.getType()",pdfbox/src/main/java/org/apache/pdfbox/pdmodel/common/PDTypedDictionaryWrapper.java,,,,,,,,,,,,,,,,,,,,,,,,,1,9,0,4,1,1,5,3,1,1,2,1,1,1,1,1,1,,,,,,0,,1,25,1,1,1,1
Class,"org.apache.pdfbox.pdmodel.common.TestEmbeddedFiles",pdfbox/src/test/java/org/apache/pdfbox/pdmodel/common/TestEmbeddedFiles.java,2,2,2,1,26,3,23,0,1,18,0,,0,0,,,3,0,3,15,2,1,0,0,,85,12,72,29,49,1,,,39,47,25,35,,,,,3,3,3,1,1,2,0,0,01,6,6,6,3
Private Method,"org.apache.pdfbox.pdmodel.common.TestEmbeddedFiles.byteArrayContainsLC(String,byte[],String)",pdfbox/src/test/java/org/apache/pdfbox/pdmodel/common/TestEmbeddedFiles.java,,,,,,,,,,,,,,,,,,,,,,,,,4,6,0,6,3,2,0,4,1,2,3,2,2,1,1,1,1,,,,,,0,,0,00,1,1,1,1
Method,"org.apache.pdfbox.pdmodel.common.TestEmbeddedFiles.testNullEmbeddedFile()",pdfbox/src/test/java/org/apache/pdfbox/pdmodel/common/TestEmbeddedFiles.java,,,,,,,,,,,,,,,,,,,,,,,,,0,36,3,32,10,22,1,15,3,17,20,8,17,3,3,3,1,,,,,,2,,0,03,3,3,3,1
Method,"org.apache.pdfbox.pdmodel.common.TestEmbeddedFiles.testOSSpecificAttachments()",pdfbox/src/test/java/org/apache/pdfbox/pdmodel/common/TestEmbeddedFiles.java,,,,,,,,,,,,,,,,,,,,,,,,,0,38,7,31,15,25,0,15,2,20,23,14,16,2,2,2,1,,,,,,1,,0,00,2,2,2,1
Class,"org.apache.pdfbox.pdmodel.common.TestPDNameTreeNode",pdfbox/src/test/java/org/apache/pdfbox/pdmodel/common/TestPDNameTreeNode.java,2,2,2,1,24,2,21,0,1,11,0,,0,0,,,3,5,3,15,2,0,1,0,,89,11,73,14,47,5,,,49,56,11,47,,,,,4,4,4,1,1,1,0,0,07,6,6,6,3
Protected Method,"org.apache.pdfbox.pdmodel.common.TestPDNameTreeNode.setUp()",pdfbox/src/test/java/org/apache/pdfbox/pdmodel/common/TestPDNameTreeNode.java,,,,,,,,,,,,,,,,,,,,,,,,,5,51,4,47,4,37,0,14,8,34,38,3,37,4,4,4,1,,,,,,1,,0,00,4,4,4,1
Method,"org.apache.pdfbox.pdmodel.common.TestPDNameTreeNode.testLowerLimit()",pdfbox/src/test/java/org/apache/pdfbox/pdmodel/common/TestPDNameTreeNode.java,,,,,,,,,,,,,,,,,,,,,,,,,5,11,2,9,2,5,0,2,1,5,6,1,5,1,1,1,1,,,,,,0,,0,00,1,1,1,1
Method,"org.apache.pdfbox.pdmodel.common.TestPDNameTreeNode.testUpperLimit()",pdfbox/src/test/java/org/apache/pdfbox/pdmodel/common/TestPDNameTreeNode.java,,,,,,,,,,,,,,,,,,,,,,,,,5,11,2,9,2,5,0,2,1,5,6,1,5,1,1,1,1,,,,,,0,,0,00,1,1,1,1
Class,"org.apache.pdfbox.pdmodel.common.TestPDNumberTreeNode",pdfbox/src/test/java/org/apache/pdfbox/pdmodel/common/TestPDNumberTreeNode.java,1,1,1,1,25,3,21,0,1,11,0,,0,0,,,4,5,4,16,3,0,1,0,,170,27,137,29,79,6,,,79,96,22,76,,,,,4,4,4,1,1,1,15,0,04,7,7,7,4
Public Static Class,"org.apache.pdfbox.pdmodel.common.TestPDNumberTreeNode.PDTest",pdfbox/src/test/java/org/apache/pdfbox/pdmodel/common/TestPDNumberTreeNode.java,1,1,1,1,7,0,7,0,2,2,0,,0,0,,,5,1,5,17,0,0,0,5,,48,5,43,13,15,0,,,13,22,10,12,,,,,4,4,4,4,1,1,0,0,00,8,8,8,8
Public Constructor,"org.apache.pdfbox.pdmodel.common.TestPDNumberTreeNode.PDTest.PDTest(COSInteger)",pdfbox/src/test/java/org/apache/pdfbox/pdmodel/common/TestPDNumberTreeNode.java,,,,,,,,,,,,,,,,,,,,,,,,,1,4,0,4,1,1,0,3,1,1,2,1,1,1,1,1,1,,,,,,0,,0,00,1,1,1,1
Public Constructor,"org.apache.pdfbox.pdmodel.common.TestPDNumberTreeNode.PDTest.PDTest(int)",pdfbox/src/test/java/org/apache/pdfbox/pdmodel/common/TestPDNumberTreeNode.java,,,,,,,,,,,,,,,,,,,,,,,,,3,4,0,4,1,1,0,2,1,1,2,1,1,1,1,1,1,,,,,,0,,0,00,1,1,1,1
Public Method,"org.apache.pdfbox.pdmodel.common.TestPDNumberTreeNode.PDTest.equals(Object)",pdfbox/src/test/java/org/apache/pdfbox/pdmodel/common/TestPDNumberTreeNode.java,,,,,,,,,,,,,,,,,,,,,,,,,2,18,0,18,3,8,0,2,4,5,9,2,7,4,4,4,4,,,,,,1,,0,00,4,4,4,4
Public Method,"org.apache.pdfbox.pdmodel.common.TestPDNumberTreeNode.PDTest.getCOSObject()",pdfbox/src/test/java/org/apache/pdfbox/pdmodel/common/TestPDNumberTreeNode.java,,,,,,,,,,,,,,,,,,,,,,,,,1,5,0,5,2,1,0,2,1,1,2,1,1,1,1,1,1,,,,,,0,,0,00,1,1,1,1
Public Method,"org.apache.pdfbox.pdmodel.common.TestPDNumberTreeNode.PDTest.hashCode()",pdfbox/src/test/java/org/apache/pdfbox/pdmodel/common/TestPDNumberTreeNode.java,,,,,,,,,,,,,,,,,,,,,,,,,1,8,0,8,4,4,0,1,1,4,5,3,2,1,1,1,1,,,,,,0,,0,00,1,1,1,1
Protected Method,"org.apache.pdfbox.pdmodel.common.TestPDNumberTreeNode.setUp()",pdfbox/src/test/java/org/apache/pdfbox/pdmodel/common/TestPDNumberTreeNode.java,,,,,,,,,,,,,,,,,,,,,,,,,5,51,4,47,4,37,0,14,8,34,38,3,37,4,4,4,1,,,,,,1,,0,00,4,4,4,1
Method,"org.apache.pdfbox.pdmodel.common.TestPDNumberTreeNode.testGetValue()",pdfbox/src/test/java/org/apache/pdfbox/pdmodel/common/TestPDNumberTreeNode.java,,,,,,,,,,,,,,,,,,,,,,,,,2,10,1,9,2,5,0,6,1,5,6,1,5,1,1,1,1,,,,,,0,,0,00,1,1,1,1
Method,"org.apache.pdfbox.pdmodel.common.TestPDNumberTreeNode.testLowerLimit()",pdfbox/src/test/java/org/apache/pdfbox/pdmodel/common/TestPDNumberTreeNode.java,,,,,,,,,,,,,,,,,,,,,,,,,5,20,5,15,2,11,0,6,1,11,12,1,11,1,1,1,1,,,,,,0,,0,00,1,1,1,1
Method,"org.apache.pdfbox.pdmodel.common.TestPDNumberTreeNode.testUpperLimit()",pdfbox/src/test/java/org/apache/pdfbox/pdmodel/common/TestPDNumberTreeNode.java,,,,,,,,,,,,,,,,,,,,,,,,,5,20,5,15,2,11,0,6,1,11,12,1,11,1,1,1,1,,,,,,0,,0,00,1,1,1,1
Package,"org.apache.pdfbox.pdmodel.common.filespecification",pdfbox/src/main/java/org/apache/pdfbox/pdmodel/common/filespecification/PDComplexFileSpecification.java,1,1,1,1,11,0,6,5,,,,4,1,0,4,,51,3,52,,0,2,0,50,,791,69,373,104,123,349,,,124,203,98,120,,,,,5,5,5,1,,1,,0,94,78,78,84,50
Public Class,"org.apache.pdfbox.pdmodel.common.filespecification.PDComplexFileSpecification",pdfbox/src/main/java/org/apache/pdfbox/pdmodel/common/filespecification/PDComplexFileSpecification.java,1,1,1,1,12,0,7,5,1,7,0,,0,0,,,24,2,24,39,0,2,0,22,,335,25,182,39,68,128,,,53,94,36,67,,,,,5,5,5,1,2,1,62,0,70,40,40,43,24
Public Constructor,"org.apache.pdfbox.pdmodel.common.filespecification.PDComplexFileSpecification.PDComplexFileSpecification()",pdfbox/src/main/java/org/apache/pdfbox/pdmodel/common/filespecification/PDComplexFileSpecification.java,,,,,,,,,,,,,,,,,,,,,,,,,5,8,0,5,1,2,3,4,1,2,3,1,2,1,1,1,1,,,,,,0,,0,60,1,1,1,1
Public Constructor,"org.apache.pdfbox.pdmodel.common.filespecification.PDComplexFileSpecification.PDComplexFileSpecification(COSDictionary)",pdfbox/src/main/java/org/apache/pdfbox/pdmodel/common/filespecification/PDComplexFileSpecification.java,,,,,,,,,,,,,,,,,,,,,,,,,6,17,0,12,1,5,5,4,2,3,5,1,4,2,2,2,1,,,,,,1,,0,42,2,2,2,1
Public Method,"org.apache.pdfbox.pdmodel.common.filespecification.PDComplexFileSpecification.getCOSObject()",pdfbox/src/main/java/org/apache/pdfbox/pdmodel/common/filespecification/PDComplexFileSpecification.java,,,,,,,,,,,,,,,,,,,,,,,,,2,10,0,5,2,1,5,1,1,1,2,1,1,1,1,1,1,,,,,,0,,1,00,1,1,1,1
Private Method,"org.apache.pdfbox.pdmodel.common.filespecification.PDComplexFileSpecification.getEFDictionary()",pdfbox/src/main/java/org/apache/pdfbox/pdmodel/common/filespecification/PDComplexFileSpecification.java,,,,,,,,,,,,,,,,,,,,,,,,,6,8,0,8,1,3,0,3,2,2,4,1,3,2,2,3,1,,,,,,1,,0,00,2,2,3,1
Public Method,"org.apache.pdfbox.pdmodel.common.filespecification.PDComplexFileSpecification.getEmbeddedFile()",pdfbox/src/main/java/org/apache/pdfbox/pdmodel/common/filespecification/PDComplexFileSpecification.java,,,,,,,,,,,,,,,,,,,,,,,,,9,14,0,9,2,4,5,3,2,3,5,2,4,2,2,2,1,,,,,,1,,0,56,2,2,2,1
Public Method,"org.apache.pdfbox.pdmodel.common.filespecification.PDComplexFileSpecification.getEmbeddedFileDos()",pdfbox/src/main/java/org/apache/pdfbox/pdmodel/common/filespecification/PDComplexFileSpecification.java,,,,,,,,,,,,,,,,,,,,,,,,,3,14,0,9,2,4,5,3,2,3,5,2,4,2,2,2,1,,,,,,1,,0,56,2,2,2,1
Public Method,"org.apache.pdfbox.pdmodel.common.filespecification.PDComplexFileSpecification.getEmbeddedFileMac()",pdfbox/src/main/java/org/apache/pdfbox/pdmodel/common/filespecification/PDComplexFileSpecification.java,,,,,,,,,,,,,,,,,,,,,,,,,3,14,0,9,2,4,5,3,2,3,5,2,4,2,2,2,1,,,,,,1,,0,56,2,2,2,1
Public Method,"org.apache.pdfbox.pdmodel.common.filespecification.PDComplexFileSpecification.getEmbeddedFileUnicode()",pdfbox/src/main/java/org/apache/pdfbox/pdmodel/common/filespecification/PDComplexFileSpecification.java,,,,,,,,,,,,,,,,,,,,,,,,,2,14,0,9,2,4,5,3,2,3,5,2,4,2,2,2,1,,,,,,1,,0,56,2,2,2,1
Public Method,"org.apache.pdfbox.pdmodel.common.filespecification.PDComplexFileSpecification.getEmbeddedFileUnix()",pdfbox/src/main/java/org/apache/pdfbox/pdmodel/common/filespecification/PDComplexFileSpecification.java,,,,,,,,,,,,,,,,,,,,,,,,,3,14,0,9,2,4,5,3,2,3,5,2,4,2,2,2,1,,,,,,1,,0,56,2,2,2,1
Public Method,"org.apache.pdfbox.pdmodel.common.filespecification.PDComplexFileSpecification.getFile()",pdfbox/src/main/java/org/apache/pdfbox/pdmodel/common/filespecification/PDComplexFileSpecification.java,,,,,,,,,,,,,,,,,,,,,,,,,5,10,0,5,2,1,5,2,1,1,2,1,1,1,1,1,1,,,,,,0,,1,00,1,1,1,1
Public Method,"org.apache.pdfbox.pdmodel.common.filespecification.PDComplexFileSpecification.getFileDescription()",pdfbox/src/main/java/org/apache/pdfbox/pdmodel/common/filespecification/PDComplexFileSpecification.java,,,,,,,,,,,,,,,,,,,,,,,,,3,9,0,4,1,1,5,2,1,1,2,1,1,1,1,1,1,,,,,,0,,1,25,1,1,1,1
Public Method,"org.apache.pdfbox.pdmodel.common.filespecification.PDComplexFileSpecification.getFileDos()",pdfbox/src/main/java/org/apache/pdfbox/pdmodel/common/filespecification/PDComplexFileSpecification.java,,,,,,,,,,,,,,,,,,,,,,,,,3,9,0,4,1,1,5,2,1,1,2,1,1,1,1,1,1,,,,,,0,,1,25,1,1,1,1
Public Method,"org.apache.pdfbox.pdmodel.common.filespecification.PDComplexFileSpecification.getFileMac()",pdfbox/src/main/java/org/apache/pdfbox/pdmodel/common/filespecification/PDComplexFileSpecification.java,,,,,,,,,,,,,,,,,,,,,,,,,3,9,0,4,1,1,5,2,1,1,2,1,1,1,1,1,1,,,,,,0,,1,25,1,1,1,1
Public Method,"org.apache.pdfbox.pdmodel.common.filespecification.PDComplexFileSpecification.getFileUnicode()",pdfbox/src/main/java/org/apache/pdfbox/pdmodel/common/filespecification/PDComplexFileSpecification.java,,,,,,,,,,,,,,,,,,,,,,,,,3,9,0,4,1,1,5,2,1,1,2,1,1,1,1,1,1,,,,,,0,,1,25,1,1,1,1
Public Method,"org.apache.pdfbox.pdmodel.common.filespecification.PDComplexFileSpecification.getFileUnix()",pdfbox/src/main/java/org/apache/pdfbox/pdmodel/common/filespecification/PDComplexFileSpecification.java,,,,,,,,,,,,,,,,,,,,,,,,,3,9,0,4,1,1,5,2,1,1,2,1,1,1,1,1,1,,,,,,0,,1,25,1,1,1,1
Public Method,"org.apache.pdfbox.pdmodel.common.filespecification.PDComplexFileSpecification.getFilename()",pdfbox/src/main/java/org/apache/pdfbox/pdmodel/common/filespecification/PDComplexFileSpecification.java,,,,,,,,,,,,,,,,,,,,,,,,,2,30,0,21,2,10,9,6,16,6,11,2,10,5,5,5,1,,,,,,1,,0,43,5,5,5,1
Private Method,"org.apache.pdfbox.pdmodel.common.filespecification.PDComplexFileSpecification.getObjectFromEFDictionary(COSName)",pdfbox/src/main/java/org/apache/pdfbox/pdmodel/common/filespecification/PDComplexFileSpecification.java,,,,,,,,,,,,,,,,,,,,,,,,,6,9,0,9,2,4,0,3,2,3,5,2,4,2,2,2,1,,,,,,1,,0,00,2,2,2,1
Public Method,"org.apache.pdfbox.pdmodel.common.filespecification.PDComplexFileSpecification.isVolatile()",pdfbox/src/main/java/org/apache/pdfbox/pdmodel/common/filespecification/PDComplexFileSpecification.java,,,,,,,,,,,,,,,,,,,,,,,,,2,9,0,4,1,1,5,2,1,1,2,1,1,1,1,1,1,,,,,,0,,1,25,1,1,1,1
Public Method,"org.apache.pdfbox.pdmodel.common.filespecification.PDComplexFileSpecification.setEmbeddedFile(PDEmbeddedFile)",pdfbox/src/main/java/org/apache/pdfbox/pdmodel/common/filespecification/PDComplexFileSpecification.java,,,,,,,,,,,,,,,,,,,,,,,,,6,20,0,13,2,6,7,4,4,4,7,2,6,3,3,4,1,,,,,,1,,0,54,3,3,4,1
Public Method,"org.apache.pdfbox.pdmodel.common.filespecification.PDComplexFileSpecification.setEmbeddedFileUnicode(PDEmbeddedFile)",pdfbox/src/main/java/org/apache/pdfbox/pdmodel/common/filespecification/PDComplexFileSpecification.java,,,,,,,,,,,,,,,,,,,,,,,,,6,21,0,13,2,6,8,4,4,4,7,2,6,3,3,4,1,,,,,,1,,0,62,3,3,4,1
Public Method,"org.apache.pdfbox.pdmodel.common.filespecification.PDComplexFileSpecification.setFile(String)",pdfbox/src/main/java/org/apache/pdfbox/pdmodel/common/filespecification/PDComplexFileSpecification.java,,,,,,,,,,,,,,,,,,,,,,,,,5,12,0,5,2,1,7,1,1,1,2,1,1,1,1,1,1,,,,,,0,,1,40,1,1,1,1
Public Method,"org.apache.pdfbox.pdmodel.common.filespecification.PDComplexFileSpecification.setFileDescription(String)",pdfbox/src/main/java/org/apache/pdfbox/pdmodel/common/filespecification/PDComplexFileSpecification.java,,,,,,,,,,,,,,,,,,,,,,,,,5,9,0,4,1,1,5,1,1,1,2,1,1,1,1,1,1,,,,,,0,,1,25,1,1,1,1
Public Method,"org.apache.pdfbox.pdmodel.common.filespecification.PDComplexFileSpecification.setFileUnicode(String)",pdfbox/src/main/java/org/apache/pdfbox/pdmodel/common/filespecification/PDComplexFileSpecification.java,,,,,,,,,,,,,,,,,,,,,,,,,5,11,0,4,1,1,7,1,1,1,2,1,1,1,1,1,1,,,,,,0,,1,75,1,1,1,1
Public Method,"org.apache.pdfbox.pdmodel.common.filespecification.PDComplexFileSpecification.setVolatile(boolean)",pdfbox/src/main/java/org/apache/pdfbox/pdmodel/common/filespecification/PDComplexFileSpecification.java,,,,,,,,,,,,,,,,,,,,,,,,,3,10,0,4,1,1,6,1,1,1,2,1,1,1,1,1,1,,,,,,0,,1,50,1,1,1,1
Public Class,"org.apache.pdfbox.pdmodel.common.filespecification.PDEmbeddedFile",pdfbox/src/main/java/org/apache/pdfbox/pdmodel/common/filespecification/PDEmbeddedFile.java,1,1,1,1,10,0,5,4,1,8,0,,0,0,,,20,0,20,62,0,0,0,20,,241,23,116,27,41,102,,,35,62,27,41,,,,,3,3,4,1,2,1,0,0,88,29,29,32,20
Public Constructor,"org.apache.pdfbox.pdmodel.common.filespecification.PDEmbeddedFile.PDEmbeddedFile(COSStream)",pdfbox/src/main/java/org/apache/pdfbox/pdmodel/common/filespecification/PDEmbeddedFile.java,,,,,,,,,,,,,,,,,,,,,,,,,6,7,0,4,1,1,3,2,1,1,2,1,1,1,1,1,1,,,,,,0,,0,75,1,1,1,1
Public Constructor,"org.apache.pdfbox.pdmodel.common.filespecification.PDEmbeddedFile.PDEmbeddedFile(PDDocument)",pdfbox/src/main/java/org/apache/pdfbox/pdmodel/common/filespecification/PDEmbeddedFile.java,,,,,,,,,,,,,,,,,,,,,,,,,3,8,0,5,1,2,3,4,1,2,3,1,2,1,1,1,1,,,,,,0,,0,60,1,1,1,1
Public Constructor,"org.apache.pdfbox.pdmodel.common.filespecification.PDEmbeddedFile.PDEmbeddedFile(PDDocument,InputStream)",pdfbox/src/main/java/org/apache/pdfbox/pdmodel/common/filespecification/PDEmbeddedFile.java,,,,,,,,,,,,,,,,,,,,,,,,,5,8,0,5,1,2,3,4,1,2,3,1,2,1,1,1,1,,,,,,0,,0,60,1,1,1,1
Public Constructor,"org.apache.pdfbox.pdmodel.common.filespecification.PDEmbeddedFile.PDEmbeddedFile(PDDocument,InputStream,COSName)",pdfbox/src/main/java/org/apache/pdfbox/pdmodel/common/filespecification/PDEmbeddedFile.java,,,,,,,,,,,,,,,,,,,,,,,,,6,11,0,5,1,2,6,4,1,2,3,1,2,1,1,1,1,,,,,,0,,1,20,1,1,1,1
Public Method,"org.apache.pdfbox.pdmodel.common.filespecification.PDEmbeddedFile.getCheckSum()",pdfbox/src/main/java/org/apache/pdfbox/pdmodel/common/filespecification/PDEmbeddedFile.java,,,,,,,,,,,,,,,,,,,,,,,,,2,9,0,4,1,1,5,3,1,1,2,1,1,1,1,1,1,,,,,,0,,1,25,1,1,1,1
Public Method,"org.apache.pdfbox.pdmodel.common.filespecification.PDEmbeddedFile.getCreationDate()",pdfbox/src/main/java/org/apache/pdfbox/pdmodel/common/filespecification/PDEmbeddedFile.java,,,,,,,,,,,,,,,,,,,,,,,,,2,10,0,4,1,1,6,3,1,1,2,1,1,1,1,1,1,,,,,,0,,1,50,1,1,1,1
Public Method,"org.apache.pdfbox.pdmodel.common.filespecification.PDEmbeddedFile.getMacCreator()",pdfbox/src/main/java/org/apache/pdfbox/pdmodel/common/filespecification/PDEmbeddedFile.java,,,,,,,,,,,,,,,,,,,,,,,,,3,10,0,5,2,2,5,4,1,2,3,2,2,2,2,2,1,,,,,,0,,1,00,2,2,2,1
Public Method,"org.apache.pdfbox.pdmodel.common.filespecification.PDEmbeddedFile.getMacResFork()",pdfbox/src/main/java/org/apache/pdfbox/pdmodel/common/filespecification/PDEmbeddedFile.java,,,,,,,,,,,,,,,,,,,,,,,,,3,10,0,5,2,2,5,4,1,2,3,2,2,2,2,2,1,,,,,,0,,1,00,2,2,2,1
Public Method,"org.apache.pdfbox.pdmodel.common.filespecification.PDEmbeddedFile.getMacSubtype()",pdfbox/src/main/java/org/apache/pdfbox/pdmodel/common/filespecification/PDEmbeddedFile.java,,,,,,,,,,,,,,,,,,,,,,,,,3,10,0,5,2,2,5,4,1,2,3,2,2,2,2,2,1,,,,,,0,,1,00,2,2,2,1
Public Method,"org.apache.pdfbox.pdmodel.common.filespecification.PDEmbeddedFile.getModDate()",pdfbox/src/main/java/org/apache/pdfbox/pdmodel/common/filespecification/PDEmbeddedFile.java,,,,,,,,,,,,,,,,,,,,,,,,,2,10,0,4,1,1,6,3,1,1,2,1,1,1,1,1,1,,,,,,0,,1,50,1,1,1,1
Public Method,"org.apache.pdfbox.pdmodel.common.filespecification.PDEmbeddedFile.getSize()",pdfbox/src/main/java/org/apache/pdfbox/pdmodel/common/filespecification/PDEmbeddedFile.java,,,,,,,,,,,,,,,,,,,,,,,,,5,9,0,4,1,1,5,3,1,1,2,1,1,1,1,1,1,,,,,,0,,1,25,1,1,1,1
Public Method,"org.apache.pdfbox.pdmodel.common.filespecification.PDEmbeddedFile.getSubtype()",pdfbox/src/main/java/org/apache/pdfbox/pdmodel/common/filespecification/PDEmbeddedFile.java,,,,,,,,,,,,,,,,,,,,,,,,,2,9,0,4,1,1,5,3,1,1,2,1,1,1,1,1,1,,,,,,0,,1,25,1,1,1,1
Public Method,"org.apache.pdfbox.pdmodel.common.filespecification.PDEmbeddedFile.setCheckSum(String)",pdfbox/src/main/java/org/apache/pdfbox/pdmodel/common/filespecification/PDEmbeddedFile.java,,,,,,,,,,,,,,,,,,,,,,,,,3,9,0,4,1,1,5,2,1,1,2,1,1,1,1,1,1,,,,,,0,,1,25,1,1,1,1
Public Method,"org.apache.pdfbox.pdmodel.common.filespecification.PDEmbeddedFile.setCreationDate(Calendar)",pdfbox/src/main/java/org/apache/pdfbox/pdmodel/common/filespecification/PDEmbeddedFile.java,,,,,,,,,,,,,,,,,,,,,,,,,5,9,0,4,1,1,5,2,1,1,2,1,1,1,1,1,1,,,,,,0,,1,25,1,1,1,1
Public Method,"org.apache.pdfbox.pdmodel.common.filespecification.PDEmbeddedFile.setMacCreator(String)",pdfbox/src/main/java/org/apache/pdfbox/pdmodel/common/filespecification/PDEmbeddedFile.java,,,,,,,,,,,,,,,,,,,,,,,,,4,18,0,13,2,6,5,5,4,4,7,2,6,3,3,4,1,,,,,,1,,0,38,3,3,4,1
Public Method,"org.apache.pdfbox.pdmodel.common.filespecification.PDEmbeddedFile.setMacResFork(String)",pdfbox/src/main/java/org/apache/pdfbox/pdmodel/common/filespecification/PDEmbeddedFile.java,,,,,,,,,,,,,,,,,,,,,,,,,4,18,0,13,2,6,5,5,4,4,7,2,6,3,3,4,1,,,,,,1,,0,38,3,3,4,1
Public Method,"org.apache.pdfbox.pdmodel.common.filespecification.PDEmbeddedFile.setMacSubtype(String)",pdfbox/src/main/java/org/apache/pdfbox/pdmodel/common/filespecification/PDEmbeddedFile.java,,,,,,,,,,,,,,,,,,,,,,,,,4,18,0,13,2,6,5,5,4,4,7,2,6,3,3,4,1,,,,,,1,,0,38,3,3,4,1
Public Method,"org.apache.pdfbox.pdmodel.common.filespecification.PDEmbeddedFile.setModDate(Calendar)",pdfbox/src/main/java/org/apache/pdfbox/pdmodel/common/filespecification/PDEmbeddedFile.java,,,,,,,,,,,,,,,,,,,,,,,,,3,9,0,4,1,1,5,2,1,1,2,1,1,1,1,1,1,,,,,,0,,1,25,1,1,1,1
Public Method,"org.apache.pdfbox.pdmodel.common.filespecification.PDEmbeddedFile.setSize(int)",pdfbox/src/main/java/org/apache/pdfbox/pdmodel/common/filespecification/PDEmbeddedFile.java,,,,,,,,,,,,,,,,,,,,,,,,,5,9,0,4,1,1,5,2,1,1,2,1,1,1,1,1,1,,,,,,0,,1,25,1,1,1,1
Public Method,"org.apache.pdfbox.pdmodel.common.filespecification.PDEmbeddedFile.setSubtype(String)",pdfbox/src/main/java/org/apache/pdfbox/pdmodel/common/filespecification/PDEmbeddedFile.java,,,,,,,,,,,,,,,,,,,,,,,,,4,9,0,4,1,1,5,2,1,1,2,1,1,1,1,1,1,,,,,,0,,1,25,1,1,1,1
Public Abstract Class,"org.apache.pdfbox.pdmodel.common.filespecification.PDFileSpecification",pdfbox/src/main/java/org/apache/pdfbox/pdmodel/common/filespecification/PDFileSpecification.java,4,4,4,1,31,0,20,11,2,7,6,,1,0,,,2,0,3,15,0,0,0,3,,54,3,25,5,9,26,,,7,12,5,7,,,,,4,4,4,1,1,1,0,1,04,4,4,4,1
Public Static Method,"org.apache.pdfbox.pdmodel.common.filespecification.PDFileSpecification.createFS(COSBase)",pdfbox/src/main/java/org/apache/pdfbox/pdmodel/common/filespecification/PDFileSpecification.java,,,,,,,,,,,,,,,,,,,,,,,,,12,31,0,20,2,9,11,4,4,5,9,2,7,4,4,4,1,,,,,,1,,0,55,4,4,4,1
Public Abstract Method,"org.apache.pdfbox.pdmodel.common.filespecification.PDFileSpecification.getFile()",pdfbox/src/main/java/org/apache/pdfbox/pdmodel/common/filespecification/PDFileSpecification.java,,,,,,,,,,,,,,,,,,,,,,,,,1,6,0,1,1,0,5,1,0,1,1,1,0,0,0,0,0,,,,,,0,,5,00,0,0,0,0
Public Abstract Method,"org.apache.pdfbox.pdmodel.common.filespecification.PDFileSpecification.setFile(String)",pdfbox/src/main/java/org/apache/pdfbox/pdmodel/common/filespecification/PDFileSpecification.java,,,,,,,,,,,,,,,,,,,,,,,,,0,6,0,1,1,0,5,0,0,1,1,1,0,0,0,0,0,,,,,,0,,5,00,0,0,0,0
Public Class,"org.apache.pdfbox.pdmodel.common.filespecification.PDSimpleFileSpecification",pdfbox/src/main/java/org/apache/pdfbox/pdmodel/common/filespecification/PDSimpleFileSpecification.java,1,1,1,1,9,0,4,4,1,4,0,,0,0,,,5,1,5,20,0,0,0,5,,62,6,27,10,5,29,,,6,12,7,5,,,,,1,1,1,1,2,0,0,1,07,5,5,5,5
Public Constructor,"org.apache.pdfbox.pdmodel.common.filespecification.PDSimpleFileSpecification.PDSimpleFileSpecification()",pdfbox/src/main/java/org/apache/pdfbox/pdmodel/common/filespecification/PDSimpleFileSpecification.java,,,,,,,,,,,,,,,,,,,,,,,,,1,8,0,4,1,1,4,3,1,1,2,1,1,1,1,1,1,,,,,,0,,1,00,1,1,1,1
Public Constructor,"org.apache.pdfbox.pdmodel.common.filespecification.PDSimpleFileSpecification.PDSimpleFileSpecification(COSString)",pdfbox/src/main/java/org/apache/pdfbox/pdmodel/common/filespecification/PDSimpleFileSpecification.java,,,,,,,,,,,,,,,,,,,,,,,,,2,9,0,4,1,1,5,2,1,1,2,1,1,1,1,1,1,,,,,,0,,1,25,1,1,1,1
Public Method,"org.apache.pdfbox.pdmodel.common.filespecification.PDSimpleFileSpecification.getCOSObject()",pdfbox/src/main/java/org/apache/pdfbox/pdmodel/common/filespecification/PDSimpleFileSpecification.java,,,,,,,,,,,,,,,,,,,,,,,,,1,10,0,5,2,1,5,1,1,1,2,1,1,1,1,1,1,,,,,,0,,1,00,1,1,1,1
Public Method,"org.apache.pdfbox.pdmodel.common.filespecification.PDSimpleFileSpecification.getFile()",pdfbox/src/main/java/org/apache/pdfbox/pdmodel/common/filespecification/PDSimpleFileSpecification.java,,,,,,,,,,,,,,,,,,,,,,,,,1,10,0,5,2,1,5,2,1,1,2,1,1,1,1,1,1,,,,,,0,,1,00,1,1,1,1
Public Method,"org.apache.pdfbox.pdmodel.common.filespecification.PDSimpleFileSpecification.setFile(String)",pdfbox/src/main/java/org/apache/pdfbox/pdmodel/common/filespecification/PDSimpleFileSpecification.java,,,,,,,,,,,,,,,,,,,,,,,,,2,10,0,5,2,1,5,2,1,1,2,1,1,1,1,1,1,,,,,,0,,1,00,1,1,1,1
Package,"org.apache.pdfbox.pdmodel.common.function",pdfbox/src/main/java/org/apache/pdfbox/pdmodel/common/function/PDFunction.java,2,2,2,1,17,0,11,5,,,,8,1,2,7,,60,24,61,,4,8,6,43,,1452,122,784,257,359,550,,,374,502,254,309,,,,,9,8,11,6,,5,,0,70,122,119,128,72
Public Abstract Class,"org.apache.pdfbox.pdmodel.common.function.PDFunction",pdfbox/src/main/java/org/apache/pdfbox/pdmodel/common/function/PDFunction.java,2,2,2,1,17,0,10,6,2,17,5,,1,0,,,17,6,18,30,0,1,5,12,,332,21,174,39,80,137,,,60,93,38,62,,,,,9,6,9,6,1,2,88,0,79,36,33,37,23
Public Constructor,"org.apache.pdfbox.pdmodel.common.function.PDFunction.PDFunction(COSBase)",pdfbox/src/main/java/org/apache/pdfbox/pdmodel/common/function/PDFunction.java,,,,,,,,,,,,,,,,,,,,,,,,,9,18,0,12,1,5,6,6,3,3,6,1,5,3,3,3,1,,,,,,1,,0,50,3,3,3,1
Protected Method,"org.apache.pdfbox.pdmodel.common.function.PDFunction.clipToRange(float,float,float)",pdfbox/src/main/java/org/apache/pdfbox/pdmodel/common/function/PDFunction.java,,,,,,,,,,,,,,,,,,,,,,,,,7,21,1,12,1,5,8,1,3,3,6,1,5,3,3,3,3,,,,,,1,,0,67,3,3,3,3
Protected Method,"org.apache.pdfbox.pdmodel.common.function.PDFunction.clipToRange(float[])",pdfbox/src/main/java/org/apache/pdfbox/pdmodel/common/function/PDFunction.java,,,,,,,,,,,,,,,,,,,,,,,,,4,27,0,21,6,11,6,5,3,11,14,7,9,3,3,4,1,,,,,,2,,0,29,3,3,4,1
Public Static Method,"org.apache.pdfbox.pdmodel.common.function.PDFunction.create(COSBase)",pdfbox/src/main/java/org/apache/pdfbox/pdmodel/common/function/PDFunction.java,,,,,,,,,,,,,,,,,,,,,,,,,11,42,1,32,4,21,9,11,21,11,16,4,13,9,6,9,6,,,,,,1,,0,28,9,6,9,6
Public Abstract Method,"org.apache.pdfbox.pdmodel.common.function.PDFunction.eval(float[])",pdfbox/src/main/java/org/apache/pdfbox/pdmodel/common/function/PDFunction.java,,,,,,,,,,,,,,,,,,,,,,,,,9,13,0,1,1,0,12,1,0,1,1,1,0,0,0,0,0,,,,,,0,,12,00,0,0,0,0
Public Final Method,"org.apache.pdfbox.pdmodel.common.function.PDFunction.getCOSObject()",pdfbox/src/main/java/org/apache/pdfbox/pdmodel/common/function/PDFunction.java,,,,,,,,,,,,,,,,,,,,,,,,,18,16,0,12,2,4,4,2,2,2,4,1,3,2,2,2,1,,,,,,1,,0,33,2,2,2,1
Public Method,"org.apache.pdfbox.pdmodel.common.function.PDFunction.getDomainForInput(int)",pdfbox/src/main/java/org/apache/pdfbox/pdmodel/common/function/PDFunction.java,,,,,,,,,,,,,,,,,,,,,,,,,4,14,0,5,2,2,9,3,1,2,3,2,2,1,1,1,1,,,,,,0,,1,80,1,1,1,1
Private Method,"org.apache.pdfbox.pdmodel.common.function.PDFunction.getDomainValues()",pdfbox/src/main/java/org/apache/pdfbox/pdmodel/common/function/PDFunction.java,,,,,,,,,,,,,,,,,,,,,,,,,4,13,0,8,1,3,5,4,2,2,4,1,3,2,2,2,1,,,,,,1,,0,62,2,2,2,1
Public Abstract Method,"org.apache.pdfbox.pdmodel.common.function.PDFunction.getFunctionType()",pdfbox/src/main/java/org/apache/pdfbox/pdmodel/common/function/PDFunction.java,,,,,,,,,,,,,,,,,,,,,,,,,1,13,0,1,1,0,12,1,0,1,1,1,0,0,0,0,0,,,,,,0,,12,00,0,0,0,0
Public Method,"org.apache.pdfbox.pdmodel.common.function.PDFunction.getNumberOfInputParameters()",pdfbox/src/main/java/org/apache/pdfbox/pdmodel/common/function/PDFunction.java,,,,,,,,,,,,,,,,,,,,,,,,,2,16,0,9,2,4,7,4,2,3,5,2,4,2,2,2,1,,,,,,1,,0,78,2,2,2,1
Public Method,"org.apache.pdfbox.pdmodel.common.function.PDFunction.getNumberOfOutputParameters()",pdfbox/src/main/java/org/apache/pdfbox/pdmodel/common/function/PDFunction.java,,,,,,,,,,,,,,,,,,,,,,,,,5,26,0,16,2,7,10,4,3,4,7,2,6,3,3,3,1,,,,,,2,,0,62,3,3,3,1
Protected Method,"org.apache.pdfbox.pdmodel.common.function.PDFunction.getPDStream()",pdfbox/src/main/java/org/apache/pdfbox/pdmodel/common/function/PDFunction.java,,,,,,,,,,,,,,,,,,,,,,,,,3,8,0,4,1,1,4,1,1,1,2,1,1,1,1,1,1,,,,,,0,,1,00,1,1,1,1
Public Method,"org.apache.pdfbox.pdmodel.common.function.PDFunction.getRangeForOutput(int)",pdfbox/src/main/java/org/apache/pdfbox/pdmodel/common/function/PDFunction.java,,,,,,,,,,,,,,,,,,,,,,,,,3,14,0,5,2,2,9,3,1,2,3,2,2,1,1,1,1,,,,,,0,,1,80,1,1,1,1
Protected Method,"org.apache.pdfbox.pdmodel.common.function.PDFunction.getRangeValues()",pdfbox/src/main/java/org/apache/pdfbox/pdmodel/common/function/PDFunction.java,,,,,,,,,,,,,,,,,,,,,,,,,6,13,0,8,1,3,5,4,2,2,4,1,3,2,2,2,1,,,,,,1,,0,62,2,2,2,1
Protected Method,"org.apache.pdfbox.pdmodel.common.function.PDFunction.interpolate(float,float,float,float,float)",pdfbox/src/main/java/org/apache/pdfbox/pdmodel/common/function/PDFunction.java,,,,,,,,,,,,,,,,,,,,,,,,,8,16,0,4,1,1,12,1,1,1,2,1,1,1,1,1,1,,,,,,0,,3,00,1,1,1,1
Public Method,"org.apache.pdfbox.pdmodel.common.function.PDFunction.setDomainValues(COSArray)",pdfbox/src/main/java/org/apache/pdfbox/pdmodel/common/function/PDFunction.java,,,,,,,,,,,,,,,,,,,,,,,,,2,10,0,5,1,2,5,3,1,2,3,1,2,1,1,1,1,,,,,,0,,1,00,1,1,1,1
Public Method,"org.apache.pdfbox.pdmodel.common.function.PDFunction.setRangeValues(COSArray)",pdfbox/src/main/java/org/apache/pdfbox/pdmodel/common/function/PDFunction.java,,,,,,,,,,,,,,,,,,,,,,,,,2,10,0,5,1,2,5,3,1,2,3,1,2,1,1,1,1,,,,,,0,,1,00,1,1,1,1
Public Method,"org.apache.pdfbox.pdmodel.common.function.PDFunction.toString()",pdfbox/src/main/java/org/apache/pdfbox/pdmodel/common/function/PDFunction.java,,,,,,,,,,,,,,,,,,,,,,,,,0,8,0,5,2,1,3,2,1,1,2,1,1,1,1,1,1,,,,,,0,,0,60,1,1,1,1
Public Class,"org.apache.pdfbox.pdmodel.common.function.PDFunctionType0",pdfbox/src/main/java/org/apache/pdfbox/pdmodel/common/function/PDFunctionType0.java,1,1,2,1,15,0,9,5,1,13,0,,0,1,,,13,4,13,43,0,2,0,11,,436,27,252,66,130,158,,,127,173,75,123,,,,,4,4,4,1,2,3,90,0,63,24,24,26,13
Public Constructor,"org.apache.pdfbox.pdmodel.common.function.PDFunctionType0.PDFunctionType0(COSBase)",pdfbox/src/main/java/org/apache/pdfbox/pdmodel/common/function/PDFunctionType0.java,,,,,,,,,,,,,,,,,,,,,,,,,2,9,0,4,1,1,5,2,1,1,2,1,1,1,1,1,1,,,,,,0,,1,25,1,1,1,1
Private Class,"org.apache.pdfbox.pdmodel.common.function.PDFunctionType0.Rinterpol",pdfbox/src/main/java/org/apache/pdfbox/pdmodel/common/function/PDFunctionType0.java,3,3,3,1,30,0,22,8,1,8,0,,0,0,,,5,5,5,17,2,3,0,0,,178,5,118,27,62,55,,,65,86,35,62,,,,,7,7,7,4,1,5,64,0,47,19,19,19,8
Constructor,"org.apache.pdfbox.pdmodel.common.function.PDFunctionType0.Rinterpol.Rinterpol(float[],int[],int[])",pdfbox/src/main/java/org/apache/pdfbox/pdmodel/common/function/PDFunctionType0.java,,,,,,,,,,,,,,,,,,,,,,,,,5,15,0,7,1,4,8,5,1,4,5,1,4,1,1,1,1,,,,,,0,,1,14,1,1,1,1
Private Method,"org.apache.pdfbox.pdmodel.common.function.PDFunctionType0.Rinterpol.calcSampleIndex(int[])",pdfbox/src/main/java/org/apache/pdfbox/pdmodel/common/function/PDFunctionType0.java,,,,,,,,,,,,,,,,,,,,,,,,,3,28,0,20,5,11,8,3,6,12,16,7,10,4,4,4,1,,,,,,2,,0,40,4,4,4,1
Private Method,"org.apache.pdfbox.pdmodel.common.function.PDFunctionType0.Rinterpol.getSamples()",pdfbox/src/main/java/org/apache/pdfbox/pdmodel/common/function/PDFunctionType0.java,,,,,,,,,,,,,,,,,,,,,,,,,4,45,0,36,7,19,9,12,9,18,25,10,19,6,6,6,1,,,,,,5,,0,25,6,6,6,1
Private Method,"org.apache.pdfbox.pdmodel.common.function.PDFunctionType0.Rinterpol.rinterpol(int[],int)",pdfbox/src/main/java/org/apache/pdfbox/pdmodel/common/function/PDFunctionType0.java,,,,,,,,,,,,,,,,,,,,,,,,,8,55,0,43,7,26,12,5,7,25,32,10,27,7,7,7,4,,,,,,3,,0,28,7,7,7,4
Method,"org.apache.pdfbox.pdmodel.common.function.PDFunctionType0.Rinterpol.rinterpolate()",pdfbox/src/main/java/org/apache/pdfbox/pdmodel/common/function/PDFunctionType0.java,,,,,,,,,,,,,,,,,,,,,,,,,2,9,0,4,1,1,5,2,1,1,2,1,1,1,1,1,1,,,,,,0,,1,25,1,1,1,1
Public Method,"org.apache.pdfbox.pdmodel.common.function.PDFunctionType0.eval(float[])",pdfbox/src/main/java/org/apache/pdfbox/pdmodel/common/function/PDFunctionType0.java,,,,,,,,,,,,,,,,,,,,,,,,,2,47,6,36,14,26,6,21,6,26,30,15,24,4,4,4,1,,,,,,2,,0,17,4,4,4,1
Public Method,"org.apache.pdfbox.pdmodel.common.function.PDFunctionType0.getBitsPerSample()",pdfbox/src/main/java/org/apache/pdfbox/pdmodel/common/function/PDFunctionType0.java,,,,,,,,,,,,,,,,,,,,,,,,,3,11,0,4,1,1,7,3,1,1,2,1,1,1,1,1,1,,,,,,0,,1,75,1,1,1,1
Public Method,"org.apache.pdfbox.pdmodel.common.function.PDFunctionType0.getDecodeForParameter(int)",pdfbox/src/main/java/org/apache/pdfbox/pdmodel/common/function/PDFunctionType0.java,,,,,,,,,,,,,,,,,,,,,,,,,2,17,0,10,3,5,7,4,2,4,6,3,4,2,2,3,1,,,,,,1,,0,70,2,2,3,1
Private Method,"org.apache.pdfbox.pdmodel.common.function.PDFunctionType0.getDecodeValues()",pdfbox/src/main/java/org/apache/pdfbox/pdmodel/common/function/PDFunctionType0.java,,,,,,,,,,,,,,,,,,,,,,,,,3,18,0,12,1,5,6,5,3,3,6,1,5,3,3,3,1,,,,,,2,,0,50,3,3,3,1
Public Method,"org.apache.pdfbox.pdmodel.common.function.PDFunctionType0.getEncodeForParameter(int)",pdfbox/src/main/java/org/apache/pdfbox/pdmodel/common/function/PDFunctionType0.java,,,,,,,,,,,,,,,,,,,,,,,,,2,17,0,10,3,5,7,4,2,4,6,3,4,2,2,3,1,,,,,,1,,0,70,2,2,3,1
Private Method,"org.apache.pdfbox.pdmodel.common.function.PDFunctionType0.getEncodeValues()",pdfbox/src/main/java/org/apache/pdfbox/pdmodel/common/function/PDFunctionType0.java,,,,,,,,,,,,,,,,,,,,,,,,,4,25,0,19,3,10,6,10,4,9,13,4,11,4,4,4,1,,,,,,3,,0,32,4,4,4,1
Public Method,"org.apache.pdfbox.pdmodel.common.function.PDFunctionType0.getFunctionType()",pdfbox/src/main/java/org/apache/pdfbox/pdmodel/common/function/PDFunctionType0.java,,,,,,,,,,,,,,,,,,,,,,,,,0,8,0,5,2,1,3,1,1,1,2,1,1,1,1,1,1,,,,,,0,,0,60,1,1,1,1
Public Method,"org.apache.pdfbox.pdmodel.common.function.PDFunctionType0.getOrder()",pdfbox/src/main/java/org/apache/pdfbox/pdmodel/common/function/PDFunctionType0.java,,,,,,,,,,,,,,,,,,,,,,,,,1,11,0,4,1,1,7,3,1,1,2,1,1,1,1,1,1,,,,,,0,,1,75,1,1,1,1
Public Method,"org.apache.pdfbox.pdmodel.common.function.PDFunctionType0.getSize()",pdfbox/src/main/java/org/apache/pdfbox/pdmodel/common/function/PDFunctionType0.java,,,,,,,,,,,,,,,,,,,,,,,,,6,14,0,8,1,3,6,4,2,2,4,1,3,2,2,2,1,,,,,,1,,0,75,2,2,2,1
Public Method,"org.apache.pdfbox.pdmodel.common.function.PDFunctionType0.setBitsPerSample(int)",pdfbox/src/main/java/org/apache/pdfbox/pdmodel/common/function/PDFunctionType0.java,,,,,,,,,,,,,,,,,,,,,,,,,2,10,0,4,1,1,6,2,1,1,2,1,1,1,1,1,1,,,,,,0,,1,50,1,1,1,1
Public Method,"org.apache.pdfbox.pdmodel.common.function.PDFunctionType0.setDecodeValues(COSArray)",pdfbox/src/main/java/org/apache/pdfbox/pdmodel/common/function/PDFunctionType0.java,,,,,,,,,,,,,,,,,,,,,,,,,2,10,0,5,1,2,5,3,1,2,3,1,2,1,1,1,1,,,,,,0,,1,00,1,1,1,1
Public Method,"org.apache.pdfbox.pdmodel.common.function.PDFunctionType0.setEncodeValues(COSArray)",pdfbox/src/main/java/org/apache/pdfbox/pdmodel/common/function/PDFunctionType0.java,,,,,,,,,,,,,,,,,,,,,,,,,2,10,0,5,1,2,5,3,1,2,3,1,2,1,1,1,1,,,,,,0,,1,00,1,1,1,1
Public Class,"org.apache.pdfbox.pdmodel.common.function.PDFunctionType2",pdfbox/src/main/java/org/apache/pdfbox/pdmodel/common/function/PDFunctionType2.java,1,1,1,1,15,0,9,4,1,10,0,,0,0,,,7,3,7,37,0,0,0,7,,135,13,75,20,31,48,,,26,39,18,27,,,,,5,5,5,1,2,1,57,0,64,12,12,12,7
Public Constructor,"org.apache.pdfbox.pdmodel.common.function.PDFunctionType2.PDFunctionType2(COSBase)",pdfbox/src/main/java/org/apache/pdfbox/pdmodel/common/function/PDFunctionType2.java,,,,,,,,,,,,,,,,,,,,,,,,,9,39,3,31,3,16,5,12,16,10,15,3,14,5,5,5,1,,,,,,1,,0,16,5,5,5,1
Public Method,"org.apache.pdfbox.pdmodel.common.function.PDFunctionType2.eval(float[])",pdfbox/src/main/java/org/apache/pdfbox/pdmodel/common/function/PDFunctionType2.java,,,,,,,,,,,,,,,,,,,,,,,,,5,21,2,13,6,7,7,7,2,8,10,6,8,2,2,2,1,,,,,,1,,0,54,2,2,2,1
Public Method,"org.apache.pdfbox.pdmodel.common.function.PDFunctionType2.getC0()",pdfbox/src/main/java/org/apache/pdfbox/pdmodel/common/function/PDFunctionType2.java,,,,,,,,,,,,,,,,,,,,,,,,,2,9,0,4,1,1,5,1,1,1,2,1,1,1,1,1,1,,,,,,0,,1,25,1,1,1,1
Public Method,"org.apache.pdfbox.pdmodel.common.function.PDFunctionType2.getC1()",pdfbox/src/main/java/org/apache/pdfbox/pdmodel/common/function/PDFunctionType2.java,,,,,,,,,,,,,,,,,,,,,,,,,2,9,0,4,1,1,5,1,1,1,2,1,1,1,1,1,1,,,,,,0,,1,25,1,1,1,1
Public Method,"org.apache.pdfbox.pdmodel.common.function.PDFunctionType2.getFunctionType()",pdfbox/src/main/java/org/apache/pdfbox/pdmodel/common/function/PDFunctionType2.java,,,,,,,,,,,,,,,,,,,,,,,,,0,8,0,5,2,1,3,1,1,1,2,1,1,1,1,1,1,,,,,,0,,0,60,1,1,1,1
Public Method,"org.apache.pdfbox.pdmodel.common.function.PDFunctionType2.getN()",pdfbox/src/main/java/org/apache/pdfbox/pdmodel/common/function/PDFunctionType2.java,,,,,,,,,,,,,,,,,,,,,,,,,2,9,0,4,1,1,5,1,1,1,2,1,1,1,1,1,1,,,,,,0,,1,25,1,1,1,1
Public Method,"org.apache.pdfbox.pdmodel.common.function.PDFunctionType2.toString()",pdfbox/src/main/java/org/apache/pdfbox/pdmodel/common/function/PDFunctionType2.java,,,,,,,,,,,,,,,,,,,,,,,,,0,11,0,8,2,4,3,4,1,1,2,1,1,1,1,1,1,,,,,,0,,0,38,1,1,1,1
Public Class,"org.apache.pdfbox.pdmodel.common.function.PDFunctionType3",pdfbox/src/main/java/org/apache/pdfbox/pdmodel/common/function/PDFunctionType3.java,2,2,2,1,19,0,13,6,1,9,0,,0,0,,,7,5,7,37,0,1,0,6,,158,10,100,27,52,48,,,44,62,27,41,,,,,8,8,11,4,2,3,85,0,48,17,17,20,10
Public Constructor,"org.apache.pdfbox.pdmodel.common.function.PDFunctionType3.PDFunctionType3(COSBase)",pdfbox/src/main/java/org/apache/pdfbox/pdmodel/common/function/PDFunctionType3.java,,,,,,,,,,,,,,,,,,,,,,,,,2,9,0,4,1,1,5,2,1,1,2,1,1,1,1,1,1,,,,,,0,,1,25,1,1,1,1
Public Method,"org.apache.pdfbox.pdmodel.common.function.PDFunctionType3.eval(float[])",pdfbox/src/main/java/org/apache/pdfbox/pdmodel/common/function/PDFunctionType3.java,,,,,,,,,,,,,,,,,,,,,,,,,4,69,2,54,13,34,13,20,39,29,37,14,28,8,8,11,4,,,,,,3,,0,24,8,8,11,4
Public Method,"org.apache.pdfbox.pdmodel.common.function.PDFunctionType3.getBounds()",pdfbox/src/main/java/org/apache/pdfbox/pdmodel/common/function/PDFunctionType3.java,,,,,,,,,,,,,,,,,,,,,,,,,3,13,0,8,1,3,5,4,2,2,4,1,3,2,2,2,1,,,,,,1,,0,62,2,2,2,1
Public Method,"org.apache.pdfbox.pdmodel.common.function.PDFunctionType3.getEncode()",pdfbox/src/main/java/org/apache/pdfbox/pdmodel/common/function/PDFunctionType3.java,,,,,,,,,,,,,,,,,,,,,,,,,3,13,0,8,1,3,5,4,2,2,4,1,3,2,2,2,1,,,,,,1,,0,62,2,2,2,1
Private Method,"org.apache.pdfbox.pdmodel.common.function.PDFunctionType3.getEncodeForParameter(int)",pdfbox/src/main/java/org/apache/pdfbox/pdmodel/common/function/PDFunctionType3.java,,,,,,,,,,,,,,,,,,,,,,,,,2,12,0,5,2,2,7,3,1,2,3,2,2,1,1,1,1,,,,,,0,,1,40,1,1,1,1
Public Method,"org.apache.pdfbox.pdmodel.common.function.PDFunctionType3.getFunctionType()",pdfbox/src/main/java/org/apache/pdfbox/pdmodel/common/function/PDFunctionType3.java,,,,,,,,,,,,,,,,,,,,,,,,,0,8,0,5,2,1,3,1,1,1,2,1,1,1,1,1,1,,,,,,0,,0,60,1,1,1,1
Public Method,"org.apache.pdfbox.pdmodel.common.function.PDFunctionType3.getFunctions()",pdfbox/src/main/java/org/apache/pdfbox/pdmodel/common/function/PDFunctionType3.java,,,,,,,,,,,,,,,,,,,,,,,,,3,13,0,8,1,3,5,4,2,2,4,1,3,2,2,2,1,,,,,,1,,0,62,2,2,2,1
Public Class,"org.apache.pdfbox.pdmodel.common.function.PDFunctionType4",pdfbox/src/main/java/org/apache/pdfbox/pdmodel/common/function/PDFunctionType4.java,2,2,2,1,20,1,13,5,1,14,0,,0,1,,,3,1,3,33,0,0,0,3,,76,8,46,17,25,22,,,24,31,17,23,,,,,4,4,4,1,2,1,33,0,48,6,6,6,3
Public Constructor,"org.apache.pdfbox.pdmodel.common.function.PDFunctionType4.PDFunctionType4(COSBase)",pdfbox/src/main/java/org/apache/pdfbox/pdmodel/common/function/PDFunctionType4.java,,,,,,,,,,,,,,,,,,,,,,,,,4,13,0,7,3,4,6,7,1,4,5,3,4,1,1,1,1,,,,,,0,,0,86,1,1,1,1
Public Method,"org.apache.pdfbox.pdmodel.common.function.PDFunctionType4.eval(float[])",pdfbox/src/main/java/org/apache/pdfbox/pdmodel/common/function/PDFunctionType4.java,,,,,,,,,,,,,,,,,,,,,,,,,6,39,3,29,9,19,7,14,8,17,21,10,17,4,4,4,1,,,,,,1,,0,24,4,4,4,1
Public Method,"org.apache.pdfbox.pdmodel.common.function.PDFunctionType4.getFunctionType()",pdfbox/src/main/java/org/apache/pdfbox/pdmodel/common/function/PDFunctionType4.java,,,,,,,,,,,,,,,,,,,,,,,,,0,8,0,5,2,1,3,1,1,1,2,1,1,1,1,1,1,,,,,,0,,0,60,1,1,1,1
Public Class,"org.apache.pdfbox.pdmodel.common.function.PDFunctionTypeIdentity",pdfbox/src/main/java/org/apache/pdfbox/pdmodel/common/function/PDFunctionTypeIdentity.java,1,1,1,1,6,0,4,1,1,6,0,,0,0,,,5,0,5,35,0,0,1,4,,44,6,27,10,5,11,,,5,11,6,5,,,,,1,1,1,1,2,0,0,0,41,5,5,5,5
Public Constructor,"org.apache.pdfbox.pdmodel.common.function.PDFunctionTypeIdentity.PDFunctionTypeIdentity(COSBase)",pdfbox/src/main/java/org/apache/pdfbox/pdmodel/common/function/PDFunctionTypeIdentity.java,,,,,,,,,,,,,,,,,,,,,,,,,1,5,0,4,1,1,1,2,1,1,2,1,1,1,1,1,1,,,,,,0,,0,25,1,1,1,1
Public Method,"org.apache.pdfbox.pdmodel.common.function.PDFunctionTypeIdentity.eval(float[])",pdfbox/src/main/java/org/apache/pdfbox/pdmodel/common/function/PDFunctionTypeIdentity.java,,,,,,,,,,,,,,,,,,,,,,,,,1,5,0,5,2,1,0,1,1,1,2,1,1,1,1,1,1,,,,,,0,,0,00,1,1,1,1
Public Method,"org.apache.pdfbox.pdmodel.common.function.PDFunctionTypeIdentity.getFunctionType()",pdfbox/src/main/java/org/apache/pdfbox/pdmodel/common/function/PDFunctionTypeIdentity.java,,,,,,,,,,,,,,,,,,,,,,,,,0,7,0,5,2,1,2,2,1,1,2,1,1,1,1,1,1,,,,,,0,,0,40,1,1,1,1
Protected Method,"org.apache.pdfbox.pdmodel.common.function.PDFunctionTypeIdentity.getRangeValues()",pdfbox/src/main/java/org/apache/pdfbox/pdmodel/common/function/PDFunctionTypeIdentity.java,,,,,,,,,,,,,,,,,,,,,,,,,0,5,0,5,2,1,0,1,1,1,2,1,1,1,1,1,1,,,,,,0,,0,00,1,1,1,1
Public Method,"org.apache.pdfbox.pdmodel.common.function.PDFunctionTypeIdentity.toString()",pdfbox/src/main/java/org/apache/pdfbox/pdmodel/common/function/PDFunctionTypeIdentity.java,,,,,,,,,,,,,,,,,,,,,,,,,0,8,0,5,2,1,3,1,1,1,2,1,1,1,1,1,1,,,,,,0,,0,60,1,1,1,1
Class,"org.apache.pdfbox.pdmodel.common.function.TestPDFunctionType4",pdfbox/src/test/java/org/apache/pdfbox/pdmodel/common/function/TestPDFunctionType4.java,1,1,1,1,24,4,16,4,1,10,0,,0,0,,,3,0,3,15,2,1,0,0,,82,16,53,21,36,15,,,31,36,16,28,,,,,1,1,1,1,1,1,0,0,28,3,3,3,3
Private Method,"org.apache.pdfbox.pdmodel.common.function.TestPDFunctionType4.createFunction(String,float[],float[])",pdfbox/src/test/java/org/apache/pdfbox/pdmodel/common/function/TestPDFunctionType4.java,,,,,,,,,,,,,,,,,,,,,,,,,7,20,2,18,6,12,0,10,1,11,13,5,12,1,1,1,1,,,,,,1,,0,00,1,1,1,1
Method,"org.apache.pdfbox.pdmodel.common.function.TestPDFunctionType4.testFunctionArgumentOrder()",pdfbox/src/test/java/org/apache/pdfbox/pdmodel/common/function/TestPDFunctionType4.java,,,,,,,,,,,,,,,,,,,,,,,,,1,20,3,12,7,8,5,3,1,6,7,5,4,1,1,1,1,,,,,,0,,0,42,1,1,1,1
Method,"org.apache.pdfbox.pdmodel.common.function.TestPDFunctionType4.testFunctionSimple()",pdfbox/src/test/java/org/apache/pdfbox/pdmodel/common/function/TestPDFunctionType4.java,,,,,,,,,,,,,,,,,,,,,,,,,1,32,7,20,7,16,7,3,1,14,15,5,12,1,1,1,1,,,,,,0,,0,35,1,1,1,1
Package,"org.apache.pdfbox.pdmodel.common.function.type4",pdfbox/src/main/java/org/apache/pdfbox/pdmodel/common/function/type4/ArithmeticOperators.java,1,1,1,1,11,0,9,2,,,,62,5,51,14,,150,16,155,,49,21,15,70,,2594,286,1653,580,683,699,,,579,842,451,550,,,,,13,8,13,5,,3,,0,42,223,202,236,158
Class,"org.apache.pdfbox.pdmodel.common.function.type4.ArithmeticOperators",pdfbox/src/main/java/org/apache/pdfbox/pdmodel/common/function/type4/ArithmeticOperators.java,1,1,1,1,4,0,3,1,1,0,0,,0,0,,,1,0,1,13,0,1,0,0,,385,44,315,106,106,26,,,78,137,85,93,,,,,1,1,1,1,1,0,0,0,08,1,1,1,1
Static Class,"org.apache.pdfbox.pdmodel.common.function.type4.ArithmeticOperators.Abs",pdfbox/src/main/java/org/apache/pdfbox/pdmodel/common/function/type4/ArithmeticOperators.java,2,2,2,1,13,0,13,0,2,6,0,,0,0,,,1,0,1,13,0,0,0,1,,18,1,16,4,5,1,,,3,6,3,4,,,,,2,2,2,1,1,1,0,0,06,2,2,2,1
Public Method,"org.apache.pdfbox.pdmodel.common.function.type4.ArithmeticOperators.Abs.execute(ExecutionContext)",pdfbox/src/main/java/org/apache/pdfbox/pdmodel/common/function/type4/ArithmeticOperators.java,,,,,,,,,,,,,,,,,,,,,,,,,1,13,0,13,3,5,0,7,2,3,5,2,4,2,2,2,1,,,,,,1,,0,00,2,2,2,1
Static Class,"org.apache.pdfbox.pdmodel.common.function.type4.ArithmeticOperators.Add",pdfbox/src/main/java/org/apache/pdfbox/pdmodel/common/function/type4/ArithmeticOperators.java,3,3,5,1,23,0,23,0,2,5,0,,0,0,,,1,0,1,13,0,0,0,1,,28,1,26,7,11,1,,,7,11,6,9,,,,,3,3,5,1,1,2,0,0,04,3,3,5,1
Public Method,"org.apache.pdfbox.pdmodel.common.function.type4.ArithmeticOperators.Add.execute(ExecutionContext)",pdfbox/src/main/java/org/apache/pdfbox/pdmodel/common/function/type4/ArithmeticOperators.java,,,,,,,,,,,,,,,,,,,,,,,,,3,23,0,23,6,11,0,5,3,7,10,5,9,3,3,5,1,,,,,,2,,0,00,3,3,5,1
Private Constructor,"org.apache.pdfbox.pdmodel.common.function.type4.ArithmeticOperators.ArithmeticOperators()",pdfbox/src/main/java/org/apache/pdfbox/pdmodel/common/function/type4/ArithmeticOperators.java,,,,,,,,,,,,,,,,,,,,,,,,,0,4,0,3,1,0,1,1,1,0,1,1,0,1,1,1,1,,,,,,0,,0,33,1,1,1,1
Static Class,"org.apache.pdfbox.pdmodel.common.function.type4.ArithmeticOperators.Atan",pdfbox/src/main/java/org/apache/pdfbox/pdmodel/common/function/type4/ArithmeticOperators.java,2,2,2,1,13,0,13,0,2,4,0,,0,0,,,1,0,1,13,0,0,0,1,,18,1,16,6,7,1,,,6,9,5,7,,,,,2,2,2,1,1,1,0,0,06,2,2,2,1
Public Method,"org.apache.pdfbox.pdmodel.common.function.type4.ArithmeticOperators.Atan.execute(ExecutionContext)",pdfbox/src/main/java/org/apache/pdfbox/pdmodel/common/function/type4/ArithmeticOperators.java,,,,,,,,,,,,,,,,,,,,,,,,,1,13,0,13,5,7,0,5,2,6,8,4,7,2,2,2,1,,,,,,1,,0,00,2,2,2,1
Static Class,"org.apache.pdfbox.pdmodel.common.function.type4.ArithmeticOperators.Ceiling",pdfbox/src/main/java/org/apache/pdfbox/pdmodel/common/function/type4/ArithmeticOperators.java,2,2,2,1,13,0,13,0,2,6,0,,0,0,,,1,0,1,13,0,0,0,1,,18,1,16,4,5,1,,,3,6,3,4,,,,,2,2,2,1,1,1,0,0,06,2,2,2,1
Public Method,"org.apache.pdfbox.pdmodel.common.function.type4.ArithmeticOperators.Ceiling.execute(ExecutionContext)",pdfbox/src/main/java/org/apache/pdfbox/pdmodel/common/function/type4/ArithmeticOperators.java,,,,,,,,,,,,,,,,,,,,,,,,,1,13,0,13,3,5,0,5,2,3,5,2,4,2,2,2,1,,,,,,1,,0,00,2,2,2,1
Static Class,"org.apache.pdfbox.pdmodel.common.function.type4.ArithmeticOperators.Cos",pdfbox/src/main/java/org/apache/pdfbox/pdmodel/common/function/type4/ArithmeticOperators.java,1,1,1,1,7,0,7,0,2,4,0,,0,0,,,1,0,1,13,0,0,0,1,,12,1,10,5,3,1,,,3,5,4,3,,,,,1,1,1,1,1,0,0,0,10,1,1,1,1
Public Method,"org.apache.pdfbox.pdmodel.common.function.type4.ArithmeticOperators.Cos.execute(ExecutionContext)",pdfbox/src/main/java/org/apache/pdfbox/pdmodel/common/function/type4/ArithmeticOperators.java,,,,,,,,,,,,,,,,,,,,,,,,,1,7,0,7,4,3,0,5,1,3,4,3,3,1,1,1,1,,,,,,0,,0,00,1,1,1,1
Static Class,"org.apache.pdfbox.pdmodel.common.function.type4.ArithmeticOperators.Cvi",pdfbox/src/main/java/org/apache/pdfbox/pdmodel/common/function/type4/ArithmeticOperators.java,1,1,1,1,6,0,6,0,2,4,0,,0,0,,,1,0,1,13,0,0,0,1,,11,1,9,4,2,1,,,2,4,3,2,,,,,1,1,1,1,1,0,0,0,11,1,1,1,1
Public Method,"org.apache.pdfbox.pdmodel.common.function.type4.ArithmeticOperators.Cvi.execute(ExecutionContext)",pdfbox/src/main/java/org/apache/pdfbox/pdmodel/common/function/type4/ArithmeticOperators.java,,,,,,,,,,,,,,,,,,,,,,,,,1,6,0,6,3,2,0,4,1,2,3,2,2,1,1,1,1,,,,,,0,,0,00,1,1,1,1
Static Class,"org.apache.pdfbox.pdmodel.common.function.type4.ArithmeticOperators.Cvr",pdfbox/src/main/java/org/apache/pdfbox/pdmodel/common/function/type4/ArithmeticOperators.java,1,1,1,1,6,0,6,0,2,4,0,,0,0,,,1,0,1,13,0,0,0,1,,11,1,9,4,2,1,,,2,4,3,2,,,,,1,1,1,1,1,0,0,0,11,1,1,1,1
Public Method,"org.apache.pdfbox.pdmodel.common.function.type4.ArithmeticOperators.Cvr.execute(ExecutionContext)",pdfbox/src/main/java/org/apache/pdfbox/pdmodel/common/function/type4/ArithmeticOperators.java,,,,,,,,,,,,,,,,,,,,,,,,,1,6,0,6,3,2,0,4,1,2,3,2,2,1,1,1,1,,,,,,0,,0,00,1,1,1,1
Static Class,"org.apache.pdfbox.pdmodel.common.function.type4.ArithmeticOperators.Div",pdfbox/src/main/java/org/apache/pdfbox/pdmodel/common/function/type4/ArithmeticOperators.java,1,1,1,1,7,0,7,0,2,4,0,,0,0,,,1,0,1,13,0,0,0,1,,12,1,10,5,3,1,,,3,5,4,3,,,,,1,1,1,1,1,0,0,0,10,1,1,1,1
Public Method,"org.apache.pdfbox.pdmodel.common.function.type4.ArithmeticOperators.Div.execute(ExecutionContext)",pdfbox/src/main/java/org/apache/pdfbox/pdmodel/common/function/type4/ArithmeticOperators.java,,,,,,,,,,,,,,,,,,,,,,,,,1,7,0,7,4,3,0,4,1,3,4,3,3,1,1,1,1,,,,,,0,,0,00,1,1,1,1
Static Class,"org.apache.pdfbox.pdmodel.common.function.type4.ArithmeticOperators.Exp",pdfbox/src/main/java/org/apache/pdfbox/pdmodel/common/function/type4/ArithmeticOperators.java,1,1,1,1,8,0,8,0,2,5,0,,0,0,,,1,0,1,13,0,0,0,1,,13,1,11,6,4,1,,,4,6,5,4,,,,,1,1,1,1,1,0,0,0,09,1,1,1,1
Public Method,"org.apache.pdfbox.pdmodel.common.function.type4.ArithmeticOperators.Exp.execute(ExecutionContext)",pdfbox/src/main/java/org/apache/pdfbox/pdmodel/common/function/type4/ArithmeticOperators.java,,,,,,,,,,,,,,,,,,,,,,,,,1,8,0,8,5,4,0,5,1,4,5,4,4,1,1,1,1,,,,,,0,,0,00,1,1,1,1
Static Class,"org.apache.pdfbox.pdmodel.common.function.type4.ArithmeticOperators.Floor",pdfbox/src/main/java/org/apache/pdfbox/pdmodel/common/function/type4/ArithmeticOperators.java,2,2,2,1,13,0,13,0,2,6,0,,0,0,,,1,0,1,13,0,0,0,1,,18,1,16,4,5,1,,,3,6,3,4,,,,,2,2,2,1,1,1,0,0,06,2,2,2,1
Public Method,"org.apache.pdfbox.pdmodel.common.function.type4.ArithmeticOperators.Floor.execute(ExecutionContext)",pdfbox/src/main/java/org/apache/pdfbox/pdmodel/common/function/type4/ArithmeticOperators.java,,,,,,,,,,,,,,,,,,,,,,,,,1,13,0,13,3,5,0,5,2,3,5,2,4,2,2,2,1,,,,,,1,,0,00,2,2,2,1
Static Class,"org.apache.pdfbox.pdmodel.common.function.type4.ArithmeticOperators.IDiv",pdfbox/src/main/java/org/apache/pdfbox/pdmodel/common/function/type4/ArithmeticOperators.java,1,1,1,1,7,0,7,0,2,3,0,,0,0,,,1,0,1,13,0,0,0,1,,12,1,10,5,3,1,,,3,5,4,3,,,,,1,1,1,1,1,0,0,0,10,1,1,1,1
Public Method,"org.apache.pdfbox.pdmodel.common.function.type4.ArithmeticOperators.IDiv.execute(ExecutionContext)",pdfbox/src/main/java/org/apache/pdfbox/pdmodel/common/function/type4/ArithmeticOperators.java,,,,,,,,,,,,,,,,,,,,,,,,,1,7,0,7,4,3,0,3,1,3,4,3,3,1,1,1,1,,,,,,0,,0,00,1,1,1,1
Static Class,"org.apache.pdfbox.pdmodel.common.function.type4.ArithmeticOperators.Ln",pdfbox/src/main/java/org/apache/pdfbox/pdmodel/common/function/type4/ArithmeticOperators.java,1,1,1,1,6,0,6,0,2,5,0,,0,0,,,1,0,1,13,0,0,0,1,,11,1,9,4,2,1,,,2,4,3,2,,,,,1,1,1,1,1,0,0,0,11,1,1,1,1
Public Method,"org.apache.pdfbox.pdmodel.common.function.type4.ArithmeticOperators.Ln.execute(ExecutionContext)",pdfbox/src/main/java/org/apache/pdfbox/pdmodel/common/function/type4/ArithmeticOperators.java,,,,,,,,,,,,,,,,,,,,,,,,,1,6,0,6,3,2,0,5,1,2,3,2,2,1,1,1,1,,,,,,0,,0,00,1,1,1,1
Static Class,"org.apache.pdfbox.pdmodel.common.function.type4.ArithmeticOperators.Log",pdfbox/src/main/java/org/apache/pdfbox/pdmodel/common/function/type4/ArithmeticOperators.java,1,1,1,1,6,0,6,0,2,5,0,,0,0,,,1,0,1,13,0,0,0,1,,11,1,9,4,2,1,,,2,4,3,2,,,,,1,1,1,1,1,0,0,0,11,1,1,1,1
Public Method,"org.apache.pdfbox.pdmodel.common.function.type4.ArithmeticOperators.Log.execute(ExecutionContext)",pdfbox/src/main/java/org/apache/pdfbox/pdmodel/common/function/type4/ArithmeticOperators.java,,,,,,,,,,,,,,,,,,,,,,,,,1,6,0,6,3,2,0,5,1,2,3,2,2,1,1,1,1,,,,,,0,,0,00,1,1,1,1
Static Class,"org.apache.pdfbox.pdmodel.common.function.type4.ArithmeticOperators.Mod",pdfbox/src/main/java/org/apache/pdfbox/pdmodel/common/function/type4/ArithmeticOperators.java,1,1,1,1,7,0,7,0,2,3,0,,0,0,,,1,0,1,13,0,0,0,1,,12,1,10,5,3,1,,,3,5,4,3,,,,,1,1,1,1,1,0,0,0,10,1,1,1,1
Public Method,"org.apache.pdfbox.pdmodel.common.function.type4.ArithmeticOperators.Mod.execute(ExecutionContext)",pdfbox/src/main/java/org/apache/pdfbox/pdmodel/common/function/type4/ArithmeticOperators.java,,,,,,,,,,,,,,,,,,,,,,,,,1,7,0,7,4,3,0,3,1,3,4,3,3,1,1,1,1,,,,,,0,,0,00,1,1,1,1
Static Class,"org.apache.pdfbox.pdmodel.common.function.type4.ArithmeticOperators.Mul",pdfbox/src/main/java/org/apache/pdfbox/pdmodel/common/function/type4/ArithmeticOperators.java,3,3,5,1,23,0,23,0,2,5,0,,0,0,,,1,0,1,13,0,0,0,1,,28,1,26,7,11,1,,,7,11,6,9,,,,,3,3,5,1,1,2,0,0,04,3,3,5,1
Public Method,"org.apache.pdfbox.pdmodel.common.function.type4.ArithmeticOperators.Mul.execute(ExecutionContext)",pdfbox/src/main/java/org/apache/pdfbox/pdmodel/common/function/type4/ArithmeticOperators.java,,,,,,,,,,,,,,,,,,,,,,,,,3,23,0,23,6,11,0,5,3,7,10,5,9,3,3,5,1,,,,,,2,,0,00,3,3,5,1
Static Class,"org.apache.pdfbox.pdmodel.common.function.type4.ArithmeticOperators.Neg",pdfbox/src/main/java/org/apache/pdfbox/pdmodel/common/function/type4/ArithmeticOperators.java,3,3,3,1,21,0,21,0,2,5,0,,0,0,,,1,0,1,13,0,0,0,1,,26,1,24,5,9,1,,,5,9,4,7,,,,,3,3,3,1,1,2,0,0,04,3,3,3,1
Public Method,"org.apache.pdfbox.pdmodel.common.function.type4.ArithmeticOperators.Neg.execute(ExecutionContext)",pdfbox/src/main/java/org/apache/pdfbox/pdmodel/common/function/type4/ArithmeticOperators.java,,,,,,,,,,,,,,,,,,,,,,,,,2,21,0,21,4,9,0,5,3,5,8,3,7,3,3,3,1,,,,,,2,,0,00,3,3,3,1
Static Class,"org.apache.pdfbox.pdmodel.common.function.type4.ArithmeticOperators.Round",pdfbox/src/main/java/org/apache/pdfbox/pdmodel/common/function/type4/ArithmeticOperators.java,2,2,2,1,13,0,13,0,2,6,0,,0,0,,,1,0,1,13,0,0,0,1,,18,1,16,4,5,1,,,3,6,3,4,,,,,2,2,2,1,1,1,0,0,06,2,2,2,1
Public Method,"org.apache.pdfbox.pdmodel.common.function.type4.ArithmeticOperators.Round.execute(ExecutionContext)",pdfbox/src/main/java/org/apache/pdfbox/pdmodel/common/function/type4/ArithmeticOperators.java,,,,,,,,,,,,,,,,,,,,,,,,,1,13,0,13,3,5,0,6,2,3,5,2,4,2,2,2,1,,,,,,1,,0,00,2,2,2,1
Static Class,"org.apache.pdfbox.pdmodel.common.function.type4.ArithmeticOperators.Sin",pdfbox/src/main/java/org/apache/pdfbox/pdmodel/common/function/type4/ArithmeticOperators.java,1,1,1,1,7,0,7,0,2,4,0,,0,0,,,1,0,1,13,0,0,0,1,,12,1,10,5,3,1,,,3,5,4,3,,,,,1,1,1,1,1,0,0,0,10,1,1,1,1
Public Method,"org.apache.pdfbox.pdmodel.common.function.type4.ArithmeticOperators.Sin.execute(ExecutionContext)",pdfbox/src/main/java/org/apache/pdfbox/pdmodel/common/function/type4/ArithmeticOperators.java,,,,,,,,,,,,,,,,,,,,,,,,,1,7,0,7,4,3,0,5,1,3,4,3,3,1,1,1,1,,,,,,0,,0,00,1,1,1,1
Static Class,"org.apache.pdfbox.pdmodel.common.function.type4.ArithmeticOperators.Sqrt",pdfbox/src/main/java/org/apache/pdfbox/pdmodel/common/function/type4/ArithmeticOperators.java,2,2,2,1,10,0,10,0,2,5,0,,0,0,,,1,0,1,13,0,0,0,1,,15,1,13,4,4,1,,,3,6,3,4,,,,,2,2,2,1,1,1,0,0,08,2,2,2,1
Public Method,"org.apache.pdfbox.pdmodel.common.function.type4.ArithmeticOperators.Sqrt.execute(ExecutionContext)",pdfbox/src/main/java/org/apache/pdfbox/pdmodel/common/function/type4/ArithmeticOperators.java,,,,,,,,,,,,,,,,,,,,,,,,,1,10,0,10,3,4,0,5,2,3,5,2,4,2,2,2,1,,,,,,1,,0,00,2,2,2,1
Static Class,"org.apache.pdfbox.pdmodel.common.function.type4.ArithmeticOperators.Sub",pdfbox/src/main/java/org/apache/pdfbox/pdmodel/common/function/type4/ArithmeticOperators.java,3,3,5,1,24,0,24,0,2,5,0,,0,0,,,1,0,1,13,0,0,0,1,,29,1,27,8,12,1,,,8,12,7,10,,,,,3,3,5,1,1,2,0,0,04,3,3,5,1
Public Method,"org.apache.pdfbox.pdmodel.common.function.type4.ArithmeticOperators.Sub.execute(ExecutionContext)",pdfbox/src/main/java/org/apache/pdfbox/pdmodel/common/function/type4/ArithmeticOperators.java,,,,,,,,,,,,,,,,,,,,,,,,,3,24,0,24,7,12,0,5,3,8,11,6,10,3,3,5,1,,,,,,2,,0,00,3,3,5,1
Static Class,"org.apache.pdfbox.pdmodel.common.function.type4.ArithmeticOperators.Truncate",pdfbox/src/main/java/org/apache/pdfbox/pdmodel/common/function/type4/ArithmeticOperators.java,2,2,2,1,13,0,13,0,2,5,0,,0,0,,,1,0,1,13,0,0,0,1,,18,1,16,4,5,1,,,3,6,3,4,,,,,2,2,2,1,1,1,0,0,06,2,2,2,1
Public Method,"org.apache.pdfbox.pdmodel.common.function.type4.ArithmeticOperators.Truncate.execute(ExecutionContext)",pdfbox/src/main/java/org/apache/pdfbox/pdmodel/common/function/type4/ArithmeticOperators.java,,,,,,,,,,,,,,,,,,,,,,,,,1,13,0,13,3,5,0,5,2,3,5,2,4,2,2,2,1,,,,,,1,,0,00,2,2,2,1
Class,"org.apache.pdfbox.pdmodel.common.function.type4.BitwiseOperators",pdfbox/src/main/java/org/apache/pdfbox/pdmodel/common/function/type4/BitwiseOperators.java,1,1,1,1,4,0,3,1,1,0,0,,0,0,,,1,0,1,13,0,1,0,0,,177,26,138,56,46,13,,,40,66,45,34,,,,,1,1,1,1,1,0,0,0,09,1,1,1,1
Private Static Abstract Class,"org.apache.pdfbox.pdmodel.common.function.type4.BitwiseOperators.AbstractLogicalOperator",pdfbox/src/main/java/org/apache/pdfbox/pdmodel/common/function/type4/BitwiseOperators.java,3,3,5,1,25,0,25,0,2,6,3,,0,0,,,3,0,3,15,0,0,2,1,,35,4,30,14,15,1,,,14,18,13,10,,,,,3,3,5,1,1,1,0,0,03,3,3,5,1
Protected Abstract Method,"org.apache.pdfbox.pdmodel.common.function.type4.BitwiseOperators.AbstractLogicalOperator.applyForBoolean(boolean,boolean)",pdfbox/src/main/java/org/apache/pdfbox/pdmodel/common/function/type4/BitwiseOperators.java,,,,,,,,,,,,,,,,,,,,,,,,,1,1,0,1,1,0,0,1,0,1,1,1,0,0,0,0,0,,,,,,0,,0,00,0,0,0,0
Protected Abstract Method,"org.apache.pdfbox.pdmodel.common.function.type4.BitwiseOperators.AbstractLogicalOperator.applyforInteger(int,int)",pdfbox/src/main/java/org/apache/pdfbox/pdmodel/common/function/type4/BitwiseOperators.java,,,,,,,,,,,,,,,,,,,,,,,,,1,1,0,1,1,0,0,1,0,1,1,1,0,0,0,0,0,,,,,,0,,0,00,0,0,0,0
Public Method,"org.apache.pdfbox.pdmodel.common.function.type4.BitwiseOperators.AbstractLogicalOperator.execute(ExecutionContext)",pdfbox/src/main/java/org/apache/pdfbox/pdmodel/common/function/type4/BitwiseOperators.java,,,,,,,,,,,,,,,,,,,,,,,,,1,25,0,25,11,15,0,6,3,12,15,10,10,3,3,5,1,,,,,,1,,0,00,3,3,5,1
Static Class,"org.apache.pdfbox.pdmodel.common.function.type4.BitwiseOperators.And",pdfbox/src/main/java/org/apache/pdfbox/pdmodel/common/function/type4/BitwiseOperators.java,1,1,1,1,5,0,5,0,1,1,0,,0,0,,,2,0,2,17,0,0,2,0,,16,2,13,5,2,1,,,2,5,3,2,,,,,1,1,2,1,2,0,0,0,08,2,2,3,2
Protected Method,"org.apache.pdfbox.pdmodel.common.function.type4.BitwiseOperators.And.applyForBoolean(boolean,boolean)",pdfbox/src/main/java/org/apache/pdfbox/pdmodel/common/function/type4/BitwiseOperators.java,,,,,,,,,,,,,,,,,,,,,,,,,2,5,0,5,2,1,0,1,1,1,2,1,1,1,1,2,1,,,,,,0,,0,00,1,1,2,1
Protected Method,"org.apache.pdfbox.pdmodel.common.function.type4.BitwiseOperators.And.applyforInteger(int,int)",pdfbox/src/main/java/org/apache/pdfbox/pdmodel/common/function/type4/BitwiseOperators.java,,,,,,,,,,,,,,,,,,,,,,,,,2,5,0,5,2,1,0,1,1,1,2,1,1,1,1,1,1,,,,,,0,,0,00,1,1,1,1
Static Class,"org.apache.pdfbox.pdmodel.common.function.type4.BitwiseOperators.Bitshift",pdfbox/src/main/java/org/apache/pdfbox/pdmodel/common/function/type4/BitwiseOperators.java,2,2,2,1,17,0,17,0,2,5,0,,0,0,,,1,0,1,13,0,0,0,1,,22,1,20,8,9,1,,,7,10,7,7,,,,,2,2,2,1,1,1,0,0,05,2,2,2,1
Public Method,"org.apache.pdfbox.pdmodel.common.function.type4.BitwiseOperators.Bitshift.execute(ExecutionContext)",pdfbox/src/main/java/org/apache/pdfbox/pdmodel/common/function/type4/BitwiseOperators.java,,,,,,,,,,,,,,,,,,,,,,,,,1,17,0,17,7,9,0,4,2,7,9,6,7,2,2,2,1,,,,,,1,,0,00,2,2,2,1
Private Constructor,"org.apache.pdfbox.pdmodel.common.function.type4.BitwiseOperators.BitwiseOperators()",pdfbox/src/main/java/org/apache/pdfbox/pdmodel/common/function/type4/BitwiseOperators.java,,,,,,,,,,,,,,,,,,,,,,,,,0,4,0,3,1,0,1,1,1,0,1,1,0,1,1,1,1,,,,,,0,,0,33,1,1,1,1
Static Class,"org.apache.pdfbox.pdmodel.common.function.type4.BitwiseOperators.False",pdfbox/src/main/java/org/apache/pdfbox/pdmodel/common/function/type4/BitwiseOperators.java,1,1,1,1,6,0,6,0,2,4,0,,0,0,,,1,0,1,13,0,0,0,1,,11,1,9,4,2,1,,,2,4,3,2,,,,,1,1,1,1,1,0,0,0,11,1,1,1,1
Public Method,"org.apache.pdfbox.pdmodel.common.function.type4.BitwiseOperators.False.execute(ExecutionContext)",pdfbox/src/main/java/org/apache/pdfbox/pdmodel/common/function/type4/BitwiseOperators.java,,,,,,,,,,,,,,,,,,,,,,,,,2,6,0,6,3,2,0,2,1,2,3,2,2,1,1,1,1,,,,,,0,,0,00,1,1,1,1
Static Class,"org.apache.pdfbox.pdmodel.common.function.type4.BitwiseOperators.Not",pdfbox/src/main/java/org/apache/pdfbox/pdmodel/common/function/type4/BitwiseOperators.java,3,3,3,1,22,0,22,0,2,6,0,,0,0,,,1,0,1,13,0,0,0,1,,27,1,25,9,12,1,,,9,13,8,7,,,,,3,3,3,1,1,1,0,0,04,3,3,3,1
Public Method,"org.apache.pdfbox.pdmodel.common.function.type4.BitwiseOperators.Not.execute(ExecutionContext)",pdfbox/src/main/java/org/apache/pdfbox/pdmodel/common/function/type4/BitwiseOperators.java,,,,,,,,,,,,,,,,,,,,,,,,,1,22,0,22,8,12,0,4,3,9,12,7,7,3,3,3,1,,,,,,1,,0,00,3,3,3,1
Static Class,"org.apache.pdfbox.pdmodel.common.function.type4.BitwiseOperators.Or",pdfbox/src/main/java/org/apache/pdfbox/pdmodel/common/function/type4/BitwiseOperators.java,1,1,1,1,5,0,5,0,1,1,0,,0,0,,,2,0,2,17,0,0,2,0,,17,3,13,5,2,1,,,2,5,3,2,,,,,1,1,2,1,2,0,0,0,08,2,2,3,2
Protected Method,"org.apache.pdfbox.pdmodel.common.function.type4.BitwiseOperators.Or.applyForBoolean(boolean,boolean)",pdfbox/src/main/java/org/apache/pdfbox/pdmodel/common/function/type4/BitwiseOperators.java,,,,,,,,,,,,,,,,,,,,,,,,,2,5,0,5,2,1,0,1,1,1,2,1,1,1,1,2,1,,,,,,0,,0,00,1,1,2,1
Protected Method,"org.apache.pdfbox.pdmodel.common.function.type4.BitwiseOperators.Or.applyforInteger(int,int)",pdfbox/src/main/java/org/apache/pdfbox/pdmodel/common/function/type4/BitwiseOperators.java,,,,,,,,,,,,,,,,,,,,,,,,,2,5,0,5,2,1,0,1,1,1,2,1,1,1,1,1,1,,,,,,0,,0,00,1,1,1,1
Static Class,"org.apache.pdfbox.pdmodel.common.function.type4.BitwiseOperators.True",pdfbox/src/main/java/org/apache/pdfbox/pdmodel/common/function/type4/BitwiseOperators.java,1,1,1,1,6,0,6,0,2,4,0,,0,0,,,1,0,1,13,0,0,0,1,,11,1,9,4,2,1,,,2,4,3,2,,,,,1,1,1,1,1,0,0,0,11,1,1,1,1
Public Method,"org.apache.pdfbox.pdmodel.common.function.type4.BitwiseOperators.True.execute(ExecutionContext)",pdfbox/src/main/java/org/apache/pdfbox/pdmodel/common/function/type4/BitwiseOperators.java,,,,,,,,,,,,,,,,,,,,,,,,,2,6,0,6,3,2,0,2,1,2,3,2,2,1,1,1,1,,,,,,0,,0,00,1,1,1,1
Static Class,"org.apache.pdfbox.pdmodel.common.function.type4.BitwiseOperators.Xor",pdfbox/src/main/java/org/apache/pdfbox/pdmodel/common/function/type4/BitwiseOperators.java,1,1,1,1,5,0,5,0,1,1,0,,0,0,,,2,0,2,17,0,0,2,0,,17,3,13,5,2,1,,,2,5,3,2,,,,,1,1,1,1,2,0,0,0,08,2,2,2,2
Protected Method,"org.apache.pdfbox.pdmodel.common.function.type4.BitwiseOperators.Xor.applyForBoolean(boolean,boolean)",pdfbox/src/main/java/org/apache/pdfbox/pdmodel/common/function/type4/BitwiseOperators.java,,,,,,,,,,,,,,,,,,,,,,,,,2,5,0,5,2,1,0,1,1,1,2,1,1,1,1,1,1,,,,,,0,,0,00,1,1,1,1
Protected Method,"org.apache.pdfbox.pdmodel.common.function.type4.BitwiseOperators.Xor.applyforInteger(int,int)",pdfbox/src/main/java/org/apache/pdfbox/pdmodel/common/function/type4/BitwiseOperators.java,,,,,,,,,,,,,,,,,,,,,,,,,2,5,0,5,2,1,0,1,1,1,2,1,1,1,1,1,1,,,,,,0,,0,00,1,1,1,1
Class,"org.apache.pdfbox.pdmodel.common.function.type4.ConditionalOperators",pdfbox/src/main/java/org/apache/pdfbox/pdmodel/common/function/type4/ConditionalOperators.java,1,1,1,1,4,0,3,1,1,0,0,,0,0,,,1,0,1,13,0,1,0,0,,52,6,39,15,13,7,,,10,18,13,12,,,,,1,1,1,1,1,0,0,0,18,1,1,1,1
Private Constructor,"org.apache.pdfbox.pdmodel.common.function.type4.ConditionalOperators.ConditionalOperators()",pdfbox/src/main/java/org/apache/pdfbox/pdmodel/common/function/type4/ConditionalOperators.java,,,,,,,,,,,,,,,,,,,,,,,,,0,4,0,3,1,0,1,1,1,0,1,1,0,1,1,1,1,,,,,,0,,0,33,1,1,1,1
Static Class,"org.apache.pdfbox.pdmodel.common.function.type4.ConditionalOperators.If",pdfbox/src/main/java/org/apache/pdfbox/pdmodel/common/function/type4/ConditionalOperators.java,2,2,2,1,11,0,11,0,2,5,0,,0,0,,,1,0,1,13,0,0,0,1,,16,1,14,6,5,1,,,4,7,5,5,,,,,2,2,2,1,1,1,0,0,07,2,2,2,1
Public Method,"org.apache.pdfbox.pdmodel.common.function.type4.ConditionalOperators.If.execute(ExecutionContext)",pdfbox/src/main/java/org/apache/pdfbox/pdmodel/common/function/type4/ConditionalOperators.java,,,,,,,,,,,,,,,,,,,,,,,,,1,11,0,11,5,5,0,3,2,4,6,4,5,2,2,2,1,,,,,,1,,0,00,2,2,2,1
Static Class,"org.apache.pdfbox.pdmodel.common.function.type4.ConditionalOperators.IfElse",pdfbox/src/main/java/org/apache/pdfbox/pdmodel/common/function/type4/ConditionalOperators.java,2,2,2,1,16,0,16,0,2,5,0,,0,0,,,1,0,1,13,0,0,0,1,,21,1,19,7,8,1,,,6,9,6,7,,,,,2,2,2,1,1,1,0,0,05,2,2,2,1
Public Method,"org.apache.pdfbox.pdmodel.common.function.type4.ConditionalOperators.IfElse.execute(ExecutionContext)",pdfbox/src/main/java/org/apache/pdfbox/pdmodel/common/function/type4/ConditionalOperators.java,,,,,,,,,,,,,,,,,,,,,,,,,1,16,0,16,6,8,0,3,2,6,8,5,7,2,2,2,1,,,,,,1,,0,00,2,2,2,1
Public Class,"org.apache.pdfbox.pdmodel.common.function.type4.ExecutionContext",pdfbox/src/main/java/org/apache/pdfbox/pdmodel/common/function/type4/ExecutionContext.java,1,1,1,1,8,0,4,4,1,4,0,,0,0,,,6,2,6,18,0,0,0,6,,68,8,29,9,7,31,,,8,15,9,7,,,,,1,1,1,1,1,0,50,1,07,6,6,6,6
Public Constructor,"org.apache.pdfbox.pdmodel.common.function.type4.ExecutionContext.ExecutionContext(Operators)",pdfbox/src/main/java/org/apache/pdfbox/pdmodel/common/function/type4/ExecutionContext.java,,,,,,,,,,,,,,,,,,,,,,,,,3,8,0,4,1,1,4,2,1,1,2,1,1,1,1,1,1,,,,,,0,,1,00,1,1,1,1
Public Method,"org.apache.pdfbox.pdmodel.common.function.type4.ExecutionContext.getOperators()",pdfbox/src/main/java/org/apache/pdfbox/pdmodel/common/function/type4/ExecutionContext.java,,,,,,,,,,,,,,,,,,,,,,,,,2,8,0,4,1,1,4,1,1,1,2,1,1,1,1,1,1,,,,,,0,,1,00,1,1,1,1
Public Method,"org.apache.pdfbox.pdmodel.common.function.type4.ExecutionContext.getStack()",pdfbox/src/main/java/org/apache/pdfbox/pdmodel/common/function/type4/ExecutionContext.java,,,,,,,,,,,,,,,,,,,,,,,,,44,8,0,4,1,1,4,1,1,1,2,1,1,1,1,1,1,,,,,,0,,1,00,1,1,1,1
Public Method,"org.apache.pdfbox.pdmodel.common.function.type4.ExecutionContext.popInt()",pdfbox/src/main/java/org/apache/pdfbox/pdmodel/common/function/type4/ExecutionContext.java,,,,,,,,,,,,,,,,,,,,,,,,,4,9,0,4,1,1,5,2,1,1,2,1,1,1,1,1,1,,,,,,0,,1,25,1,1,1,1
Public Method,"org.apache.pdfbox.pdmodel.common.function.type4.ExecutionContext.popNumber()",pdfbox/src/main/java/org/apache/pdfbox/pdmodel/common/function/type4/ExecutionContext.java,,,,,,,,,,,,,,,,,,,,,,,,,17,9,0,4,1,1,5,2,1,1,2,1,1,1,1,1,1,,,,,,0,,1,25,1,1,1,1
Public Method,"org.apache.pdfbox.pdmodel.common.function.type4.ExecutionContext.popReal()",pdfbox/src/main/java/org/apache/pdfbox/pdmodel/common/function/type4/ExecutionContext.java,,,,,,,,,,,,,,,,,,,,,,,,,6,9,0,4,1,1,5,3,1,1,2,1,1,1,1,1,1,,,,,,0,,1,25,1,1,1,1
Public Class,"org.apache.pdfbox.pdmodel.common.function.type4.InstructionSequence",pdfbox/src/main/java/org/apache/pdfbox/pdmodel/common/function/type4/InstructionSequence.java,1,1,1,1,12,0,8,4,1,9,0,,0,0,,,6,1,6,18,0,0,0,6,,91,9,53,12,20,29,,,14,26,13,17,,,,,5,5,6,1,1,3,0,0,55,10,10,11,6
Public Method,"org.apache.pdfbox.pdmodel.common.function.type4.InstructionSequence.addBoolean(boolean)",pdfbox/src/main/java/org/apache/pdfbox/pdmodel/common/function/type4/InstructionSequence.java,,,,,,,,,,,,,,,,,,,,,,,,,2,8,0,4,1,1,4,1,1,1,2,1,1,1,1,1,1,,,,,,0,,1,00,1,1,1,1
Public Method,"org.apache.pdfbox.pdmodel.common.function.type4.InstructionSequence.addInteger(int)",pdfbox/src/main/java/org/apache/pdfbox/pdmodel/common/function/type4/InstructionSequence.java,,,,,,,,,,,,,,,,,,,,,,,,,3,8,0,4,1,1,4,1,1,1,2,1,1,1,1,1,1,,,,,,0,,1,00,1,1,1,1
Public Method,"org.apache.pdfbox.pdmodel.common.function.type4.InstructionSequence.addName(String)",pdfbox/src/main/java/org/apache/pdfbox/pdmodel/common/function/type4/InstructionSequence.java,,,,,,,,,,,,,,,,,,,,,,,,,3,8,0,4,1,1,4,1,1,1,2,1,1,1,1,1,1,,,,,,0,,1,00,1,1,1,1
Public Method,"org.apache.pdfbox.pdmodel.common.function.type4.InstructionSequence.addProc(InstructionSequence)",pdfbox/src/main/java/org/apache/pdfbox/pdmodel/common/function/type4/InstructionSequence.java,,,,,,,,,,,,,,,,,,,,,,,,,3,8,0,4,1,1,4,1,1,1,2,1,1,1,1,1,1,,,,,,0,,1,00,1,1,1,1
Public Method,"org.apache.pdfbox.pdmodel.common.function.type4.InstructionSequence.addReal(float)",pdfbox/src/main/java/org/apache/pdfbox/pdmodel/common/function/type4/InstructionSequence.java,,,,,,,,,,,,,,,,,,,,,,,,,3,8,0,4,1,1,4,1,1,1,2,1,1,1,1,1,1,,,,,,0,,1,00,1,1,1,1
Public Method,"org.apache.pdfbox.pdmodel.common.function.type4.InstructionSequence.execute(ExecutionContext)",pdfbox/src/main/java/org/apache/pdfbox/pdmodel/common/function/type4/InstructionSequence.java,,,,,,,,,,,,,,,,,,,,,,,,,6,35,1,29,5,14,5,9,8,8,14,6,11,5,5,6,1,,,,,,3,,0,17,5,5,6,1
Public Final Class,"org.apache.pdfbox.pdmodel.common.function.type4.InstructionSequenceBuilder",pdfbox/src/main/java/org/apache/pdfbox/pdmodel/common/function/type4/InstructionSequenceBuilder.java,1,1,1,1,10,0,7,2,1,10,0,,3,2,,,5,2,8,23,0,3,0,5,,107,13,68,18,30,26,,,25,38,17,29,,,,,5,5,5,5,2,2,68,0,38,12,12,12,12
Private Constructor,"org.apache.pdfbox.pdmodel.common.function.type4.InstructionSequenceBuilder.InstructionSequenceBuilder()",pdfbox/src/main/java/org/apache/pdfbox/pdmodel/common/function/type4/InstructionSequenceBuilder.java,,,,,,,,,,,,,,,,,,,,,,,,,3,4,0,4,1,1,0,2,1,1,2,1,1,1,1,1,1,,,,,,0,,0,00,1,1,1,1
Private Method,"org.apache.pdfbox.pdmodel.common.function.type4.InstructionSequenceBuilder.getCurrentSequence()",pdfbox/src/main/java/org/apache/pdfbox/pdmodel/common/function/type4/InstructionSequenceBuilder.java,,,,,,,,,,,,,,,,,,,,,,,,,2,4,0,4,1,1,0,2,1,1,2,1,1,1,1,1,1,,,,,,0,,0,00,1,1,1,1
Public Method,"org.apache.pdfbox.pdmodel.common.function.type4.InstructionSequenceBuilder.getInstructionSequence()",pdfbox/src/main/java/org/apache/pdfbox/pdmodel/common/function/type4/InstructionSequenceBuilder.java,,,,,,,,,,,,,,,,,,,,,,,,,2,8,0,4,1,1,4,1,1,1,2,1,1,1,1,1,1,,,,,,0,,1,00,1,1,1,1
Public Static Method,"org.apache.pdfbox.pdmodel.common.function.type4.InstructionSequenceBuilder.parse(CharSequence)",pdfbox/src/main/java/org/apache/pdfbox/pdmodel/common/function/type4/InstructionSequenceBuilder.java,,,,,,,,,,,,,,,,,,,,,,,,,3,12,0,6,2,3,6,4,1,3,4,2,3,1,1,1,1,,,,,,0,,1,00,1,1,1,1
Public Static Method,"org.apache.pdfbox.pdmodel.common.function.type4.InstructionSequenceBuilder.parseInt(String)",pdfbox/src/main/java/org/apache/pdfbox/pdmodel/common/function/type4/InstructionSequenceBuilder.java,,,,,,,,,,,,,,,,,,,,,,,,,2,9,0,4,1,1,5,2,1,1,2,1,1,1,1,1,1,,,,,,0,,1,25,1,1,1,1
Public Static Method,"org.apache.pdfbox.pdmodel.common.function.type4.InstructionSequenceBuilder.parseReal(String)",pdfbox/src/main/java/org/apache/pdfbox/pdmodel/common/function/type4/InstructionSequenceBuilder.java,,,,,,,,,,,,,,,,,,,,,,,,,3,9,0,4,1,1,5,2,1,1,2,1,1,1,1,1,1,,,,,,0,,1,25,1,1,1,1
Public Method,"org.apache.pdfbox.pdmodel.common.function.type4.InstructionSequenceBuilder.token(CharSequence)",pdfbox/src/main/java/org/apache/pdfbox/pdmodel/common/function/type4/InstructionSequenceBuilder.java,,,,,,,,,,,,,,,,,,,,,,,,,1,7,0,6,3,2,1,2,1,2,3,2,2,1,1,1,1,,,,,,0,,0,17,1,1,1,1
Private Method,"org.apache.pdfbox.pdmodel.common.function.type4.InstructionSequenceBuilder.token(String)",pdfbox/src/main/java/org/apache/pdfbox/pdmodel/common/function/type4/InstructionSequenceBuilder.java,,,,,,,,,,,,,,,,,,,,,,,,,5,33,3,29,3,16,1,12,5,11,16,3,15,5,5,5,5,,,,,,2,,0,03,5,5,5,5
Public Interface,"org.apache.pdfbox.pdmodel.common.function.type4.Operator",pdfbox/src/main/java/org/apache/pdfbox/pdmodel/common/function/type4/Operator.java,0,0,0,0,0,0,0,0,0,1,36,,0,0,,,1,0,1,1,1,0,0,0,,10,2,4,2,0,4,,,1,2,2,0,,,,,0,0,0,0,0,0,0,1,00,0,0,0,0
Abstract Method,"org.apache.pdfbox.pdmodel.common.function.type4.Operator.execute(ExecutionContext)",pdfbox/src/main/java/org/apache/pdfbox/pdmodel/common/function/type4/Operator.java,,,,,,,,,,,,,,,,,,,,,,,,,1,5,0,1,1,0,4,0,0,1,1,1,0,0,0,0,0,,,,,,0,,4,00,0,0,0,0
Public Class,"org.apache.pdfbox.pdmodel.common.function.type4.Operators",pdfbox/src/main/java/org/apache/pdfbox/pdmodel/common/function/type4/Operators.java,1,1,1,1,30,1,24,4,1,51,0,,0,42,,,2,1,2,14,0,0,0,2,,121,11,95,46,86,15,,,86,89,46,86,,,,,1,1,1,1,1,0,0,0,16,2,2,2,2
Public Constructor,"org.apache.pdfbox.pdmodel.common.function.type4.Operators.Operators()",pdfbox/src/main/java/org/apache/pdfbox/pdmodel/common/function/type4/Operators.java,,,,,,,,,,,,,,,,,,,,,,,,,44,51,3,45,1,42,3,2,1,42,43,1,42,1,1,1,1,,,,,,0,,0,07,1,1,1,1
Public Method,"org.apache.pdfbox.pdmodel.common.function.type4.Operators.getOperator(String)",pdfbox/src/main/java/org/apache/pdfbox/pdmodel/common/function/type4/Operators.java,,,,,,,,,,,,,,,,,,,,,,,,,3,9,0,4,1,1,5,2,1,1,2,1,1,1,1,1,1,,,,,,0,,1,25,1,1,1,1
Public Final Class,"org.apache.pdfbox.pdmodel.common.function.type4.Parser",pdfbox/src/main/java/org/apache/pdfbox/pdmodel/common/function/type4/Parser.java,1,1,1,1,7,0,4,3,1,3,0,,1,0,,,1,0,2,14,0,1,0,1,,301,29,222,47,118,58,,,74,108,43,72,,,,,1,1,1,1,1,0,0,0,26,2,2,2,2
Public Static Abstract Class,"org.apache.pdfbox.pdmodel.common.function.type4.Parser.AbstractSyntaxHandler",pdfbox/src/main/java/org/apache/pdfbox/pdmodel/common/function/type4/Parser.java,1,1,1,1,6,0,4,2,2,2,1,,0,0,,,3,0,3,15,0,0,0,3,,32,4,15,7,0,13,,,0,4,4,0,,,,,1,1,1,1,1,0,0,0,87,3,3,3,3
Public Method,"org.apache.pdfbox.pdmodel.common.function.type4.Parser.AbstractSyntaxHandler.comment(CharSequence)",pdfbox/src/main/java/org/apache/pdfbox/pdmodel/common/function/type4/Parser.java,,,,,,,,,,,,,,,,,,,,,,,,,0,6,0,4,2,0,2,0,1,0,1,1,0,1,1,1,1,,,,,,0,,0,50,1,1,1,1
Public Method,"org.apache.pdfbox.pdmodel.common.function.type4.Parser.AbstractSyntaxHandler.newLine(CharSequence)",pdfbox/src/main/java/org/apache/pdfbox/pdmodel/common/function/type4/Parser.java,,,,,,,,,,,,,,,,,,,,,,,,,0,6,0,4,2,0,2,0,1,0,1,1,0,1,1,1,1,,,,,,0,,0,50,1,1,1,1
Public Method,"org.apache.pdfbox.pdmodel.common.function.type4.Parser.AbstractSyntaxHandler.whitespace(CharSequence)",pdfbox/src/main/java/org/apache/pdfbox/pdmodel/common/function/type4/Parser.java,,,,,,,,,,,,,,,,,,,,,,,,,0,6,0,4,2,0,2,0,1,0,1,1,0,1,1,1,1,,,,,,0,,0,50,1,1,1,1
Private Constructor,"org.apache.pdfbox.pdmodel.common.function.type4.Parser.Parser()",pdfbox/src/main/java/org/apache/pdfbox/pdmodel/common/function/type4/Parser.java,,,,,,,,,,,,,,,,,,,,,,,,,0,4,0,3,1,0,1,1,1,0,1,1,0,1,1,1,1,,,,,,0,,0,33,1,1,1,1
Private Enum Type,"org.apache.pdfbox.pdmodel.common.function.type4.Parser.State",pdfbox/src/main/java/org/apache/pdfbox/pdmodel/common/function/type4/Parser.java,0,0,0,0,0,0,0,0,1,1,0,,0,0,,,2,4,2,28,0,0,0,2,,5,0,4,2,0,1,,,0,1,1,0,,,,,0,0,0,0,1,0,,0,25,0,0,0,0
Public Implicit Method,"org.apache.pdfbox.pdmodel.common.function.type4.Parser.State.valueOf()",pdfbox/src/main/java/org/apache/pdfbox/pdmodel/common/function/type4/Parser.java,,,,,,,,,,,,,,,,,,,,,,,,,,,,,,,,,,,,,,,,,,,,,,,,,0,00,0,0,0,0
Public Implicit Method,"org.apache.pdfbox.pdmodel.common.function.type4.Parser.State.values()",pdfbox/src/main/java/org/apache/pdfbox/pdmodel/common/function/type4/Parser.java,,,,,,,,,,,,,,,,,,,,,,,,,,,,,,,,,,,,,,,,,,,,,,,,,0,00,0,0,0,0
Public Interface,"org.apache.pdfbox.pdmodel.common.function.type4.Parser.SyntaxHandler",pdfbox/src/main/java/org/apache/pdfbox/pdmodel/common/function/type4/Parser.java,0,0,0,0,0,0,0,0,0,1,1,,0,0,,,4,0,4,4,4,0,0,0,,28,4,7,5,0,17,,,4,5,5,0,,,,,0,0,0,0,0,0,0,2,43,0,0,0,0
Abstract Method,"org.apache.pdfbox.pdmodel.common.function.type4.Parser.SyntaxHandler.comment(CharSequence)",pdfbox/src/main/java/org/apache/pdfbox/pdmodel/common/function/type4/Parser.java,,,,,,,,,,,,,,,,,,,,,,,,,1,5,0,1,1,0,4,0,0,1,1,1,0,0,0,0,0,,,,,,0,,4,00,0,0,0,0
Abstract Method,"org.apache.pdfbox.pdmodel.common.function.type4.Parser.SyntaxHandler.newLine(CharSequence)",pdfbox/src/main/java/org/apache/pdfbox/pdmodel/common/function/type4/Parser.java,,,,,,,,,,,,,,,,,,,,,,,,,1,5,0,1,1,0,4,0,0,1,1,1,0,0,0,0,0,,,,,,0,,4,00,0,0,0,0
Abstract Method,"org.apache.pdfbox.pdmodel.common.function.type4.Parser.SyntaxHandler.token(CharSequence)",pdfbox/src/main/java/org/apache/pdfbox/pdmodel/common/function/type4/Parser.java,,,,,,,,,,,,,,,,,,,,,,,,,1,6,0,1,1,0,5,0,0,1,1,1,0,0,0,0,0,,,,,,0,,5,00,0,0,0,0
Abstract Method,"org.apache.pdfbox.pdmodel.common.function.type4.Parser.SyntaxHandler.whitespace(CharSequence)",pdfbox/src/main/java/org/apache/pdfbox/pdmodel/common/function/type4/Parser.java,,,,,,,,,,,,,,,,,,,,,,,,,1,5,0,1,1,0,4,0,0,1,1,1,0,0,0,0,0,,,,,,0,,4,00,0,0,0,0
Private Static Final Class,"org.apache.pdfbox.pdmodel.common.function.type4.Parser.Tokenizer",pdfbox/src/main/java/org/apache/pdfbox/pdmodel/common/function/type4/Parser.java,4,2,4,1,15,0,15,0,1,5,0,,0,7,,,11,5,11,23,0,11,0,0,,206,14,185,29,116,15,,,68,93,29,70,,,,,13,4,13,4,1,2,56,0,08,45,24,46,18
Private Constructor,"org.apache.pdfbox.pdmodel.common.function.type4.Parser.Tokenizer.Tokenizer(CharSequence,SyntaxHandler)",pdfbox/src/main/java/org/apache/pdfbox/pdmodel/common/function/type4/Parser.java,,,,,,,,,,,,,,,,,,,,,,,,,3,5,0,5,1,2,0,3,1,2,3,1,2,1,1,1,1,,,,,,0,,0,00,1,1,1,1
Private Method,"org.apache.pdfbox.pdmodel.common.function.type4.Parser.Tokenizer.currentChar()",pdfbox/src/main/java/org/apache/pdfbox/pdmodel/common/function/type4/Parser.java,,,,,,,,,,,,,,,,,,,,,,,,,8,4,0,4,1,1,0,2,1,1,2,1,1,1,1,1,1,,,,,,0,,0,00,1,1,1,1
Private Method,"org.apache.pdfbox.pdmodel.common.function.type4.Parser.Tokenizer.hasMore()",pdfbox/src/main/java/org/apache/pdfbox/pdmodel/common/function/type4/Parser.java,,,,,,,,,,,,,,,,,,,,,,,,,7,4,0,4,1,1,0,2,1,1,2,1,1,1,1,1,1,,,,,,0,,0,00,1,1,1,1
Private Method,"org.apache.pdfbox.pdmodel.common.function.type4.Parser.Tokenizer.nextChar()",pdfbox/src/main/java/org/apache/pdfbox/pdmodel/common/function/type4/Parser.java,,,,,,,,,,,,,,,,,,,,,,,,,5,12,0,12,1,5,0,4,2,3,5,1,4,2,2,2,1,,,,,,1,,0,00,2,2,2,1
Private Method,"org.apache.pdfbox.pdmodel.common.function.type4.Parser.Tokenizer.nextState()",pdfbox/src/main/java/org/apache/pdfbox/pdmodel/common/function/type4/Parser.java,,,,,,,,,,,,,,,,,,,,,,,,,12,23,0,23,2,18,1,3,4,9,11,2,10,8,2,8,1,,,,,,1,,0,04,8,2,8,1
Private Method,"org.apache.pdfbox.pdmodel.common.function.type4.Parser.Tokenizer.peek()",pdfbox/src/main/java/org/apache/pdfbox/pdmodel/common/function/type4/Parser.java,,,,,,,,,,,,,,,,,,,,,,,,,4,11,0,11,1,4,0,3,2,2,4,1,3,2,2,2,1,,,,,,1,,0,00,2,2,2,1
Private Method,"org.apache.pdfbox.pdmodel.common.function.type4.Parser.Tokenizer.scanComment()",pdfbox/src/main/java/org/apache/pdfbox/pdmodel/common/function/type4/Parser.java,,,,,,,,,,,,,,,,,,,,,,,,,8,21,0,20,2,13,1,5,3,6,9,2,8,5,3,5,3,,,,,,2,,0,05,5,3,5,3
Private Method,"org.apache.pdfbox.pdmodel.common.function.type4.Parser.Tokenizer.scanNewLine()",pdfbox/src/main/java/org/apache/pdfbox/pdmodel/common/function/type4/Parser.java,,,,,,,,,,,,,,,,,,,,,,,,,7,13,0,12,2,7,1,5,2,6,8,2,7,2,2,3,1,,,,,,1,,0,08,2,2,3,1
Private Method,"org.apache.pdfbox.pdmodel.common.function.type4.Parser.Tokenizer.scanToken()",pdfbox/src/main/java/org/apache/pdfbox/pdmodel/common/function/type4/Parser.java,,,,,,,,,,,,,,,,,,,,,,,,,12,38,0,36,2,27,2,5,4,10,14,2,13,13,4,13,4,,,,,,2,,0,06,13,4,13,4
Private Method,"org.apache.pdfbox.pdmodel.common.function.type4.Parser.Tokenizer.scanWhitespace()",pdfbox/src/main/java/org/apache/pdfbox/pdmodel/common/function/type4/Parser.java,,,,,,,,,,,,,,,,,,,,,,,,,8,21,0,21,2,14,0,5,3,7,10,2,9,5,3,5,3,,,,,,2,,0,00,5,3,5,3
Private Method,"org.apache.pdfbox.pdmodel.common.function.type4.Parser.Tokenizer.tokenize()",pdfbox/src/main/java/org/apache/pdfbox/pdmodel/common/function/type4/Parser.java,,,,,,,,,,,,,,,,,,,,,,,,,6,22,0,22,1,15,0,7,5,9,12,1,11,5,3,5,1,,,,,,2,,0,00,5,3,5,1
Public Static Method,"org.apache.pdfbox.pdmodel.common.function.type4.Parser.parse(CharSequence,SyntaxHandler)",pdfbox/src/main/java/org/apache/pdfbox/pdmodel/common/function/type4/Parser.java,,,,,,,,,,,,,,,,,,,,,,,,,3,11,0,5,2,2,6,2,1,2,3,2,2,1,1,1,1,,,,,,0,,1,20,1,1,1,1
Class,"org.apache.pdfbox.pdmodel.common.function.type4.RelationalOperators",pdfbox/src/main/java/org/apache/pdfbox/pdmodel/common/function/type4/RelationalOperators.java,1,1,1,1,4,0,3,1,1,0,0,,0,0,,,1,0,1,13,0,1,0,0,,124,23,89,39,25,12,,,25,43,32,20,,,,,1,1,1,1,1,0,0,0,13,1,1,1,1
Private Static Abstract Class,"org.apache.pdfbox.pdmodel.common.function.type4.RelationalOperators.AbstractNumberComparisonOperator",pdfbox/src/main/java/org/apache/pdfbox/pdmodel/common/function/type4/RelationalOperators.java,1,1,1,1,11,0,11,0,2,4,4,,0,0,,,2,0,2,14,0,0,1,1,,18,2,15,10,7,1,,,8,10,9,5,,,,,1,1,1,1,1,0,0,0,07,1,1,1,1
Protected Abstract Method,"org.apache.pdfbox.pdmodel.common.function.type4.RelationalOperators.AbstractNumberComparisonOperator.compare(Number,Number)",pdfbox/src/main/java/org/apache/pdfbox/pdmodel/common/function/type4/RelationalOperators.java,,,,,,,,,,,,,,,,,,,,,,,,,1,1,0,1,1,0,0,1,0,1,1,1,0,0,0,0,0,,,,,,0,,0,00,0,0,0,0
Public Method,"org.apache.pdfbox.pdmodel.common.function.type4.RelationalOperators.AbstractNumberComparisonOperator.execute(ExecutionContext)",pdfbox/src/main/java/org/apache/pdfbox/pdmodel/common/function/type4/RelationalOperators.java,,,,,,,,,,,,,,,,,,,,,,,,,1,11,0,11,8,7,0,4,1,7,8,7,5,1,1,1,1,,,,,,0,,0,00,1,1,1,1
Static Class,"org.apache.pdfbox.pdmodel.common.function.type4.RelationalOperators.Eq",pdfbox/src/main/java/org/apache/pdfbox/pdmodel/common/function/type4/RelationalOperators.java,1,1,2,1,12,0,12,0,2,5,1,,0,0,,,2,0,2,14,0,0,1,1,,30,2,27,11,12,1,,,11,15,10,9,,,,,2,2,3,1,1,1,0,0,04,3,3,4,2
Public Method,"org.apache.pdfbox.pdmodel.common.function.type4.RelationalOperators.Eq.execute(ExecutionContext)",pdfbox/src/main/java/org/apache/pdfbox/pdmodel/common/function/type4/RelationalOperators.java,,,,,,,,,,,,,,,,,,,,,,,,,1,9,0,9,6,5,0,4,1,5,6,5,5,1,1,1,1,,,,,,0,,0,00,1,1,1,1
Protected Method,"org.apache.pdfbox.pdmodel.common.function.type4.RelationalOperators.Eq.isEqual(Object,Object)",pdfbox/src/main/java/org/apache/pdfbox/pdmodel/common/function/type4/RelationalOperators.java,,,,,,,,,,,,,,,,,,,,,,,,,4,15,0,15,4,7,0,4,2,6,8,4,4,2,2,3,1,,,,,,1,,0,00,2,2,3,1
Static Class,"org.apache.pdfbox.pdmodel.common.function.type4.RelationalOperators.Ge",pdfbox/src/main/java/org/apache/pdfbox/pdmodel/common/function/type4/RelationalOperators.java,1,1,1,1,5,0,5,0,1,2,0,,0,0,,,1,0,1,15,0,0,1,0,,11,2,8,3,1,1,,,1,3,2,1,,,,,1,1,1,1,2,0,0,0,12,1,1,1,1
Protected Method,"org.apache.pdfbox.pdmodel.common.function.type4.RelationalOperators.Ge.compare(Number,Number)",pdfbox/src/main/java/org/apache/pdfbox/pdmodel/common/function/type4/RelationalOperators.java,,,,,,,,,,,,,,,,,,,,,,,,,2,5,0,5,2,1,0,2,1,1,2,1,1,1,1,1,1,,,,,,0,,0,00,1,1,1,1
Static Class,"org.apache.pdfbox.pdmodel.common.function.type4.RelationalOperators.Gt",pdfbox/src/main/java/org/apache/pdfbox/pdmodel/common/function/type4/RelationalOperators.java,1,1,1,1,5,0,5,0,1,2,0,,0,0,,,1,0,1,15,0,0,1,0,,11,2,8,3,1,1,,,1,3,2,1,,,,,1,1,1,1,2,0,0,0,12,1,1,1,1
Protected Method,"org.apache.pdfbox.pdmodel.common.function.type4.RelationalOperators.Gt.compare(Number,Number)",pdfbox/src/main/java/org/apache/pdfbox/pdmodel/common/function/type4/RelationalOperators.java,,,,,,,,,,,,,,,,,,,,,,,,,2,5,0,5,2,1,0,2,1,1,2,1,1,1,1,1,1,,,,,,0,,0,00,1,1,1,1
Static Class,"org.apache.pdfbox.pdmodel.common.function.type4.RelationalOperators.Le",pdfbox/src/main/java/org/apache/pdfbox/pdmodel/common/function/type4/RelationalOperators.java,1,1,1,1,5,0,5,0,1,2,0,,0,0,,,1,0,1,15,0,0,1,0,,11,2,8,3,1,1,,,1,3,2,1,,,,,1,1,1,1,2,0,0,0,12,1,1,1,1
Protected Method,"org.apache.pdfbox.pdmodel.common.function.type4.RelationalOperators.Le.compare(Number,Number)",pdfbox/src/main/java/org/apache/pdfbox/pdmodel/common/function/type4/RelationalOperators.java,,,,,,,,,,,,,,,,,,,,,,,,,2,5,0,5,2,1,0,2,1,1,2,1,1,1,1,1,1,,,,,,0,,0,00,1,1,1,1
Static Class,"org.apache.pdfbox.pdmodel.common.function.type4.RelationalOperators.Lt",pdfbox/src/main/java/org/apache/pdfbox/pdmodel/common/function/type4/RelationalOperators.java,1,1,1,1,5,0,5,0,1,2,0,,0,0,,,1,0,1,15,0,0,1,0,,11,2,8,3,1,1,,,1,3,2,1,,,,,1,1,1,1,2,0,0,0,12,1,1,1,1
Protected Method,"org.apache.pdfbox.pdmodel.common.function.type4.RelationalOperators.Lt.compare(Number,Number)",pdfbox/src/main/java/org/apache/pdfbox/pdmodel/common/function/type4/RelationalOperators.java,,,,,,,,,,,,,,,,,,,,,,,,,2,5,0,5,2,1,0,2,1,1,2,1,1,1,1,1,1,,,,,,0,,0,00,1,1,1,1
Static Class,"org.apache.pdfbox.pdmodel.common.function.type4.RelationalOperators.Ne",pdfbox/src/main/java/org/apache/pdfbox/pdmodel/common/function/type4/RelationalOperators.java,1,1,1,1,6,0,6,0,1,1,0,,0,0,,,1,0,1,15,0,0,1,0,,12,2,9,4,2,1,,,2,4,3,2,,,,,1,1,1,1,2,0,0,0,11,1,1,1,1
Protected Method,"org.apache.pdfbox.pdmodel.common.function.type4.RelationalOperators.Ne.isEqual(Object,Object)",pdfbox/src/main/java/org/apache/pdfbox/pdmodel/common/function/type4/RelationalOperators.java,,,,,,,,,,,,,,,,,,,,,,,,,2,6,0,6,3,2,0,2,1,2,3,2,2,1,1,1,1,,,,,,0,,0,00,1,1,1,1
Private Constructor,"org.apache.pdfbox.pdmodel.common.function.type4.RelationalOperators.RelationalOperators()",pdfbox/src/main/java/org/apache/pdfbox/pdmodel/common/function/type4/RelationalOperators.java,,,,,,,,,,,,,,,,,,,,,,,,,0,4,0,3,1,0,1,1,1,0,1,1,0,1,1,1,1,,,,,,0,,0,33,1,1,1,1
Class,"org.apache.pdfbox.pdmodel.common.function.type4.StackOperators",pdfbox/src/main/java/org/apache/pdfbox/pdmodel/common/function/type4/StackOperators.java,1,1,1,1,4,0,3,1,1,0,0,,0,0,,,1,0,1,13,0,1,0,0,,144,15,115,40,47,15,,,44,67,37,47,,,,,1,1,1,1,1,0,0,0,13,1,1,1,1
Static Class,"org.apache.pdfbox.pdmodel.common.function.type4.StackOperators.Copy",pdfbox/src/main/java/org/apache/pdfbox/pdmodel/common/function/type4/StackOperators.java,2,2,2,1,14,0,13,1,2,7,0,,0,0,,,1,0,1,13,0,0,0,1,,19,1,16,8,7,2,,,5,8,6,6,,,,,2,2,2,1,1,1,0,0,12,2,2,2,1
Public Method,"org.apache.pdfbox.pdmodel.common.function.type4.StackOperators.Copy.execute(ExecutionContext)",pdfbox/src/main/java/org/apache/pdfbox/pdmodel/common/function/type4/StackOperators.java,,,,,,,,,,,,,,,,,,,,,,,,,1,14,0,13,7,7,1,6,2,5,7,5,6,2,2,2,1,,,,,,1,,0,08,2,2,2,1
Static Class,"org.apache.pdfbox.pdmodel.common.function.type4.StackOperators.Dup",pdfbox/src/main/java/org/apache/pdfbox/pdmodel/common/function/type4/StackOperators.java,1,1,1,1,6,0,6,0,2,3,0,,0,0,,,1,0,1,13,0,0,0,1,,11,1,9,4,2,1,,,2,4,3,2,,,,,1,1,1,1,1,0,0,0,11,1,1,1,1
Public Method,"org.apache.pdfbox.pdmodel.common.function.type4.StackOperators.Dup.execute(ExecutionContext)",pdfbox/src/main/java/org/apache/pdfbox/pdmodel/common/function/type4/StackOperators.java,,,,,,,,,,,,,,,,,,,,,,,,,1,6,0,6,3,2,0,3,1,2,3,2,2,1,1,1,1,,,,,,0,,0,00,1,1,1,1
Static Class,"org.apache.pdfbox.pdmodel.common.function.type4.StackOperators.Exch",pdfbox/src/main/java/org/apache/pdfbox/pdmodel/common/function/type4/StackOperators.java,1,1,1,1,9,0,9,0,2,3,0,,0,0,,,1,0,1,13,0,0,0,1,,14,1,12,6,5,1,,,5,7,5,5,,,,,1,1,1,1,1,0,0,0,08,1,1,1,1
Public Method,"org.apache.pdfbox.pdmodel.common.function.type4.StackOperators.Exch.execute(ExecutionContext)",pdfbox/src/main/java/org/apache/pdfbox/pdmodel/common/function/type4/StackOperators.java,,,,,,,,,,,,,,,,,,,,,,,,,1,9,0,9,5,5,0,3,1,5,6,4,5,1,1,1,1,,,,,,0,,0,00,1,1,1,1
Static Class,"org.apache.pdfbox.pdmodel.common.function.type4.StackOperators.Index",pdfbox/src/main/java/org/apache/pdfbox/pdmodel/common/function/type4/StackOperators.java,2,2,2,1,12,0,12,0,2,6,0,,0,0,,,1,0,1,13,0,0,0,1,,17,1,15,6,6,1,,,5,8,5,6,,,,,2,2,2,1,1,1,0,0,07,2,2,2,1
Public Method,"org.apache.pdfbox.pdmodel.common.function.type4.StackOperators.Index.execute(ExecutionContext)",pdfbox/src/main/java/org/apache/pdfbox/pdmodel/common/function/type4/StackOperators.java,,,,,,,,,,,,,,,,,,,,,,,,,1,12,0,12,5,6,0,7,2,5,7,4,6,2,2,2,1,,,,,,1,,0,00,2,2,2,1
Static Class,"org.apache.pdfbox.pdmodel.common.function.type4.StackOperators.Pop",pdfbox/src/main/java/org/apache/pdfbox/pdmodel/common/function/type4/StackOperators.java,1,1,1,1,6,0,6,0,2,3,0,,0,0,,,1,0,1,13,0,0,0,1,,11,1,9,4,2,1,,,2,4,3,2,,,,,1,1,1,1,1,0,0,0,11,1,1,1,1
Public Method,"org.apache.pdfbox.pdmodel.common.function.type4.StackOperators.Pop.execute(ExecutionContext)",pdfbox/src/main/java/org/apache/pdfbox/pdmodel/common/function/type4/StackOperators.java,,,,,,,,,,,,,,,,,,,,,,,,,1,6,0,6,3,2,0,2,1,2,3,2,2,1,1,1,1,,,,,,0,,0,00,1,1,1,1
Static Class,"org.apache.pdfbox.pdmodel.common.function.type4.StackOperators.Roll",pdfbox/src/main/java/org/apache/pdfbox/pdmodel/common/function/type4/StackOperators.java,8,8,8,1,48,1,45,3,2,7,0,,0,0,,,1,0,1,13,0,0,0,1,,53,2,48,10,25,4,,,25,34,13,26,,,,,8,8,8,1,1,2,0,0,08,8,8,8,1
Public Method,"org.apache.pdfbox.pdmodel.common.function.type4.StackOperators.Roll.execute(ExecutionContext)",pdfbox/src/main/java/org/apache/pdfbox/pdmodel/common/function/type4/StackOperators.java,,,,,,,,,,,,,,,,,,,,,,,,,1,48,1,45,9,25,3,7,17,25,33,12,26,8,8,8,1,,,,,,2,,0,07,8,8,8,1
Private Constructor,"org.apache.pdfbox.pdmodel.common.function.type4.StackOperators.StackOperators()",pdfbox/src/main/java/org/apache/pdfbox/pdmodel/common/function/type4/StackOperators.java,,,,,,,,,,,,,,,,,,,,,,,,,0,4,0,3,1,0,1,1,1,0,1,1,0,1,1,1,1,,,,,,0,,0,33,1,1,1,1
Class,"org.apache.pdfbox.pdmodel.common.function.type4.TestOperators",pdfbox/src/test/java/org/apache/pdfbox/pdmodel/common/function/type4/TestOperators.java,1,1,1,1,12,0,8,3,1,12,0,,0,0,,,40,0,40,52,40,0,0,0,,536,52,356,121,150,163,,,99,142,45,100,,,,,2,2,2,1,1,1,0,0,46,44,44,44,42
Method,"org.apache.pdfbox.pdmodel.common.function.type4.TestOperators.testAbs()",pdfbox/src/test/java/org/apache/pdfbox/pdmodel/common/function/type4/TestOperators.java,,,,,,,,,,,,,,,,,,,,,,,,,0,10,0,7,3,2,4,4,1,1,2,1,1,1,1,1,1,,,,,,0,,0,57,1,1,1,1
Method,"org.apache.pdfbox.pdmodel.common.function.type4.TestOperators.testAdd()",pdfbox/src/test/java/org/apache/pdfbox/pdmodel/common/function/type4/TestOperators.java,,,,,,,,,,,,,,,,,,,,,,,,,1,17,2,12,6,8,3,10,1,7,8,4,6,1,1,1,1,,,,,,0,,0,25,1,1,1,1
Method,"org.apache.pdfbox.pdmodel.common.function.type4.TestOperators.testAnd()",pdfbox/src/test/java/org/apache/pdfbox/pdmodel/common/function/type4/TestOperators.java,,,,,,,,,,,,,,,,,,,,,,,,,0,13,1,9,3,4,4,4,1,2,3,1,2,1,1,1,1,,,,,,0,,0,44,1,1,1,1
Method,"org.apache.pdfbox.pdmodel.common.function.type4.TestOperators.testAtan()",pdfbox/src/test/java/org/apache/pdfbox/pdmodel/common/function/type4/TestOperators.java,,,,,,,,,,,,,,,,,,,,,,,,,0,12,0,9,3,4,4,3,1,4,5,1,4,1,1,1,1,,,,,,0,,0,44,1,1,1,1
Method,"org.apache.pdfbox.pdmodel.common.function.type4.TestOperators.testBitshift()",pdfbox/src/test/java/org/apache/pdfbox/pdmodel/common/function/type4/TestOperators.java,,,,,,,,,,,,,,,,,,,,,,,,,0,10,0,7,3,2,4,3,1,1,2,1,1,1,1,1,1,,,,,,0,,0,57,1,1,1,1
Method,"org.apache.pdfbox.pdmodel.common.function.type4.TestOperators.testCeiling()",pdfbox/src/test/java/org/apache/pdfbox/pdmodel/common/function/type4/TestOperators.java,,,,,,,,,,,,,,,,,,,,,,,,,0,10,0,7,3,2,4,4,1,1,2,1,1,1,1,1,1,,,,,,0,,0,57,1,1,1,1
Method,"org.apache.pdfbox.pdmodel.common.function.type4.TestOperators.testCopy()",pdfbox/src/test/java/org/apache/pdfbox/pdmodel/common/function/type4/TestOperators.java,,,,,,,,,,,,,,,,,,,,,,,,,0,13,0,10,3,5,4,4,1,1,2,1,1,1,1,1,1,,,,,,0,,0,40,1,1,1,1
Method,"org.apache.pdfbox.pdmodel.common.function.type4.TestOperators.testCos()",pdfbox/src/test/java/org/apache/pdfbox/pdmodel/common/function/type4/TestOperators.java,,,,,,,,,,,,,,,,,,,,,,,,,0,10,0,7,3,2,4,3,1,2,3,1,2,1,1,1,1,,,,,,0,,0,57,1,1,1,1
Method,"org.apache.pdfbox.pdmodel.common.function.type4.TestOperators.testCvi()",pdfbox/src/test/java/org/apache/pdfbox/pdmodel/common/function/type4/TestOperators.java,,,,,,,,,,,,,,,,,,,,,,,,,0,10,0,7,3,2,4,3,1,2,3,1,2,1,1,1,1,,,,,,0,,0,57,1,1,1,1
Method,"org.apache.pdfbox.pdmodel.common.function.type4.TestOperators.testCvr()",pdfbox/src/test/java/org/apache/pdfbox/pdmodel/common/function/type4/TestOperators.java,,,,,,,,,,,,,,,,,,,,,,,,,0,17,1,12,3,8,4,7,1,6,7,2,6,1,1,1,1,,,,,,0,,0,33,1,1,1,1
Method,"org.apache.pdfbox.pdmodel.common.function.type4.TestOperators.testDiv()",pdfbox/src/test/java/org/apache/pdfbox/pdmodel/common/function/type4/TestOperators.java,,,,,,,,,,,,,,,,,,,,,,,,,0,10,0,7,3,2,4,3,1,2,3,1,2,1,1,1,1,,,,,,0,,0,57,1,1,1,1
Method,"org.apache.pdfbox.pdmodel.common.function.type4.TestOperators.testDup()",pdfbox/src/test/java/org/apache/pdfbox/pdmodel/common/function/type4/TestOperators.java,,,,,,,,,,,,,,,,,,,,,,,,,0,14,0,11,3,6,4,4,1,2,3,1,2,1,1,1,1,,,,,,0,,0,36,1,1,1,1
Method,"org.apache.pdfbox.pdmodel.common.function.type4.TestOperators.testEq()",pdfbox/src/test/java/org/apache/pdfbox/pdmodel/common/function/type4/TestOperators.java,,,,,,,,,,,,,,,,,,,,,,,,,0,10,0,7,3,2,4,3,1,1,2,1,1,1,1,1,1,,,,,,0,,0,57,1,1,1,1
Method,"org.apache.pdfbox.pdmodel.common.function.type4.TestOperators.testExch()",pdfbox/src/test/java/org/apache/pdfbox/pdmodel/common/function/type4/TestOperators.java,,,,,,,,,,,,,,,,,,,,,,,,,0,12,0,9,3,4,4,5,1,2,3,1,2,1,1,1,1,,,,,,0,,0,44,1,1,1,1
Method,"org.apache.pdfbox.pdmodel.common.function.type4.TestOperators.testExp()",pdfbox/src/test/java/org/apache/pdfbox/pdmodel/common/function/type4/TestOperators.java,,,,,,,,,,,,,,,,,,,,,,,,,0,10,0,7,3,2,4,4,1,2,3,1,2,1,1,1,1,,,,,,0,,0,57,1,1,1,1
Method,"org.apache.pdfbox.pdmodel.common.function.type4.TestOperators.testFloor()",pdfbox/src/test/java/org/apache/pdfbox/pdmodel/common/function/type4/TestOperators.java,,,,,,,,,,,,,,,,,,,,,,,,,0,10,0,7,3,2,4,4,1,1,2,1,1,1,1,1,1,,,,,,0,,0,57,1,1,1,1
Method,"org.apache.pdfbox.pdmodel.common.function.type4.TestOperators.testGe()",pdfbox/src/test/java/org/apache/pdfbox/pdmodel/common/function/type4/TestOperators.java,,,,,,,,,,,,,,,,,,,,,,,,,0,10,0,7,3,2,4,3,1,1,2,1,1,1,1,1,1,,,,,,0,,0,57,1,1,1,1
Method,"org.apache.pdfbox.pdmodel.common.function.type4.TestOperators.testGt()",pdfbox/src/test/java/org/apache/pdfbox/pdmodel/common/function/type4/TestOperators.java,,,,,,,,,,,,,,,,,,,,,,,,,0,10,0,7,3,2,4,3,1,1,2,1,1,1,1,1,1,,,,,,0,,0,57,1,1,1,1
Method,"org.apache.pdfbox.pdmodel.common.function.type4.TestOperators.testIDiv()",pdfbox/src/test/java/org/apache/pdfbox/pdmodel/common/function/type4/TestOperators.java,,,,,,,,,,,,,,,,,,,,,,,,,0,19,0,15,2,7,4,4,2,5,7,1,6,2,2,2,1,,,,,,1,,0,27,2,2,2,1
Method,"org.apache.pdfbox.pdmodel.common.function.type4.TestOperators.testIf()",pdfbox/src/test/java/org/apache/pdfbox/pdmodel/common/function/type4/TestOperators.java,,,,,,,,,,,,,,,,,,,,,,,,,1,15,2,10,2,6,3,4,1,3,4,1,3,1,1,1,1,,,,,,0,,0,30,2,2,2,2
Lambda Method,"org.apache.pdfbox.pdmodel.common.function.type4.TestOperators.testIf.(lambda_expr_1)()",pdfbox/src/test/java/org/apache/pdfbox/pdmodel/common/function/type4/TestOperators.java,,,,,,,,,,,,,,,,,,,,,,,,,0,1,0,1,0,1,0,2,1,0,0,0,0,1,1,1,1,,,,,,0,,0,00,1,1,1,1
Method,"org.apache.pdfbox.pdmodel.common.function.type4.TestOperators.testIfElse()",pdfbox/src/test/java/org/apache/pdfbox/pdmodel/common/function/type4/TestOperators.java,,,,,,,,,,,,,,,,,,,,,,,,,0,13,1,9,3,4,4,3,1,2,3,1,2,1,1,1,1,,,,,,0,,0,44,1,1,1,1
Method,"org.apache.pdfbox.pdmodel.common.function.type4.TestOperators.testIndex()",pdfbox/src/test/java/org/apache/pdfbox/pdmodel/common/function/type4/TestOperators.java,,,,,,,,,,,,,,,,,,,,,,,,,0,12,0,9,3,4,4,3,1,2,3,1,2,1,1,1,1,,,,,,0,,0,44,1,1,1,1
Method,"org.apache.pdfbox.pdmodel.common.function.type4.TestOperators.testLe()",pdfbox/src/test/java/org/apache/pdfbox/pdmodel/common/function/type4/TestOperators.java,,,,,,,,,,,,,,,,,,,,,,,,,0,10,0,7,3,2,4,3,1,1,2,1,1,1,1,1,1,,,,,,0,,0,57,1,1,1,1
Method,"org.apache.pdfbox.pdmodel.common.function.type4.TestOperators.testLn()",pdfbox/src/test/java/org/apache/pdfbox/pdmodel/common/function/type4/TestOperators.java,,,,,,,,,,,,,,,,,,,,,,,,,0,10,0,7,3,2,4,3,1,2,3,1,2,1,1,1,1,,,,,,0,,0,57,1,1,1,1
Method,"org.apache.pdfbox.pdmodel.common.function.type4.TestOperators.testLog()",pdfbox/src/test/java/org/apache/pdfbox/pdmodel/common/function/type4/TestOperators.java,,,,,,,,,,,,,,,,,,,,,,,,,0,10,0,7,3,2,4,3,1,2,3,1,2,1,1,1,1,,,,,,0,,0,57,1,1,1,1
Method,"org.apache.pdfbox.pdmodel.common.function.type4.TestOperators.testLt()",pdfbox/src/test/java/org/apache/pdfbox/pdmodel/common/function/type4/TestOperators.java,,,,,,,,,,,,,,,,,,,,,,,,,0,10,0,7,3,2,4,3,1,1,2,1,1,1,1,1,1,,,,,,0,,0,57,1,1,1,1
Method,"org.apache.pdfbox.pdmodel.common.function.type4.TestOperators.testMod()",pdfbox/src/test/java/org/apache/pdfbox/pdmodel/common/function/type4/TestOperators.java,,,,,,,,,,,,,,,,,,,,,,,,,0,19,0,15,2,7,4,4,2,5,7,1,6,2,2,2,1,,,,,,1,,0,27,2,2,2,1
Method,"org.apache.pdfbox.pdmodel.common.function.type4.TestOperators.testMul()",pdfbox/src/test/java/org/apache/pdfbox/pdmodel/common/function/type4/TestOperators.java,,,,,,,,,,,,,,,,,,,,,,,,,1,13,0,10,3,5,5,5,1,4,5,1,4,1,1,1,1,,,,,,0,,0,50,1,1,1,1
Method,"org.apache.pdfbox.pdmodel.common.function.type4.TestOperators.testNe()",pdfbox/src/test/java/org/apache/pdfbox/pdmodel/common/function/type4/TestOperators.java,,,,,,,,,,,,,,,,,,,,,,,,,0,10,0,7,3,2,4,3,1,1,2,1,1,1,1,1,1,,,,,,0,,0,57,1,1,1,1
Method,"org.apache.pdfbox.pdmodel.common.function.type4.TestOperators.testNeg()",pdfbox/src/test/java/org/apache/pdfbox/pdmodel/common/function/type4/TestOperators.java,,,,,,,,,,,,,,,,,,,,,,,,,2,16,1,11,3,6,5,4,1,4,5,1,4,1,1,1,1,,,,,,0,,0,45,1,1,1,1
Method,"org.apache.pdfbox.pdmodel.common.function.type4.TestOperators.testNot()",pdfbox/src/test/java/org/apache/pdfbox/pdmodel/common/function/type4/TestOperators.java,,,,,,,,,,,,,,,,,,,,,,,,,0,13,1,9,3,4,4,4,1,2,3,1,2,1,1,1,1,,,,,,0,,0,44,1,1,1,1
Method,"org.apache.pdfbox.pdmodel.common.function.type4.TestOperators.testOr()",pdfbox/src/test/java/org/apache/pdfbox/pdmodel/common/function/type4/TestOperators.java,,,,,,,,,,,,,,,,,,,,,,,,,0,13,1,9,3,4,4,4,1,2,3,1,2,1,1,1,1,,,,,,0,,0,44,1,1,1,1
Method,"org.apache.pdfbox.pdmodel.common.function.type4.TestOperators.testPop()",pdfbox/src/test/java/org/apache/pdfbox/pdmodel/common/function/type4/TestOperators.java,,,,,,,,,,,,,,,,,,,,,,,,,0,12,0,9,3,4,4,3,1,2,3,1,2,1,1,1,1,,,,,,0,,0,44,1,1,1,1
Method,"org.apache.pdfbox.pdmodel.common.function.type4.TestOperators.testRoll()",pdfbox/src/test/java/org/apache/pdfbox/pdmodel/common/function/type4/TestOperators.java,,,,,,,,,,,,,,,,,,,,,,,,,0,14,0,11,3,6,4,3,1,3,4,1,3,1,1,1,1,,,,,,0,,0,36,1,1,1,1
Method,"org.apache.pdfbox.pdmodel.common.function.type4.TestOperators.testRound()",pdfbox/src/test/java/org/apache/pdfbox/pdmodel/common/function/type4/TestOperators.java,,,,,,,,,,,,,,,,,,,,,,,,,0,13,0,10,3,5,4,4,1,5,6,1,5,1,1,1,1,,,,,,0,,0,40,1,1,1,1
Method,"org.apache.pdfbox.pdmodel.common.function.type4.TestOperators.testSin()",pdfbox/src/test/java/org/apache/pdfbox/pdmodel/common/function/type4/TestOperators.java,,,,,,,,,,,,,,,,,,,,,,,,,0,11,0,8,3,3,4,3,1,3,4,1,3,1,1,1,1,,,,,,0,,0,50,1,1,1,1
Method,"org.apache.pdfbox.pdmodel.common.function.type4.TestOperators.testSqrt()",pdfbox/src/test/java/org/apache/pdfbox/pdmodel/common/function/type4/TestOperators.java,,,,,,,,,,,,,,,,,,,,,,,,,1,13,0,10,2,6,3,5,1,5,6,1,5,1,1,1,1,,,,,,0,,0,30,2,2,2,2
Lambda Method,"org.apache.pdfbox.pdmodel.common.function.type4.TestOperators.testSqrt.(lambda_expr_1)()",pdfbox/src/test/java/org/apache/pdfbox/pdmodel/common/function/type4/TestOperators.java,,,,,,,,,,,,,,,,,,,,,,,,,0,1,0,1,0,1,0,2,1,0,0,0,0,1,1,1,1,,,,,,0,,0,00,1,1,1,1
Method,"org.apache.pdfbox.pdmodel.common.function.type4.TestOperators.testSub()",pdfbox/src/test/java/org/apache/pdfbox/pdmodel/common/function/type4/TestOperators.java,,,,,,,,,,,,,,,,,,,,,,,,,0,9,0,6,3,1,4,4,1,1,2,1,1,1,1,1,1,,,,,,0,,0,67,1,1,1,1
Method,"org.apache.pdfbox.pdmodel.common.function.type4.TestOperators.testTruncate()",pdfbox/src/test/java/org/apache/pdfbox/pdmodel/common/function/type4/TestOperators.java,,,,,,,,,,,,,,,,,,,,,,,,,0,11,0,8,3,3,4,4,1,3,4,1,3,1,1,1,1,,,,,,0,,0,50,1,1,1,1
Method,"org.apache.pdfbox.pdmodel.common.function.type4.TestOperators.testXor()",pdfbox/src/test/java/org/apache/pdfbox/pdmodel/common/function/type4/TestOperators.java,,,,,,,,,,,,,,,,,,,,,,,,,0,13,1,9,3,4,4,4,1,2,3,1,2,1,1,1,1,,,,,,0,,0,44,1,1,1,1
Class,"org.apache.pdfbox.pdmodel.common.function.type4.TestParser",pdfbox/src/test/java/org/apache/pdfbox/pdmodel/common/function/type4/TestParser.java,1,1,1,1,13,0,7,5,1,5,0,,0,0,,,4,0,4,16,4,0,0,0,,64,7,33,10,13,24,,,11,16,5,11,,,,,1,1,1,1,1,0,0,0,73,4,4,4,4
Method,"org.apache.pdfbox.pdmodel.common.function.type4.TestParser.testJira804()",pdfbox/src/test/java/org/apache/pdfbox/pdmodel/common/function/type4/TestParser.java,,,,,,,,,,,,,,,,,,,,,,,,,0,15,1,6,2,2,8,3,1,1,2,1,1,1,1,1,1,,,,,,0,,1,33,1,1,1,1
Method,"org.apache.pdfbox.pdmodel.common.function.type4.TestParser.testNested()",pdfbox/src/test/java/org/apache/pdfbox/pdmodel/common/function/type4/TestParser.java,,,,,,,,,,,,,,,,,,,,,,,,,0,12,1,7,2,3,4,4,1,2,3,1,2,1,1,1,1,,,,,,0,,0,57,1,1,1,1
Method,"org.apache.pdfbox.pdmodel.common.function.type4.TestParser.testParseFloat()",pdfbox/src/test/java/org/apache/pdfbox/pdmodel/common/function/type4/TestParser.java,,,,,,,,,,,,,,,,,,,,,,,,,0,16,1,11,2,7,4,2,1,7,8,1,7,1,1,1,1,,,,,,0,,0,36,1,1,1,1
Method,"org.apache.pdfbox.pdmodel.common.function.type4.TestParser.testParserBasics()",pdfbox/src/test/java/org/apache/pdfbox/pdmodel/common/function/type4/TestParser.java,,,,,,,,,,,,,,,,,,,,,,,,,0,9,0,5,2,1,4,3,1,1,2,1,1,1,1,1,1,,,,,,0,,0,80,1,1,1,1
Public Class,"org.apache.pdfbox.pdmodel.common.function.type4.Type4Tester",pdfbox/src/test/java/org/apache/pdfbox/pdmodel/common/function/type4/Type4Tester.java,1,1,1,1,9,0,5,4,1,10,0,,1,0,,,9,1,10,22,0,1,0,9,,117,13,56,18,22,48,,,23,34,18,22,,,,,1,1,1,1,1,0,30,0,86,10,10,10,10
Private Constructor,"org.apache.pdfbox.pdmodel.common.function.type4.Type4Tester.Type4Tester(ExecutionContext)",pdfbox/src/test/java/org/apache/pdfbox/pdmodel/common/function/type4/Type4Tester.java,,,,,,,,,,,,,,,,,,,,,,,,,2,4,0,4,1,1,0,2,1,1,2,1,1,1,1,1,1,,,,,,0,,0,00,1,1,1,1
Public Static Method,"org.apache.pdfbox.pdmodel.common.function.type4.Type4Tester.create(String)",pdfbox/src/test/java/org/apache/pdfbox/pdmodel/common/function/type4/Type4Tester.java,,,,,,,,,,,,,,,,,,,,,,,,,46,13,1,7,3,4,5,6,1,4,5,3,4,1,1,1,1,,,,,,0,,0,71,1,1,1,1
Public Method,"org.apache.pdfbox.pdmodel.common.function.type4.Type4Tester.isEmpty()",pdfbox/src/test/java/org/apache/pdfbox/pdmodel/common/function/type4/Type4Tester.java,,,,,,,,,,,,,,,,,,,,,,,,,44,9,0,5,1,2,4,4,1,2,3,1,2,1,1,1,1,,,,,,0,,0,80,1,1,1,1
Public Method,"org.apache.pdfbox.pdmodel.common.function.type4.Type4Tester.pop(boolean)",pdfbox/src/test/java/org/apache/pdfbox/pdmodel/common/function/type4/Type4Tester.java,,,,,,,,,,,,,,,,,,,,,,,,,16,11,0,6,2,3,5,4,1,3,4,2,3,1,1,1,1,,,,,,0,,0,83,1,1,1,1
Public Method,"org.apache.pdfbox.pdmodel.common.function.type4.Type4Tester.pop(float)",pdfbox/src/test/java/org/apache/pdfbox/pdmodel/common/function/type4/Type4Tester.java,,,,,,,,,,,,,,,,,,,,,,,,,9,9,0,4,1,1,5,2,1,1,2,1,1,1,1,1,1,,,,,,0,,1,25,1,1,1,1
Public Method,"org.apache.pdfbox.pdmodel.common.function.type4.Type4Tester.pop(float,double)",pdfbox/src/test/java/org/apache/pdfbox/pdmodel/common/function/type4/Type4Tester.java,,,,,,,,,,,,,,,,,,,,,,,,,4,12,0,6,2,3,6,4,1,3,4,2,3,1,1,1,1,,,,,,0,,1,00,1,1,1,1
Public Method,"org.apache.pdfbox.pdmodel.common.function.type4.Type4Tester.pop(int)",pdfbox/src/test/java/org/apache/pdfbox/pdmodel/common/function/type4/Type4Tester.java,,,,,,,,,,,,,,,,,,,,,,,,,29,11,0,6,2,3,5,3,1,3,4,2,3,1,1,1,1,,,,,,0,,0,83,1,1,1,1
Public Method,"org.apache.pdfbox.pdmodel.common.function.type4.Type4Tester.popReal(float)",pdfbox/src/test/java/org/apache/pdfbox/pdmodel/common/function/type4/Type4Tester.java,,,,,,,,,,,,,,,,,,,,,,,,,12,9,0,4,1,1,5,2,1,1,2,1,1,1,1,1,1,,,,,,0,,1,25,1,1,1,1
Public Method,"org.apache.pdfbox.pdmodel.common.function.type4.Type4Tester.popReal(float,double)",pdfbox/src/test/java/org/apache/pdfbox/pdmodel/common/function/type4/Type4Tester.java,,,,,,,,,,,,,,,,,,,,,,,,,8,12,0,6,2,3,6,4,1,3,4,2,3,1,1,1,1,,,,,,0,,1,00,1,1,1,1
Public Method,"org.apache.pdfbox.pdmodel.common.function.type4.Type4Tester.toExecutionContext()",pdfbox/src/test/java/org/apache/pdfbox/pdmodel/common/function/type4/Type4Tester.java,,,,,,,,,,,,,,,,,,,,,,,,,3,8,0,4,1,1,4,1,1,1,2,1,1,1,1,1,1,,,,,,0,,1,00,1,1,1,1
Package,"org.apache.pdfbox.pdmodel.documentinterchange",,0,0,0,0,0,0,0,0,,,,0,0,0,0,,0,0,0,,0,0,0,0,,0,0,0,0,0,0,,,0,0,0,0,,,,,0,0,0,0,,0,,0,00,0,0,0,0
Package,"org.apache.pdfbox.pdmodel.documentinterchange.logicalstructure",pdfbox/src/main/java/org/apache/pdfbox/pdmodel/documentinterchange/logicalstructure/PDAttributeObject.java,1,1,1,1,13,0,8,4,,,,13,4,8,13,,152,9,156,,1,10,17,128,,2750,223,1476,421,575,1053,,,547,838,413,511,,,,,14,7,14,8,,4,,0,71,295,282,305,194
Public Abstract Class,"org.apache.pdfbox.pdmodel.documentinterchange.logicalstructure.PDAttributeObject",pdfbox/src/main/java/org/apache/pdfbox/pdmodel/documentinterchange/logicalstructure/PDAttributeObject.java,2,1,2,1,13,0,7,5,1,14,3,,3,0,,,11,1,14,31,0,2,6,6,,209,17,115,20,50,77,,,33,57,21,39,,,,,14,3,14,8,2,2,85,0,67,34,23,35,21
Public Constructor,"org.apache.pdfbox.pdmodel.documentinterchange.logicalstructure.PDAttributeObject.PDAttributeObject()",pdfbox/src/main/java/org/apache/pdfbox/pdmodel/documentinterchange/logicalstructure/PDAttributeObject.java,,,,,,,,,,,,,,,,,,,,,,,,,0,6,0,3,1,0,3,1,1,0,1,1,0,1,1,1,1,,,,,,0,,1,00,1,1,1,1
Public Constructor,"org.apache.pdfbox.pdmodel.documentinterchange.logicalstructure.PDAttributeObject.PDAttributeObject(COSDictionary)",pdfbox/src/main/java/org/apache/pdfbox/pdmodel/documentinterchange/logicalstructure/PDAttributeObject.java,,,,,,,,,,,,,,,,,,,,,,,,,4,9,0,4,1,1,5,2,1,1,2,1,1,1,1,1,1,,,,,,0,,1,25,1,1,1,1
Protected Static Method,"org.apache.pdfbox.pdmodel.documentinterchange.logicalstructure.PDAttributeObject.arrayToString(Object[])",pdfbox/src/main/java/org/apache/pdfbox/pdmodel/documentinterchange/logicalstructure/PDAttributeObject.java,,,,,,,,,,,,,,,,,,,,,,,,,5,19,0,13,2,6,6,6,3,6,9,3,7,3,3,3,1,,,,,,2,,0,46,3,3,3,1
Protected Static Method,"org.apache.pdfbox.pdmodel.documentinterchange.logicalstructure.PDAttributeObject.arrayToString(float[])",pdfbox/src/main/java/org/apache/pdfbox/pdmodel/documentinterchange/logicalstructure/PDAttributeObject.java,,,,,,,,,,,,,,,,,,,,,,,,,3,19,0,13,2,6,6,6,3,6,9,3,7,3,3,3,1,,,,,,2,,0,46,3,3,3,1
Public Static Method,"org.apache.pdfbox.pdmodel.documentinterchange.logicalstructure.PDAttributeObject.create(COSDictionary)",pdfbox/src/main/java/org/apache/pdfbox/pdmodel/documentinterchange/logicalstructure/PDAttributeObject.java,,,,,,,,,,,,,,,,,,,,,,,,,15,37,0,31,2,24,6,9,8,9,12,2,11,14,3,14,8,,,,,,2,,0,19,14,3,14,8
Public Method,"org.apache.pdfbox.pdmodel.documentinterchange.logicalstructure.PDAttributeObject.getOwner()",pdfbox/src/main/java/org/apache/pdfbox/pdmodel/documentinterchange/logicalstructure/PDAttributeObject.java,,,,,,,,,,,,,,,,,,,,,,,,,3,9,0,4,1,1,5,3,1,1,2,1,1,1,1,1,1,,,,,,0,,1,25,1,1,1,1
Private Method,"org.apache.pdfbox.pdmodel.documentinterchange.logicalstructure.PDAttributeObject.getStructureElement()",pdfbox/src/main/java/org/apache/pdfbox/pdmodel/documentinterchange/logicalstructure/PDAttributeObject.java,,,,,,,,,,,,,,,,,,,,,,,,,2,9,0,4,1,1,5,1,1,1,2,1,1,1,1,1,1,,,,,,0,,1,25,1,1,1,1
Public Method,"org.apache.pdfbox.pdmodel.documentinterchange.logicalstructure.PDAttributeObject.isEmpty()",pdfbox/src/main/java/org/apache/pdfbox/pdmodel/documentinterchange/logicalstructure/PDAttributeObject.java,,,,,,,,,,,,,,,,,,,,,,,,,0,11,0,4,1,1,7,4,1,1,2,1,1,1,1,2,1,,,,,,0,,1,75,1,1,2,1
Private Method,"org.apache.pdfbox.pdmodel.documentinterchange.logicalstructure.PDAttributeObject.isValueChanged(COSBase,COSBase)",pdfbox/src/main/java/org/apache/pdfbox/pdmodel/documentinterchange/logicalstructure/PDAttributeObject.java,,,,,,,,,,,,,,,,,,,,,,,,,3,16,0,8,1,3,8,2,2,2,4,1,3,2,2,2,1,,,,,,1,,1,00,2,2,2,1
Protected Method,"org.apache.pdfbox.pdmodel.documentinterchange.logicalstructure.PDAttributeObject.notifyChanged()",pdfbox/src/main/java/org/apache/pdfbox/pdmodel/documentinterchange/logicalstructure/PDAttributeObject.java,,,,,,,,,,,,,,,,,,,,,,,,,3,11,0,7,1,2,4,2,2,1,3,1,2,2,2,2,1,,,,,,1,,0,57,2,2,2,1
Protected Method,"org.apache.pdfbox.pdmodel.documentinterchange.logicalstructure.PDAttributeObject.potentiallyNotifyChanged(COSBase,COSBase)",pdfbox/src/main/java/org/apache/pdfbox/pdmodel/documentinterchange/logicalstructure/PDAttributeObject.java,,,,,,,,,,,,,,,,,,,,,,,,,14,13,0,7,1,2,6,2,2,1,3,1,2,2,2,2,1,,,,,,1,,0,86,2,2,2,1
Protected Method,"org.apache.pdfbox.pdmodel.documentinterchange.logicalstructure.PDAttributeObject.setOwner(String)",pdfbox/src/main/java/org/apache/pdfbox/pdmodel/documentinterchange/logicalstructure/PDAttributeObject.java,,,,,,,,,,,,,,,,,,,,,,,,,8,9,0,4,1,1,5,2,1,1,2,1,1,1,1,1,1,,,,,,0,,1,25,1,1,1,1
Protected Method,"org.apache.pdfbox.pdmodel.documentinterchange.logicalstructure.PDAttributeObject.setStructureElement(PDStructureElement)",pdfbox/src/main/java/org/apache/pdfbox/pdmodel/documentinterchange/logicalstructure/PDAttributeObject.java,,,,,,,,,,,,,,,,,,,,,,,,,5,9,0,4,1,1,5,1,1,1,2,1,1,1,1,1,1,,,,,,0,,1,25,1,1,1,1
Public Method,"org.apache.pdfbox.pdmodel.documentinterchange.logicalstructure.PDAttributeObject.toString()",pdfbox/src/main/java/org/apache/pdfbox/pdmodel/documentinterchange/logicalstructure/PDAttributeObject.java,,,,,,,,,,,,,,,,,,,,,,,,,6,5,0,5,2,1,0,2,1,1,2,1,1,1,1,1,1,,,,,,0,,0,00,1,1,1,1
Public Class,"org.apache.pdfbox.pdmodel.documentinterchange.logicalstructure.PDDefaultAttributeObject",pdfbox/src/main/java/org/apache/pdfbox/pdmodel/documentinterchange/logicalstructure/PDDefaultAttributeObject.java,1,1,1,1,12,0,7,4,1,11,0,,0,0,,,7,0,7,38,0,0,1,6,,101,9,55,16,24,37,,,17,28,14,20,,,,,3,3,3,1,3,2,0,0,67,11,11,11,8
Public Constructor,"org.apache.pdfbox.pdmodel.documentinterchange.logicalstructure.PDDefaultAttributeObject.PDDefaultAttributeObject()",pdfbox/src/main/java/org/apache/pdfbox/pdmodel/documentinterchange/logicalstructure/PDDefaultAttributeObject.java,,,,,,,,,,,,,,,,,,,,,,,,,0,6,0,3,1,0,3,1,1,0,1,1,0,1,1,1,1,,,,,,0,,1,00,1,1,1,1
Public Constructor,"org.apache.pdfbox.pdmodel.documentinterchange.logicalstructure.PDDefaultAttributeObject.PDDefaultAttributeObject(COSDictionary)",pdfbox/src/main/java/org/apache/pdfbox/pdmodel/documentinterchange/logicalstructure/PDDefaultAttributeObject.java,,,,,,,,,,,,,,,,,,,,,,,,,2,9,0,4,1,1,5,2,1,1,2,1,1,1,1,1,1,,,,,,0,,1,25,1,1,1,1
Public Method,"org.apache.pdfbox.pdmodel.documentinterchange.logicalstructure.PDDefaultAttributeObject.getAttributeNames()",pdfbox/src/main/java/org/apache/pdfbox/pdmodel/documentinterchange/logicalstructure/PDDefaultAttributeObject.java,,,,,,,,,,,,,,,,,,,,,,,,,4,14,0,9,2,6,5,8,1,3,4,2,3,1,1,1,1,,,,,,0,,0,56,2,2,2,2
Lambda Method,"org.apache.pdfbox.pdmodel.documentinterchange.logicalstructure.PDDefaultAttributeObject.getAttributeNames.(lambda_expr_1)(COSName (inferred))",pdfbox/src/main/java/org/apache/pdfbox/pdmodel/documentinterchange/logicalstructure/PDDefaultAttributeObject.java,,,,,,,,,,,,,,,,,,,,,,,,,2,1,0,1,0,1,0,2,1,0,0,0,0,1,1,1,1,,,,,,0,,0,00,1,1,1,1
Public Method,"org.apache.pdfbox.pdmodel.documentinterchange.logicalstructure.PDDefaultAttributeObject.getAttributeValue(String)",pdfbox/src/main/java/org/apache/pdfbox/pdmodel/documentinterchange/logicalstructure/PDDefaultAttributeObject.java,,,,,,,,,,,,,,,,,,,,,,,,,3,10,0,4,1,1,6,3,1,1,2,1,1,1,1,1,1,,,,,,0,,1,50,1,1,1,1
Protected Method,"org.apache.pdfbox.pdmodel.documentinterchange.logicalstructure.PDDefaultAttributeObject.getAttributeValue(String,COSBase)",pdfbox/src/main/java/org/apache/pdfbox/pdmodel/documentinterchange/logicalstructure/PDDefaultAttributeObject.java,,,,,,,,,,,,,,,,,,,,,,,,,2,16,0,9,2,4,7,3,2,3,5,2,4,2,2,2,1,,,,,,1,,0,78,2,2,2,1
Public Method,"org.apache.pdfbox.pdmodel.documentinterchange.logicalstructure.PDDefaultAttributeObject.setAttribute(String,COSBase)",pdfbox/src/main/java/org/apache/pdfbox/pdmodel/documentinterchange/logicalstructure/PDDefaultAttributeObject.java,,,,,,,,,,,,,,,,,,,,,,,,,2,12,0,6,2,3,6,5,1,3,4,2,3,1,1,1,1,,,,,,0,,1,00,1,1,1,1
Public Method,"org.apache.pdfbox.pdmodel.documentinterchange.logicalstructure.PDDefaultAttributeObject.toString()",pdfbox/src/main/java/org/apache/pdfbox/pdmodel/documentinterchange/logicalstructure/PDDefaultAttributeObject.java,,,,,,,,,,,,,,,,,,,,,,,,,0,17,0,17,6,9,0,12,3,6,9,4,8,3,3,3,1,,,,,,2,,0,00,3,3,3,1
Public Class,"org.apache.pdfbox.pdmodel.documentinterchange.logicalstructure.PDMarkInfo",pdfbox/src/main/java/org/apache/pdfbox/pdmodel/documentinterchange/logicalstructure/PDMarkInfo.java,1,1,1,1,9,0,4,5,2,2,0,,0,0,,,9,1,9,21,0,0,0,9,,103,9,41,12,9,53,,,10,20,11,9,,,,,1,1,1,1,1,0,0,1,29,9,9,9,9
Public Constructor,"org.apache.pdfbox.pdmodel.documentinterchange.logicalstructure.PDMarkInfo.PDMarkInfo()",pdfbox/src/main/java/org/apache/pdfbox/pdmodel/documentinterchange/logicalstructure/PDMarkInfo.java,,,,,,,,,,,,,,,,,,,,,,,,,1,8,0,4,1,1,4,3,1,1,2,1,1,1,1,1,1,,,,,,0,,1,00,1,1,1,1
Public Constructor,"org.apache.pdfbox.pdmodel.documentinterchange.logicalstructure.PDMarkInfo.PDMarkInfo(COSDictionary)",pdfbox/src/main/java/org/apache/pdfbox/pdmodel/documentinterchange/logicalstructure/PDMarkInfo.java,,,,,,,,,,,,,,,,,,,,,,,,,2,9,0,4,1,1,5,2,1,1,2,1,1,1,1,1,1,,,,,,0,,1,25,1,1,1,1
Public Method,"org.apache.pdfbox.pdmodel.documentinterchange.logicalstructure.PDMarkInfo.getCOSObject()",pdfbox/src/main/java/org/apache/pdfbox/pdmodel/documentinterchange/logicalstructure/PDMarkInfo.java,,,,,,,,,,,,,,,,,,,,,,,,,1,10,0,5,2,1,5,1,1,1,2,1,1,1,1,1,1,,,,,,0,,1,00,1,1,1,1
Public Method,"org.apache.pdfbox.pdmodel.documentinterchange.logicalstructure.PDMarkInfo.isMarked()",pdfbox/src/main/java/org/apache/pdfbox/pdmodel/documentinterchange/logicalstructure/PDMarkInfo.java,,,,,,,,,,,,,,,,,,,,,,,,,1,9,0,4,1,1,5,2,1,1,2,1,1,1,1,1,1,,,,,,0,,1,25,1,1,1,1
Public Method,"org.apache.pdfbox.pdmodel.documentinterchange.logicalstructure.PDMarkInfo.isSuspect()",pdfbox/src/main/java/org/apache/pdfbox/pdmodel/documentinterchange/logicalstructure/PDMarkInfo.java,,,,,,,,,,,,,,,,,,,,,,,,,2,10,0,4,1,1,6,2,1,1,2,1,1,1,1,1,1,,,,,,0,,1,50,1,1,1,1
Public Method,"org.apache.pdfbox.pdmodel.documentinterchange.logicalstructure.PDMarkInfo.setMarked(boolean)",pdfbox/src/main/java/org/apache/pdfbox/pdmodel/documentinterchange/logicalstructure/PDMarkInfo.java,,,,,,,,,,,,,,,,,,,,,,,,,3,9,0,4,1,1,5,1,1,1,2,1,1,1,1,1,1,,,,,,0,,1,25,1,1,1,1
Public Method,"org.apache.pdfbox.pdmodel.documentinterchange.logicalstructure.PDMarkInfo.setSuspect(boolean)",pdfbox/src/main/java/org/apache/pdfbox/pdmodel/documentinterchange/logicalstructure/PDMarkInfo.java,,,,,,,,,,,,,,,,,,,,,,,,,2,11,0,4,1,1,7,1,1,1,2,1,1,1,1,1,1,,,,,,0,,1,75,1,1,1,1
Public Method,"org.apache.pdfbox.pdmodel.documentinterchange.logicalstructure.PDMarkInfo.setUserProperties(boolean)",pdfbox/src/main/java/org/apache/pdfbox/pdmodel/documentinterchange/logicalstructure/PDMarkInfo.java,,,,,,,,,,,,,,,,,,,,,,,,,2,9,0,4,1,1,5,1,1,1,2,1,1,1,1,1,1,,,,,,0,,1,25,1,1,1,1
Public Method,"org.apache.pdfbox.pdmodel.documentinterchange.logicalstructure.PDMarkInfo.usesUserProperties()",pdfbox/src/main/java/org/apache/pdfbox/pdmodel/documentinterchange/logicalstructure/PDMarkInfo.java,,,,,,,,,,,,,,,,,,,,,,,,,2,9,0,4,1,1,5,2,1,1,2,1,1,1,1,1,1,,,,,,0,,1,25,1,1,1,1
Public Class,"org.apache.pdfbox.pdmodel.documentinterchange.logicalstructure.PDMarkedContentReference",pdfbox/src/main/java/org/apache/pdfbox/pdmodel/documentinterchange/logicalstructure/PDMarkedContentReference.java,1,1,1,1,8,0,4,3,2,5,0,,0,1,,,8,1,8,20,0,0,0,8,,88,11,41,14,11,36,,,12,21,12,10,,,,,2,2,2,1,1,0,62,0,88,9,9,9,8
Public Constructor,"org.apache.pdfbox.pdmodel.documentinterchange.logicalstructure.PDMarkedContentReference.PDMarkedContentReference()",pdfbox/src/main/java/org/apache/pdfbox/pdmodel/documentinterchange/logicalstructure/PDMarkedContentReference.java,,,,,,,,,,,,,,,,,,,,,,,,,3,8,0,5,1,2,3,4,1,2,3,1,2,1,1,1,1,,,,,,0,,0,60,1,1,1,1
Public Constructor,"org.apache.pdfbox.pdmodel.documentinterchange.logicalstructure.PDMarkedContentReference.PDMarkedContentReference(COSDictionary)",pdfbox/src/main/java/org/apache/pdfbox/pdmodel/documentinterchange/logicalstructure/PDMarkedContentReference.java,,,,,,,,,,,,,,,,,,,,,,,,,2,9,0,4,1,1,5,2,1,1,2,1,1,1,1,1,1,,,,,,0,,1,25,1,1,1,1
Public Method,"org.apache.pdfbox.pdmodel.documentinterchange.logicalstructure.PDMarkedContentReference.getCOSObject()",pdfbox/src/main/java/org/apache/pdfbox/pdmodel/documentinterchange/logicalstructure/PDMarkedContentReference.java,,,,,,,,,,,,,,,,,,,,,,,,,5,8,0,5,2,1,3,1,1,1,2,1,1,1,1,1,1,,,,,,0,,0,60,1,1,1,1
Public Method,"org.apache.pdfbox.pdmodel.documentinterchange.logicalstructure.PDMarkedContentReference.getMCID()",pdfbox/src/main/java/org/apache/pdfbox/pdmodel/documentinterchange/logicalstructure/PDMarkedContentReference.java,,,,,,,,,,,,,,,,,,,,,,,,,2,9,0,4,1,1,5,3,1,1,2,1,1,1,1,1,1,,,,,,0,,1,25,1,1,1,1
Public Method,"org.apache.pdfbox.pdmodel.documentinterchange.logicalstructure.PDMarkedContentReference.getPage()",pdfbox/src/main/java/org/apache/pdfbox/pdmodel/documentinterchange/logicalstructure/PDMarkedContentReference.java,,,,,,,,,,,,,,,,,,,,,,,,,1,10,0,5,2,2,5,4,1,2,3,2,2,2,2,2,1,,,,,,0,,1,00,2,2,2,1
Public Method,"org.apache.pdfbox.pdmodel.documentinterchange.logicalstructure.PDMarkedContentReference.setMCID(int)",pdfbox/src/main/java/org/apache/pdfbox/pdmodel/documentinterchange/logicalstructure/PDMarkedContentReference.java,,,,,,,,,,,,,,,,,,,,,,,,,2,9,0,4,1,1,5,2,1,1,2,1,1,1,1,1,1,,,,,,0,,1,25,1,1,1,1
Public Method,"org.apache.pdfbox.pdmodel.documentinterchange.logicalstructure.PDMarkedContentReference.setPage(PDPage)",pdfbox/src/main/java/org/apache/pdfbox/pdmodel/documentinterchange/logicalstructure/PDMarkedContentReference.java,,,,,,,,,,,,,,,,,,,,,,,,,2,9,0,4,1,1,5,2,1,1,2,1,1,1,1,1,1,,,,,,0,,1,25,1,1,1,1
Public Method,"org.apache.pdfbox.pdmodel.documentinterchange.logicalstructure.PDMarkedContentReference.toString()",pdfbox/src/main/java/org/apache/pdfbox/pdmodel/documentinterchange/logicalstructure/PDMarkedContentReference.java,,,,,,,,,,,,,,,,,,,,,,,,,0,5,0,5,2,1,0,2,1,1,2,1,1,1,1,1,1,,,,,,0,,0,00,1,1,1,1
Public Class,"org.apache.pdfbox.pdmodel.documentinterchange.logicalstructure.PDObjectReference",pdfbox/src/main/java/org/apache/pdfbox/pdmodel/documentinterchange/logicalstructure/PDObjectReference.java,1,1,2,1,15,0,8,6,2,12,0,,0,2,,,6,1,6,18,0,0,0,6,,118,9,58,14,23,52,,,17,29,13,20,,,,,6,6,7,6,1,3,50,0,90,11,11,12,11
Public Constructor,"org.apache.pdfbox.pdmodel.documentinterchange.logicalstructure.PDObjectReference.PDObjectReference()",pdfbox/src/main/java/org/apache/pdfbox/pdmodel/documentinterchange/logicalstructure/PDObjectReference.java,,,,,,,,,,,,,,,,,,,,,,,,,3,9,0,5,1,2,4,4,1,2,3,1,2,1,1,1,1,,,,,,0,,0,80,1,1,1,1
Public Constructor,"org.apache.pdfbox.pdmodel.documentinterchange.logicalstructure.PDObjectReference.PDObjectReference(COSDictionary)",pdfbox/src/main/java/org/apache/pdfbox/pdmodel/documentinterchange/logicalstructure/PDObjectReference.java,,,,,,,,,,,,,,,,,,,,,,,,,2,9,0,4,1,1,5,2,1,1,2,1,1,1,1,1,1,,,,,,0,,1,25,1,1,1,1
Public Method,"org.apache.pdfbox.pdmodel.documentinterchange.logicalstructure.PDObjectReference.getCOSObject()",pdfbox/src/main/java/org/apache/pdfbox/pdmodel/documentinterchange/logicalstructure/PDObjectReference.java,,,,,,,,,,,,,,,,,,,,,,,,,4,10,0,5,2,1,5,1,1,1,2,1,1,1,1,1,1,,,,,,0,,1,00,1,1,1,1
Public Method,"org.apache.pdfbox.pdmodel.documentinterchange.logicalstructure.PDObjectReference.getReferencedObject()",pdfbox/src/main/java/org/apache/pdfbox/pdmodel/documentinterchange/logicalstructure/PDObjectReference.java,,,,,,,,,,,,,,,,,,,,,,,,,5,44,0,30,4,15,15,8,7,8,14,4,13,6,6,7,6,,,,,,3,,0,50,6,6,7,6
Public Method,"org.apache.pdfbox.pdmodel.documentinterchange.logicalstructure.PDObjectReference.setReferencedObject(PDAnnotation)",pdfbox/src/main/java/org/apache/pdfbox/pdmodel/documentinterchange/logicalstructure/PDObjectReference.java,,,,,,,,,,,,,,,,,,,,,,,,,2,9,0,4,1,1,5,2,1,1,2,1,1,1,1,1,1,,,,,,0,,1,25,1,1,1,1
Public Method,"org.apache.pdfbox.pdmodel.documentinterchange.logicalstructure.PDObjectReference.setReferencedObject(PDXObject)",pdfbox/src/main/java/org/apache/pdfbox/pdmodel/documentinterchange/logicalstructure/PDObjectReference.java,,,,,,,,,,,,,,,,,,,,,,,,,2,9,0,4,1,1,5,2,1,1,2,1,1,1,1,1,1,,,,,,0,,1,25,1,1,1,1
Public Class,"org.apache.pdfbox.pdmodel.documentinterchange.logicalstructure.PDParentTreeValue",pdfbox/src/main/java/org/apache/pdfbox/pdmodel/documentinterchange/logicalstructure/PDParentTreeValue.java,1,1,1,1,4,0,4,0,2,5,0,,0,0,,,4,1,4,16,0,0,0,4,,32,4,22,8,4,6,,,5,10,6,4,,,,,1,1,1,1,1,0,0,0,27,4,4,4,4
Public Constructor,"org.apache.pdfbox.pdmodel.documentinterchange.logicalstructure.PDParentTreeValue.PDParentTreeValue(COSArray)",pdfbox/src/main/java/org/apache/pdfbox/pdmodel/documentinterchange/logicalstructure/PDParentTreeValue.java,,,,,,,,,,,,,,,,,,,,,,,,,1,4,0,4,1,1,0,2,1,1,2,1,1,1,1,1,1,,,,,,0,,0,00,1,1,1,1
Public Constructor,"org.apache.pdfbox.pdmodel.documentinterchange.logicalstructure.PDParentTreeValue.PDParentTreeValue(COSDictionary)",pdfbox/src/main/java/org/apache/pdfbox/pdmodel/documentinterchange/logicalstructure/PDParentTreeValue.java,,,,,,,,,,,,,,,,,,,,,,,,,1,4,0,4,1,1,0,2,1,1,2,1,1,1,1,1,1,,,,,,0,,0,00,1,1,1,1
Public Method,"org.apache.pdfbox.pdmodel.documentinterchange.logicalstructure.PDParentTreeValue.getCOSObject()",pdfbox/src/main/java/org/apache/pdfbox/pdmodel/documentinterchange/logicalstructure/PDParentTreeValue.java,,,,,,,,,,,,,,,,,,,,,,,,,2,5,0,5,2,1,0,2,1,1,2,1,1,1,1,1,1,,,,,,0,,0,00,1,1,1,1
Public Method,"org.apache.pdfbox.pdmodel.documentinterchange.logicalstructure.PDParentTreeValue.toString()",pdfbox/src/main/java/org/apache/pdfbox/pdmodel/documentinterchange/logicalstructure/PDParentTreeValue.java,,,,,,,,,,,,,,,,,,,,,,,,,1,5,0,5,2,1,0,2,1,1,2,1,1,1,1,1,1,,,,,,0,,0,00,1,1,1,1
Public Class,"org.apache.pdfbox.pdmodel.documentinterchange.logicalstructure.PDStructureElement",pdfbox/src/main/java/org/apache/pdfbox/pdmodel/documentinterchange/logicalstructure/PDStructureElement.java,2,2,2,1,15,0,9,5,1,20,0,,0,1,,,44,0,44,74,0,2,0,42,,718,48,438,99,202,232,,,161,250,101,182,,,,,7,7,7,3,2,4,0,0,53,90,90,94,46
Public Constructor,"org.apache.pdfbox.pdmodel.documentinterchange.logicalstructure.PDStructureElement.PDStructureElement(COSDictionary)",pdfbox/src/main/java/org/apache/pdfbox/pdmodel/documentinterchange/logicalstructure/PDStructureElement.java,,,,,,,,,,,,,,,,,,,,,,,,,8,9,0,4,1,1,5,2,1,1,2,1,1,1,1,1,1,,,,,,0,,1,25,1,1,1,1
Public Constructor,"org.apache.pdfbox.pdmodel.documentinterchange.logicalstructure.PDStructureElement.PDStructureElement(String,PDStructureNode)",pdfbox/src/main/java/org/apache/pdfbox/pdmodel/documentinterchange/logicalstructure/PDStructureElement.java,,,,,,,,,,,,,,,,,,,,,,,,,3,12,0,6,1,3,6,4,1,3,4,1,3,1,1,1,1,,,,,,0,,1,00,1,1,1,1
Public Method,"org.apache.pdfbox.pdmodel.documentinterchange.logicalstructure.PDStructureElement.addAttribute(PDAttributeObject)",pdfbox/src/main/java/org/apache/pdfbox/pdmodel/documentinterchange/logicalstructure/PDStructureElement.java,,,,,,,,,,,,,,,,,,,,,,,,,2,28,0,23,4,13,5,9,3,11,14,4,11,3,3,3,1,,,,,,2,,0,22,3,3,3,1
Public Method,"org.apache.pdfbox.pdmodel.documentinterchange.logicalstructure.PDStructureElement.addClassName(String)",pdfbox/src/main/java/org/apache/pdfbox/pdmodel/documentinterchange/logicalstructure/PDStructureElement.java,,,,,,,,,,,,,,,,,,,,,,,,,2,31,0,26,4,14,5,8,4,11,15,4,12,4,4,4,1,,,,,,2,,0,19,4,4,4,1
Public Method,"org.apache.pdfbox.pdmodel.documentinterchange.logicalstructure.PDStructureElement.appendKid(PDMarkedContent)",pdfbox/src/main/java/org/apache/pdfbox/pdmodel/documentinterchange/logicalstructure/PDStructureElement.java,,,,,,,,,,,,,,,,,,,,,,,,,1,13,0,8,1,3,5,3,2,2,4,1,3,2,2,2,1,,,,,,1,,0,62,2,2,2,1
Public Method,"org.apache.pdfbox.pdmodel.documentinterchange.logicalstructure.PDStructureElement.appendKid(PDMarkedContentReference)",pdfbox/src/main/java/org/apache/pdfbox/pdmodel/documentinterchange/logicalstructure/PDStructureElement.java,,,,,,,,,,,,,,,,,,,,,,,,,1,9,0,4,1,1,5,1,1,1,2,1,1,1,1,1,1,,,,,,0,,1,25,1,1,1,1
Public Method,"org.apache.pdfbox.pdmodel.documentinterchange.logicalstructure.PDStructureElement.appendKid(PDObjectReference)",pdfbox/src/main/java/org/apache/pdfbox/pdmodel/documentinterchange/logicalstructure/PDStructureElement.java,,,,,,,,,,,,,,,,,,,,,,,,,1,9,0,4,1,1,5,1,1,1,2,1,1,1,1,1,1,,,,,,0,,1,25,1,1,1,1
Public Method,"org.apache.pdfbox.pdmodel.documentinterchange.logicalstructure.PDStructureElement.attributeChanged(PDAttributeObject)",pdfbox/src/main/java/org/apache/pdfbox/pdmodel/documentinterchange/logicalstructure/PDStructureElement.java,,,,,,,,,,,,,,,,,,,,,,,,,3,33,0,28,7,15,5,13,5,12,17,8,13,5,5,5,1,,,,,,4,,0,18,5,5,5,1
Public Method,"org.apache.pdfbox.pdmodel.documentinterchange.logicalstructure.PDStructureElement.getActualText()",pdfbox/src/main/java/org/apache/pdfbox/pdmodel/documentinterchange/logicalstructure/PDStructureElement.java,,,,,,,,,,,,,,,,,,,,,,,,,1,9,0,4,1,1,5,3,1,1,2,1,1,1,1,1,1,,,,,,0,,1,25,1,1,1,1
Public Method,"org.apache.pdfbox.pdmodel.documentinterchange.logicalstructure.PDStructureElement.getAlternateDescription()",pdfbox/src/main/java/org/apache/pdfbox/pdmodel/documentinterchange/logicalstructure/PDStructureElement.java,,,,,,,,,,,,,,,,,,,,,,,,,1,9,0,4,1,1,5,3,1,1,2,1,1,1,1,1,1,,,,,,0,,1,25,1,1,1,1
Public Method,"org.apache.pdfbox.pdmodel.documentinterchange.logicalstructure.PDStructureElement.getAttributes()",pdfbox/src/main/java/org/apache/pdfbox/pdmodel/documentinterchange/logicalstructure/PDStructureElement.java,,,,,,,,,,,,,,,,,,,,,,,,,2,41,0,36,8,21,5,13,16,15,22,8,19,7,7,7,1,,,,,,3,,0,14,7,7,7,1
Public Method,"org.apache.pdfbox.pdmodel.documentinterchange.logicalstructure.PDStructureElement.getClassNames()",pdfbox/src/main/java/org/apache/pdfbox/pdmodel/documentinterchange/logicalstructure/PDStructureElement.java,,,,,,,,,,,,,,,,,,,,,,,,,2,39,0,34,8,19,5,12,16,13,20,8,16,7,7,7,1,,,,,,3,,0,15,7,7,7,1
Public Method,"org.apache.pdfbox.pdmodel.documentinterchange.logicalstructure.PDStructureElement.getElementIdentifier()",pdfbox/src/main/java/org/apache/pdfbox/pdmodel/documentinterchange/logicalstructure/PDStructureElement.java,,,,,,,,,,,,,,,,,,,,,,,,,1,9,0,4,1,1,5,3,1,1,2,1,1,1,1,1,1,,,,,,0,,1,25,1,1,1,1
Public Method,"org.apache.pdfbox.pdmodel.documentinterchange.logicalstructure.PDStructureElement.getExpandedForm()",pdfbox/src/main/java/org/apache/pdfbox/pdmodel/documentinterchange/logicalstructure/PDStructureElement.java,,,,,,,,,,,,,,,,,,,,,,,,,1,9,0,4,1,1,5,3,1,1,2,1,1,1,1,1,1,,,,,,0,,1,25,1,1,1,1
Public Method,"org.apache.pdfbox.pdmodel.documentinterchange.logicalstructure.PDStructureElement.getLanguage()",pdfbox/src/main/java/org/apache/pdfbox/pdmodel/documentinterchange/logicalstructure/PDStructureElement.java,,,,,,,,,,,,,,,,,,,,,,,,,1,9,0,4,1,1,5,3,1,1,2,1,1,1,1,1,1,,,,,,0,,1,25,1,1,1,1
Public Method,"org.apache.pdfbox.pdmodel.documentinterchange.logicalstructure.PDStructureElement.getPage()",pdfbox/src/main/java/org/apache/pdfbox/pdmodel/documentinterchange/logicalstructure/PDStructureElement.java,,,,,,,,,,,,,,,,,,,,,,,,,3,12,0,5,2,2,7,4,1,2,3,2,2,2,2,2,1,,,,,,0,,1,40,2,2,2,1
Public Method,"org.apache.pdfbox.pdmodel.documentinterchange.logicalstructure.PDStructureElement.getParent()",pdfbox/src/main/java/org/apache/pdfbox/pdmodel/documentinterchange/logicalstructure/PDStructureElement.java,,,,,,,,,,,,,,,,,,,,,,,,,2,10,0,5,2,2,5,4,1,2,3,2,2,2,2,2,1,,,,,,0,,1,00,2,2,2,1
Public Method,"org.apache.pdfbox.pdmodel.documentinterchange.logicalstructure.PDStructureElement.getRevisionNumber()",pdfbox/src/main/java/org/apache/pdfbox/pdmodel/documentinterchange/logicalstructure/PDStructureElement.java,,,,,,,,,,,,,,,,,,,,,,,,,5,9,0,4,1,1,5,3,1,1,2,1,1,1,1,1,1,,,,,,0,,1,25,1,1,1,1
Private Method,"org.apache.pdfbox.pdmodel.documentinterchange.logicalstructure.PDStructureElement.getRoleMap()",pdfbox/src/main/java/org/apache/pdfbox/pdmodel/documentinterchange/logicalstructure/PDStructureElement.java,,,,,,,,,,,,,,,,,,,,,,,,,1,14,0,9,2,4,5,4,2,3,5,2,4,2,2,2,1,,,,,,1,,0,56,2,2,2,1
Public Method,"org.apache.pdfbox.pdmodel.documentinterchange.logicalstructure.PDStructureElement.getStandardStructureType()",pdfbox/src/main/java/org/apache/pdfbox/pdmodel/documentinterchange/logicalstructure/PDStructureElement.java,,,,,,,,,,,,,,,,,,,,,,,,,0,20,0,14,4,7,6,5,3,5,8,4,7,3,3,3,1,,,,,,2,,0,43,3,3,3,1
Private Method,"org.apache.pdfbox.pdmodel.documentinterchange.logicalstructure.PDStructureElement.getStructureTreeRoot()",pdfbox/src/main/java/org/apache/pdfbox/pdmodel/documentinterchange/logicalstructure/PDStructureElement.java,,,,,,,,,,,,,,,,,,,,,,,,,1,18,0,13,2,6,5,2,4,4,7,2,6,3,3,3,1,,,,,,1,,0,38,3,3,3,1
Public Method,"org.apache.pdfbox.pdmodel.documentinterchange.logicalstructure.PDStructureElement.getStructureType()",pdfbox/src/main/java/org/apache/pdfbox/pdmodel/documentinterchange/logicalstructure/PDStructureElement.java,,,,,,,,,,,,,,,,,,,,,,,,,2,9,0,4,1,1,5,3,1,1,2,1,1,1,1,1,1,,,,,,0,,1,25,1,1,1,1
Public Method,"org.apache.pdfbox.pdmodel.documentinterchange.logicalstructure.PDStructureElement.getTitle()",pdfbox/src/main/java/org/apache/pdfbox/pdmodel/documentinterchange/logicalstructure/PDStructureElement.java,,,,,,,,,,,,,,,,,,,,,,,,,1,9,0,4,1,1,5,3,1,1,2,1,1,1,1,1,1,,,,,,0,,1,25,1,1,1,1
Public Method,"org.apache.pdfbox.pdmodel.documentinterchange.logicalstructure.PDStructureElement.incrementRevisionNumber()",pdfbox/src/main/java/org/apache/pdfbox/pdmodel/documentinterchange/logicalstructure/PDStructureElement.java,,,,,,,,,,,,,,,,,,,,,,,,,0,7,0,4,1,1,3,2,1,1,2,1,1,1,1,1,1,,,,,,0,,0,75,1,1,1,1
Public Method,"org.apache.pdfbox.pdmodel.documentinterchange.logicalstructure.PDStructureElement.insertBefore(COSInteger,Object)",pdfbox/src/main/java/org/apache/pdfbox/pdmodel/documentinterchange/logicalstructure/PDStructureElement.java,,,,,,,,,,,,,,,,,,,,,,,,,2,10,0,4,1,1,6,1,1,1,2,1,1,1,1,1,1,,,,,,0,,1,50,1,1,1,1
Public Method,"org.apache.pdfbox.pdmodel.documentinterchange.logicalstructure.PDStructureElement.insertBefore(PDMarkedContentReference,Object)",pdfbox/src/main/java/org/apache/pdfbox/pdmodel/documentinterchange/logicalstructure/PDStructureElement.java,,,,,,,,,,,,,,,,,,,,,,,,,2,11,0,5,2,1,6,1,1,1,2,1,1,1,1,1,1,,,,,,0,,1,20,1,1,1,1
Public Method,"org.apache.pdfbox.pdmodel.documentinterchange.logicalstructure.PDStructureElement.insertBefore(PDObjectReference,Object)",pdfbox/src/main/java/org/apache/pdfbox/pdmodel/documentinterchange/logicalstructure/PDStructureElement.java,,,,,,,,,,,,,,,,,,,,,,,,,2,10,0,4,1,1,6,1,1,1,2,1,1,1,1,1,1,,,,,,0,,1,50,1,1,1,1
Public Method,"org.apache.pdfbox.pdmodel.documentinterchange.logicalstructure.PDStructureElement.removeAttribute(PDAttributeObject)",pdfbox/src/main/java/org/apache/pdfbox/pdmodel/documentinterchange/logicalstructure/PDStructureElement.java,,,,,,,,,,,,,,,,,,,,,,,,,2,32,0,27,5,14,5,11,6,9,14,5,10,5,5,6,1,,,,,,2,,0,19,5,5,6,1
Public Method,"org.apache.pdfbox.pdmodel.documentinterchange.logicalstructure.PDStructureElement.removeClassName(String)",pdfbox/src/main/java/org/apache/pdfbox/pdmodel/documentinterchange/logicalstructure/PDStructureElement.java,,,,,,,,,,,,,,,,,,,,,,,,,2,36,0,31,6,16,5,10,7,10,16,6,12,6,6,7,1,,,,,,2,,0,16,6,6,7,1
Public Method,"org.apache.pdfbox.pdmodel.documentinterchange.logicalstructure.PDStructureElement.removeKid(COSInteger)",pdfbox/src/main/java/org/apache/pdfbox/pdmodel/documentinterchange/logicalstructure/PDStructureElement.java,,,,,,,,,,,,,,,,,,,,,,,,,1,9,0,4,1,1,5,1,1,1,2,1,1,1,1,1,1,,,,,,0,,1,25,1,1,1,1
Public Method,"org.apache.pdfbox.pdmodel.documentinterchange.logicalstructure.PDStructureElement.removeKid(PDMarkedContentReference)",pdfbox/src/main/java/org/apache/pdfbox/pdmodel/documentinterchange/logicalstructure/PDStructureElement.java,,,,,,,,,,,,,,,,,,,,,,,,,1,9,0,4,1,1,5,1,1,1,2,1,1,1,1,1,1,,,,,,0,,1,25,1,1,1,1
Public Method,"org.apache.pdfbox.pdmodel.documentinterchange.logicalstructure.PDStructureElement.removeKid(PDObjectReference)",pdfbox/src/main/java/org/apache/pdfbox/pdmodel/documentinterchange/logicalstructure/PDStructureElement.java,,,,,,,,,,,,,,,,,,,,,,,,,1,9,0,4,1,1,5,1,1,1,2,1,1,1,1,1,1,,,,,,0,,1,25,1,1,1,1
Public Method,"org.apache.pdfbox.pdmodel.documentinterchange.logicalstructure.PDStructureElement.setActualText(String)",pdfbox/src/main/java/org/apache/pdfbox/pdmodel/documentinterchange/logicalstructure/PDStructureElement.java,,,,,,,,,,,,,,,,,,,,,,,,,2,9,0,4,1,1,5,2,1,1,2,1,1,1,1,1,1,,,,,,0,,1,25,1,1,1,1
Public Method,"org.apache.pdfbox.pdmodel.documentinterchange.logicalstructure.PDStructureElement.setAlternateDescription(String)",pdfbox/src/main/java/org/apache/pdfbox/pdmodel/documentinterchange/logicalstructure/PDStructureElement.java,,,,,,,,,,,,,,,,,,,,,,,,,2,9,0,4,1,1,5,2,1,1,2,1,1,1,1,1,1,,,,,,0,,1,25,1,1,1,1
Public Method,"org.apache.pdfbox.pdmodel.documentinterchange.logicalstructure.PDStructureElement.setAttributes(Revisions<PDAttributeObject>)",pdfbox/src/main/java/org/apache/pdfbox/pdmodel/documentinterchange/logicalstructure/PDStructureElement.java,,,,,,,,,,,,,,,,,,,,,,,,,2,30,0,25,6,16,5,12,4,15,19,7,16,4,4,5,1,,,,,,2,,0,20,4,4,5,1
Public Method,"org.apache.pdfbox.pdmodel.documentinterchange.logicalstructure.PDStructureElement.setClassNames(Revisions<String>)",pdfbox/src/main/java/org/apache/pdfbox/pdmodel/documentinterchange/logicalstructure/PDStructureElement.java,,,,,,,,,,,,,,,,,,,,,,,,,2,32,0,27,6,16,5,11,5,14,19,7,16,5,5,6,3,,,,,,2,,0,19,5,5,6,3
Public Method,"org.apache.pdfbox.pdmodel.documentinterchange.logicalstructure.PDStructureElement.setElementIdentifier(String)",pdfbox/src/main/java/org/apache/pdfbox/pdmodel/documentinterchange/logicalstructure/PDStructureElement.java,,,,,,,,,,,,,,,,,,,,,,,,,2,9,0,4,1,1,5,2,1,1,2,1,1,1,1,1,1,,,,,,0,,1,25,1,1,1,1
Public Method,"org.apache.pdfbox.pdmodel.documentinterchange.logicalstructure.PDStructureElement.setExpandedForm(String)",pdfbox/src/main/java/org/apache/pdfbox/pdmodel/documentinterchange/logicalstructure/PDStructureElement.java,,,,,,,,,,,,,,,,,,,,,,,,,2,9,0,4,1,1,5,2,1,1,2,1,1,1,1,1,1,,,,,,0,,1,25,1,1,1,1
Public Method,"org.apache.pdfbox.pdmodel.documentinterchange.logicalstructure.PDStructureElement.setLanguage(String)",pdfbox/src/main/java/org/apache/pdfbox/pdmodel/documentinterchange/logicalstructure/PDStructureElement.java,,,,,,,,,,,,,,,,,,,,,,,,,2,9,0,4,1,1,5,2,1,1,2,1,1,1,1,1,1,,,,,,0,,1,25,1,1,1,1
Public Method,"org.apache.pdfbox.pdmodel.documentinterchange.logicalstructure.PDStructureElement.setPage(PDPage)",pdfbox/src/main/java/org/apache/pdfbox/pdmodel/documentinterchange/logicalstructure/PDStructureElement.java,,,,,,,,,,,,,,,,,,,,,,,,,2,10,0,4,1,1,6,2,1,1,2,1,1,1,1,1,1,,,,,,0,,1,50,1,1,1,1
Public Final Method,"org.apache.pdfbox.pdmodel.documentinterchange.logicalstructure.PDStructureElement.setParent(PDStructureNode)",pdfbox/src/main/java/org/apache/pdfbox/pdmodel/documentinterchange/logicalstructure/PDStructureElement.java,,,,,,,,,,,,,,,,,,,,,,,,,5,9,0,4,1,1,5,2,1,1,2,1,1,1,1,1,1,,,,,,0,,1,25,1,1,1,1
Public Method,"org.apache.pdfbox.pdmodel.documentinterchange.logicalstructure.PDStructureElement.setRevisionNumber(int)",pdfbox/src/main/java/org/apache/pdfbox/pdmodel/documentinterchange/logicalstructure/PDStructureElement.java,,,,,,,,,,,,,,,,,,,,,,,,,3,13,0,8,1,3,5,3,2,2,4,1,3,2,2,2,1,,,,,,1,,0,62,2,2,2,1
Public Final Method,"org.apache.pdfbox.pdmodel.documentinterchange.logicalstructure.PDStructureElement.setStructureType(String)",pdfbox/src/main/java/org/apache/pdfbox/pdmodel/documentinterchange/logicalstructure/PDStructureElement.java,,,,,,,,,,,,,,,,,,,,,,,,,3,9,0,4,1,1,5,2,1,1,2,1,1,1,1,1,1,,,,,,0,,1,25,1,1,1,1
Public Method,"org.apache.pdfbox.pdmodel.documentinterchange.logicalstructure.PDStructureElement.setTitle(String)",pdfbox/src/main/java/org/apache/pdfbox/pdmodel/documentinterchange/logicalstructure/PDStructureElement.java,,,,,,,,,,,,,,,,,,,,,,,,,2,9,0,4,1,1,5,2,1,1,2,1,1,1,1,1,1,,,,,,0,,1,25,1,1,1,1
Class,"org.apache.pdfbox.pdmodel.documentinterchange.logicalstructure.PDStructureElementTest",pdfbox/src/test/java/org/apache/pdfbox/pdmodel/documentinterchange/logicalstructure/PDStructureElementTest.java,4,4,4,1,25,0,21,4,1,19,0,,0,1,,,2,0,2,14,1,1,0,0,,62,3,46,12,22,14,,,15,26,12,21,,,,,7,7,7,1,1,3,0,0,30,9,9,9,3
Private Method,"org.apache.pdfbox.pdmodel.documentinterchange.logicalstructure.PDStructureElementTest.checkElement(COSBase,Set<Revisions<PDAttributeObject>>)",pdfbox/src/test/java/org/apache/pdfbox/pdmodel/documentinterchange/logicalstructure/PDStructureElementTest.java,,,,,,,,,,,,,,,,,,,,,,,,,5,30,0,29,5,14,1,7,8,8,16,6,13,7,7,7,1,,,,,,3,,0,03,7,7,7,1
Method,"org.apache.pdfbox.pdmodel.documentinterchange.logicalstructure.PDStructureElementTest.testPDFBox4197()",pdfbox/src/test/java/org/apache/pdfbox/pdmodel/documentinterchange/logicalstructure/PDStructureElementTest.java,,,,,,,,,,,,,,,,,,,,,,,,,3,20,1,13,5,7,7,12,1,6,8,4,7,1,1,1,1,,,,,,1,,0,54,2,2,2,2
Lambda Method,"org.apache.pdfbox.pdmodel.documentinterchange.logicalstructure.PDStructureElementTest.testPDFBox4197.(lambda_expr_1)(Revisions (inferred))",pdfbox/src/test/java/org/apache/pdfbox/pdmodel/documentinterchange/logicalstructure/PDStructureElementTest.java,,,,,,,,,,,,,,,,,,,,,,,,,1,1,0,1,1,1,0,2,1,0,0,0,0,1,1,1,1,,,,,,0,,0,00,1,1,1,1
Public Abstract Class,"org.apache.pdfbox.pdmodel.documentinterchange.logicalstructure.PDStructureNode",pdfbox/src/main/java/org/apache/pdfbox/pdmodel/documentinterchange/logicalstructure/PDStructureNode.java,2,2,3,1,19,0,13,6,2,16,2,,1,0,,,17,1,18,30,0,1,9,8,,388,20,252,46,121,116,,,81,133,46,106,,,,,7,7,9,5,1,3,83,0,46,52,50,56,32
Protected Constructor,"org.apache.pdfbox.pdmodel.documentinterchange.logicalstructure.PDStructureNode.PDStructureNode(COSDictionary)",pdfbox/src/main/java/org/apache/pdfbox/pdmodel/documentinterchange/logicalstructure/PDStructureNode.java,,,,,,,,,,,,,,,,,,,,,,,,,3,9,0,4,1,1,5,2,1,1,2,1,1,1,1,1,1,,,,,,0,,1,25,1,1,1,1
Protected Constructor,"org.apache.pdfbox.pdmodel.documentinterchange.logicalstructure.PDStructureNode.PDStructureNode(String)",pdfbox/src/main/java/org/apache/pdfbox/pdmodel/documentinterchange/logicalstructure/PDStructureNode.java,,,,,,,,,,,,,,,,,,,,,,,,,5,10,0,5,1,2,5,4,1,2,3,1,2,1,1,1,1,,,,,,0,,1,00,1,1,1,1
Protected Method,"org.apache.pdfbox.pdmodel.documentinterchange.logicalstructure.PDStructureNode.appendKid(COSBase)",pdfbox/src/main/java/org/apache/pdfbox/pdmodel/documentinterchange/logicalstructure/PDStructureNode.java,,,,,,,,,,,,,,,,,,,,,,,,,4,32,0,24,4,13,8,5,4,9,13,4,11,4,4,4,1,,,,,,1,,0,33,4,4,4,1
Public Method,"org.apache.pdfbox.pdmodel.documentinterchange.logicalstructure.PDStructureNode.appendKid(PDStructureElement)",pdfbox/src/main/java/org/apache/pdfbox/pdmodel/documentinterchange/logicalstructure/PDStructureNode.java,,,,,,,,,,,,,,,,,,,,,,,,,1,10,0,5,1,2,5,2,1,2,3,1,2,1,1,1,1,,,,,,0,,1,00,1,1,1,1
Protected Method,"org.apache.pdfbox.pdmodel.documentinterchange.logicalstructure.PDStructureNode.appendObjectableKid(COSObjectable)",pdfbox/src/main/java/org/apache/pdfbox/pdmodel/documentinterchange/logicalstructure/PDStructureNode.java,,,,,,,,,,,,,,,,,,,,,,,,,4,13,0,8,1,3,5,2,2,2,4,1,3,2,2,2,1,,,,,,1,,0,62,2,2,2,1
Public Static Method,"org.apache.pdfbox.pdmodel.documentinterchange.logicalstructure.PDStructureNode.create(COSDictionary)",pdfbox/src/main/java/org/apache/pdfbox/pdmodel/documentinterchange/logicalstructure/PDStructureNode.java,,,,,,,,,,,,,,,,,,,,,,,,,3,20,0,13,2,6,7,6,3,4,7,2,6,3,3,4,3,,,,,,1,,0,54,3,3,4,3
Protected Method,"org.apache.pdfbox.pdmodel.documentinterchange.logicalstructure.PDStructureNode.createObject(COSBase)",pdfbox/src/main/java/org/apache/pdfbox/pdmodel/documentinterchange/logicalstructure/PDStructureNode.java,,,,,,,,,,,,,,,,,,,,,,,,,2,40,0,26,4,13,14,4,12,8,14,4,11,6,6,6,3,,,,,,2,,0,54,6,6,6,3
Private Method,"org.apache.pdfbox.pdmodel.documentinterchange.logicalstructure.PDStructureNode.createObjectFromDic(COSDictionary)",pdfbox/src/main/java/org/apache/pdfbox/pdmodel/documentinterchange/logicalstructure/PDStructureNode.java,,,,,,,,,,,,,,,,,,,,,,,,,6,23,0,19,2,12,4,5,5,6,9,2,8,5,3,5,5,,,,,,1,,0,21,5,3,5,5
Public Method,"org.apache.pdfbox.pdmodel.documentinterchange.logicalstructure.PDStructureNode.getCOSObject()",pdfbox/src/main/java/org/apache/pdfbox/pdmodel/documentinterchange/logicalstructure/PDStructureNode.java,,,,,,,,,,,,,,,,,,,,,,,,,52,8,0,5,2,1,3,1,1,1,2,1,1,1,1,1,1,,,,,,0,,0,60,1,1,1,1
Public Method,"org.apache.pdfbox.pdmodel.documentinterchange.logicalstructure.PDStructureNode.getKids()",pdfbox/src/main/java/org/apache/pdfbox/pdmodel/documentinterchange/logicalstructure/PDStructureNode.java,,,,,,,,,,,,,,,,,,,,,,,,,2,30,0,25,5,12,5,6,5,7,13,6,11,5,5,5,1,,,,,,3,,0,20,5,5,5,1
Public Method,"org.apache.pdfbox.pdmodel.documentinterchange.logicalstructure.PDStructureNode.getType()",pdfbox/src/main/java/org/apache/pdfbox/pdmodel/documentinterchange/logicalstructure/PDStructureNode.java,,,,,,,,,,,,,,,,,,,,,,,,,1,9,0,4,1,1,5,3,1,1,2,1,1,1,1,1,1,,,,,,0,,1,25,1,1,1,1
Protected Method,"org.apache.pdfbox.pdmodel.documentinterchange.logicalstructure.PDStructureNode.insertBefore(COSBase,Object)",pdfbox/src/main/java/org/apache/pdfbox/pdmodel/documentinterchange/logicalstructure/PDStructureNode.java,,,,,,,,,,,,,,,,,,,,,,,,,5,45,0,39,8,22,6,11,12,15,22,8,19,7,7,9,3,,,,,,2,,0,15,7,7,9,3
Public Method,"org.apache.pdfbox.pdmodel.documentinterchange.logicalstructure.PDStructureNode.insertBefore(PDStructureElement,Object)",pdfbox/src/main/java/org/apache/pdfbox/pdmodel/documentinterchange/logicalstructure/PDStructureNode.java,,,,,,,,,,,,,,,,,,,,,,,,,2,10,0,4,1,1,6,1,1,1,2,1,1,1,1,1,1,,,,,,0,,1,50,1,1,1,1
Protected Method,"org.apache.pdfbox.pdmodel.documentinterchange.logicalstructure.PDStructureNode.insertObjectableBefore(COSObjectable,Object)",pdfbox/src/main/java/org/apache/pdfbox/pdmodel/documentinterchange/logicalstructure/PDStructureNode.java,,,,,,,,,,,,,,,,,,,,,,,,,5,14,0,8,1,3,6,2,2,2,4,1,3,2,2,2,1,,,,,,1,,0,75,2,2,2,1
Protected Method,"org.apache.pdfbox.pdmodel.documentinterchange.logicalstructure.PDStructureNode.removeKid(COSBase)",pdfbox/src/main/java/org/apache/pdfbox/pdmodel/documentinterchange/logicalstructure/PDStructureNode.java,,,,,,,,,,,,,,,,,,,,,,,,,4,47,0,37,6,20,10,9,8,13,20,6,18,7,7,8,5,,,,,,2,,0,27,7,7,8,5
Public Method,"org.apache.pdfbox.pdmodel.documentinterchange.logicalstructure.PDStructureNode.removeKid(PDStructureElement)",pdfbox/src/main/java/org/apache/pdfbox/pdmodel/documentinterchange/logicalstructure/PDStructureNode.java,,,,,,,,,,,,,,,,,,,,,,,,,1,15,0,9,2,4,6,3,2,3,5,2,4,2,2,2,1,,,,,,1,,0,67,2,2,2,1
Protected Method,"org.apache.pdfbox.pdmodel.documentinterchange.logicalstructure.PDStructureNode.removeObjectableKid(COSObjectable)",pdfbox/src/main/java/org/apache/pdfbox/pdmodel/documentinterchange/logicalstructure/PDStructureNode.java,,,,,,,,,,,,,,,,,,,,,,,,,4,14,0,8,1,3,6,3,2,2,4,1,3,2,2,2,1,,,,,,1,,0,75,2,2,2,1
Public Method,"org.apache.pdfbox.pdmodel.documentinterchange.logicalstructure.PDStructureNode.setKids(List<Object>)",pdfbox/src/main/java/org/apache/pdfbox/pdmodel/documentinterchange/logicalstructure/PDStructureNode.java,,,,,,,,,,,,,,,,,,,,,,,,,2,10,0,5,1,2,5,3,1,1,2,1,1,1,1,1,1,,,,,,0,,1,00,1,1,1,1
Public Class,"org.apache.pdfbox.pdmodel.documentinterchange.logicalstructure.PDStructureTreeRoot",pdfbox/src/main/java/org/apache/pdfbox/pdmodel/documentinterchange/logicalstructure/PDStructureTreeRoot.java,1,1,1,1,10,0,5,5,1,15,0,,0,2,,,12,0,12,42,0,0,0,12,,154,15,69,19,24,70,,,21,36,19,22,,,,,3,3,3,3,2,2,0,1,01,16,16,16,14
Public Constructor,"org.apache.pdfbox.pdmodel.documentinterchange.logicalstructure.PDStructureTreeRoot.PDStructureTreeRoot()",pdfbox/src/main/java/org/apache/pdfbox/pdmodel/documentinterchange/logicalstructure/PDStructureTreeRoot.java,,,,,,,,,,,,,,,,,,,,,,,,,2,8,0,4,1,1,4,2,1,1,2,1,1,1,1,1,1,,,,,,0,,1,00,1,1,1,1
Public Constructor,"org.apache.pdfbox.pdmodel.documentinterchange.logicalstructure.PDStructureTreeRoot.PDStructureTreeRoot(COSDictionary)",pdfbox/src/main/java/org/apache/pdfbox/pdmodel/documentinterchange/logicalstructure/PDStructureTreeRoot.java,,,,,,,,,,,,,,,,,,,,,,,,,3,9,0,4,1,1,5,2,1,1,2,1,1,1,1,1,1,,,,,,0,,1,25,1,1,1,1
Public Method,"org.apache.pdfbox.pdmodel.documentinterchange.logicalstructure.PDStructureTreeRoot.getIDTree()",pdfbox/src/main/java/org/apache/pdfbox/pdmodel/documentinterchange/logicalstructure/PDStructureTreeRoot.java,,,,,,,,,,,,,,,,,,,,,,,,,4,10,0,5,2,2,5,4,1,2,3,2,2,2,2,2,1,,,,,,0,,1,00,2,2,2,1
Public Method,"org.apache.pdfbox.pdmodel.documentinterchange.logicalstructure.PDStructureTreeRoot.getK()",pdfbox/src/main/java/org/apache/pdfbox/pdmodel/documentinterchange/logicalstructure/PDStructureTreeRoot.java,,,,,,,,,,,,,,,,,,,,,,,,,10,10,0,4,1,1,6,3,1,1,2,1,1,1,1,1,1,,,,,,0,,1,50,1,1,1,1
Public Method,"org.apache.pdfbox.pdmodel.documentinterchange.logicalstructure.PDStructureTreeRoot.getParentTree()",pdfbox/src/main/java/org/apache/pdfbox/pdmodel/documentinterchange/logicalstructure/PDStructureTreeRoot.java,,,,,,,,,,,,,,,,,,,,,,,,,7,10,0,5,2,2,5,4,1,2,3,2,2,2,2,2,1,,,,,,0,,1,00,2,2,2,1
Public Method,"org.apache.pdfbox.pdmodel.documentinterchange.logicalstructure.PDStructureTreeRoot.getParentTreeNextKey()",pdfbox/src/main/java/org/apache/pdfbox/pdmodel/documentinterchange/logicalstructure/PDStructureTreeRoot.java,,,,,,,,,,,,,,,,,,,,,,,,,7,9,0,4,1,1,5,3,1,1,2,1,1,1,1,1,1,,,,,,0,,1,25,1,1,1,1
Public Method,"org.apache.pdfbox.pdmodel.documentinterchange.logicalstructure.PDStructureTreeRoot.getRoleMap()",pdfbox/src/main/java/org/apache/pdfbox/pdmodel/documentinterchange/logicalstructure/PDStructureTreeRoot.java,,,,,,,,,,,,,,,,,,,,,,,,,4,21,0,16,2,7,5,6,3,4,7,2,6,3,3,3,3,,,,,,2,,0,31,3,3,3,3
Public Method,"org.apache.pdfbox.pdmodel.documentinterchange.logicalstructure.PDStructureTreeRoot.setIDTree(PDNameTreeNode<PDStructureElement>)",pdfbox/src/main/java/org/apache/pdfbox/pdmodel/documentinterchange/logicalstructure/PDStructureTreeRoot.java,,,,,,,,,,,,,,,,,,,,,,,,,3,9,0,4,1,1,5,2,1,1,2,1,1,1,1,1,1,,,,,,0,,1,25,1,1,1,1
Public Method,"org.apache.pdfbox.pdmodel.documentinterchange.logicalstructure.PDStructureTreeRoot.setK(COSBase)",pdfbox/src/main/java/org/apache/pdfbox/pdmodel/documentinterchange/logicalstructure/PDStructureTreeRoot.java,,,,,,,,,,,,,,,,,,,,,,,,,3,9,0,4,1,1,5,2,1,1,2,1,1,1,1,1,1,,,,,,0,,1,25,1,1,1,1
Public Method,"org.apache.pdfbox.pdmodel.documentinterchange.logicalstructure.PDStructureTreeRoot.setParentTree(PDNumberTreeNode)",pdfbox/src/main/java/org/apache/pdfbox/pdmodel/documentinterchange/logicalstructure/PDStructureTreeRoot.java,,,,,,,,,,,,,,,,,,,,,,,,,3,9,0,4,1,1,5,2,1,1,2,1,1,1,1,1,1,,,,,,0,,1,25,1,1,1,1
Public Method,"org.apache.pdfbox.pdmodel.documentinterchange.logicalstructure.PDStructureTreeRoot.setParentTreeNextKey(int)",pdfbox/src/main/java/org/apache/pdfbox/pdmodel/documentinterchange/logicalstructure/PDStructureTreeRoot.java,,,,,,,,,,,,,,,,,,,,,,,,,3,9,0,4,1,1,5,2,1,1,2,1,1,1,1,1,1,,,,,,0,,1,25,1,1,1,1
Public Method,"org.apache.pdfbox.pdmodel.documentinterchange.logicalstructure.PDStructureTreeRoot.setRoleMap(Map<String,String>)",pdfbox/src/main/java/org/apache/pdfbox/pdmodel/documentinterchange/logicalstructure/PDStructureTreeRoot.java,,,,,,,,,,,,,,,,,,,,,,,,,3,11,0,6,2,3,5,4,1,3,4,2,3,1,1,1,1,,,,,,0,,0,83,1,1,1,1
Public Class,"org.apache.pdfbox.pdmodel.documentinterchange.logicalstructure.PDUserAttributeObject",pdfbox/src/main/java/org/apache/pdfbox/pdmodel/documentinterchange/logicalstructure/PDUserAttributeObject.java,1,1,1,1,10,0,6,3,1,8,0,,0,1,,,8,0,8,39,0,0,0,8,,109,13,58,16,22,38,,,19,33,17,21,,,,,3,3,3,1,3,1,0,0,66,12,12,12,8
Public Constructor,"org.apache.pdfbox.pdmodel.documentinterchange.logicalstructure.PDUserAttributeObject.PDUserAttributeObject()",pdfbox/src/main/java/org/apache/pdfbox/pdmodel/documentinterchange/logicalstructure/PDUserAttributeObject.java,,,,,,,,,,,,,,,,,,,,,,,,,1,7,0,4,1,1,3,2,1,1,2,1,1,1,1,1,1,,,,,,0,,0,75,1,1,1,1
Public Constructor,"org.apache.pdfbox.pdmodel.documentinterchange.logicalstructure.PDUserAttributeObject.PDUserAttributeObject(COSDictionary)",pdfbox/src/main/java/org/apache/pdfbox/pdmodel/documentinterchange/logicalstructure/PDUserAttributeObject.java,,,,,,,,,,,,,,,,,,,,,,,,,2,8,0,4,1,1,4,2,1,1,2,1,1,1,1,1,1,,,,,,0,,1,00,1,1,1,1
Public Method,"org.apache.pdfbox.pdmodel.documentinterchange.logicalstructure.PDUserAttributeObject.addUserProperty(PDUserProperty)",pdfbox/src/main/java/org/apache/pdfbox/pdmodel/documentinterchange/logicalstructure/PDUserAttributeObject.java,,,,,,,,,,,,,,,,,,,,,,,,,2,11,0,6,2,3,5,4,1,3,4,2,3,1,1,1,1,,,,,,0,,0,83,1,1,1,1
Public Method,"org.apache.pdfbox.pdmodel.documentinterchange.logicalstructure.PDUserAttributeObject.getOwnerUserProperties()",pdfbox/src/main/java/org/apache/pdfbox/pdmodel/documentinterchange/logicalstructure/PDUserAttributeObject.java,,,,,,,,,,,,,,,,,,,,,,,,,2,16,0,11,3,6,5,8,2,6,8,4,6,2,2,2,1,,,,,,1,,0,45,2,2,2,1
Public Method,"org.apache.pdfbox.pdmodel.documentinterchange.logicalstructure.PDUserAttributeObject.removeUserProperty(PDUserProperty)",pdfbox/src/main/java/org/apache/pdfbox/pdmodel/documentinterchange/logicalstructure/PDUserAttributeObject.java,,,,,,,,,,,,,,,,,,,,,,,,,2,17,0,12,2,5,5,4,3,3,6,2,5,3,3,3,1,,,,,,1,,0,42,3,3,3,1
Public Method,"org.apache.pdfbox.pdmodel.documentinterchange.logicalstructure.PDUserAttributeObject.setUserProperties(List<PDUserProperty>)",pdfbox/src/main/java/org/apache/pdfbox/pdmodel/documentinterchange/logicalstructure/PDUserAttributeObject.java,,,,,,,,,,,,,,,,,,,,,,,,,2,14,0,9,2,4,5,4,2,3,6,3,4,2,2,2,1,,,,,,1,,0,56,2,2,2,1
Public Method,"org.apache.pdfbox.pdmodel.documentinterchange.logicalstructure.PDUserAttributeObject.toString()",pdfbox/src/main/java/org/apache/pdfbox/pdmodel/documentinterchange/logicalstructure/PDUserAttributeObject.java,,,,,,,,,,,,,,,,,,,,,,,,,0,5,0,5,2,1,0,4,1,1,2,1,1,1,1,1,1,,,,,,0,,0,00,1,1,1,1
Public Method,"org.apache.pdfbox.pdmodel.documentinterchange.logicalstructure.PDUserAttributeObject.userPropertyChanged(PDUserProperty)",pdfbox/src/main/java/org/apache/pdfbox/pdmodel/documentinterchange/logicalstructure/PDUserAttributeObject.java,,,,,,,,,,,,,,,,,,,,,,,,,1,7,1,3,1,0,3,0,1,0,1,1,0,1,1,1,1,,,,,,0,,1,00,1,1,1,1
Public Class,"org.apache.pdfbox.pdmodel.documentinterchange.logicalstructure.PDUserProperty",pdfbox/src/main/java/org/apache/pdfbox/pdmodel/documentinterchange/logicalstructure/PDUserProperty.java,1,1,1,1,11,0,7,4,1,6,0,,0,0,,,15,1,15,32,0,2,0,13,,203,20,111,24,42,72,,,31,55,20,36,,,,,7,7,7,7,2,2,66,0,65,24,24,24,21
Public Constructor,"org.apache.pdfbox.pdmodel.documentinterchange.logicalstructure.PDUserProperty.PDUserProperty(COSDictionary,PDUserAttributeObject)",pdfbox/src/main/java/org/apache/pdfbox/pdmodel/documentinterchange/logicalstructure/PDUserProperty.java,,,,,,,,,,,,,,,,,,,,,,,,,3,12,0,6,2,2,6,3,1,2,3,1,2,1,1,1,1,,,,,,0,,1,00,1,1,1,1
Public Constructor,"org.apache.pdfbox.pdmodel.documentinterchange.logicalstructure.PDUserProperty.PDUserProperty(PDUserAttributeObject)",pdfbox/src/main/java/org/apache/pdfbox/pdmodel/documentinterchange/logicalstructure/PDUserProperty.java,,,,,,,,,,,,,,,,,,,,,,,,,1,9,0,4,1,1,5,2,1,1,2,1,1,1,1,1,1,,,,,,0,,1,25,1,1,1,1
Public Method,"org.apache.pdfbox.pdmodel.documentinterchange.logicalstructure.PDUserProperty.equals(Object)",pdfbox/src/main/java/org/apache/pdfbox/pdmodel/documentinterchange/logicalstructure/PDUserProperty.java,,,,,,,,,,,,,,,,,,,,,,,,,2,29,0,29,3,13,0,3,7,7,14,2,12,7,7,7,7,,,,,,2,,0,00,7,7,7,7
Public Method,"org.apache.pdfbox.pdmodel.documentinterchange.logicalstructure.PDUserProperty.getFormattedValue()",pdfbox/src/main/java/org/apache/pdfbox/pdmodel/documentinterchange/logicalstructure/PDUserProperty.java,,,,,,,,,,,,,,,,,,,,,,,,,3,9,0,4,1,1,5,3,1,1,2,1,1,1,1,1,1,,,,,,0,,1,25,1,1,1,1
Public Method,"org.apache.pdfbox.pdmodel.documentinterchange.logicalstructure.PDUserProperty.getName()",pdfbox/src/main/java/org/apache/pdfbox/pdmodel/documentinterchange/logicalstructure/PDUserProperty.java,,,,,,,,,,,,,,,,,,,,,,,,,3,9,0,4,1,1,5,3,1,1,2,1,1,1,1,1,1,,,,,,0,,1,25,1,1,1,1
Public Method,"org.apache.pdfbox.pdmodel.documentinterchange.logicalstructure.PDUserProperty.getValue()",pdfbox/src/main/java/org/apache/pdfbox/pdmodel/documentinterchange/logicalstructure/PDUserProperty.java,,,,,,,,,,,,,,,,,,,,,,,,,3,9,0,4,1,1,5,3,1,1,2,1,1,1,1,1,1,,,,,,0,,1,25,1,1,1,1
Public Method,"org.apache.pdfbox.pdmodel.documentinterchange.logicalstructure.PDUserProperty.hashCode()",pdfbox/src/main/java/org/apache/pdfbox/pdmodel/documentinterchange/logicalstructure/PDUserProperty.java,,,,,,,,,,,,,,,,,,,,,,,,,1,9,0,9,4,5,0,2,1,4,5,3,3,2,2,2,1,,,,,,0,,0,00,2,2,2,1
Private Method,"org.apache.pdfbox.pdmodel.documentinterchange.logicalstructure.PDUserProperty.isEntryChanged(Object,Object)",pdfbox/src/main/java/org/apache/pdfbox/pdmodel/documentinterchange/logicalstructure/PDUserProperty.java,,,,,,,,,,,,,,,,,,,,,,,,,3,16,0,8,1,3,8,2,2,2,4,1,3,2,2,2,1,,,,,,1,,1,00,2,2,2,1
Public Method,"org.apache.pdfbox.pdmodel.documentinterchange.logicalstructure.PDUserProperty.isHidden()",pdfbox/src/main/java/org/apache/pdfbox/pdmodel/documentinterchange/logicalstructure/PDUserProperty.java,,,,,,,,,,,,,,,,,,,,,,,,,3,10,0,4,1,1,6,3,1,1,2,1,1,1,1,1,1,,,,,,0,,1,50,1,1,1,1
Private Method,"org.apache.pdfbox.pdmodel.documentinterchange.logicalstructure.PDUserProperty.potentiallyNotifyChanged(Object,Object)",pdfbox/src/main/java/org/apache/pdfbox/pdmodel/documentinterchange/logicalstructure/PDUserProperty.java,,,,,,,,,,,,,,,,,,,,,,,,,7,13,0,7,1,2,6,2,2,1,3,1,2,2,2,2,1,,,,,,1,,0,86,2,2,2,1
Public Method,"org.apache.pdfbox.pdmodel.documentinterchange.logicalstructure.PDUserProperty.setFormattedValue(String)",pdfbox/src/main/java/org/apache/pdfbox/pdmodel/documentinterchange/logicalstructure/PDUserProperty.java,,,,,,,,,,,,,,,,,,,,,,,,,2,10,0,5,1,2,5,4,1,2,3,1,2,1,1,1,1,,,,,,0,,1,00,1,1,1,1
Public Method,"org.apache.pdfbox.pdmodel.documentinterchange.logicalstructure.PDUserProperty.setHidden(boolean)",pdfbox/src/main/java/org/apache/pdfbox/pdmodel/documentinterchange/logicalstructure/PDUserProperty.java,,,,,,,,,,,,,,,,,,,,,,,,,2,11,0,5,1,2,6,4,1,2,3,1,2,1,1,1,1,,,,,,0,,1,20,1,1,1,1
Public Method,"org.apache.pdfbox.pdmodel.documentinterchange.logicalstructure.PDUserProperty.setName(String)",pdfbox/src/main/java/org/apache/pdfbox/pdmodel/documentinterchange/logicalstructure/PDUserProperty.java,,,,,,,,,,,,,,,,,,,,,,,,,2,10,0,5,1,2,5,4,1,2,3,1,2,1,1,1,1,,,,,,0,,1,00,1,1,1,1
Public Method,"org.apache.pdfbox.pdmodel.documentinterchange.logicalstructure.PDUserProperty.setValue(COSBase)",pdfbox/src/main/java/org/apache/pdfbox/pdmodel/documentinterchange/logicalstructure/PDUserProperty.java,,,,,,,,,,,,,,,,,,,,,,,,,2,10,0,5,1,2,5,4,1,2,3,1,2,1,1,1,1,,,,,,0,,1,00,1,1,1,1
Public Method,"org.apache.pdfbox.pdmodel.documentinterchange.logicalstructure.PDUserProperty.toString()",pdfbox/src/main/java/org/apache/pdfbox/pdmodel/documentinterchange/logicalstructure/PDUserProperty.java,,,,,,,,,,,,,,,,,,,,,,,,,0,8,0,8,2,4,0,5,1,1,2,1,1,1,1,1,1,,,,,,0,,0,00,1,1,1,1
Public Generic Class,"org.apache.pdfbox.pdmodel.documentinterchange.logicalstructure.Revisions",pdfbox/src/main/java/org/apache/pdfbox/pdmodel/documentinterchange/logicalstructure/Revisions.java,1,1,1,1,10,0,6,4,1,5,0,,0,0,,,9,2,9,21,0,2,1,6,,117,11,64,15,21,42,,,19,34,15,21,,,,,3,3,3,1,1,2,88,0,66,14,14,14,9
Public Constructor,"org.apache.pdfbox.pdmodel.documentinterchange.logicalstructure.Revisions.Revisions()",pdfbox/src/main/java/org/apache/pdfbox/pdmodel/documentinterchange/logicalstructure/Revisions.java,,,,,,,,,,,,,,,,,,,,,,,,,2,6,0,3,1,0,3,1,1,0,1,1,0,1,1,1,1,,,,,,0,,1,00,1,1,1,1
TypeVariable,"org.apache.pdfbox.pdmodel.documentinterchange.logicalstructure.Revisions.T",pdfbox/src/main/java/org/apache/pdfbox/pdmodel/documentinterchange/logicalstructure/Revisions.java,0,0,0,0,0,0,0,0,1,0,0,,0,0,,,0,0,0,0,0,0,0,0,,0,0,0,0,0,0,,,0,0,0,0,,,,,0,0,0,0,1,0,0,0,00,0,0,0,0
Public Method,"org.apache.pdfbox.pdmodel.documentinterchange.logicalstructure.Revisions.addObject(T,int)",pdfbox/src/main/java/org/apache/pdfbox/pdmodel/documentinterchange/logicalstructure/Revisions.java,,,,,,,,,,,,,,,,,,,,,,,,,4,11,0,5,1,2,6,3,1,2,3,1,2,1,1,1,1,,,,,,0,,1,20,1,1,1,1
Public Method,"org.apache.pdfbox.pdmodel.documentinterchange.logicalstructure.Revisions.getObject(int)",pdfbox/src/main/java/org/apache/pdfbox/pdmodel/documentinterchange/logicalstructure/Revisions.java,,,,,,,,,,,,,,,,,,,,,,,,,3,11,0,4,1,1,7,3,1,1,2,1,1,1,1,1,1,,,,,,0,,1,75,1,1,1,1
Private Method,"org.apache.pdfbox.pdmodel.documentinterchange.logicalstructure.Revisions.getObjects()",pdfbox/src/main/java/org/apache/pdfbox/pdmodel/documentinterchange/logicalstructure/Revisions.java,,,,,,,,,,,,,,,,,,,,,,,,,6,8,0,8,1,3,0,3,2,2,4,1,3,2,2,2,1,,,,,,1,,0,00,2,2,2,1
Public Method,"org.apache.pdfbox.pdmodel.documentinterchange.logicalstructure.Revisions.getRevisionNumber(int)",pdfbox/src/main/java/org/apache/pdfbox/pdmodel/documentinterchange/logicalstructure/Revisions.java,,,,,,,,,,,,,,,,,,,,,,,,,4,11,0,4,1,1,7,3,1,1,2,1,1,1,1,1,1,,,,,,0,,1,75,1,1,1,1
Private Method,"org.apache.pdfbox.pdmodel.documentinterchange.logicalstructure.Revisions.getRevisionNumbers()",pdfbox/src/main/java/org/apache/pdfbox/pdmodel/documentinterchange/logicalstructure/Revisions.java,,,,,,,,,,,,,,,,,,,,,,,,,4,8,0,8,1,3,0,3,2,2,4,1,3,2,2,2,1,,,,,,1,,0,00,2,2,2,1
Protected Method,"org.apache.pdfbox.pdmodel.documentinterchange.logicalstructure.Revisions.setRevisionNumber(T,int)",pdfbox/src/main/java/org/apache/pdfbox/pdmodel/documentinterchange/logicalstructure/Revisions.java,,,,,,,,,,,,,,,,,,,,,,,,,4,14,0,8,2,3,6,4,2,2,4,2,3,2,2,2,1,,,,,,1,,0,75,2,2,2,1
Public Method,"org.apache.pdfbox.pdmodel.documentinterchange.logicalstructure.Revisions.size()",pdfbox/src/main/java/org/apache/pdfbox/pdmodel/documentinterchange/logicalstructure/Revisions.java,,,,,,,,,,,,,,,,,,,,,,,,,3,9,0,4,1,1,5,3,1,1,2,1,1,1,1,1,1,,,,,,0,,1,25,1,1,1,1
Public Method,"org.apache.pdfbox.pdmodel.documentinterchange.logicalstructure.Revisions.toString()",pdfbox/src/main/java/org/apache/pdfbox/pdmodel/documentinterchange/logicalstructure/Revisions.java,,,,,,,,,,,,,,,,,,,,,,,,,0,18,0,15,3,7,3,10,3,6,9,3,7,3,3,3,1,,,,,,2,,0,20,3,3,3,1
Package,"org.apache.pdfbox.pdmodel.documentinterchange.markedcontent",pdfbox/src/main/java/org/apache/pdfbox/pdmodel/documentinterchange/markedcontent/PDMarkedContent.java,1,1,1,1,10,0,5,4,,,,2,2,0,2,,16,4,18,,0,0,2,16,,276,29,122,40,34,125,,,41,64,38,26,,,,,3,3,3,3,,1,,1,02,27,27,27,20
Public Class,"org.apache.pdfbox.pdmodel.documentinterchange.markedcontent.PDMarkedContent",pdfbox/src/main/java/org/apache/pdfbox/pdmodel/documentinterchange/markedcontent/PDMarkedContent.java,1,1,1,1,10,0,5,5,1,9,1,,1,0,,,13,3,14,26,0,0,0,14,,174,20,76,19,25,78,,,20,36,18,18,,,,,2,2,2,1,1,1,78,1,03,21,21,21,14
Public Constructor,"org.apache.pdfbox.pdmodel.documentinterchange.markedcontent.PDMarkedContent.PDMarkedContent(COSName,COSDictionary)",pdfbox/src/main/java/org/apache/pdfbox/pdmodel/documentinterchange/markedcontent/PDMarkedContent.java,,,,,,,,,,,,,,,,,,,,,,,,,4,12,0,6,1,3,6,6,1,3,4,1,3,2,2,2,1,,,,,,0,,1,00,2,2,2,1
Public Method,"org.apache.pdfbox.pdmodel.documentinterchange.markedcontent.PDMarkedContent.addMarkedContent(PDMarkedContent)",pdfbox/src/main/java/org/apache/pdfbox/pdmodel/documentinterchange/markedcontent/PDMarkedContent.java,,,,,,,,,,,,,,,,,,,,,,,,,2,9,0,4,1,1,5,2,1,1,2,1,1,1,1,1,1,,,,,,0,,1,25,1,1,1,1
Public Method,"org.apache.pdfbox.pdmodel.documentinterchange.markedcontent.PDMarkedContent.addText(TextPosition)",pdfbox/src/main/java/org/apache/pdfbox/pdmodel/documentinterchange/markedcontent/PDMarkedContent.java,,,,,,,,,,,,,,,,,,,,,,,,,2,9,0,4,1,1,5,2,1,1,2,1,1,1,1,1,1,,,,,,0,,1,25,1,1,1,1
Public Method,"org.apache.pdfbox.pdmodel.documentinterchange.markedcontent.PDMarkedContent.addXObject(PDXObject)",pdfbox/src/main/java/org/apache/pdfbox/pdmodel/documentinterchange/markedcontent/PDMarkedContent.java,,,,,,,,,,,,,,,,,,,,,,,,,2,9,0,4,1,1,5,2,1,1,2,1,1,1,1,1,1,,,,,,0,,1,25,1,1,1,1
Public Static Method,"org.apache.pdfbox.pdmodel.documentinterchange.markedcontent.PDMarkedContent.create(COSName,COSDictionary)",pdfbox/src/main/java/org/apache/pdfbox/pdmodel/documentinterchange/markedcontent/PDMarkedContent.java,,,,,,,,,,,,,,,,,,,,,,,,,4,15,0,8,1,3,7,4,2,2,4,1,3,2,2,2,1,,,,,,1,,0,88,2,2,2,1
Public Method,"org.apache.pdfbox.pdmodel.documentinterchange.markedcontent.PDMarkedContent.getActualText()",pdfbox/src/main/java/org/apache/pdfbox/pdmodel/documentinterchange/markedcontent/PDMarkedContent.java,,,,,,,,,,,,,,,,,,,,,,,,,1,10,0,5,1,2,5,3,1,1,2,1,1,2,2,2,1,,,,,,0,,1,00,2,2,2,1
Public Method,"org.apache.pdfbox.pdmodel.documentinterchange.markedcontent.PDMarkedContent.getAlternateDescription()",pdfbox/src/main/java/org/apache/pdfbox/pdmodel/documentinterchange/markedcontent/PDMarkedContent.java,,,,,,,,,,,,,,,,,,,,,,,,,1,10,0,5,1,2,5,3,1,1,2,1,1,2,2,2,1,,,,,,0,,1,00,2,2,2,1
Public Method,"org.apache.pdfbox.pdmodel.documentinterchange.markedcontent.PDMarkedContent.getContents()",pdfbox/src/main/java/org/apache/pdfbox/pdmodel/documentinterchange/markedcontent/PDMarkedContent.java,,,,,,,,,,,,,,,,,,,,,,,,,5,14,0,4,1,1,10,1,1,1,2,1,1,1,1,1,1,,,,,,0,,2,50,1,1,1,1
Public Method,"org.apache.pdfbox.pdmodel.documentinterchange.markedcontent.PDMarkedContent.getExpandedForm()",pdfbox/src/main/java/org/apache/pdfbox/pdmodel/documentinterchange/markedcontent/PDMarkedContent.java,,,,,,,,,,,,,,,,,,,,,,,,,1,10,0,5,1,2,5,3,1,1,2,1,1,2,2,2,1,,,,,,0,,1,00,2,2,2,1
Public Method,"org.apache.pdfbox.pdmodel.documentinterchange.markedcontent.PDMarkedContent.getLanguage()",pdfbox/src/main/java/org/apache/pdfbox/pdmodel/documentinterchange/markedcontent/PDMarkedContent.java,,,,,,,,,,,,,,,,,,,,,,,,,1,10,0,5,1,2,5,3,1,1,2,1,1,2,2,2,1,,,,,,0,,1,00,2,2,2,1
Public Method,"org.apache.pdfbox.pdmodel.documentinterchange.markedcontent.PDMarkedContent.getMCID()",pdfbox/src/main/java/org/apache/pdfbox/pdmodel/documentinterchange/markedcontent/PDMarkedContent.java,,,,,,,,,,,,,,,,,,,,,,,,,2,10,0,5,1,2,5,3,1,1,2,1,1,2,2,2,1,,,,,,0,,1,00,2,2,2,1
Public Method,"org.apache.pdfbox.pdmodel.documentinterchange.markedcontent.PDMarkedContent.getProperties()",pdfbox/src/main/java/org/apache/pdfbox/pdmodel/documentinterchange/markedcontent/PDMarkedContent.java,,,,,,,,,,,,,,,,,,,,,,,,,10,9,0,4,1,1,5,1,1,1,2,1,1,1,1,1,1,,,,,,0,,1,25,1,1,1,1
Public Method,"org.apache.pdfbox.pdmodel.documentinterchange.markedcontent.PDMarkedContent.getTag()",pdfbox/src/main/java/org/apache/pdfbox/pdmodel/documentinterchange/markedcontent/PDMarkedContent.java,,,,,,,,,,,,,,,,,,,,,,,,,2,9,0,4,1,1,5,1,1,1,2,1,1,1,1,1,1,,,,,,0,,1,25,1,1,1,1
Public Method,"org.apache.pdfbox.pdmodel.documentinterchange.markedcontent.PDMarkedContent.toString()",pdfbox/src/main/java/org/apache/pdfbox/pdmodel/documentinterchange/markedcontent/PDMarkedContent.java,,,,,,,,,,,,,,,,,,,,,,,,,3,7,0,7,2,3,0,2,1,1,2,1,1,1,1,1,1,,,,,,0,,0,00,1,1,1,1
Public Class,"org.apache.pdfbox.pdmodel.documentinterchange.markedcontent.PDPropertyList",pdfbox/src/main/java/org/apache/pdfbox/pdmodel/documentinterchange/markedcontent/PDPropertyList.java,1,1,1,1,9,0,7,2,2,5,2,,1,0,,,3,1,4,16,0,0,2,2,,51,4,32,7,9,15,,,7,14,6,8,,,,,3,3,3,3,1,1,25,0,47,6,6,6,6
Protected Constructor,"org.apache.pdfbox.pdmodel.documentinterchange.markedcontent.PDPropertyList.PDPropertyList()",pdfbox/src/main/java/org/apache/pdfbox/pdmodel/documentinterchange/markedcontent/PDPropertyList.java,,,,,,,,,,,,,,,,,,,,,,,,,0,7,0,4,1,1,3,3,1,1,2,1,1,1,1,1,1,,,,,,0,,0,75,1,1,1,1
Protected Constructor,"org.apache.pdfbox.pdmodel.documentinterchange.markedcontent.PDPropertyList.PDPropertyList(COSDictionary)",pdfbox/src/main/java/org/apache/pdfbox/pdmodel/documentinterchange/markedcontent/PDPropertyList.java,,,,,,,,,,,,,,,,,,,,,,,,,4,7,0,4,1,1,3,2,1,1,2,1,1,1,1,1,1,,,,,,0,,0,75,1,1,1,1
Public Static Method,"org.apache.pdfbox.pdmodel.documentinterchange.markedcontent.PDPropertyList.create(COSDictionary)",pdfbox/src/main/java/org/apache/pdfbox/pdmodel/documentinterchange/markedcontent/PDPropertyList.java,,,,,,,,,,,,,,,,,,,,,,,,,9,20,0,15,1,6,5,6,3,3,6,1,5,3,3,3,3,,,,,,1,,0,33,3,3,3,3
Public Method,"org.apache.pdfbox.pdmodel.documentinterchange.markedcontent.PDPropertyList.getCOSObject()",pdfbox/src/main/java/org/apache/pdfbox/pdmodel/documentinterchange/markedcontent/PDPropertyList.java,,,,,,,,,,,,,,,,,,,,,,,,,5,5,0,5,2,1,0,1,1,1,2,1,1,1,1,1,1,,,,,,0,,0,00,1,1,1,1
Package,"org.apache.pdfbox.pdmodel.documentinterchange.prepress",pdfbox/src/main/java/org/apache/pdfbox/pdmodel/documentinterchange/prepress/PDBoxStyle.java,1,1,1,1,12,0,6,5,,,,1,0,2,1,,11,1,11,,0,0,0,11,,192,14,88,30,33,90,,,39,55,29,29,,,,,2,2,2,1,,1,,1,02,15,15,15,11
Public Class,"org.apache.pdfbox.pdmodel.documentinterchange.prepress.PDBoxStyle",pdfbox/src/main/java/org/apache/pdfbox/pdmodel/documentinterchange/prepress/PDBoxStyle.java,1,1,1,1,12,0,6,5,2,9,0,,0,2,,,11,1,11,23,0,0,0,11,,165,12,79,21,33,74,,,30,46,20,29,,,,,2,2,2,1,1,1,0,0,94,15,15,15,11
Public Constructor,"org.apache.pdfbox.pdmodel.documentinterchange.prepress.PDBoxStyle.PDBoxStyle()",pdfbox/src/main/java/org/apache/pdfbox/pdmodel/documentinterchange/prepress/PDBoxStyle.java,,,,,,,,,,,,,,,,,,,,,,,,,0,8,0,4,1,1,4,3,1,1,2,1,1,1,1,1,1,,,,,,0,,1,00,1,1,1,1
Public Constructor,"org.apache.pdfbox.pdmodel.documentinterchange.prepress.PDBoxStyle.PDBoxStyle(COSDictionary)",pdfbox/src/main/java/org/apache/pdfbox/pdmodel/documentinterchange/prepress/PDBoxStyle.java,,,,,,,,,,,,,,,,,,,,,,,,,1,9,0,4,1,1,5,2,1,1,2,1,1,1,1,1,1,,,,,,0,,1,25,1,1,1,1
Public Method,"org.apache.pdfbox.pdmodel.documentinterchange.prepress.PDBoxStyle.getCOSObject()",pdfbox/src/main/java/org/apache/pdfbox/pdmodel/documentinterchange/prepress/PDBoxStyle.java,,,,,,,,,,,,,,,,,,,,,,,,,1,10,0,5,2,1,5,1,1,1,2,1,1,1,1,1,1,,,,,,0,,1,00,1,1,1,1
Public Method,"org.apache.pdfbox.pdmodel.documentinterchange.prepress.PDBoxStyle.getGuidelineColor()",pdfbox/src/main/java/org/apache/pdfbox/pdmodel/documentinterchange/prepress/PDBoxStyle.java,,,,,,,,,,,,,,,,,,,,,,,,,4,19,0,13,2,8,6,7,2,7,9,2,8,2,2,2,1,,,,,,1,,0,46,2,2,2,1
Public Method,"org.apache.pdfbox.pdmodel.documentinterchange.prepress.PDBoxStyle.getGuidelineStyle()",pdfbox/src/main/java/org/apache/pdfbox/pdmodel/documentinterchange/prepress/PDBoxStyle.java,,,,,,,,,,,,,,,,,,,,,,,,,3,11,0,4,1,1,7,2,1,1,2,1,1,1,1,1,1,,,,,,0,,1,75,1,1,1,1
Public Method,"org.apache.pdfbox.pdmodel.documentinterchange.prepress.PDBoxStyle.getGuidelineWidth()",pdfbox/src/main/java/org/apache/pdfbox/pdmodel/documentinterchange/prepress/PDBoxStyle.java,,,,,,,,,,,,,,,,,,,,,,,,,2,10,0,4,1,1,6,2,1,1,2,1,1,1,1,1,1,,,,,,0,,1,50,1,1,1,1
Public Method,"org.apache.pdfbox.pdmodel.documentinterchange.prepress.PDBoxStyle.getLineDashPattern()",pdfbox/src/main/java/org/apache/pdfbox/pdmodel/documentinterchange/prepress/PDBoxStyle.java,,,,,,,,,,,,,,,,,,,,,,,,,3,20,0,13,3,8,7,6,2,7,9,3,8,2,2,2,1,,,,,,1,,0,54,2,2,2,1
Public Method,"org.apache.pdfbox.pdmodel.documentinterchange.prepress.PDBoxStyle.setGuideLineColor(PDColor)",pdfbox/src/main/java/org/apache/pdfbox/pdmodel/documentinterchange/prepress/PDBoxStyle.java,,,,,,,,,,,,,,,,,,,,,,,,,3,15,0,9,2,4,6,2,2,3,5,2,3,2,2,2,1,,,,,,1,,0,67,2,2,2,1
Public Method,"org.apache.pdfbox.pdmodel.documentinterchange.prepress.PDBoxStyle.setGuidelineStyle(String)",pdfbox/src/main/java/org/apache/pdfbox/pdmodel/documentinterchange/prepress/PDBoxStyle.java,,,,,,,,,,,,,,,,,,,,,,,,,3,11,0,4,1,1,7,1,1,1,2,1,1,1,1,1,1,,,,,,0,,1,75,1,1,1,1
Public Method,"org.apache.pdfbox.pdmodel.documentinterchange.prepress.PDBoxStyle.setGuidelineWidth(float)",pdfbox/src/main/java/org/apache/pdfbox/pdmodel/documentinterchange/prepress/PDBoxStyle.java,,,,,,,,,,,,,,,,,,,,,,,,,3,9,0,4,1,1,5,1,1,1,2,1,1,1,1,1,1,,,,,,0,,1,25,1,1,1,1
Public Method,"org.apache.pdfbox.pdmodel.documentinterchange.prepress.PDBoxStyle.setLineDashPattern(COSArray)",pdfbox/src/main/java/org/apache/pdfbox/pdmodel/documentinterchange/prepress/PDBoxStyle.java,,,,,,,,,,,,,,,,,,,,,,,,,3,14,0,9,2,4,5,1,2,3,5,2,3,2,2,2,1,,,,,,1,,0,56,2,2,2,1
Package,"org.apache.pdfbox.pdmodel.documentinterchange.taggedpdf",pdfbox/src/main/java/org/apache/pdfbox/pdmodel/documentinterchange/taggedpdf/PDArtifactMarkedContent.java,1,1,1,1,12,0,6,6,,,,9,0,177,9,,184,1,184,,0,4,22,158,,3579,298,1451,483,627,1830,,,576,858,483,431,,,,,40,40,40,4,,3,,1,26,270,270,270,197
Public Class,"org.apache.pdfbox.pdmodel.documentinterchange.taggedpdf.PDArtifactMarkedContent",pdfbox/src/main/java/org/apache/pdfbox/pdmodel/documentinterchange/taggedpdf/PDArtifactMarkedContent.java,1,1,1,1,10,0,5,5,1,5,0,,0,0,,,9,0,9,35,0,1,0,8,,115,12,51,12,15,52,,,14,27,13,16,,,,,4,4,4,4,2,3,0,1,02,13,13,13,12
Public Constructor,"org.apache.pdfbox.pdmodel.documentinterchange.taggedpdf.PDArtifactMarkedContent.PDArtifactMarkedContent(COSDictionary)",pdfbox/src/main/java/org/apache/pdfbox/pdmodel/documentinterchange/taggedpdf/PDArtifactMarkedContent.java,,,,,,,,,,,,,,,,,,,,,,,,,3,4,0,4,1,1,0,2,1,1,2,1,1,1,1,1,1,,,,,,0,,0,00,1,1,1,1
Public Method,"org.apache.pdfbox.pdmodel.documentinterchange.taggedpdf.PDArtifactMarkedContent.getBBox()",pdfbox/src/main/java/org/apache/pdfbox/pdmodel/documentinterchange/taggedpdf/PDArtifactMarkedContent.java,,,,,,,,,,,,,,,,,,,,,,,,,1,10,0,5,2,2,5,4,1,2,3,2,2,2,2,2,1,,,,,,0,,1,00,2,2,2,1
Public Method,"org.apache.pdfbox.pdmodel.documentinterchange.taggedpdf.PDArtifactMarkedContent.getSubtype()",pdfbox/src/main/java/org/apache/pdfbox/pdmodel/documentinterchange/taggedpdf/PDArtifactMarkedContent.java,,,,,,,,,,,,,,,,,,,,,,,,,1,9,0,4,1,1,5,3,1,1,2,1,1,1,1,1,1,,,,,,0,,1,25,1,1,1,1
Public Method,"org.apache.pdfbox.pdmodel.documentinterchange.taggedpdf.PDArtifactMarkedContent.getType()",pdfbox/src/main/java/org/apache/pdfbox/pdmodel/documentinterchange/taggedpdf/PDArtifactMarkedContent.java,,,,,,,,,,,,,,,,,,,,,,,,,1,9,0,4,1,1,5,3,1,1,2,1,1,1,1,1,1,,,,,,0,,1,25,1,1,1,1
Private Method,"org.apache.pdfbox.pdmodel.documentinterchange.taggedpdf.PDArtifactMarkedContent.isAttached(String)",pdfbox/src/main/java/org/apache/pdfbox/pdmodel/documentinterchange/taggedpdf/PDArtifactMarkedContent.java,,,,,,,,,,,,,,,,,,,,,,,,,6,22,0,15,2,6,7,6,4,5,9,3,7,4,4,4,4,,,,,,3,,0,47,4,4,4,4
Public Method,"org.apache.pdfbox.pdmodel.documentinterchange.taggedpdf.PDArtifactMarkedContent.isBottomAttached()",pdfbox/src/main/java/org/apache/pdfbox/pdmodel/documentinterchange/taggedpdf/PDArtifactMarkedContent.java,,,,,,,,,,,,,,,,,,,,,,,,,0,10,0,4,1,1,6,2,1,1,2,1,1,1,1,1,1,,,,,,0,,1,50,1,1,1,1
Public Method,"org.apache.pdfbox.pdmodel.documentinterchange.taggedpdf.PDArtifactMarkedContent.isLeftAttached()",pdfbox/src/main/java/org/apache/pdfbox/pdmodel/documentinterchange/taggedpdf/PDArtifactMarkedContent.java,,,,,,,,,,,,,,,,,,,,,,,,,0,10,0,4,1,1,6,2,1,1,2,1,1,1,1,1,1,,,,,,0,,1,50,1,1,1,1
Public Method,"org.apache.pdfbox.pdmodel.documentinterchange.taggedpdf.PDArtifactMarkedContent.isRightAttached()",pdfbox/src/main/java/org/apache/pdfbox/pdmodel/documentinterchange/taggedpdf/PDArtifactMarkedContent.java,,,,,,,,,,,,,,,,,,,,,,,,,0,10,0,4,1,1,6,2,1,1,2,1,1,1,1,1,1,,,,,,0,,1,50,1,1,1,1
Public Method,"org.apache.pdfbox.pdmodel.documentinterchange.taggedpdf.PDArtifactMarkedContent.isTopAttached()",pdfbox/src/main/java/org/apache/pdfbox/pdmodel/documentinterchange/taggedpdf/PDArtifactMarkedContent.java,,,,,,,,,,,,,,,,,,,,,,,,,0,10,0,4,1,1,6,2,1,1,2,1,1,1,1,1,1,,,,,,0,,1,50,1,1,1,1
Public Class,"org.apache.pdfbox.pdmodel.documentinterchange.taggedpdf.PDExportFormatAttributeObject",pdfbox/src/main/java/org/apache/pdfbox/pdmodel/documentinterchange/taggedpdf/PDExportFormatAttributeObject.java,1,1,1,1,12,0,5,6,1,6,0,,0,7,,,15,0,15,165,0,0,0,15,,244,20,97,25,36,127,,,29,51,24,28,,,,,7,7,7,1,5,1,0,1,31,21,21,21,15
Public Constructor,"org.apache.pdfbox.pdmodel.documentinterchange.taggedpdf.PDExportFormatAttributeObject.PDExportFormatAttributeObject(COSDictionary)",pdfbox/src/main/java/org/apache/pdfbox/pdmodel/documentinterchange/taggedpdf/PDExportFormatAttributeObject.java,,,,,,,,,,,,,,,,,,,,,,,,,2,9,0,4,1,1,5,2,1,1,2,1,1,1,1,1,1,,,,,,0,,1,25,1,1,1,1
Public Constructor,"org.apache.pdfbox.pdmodel.documentinterchange.taggedpdf.PDExportFormatAttributeObject.PDExportFormatAttributeObject(String)",pdfbox/src/main/java/org/apache/pdfbox/pdmodel/documentinterchange/taggedpdf/PDExportFormatAttributeObject.java,,,,,,,,,,,,,,,,,,,,,,,,,1,7,0,4,1,1,3,2,1,1,2,1,1,1,1,1,1,,,,,,0,,0,75,1,1,1,1
Public Method,"org.apache.pdfbox.pdmodel.documentinterchange.taggedpdf.PDExportFormatAttributeObject.getColSpan()",pdfbox/src/main/java/org/apache/pdfbox/pdmodel/documentinterchange/taggedpdf/PDExportFormatAttributeObject.java,,,,,,,,,,,,,,,,,,,,,,,,,2,10,0,4,1,1,6,2,1,1,2,1,1,1,1,1,1,,,,,,0,,1,50,1,1,1,1
Public Method,"org.apache.pdfbox.pdmodel.documentinterchange.taggedpdf.PDExportFormatAttributeObject.getHeaders()",pdfbox/src/main/java/org/apache/pdfbox/pdmodel/documentinterchange/taggedpdf/PDExportFormatAttributeObject.java,,,,,,,,,,,,,,,,,,,,,,,,,2,12,0,4,1,1,8,2,1,1,2,1,1,1,1,1,1,,,,,,0,,2,00,1,1,1,1
Public Method,"org.apache.pdfbox.pdmodel.documentinterchange.taggedpdf.PDExportFormatAttributeObject.getListNumbering()",pdfbox/src/main/java/org/apache/pdfbox/pdmodel/documentinterchange/taggedpdf/PDExportFormatAttributeObject.java,,,,,,,,,,,,,,,,,,,,,,,,,3,11,0,5,1,2,6,2,1,1,2,1,1,1,1,1,1,,,,,,0,,1,20,1,1,1,1
Public Method,"org.apache.pdfbox.pdmodel.documentinterchange.taggedpdf.PDExportFormatAttributeObject.getRowSpan()",pdfbox/src/main/java/org/apache/pdfbox/pdmodel/documentinterchange/taggedpdf/PDExportFormatAttributeObject.java,,,,,,,,,,,,,,,,,,,,,,,,,2,10,0,4,1,1,6,2,1,1,2,1,1,1,1,1,1,,,,,,0,,1,50,1,1,1,1
Public Method,"org.apache.pdfbox.pdmodel.documentinterchange.taggedpdf.PDExportFormatAttributeObject.getScope()",pdfbox/src/main/java/org/apache/pdfbox/pdmodel/documentinterchange/taggedpdf/PDExportFormatAttributeObject.java,,,,,,,,,,,,,,,,,,,,,,,,,2,11,0,4,1,1,7,2,1,1,2,1,1,1,1,1,1,,,,,,0,,1,75,1,1,1,1
Public Method,"org.apache.pdfbox.pdmodel.documentinterchange.taggedpdf.PDExportFormatAttributeObject.getSummary()",pdfbox/src/main/java/org/apache/pdfbox/pdmodel/documentinterchange/taggedpdf/PDExportFormatAttributeObject.java,,,,,,,,,,,,,,,,,,,,,,,,,2,9,0,4,1,1,5,2,1,1,2,1,1,1,1,1,1,,,,,,0,,1,25,1,1,1,1
Public Method,"org.apache.pdfbox.pdmodel.documentinterchange.taggedpdf.PDExportFormatAttributeObject.setColSpan(int)",pdfbox/src/main/java/org/apache/pdfbox/pdmodel/documentinterchange/taggedpdf/PDExportFormatAttributeObject.java,,,,,,,,,,,,,,,,,,,,,,,,,2,10,0,4,1,1,6,1,1,1,2,1,1,1,1,1,1,,,,,,0,,1,50,1,1,1,1
Public Method,"org.apache.pdfbox.pdmodel.documentinterchange.taggedpdf.PDExportFormatAttributeObject.setHeaders(String[])",pdfbox/src/main/java/org/apache/pdfbox/pdmodel/documentinterchange/taggedpdf/PDExportFormatAttributeObject.java,,,,,,,,,,,,,,,,,,,,,,,,,2,12,0,4,1,1,8,1,1,1,2,1,1,1,1,1,1,,,,,,0,,2,00,1,1,1,1
Public Method,"org.apache.pdfbox.pdmodel.documentinterchange.taggedpdf.PDExportFormatAttributeObject.setListNumbering(String)",pdfbox/src/main/java/org/apache/pdfbox/pdmodel/documentinterchange/taggedpdf/PDExportFormatAttributeObject.java,,,,,,,,,,,,,,,,,,,,,,,,,2,21,0,4,1,1,17,1,1,1,2,1,1,1,1,1,1,,,,,,0,,4,25,1,1,1,1
Public Method,"org.apache.pdfbox.pdmodel.documentinterchange.taggedpdf.PDExportFormatAttributeObject.setRowSpan(int)",pdfbox/src/main/java/org/apache/pdfbox/pdmodel/documentinterchange/taggedpdf/PDExportFormatAttributeObject.java,,,,,,,,,,,,,,,,,,,,,,,,,2,10,0,4,1,1,6,1,1,1,2,1,1,1,1,1,1,,,,,,0,,1,50,1,1,1,1
Public Method,"org.apache.pdfbox.pdmodel.documentinterchange.taggedpdf.PDExportFormatAttributeObject.setScope(String)",pdfbox/src/main/java/org/apache/pdfbox/pdmodel/documentinterchange/taggedpdf/PDExportFormatAttributeObject.java,,,,,,,,,,,,,,,,,,,,,,,,,2,17,0,4,1,1,13,1,1,1,2,1,1,1,1,1,1,,,,,,0,,3,25,1,1,1,1
Public Method,"org.apache.pdfbox.pdmodel.documentinterchange.taggedpdf.PDExportFormatAttributeObject.setSummary(String)",pdfbox/src/main/java/org/apache/pdfbox/pdmodel/documentinterchange/taggedpdf/PDExportFormatAttributeObject.java,,,,,,,,,,,,,,,,,,,,,,,,,2,9,0,4,1,1,5,1,1,1,2,1,1,1,1,1,1,,,,,,0,,1,25,1,1,1,1
Public Method,"org.apache.pdfbox.pdmodel.documentinterchange.taggedpdf.PDExportFormatAttributeObject.toString()",pdfbox/src/main/java/org/apache/pdfbox/pdmodel/documentinterchange/taggedpdf/PDExportFormatAttributeObject.java,,,,,,,,,,,,,,,,,,,,,,,,,6,30,0,30,3,14,0,14,64,8,15,2,14,7,7,7,1,,,,,,1,,0,00,7,7,7,1
Public Class,"org.apache.pdfbox.pdmodel.documentinterchange.taggedpdf.PDFourColours",pdfbox/src/main/java/org/apache/pdfbox/pdmodel/documentinterchange/taggedpdf/PDFourColours.java,1,1,1,1,10,0,6,4,2,5,0,,0,0,,,13,1,13,25,0,2,0,11,,162,18,83,19,28,61,,,27,45,19,28,,,,,3,3,3,1,1,2,61,0,73,17,17,17,13
Public Constructor,"org.apache.pdfbox.pdmodel.documentinterchange.taggedpdf.PDFourColours.PDFourColours()",pdfbox/src/main/java/org/apache/pdfbox/pdmodel/documentinterchange/taggedpdf/PDFourColours.java,,,,,,,,,,,,,,,,,,,,,,,,,2,8,0,8,1,5,0,4,1,5,6,1,5,1,1,1,1,,,,,,0,,0,00,1,1,1,1
Public Constructor,"org.apache.pdfbox.pdmodel.documentinterchange.taggedpdf.PDFourColours.PDFourColours(COSArray)",pdfbox/src/main/java/org/apache/pdfbox/pdmodel/documentinterchange/taggedpdf/PDFourColours.java,,,,,,,,,,,,,,,,,,,,,,,,,4,12,0,11,1,4,1,4,3,4,7,2,6,3,3,3,1,,,,,,2,,0,09,3,3,3,1
Public Method,"org.apache.pdfbox.pdmodel.documentinterchange.taggedpdf.PDFourColours.getAfterColour()",pdfbox/src/main/java/org/apache/pdfbox/pdmodel/documentinterchange/taggedpdf/PDFourColours.java,,,,,,,,,,,,,,,,,,,,,,,,,0,9,0,4,1,1,5,2,1,1,2,1,1,1,1,1,1,,,,,,0,,1,25,1,1,1,1
Public Method,"org.apache.pdfbox.pdmodel.documentinterchange.taggedpdf.PDFourColours.getBeforeColour()",pdfbox/src/main/java/org/apache/pdfbox/pdmodel/documentinterchange/taggedpdf/PDFourColours.java,,,,,,,,,,,,,,,,,,,,,,,,,0,9,0,4,1,1,5,2,1,1,2,1,1,1,1,1,1,,,,,,0,,1,25,1,1,1,1
Public Method,"org.apache.pdfbox.pdmodel.documentinterchange.taggedpdf.PDFourColours.getCOSObject()",pdfbox/src/main/java/org/apache/pdfbox/pdmodel/documentinterchange/taggedpdf/PDFourColours.java,,,,,,,,,,,,,,,,,,,,,,,,,2,8,0,5,2,1,3,1,1,1,2,1,1,1,1,1,1,,,,,,0,,0,60,1,1,1,1
Private Method,"org.apache.pdfbox.pdmodel.documentinterchange.taggedpdf.PDFourColours.getColourByIndex(int)",pdfbox/src/main/java/org/apache/pdfbox/pdmodel/documentinterchange/taggedpdf/PDFourColours.java,,,,,,,,,,,,,,,,,,,,,,,,,6,16,0,10,3,5,6,3,2,4,6,3,4,2,2,2,1,,,,,,1,,0,60,2,2,2,1
Public Method,"org.apache.pdfbox.pdmodel.documentinterchange.taggedpdf.PDFourColours.getEndColour()",pdfbox/src/main/java/org/apache/pdfbox/pdmodel/documentinterchange/taggedpdf/PDFourColours.java,,,,,,,,,,,,,,,,,,,,,,,,,0,9,0,4,1,1,5,2,1,1,2,1,1,1,1,1,1,,,,,,0,,1,25,1,1,1,1
Public Method,"org.apache.pdfbox.pdmodel.documentinterchange.taggedpdf.PDFourColours.getStartColour()",pdfbox/src/main/java/org/apache/pdfbox/pdmodel/documentinterchange/taggedpdf/PDFourColours.java,,,,,,,,,,,,,,,,,,,,,,,,,0,9,0,4,1,1,5,2,1,1,2,1,1,1,1,1,1,,,,,,0,,1,25,1,1,1,1
Public Method,"org.apache.pdfbox.pdmodel.documentinterchange.taggedpdf.PDFourColours.setAfterColour(PDGamma)",pdfbox/src/main/java/org/apache/pdfbox/pdmodel/documentinterchange/taggedpdf/PDFourColours.java,,,,,,,,,,,,,,,,,,,,,,,,,1,9,0,4,1,1,5,1,1,1,2,1,1,1,1,1,1,,,,,,0,,1,25,1,1,1,1
Public Method,"org.apache.pdfbox.pdmodel.documentinterchange.taggedpdf.PDFourColours.setBeforeColour(PDGamma)",pdfbox/src/main/java/org/apache/pdfbox/pdmodel/documentinterchange/taggedpdf/PDFourColours.java,,,,,,,,,,,,,,,,,,,,,,,,,1,9,0,4,1,1,5,1,1,1,2,1,1,1,1,1,1,,,,,,0,,1,25,1,1,1,1
Private Method,"org.apache.pdfbox.pdmodel.documentinterchange.taggedpdf.PDFourColours.setColourByIndex(int,PDGamma)",pdfbox/src/main/java/org/apache/pdfbox/pdmodel/documentinterchange/taggedpdf/PDFourColours.java,,,,,,,,,,,,,,,,,,,,,,,,,8,19,0,13,2,5,6,2,2,4,6,2,4,2,2,2,1,,,,,,1,,0,46,2,2,2,1
Public Method,"org.apache.pdfbox.pdmodel.documentinterchange.taggedpdf.PDFourColours.setEndColour(PDGamma)",pdfbox/src/main/java/org/apache/pdfbox/pdmodel/documentinterchange/taggedpdf/PDFourColours.java,,,,,,,,,,,,,,,,,,,,,,,,,1,9,0,4,1,1,5,1,1,1,2,1,1,1,1,1,1,,,,,,0,,1,25,1,1,1,1
Public Method,"org.apache.pdfbox.pdmodel.documentinterchange.taggedpdf.PDFourColours.setStartColour(PDGamma)",pdfbox/src/main/java/org/apache/pdfbox/pdmodel/documentinterchange/taggedpdf/PDFourColours.java,,,,,,,,,,,,,,,,,,,,,,,,,1,9,0,4,1,1,5,1,1,1,2,1,1,1,1,1,1,,,,,,0,,1,25,1,1,1,1
Public Class,"org.apache.pdfbox.pdmodel.documentinterchange.taggedpdf.PDLayoutAttributeObject",pdfbox/src/main/java/org/apache/pdfbox/pdmodel/documentinterchange/taggedpdf/PDLayoutAttributeObject.java,1,1,1,1,13,0,6,6,1,9,1,,0,87,,,94,0,94,150,0,0,0,94,,1663,100,681,196,300,882,,,241,376,194,193,,,,,40,40,40,1,4,2,0,1,30,135,135,135,94
Public Constructor,"org.apache.pdfbox.pdmodel.documentinterchange.taggedpdf.PDLayoutAttributeObject.PDLayoutAttributeObject()",pdfbox/src/main/java/org/apache/pdfbox/pdmodel/documentinterchange/taggedpdf/PDLayoutAttributeObject.java,,,,,,,,,,,,,,,,,,,,,,,,,1,7,0,4,1,1,3,2,1,1,2,1,1,1,1,1,1,,,,,,0,,0,75,1,1,1,1
Public Constructor,"org.apache.pdfbox.pdmodel.documentinterchange.taggedpdf.PDLayoutAttributeObject.PDLayoutAttributeObject(COSDictionary)",pdfbox/src/main/java/org/apache/pdfbox/pdmodel/documentinterchange/taggedpdf/PDLayoutAttributeObject.java,,,,,,,,,,,,,,,,,,,,,,,,,3,9,0,4,1,1,5,2,1,1,2,1,1,1,1,1,1,,,,,,0,,1,25,1,1,1,1
Public Method,"org.apache.pdfbox.pdmodel.documentinterchange.taggedpdf.PDLayoutAttributeObject.getBBox()",pdfbox/src/main/java/org/apache/pdfbox/pdmodel/documentinterchange/taggedpdf/PDLayoutAttributeObject.java,,,,,,,,,,,,,,,,,,,,,,,,,2,15,0,10,3,4,5,4,2,3,5,2,4,2,2,2,1,,,,,,1,,0,50,2,2,2,1
Public Method,"org.apache.pdfbox.pdmodel.documentinterchange.taggedpdf.PDLayoutAttributeObject.getBackgroundColor()",pdfbox/src/main/java/org/apache/pdfbox/pdmodel/documentinterchange/taggedpdf/PDLayoutAttributeObject.java,,,,,,,,,,,,,,,,,,,,,,,,,2,9,0,4,1,1,5,2,1,1,2,1,1,1,1,1,1,,,,,,0,,1,25,1,1,1,1
Public Method,"org.apache.pdfbox.pdmodel.documentinterchange.taggedpdf.PDLayoutAttributeObject.getBaselineShift()",pdfbox/src/main/java/org/apache/pdfbox/pdmodel/documentinterchange/taggedpdf/PDLayoutAttributeObject.java,,,,,,,,,,,,,,,,,,,,,,,,,2,11,0,4,1,1,7,2,1,1,2,1,1,1,1,1,1,,,,,,0,,1,75,1,1,1,1
Public Method,"org.apache.pdfbox.pdmodel.documentinterchange.taggedpdf.PDLayoutAttributeObject.getBlockAlign()",pdfbox/src/main/java/org/apache/pdfbox/pdmodel/documentinterchange/taggedpdf/PDLayoutAttributeObject.java,,,,,,,,,,,,,,,,,,,,,,,,,3,11,0,4,1,1,7,2,1,1,2,1,1,1,1,1,1,,,,,,0,,1,75,1,1,1,1
Public Method,"org.apache.pdfbox.pdmodel.documentinterchange.taggedpdf.PDLayoutAttributeObject.getBorderColors()",pdfbox/src/main/java/org/apache/pdfbox/pdmodel/documentinterchange/taggedpdf/PDLayoutAttributeObject.java,,,,,,,,,,,,,,,,,,,,,,,,,2,10,0,4,1,1,6,2,1,1,2,1,1,1,1,1,1,,,,,,0,,1,50,1,1,1,1
Public Method,"org.apache.pdfbox.pdmodel.documentinterchange.taggedpdf.PDLayoutAttributeObject.getBorderStyle()",pdfbox/src/main/java/org/apache/pdfbox/pdmodel/documentinterchange/taggedpdf/PDLayoutAttributeObject.java,,,,,,,,,,,,,,,,,,,,,,,,,3,10,0,4,1,1,6,2,1,1,2,1,1,1,1,1,1,,,,,,0,,1,50,1,1,1,1
Public Method,"org.apache.pdfbox.pdmodel.documentinterchange.taggedpdf.PDLayoutAttributeObject.getBorderThickness()",pdfbox/src/main/java/org/apache/pdfbox/pdmodel/documentinterchange/taggedpdf/PDLayoutAttributeObject.java,,,,,,,,,,,,,,,,,,,,,,,,,3,9,0,4,1,1,5,2,1,1,2,1,1,1,1,1,1,,,,,,0,,1,25,1,1,1,1
Public Method,"org.apache.pdfbox.pdmodel.documentinterchange.taggedpdf.PDLayoutAttributeObject.getColor()",pdfbox/src/main/java/org/apache/pdfbox/pdmodel/documentinterchange/taggedpdf/PDLayoutAttributeObject.java,,,,,,,,,,,,,,,,,,,,,,,,,2,10,0,4,1,1,6,2,1,1,2,1,1,1,1,1,1,,,,,,0,,1,50,1,1,1,1
Public Method,"org.apache.pdfbox.pdmodel.documentinterchange.taggedpdf.PDLayoutAttributeObject.getColumnCount()",pdfbox/src/main/java/org/apache/pdfbox/pdmodel/documentinterchange/taggedpdf/PDLayoutAttributeObject.java,,,,,,,,,,,,,,,,,,,,,,,,,2,10,0,4,1,1,6,2,1,1,2,1,1,1,1,1,1,,,,,,0,,1,50,1,1,1,1
Public Method,"org.apache.pdfbox.pdmodel.documentinterchange.taggedpdf.PDLayoutAttributeObject.getColumnGap()",pdfbox/src/main/java/org/apache/pdfbox/pdmodel/documentinterchange/taggedpdf/PDLayoutAttributeObject.java,,,,,,,,,,,,,,,,,,,,,,,,,3,10,0,4,1,1,6,2,1,1,2,1,1,1,1,1,1,,,,,,0,,1,50,1,1,1,1
Public Method,"org.apache.pdfbox.pdmodel.documentinterchange.taggedpdf.PDLayoutAttributeObject.getColumnWidths()",pdfbox/src/main/java/org/apache/pdfbox/pdmodel/documentinterchange/taggedpdf/PDLayoutAttributeObject.java,,,,,,,,,,,,,,,,,,,,,,,,,3,10,0,4,1,1,6,2,1,1,2,1,1,1,1,1,1,,,,,,0,,1,50,1,1,1,1
Public Method,"org.apache.pdfbox.pdmodel.documentinterchange.taggedpdf.PDLayoutAttributeObject.getEndIndent()",pdfbox/src/main/java/org/apache/pdfbox/pdmodel/documentinterchange/taggedpdf/PDLayoutAttributeObject.java,,,,,,,,,,,,,,,,,,,,,,,,,2,11,0,4,1,1,7,2,1,1,2,1,1,1,1,1,1,,,,,,0,,1,75,1,1,1,1
Public Method,"org.apache.pdfbox.pdmodel.documentinterchange.taggedpdf.PDLayoutAttributeObject.getGlyphOrientationVertical()",pdfbox/src/main/java/org/apache/pdfbox/pdmodel/documentinterchange/taggedpdf/PDLayoutAttributeObject.java,,,,,,,,,,,,,,,,,,,,,,,,,3,12,0,5,1,2,7,2,1,1,2,1,1,1,1,1,1,,,,,,0,,1,40,1,1,1,1
Public Method,"org.apache.pdfbox.pdmodel.documentinterchange.taggedpdf.PDLayoutAttributeObject.getHeight()",pdfbox/src/main/java/org/apache/pdfbox/pdmodel/documentinterchange/taggedpdf/PDLayoutAttributeObject.java,,,,,,,,,,,,,,,,,,,,,,,,,3,11,0,4,1,1,7,2,1,1,2,1,1,1,1,1,1,,,,,,0,,1,75,1,1,1,1
Public Method,"org.apache.pdfbox.pdmodel.documentinterchange.taggedpdf.PDLayoutAttributeObject.getInlineAlign()",pdfbox/src/main/java/org/apache/pdfbox/pdmodel/documentinterchange/taggedpdf/PDLayoutAttributeObject.java,,,,,,,,,,,,,,,,,,,,,,,,,3,11,0,4,1,1,7,2,1,1,2,1,1,1,1,1,1,,,,,,0,,1,75,1,1,1,1
Public Method,"org.apache.pdfbox.pdmodel.documentinterchange.taggedpdf.PDLayoutAttributeObject.getLineHeight()",pdfbox/src/main/java/org/apache/pdfbox/pdmodel/documentinterchange/taggedpdf/PDLayoutAttributeObject.java,,,,,,,,,,,,,,,,,,,,,,,,,3,10,0,4,1,1,6,2,1,1,2,1,1,1,1,1,1,,,,,,0,,1,50,1,1,1,1
Public Method,"org.apache.pdfbox.pdmodel.documentinterchange.taggedpdf.PDLayoutAttributeObject.getPadding()",pdfbox/src/main/java/org/apache/pdfbox/pdmodel/documentinterchange/taggedpdf/PDLayoutAttributeObject.java,,,,,,,,,,,,,,,,,,,,,,,,,2,9,0,4,1,1,5,2,1,1,2,1,1,1,1,1,1,,,,,,0,,1,25,1,1,1,1
Public Method,"org.apache.pdfbox.pdmodel.documentinterchange.taggedpdf.PDLayoutAttributeObject.getPlacement()",pdfbox/src/main/java/org/apache/pdfbox/pdmodel/documentinterchange/taggedpdf/PDLayoutAttributeObject.java,,,,,,,,,,,,,,,,,,,,,,,,,3,11,0,4,1,1,7,2,1,1,2,1,1,1,1,1,1,,,,,,0,,1,75,1,1,1,1
Public Method,"org.apache.pdfbox.pdmodel.documentinterchange.taggedpdf.PDLayoutAttributeObject.getRubyAlign()",pdfbox/src/main/java/org/apache/pdfbox/pdmodel/documentinterchange/taggedpdf/PDLayoutAttributeObject.java,,,,,,,,,,,,,,,,,,,,,,,,,3,10,0,4,1,1,6,2,1,1,2,1,1,1,1,1,1,,,,,,0,,1,50,1,1,1,1
Public Method,"org.apache.pdfbox.pdmodel.documentinterchange.taggedpdf.PDLayoutAttributeObject.getRubyPosition()",pdfbox/src/main/java/org/apache/pdfbox/pdmodel/documentinterchange/taggedpdf/PDLayoutAttributeObject.java,,,,,,,,,,,,,,,,,,,,,,,,,3,11,0,4,1,1,7,2,1,1,2,1,1,1,1,1,1,,,,,,0,,1,75,1,1,1,1
Public Method,"org.apache.pdfbox.pdmodel.documentinterchange.taggedpdf.PDLayoutAttributeObject.getSpaceAfter()",pdfbox/src/main/java/org/apache/pdfbox/pdmodel/documentinterchange/taggedpdf/PDLayoutAttributeObject.java,,,,,,,,,,,,,,,,,,,,,,,,,2,10,0,4,1,1,6,2,1,1,2,1,1,1,1,1,1,,,,,,0,,1,50,1,1,1,1
Public Method,"org.apache.pdfbox.pdmodel.documentinterchange.taggedpdf.PDLayoutAttributeObject.getSpaceBefore()",pdfbox/src/main/java/org/apache/pdfbox/pdmodel/documentinterchange/taggedpdf/PDLayoutAttributeObject.java,,,,,,,,,,,,,,,,,,,,,,,,,2,10,0,4,1,1,6,2,1,1,2,1,1,1,1,1,1,,,,,,0,,1,50,1,1,1,1
Public Method,"org.apache.pdfbox.pdmodel.documentinterchange.taggedpdf.PDLayoutAttributeObject.getStartIndent()",pdfbox/src/main/java/org/apache/pdfbox/pdmodel/documentinterchange/taggedpdf/PDLayoutAttributeObject.java,,,,,,,,,,,,,,,,,,,,,,,,,2,10,0,4,1,1,6,2,1,1,2,1,1,1,1,1,1,,,,,,0,,1,50,1,1,1,1
Public Method,"org.apache.pdfbox.pdmodel.documentinterchange.taggedpdf.PDLayoutAttributeObject.getTBorderStyle()",pdfbox/src/main/java/org/apache/pdfbox/pdmodel/documentinterchange/taggedpdf/PDLayoutAttributeObject.java,,,,,,,,,,,,,,,,,,,,,,,,,3,10,0,4,1,1,6,2,1,1,2,1,1,1,1,1,1,,,,,,0,,1,50,1,1,1,1
Public Method,"org.apache.pdfbox.pdmodel.documentinterchange.taggedpdf.PDLayoutAttributeObject.getTPadding()",pdfbox/src/main/java/org/apache/pdfbox/pdmodel/documentinterchange/taggedpdf/PDLayoutAttributeObject.java,,,,,,,,,,,,,,,,,,,,,,,,,2,11,0,4,1,1,7,2,1,1,2,1,1,1,1,1,1,,,,,,0,,1,75,1,1,1,1
Public Method,"org.apache.pdfbox.pdmodel.documentinterchange.taggedpdf.PDLayoutAttributeObject.getTextAlign()",pdfbox/src/main/java/org/apache/pdfbox/pdmodel/documentinterchange/taggedpdf/PDLayoutAttributeObject.java,,,,,,,,,,,,,,,,,,,,,,,,,3,11,0,4,1,1,7,2,1,1,2,1,1,1,1,1,1,,,,,,0,,1,75,1,1,1,1
Public Method,"org.apache.pdfbox.pdmodel.documentinterchange.taggedpdf.PDLayoutAttributeObject.getTextDecorationColor()",pdfbox/src/main/java/org/apache/pdfbox/pdmodel/documentinterchange/taggedpdf/PDLayoutAttributeObject.java,,,,,,,,,,,,,,,,,,,,,,,,,2,10,0,4,1,1,6,2,1,1,2,1,1,1,1,1,1,,,,,,0,,1,50,1,1,1,1
Public Method,"org.apache.pdfbox.pdmodel.documentinterchange.taggedpdf.PDLayoutAttributeObject.getTextDecorationThickness()",pdfbox/src/main/java/org/apache/pdfbox/pdmodel/documentinterchange/taggedpdf/PDLayoutAttributeObject.java,,,,,,,,,,,,,,,,,,,,,,,,,2,10,0,4,1,1,6,2,1,1,2,1,1,1,1,1,1,,,,,,0,,1,50,1,1,1,1
Public Method,"org.apache.pdfbox.pdmodel.documentinterchange.taggedpdf.PDLayoutAttributeObject.getTextDecorationType()",pdfbox/src/main/java/org/apache/pdfbox/pdmodel/documentinterchange/taggedpdf/PDLayoutAttributeObject.java,,,,,,,,,,,,,,,,,,,,,,,,,3,10,0,4,1,1,6,2,1,1,2,1,1,1,1,1,1,,,,,,0,,1,50,1,1,1,1
Public Method,"org.apache.pdfbox.pdmodel.documentinterchange.taggedpdf.PDLayoutAttributeObject.getTextIndent()",pdfbox/src/main/java/org/apache/pdfbox/pdmodel/documentinterchange/taggedpdf/PDLayoutAttributeObject.java,,,,,,,,,,,,,,,,,,,,,,,,,2,11,0,4,1,1,7,2,1,1,2,1,1,1,1,1,1,,,,,,0,,1,75,1,1,1,1
Public Method,"org.apache.pdfbox.pdmodel.documentinterchange.taggedpdf.PDLayoutAttributeObject.getWidth()",pdfbox/src/main/java/org/apache/pdfbox/pdmodel/documentinterchange/taggedpdf/PDLayoutAttributeObject.java,,,,,,,,,,,,,,,,,,,,,,,,,3,11,0,4,1,1,7,2,1,1,2,1,1,1,1,1,1,,,,,,0,,1,75,1,1,1,1
Public Method,"org.apache.pdfbox.pdmodel.documentinterchange.taggedpdf.PDLayoutAttributeObject.getWritingMode()",pdfbox/src/main/java/org/apache/pdfbox/pdmodel/documentinterchange/taggedpdf/PDLayoutAttributeObject.java,,,,,,,,,,,,,,,,,,,,,,,,,3,10,0,4,1,1,6,2,1,1,2,1,1,1,1,1,1,,,,,,0,,1,50,1,1,1,1
Public Method,"org.apache.pdfbox.pdmodel.documentinterchange.taggedpdf.PDLayoutAttributeObject.setAllBorderColors(PDGamma)",pdfbox/src/main/java/org/apache/pdfbox/pdmodel/documentinterchange/taggedpdf/PDLayoutAttributeObject.java,,,,,,,,,,,,,,,,,,,,,,,,,2,9,0,4,1,1,5,1,1,1,2,1,1,1,1,1,1,,,,,,0,,1,25,1,1,1,1
Public Method,"org.apache.pdfbox.pdmodel.documentinterchange.taggedpdf.PDLayoutAttributeObject.setAllBorderStyles(String)",pdfbox/src/main/java/org/apache/pdfbox/pdmodel/documentinterchange/taggedpdf/PDLayoutAttributeObject.java,,,,,,,,,,,,,,,,,,,,,,,,,2,22,0,4,1,1,18,1,1,1,2,1,1,1,1,1,1,,,,,,0,,4,50,1,1,1,1
Public Method,"org.apache.pdfbox.pdmodel.documentinterchange.taggedpdf.PDLayoutAttributeObject.setAllBorderThicknesses(float)",pdfbox/src/main/java/org/apache/pdfbox/pdmodel/documentinterchange/taggedpdf/PDLayoutAttributeObject.java,,,,,,,,,,,,,,,,,,,,,,,,,2,9,0,4,1,1,5,1,1,1,2,1,1,1,1,1,1,,,,,,0,,1,25,1,1,1,1
Public Method,"org.apache.pdfbox.pdmodel.documentinterchange.taggedpdf.PDLayoutAttributeObject.setAllBorderThicknesses(int)",pdfbox/src/main/java/org/apache/pdfbox/pdmodel/documentinterchange/taggedpdf/PDLayoutAttributeObject.java,,,,,,,,,,,,,,,,,,,,,,,,,2,9,0,4,1,1,5,1,1,1,2,1,1,1,1,1,1,,,,,,0,,1,25,1,1,1,1
Public Method,"org.apache.pdfbox.pdmodel.documentinterchange.taggedpdf.PDLayoutAttributeObject.setAllColumnWidths(float)",pdfbox/src/main/java/org/apache/pdfbox/pdmodel/documentinterchange/taggedpdf/PDLayoutAttributeObject.java,,,,,,,,,,,,,,,,,,,,,,,,,2,9,0,4,1,1,5,1,1,1,2,1,1,1,1,1,1,,,,,,0,,1,25,1,1,1,1
Public Method,"org.apache.pdfbox.pdmodel.documentinterchange.taggedpdf.PDLayoutAttributeObject.setAllColumnWidths(int)",pdfbox/src/main/java/org/apache/pdfbox/pdmodel/documentinterchange/taggedpdf/PDLayoutAttributeObject.java,,,,,,,,,,,,,,,,,,,,,,,,,2,9,0,4,1,1,5,1,1,1,2,1,1,1,1,1,1,,,,,,0,,1,25,1,1,1,1
Public Method,"org.apache.pdfbox.pdmodel.documentinterchange.taggedpdf.PDLayoutAttributeObject.setAllPaddings(float)",pdfbox/src/main/java/org/apache/pdfbox/pdmodel/documentinterchange/taggedpdf/PDLayoutAttributeObject.java,,,,,,,,,,,,,,,,,,,,,,,,,2,9,0,4,1,1,5,1,1,1,2,1,1,1,1,1,1,,,,,,0,,1,25,1,1,1,1
Public Method,"org.apache.pdfbox.pdmodel.documentinterchange.taggedpdf.PDLayoutAttributeObject.setAllPaddings(int)",pdfbox/src/main/java/org/apache/pdfbox/pdmodel/documentinterchange/taggedpdf/PDLayoutAttributeObject.java,,,,,,,,,,,,,,,,,,,,,,,,,2,9,0,4,1,1,5,1,1,1,2,1,1,1,1,1,1,,,,,,0,,1,25,1,1,1,1
Public Method,"org.apache.pdfbox.pdmodel.documentinterchange.taggedpdf.PDLayoutAttributeObject.setAllTBorderStyles(String)",pdfbox/src/main/java/org/apache/pdfbox/pdmodel/documentinterchange/taggedpdf/PDLayoutAttributeObject.java,,,,,,,,,,,,,,,,,,,,,,,,,2,22,0,4,1,1,18,1,1,1,2,1,1,1,1,1,1,,,,,,0,,4,50,1,1,1,1
Public Method,"org.apache.pdfbox.pdmodel.documentinterchange.taggedpdf.PDLayoutAttributeObject.setAllTPaddings(float)",pdfbox/src/main/java/org/apache/pdfbox/pdmodel/documentinterchange/taggedpdf/PDLayoutAttributeObject.java,,,,,,,,,,,,,,,,,,,,,,,,,2,9,0,4,1,1,5,1,1,1,2,1,1,1,1,1,1,,,,,,0,,1,25,1,1,1,1
Public Method,"org.apache.pdfbox.pdmodel.documentinterchange.taggedpdf.PDLayoutAttributeObject.setAllTPaddings(int)",pdfbox/src/main/java/org/apache/pdfbox/pdmodel/documentinterchange/taggedpdf/PDLayoutAttributeObject.java,,,,,,,,,,,,,,,,,,,,,,,,,2,9,0,4,1,1,5,1,1,1,2,1,1,1,1,1,1,,,,,,0,,1,25,1,1,1,1
Public Method,"org.apache.pdfbox.pdmodel.documentinterchange.taggedpdf.PDLayoutAttributeObject.setBBox(PDRectangle)",pdfbox/src/main/java/org/apache/pdfbox/pdmodel/documentinterchange/taggedpdf/PDLayoutAttributeObject.java,,,,,,,,,,,,,,,,,,,,,,,,,2,13,0,8,4,5,5,5,1,5,6,4,4,2,2,2,1,,,,,,0,,0,62,2,2,2,1
Public Method,"org.apache.pdfbox.pdmodel.documentinterchange.taggedpdf.PDLayoutAttributeObject.setBackgroundColor(PDGamma)",pdfbox/src/main/java/org/apache/pdfbox/pdmodel/documentinterchange/taggedpdf/PDLayoutAttributeObject.java,,,,,,,,,,,,,,,,,,,,,,,,,2,9,0,4,1,1,5,1,1,1,2,1,1,1,1,1,1,,,,,,0,,1,25,1,1,1,1
Public Method,"org.apache.pdfbox.pdmodel.documentinterchange.taggedpdf.PDLayoutAttributeObject.setBaselineShift(float)",pdfbox/src/main/java/org/apache/pdfbox/pdmodel/documentinterchange/taggedpdf/PDLayoutAttributeObject.java,,,,,,,,,,,,,,,,,,,,,,,,,2,10,0,4,1,1,6,1,1,1,2,1,1,1,1,1,1,,,,,,0,,1,50,1,1,1,1
Public Method,"org.apache.pdfbox.pdmodel.documentinterchange.taggedpdf.PDLayoutAttributeObject.setBaselineShift(int)",pdfbox/src/main/java/org/apache/pdfbox/pdmodel/documentinterchange/taggedpdf/PDLayoutAttributeObject.java,,,,,,,,,,,,,,,,,,,,,,,,,2,10,0,4,1,1,6,1,1,1,2,1,1,1,1,1,1,,,,,,0,,1,50,1,1,1,1
Public Method,"org.apache.pdfbox.pdmodel.documentinterchange.taggedpdf.PDLayoutAttributeObject.setBlockAlign(String)",pdfbox/src/main/java/org/apache/pdfbox/pdmodel/documentinterchange/taggedpdf/PDLayoutAttributeObject.java,,,,,,,,,,,,,,,,,,,,,,,,,2,16,0,4,1,1,12,1,1,1,2,1,1,1,1,1,1,,,,,,0,,3,00,1,1,1,1
Public Method,"org.apache.pdfbox.pdmodel.documentinterchange.taggedpdf.PDLayoutAttributeObject.setBorderColors(PDFourColours)",pdfbox/src/main/java/org/apache/pdfbox/pdmodel/documentinterchange/taggedpdf/PDLayoutAttributeObject.java,,,,,,,,,,,,,,,,,,,,,,,,,2,9,0,4,1,1,5,1,1,1,2,1,1,1,1,1,1,,,,,,0,,1,25,1,1,1,1
Public Method,"org.apache.pdfbox.pdmodel.documentinterchange.taggedpdf.PDLayoutAttributeObject.setBorderStyles(String[])",pdfbox/src/main/java/org/apache/pdfbox/pdmodel/documentinterchange/taggedpdf/PDLayoutAttributeObject.java,,,,,,,,,,,,,,,,,,,,,,,,,2,22,0,4,1,1,18,1,1,1,2,1,1,1,1,1,1,,,,,,0,,4,50,1,1,1,1
Public Method,"org.apache.pdfbox.pdmodel.documentinterchange.taggedpdf.PDLayoutAttributeObject.setBorderThicknesses(float[])",pdfbox/src/main/java/org/apache/pdfbox/pdmodel/documentinterchange/taggedpdf/PDLayoutAttributeObject.java,,,,,,,,,,,,,,,,,,,,,,,,,2,9,0,4,1,1,5,1,1,1,2,1,1,1,1,1,1,,,,,,0,,1,25,1,1,1,1
Public Method,"org.apache.pdfbox.pdmodel.documentinterchange.taggedpdf.PDLayoutAttributeObject.setColor(PDGamma)",pdfbox/src/main/java/org/apache/pdfbox/pdmodel/documentinterchange/taggedpdf/PDLayoutAttributeObject.java,,,,,,,,,,,,,,,,,,,,,,,,,2,10,0,4,1,1,6,1,1,1,2,1,1,1,1,1,1,,,,,,0,,1,50,1,1,1,1
Public Method,"org.apache.pdfbox.pdmodel.documentinterchange.taggedpdf.PDLayoutAttributeObject.setColumnCount(int)",pdfbox/src/main/java/org/apache/pdfbox/pdmodel/documentinterchange/taggedpdf/PDLayoutAttributeObject.java,,,,,,,,,,,,,,,,,,,,,,,,,2,10,0,4,1,1,6,1,1,1,2,1,1,1,1,1,1,,,,,,0,,1,50,1,1,1,1
Public Method,"org.apache.pdfbox.pdmodel.documentinterchange.taggedpdf.PDLayoutAttributeObject.setColumnGap(float)",pdfbox/src/main/java/org/apache/pdfbox/pdmodel/documentinterchange/taggedpdf/PDLayoutAttributeObject.java,,,,,,,,,,,,,,,,,,,,,,,,,2,10,0,4,1,1,6,1,1,1,2,1,1,1,1,1,1,,,,,,0,,1,50,1,1,1,1
Public Method,"org.apache.pdfbox.pdmodel.documentinterchange.taggedpdf.PDLayoutAttributeObject.setColumnGap(int)",pdfbox/src/main/java/org/apache/pdfbox/pdmodel/documentinterchange/taggedpdf/PDLayoutAttributeObject.java,,,,,,,,,,,,,,,,,,,,,,,,,2,10,0,4,1,1,6,1,1,1,2,1,1,1,1,1,1,,,,,,0,,1,50,1,1,1,1
Public Method,"org.apache.pdfbox.pdmodel.documentinterchange.taggedpdf.PDLayoutAttributeObject.setColumnGaps(float[])",pdfbox/src/main/java/org/apache/pdfbox/pdmodel/documentinterchange/taggedpdf/PDLayoutAttributeObject.java,,,,,,,,,,,,,,,,,,,,,,,,,2,12,0,4,1,1,8,1,1,1,2,1,1,1,1,1,1,,,,,,0,,2,00,1,1,1,1
Public Method,"org.apache.pdfbox.pdmodel.documentinterchange.taggedpdf.PDLayoutAttributeObject.setColumnWidths(float[])",pdfbox/src/main/java/org/apache/pdfbox/pdmodel/documentinterchange/taggedpdf/PDLayoutAttributeObject.java,,,,,,,,,,,,,,,,,,,,,,,,,2,9,0,4,1,1,5,1,1,1,2,1,1,1,1,1,1,,,,,,0,,1,25,1,1,1,1
Public Method,"org.apache.pdfbox.pdmodel.documentinterchange.taggedpdf.PDLayoutAttributeObject.setEndIndent(float)",pdfbox/src/main/java/org/apache/pdfbox/pdmodel/documentinterchange/taggedpdf/PDLayoutAttributeObject.java,,,,,,,,,,,,,,,,,,,,,,,,,2,10,0,4,1,1,6,1,1,1,2,1,1,1,1,1,1,,,,,,0,,1,50,1,1,1,1
Public Method,"org.apache.pdfbox.pdmodel.documentinterchange.taggedpdf.PDLayoutAttributeObject.setEndIndent(int)",pdfbox/src/main/java/org/apache/pdfbox/pdmodel/documentinterchange/taggedpdf/PDLayoutAttributeObject.java,,,,,,,,,,,,,,,,,,,,,,,,,2,10,0,4,1,1,6,1,1,1,2,1,1,1,1,1,1,,,,,,0,,1,50,1,1,1,1
Public Method,"org.apache.pdfbox.pdmodel.documentinterchange.taggedpdf.PDLayoutAttributeObject.setGlyphOrientationVertical(String)",pdfbox/src/main/java/org/apache/pdfbox/pdmodel/documentinterchange/taggedpdf/PDLayoutAttributeObject.java,,,,,,,,,,,,,,,,,,,,,,,,,2,21,0,4,1,1,17,1,1,1,2,1,1,1,1,1,1,,,,,,0,,4,25,1,1,1,1
Public Method,"org.apache.pdfbox.pdmodel.documentinterchange.taggedpdf.PDLayoutAttributeObject.setHeight(float)",pdfbox/src/main/java/org/apache/pdfbox/pdmodel/documentinterchange/taggedpdf/PDLayoutAttributeObject.java,,,,,,,,,,,,,,,,,,,,,,,,,2,10,0,4,1,1,6,1,1,1,2,1,1,1,1,1,1,,,,,,0,,1,50,1,1,1,1
Public Method,"org.apache.pdfbox.pdmodel.documentinterchange.taggedpdf.PDLayoutAttributeObject.setHeight(int)",pdfbox/src/main/java/org/apache/pdfbox/pdmodel/documentinterchange/taggedpdf/PDLayoutAttributeObject.java,,,,,,,,,,,,,,,,,,,,,,,,,2,10,0,4,1,1,6,1,1,1,2,1,1,1,1,1,1,,,,,,0,,1,50,1,1,1,1
Public Method,"org.apache.pdfbox.pdmodel.documentinterchange.taggedpdf.PDLayoutAttributeObject.setHeightAuto()",pdfbox/src/main/java/org/apache/pdfbox/pdmodel/documentinterchange/taggedpdf/PDLayoutAttributeObject.java,,,,,,,,,,,,,,,,,,,,,,,,,2,8,0,4,1,1,4,1,1,1,2,1,1,1,1,1,1,,,,,,0,,1,00,1,1,1,1
Public Method,"org.apache.pdfbox.pdmodel.documentinterchange.taggedpdf.PDLayoutAttributeObject.setInlineAlign(String)",pdfbox/src/main/java/org/apache/pdfbox/pdmodel/documentinterchange/taggedpdf/PDLayoutAttributeObject.java,,,,,,,,,,,,,,,,,,,,,,,,,2,15,0,4,1,1,11,1,1,1,2,1,1,1,1,1,1,,,,,,0,,2,75,1,1,1,1
Public Method,"org.apache.pdfbox.pdmodel.documentinterchange.taggedpdf.PDLayoutAttributeObject.setLineHeight(float)",pdfbox/src/main/java/org/apache/pdfbox/pdmodel/documentinterchange/taggedpdf/PDLayoutAttributeObject.java,,,,,,,,,,,,,,,,,,,,,,,,,2,10,0,4,1,1,6,1,1,1,2,1,1,1,1,1,1,,,,,,0,,1,50,1,1,1,1
Public Method,"org.apache.pdfbox.pdmodel.documentinterchange.taggedpdf.PDLayoutAttributeObject.setLineHeight(int)",pdfbox/src/main/java/org/apache/pdfbox/pdmodel/documentinterchange/taggedpdf/PDLayoutAttributeObject.java,,,,,,,,,,,,,,,,,,,,,,,,,2,10,0,4,1,1,6,1,1,1,2,1,1,1,1,1,1,,,,,,0,,1,50,1,1,1,1
Public Method,"org.apache.pdfbox.pdmodel.documentinterchange.taggedpdf.PDLayoutAttributeObject.setLineHeightAuto()",pdfbox/src/main/java/org/apache/pdfbox/pdmodel/documentinterchange/taggedpdf/PDLayoutAttributeObject.java,,,,,,,,,,,,,,,,,,,,,,,,,2,8,0,4,1,1,4,1,1,1,2,1,1,1,1,1,1,,,,,,0,,1,00,1,1,1,1
Public Method,"org.apache.pdfbox.pdmodel.documentinterchange.taggedpdf.PDLayoutAttributeObject.setLineHeightNormal()",pdfbox/src/main/java/org/apache/pdfbox/pdmodel/documentinterchange/taggedpdf/PDLayoutAttributeObject.java,,,,,,,,,,,,,,,,,,,,,,,,,2,8,0,4,1,1,4,1,1,1,2,1,1,1,1,1,1,,,,,,0,,1,00,1,1,1,1
Public Method,"org.apache.pdfbox.pdmodel.documentinterchange.taggedpdf.PDLayoutAttributeObject.setPaddings(float[])",pdfbox/src/main/java/org/apache/pdfbox/pdmodel/documentinterchange/taggedpdf/PDLayoutAttributeObject.java,,,,,,,,,,,,,,,,,,,,,,,,,2,9,0,4,1,1,5,1,1,1,2,1,1,1,1,1,1,,,,,,0,,1,25,1,1,1,1
Public Method,"org.apache.pdfbox.pdmodel.documentinterchange.taggedpdf.PDLayoutAttributeObject.setPlacement(String)",pdfbox/src/main/java/org/apache/pdfbox/pdmodel/documentinterchange/taggedpdf/PDLayoutAttributeObject.java,,,,,,,,,,,,,,,,,,,,,,,,,2,17,0,4,1,1,13,1,1,1,2,1,1,1,1,1,1,,,,,,0,,3,25,1,1,1,1
Public Method,"org.apache.pdfbox.pdmodel.documentinterchange.taggedpdf.PDLayoutAttributeObject.setRubyAlign(String)",pdfbox/src/main/java/org/apache/pdfbox/pdmodel/documentinterchange/taggedpdf/PDLayoutAttributeObject.java,,,,,,,,,,,,,,,,,,,,,,,,,2,17,0,4,1,1,13,1,1,1,2,1,1,1,1,1,1,,,,,,0,,3,25,1,1,1,1
Public Method,"org.apache.pdfbox.pdmodel.documentinterchange.taggedpdf.PDLayoutAttributeObject.setRubyPosition(String)",pdfbox/src/main/java/org/apache/pdfbox/pdmodel/documentinterchange/taggedpdf/PDLayoutAttributeObject.java,,,,,,,,,,,,,,,,,,,,,,,,,2,16,0,4,1,1,12,1,1,1,2,1,1,1,1,1,1,,,,,,0,,3,00,1,1,1,1
Public Method,"org.apache.pdfbox.pdmodel.documentinterchange.taggedpdf.PDLayoutAttributeObject.setSpaceAfter(float)",pdfbox/src/main/java/org/apache/pdfbox/pdmodel/documentinterchange/taggedpdf/PDLayoutAttributeObject.java,,,,,,,,,,,,,,,,,,,,,,,,,2,10,0,4,1,1,6,1,1,1,2,1,1,1,1,1,1,,,,,,0,,1,50,1,1,1,1
Public Method,"org.apache.pdfbox.pdmodel.documentinterchange.taggedpdf.PDLayoutAttributeObject.setSpaceAfter(int)",pdfbox/src/main/java/org/apache/pdfbox/pdmodel/documentinterchange/taggedpdf/PDLayoutAttributeObject.java,,,,,,,,,,,,,,,,,,,,,,,,,2,10,0,4,1,1,6,1,1,1,2,1,1,1,1,1,1,,,,,,0,,1,50,1,1,1,1
Public Method,"org.apache.pdfbox.pdmodel.documentinterchange.taggedpdf.PDLayoutAttributeObject.setSpaceBefore(float)",pdfbox/src/main/java/org/apache/pdfbox/pdmodel/documentinterchange/taggedpdf/PDLayoutAttributeObject.java,,,,,,,,,,,,,,,,,,,,,,,,,2,10,0,4,1,1,6,1,1,1,2,1,1,1,1,1,1,,,,,,0,,1,50,1,1,1,1
Public Method,"org.apache.pdfbox.pdmodel.documentinterchange.taggedpdf.PDLayoutAttributeObject.setSpaceBefore(int)",pdfbox/src/main/java/org/apache/pdfbox/pdmodel/documentinterchange/taggedpdf/PDLayoutAttributeObject.java,,,,,,,,,,,,,,,,,,,,,,,,,2,10,0,4,1,1,6,1,1,1,2,1,1,1,1,1,1,,,,,,0,,1,50,1,1,1,1
Public Method,"org.apache.pdfbox.pdmodel.documentinterchange.taggedpdf.PDLayoutAttributeObject.setStartIndent(float)",pdfbox/src/main/java/org/apache/pdfbox/pdmodel/documentinterchange/taggedpdf/PDLayoutAttributeObject.java,,,,,,,,,,,,,,,,,,,,,,,,,2,10,0,4,1,1,6,1,1,1,2,1,1,1,1,1,1,,,,,,0,,1,50,1,1,1,1
Public Method,"org.apache.pdfbox.pdmodel.documentinterchange.taggedpdf.PDLayoutAttributeObject.setStartIndent(int)",pdfbox/src/main/java/org/apache/pdfbox/pdmodel/documentinterchange/taggedpdf/PDLayoutAttributeObject.java,,,,,,,,,,,,,,,,,,,,,,,,,2,10,0,4,1,1,6,1,1,1,2,1,1,1,1,1,1,,,,,,0,,1,50,1,1,1,1
Public Method,"org.apache.pdfbox.pdmodel.documentinterchange.taggedpdf.PDLayoutAttributeObject.setTBorderStyles(String[])",pdfbox/src/main/java/org/apache/pdfbox/pdmodel/documentinterchange/taggedpdf/PDLayoutAttributeObject.java,,,,,,,,,,,,,,,,,,,,,,,,,2,22,0,4,1,1,18,1,1,1,2,1,1,1,1,1,1,,,,,,0,,4,50,1,1,1,1
Public Method,"org.apache.pdfbox.pdmodel.documentinterchange.taggedpdf.PDLayoutAttributeObject.setTPaddings(float[])",pdfbox/src/main/java/org/apache/pdfbox/pdmodel/documentinterchange/taggedpdf/PDLayoutAttributeObject.java,,,,,,,,,,,,,,,,,,,,,,,,,2,9,0,4,1,1,5,1,1,1,2,1,1,1,1,1,1,,,,,,0,,1,25,1,1,1,1
Public Method,"org.apache.pdfbox.pdmodel.documentinterchange.taggedpdf.PDLayoutAttributeObject.setTextAlign(String)",pdfbox/src/main/java/org/apache/pdfbox/pdmodel/documentinterchange/taggedpdf/PDLayoutAttributeObject.java,,,,,,,,,,,,,,,,,,,,,,,,,2,17,0,4,1,1,13,1,1,1,2,1,1,1,1,1,1,,,,,,0,,3,25,1,1,1,1
Public Method,"org.apache.pdfbox.pdmodel.documentinterchange.taggedpdf.PDLayoutAttributeObject.setTextDecorationColor(PDGamma)",pdfbox/src/main/java/org/apache/pdfbox/pdmodel/documentinterchange/taggedpdf/PDLayoutAttributeObject.java,,,,,,,,,,,,,,,,,,,,,,,,,2,10,0,4,1,1,6,1,1,1,2,1,1,1,1,1,1,,,,,,0,,1,50,1,1,1,1
Public Method,"org.apache.pdfbox.pdmodel.documentinterchange.taggedpdf.PDLayoutAttributeObject.setTextDecorationThickness(float)",pdfbox/src/main/java/org/apache/pdfbox/pdmodel/documentinterchange/taggedpdf/PDLayoutAttributeObject.java,,,,,,,,,,,,,,,,,,,,,,,,,2,10,0,4,1,1,6,1,1,1,2,1,1,1,1,1,1,,,,,,0,,1,50,1,1,1,1
Public Method,"org.apache.pdfbox.pdmodel.documentinterchange.taggedpdf.PDLayoutAttributeObject.setTextDecorationThickness(int)",pdfbox/src/main/java/org/apache/pdfbox/pdmodel/documentinterchange/taggedpdf/PDLayoutAttributeObject.java,,,,,,,,,,,,,,,,,,,,,,,,,2,10,0,4,1,1,6,1,1,1,2,1,1,1,1,1,1,,,,,,0,,1,50,1,1,1,1
Public Method,"org.apache.pdfbox.pdmodel.documentinterchange.taggedpdf.PDLayoutAttributeObject.setTextDecorationType(String)",pdfbox/src/main/java/org/apache/pdfbox/pdmodel/documentinterchange/taggedpdf/PDLayoutAttributeObject.java,,,,,,,,,,,,,,,,,,,,,,,,,2,16,0,4,1,1,12,1,1,1,2,1,1,1,1,1,1,,,,,,0,,3,00,1,1,1,1
Public Method,"org.apache.pdfbox.pdmodel.documentinterchange.taggedpdf.PDLayoutAttributeObject.setTextIndent(float)",pdfbox/src/main/java/org/apache/pdfbox/pdmodel/documentinterchange/taggedpdf/PDLayoutAttributeObject.java,,,,,,,,,,,,,,,,,,,,,,,,,2,11,0,4,1,1,7,1,1,1,2,1,1,1,1,1,1,,,,,,0,,1,75,1,1,1,1
Public Method,"org.apache.pdfbox.pdmodel.documentinterchange.taggedpdf.PDLayoutAttributeObject.setTextIndent(int)",pdfbox/src/main/java/org/apache/pdfbox/pdmodel/documentinterchange/taggedpdf/PDLayoutAttributeObject.java,,,,,,,,,,,,,,,,,,,,,,,,,2,11,0,4,1,1,7,1,1,1,2,1,1,1,1,1,1,,,,,,0,,1,75,1,1,1,1
Public Method,"org.apache.pdfbox.pdmodel.documentinterchange.taggedpdf.PDLayoutAttributeObject.setWidth(float)",pdfbox/src/main/java/org/apache/pdfbox/pdmodel/documentinterchange/taggedpdf/PDLayoutAttributeObject.java,,,,,,,,,,,,,,,,,,,,,,,,,2,10,0,4,1,1,6,1,1,1,2,1,1,1,1,1,1,,,,,,0,,1,50,1,1,1,1
Public Method,"org.apache.pdfbox.pdmodel.documentinterchange.taggedpdf.PDLayoutAttributeObject.setWidth(int)",pdfbox/src/main/java/org/apache/pdfbox/pdmodel/documentinterchange/taggedpdf/PDLayoutAttributeObject.java,,,,,,,,,,,,,,,,,,,,,,,,,2,10,0,4,1,1,6,1,1,1,2,1,1,1,1,1,1,,,,,,0,,1,50,1,1,1,1
Public Method,"org.apache.pdfbox.pdmodel.documentinterchange.taggedpdf.PDLayoutAttributeObject.setWidthAuto()",pdfbox/src/main/java/org/apache/pdfbox/pdmodel/documentinterchange/taggedpdf/PDLayoutAttributeObject.java,,,,,,,,,,,,,,,,,,,,,,,,,2,8,0,4,1,1,4,1,1,1,2,1,1,1,1,1,1,,,,,,0,,1,00,1,1,1,1
Public Method,"org.apache.pdfbox.pdmodel.documentinterchange.taggedpdf.PDLayoutAttributeObject.setWritingMode(String)",pdfbox/src/main/java/org/apache/pdfbox/pdmodel/documentinterchange/taggedpdf/PDLayoutAttributeObject.java,,,,,,,,,,,,,,,,,,,,,,,,,2,14,0,4,1,1,10,1,1,1,2,1,1,1,1,1,1,,,,,,0,,2,50,1,1,1,1
Public Method,"org.apache.pdfbox.pdmodel.documentinterchange.taggedpdf.PDLayoutAttributeObject.toString()",pdfbox/src/main/java/org/apache/pdfbox/pdmodel/documentinterchange/taggedpdf/PDLayoutAttributeObject.java,,,,,,,,,,,,,,,,,,,,,,,,,33,208,0,208,10,112,0,43,999999999,55,95,9,94,40,40,40,1,,,,,,2,,0,00,40,40,40,1
Public Class,"org.apache.pdfbox.pdmodel.documentinterchange.taggedpdf.PDListAttributeObject",pdfbox/src/main/java/org/apache/pdfbox/pdmodel/documentinterchange/taggedpdf/PDListAttributeObject.java,1,1,1,1,11,0,5,6,1,4,0,,0,11,,,5,0,5,61,0,0,0,5,,119,12,40,19,19,67,,,18,25,18,8,,,,,2,2,2,1,4,1,0,1,68,6,6,6,5
Public Constructor,"org.apache.pdfbox.pdmodel.documentinterchange.taggedpdf.PDListAttributeObject.PDListAttributeObject()",pdfbox/src/main/java/org/apache/pdfbox/pdmodel/documentinterchange/taggedpdf/PDListAttributeObject.java,,,,,,,,,,,,,,,,,,,,,,,,,1,7,0,4,1,1,3,2,1,1,2,1,1,1,1,1,1,,,,,,0,,0,75,1,1,1,1
Public Constructor,"org.apache.pdfbox.pdmodel.documentinterchange.taggedpdf.PDListAttributeObject.PDListAttributeObject(COSDictionary)",pdfbox/src/main/java/org/apache/pdfbox/pdmodel/documentinterchange/taggedpdf/PDListAttributeObject.java,,,,,,,,,,,,,,,,,,,,,,,,,2,9,0,4,1,1,5,2,1,1,2,1,1,1,1,1,1,,,,,,0,,1,25,1,1,1,1
Public Method,"org.apache.pdfbox.pdmodel.documentinterchange.taggedpdf.PDListAttributeObject.getListNumbering()",pdfbox/src/main/java/org/apache/pdfbox/pdmodel/documentinterchange/taggedpdf/PDListAttributeObject.java,,,,,,,,,,,,,,,,,,,,,,,,,3,10,0,4,1,1,6,2,1,1,2,1,1,1,1,1,1,,,,,,0,,1,50,1,1,1,1
Public Method,"org.apache.pdfbox.pdmodel.documentinterchange.taggedpdf.PDListAttributeObject.setListNumbering(String)",pdfbox/src/main/java/org/apache/pdfbox/pdmodel/documentinterchange/taggedpdf/PDListAttributeObject.java,,,,,,,,,,,,,,,,,,,,,,,,,2,21,0,4,1,1,17,1,1,1,2,1,1,1,1,1,1,,,,,,0,,4,25,1,1,1,1
Public Method,"org.apache.pdfbox.pdmodel.documentinterchange.taggedpdf.PDListAttributeObject.toString()",pdfbox/src/main/java/org/apache/pdfbox/pdmodel/documentinterchange/taggedpdf/PDListAttributeObject.java,,,,,,,,,,,,,,,,,,,,,,,,,1,10,0,10,3,4,0,7,2,3,5,2,4,2,2,2,1,,,,,,1,,0,00,2,2,2,1
Public Class,"org.apache.pdfbox.pdmodel.documentinterchange.taggedpdf.PDPrintFieldAttributeObject",pdfbox/src/main/java/org/apache/pdfbox/pdmodel/documentinterchange/taggedpdf/PDPrintFieldAttributeObject.java,1,1,1,1,11,0,5,5,1,4,0,,0,11,,,9,0,9,65,0,0,0,9,,157,15,64,23,27,78,,,24,37,22,16,,,,,4,4,4,1,4,1,0,1,22,12,12,12,9
Public Constructor,"org.apache.pdfbox.pdmodel.documentinterchange.taggedpdf.PDPrintFieldAttributeObject.PDPrintFieldAttributeObject()",pdfbox/src/main/java/org/apache/pdfbox/pdmodel/documentinterchange/taggedpdf/PDPrintFieldAttributeObject.java,,,,,,,,,,,,,,,,,,,,,,,,,1,7,0,4,1,1,3,2,1,1,2,1,1,1,1,1,1,,,,,,0,,0,75,1,1,1,1
Public Constructor,"org.apache.pdfbox.pdmodel.documentinterchange.taggedpdf.PDPrintFieldAttributeObject.PDPrintFieldAttributeObject(COSDictionary)",pdfbox/src/main/java/org/apache/pdfbox/pdmodel/documentinterchange/taggedpdf/PDPrintFieldAttributeObject.java,,,,,,,,,,,,,,,,,,,,,,,,,2,9,0,4,1,1,5,2,1,1,2,1,1,1,1,1,1,,,,,,0,,1,25,1,1,1,1
Public Method,"org.apache.pdfbox.pdmodel.documentinterchange.taggedpdf.PDPrintFieldAttributeObject.getAlternateName()",pdfbox/src/main/java/org/apache/pdfbox/pdmodel/documentinterchange/taggedpdf/PDPrintFieldAttributeObject.java,,,,,,,,,,,,,,,,,,,,,,,,,2,9,0,4,1,1,5,2,1,1,2,1,1,1,1,1,1,,,,,,0,,1,25,1,1,1,1
Public Method,"org.apache.pdfbox.pdmodel.documentinterchange.taggedpdf.PDPrintFieldAttributeObject.getCheckedState()",pdfbox/src/main/java/org/apache/pdfbox/pdmodel/documentinterchange/taggedpdf/PDPrintFieldAttributeObject.java,,,,,,,,,,,,,,,,,,,,,,,,,3,9,0,4,1,1,5,2,1,1,2,1,1,1,1,1,1,,,,,,0,,1,25,1,1,1,1
Public Method,"org.apache.pdfbox.pdmodel.documentinterchange.taggedpdf.PDPrintFieldAttributeObject.getRole()",pdfbox/src/main/java/org/apache/pdfbox/pdmodel/documentinterchange/taggedpdf/PDPrintFieldAttributeObject.java,,,,,,,,,,,,,,,,,,,,,,,,,2,9,0,4,1,1,5,2,1,1,2,1,1,1,1,1,1,,,,,,0,,1,25,1,1,1,1
Public Method,"org.apache.pdfbox.pdmodel.documentinterchange.taggedpdf.PDPrintFieldAttributeObject.setAlternateName(String)",pdfbox/src/main/java/org/apache/pdfbox/pdmodel/documentinterchange/taggedpdf/PDPrintFieldAttributeObject.java,,,,,,,,,,,,,,,,,,,,,,,,,2,9,0,4,1,1,5,1,1,1,2,1,1,1,1,1,1,,,,,,0,,1,25,1,1,1,1
Public Method,"org.apache.pdfbox.pdmodel.documentinterchange.taggedpdf.PDPrintFieldAttributeObject.setCheckedState(String)",pdfbox/src/main/java/org/apache/pdfbox/pdmodel/documentinterchange/taggedpdf/PDPrintFieldAttributeObject.java,,,,,,,,,,,,,,,,,,,,,,,,,2,14,0,4,1,1,10,1,1,1,2,1,1,1,1,1,1,,,,,,0,,2,50,1,1,1,1
Public Method,"org.apache.pdfbox.pdmodel.documentinterchange.taggedpdf.PDPrintFieldAttributeObject.setRole(String)",pdfbox/src/main/java/org/apache/pdfbox/pdmodel/documentinterchange/taggedpdf/PDPrintFieldAttributeObject.java,,,,,,,,,,,,,,,,,,,,,,,,,2,15,0,4,1,1,11,1,1,1,2,1,1,1,1,1,1,,,,,,0,,2,75,1,1,1,1
Public Method,"org.apache.pdfbox.pdmodel.documentinterchange.taggedpdf.PDPrintFieldAttributeObject.toString()",pdfbox/src/main/java/org/apache/pdfbox/pdmodel/documentinterchange/taggedpdf/PDPrintFieldAttributeObject.java,,,,,,,,,,,,,,,,,,,,,,,,,3,18,0,18,3,8,0,9,8,5,9,2,8,4,4,4,1,,,,,,1,,0,00,4,4,4,1
Public Abstract Class,"org.apache.pdfbox.pdmodel.documentinterchange.taggedpdf.PDStandardAttributeObject",pdfbox/src/main/java/org/apache/pdfbox/pdmodel/documentinterchange/taggedpdf/PDStandardAttributeObject.java,1,1,1,1,15,0,9,6,1,11,4,,0,1,,,25,0,25,56,0,0,22,3,,419,28,229,65,110,162,,,96,145,70,109,,,,,6,6,6,4,3,3,0,0,71,47,47,47,35
Public Constructor,"org.apache.pdfbox.pdmodel.documentinterchange.taggedpdf.PDStandardAttributeObject.PDStandardAttributeObject()",pdfbox/src/main/java/org/apache/pdfbox/pdmodel/documentinterchange/taggedpdf/PDStandardAttributeObject.java,,,,,,,,,,,,,,,,,,,,,,,,,0,6,0,3,1,0,3,1,1,0,1,1,0,1,1,1,1,,,,,,0,,1,00,1,1,1,1
Public Constructor,"org.apache.pdfbox.pdmodel.documentinterchange.taggedpdf.PDStandardAttributeObject.PDStandardAttributeObject(COSDictionary)",pdfbox/src/main/java/org/apache/pdfbox/pdmodel/documentinterchange/taggedpdf/PDStandardAttributeObject.java,,,,,,,,,,,,,,,,,,,,,,,,,5,9,0,4,1,1,5,2,1,1,2,1,1,1,1,1,1,,,,,,0,,1,25,1,1,1,1
Protected Method,"org.apache.pdfbox.pdmodel.documentinterchange.taggedpdf.PDStandardAttributeObject.getArrayOfString(String)",pdfbox/src/main/java/org/apache/pdfbox/pdmodel/documentinterchange/taggedpdf/PDStandardAttributeObject.java,,,,,,,,,,,,,,,,,,,,,,,,,3,21,0,15,4,8,6,6,3,8,11,5,8,3,3,3,1,,,,,,2,,0,40,3,3,3,1
Protected Method,"org.apache.pdfbox.pdmodel.documentinterchange.taggedpdf.PDStandardAttributeObject.getColor(String)",pdfbox/src/main/java/org/apache/pdfbox/pdmodel/documentinterchange/taggedpdf/PDStandardAttributeObject.java,,,,,,,,,,,,,,,,,,,,,,,,,4,15,0,9,2,4,6,4,2,3,5,2,4,2,2,2,1,,,,,,1,,0,67,2,2,2,1
Protected Method,"org.apache.pdfbox.pdmodel.documentinterchange.taggedpdf.PDStandardAttributeObject.getColorOrFourColors(String)",pdfbox/src/main/java/org/apache/pdfbox/pdmodel/documentinterchange/taggedpdf/PDStandardAttributeObject.java,,,,,,,,,,,,,,,,,,,,,,,,,2,25,0,18,3,8,7,6,4,5,9,2,8,4,4,4,4,,,,,,1,,0,39,4,4,4,4
Protected Method,"org.apache.pdfbox.pdmodel.documentinterchange.taggedpdf.PDStandardAttributeObject.getInteger(String,int)",pdfbox/src/main/java/org/apache/pdfbox/pdmodel/documentinterchange/taggedpdf/PDStandardAttributeObject.java,,,,,,,,,,,,,,,,,,,,,,,,,7,11,0,4,1,1,7,3,1,1,2,1,1,1,1,1,1,,,,,,0,,1,75,1,1,1,1
Protected Method,"org.apache.pdfbox.pdmodel.documentinterchange.taggedpdf.PDStandardAttributeObject.getName(String)",pdfbox/src/main/java/org/apache/pdfbox/pdmodel/documentinterchange/taggedpdf/PDStandardAttributeObject.java,,,,,,,,,,,,,,,,,,,,,,,,,4,10,0,4,1,1,6,3,1,1,2,1,1,1,1,1,1,,,,,,0,,1,50,1,1,1,1
Protected Method,"org.apache.pdfbox.pdmodel.documentinterchange.taggedpdf.PDStandardAttributeObject.getName(String,String)",pdfbox/src/main/java/org/apache/pdfbox/pdmodel/documentinterchange/taggedpdf/PDStandardAttributeObject.java,,,,,,,,,,,,,,,,,,,,,,,,,14,11,0,4,1,1,7,3,1,1,2,1,1,1,1,1,1,,,,,,0,,1,75,1,1,1,1
Protected Method,"org.apache.pdfbox.pdmodel.documentinterchange.taggedpdf.PDStandardAttributeObject.getNameOrArrayOfName(String,String)",pdfbox/src/main/java/org/apache/pdfbox/pdmodel/documentinterchange/taggedpdf/PDStandardAttributeObject.java,,,,,,,,,,,,,,,,,,,,,,,,,4,30,0,23,5,12,7,6,5,10,15,6,12,5,5,5,3,,,,,,3,,0,30,5,5,5,3
Protected Method,"org.apache.pdfbox.pdmodel.documentinterchange.taggedpdf.PDStandardAttributeObject.getNumber(String)",pdfbox/src/main/java/org/apache/pdfbox/pdmodel/documentinterchange/taggedpdf/PDStandardAttributeObject.java,,,,,,,,,,,,,,,,,,,,,,,,,2,10,0,4,1,1,6,3,1,1,2,1,1,1,1,1,1,,,,,,0,,1,50,1,1,1,1
Protected Method,"org.apache.pdfbox.pdmodel.documentinterchange.taggedpdf.PDStandardAttributeObject.getNumber(String,float)",pdfbox/src/main/java/org/apache/pdfbox/pdmodel/documentinterchange/taggedpdf/PDStandardAttributeObject.java,,,,,,,,,,,,,,,,,,,,,,,,,8,11,0,4,1,1,7,3,1,1,2,1,1,1,1,1,1,,,,,,0,,1,75,1,1,1,1
Protected Method,"org.apache.pdfbox.pdmodel.documentinterchange.taggedpdf.PDStandardAttributeObject.getNumberOrArrayOfNumber(String,float)",pdfbox/src/main/java/org/apache/pdfbox/pdmodel/documentinterchange/taggedpdf/PDStandardAttributeObject.java,,,,,,,,,,,,,,,,,,,,,,,,,8,34,0,27,5,14,7,7,6,11,17,6,14,6,6,6,4,,,,,,3,,0,26,6,6,6,4
Protected Method,"org.apache.pdfbox.pdmodel.documentinterchange.taggedpdf.PDStandardAttributeObject.getNumberOrName(String,String)",pdfbox/src/main/java/org/apache/pdfbox/pdmodel/documentinterchange/taggedpdf/PDStandardAttributeObject.java,,,,,,,,,,,,,,,,,,,,,,,,,5,20,0,13,2,6,7,5,3,4,7,2,6,3,3,3,3,,,,,,1,,0,54,3,3,3,3
Protected Method,"org.apache.pdfbox.pdmodel.documentinterchange.taggedpdf.PDStandardAttributeObject.getString(String)",pdfbox/src/main/java/org/apache/pdfbox/pdmodel/documentinterchange/taggedpdf/PDStandardAttributeObject.java,,,,,,,,,,,,,,,,,,,,,,,,,4,10,0,4,1,1,6,3,1,1,2,1,1,1,1,1,1,,,,,,0,,1,50,1,1,1,1
Public Method,"org.apache.pdfbox.pdmodel.documentinterchange.taggedpdf.PDStandardAttributeObject.isSpecified(String)",pdfbox/src/main/java/org/apache/pdfbox/pdmodel/documentinterchange/taggedpdf/PDStandardAttributeObject.java,,,,,,,,,,,,,,,,,,,,,,,,,6,11,0,4,1,1,7,3,1,1,2,1,1,1,1,1,1,,,,,,0,,1,75,1,1,1,1
Protected Method,"org.apache.pdfbox.pdmodel.documentinterchange.taggedpdf.PDStandardAttributeObject.setArrayOfName(String,String[])",pdfbox/src/main/java/org/apache/pdfbox/pdmodel/documentinterchange/taggedpdf/PDStandardAttributeObject.java,,,,,,,,,,,,,,,,,,,,,,,,,4,18,0,12,4,7,6,7,2,6,9,5,7,2,2,2,1,,,,,,1,,0,50,2,2,2,1
Protected Method,"org.apache.pdfbox.pdmodel.documentinterchange.taggedpdf.PDStandardAttributeObject.setArrayOfNumber(String,float[])",pdfbox/src/main/java/org/apache/pdfbox/pdmodel/documentinterchange/taggedpdf/PDStandardAttributeObject.java,,,,,,,,,,,,,,,,,,,,,,,,,7,18,0,12,4,7,6,7,2,6,9,5,7,2,2,2,1,,,,,,1,,0,50,2,2,2,1
Protected Method,"org.apache.pdfbox.pdmodel.documentinterchange.taggedpdf.PDStandardAttributeObject.setArrayOfString(String,String[])",pdfbox/src/main/java/org/apache/pdfbox/pdmodel/documentinterchange/taggedpdf/PDStandardAttributeObject.java,,,,,,,,,,,,,,,,,,,,,,,,,4,18,0,12,4,7,6,7,2,6,9,5,7,2,2,2,1,,,,,,1,,0,50,2,2,2,1
Protected Method,"org.apache.pdfbox.pdmodel.documentinterchange.taggedpdf.PDStandardAttributeObject.setColor(String,PDGamma)",pdfbox/src/main/java/org/apache/pdfbox/pdmodel/documentinterchange/taggedpdf/PDStandardAttributeObject.java,,,,,,,,,,,,,,,,,,,,,,,,,6,13,0,7,3,4,6,5,1,4,5,3,4,2,2,2,1,,,,,,0,,0,86,2,2,2,1
Protected Method,"org.apache.pdfbox.pdmodel.documentinterchange.taggedpdf.PDStandardAttributeObject.setFourColors(String,PDFourColours)",pdfbox/src/main/java/org/apache/pdfbox/pdmodel/documentinterchange/taggedpdf/PDStandardAttributeObject.java,,,,,,,,,,,,,,,,,,,,,,,,,3,13,0,7,3,4,6,5,1,4,5,3,4,2,2,2,1,,,,,,0,,0,86,2,2,2,1
Protected Method,"org.apache.pdfbox.pdmodel.documentinterchange.taggedpdf.PDStandardAttributeObject.setInteger(String,int)",pdfbox/src/main/java/org/apache/pdfbox/pdmodel/documentinterchange/taggedpdf/PDStandardAttributeObject.java,,,,,,,,,,,,,,,,,,,,,,,,,7,13,0,7,3,4,6,4,1,4,5,3,4,1,1,1,1,,,,,,0,,0,86,1,1,1,1
Protected Method,"org.apache.pdfbox.pdmodel.documentinterchange.taggedpdf.PDStandardAttributeObject.setName(String,String)",pdfbox/src/main/java/org/apache/pdfbox/pdmodel/documentinterchange/taggedpdf/PDStandardAttributeObject.java,,,,,,,,,,,,,,,,,,,,,,,,,23,13,0,7,3,4,6,4,1,4,5,3,4,1,1,1,1,,,,,,0,,0,86,1,1,1,1
Protected Method,"org.apache.pdfbox.pdmodel.documentinterchange.taggedpdf.PDStandardAttributeObject.setNumber(String,float)",pdfbox/src/main/java/org/apache/pdfbox/pdmodel/documentinterchange/taggedpdf/PDStandardAttributeObject.java,,,,,,,,,,,,,,,,,,,,,,,,,17,13,0,7,3,4,6,4,1,4,5,3,4,1,1,1,1,,,,,,0,,0,86,1,1,1,1
Protected Method,"org.apache.pdfbox.pdmodel.documentinterchange.taggedpdf.PDStandardAttributeObject.setNumber(String,int)",pdfbox/src/main/java/org/apache/pdfbox/pdmodel/documentinterchange/taggedpdf/PDStandardAttributeObject.java,,,,,,,,,,,,,,,,,,,,,,,,,17,13,0,7,3,4,6,4,1,4,5,3,4,1,1,1,1,,,,,,0,,0,86,1,1,1,1
Protected Method,"org.apache.pdfbox.pdmodel.documentinterchange.taggedpdf.PDStandardAttributeObject.setString(String,String)",pdfbox/src/main/java/org/apache/pdfbox/pdmodel/documentinterchange/taggedpdf/PDStandardAttributeObject.java,,,,,,,,,,,,,,,,,,,,,,,,,5,13,0,7,3,4,6,4,1,4,5,3,4,1,1,1,1,,,,,,0,,0,86,1,1,1,1
Public Class,"org.apache.pdfbox.pdmodel.documentinterchange.taggedpdf.PDTableAttributeObject",pdfbox/src/main/java/org/apache/pdfbox/pdmodel/documentinterchange/taggedpdf/PDTableAttributeObject.java,1,1,1,1,11,0,5,6,1,4,0,,0,9,,,13,0,13,69,0,0,0,13,,200,19,86,25,33,95,,,28,47,24,24,,,,,6,6,6,1,4,1,0,1,10,18,18,18,13
Public Constructor,"org.apache.pdfbox.pdmodel.documentinterchange.taggedpdf.PDTableAttributeObject.PDTableAttributeObject()",pdfbox/src/main/java/org/apache/pdfbox/pdmodel/documentinterchange/taggedpdf/PDTableAttributeObject.java,,,,,,,,,,,,,,,,,,,,,,,,,1,7,0,4,1,1,3,2,1,1,2,1,1,1,1,1,1,,,,,,0,,0,75,1,1,1,1
Public Constructor,"org.apache.pdfbox.pdmodel.documentinterchange.taggedpdf.PDTableAttributeObject.PDTableAttributeObject(COSDictionary)",pdfbox/src/main/java/org/apache/pdfbox/pdmodel/documentinterchange/taggedpdf/PDTableAttributeObject.java,,,,,,,,,,,,,,,,,,,,,,,,,2,9,0,4,1,1,5,2,1,1,2,1,1,1,1,1,1,,,,,,0,,1,25,1,1,1,1
Public Method,"org.apache.pdfbox.pdmodel.documentinterchange.taggedpdf.PDTableAttributeObject.getColSpan()",pdfbox/src/main/java/org/apache/pdfbox/pdmodel/documentinterchange/taggedpdf/PDTableAttributeObject.java,,,,,,,,,,,,,,,,,,,,,,,,,2,10,0,4,1,1,6,2,1,1,2,1,1,1,1,1,1,,,,,,0,,1,50,1,1,1,1
Public Method,"org.apache.pdfbox.pdmodel.documentinterchange.taggedpdf.PDTableAttributeObject.getHeaders()",pdfbox/src/main/java/org/apache/pdfbox/pdmodel/documentinterchange/taggedpdf/PDTableAttributeObject.java,,,,,,,,,,,,,,,,,,,,,,,,,2,12,0,4,1,1,8,2,1,1,2,1,1,1,1,1,1,,,,,,0,,2,00,1,1,1,1
Public Method,"org.apache.pdfbox.pdmodel.documentinterchange.taggedpdf.PDTableAttributeObject.getRowSpan()",pdfbox/src/main/java/org/apache/pdfbox/pdmodel/documentinterchange/taggedpdf/PDTableAttributeObject.java,,,,,,,,,,,,,,,,,,,,,,,,,2,10,0,4,1,1,6,2,1,1,2,1,1,1,1,1,1,,,,,,0,,1,50,1,1,1,1
Public Method,"org.apache.pdfbox.pdmodel.documentinterchange.taggedpdf.PDTableAttributeObject.getScope()",pdfbox/src/main/java/org/apache/pdfbox/pdmodel/documentinterchange/taggedpdf/PDTableAttributeObject.java,,,,,,,,,,,,,,,,,,,,,,,,,2,11,0,4,1,1,7,2,1,1,2,1,1,1,1,1,1,,,,,,0,,1,75,1,1,1,1
Public Method,"org.apache.pdfbox.pdmodel.documentinterchange.taggedpdf.PDTableAttributeObject.getSummary()",pdfbox/src/main/java/org/apache/pdfbox/pdmodel/documentinterchange/taggedpdf/PDTableAttributeObject.java,,,,,,,,,,,,,,,,,,,,,,,,,2,9,0,4,1,1,5,2,1,1,2,1,1,1,1,1,1,,,,,,0,,1,25,1,1,1,1
Public Method,"org.apache.pdfbox.pdmodel.documentinterchange.taggedpdf.PDTableAttributeObject.setColSpan(int)",pdfbox/src/main/java/org/apache/pdfbox/pdmodel/documentinterchange/taggedpdf/PDTableAttributeObject.java,,,,,,,,,,,,,,,,,,,,,,,,,2,10,0,4,1,1,6,1,1,1,2,1,1,1,1,1,1,,,,,,0,,1,50,1,1,1,1
Public Method,"org.apache.pdfbox.pdmodel.documentinterchange.taggedpdf.PDTableAttributeObject.setHeaders(String[])",pdfbox/src/main/java/org/apache/pdfbox/pdmodel/documentinterchange/taggedpdf/PDTableAttributeObject.java,,,,,,,,,,,,,,,,,,,,,,,,,2,12,0,4,1,1,8,1,1,1,2,1,1,1,1,1,1,,,,,,0,,2,00,1,1,1,1
Public Method,"org.apache.pdfbox.pdmodel.documentinterchange.taggedpdf.PDTableAttributeObject.setRowSpan(int)",pdfbox/src/main/java/org/apache/pdfbox/pdmodel/documentinterchange/taggedpdf/PDTableAttributeObject.java,,,,,,,,,,,,,,,,,,,,,,,,,2,10,0,4,1,1,6,1,1,1,2,1,1,1,1,1,1,,,,,,0,,1,50,1,1,1,1
Public Method,"org.apache.pdfbox.pdmodel.documentinterchange.taggedpdf.PDTableAttributeObject.setScope(String)",pdfbox/src/main/java/org/apache/pdfbox/pdmodel/documentinterchange/taggedpdf/PDTableAttributeObject.java,,,,,,,,,,,,,,,,,,,,,,,,,2,17,0,4,1,1,13,1,1,1,2,1,1,1,1,1,1,,,,,,0,,3,25,1,1,1,1
Public Method,"org.apache.pdfbox.pdmodel.documentinterchange.taggedpdf.PDTableAttributeObject.setSummary(String)",pdfbox/src/main/java/org/apache/pdfbox/pdmodel/documentinterchange/taggedpdf/PDTableAttributeObject.java,,,,,,,,,,,,,,,,,,,,,,,,,2,9,0,4,1,1,5,1,1,1,2,1,1,1,1,1,1,,,,,,0,,1,25,1,1,1,1
Public Method,"org.apache.pdfbox.pdmodel.documentinterchange.taggedpdf.PDTableAttributeObject.toString()",pdfbox/src/main/java/org/apache/pdfbox/pdmodel/documentinterchange/taggedpdf/PDTableAttributeObject.java,,,,,,,,,,,,,,,,,,,,,,,,,5,26,0,26,3,12,0,13,32,7,13,2,12,6,6,6,1,,,,,,1,,0,00,6,6,6,1
Public Class,"org.apache.pdfbox.pdmodel.documentinterchange.taggedpdf.StandardStructureTypes",pdfbox/src/main/java/org/apache/pdfbox/pdmodel/documentinterchange/taggedpdf/StandardStructureTypes.java,1,1,1,1,3,0,3,0,1,10,0,,0,51,,,1,0,1,13,0,1,0,0,,294,56,76,55,59,162,,,55,61,55,9,,,,,1,1,1,1,1,0,0,2,13,1,1,1,1
Private Constructor,"org.apache.pdfbox.pdmodel.documentinterchange.taggedpdf.StandardStructureTypes.StandardStructureTypes()",pdfbox/src/main/java/org/apache/pdfbox/pdmodel/documentinterchange/taggedpdf/StandardStructureTypes.java,,,,,,,,,,,,,,,,,,,,,,,,,0,3,0,3,1,0,0,1,1,0,1,1,0,1,1,1,1,,,,,,0,,0,00,1,1,1,1
Package,"org.apache.pdfbox.pdmodel.encryption",pdfbox/src/main/java/org/apache/pdfbox/pdmodel/encryption/AccessPermission.java,1,1,2,1,18,0,11,6,,,,19,29,31,19,,193,34,222,,8,55,11,148,,5264,479,2869,816,1385,1926,,,1195,1649,766,1066,,,,,20,20,36,6,,5,,0,67,437,432,606,258
Public Class,"org.apache.pdfbox.pdmodel.encryption.AccessPermission",pdfbox/src/main/java/org/apache/pdfbox/pdmodel/encryption/AccessPermission.java,1,1,1,1,12,0,6,6,1,0,0,,1,9,,,27,2,28,40,0,2,1,25,,442,39,203,42,87,201,,,68,110,43,68,,,,,4,4,8,4,1,1,69,0,99,41,41,48,31
Public Constructor,"org.apache.pdfbox.pdmodel.encryption.AccessPermission.AccessPermission()",pdfbox/src/main/java/org/apache/pdfbox/pdmodel/encryption/AccessPermission.java,,,,,,,,,,,,,,,,,,,,,,,,,7,8,0,4,1,1,4,2,1,1,2,1,1,1,1,1,1,,,,,,0,,1,00,1,1,1,1
Public Constructor,"org.apache.pdfbox.pdmodel.encryption.AccessPermission.AccessPermission(byte[])",pdfbox/src/main/java/org/apache/pdfbox/pdmodel/encryption/AccessPermission.java,,,,,,,,,,,,,,,,,,,,,,,,,2,17,0,11,1,8,6,2,1,8,9,1,8,1,1,1,1,,,,,,0,,0,55,1,1,1,1
Public Constructor,"org.apache.pdfbox.pdmodel.encryption.AccessPermission.AccessPermission(int)",pdfbox/src/main/java/org/apache/pdfbox/pdmodel/encryption/AccessPermission.java,,,,,,,,,,,,,,,,,,,,,,,,,4,9,0,4,1,1,5,2,1,1,2,1,1,1,1,1,1,,,,,,0,,1,25,1,1,1,1
Public Method,"org.apache.pdfbox.pdmodel.encryption.AccessPermission.canAssembleDocument()",pdfbox/src/main/java/org/apache/pdfbox/pdmodel/encryption/AccessPermission.java,,,,,,,,,,,,,,,,,,,,,,,,,7,9,0,4,1,1,5,2,1,1,2,1,1,1,1,1,1,,,,,,0,,1,25,1,1,1,1
Public Method,"org.apache.pdfbox.pdmodel.encryption.AccessPermission.canExtractContent()",pdfbox/src/main/java/org/apache/pdfbox/pdmodel/encryption/AccessPermission.java,,,,,,,,,,,,,,,,,,,,,,,,,9,10,0,4,1,1,6,2,1,1,2,1,1,1,1,1,1,,,,,,0,,1,50,1,1,1,1
Public Method,"org.apache.pdfbox.pdmodel.encryption.AccessPermission.canExtractForAccessibility()",pdfbox/src/main/java/org/apache/pdfbox/pdmodel/encryption/AccessPermission.java,,,,,,,,,,,,,,,,,,,,,,,,,7,11,0,4,1,1,7,2,1,1,2,1,1,1,1,1,1,,,,,,0,,1,75,1,1,1,1
Public Method,"org.apache.pdfbox.pdmodel.encryption.AccessPermission.canFillInForm()",pdfbox/src/main/java/org/apache/pdfbox/pdmodel/encryption/AccessPermission.java,,,,,,,,,,,,,,,,,,,,,,,,,7,10,0,4,1,1,6,2,1,1,2,1,1,1,1,1,1,,,,,,0,,1,50,1,1,1,1
Public Method,"org.apache.pdfbox.pdmodel.encryption.AccessPermission.canModify()",pdfbox/src/main/java/org/apache/pdfbox/pdmodel/encryption/AccessPermission.java,,,,,,,,,,,,,,,,,,,,,,,,,6,9,0,4,1,1,5,2,1,1,2,1,1,1,1,1,1,,,,,,0,,1,25,1,1,1,1
Public Method,"org.apache.pdfbox.pdmodel.encryption.AccessPermission.canModifyAnnotations()",pdfbox/src/main/java/org/apache/pdfbox/pdmodel/encryption/AccessPermission.java,,,,,,,,,,,,,,,,,,,,,,,,,6,13,0,4,1,1,9,2,1,1,2,1,1,1,1,1,1,,,,,,0,,2,25,1,1,1,1
Public Method,"org.apache.pdfbox.pdmodel.encryption.AccessPermission.canPrint()",pdfbox/src/main/java/org/apache/pdfbox/pdmodel/encryption/AccessPermission.java,,,,,,,,,,,,,,,,,,,,,,,,,8,9,0,4,1,1,5,2,1,1,2,1,1,1,1,1,1,,,,,,0,,1,25,1,1,1,1
Public Method,"org.apache.pdfbox.pdmodel.encryption.AccessPermission.canPrintDegraded()",pdfbox/src/main/java/org/apache/pdfbox/pdmodel/encryption/AccessPermission.java,,,,,,,,,,,,,,,,,,,,,,,,,7,10,0,4,1,1,6,2,1,1,2,1,1,1,1,1,1,,,,,,0,,1,50,1,1,1,1
Public Static Method,"org.apache.pdfbox.pdmodel.encryption.AccessPermission.getOwnerAccessPermission()",pdfbox/src/main/java/org/apache/pdfbox/pdmodel/encryption/AccessPermission.java,,,,,,,,,,,,,,,,,,,,,,,,,2,18,0,13,2,10,5,10,1,10,11,2,10,1,1,1,1,,,,,,0,,0,38,1,1,1,1
Public Method,"org.apache.pdfbox.pdmodel.encryption.AccessPermission.getPermissionBytes()",pdfbox/src/main/java/org/apache/pdfbox/pdmodel/encryption/AccessPermission.java,,,,,,,,,,,,,,,,,,,,,,,,,3,11,0,4,1,1,7,1,1,1,2,1,1,1,1,1,1,,,,,,0,,1,75,1,1,1,1
Public Method,"org.apache.pdfbox.pdmodel.encryption.AccessPermission.getPermissionBytesForPublicKey()",pdfbox/src/main/java/org/apache/pdfbox/pdmodel/encryption/AccessPermission.java,,,,,,,,,,,,,,,,,,,,,,,,,2,19,0,11,1,6,8,2,2,7,9,2,7,2,2,2,1,,,,,,1,,0,73,2,2,2,1
Protected Method,"org.apache.pdfbox.pdmodel.encryption.AccessPermission.hasAnyRevision3PermissionSet()",pdfbox/src/main/java/org/apache/pdfbox/pdmodel/encryption/AccessPermission.java,,,,,,,,,,,,,,,,,,,,,,,,,1,21,0,16,1,7,5,5,4,4,8,1,7,4,4,4,4,,,,,,1,,0,31,4,4,4,4
Public Method,"org.apache.pdfbox.pdmodel.encryption.AccessPermission.isOwnerPermission()",pdfbox/src/main/java/org/apache/pdfbox/pdmodel/encryption/AccessPermission.java,,,,,,,,,,,,,,,,,,,,,,,,,3,18,0,12,1,9,6,9,1,1,2,1,1,1,1,8,1,,,,,,0,,0,50,1,1,8,1
Private Method,"org.apache.pdfbox.pdmodel.encryption.AccessPermission.isPermissionBitOn(int)",pdfbox/src/main/java/org/apache/pdfbox/pdmodel/encryption/AccessPermission.java,,,,,,,,,,,,,,,,,,,,,,,,,10,4,0,4,1,1,0,1,1,1,2,1,1,1,1,1,1,,,,,,0,,0,00,1,1,1,1
Public Method,"org.apache.pdfbox.pdmodel.encryption.AccessPermission.isReadOnly()",pdfbox/src/main/java/org/apache/pdfbox/pdmodel/encryption/AccessPermission.java,,,,,,,,,,,,,,,,,,,,,,,,,2,9,0,4,1,1,5,1,1,1,2,1,1,1,1,1,1,,,,,,0,,1,25,1,1,1,1
Public Method,"org.apache.pdfbox.pdmodel.encryption.AccessPermission.setCanAssembleDocument(boolean)",pdfbox/src/main/java/org/apache/pdfbox/pdmodel/encryption/AccessPermission.java,,,,,,,,,,,,,,,,,,,,,,,,,8,14,0,7,1,2,7,1,2,1,3,1,2,2,2,2,1,,,,,,1,,1,00,2,2,2,1
Public Method,"org.apache.pdfbox.pdmodel.encryption.AccessPermission.setCanExtractContent(boolean)",pdfbox/src/main/java/org/apache/pdfbox/pdmodel/encryption/AccessPermission.java,,,,,,,,,,,,,,,,,,,,,,,,,8,15,0,7,1,2,8,1,2,1,3,1,2,2,2,2,1,,,,,,1,,1,14,2,2,2,1
Public Method,"org.apache.pdfbox.pdmodel.encryption.AccessPermission.setCanExtractForAccessibility(boolean)",pdfbox/src/main/java/org/apache/pdfbox/pdmodel/encryption/AccessPermission.java,,,,,,,,,,,,,,,,,,,,,,,,,8,15,0,7,1,2,8,1,2,1,3,1,2,2,2,2,1,,,,,,1,,1,14,2,2,2,1
Public Method,"org.apache.pdfbox.pdmodel.encryption.AccessPermission.setCanFillInForm(boolean)",pdfbox/src/main/java/org/apache/pdfbox/pdmodel/encryption/AccessPermission.java,,,,,,,,,,,,,,,,,,,,,,,,,7,17,0,7,1,2,10,1,2,1,3,1,2,2,2,2,1,,,,,,1,,1,43,2,2,2,1
Public Method,"org.apache.pdfbox.pdmodel.encryption.AccessPermission.setCanModify(boolean)",pdfbox/src/main/java/org/apache/pdfbox/pdmodel/encryption/AccessPermission.java,,,,,,,,,,,,,,,,,,,,,,,,,8,14,0,7,1,2,7,1,2,1,3,1,2,2,2,2,1,,,,,,1,,1,00,2,2,2,1
Public Method,"org.apache.pdfbox.pdmodel.encryption.AccessPermission.setCanModifyAnnotations(boolean)",pdfbox/src/main/java/org/apache/pdfbox/pdmodel/encryption/AccessPermission.java,,,,,,,,,,,,,,,,,,,,,,,,,7,18,0,7,1,2,11,1,2,1,3,1,2,2,2,2,1,,,,,,1,,1,57,2,2,2,1
Public Method,"org.apache.pdfbox.pdmodel.encryption.AccessPermission.setCanPrint(boolean)",pdfbox/src/main/java/org/apache/pdfbox/pdmodel/encryption/AccessPermission.java,,,,,,,,,,,,,,,,,,,,,,,,,8,14,0,7,1,2,7,1,2,1,3,1,2,2,2,2,1,,,,,,1,,1,00,2,2,2,1
Public Method,"org.apache.pdfbox.pdmodel.encryption.AccessPermission.setCanPrintDegraded(boolean)",pdfbox/src/main/java/org/apache/pdfbox/pdmodel/encryption/AccessPermission.java,,,,,,,,,,,,,,,,,,,,,,,,,8,15,0,7,1,2,8,1,2,1,3,1,2,2,2,2,1,,,,,,1,,1,14,2,2,2,1
Private Method,"org.apache.pdfbox.pdmodel.encryption.AccessPermission.setPermissionBit(int,boolean)",pdfbox/src/main/java/org/apache/pdfbox/pdmodel/encryption/AccessPermission.java,,,,,,,,,,,,,,,,,,,,,,,,,12,15,1,14,2,7,0,2,2,5,7,2,5,2,2,2,1,,,,,,1,,0,00,2,2,2,1
Public Method,"org.apache.pdfbox.pdmodel.encryption.AccessPermission.setReadOnly()",pdfbox/src/main/java/org/apache/pdfbox/pdmodel/encryption/AccessPermission.java,,,,,,,,,,,,,,,,,,,,,,,,,3,10,0,4,1,1,6,1,1,1,2,1,1,1,1,1,1,,,,,,0,,1,50,1,1,1,1
Public Abstract Class,"org.apache.pdfbox.pdmodel.encryption.DecryptionMaterial",pdfbox/src/main/java/org/apache/pdfbox/pdmodel/encryption/DecryptionMaterial.java,0,0,0,0,0,0,0,0,1,0,2,,0,0,,,0,0,0,12,0,0,0,0,,10,0,3,1,0,7,,,0,1,1,0,,,,,0,0,0,0,1,0,0,2,33,0,0,0,0
Public Class,"org.apache.pdfbox.pdmodel.encryption.InvalidPasswordException",pdfbox/src/main/java/org/apache/pdfbox/pdmodel/encryption/InvalidPasswordException.java,1,1,1,1,8,0,4,4,1,1,0,,0,0,,,1,0,1,48,1,0,0,0,,15,0,7,2,1,8,,,1,3,2,1,,,,,1,1,1,1,1,0,0,1,14,1,1,1,1
Constructor,"org.apache.pdfbox.pdmodel.encryption.InvalidPasswordException.InvalidPasswordException(String)",pdfbox/src/main/java/org/apache/pdfbox/pdmodel/encryption/InvalidPasswordException.java,,,,,,,,,,,,,,,,,,,,,,,,,2,8,0,4,1,1,4,2,1,1,2,1,1,1,1,1,1,,,,,,0,,1,00,1,1,1,1
Final Class,"org.apache.pdfbox.pdmodel.encryption.MessageDigests",pdfbox/src/main/java/org/apache/pdfbox/pdmodel/encryption/MessageDigests.java,1,1,1,1,12,0,9,3,1,3,0,,3,0,,,1,0,4,16,3,1,0,0,,58,3,39,5,12,16,,,6,14,5,9,,,,,2,2,2,1,1,1,0,0,41,7,7,7,4
Private Constructor,"org.apache.pdfbox.pdmodel.encryption.MessageDigests.MessageDigests()",pdfbox/src/main/java/org/apache/pdfbox/pdmodel/encryption/MessageDigests.java,,,,,,,,,,,,,,,,,,,,,,,,,0,3,0,3,1,0,0,1,1,0,1,1,0,1,1,1,1,,,,,,0,,0,00,1,1,1,1
Static Method,"org.apache.pdfbox.pdmodel.encryption.MessageDigests.getMD5()",pdfbox/src/main/java/org/apache/pdfbox/pdmodel/encryption/MessageDigests.java,,,,,,,,,,,,,,,,,,,,,,,,,6,15,0,11,1,4,4,3,2,2,4,1,3,2,2,2,1,,,,,,1,,0,36,2,2,2,1
Static Method,"org.apache.pdfbox.pdmodel.encryption.MessageDigests.getSHA1()",pdfbox/src/main/java/org/apache/pdfbox/pdmodel/encryption/MessageDigests.java,,,,,,,,,,,,,,,,,,,,,,,,,3,15,0,11,1,4,4,3,2,2,4,1,3,2,2,2,1,,,,,,1,,0,36,2,2,2,1
Static Method,"org.apache.pdfbox.pdmodel.encryption.MessageDigests.getSHA256()",pdfbox/src/main/java/org/apache/pdfbox/pdmodel/encryption/MessageDigests.java,,,,,,,,,,,,,,,,,,,,,,,,,5,15,0,11,1,4,4,3,2,2,4,1,3,2,2,2,1,,,,,,1,,0,36,2,2,2,1
Public Class,"org.apache.pdfbox.pdmodel.encryption.PDCryptFilterDictionary",pdfbox/src/main/java/org/apache/pdfbox/pdmodel/encryption/PDCryptFilterDictionary.java,1,1,1,1,10,0,4,5,2,5,0,,0,0,,,9,1,9,21,0,0,0,9,,113,11,46,13,13,56,,,12,23,12,12,,,,,2,2,2,1,1,1,22,1,22,10,10,10,9
Public Constructor,"org.apache.pdfbox.pdmodel.encryption.PDCryptFilterDictionary.PDCryptFilterDictionary()",pdfbox/src/main/java/org/apache/pdfbox/pdmodel/encryption/PDCryptFilterDictionary.java,,,,,,,,,,,,,,,,,,,,,,,,,2,7,0,4,1,1,3,3,1,1,2,1,1,1,1,1,1,,,,,,0,,0,75,1,1,1,1
Public Constructor,"org.apache.pdfbox.pdmodel.encryption.PDCryptFilterDictionary.PDCryptFilterDictionary(COSDictionary)",pdfbox/src/main/java/org/apache/pdfbox/pdmodel/encryption/PDCryptFilterDictionary.java,,,,,,,,,,,,,,,,,,,,,,,,,2,8,0,4,1,1,4,2,1,1,2,1,1,1,1,1,1,,,,,,0,,1,00,1,1,1,1
Public Method,"org.apache.pdfbox.pdmodel.encryption.PDCryptFilterDictionary.getCOSObject()",pdfbox/src/main/java/org/apache/pdfbox/pdmodel/encryption/PDCryptFilterDictionary.java,,,,,,,,,,,,,,,,,,,,,,,,,8,10,0,5,2,1,5,1,1,1,2,1,1,1,1,1,1,,,,,,0,,1,00,1,1,1,1
Public Method,"org.apache.pdfbox.pdmodel.encryption.PDCryptFilterDictionary.getCryptFilterMethod()",pdfbox/src/main/java/org/apache/pdfbox/pdmodel/encryption/PDCryptFilterDictionary.java,,,,,,,,,,,,,,,,,,,,,,,,,4,10,0,4,1,1,6,2,1,1,2,1,1,1,1,1,1,,,,,,0,,1,50,1,1,1,1
Public Method,"org.apache.pdfbox.pdmodel.encryption.PDCryptFilterDictionary.getLength()",pdfbox/src/main/java/org/apache/pdfbox/pdmodel/encryption/PDCryptFilterDictionary.java,,,,,,,,,,,,,,,,,,,,,,,,,3,10,0,4,1,1,6,2,1,1,2,1,1,1,1,1,1,,,,,,0,,1,50,1,1,1,1
Public Method,"org.apache.pdfbox.pdmodel.encryption.PDCryptFilterDictionary.isEncryptMetaData()",pdfbox/src/main/java/org/apache/pdfbox/pdmodel/encryption/PDCryptFilterDictionary.java,,,,,,,,,,,,,,,,,,,,,,,,,2,16,1,9,2,4,6,4,2,3,5,2,4,2,2,2,1,,,,,,1,,0,67,2,2,2,1
Public Method,"org.apache.pdfbox.pdmodel.encryption.PDCryptFilterDictionary.setCryptFilterMethod(COSName)",pdfbox/src/main/java/org/apache/pdfbox/pdmodel/encryption/PDCryptFilterDictionary.java,,,,,,,,,,,,,,,,,,,,,,,,,5,11,0,4,1,1,7,1,1,1,2,1,1,1,1,1,1,,,,,,0,,1,75,1,1,1,1
Public Method,"org.apache.pdfbox.pdmodel.encryption.PDCryptFilterDictionary.setEncryptMetaData(boolean)",pdfbox/src/main/java/org/apache/pdfbox/pdmodel/encryption/PDCryptFilterDictionary.java,,,,,,,,,,,,,,,,,,,,,,,,,2,9,0,4,1,1,5,2,1,1,2,1,1,1,1,1,1,,,,,,0,,1,25,1,1,1,1
Public Method,"org.apache.pdfbox.pdmodel.encryption.PDCryptFilterDictionary.setLength(int)",pdfbox/src/main/java/org/apache/pdfbox/pdmodel/encryption/PDCryptFilterDictionary.java,,,,,,,,,,,,,,,,,,,,,,,,,5,9,0,4,1,1,5,1,1,1,2,1,1,1,1,1,1,,,,,,0,,1,25,1,1,1,1
Public Class,"org.apache.pdfbox.pdmodel.encryption.PDEncryption",pdfbox/src/main/java/org/apache/pdfbox/pdmodel/encryption/PDEncryption.java,1,1,1,1,11,0,5,5,2,11,0,,0,8,,,43,2,43,55,0,0,0,43,,583,47,252,74,97,287,,,89,144,74,84,,,,,3,3,3,3,1,2,53,1,14,55,55,55,45
Public Constructor,"org.apache.pdfbox.pdmodel.encryption.PDEncryption.PDEncryption()",pdfbox/src/main/java/org/apache/pdfbox/pdmodel/encryption/PDEncryption.java,,,,,,,,,,,,,,,,,,,,,,,,,3,7,0,4,1,1,3,3,1,1,2,1,1,1,1,1,1,,,,,,0,,0,75,1,1,1,1
Public Constructor,"org.apache.pdfbox.pdmodel.encryption.PDEncryption.PDEncryption(COSDictionary)",pdfbox/src/main/java/org/apache/pdfbox/pdmodel/encryption/PDEncryption.java,,,,,,,,,,,,,,,,,,,,,,,,,4,9,0,5,1,2,4,5,1,2,3,1,2,1,1,1,1,,,,,,0,,0,80,1,1,1,1
Public Method,"org.apache.pdfbox.pdmodel.encryption.PDEncryption.getCOSObject()",pdfbox/src/main/java/org/apache/pdfbox/pdmodel/encryption/PDEncryption.java,,,,,,,,,,,,,,,,,,,,,,,,,6,10,0,5,2,1,5,1,1,1,2,1,1,1,1,1,1,,,,,,0,,1,00,1,1,1,1
Public Method,"org.apache.pdfbox.pdmodel.encryption.PDEncryption.getCryptFilterDictionary(COSName)",pdfbox/src/main/java/org/apache/pdfbox/pdmodel/encryption/PDEncryption.java,,,,,,,,,,,,,,,,,,,,,,,,,5,21,0,13,3,6,8,3,3,4,7,3,6,3,3,3,3,,,,,,2,,0,62,3,3,3,3
Public Method,"org.apache.pdfbox.pdmodel.encryption.PDEncryption.getDefaultCryptFilterDictionary()",pdfbox/src/main/java/org/apache/pdfbox/pdmodel/encryption/PDEncryption.java,,,,,,,,,,,,,,,,,,,,,,,,,2,9,0,4,1,1,5,2,1,1,2,1,1,1,1,1,1,,,,,,0,,1,25,1,1,1,1
Public Final Method,"org.apache.pdfbox.pdmodel.encryption.PDEncryption.getFilter()",pdfbox/src/main/java/org/apache/pdfbox/pdmodel/encryption/PDEncryption.java,,,,,,,,,,,,,,,,,,,,,,,,,4,9,0,4,1,1,5,2,1,1,2,1,1,1,1,1,1,,,,,,0,,1,25,1,1,1,1
Public Method,"org.apache.pdfbox.pdmodel.encryption.PDEncryption.getLength()",pdfbox/src/main/java/org/apache/pdfbox/pdmodel/encryption/PDEncryption.java,,,,,,,,,,,,,,,,,,,,,,,,,5,10,0,4,1,1,6,2,1,1,2,1,1,1,1,1,1,,,,,,0,,1,50,1,1,1,1
Public Method,"org.apache.pdfbox.pdmodel.encryption.PDEncryption.getOwnerEncryptionKey()",pdfbox/src/main/java/org/apache/pdfbox/pdmodel/encryption/PDEncryption.java,,,,,,,,,,,,,,,,,,,,,,,,,3,17,0,10,3,5,7,3,2,4,6,3,4,2,2,2,1,,,,,,1,,0,70,2,2,2,1
Public Method,"org.apache.pdfbox.pdmodel.encryption.PDEncryption.getOwnerKey()",pdfbox/src/main/java/org/apache/pdfbox/pdmodel/encryption/PDEncryption.java,,,,,,,,,,,,,,,,,,,,,,,,,4,17,0,10,3,5,7,3,2,4,6,3,4,2,2,2,1,,,,,,1,,0,70,2,2,2,1
Public Method,"org.apache.pdfbox.pdmodel.encryption.PDEncryption.getPermissions()",pdfbox/src/main/java/org/apache/pdfbox/pdmodel/encryption/PDEncryption.java,,,,,,,,,,,,,,,,,,,,,,,,,3,9,0,4,1,1,5,2,1,1,2,1,1,1,1,1,1,,,,,,0,,1,25,1,1,1,1
Public Method,"org.apache.pdfbox.pdmodel.encryption.PDEncryption.getPerms()",pdfbox/src/main/java/org/apache/pdfbox/pdmodel/encryption/PDEncryption.java,,,,,,,,,,,,,,,,,,,,,,,,,3,17,0,10,3,5,7,3,2,4,6,3,4,2,2,2,1,,,,,,1,,0,70,2,2,2,1
Public Method,"org.apache.pdfbox.pdmodel.encryption.PDEncryption.getRecipientStringAt(int)",pdfbox/src/main/java/org/apache/pdfbox/pdmodel/encryption/PDEncryption.java,,,,,,,,,,,,,,,,,,,,,,,,,3,12,0,5,2,2,7,3,1,2,3,2,2,1,1,1,1,,,,,,0,,1,40,1,1,1,1
Public Method,"org.apache.pdfbox.pdmodel.encryption.PDEncryption.getRecipientsLength()",pdfbox/src/main/java/org/apache/pdfbox/pdmodel/encryption/PDEncryption.java,,,,,,,,,,,,,,,,,,,,,,,,,2,10,0,5,2,2,5,3,1,2,3,2,2,1,1,1,1,,,,,,0,,1,00,1,1,1,1
Public Method,"org.apache.pdfbox.pdmodel.encryption.PDEncryption.getRevision()",pdfbox/src/main/java/org/apache/pdfbox/pdmodel/encryption/PDEncryption.java,,,,,,,,,,,,,,,,,,,,,,,,,5,10,0,4,1,1,6,2,1,1,2,1,1,1,1,1,1,,,,,,0,,1,50,1,1,1,1
Public Method,"org.apache.pdfbox.pdmodel.encryption.PDEncryption.getSecurityHandler()",pdfbox/src/main/java/org/apache/pdfbox/pdmodel/encryption/PDEncryption.java,,,,,,,,,,,,,,,,,,,,,,,,,10,13,0,8,1,3,5,3,2,2,4,1,3,2,2,2,1,,,,,,1,,0,62,2,2,2,1
Public Method,"org.apache.pdfbox.pdmodel.encryption.PDEncryption.getStdCryptFilterDictionary()",pdfbox/src/main/java/org/apache/pdfbox/pdmodel/encryption/PDEncryption.java,,,,,,,,,,,,,,,,,,,,,,,,,2,9,0,4,1,1,5,2,1,1,2,1,1,1,1,1,1,,,,,,0,,1,25,1,1,1,1
Public Method,"org.apache.pdfbox.pdmodel.encryption.PDEncryption.getStreamFilterName()",pdfbox/src/main/java/org/apache/pdfbox/pdmodel/encryption/PDEncryption.java,,,,,,,,,,,,,,,,,,,,,,,,,4,11,0,5,2,2,6,2,1,2,3,2,2,2,2,2,1,,,,,,0,,1,20,2,2,2,1
Public Method,"org.apache.pdfbox.pdmodel.encryption.PDEncryption.getStringFilterName()",pdfbox/src/main/java/org/apache/pdfbox/pdmodel/encryption/PDEncryption.java,,,,,,,,,,,,,,,,,,,,,,,,,4,11,0,5,2,2,6,2,1,2,3,2,2,2,2,2,1,,,,,,0,,1,20,2,2,2,1
Public Method,"org.apache.pdfbox.pdmodel.encryption.PDEncryption.getSubFilter()",pdfbox/src/main/java/org/apache/pdfbox/pdmodel/encryption/PDEncryption.java,,,,,,,,,,,,,,,,,,,,,,,,,2,9,0,4,1,1,5,2,1,1,2,1,1,1,1,1,1,,,,,,0,,1,25,1,1,1,1
Public Method,"org.apache.pdfbox.pdmodel.encryption.PDEncryption.getUserEncryptionKey()",pdfbox/src/main/java/org/apache/pdfbox/pdmodel/encryption/PDEncryption.java,,,,,,,,,,,,,,,,,,,,,,,,,3,17,0,10,3,5,7,3,2,4,6,3,4,2,2,2,1,,,,,,1,,0,70,2,2,2,1
Public Method,"org.apache.pdfbox.pdmodel.encryption.PDEncryption.getUserKey()",pdfbox/src/main/java/org/apache/pdfbox/pdmodel/encryption/PDEncryption.java,,,,,,,,,,,,,,,,,,,,,,,,,3,17,0,10,3,5,7,3,2,4,6,3,4,2,2,2,1,,,,,,1,,0,70,2,2,2,1
Public Method,"org.apache.pdfbox.pdmodel.encryption.PDEncryption.getVersion()",pdfbox/src/main/java/org/apache/pdfbox/pdmodel/encryption/PDEncryption.java,,,,,,,,,,,,,,,,,,,,,,,,,5,10,0,4,1,1,6,2,1,1,2,1,1,1,1,1,1,,,,,,0,,1,50,1,1,1,1
Public Method,"org.apache.pdfbox.pdmodel.encryption.PDEncryption.hasSecurityHandler()",pdfbox/src/main/java/org/apache/pdfbox/pdmodel/encryption/PDEncryption.java,,,,,,,,,,,,,,,,,,,,,,,,,1,8,0,4,1,1,4,1,1,1,2,1,1,1,1,1,1,,,,,,0,,1,00,1,1,1,1
Public Method,"org.apache.pdfbox.pdmodel.encryption.PDEncryption.isEncryptMetaData()",pdfbox/src/main/java/org/apache/pdfbox/pdmodel/encryption/PDEncryption.java,,,,,,,,,,,,,,,,,,,,,,,,,4,10,0,4,1,1,6,2,1,1,2,1,1,1,1,1,1,,,,,,0,,1,50,1,1,1,1
Public Method,"org.apache.pdfbox.pdmodel.encryption.PDEncryption.removeV45filters()",pdfbox/src/main/java/org/apache/pdfbox/pdmodel/encryption/PDEncryption.java,,,,,,,,,,,,,,,,,,,,,,,,,6,9,0,6,1,3,3,1,1,3,4,1,3,1,1,1,1,,,,,,0,,0,50,1,1,1,1
Public Method,"org.apache.pdfbox.pdmodel.encryption.PDEncryption.setCryptFilterDictionary(COSName,PDCryptFilterDictionary)",pdfbox/src/main/java/org/apache/pdfbox/pdmodel/encryption/PDEncryption.java,,,,,,,,,,,,,,,,,,,,,,,,,6,17,0,11,2,6,7,5,2,5,7,2,6,2,2,2,1,,,,,,1,,0,64,2,2,2,1
Public Method,"org.apache.pdfbox.pdmodel.encryption.PDEncryption.setDefaultCryptFilterDictionary(PDCryptFilterDictionary)",pdfbox/src/main/java/org/apache/pdfbox/pdmodel/encryption/PDEncryption.java,,,,,,,,,,,,,,,,,,,,,,,,,3,10,0,5,1,2,6,3,1,2,3,1,2,1,1,1,1,,,,,,0,,1,20,1,1,1,1
Public Method,"org.apache.pdfbox.pdmodel.encryption.PDEncryption.setFilter(String)",pdfbox/src/main/java/org/apache/pdfbox/pdmodel/encryption/PDEncryption.java,,,,,,,,,,,,,,,,,,,,,,,,,5,9,0,4,1,1,5,2,1,1,2,1,1,1,1,1,1,,,,,,0,,1,25,1,1,1,1
Public Method,"org.apache.pdfbox.pdmodel.encryption.PDEncryption.setLength(int)",pdfbox/src/main/java/org/apache/pdfbox/pdmodel/encryption/PDEncryption.java,,,,,,,,,,,,,,,,,,,,,,,,,5,9,0,4,1,1,5,1,1,1,2,1,1,1,1,1,1,,,,,,0,,1,25,1,1,1,1
Public Method,"org.apache.pdfbox.pdmodel.encryption.PDEncryption.setOwnerEncryptionKey(byte[])",pdfbox/src/main/java/org/apache/pdfbox/pdmodel/encryption/PDEncryption.java,,,,,,,,,,,,,,,,,,,,,,,,,4,11,0,4,1,1,7,2,1,1,2,1,1,1,1,1,1,,,,,,0,,1,75,1,1,1,1
Public Method,"org.apache.pdfbox.pdmodel.encryption.PDEncryption.setOwnerKey(byte[])",pdfbox/src/main/java/org/apache/pdfbox/pdmodel/encryption/PDEncryption.java,,,,,,,,,,,,,,,,,,,,,,,,,5,11,0,4,1,1,7,2,1,1,2,1,1,1,1,1,1,,,,,,0,,1,75,1,1,1,1
Public Method,"org.apache.pdfbox.pdmodel.encryption.PDEncryption.setPermissions(int)",pdfbox/src/main/java/org/apache/pdfbox/pdmodel/encryption/PDEncryption.java,,,,,,,,,,,,,,,,,,,,,,,,,4,9,0,4,1,1,5,1,1,1,2,1,1,1,1,1,1,,,,,,0,,1,25,1,1,1,1
Public Method,"org.apache.pdfbox.pdmodel.encryption.PDEncryption.setPerms(byte[])",pdfbox/src/main/java/org/apache/pdfbox/pdmodel/encryption/PDEncryption.java,,,,,,,,,,,,,,,,,,,,,,,,,4,11,0,4,1,1,7,2,1,1,2,1,1,1,1,1,1,,,,,,0,,1,75,1,1,1,1
Public Method,"org.apache.pdfbox.pdmodel.encryption.PDEncryption.setRecipients(byte[][])",pdfbox/src/main/java/org/apache/pdfbox/pdmodel/encryption/PDEncryption.java,,,,,,,,,,,,,,,,,,,,,,,,,4,17,0,11,3,6,6,5,2,5,8,4,6,2,2,2,1,,,,,,1,,0,55,2,2,2,1
Public Method,"org.apache.pdfbox.pdmodel.encryption.PDEncryption.setRevision(int)",pdfbox/src/main/java/org/apache/pdfbox/pdmodel/encryption/PDEncryption.java,,,,,,,,,,,,,,,,,,,,,,,,,4,13,0,4,1,1,9,1,1,1,2,1,1,1,1,1,1,,,,,,0,,2,25,1,1,1,1
Public Method,"org.apache.pdfbox.pdmodel.encryption.PDEncryption.setSecurityHandler(SecurityHandler<ProtectionPolicy>)",pdfbox/src/main/java/org/apache/pdfbox/pdmodel/encryption/PDEncryption.java,,,,,,,,,,,,,,,,,,,,,,,,,2,9,0,4,1,1,5,1,1,1,2,1,1,1,1,1,1,,,,,,0,,1,25,1,1,1,1
Public Method,"org.apache.pdfbox.pdmodel.encryption.PDEncryption.setStdCryptFilterDictionary(PDCryptFilterDictionary)",pdfbox/src/main/java/org/apache/pdfbox/pdmodel/encryption/PDEncryption.java,,,,,,,,,,,,,,,,,,,,,,,,,3,10,0,5,1,2,6,3,1,2,3,1,2,1,1,1,1,,,,,,0,,1,20,1,1,1,1
Public Method,"org.apache.pdfbox.pdmodel.encryption.PDEncryption.setStreamFilterName(COSName)",pdfbox/src/main/java/org/apache/pdfbox/pdmodel/encryption/PDEncryption.java,,,,,,,,,,,,,,,,,,,,,,,,,5,9,0,4,1,1,5,1,1,1,2,1,1,1,1,1,1,,,,,,0,,1,25,1,1,1,1
Public Method,"org.apache.pdfbox.pdmodel.encryption.PDEncryption.setStringFilterName(COSName)",pdfbox/src/main/java/org/apache/pdfbox/pdmodel/encryption/PDEncryption.java,,,,,,,,,,,,,,,,,,,,,,,,,5,9,0,4,1,1,5,1,1,1,2,1,1,1,1,1,1,,,,,,0,,1,25,1,1,1,1
Public Method,"org.apache.pdfbox.pdmodel.encryption.PDEncryption.setSubFilter(String)",pdfbox/src/main/java/org/apache/pdfbox/pdmodel/encryption/PDEncryption.java,,,,,,,,,,,,,,,,,,,,,,,,,4,9,0,4,1,1,5,1,1,1,2,1,1,1,1,1,1,,,,,,0,,1,25,1,1,1,1
Public Method,"org.apache.pdfbox.pdmodel.encryption.PDEncryption.setUserEncryptionKey(byte[])",pdfbox/src/main/java/org/apache/pdfbox/pdmodel/encryption/PDEncryption.java,,,,,,,,,,,,,,,,,,,,,,,,,4,11,0,4,1,1,7,2,1,1,2,1,1,1,1,1,1,,,,,,0,,1,75,1,1,1,1
Public Method,"org.apache.pdfbox.pdmodel.encryption.PDEncryption.setUserKey(byte[])",pdfbox/src/main/java/org/apache/pdfbox/pdmodel/encryption/PDEncryption.java,,,,,,,,,,,,,,,,,,,,,,,,,5,11,0,4,1,1,7,2,1,1,2,1,1,1,1,1,1,,,,,,0,,1,75,1,1,1,1
Public Method,"org.apache.pdfbox.pdmodel.encryption.PDEncryption.setVersion(int)",pdfbox/src/main/java/org/apache/pdfbox/pdmodel/encryption/PDEncryption.java,,,,,,,,,,,,,,,,,,,,,,,,,5,12,0,4,1,1,8,1,1,1,2,1,1,1,1,1,1,,,,,,0,,2,00,1,1,1,1
Public Abstract Class,"org.apache.pdfbox.pdmodel.encryption.ProtectionPolicy",pdfbox/src/main/java/org/apache/pdfbox/pdmodel/encryption/ProtectionPolicy.java,1,1,1,1,12,0,5,7,1,1,2,,0,1,,,4,2,4,16,0,0,0,4,,70,6,26,8,9,38,,,8,14,8,6,,,,,2,2,4,1,1,1,50,1,46,5,5,7,4
Public Method,"org.apache.pdfbox.pdmodel.encryption.ProtectionPolicy.getEncryptionKeyLength()",pdfbox/src/main/java/org/apache/pdfbox/pdmodel/encryption/ProtectionPolicy.java,,,,,,,,,,,,,,,,,,,,,,,,,2,10,0,4,1,1,6,1,1,1,2,1,1,1,1,1,1,,,,,,0,,1,50,1,1,1,1
Public Method,"org.apache.pdfbox.pdmodel.encryption.ProtectionPolicy.isPreferAES()",pdfbox/src/main/java/org/apache/pdfbox/pdmodel/encryption/ProtectionPolicy.java,,,,,,,,,,,,,,,,,,,,,,,,,2,11,0,4,1,1,7,1,1,1,2,1,1,1,1,1,1,,,,,,0,,1,75,1,1,1,1
Public Method,"org.apache.pdfbox.pdmodel.encryption.ProtectionPolicy.setEncryptionKeyLength(int)",pdfbox/src/main/java/org/apache/pdfbox/pdmodel/encryption/ProtectionPolicy.java,,,,,,,,,,,,,,,,,,,,,,,,,7,16,0,8,1,3,8,2,2,2,4,1,3,2,2,4,1,,,,,,1,,1,00,2,2,4,1
Public Method,"org.apache.pdfbox.pdmodel.encryption.ProtectionPolicy.setPreferAES(boolean)",pdfbox/src/main/java/org/apache/pdfbox/pdmodel/encryption/ProtectionPolicy.java,,,,,,,,,,,,,,,,,,,,,,,,,3,11,0,4,1,1,7,1,1,1,2,1,1,1,1,1,1,,,,,,0,,1,75,1,1,1,1
Public Class,"org.apache.pdfbox.pdmodel.encryption.PublicKeyDecryptionMaterial",pdfbox/src/main/java/org/apache/pdfbox/pdmodel/encryption/PublicKeyDecryptionMaterial.java,2,2,2,2,20,0,13,6,1,8,0,,0,0,,,4,3,4,16,0,0,0,4,,108,7,61,12,25,40,,,19,29,12,21,,,,,5,5,5,5,2,3,25,0,66,10,10,10,10
Public Constructor,"org.apache.pdfbox.pdmodel.encryption.PublicKeyDecryptionMaterial.PublicKeyDecryptionMaterial(KeyStore,String,String)",pdfbox/src/main/java/org/apache/pdfbox/pdmodel/encryption/PublicKeyDecryptionMaterial.java,,,,,,,,,,,,,,,,,,,,,,,,,4,14,0,6,1,3,8,4,1,3,4,1,3,1,1,1,1,,,,,,0,,1,33,1,1,1,1
Public Method,"org.apache.pdfbox.pdmodel.encryption.PublicKeyDecryptionMaterial.getCertificate()",pdfbox/src/main/java/org/apache/pdfbox/pdmodel/encryption/PublicKeyDecryptionMaterial.java,,,,,,,,,,,,,,,,,,,,,,,,,3,24,0,17,3,8,7,7,3,5,8,3,7,3,3,3,3,,,,,,2,,0,41,3,3,3,3
Public Method,"org.apache.pdfbox.pdmodel.encryption.PublicKeyDecryptionMaterial.getPassword()",pdfbox/src/main/java/org/apache/pdfbox/pdmodel/encryption/PublicKeyDecryptionMaterial.java,,,,,,,,,,,,,,,,,,,,,,,,,1,10,0,4,1,1,6,1,1,1,2,1,1,1,1,1,1,,,,,,0,,1,50,1,1,1,1
Public Method,"org.apache.pdfbox.pdmodel.encryption.PublicKeyDecryptionMaterial.getPrivateKey()",pdfbox/src/main/java/org/apache/pdfbox/pdmodel/encryption/PublicKeyDecryptionMaterial.java,,,,,,,,,,,,,,,,,,,,,,,,,6,33,0,28,3,13,5,9,5,7,11,3,10,5,5,5,5,,,,,,3,,0,18,5,5,5,5
Public Final Class,"org.apache.pdfbox.pdmodel.encryption.PublicKeyProtectionPolicy",pdfbox/src/main/java/org/apache/pdfbox/pdmodel/encryption/PublicKeyProtectionPolicy.java,1,1,1,1,8,0,3,4,1,5,0,,0,0,,,7,2,7,23,0,0,0,7,,103,7,32,10,7,64,,,8,16,10,7,,,,,1,1,1,1,2,0,57,2,00,7,7,7,7
Public Constructor,"org.apache.pdfbox.pdmodel.encryption.PublicKeyProtectionPolicy.PublicKeyProtectionPolicy()",pdfbox/src/main/java/org/apache/pdfbox/pdmodel/encryption/PublicKeyProtectionPolicy.java,,,,,,,,,,,,,,,,,,,,,,,,,4,6,0,3,1,0,3,1,1,0,1,1,0,1,1,1,1,,,,,,0,,1,00,1,1,1,1
Public Method,"org.apache.pdfbox.pdmodel.encryption.PublicKeyProtectionPolicy.addRecipient(PublicKeyRecipient)",pdfbox/src/main/java/org/apache/pdfbox/pdmodel/encryption/PublicKeyProtectionPolicy.java,,,,,,,,,,,,,,,,,,,,,,,,,6,8,0,4,1,1,4,1,1,1,2,1,1,1,1,1,1,,,,,,0,,1,00,1,1,1,1
Public Method,"org.apache.pdfbox.pdmodel.encryption.PublicKeyProtectionPolicy.getDecryptionCertificate()",pdfbox/src/main/java/org/apache/pdfbox/pdmodel/encryption/PublicKeyProtectionPolicy.java,,,,,,,,,,,,,,,,,,,,,,,,,1,8,0,4,1,1,4,1,1,1,2,1,1,1,1,1,1,,,,,,0,,1,00,1,1,1,1
Public Method,"org.apache.pdfbox.pdmodel.encryption.PublicKeyProtectionPolicy.getNumberOfRecipients()",pdfbox/src/main/java/org/apache/pdfbox/pdmodel/encryption/PublicKeyProtectionPolicy.java,,,,,,,,,,,,,,,,,,,,,,,,,2,8,0,4,1,1,4,2,1,1,2,1,1,1,1,1,1,,,,,,0,,1,00,1,1,1,1
Public Method,"org.apache.pdfbox.pdmodel.encryption.PublicKeyProtectionPolicy.getRecipientsIterator()",pdfbox/src/main/java/org/apache/pdfbox/pdmodel/encryption/PublicKeyProtectionPolicy.java,,,,,,,,,,,,,,,,,,,,,,,,,2,9,0,4,1,1,5,2,1,1,2,1,1,1,1,1,1,,,,,,0,,1,25,1,1,1,1
Public Method,"org.apache.pdfbox.pdmodel.encryption.PublicKeyProtectionPolicy.removeRecipient(PublicKeyRecipient)",pdfbox/src/main/java/org/apache/pdfbox/pdmodel/encryption/PublicKeyProtectionPolicy.java,,,,,,,,,,,,,,,,,,,,,,,,,2,9,0,4,1,1,5,2,1,1,2,1,1,1,1,1,1,,,,,,0,,1,25,1,1,1,1
Public Method,"org.apache.pdfbox.pdmodel.encryption.PublicKeyProtectionPolicy.setDecryptionCertificate(X509Certificate)",pdfbox/src/main/java/org/apache/pdfbox/pdmodel/encryption/PublicKeyProtectionPolicy.java,,,,,,,,,,,,,,,,,,,,,,,,,1,8,0,4,1,1,4,1,1,1,2,1,1,1,1,1,1,,,,,,0,,1,00,1,1,1,1
Public Class,"org.apache.pdfbox.pdmodel.encryption.PublicKeyRecipient",pdfbox/src/main/java/org/apache/pdfbox/pdmodel/encryption/PublicKeyRecipient.java,1,1,1,1,9,0,4,5,1,2,0,,0,0,,,4,2,4,16,0,0,0,4,,54,5,21,7,4,28,,,6,11,7,4,,,,,1,1,1,1,1,0,50,1,33,4,4,4,4
Public Method,"org.apache.pdfbox.pdmodel.encryption.PublicKeyRecipient.getPermission()",pdfbox/src/main/java/org/apache/pdfbox/pdmodel/encryption/PublicKeyRecipient.java,,,,,,,,,,,,,,,,,,,,,,,,,2,9,0,4,1,1,5,1,1,1,2,1,1,1,1,1,1,,,,,,0,,1,25,1,1,1,1
Public Method,"org.apache.pdfbox.pdmodel.encryption.PublicKeyRecipient.getX509()",pdfbox/src/main/java/org/apache/pdfbox/pdmodel/encryption/PublicKeyRecipient.java,,,,,,,,,,,,,,,,,,,,,,,,,2,9,0,4,1,1,5,1,1,1,2,1,1,1,1,1,1,,,,,,0,,1,25,1,1,1,1
Public Method,"org.apache.pdfbox.pdmodel.encryption.PublicKeyRecipient.setPermission(AccessPermission)",pdfbox/src/main/java/org/apache/pdfbox/pdmodel/encryption/PublicKeyRecipient.java,,,,,,,,,,,,,,,,,,,,,,,,,3,9,0,4,1,1,5,1,1,1,2,1,1,1,1,1,1,,,,,,0,,1,25,1,1,1,1
Public Method,"org.apache.pdfbox.pdmodel.encryption.PublicKeyRecipient.setX509(X509Certificate)",pdfbox/src/main/java/org/apache/pdfbox/pdmodel/encryption/PublicKeyRecipient.java,,,,,,,,,,,,,,,,,,,,,,,,,3,9,0,4,1,1,5,1,1,1,2,1,1,1,1,1,1,,,,,,0,,1,25,1,1,1,1
Public Final Class,"org.apache.pdfbox.pdmodel.encryption.PublicKeySecurityHandler",pdfbox/src/main/java/org/apache/pdfbox/pdmodel/encryption/PublicKeySecurityHandler.java,4,4,5,1,51,5,39,6,1,70,0,,0,3,,,9,0,9,58,0,5,0,4,,484,60,360,97,230,64,,,187,235,92,187,,,,,20,20,26,5,2,5,0,0,18,43,42,49,13
Public Constructor,"org.apache.pdfbox.pdmodel.encryption.PublicKeySecurityHandler.PublicKeySecurityHandler()",pdfbox/src/main/java/org/apache/pdfbox/pdmodel/encryption/PublicKeySecurityHandler.java,,,,,,,,,,,,,,,,,,,,,,,,,0,6,0,3,1,0,3,1,1,0,1,1,0,1,1,1,1,,,,,,0,,1,00,1,1,1,1
Public Constructor,"org.apache.pdfbox.pdmodel.encryption.PublicKeySecurityHandler.PublicKeySecurityHandler(PublicKeyProtectionPolicy)",pdfbox/src/main/java/org/apache/pdfbox/pdmodel/encryption/PublicKeySecurityHandler.java,,,,,,,,,,,,,,,,,,,,,,,,,1,9,0,4,1,1,5,2,1,1,2,1,1,1,1,1,1,,,,,,0,,1,25,1,1,1,1
Private Method,"org.apache.pdfbox.pdmodel.encryption.PublicKeySecurityHandler.appendCertInfo(StringBuilder,KeyTransRecipientId,X509Certificate,X509CertificateHolder)",pdfbox/src/main/java/org/apache/pdfbox/pdmodel/encryption/PublicKeySecurityHandler.java,,,,,,,,,,,,,,,,,,,,,,,,,5,23,0,23,5,15,0,6,3,13,16,4,14,4,4,4,1,,,,,,2,,0,00,4,4,4,1
Private Method,"org.apache.pdfbox.pdmodel.encryption.PublicKeySecurityHandler.computeRecipientInfo(X509Certificate,byte[])",pdfbox/src/main/java/org/apache/pdfbox/pdmodel/encryption/PublicKeySecurityHandler.java,,,,,,,,,,,,,,,,,,,,,,,,,4,34,5,28,10,15,1,15,2,11,14,7,11,2,2,2,1,,,,,,1,,0,04,2,2,2,1
Private Method,"org.apache.pdfbox.pdmodel.encryption.PublicKeySecurityHandler.computeRecipientsField(byte[])",pdfbox/src/main/java/org/apache/pdfbox/pdmodel/encryption/PublicKeySecurityHandler.java,,,,,,,,,,,,,,,,,,,,,,,,,3,37,7,29,15,24,1,14,2,23,25,15,18,2,2,2,1,,,,,,1,,0,03,2,2,2,1
Private Method,"org.apache.pdfbox.pdmodel.encryption.PublicKeySecurityHandler.createDERForRecipient(byte[],X509Certificate)",pdfbox/src/main/java/org/apache/pdfbox/pdmodel/encryption/PublicKeySecurityHandler.java,,,,,,,,,,,,,,,,,,,,,,,,,8,51,7,42,18,25,2,18,3,24,27,16,22,3,3,3,1,,,,,,1,,0,05,3,3,3,1
Public Method,"org.apache.pdfbox.pdmodel.encryption.PublicKeySecurityHandler.prepareDocumentForEncryption(PDDocument)",pdfbox/src/main/java/org/apache/pdfbox/pdmodel/encryption/PublicKeySecurityHandler.java,,,,,,,,,,,,,,,,,,,,,,,,,9,98,16,71,12,49,11,29,49,40,49,13,40,8,7,8,1,,,,,,2,,0,15,8,7,8,1
Private Method,"org.apache.pdfbox.pdmodel.encryption.PublicKeySecurityHandler.prepareEncryptionDictAES(PDEncryption,COSName,byte[][])",pdfbox/src/main/java/org/apache/pdfbox/pdmodel/encryption/PublicKeySecurityHandler.java,,,,,,,,,,,,,,,,,,,,,,,,,6,18,0,18,3,13,0,14,2,12,15,4,13,2,2,2,1,,,,,,1,,0,00,2,2,2,1
Public Method,"org.apache.pdfbox.pdmodel.encryption.PublicKeySecurityHandler.prepareForDecryption(PDEncryption,COSArray,DecryptionMaterial)",pdfbox/src/main/java/org/apache/pdfbox/pdmodel/encryption/PublicKeySecurityHandler.java,,,,,,,,,,,,,,,,,,,,,,,,,7,185,15,136,28,85,34,44,27654,60,82,27,68,20,20,26,5,,,,,,5,,0,25,20,20,26,5
Class,"org.apache.pdfbox.pdmodel.encryption.RC4Cipher",pdfbox/src/main/java/org/apache/pdfbox/pdmodel/encryption/RC4Cipher.java,1,1,2,1,15,0,8,7,1,4,0,,2,0,,,6,3,8,20,1,2,0,5,,144,11,72,18,29,61,,,33,49,22,27,,,,,4,4,5,1,1,1,70,0,85,15,15,16,8
Constructor,"org.apache.pdfbox.pdmodel.encryption.RC4Cipher.RC4Cipher()",pdfbox/src/main/java/org/apache/pdfbox/pdmodel/encryption/RC4Cipher.java,,,,,,,,,,,,,,,,,,,,,,,,,0,7,0,4,1,1,3,2,1,1,2,1,1,1,1,1,1,,,,,,0,,0,75,1,1,1,1
Private Static Method,"org.apache.pdfbox.pdmodel.encryption.RC4Cipher.fixByte(byte)",pdfbox/src/main/java/org/apache/pdfbox/pdmodel/encryption/RC4Cipher.java,,,,,,,,,,,,,,,,,,,,,,,,,2,11,0,4,1,1,7,1,1,1,2,1,1,2,2,2,1,,,,,,0,,1,75,2,2,2,1
Public Method,"org.apache.pdfbox.pdmodel.encryption.RC4Cipher.setKey(byte[])",pdfbox/src/main/java/org/apache/pdfbox/pdmodel/encryption/RC4Cipher.java,,,,,,,,,,,,,,,,,,,,,,,,,5,29,3,21,3,12,5,6,8,13,17,5,12,4,4,5,1,,,,,,1,,0,24,4,4,5,1
Private Static Method,"org.apache.pdfbox.pdmodel.encryption.RC4Cipher.swap(int[],int,int)",pdfbox/src/main/java/org/apache/pdfbox/pdmodel/encryption/RC4Cipher.java,,,,,,,,,,,,,,,,,,,,,,,,,5,13,0,6,2,3,7,1,1,3,4,2,2,1,1,1,1,,,,,,0,,1,17,1,1,1,1
Public Method,"org.apache.pdfbox.pdmodel.encryption.RC4Cipher.write(InputStream,OutputStream)",pdfbox/src/main/java/org/apache/pdfbox/pdmodel/encryption/RC4Cipher.java,,,,,,,,,,,,,,,,,,,,,,,,,3,17,0,9,3,3,8,2,2,3,5,3,2,2,2,2,1,,,,,,1,,0,89,2,2,2,1
Public Method,"org.apache.pdfbox.pdmodel.encryption.RC4Cipher.write(byte,OutputStream)",pdfbox/src/main/java/org/apache/pdfbox/pdmodel/encryption/RC4Cipher.java,,,,,,,,,,,,,,,,,,,,,,,,,7,16,0,8,2,5,8,4,1,5,6,2,4,1,1,1,1,,,,,,0,,1,00,1,1,1,1
Public Method,"org.apache.pdfbox.pdmodel.encryption.RC4Cipher.write(byte[],OutputStream)",pdfbox/src/main/java/org/apache/pdfbox/pdmodel/encryption/RC4Cipher.java,,,,,,,,,,,,,,,,,,,,,,,,,3,15,0,7,1,2,8,1,2,1,4,2,2,2,2,2,1,,,,,,1,,1,14,2,2,2,1
Public Method,"org.apache.pdfbox.pdmodel.encryption.RC4Cipher.write(byte[],int,int,OutputStream)",pdfbox/src/main/java/org/apache/pdfbox/pdmodel/encryption/RC4Cipher.java,,,,,,,,,,,,,,,,,,,,,,,,,5,17,0,7,1,2,10,1,2,3,5,2,3,2,2,2,1,,,,,,1,,1,43,2,2,2,1
Class,"org.apache.pdfbox.pdmodel.encryption.SaslPrep",pdfbox/src/main/java/org/apache/pdfbox/pdmodel/encryption/SaslPrep.java,1,1,8,1,18,0,12,6,1,6,0,,15,0,,,1,0,16,28,3,13,0,0,,324,24,197,30,129,103,,,41,67,31,41,,,,,10,10,36,1,1,2,0,0,52,25,25,141,16
Private Constructor,"org.apache.pdfbox.pdmodel.encryption.SaslPrep.SaslPrep()",pdfbox/src/main/java/org/apache/pdfbox/pdmodel/encryption/SaslPrep.java,,,,,,,,,,,,,,,,,,,,,,,,,0,3,0,3,1,0,0,1,1,0,1,1,0,1,1,1,1,,,,,,0,,0,00,1,1,1,1
Private Static Method,"org.apache.pdfbox.pdmodel.encryption.SaslPrep.asciiControl(char)",pdfbox/src/main/java/org/apache/pdfbox/pdmodel/encryption/SaslPrep.java,,,,,,,,,,,,,,,,,,,,,,,,,2,9,0,4,1,1,5,1,1,1,2,1,1,1,1,3,1,,,,,,0,,1,25,1,1,3,1
Private Static Method,"org.apache.pdfbox.pdmodel.encryption.SaslPrep.changeDisplayProperties(int)",pdfbox/src/main/java/org/apache/pdfbox/pdmodel/encryption/SaslPrep.java,,,,,,,,,,,,,,,,,,,,,,,,,2,25,0,19,1,16,6,1,1,1,2,1,1,1,1,15,1,,,,,,0,,0,32,1,1,15,1
Private Static Method,"org.apache.pdfbox.pdmodel.encryption.SaslPrep.inappropriateForCanonical(int)",pdfbox/src/main/java/org/apache/pdfbox/pdmodel/encryption/SaslPrep.java,,,,,,,,,,,,,,,,,,,,,,,,,2,10,0,4,1,1,6,1,1,1,2,1,1,1,1,2,1,,,,,,0,,1,50,1,1,2,1
Private Static Method,"org.apache.pdfbox.pdmodel.encryption.SaslPrep.inappropriateForPlainText(int)",pdfbox/src/main/java/org/apache/pdfbox/pdmodel/encryption/SaslPrep.java,,,,,,,,,,,,,,,,,,,,,,,,,2,15,0,9,1,6,6,1,1,1,2,1,1,1,1,5,1,,,,,,0,,0,67,1,1,5,1
Private Static Method,"org.apache.pdfbox.pdmodel.encryption.SaslPrep.mappedToNothing(char)",pdfbox/src/main/java/org/apache/pdfbox/pdmodel/encryption/SaslPrep.java,,,,,,,,,,,,,,,,,,,,,,,,,2,20,0,15,1,12,5,1,1,1,2,1,1,1,1,13,1,,,,,,0,,0,33,1,1,13,1
Private Static Method,"org.apache.pdfbox.pdmodel.encryption.SaslPrep.nonAsciiControl(int)",pdfbox/src/main/java/org/apache/pdfbox/pdmodel/encryption/SaslPrep.java,,,,,,,,,,,,,,,,,,,,,,,,,2,24,0,19,1,16,5,1,1,1,2,1,1,1,1,20,1,,,,,,0,,0,26,1,1,20,1
Private Static Method,"org.apache.pdfbox.pdmodel.encryption.SaslPrep.nonAsciiSpace(char)",pdfbox/src/main/java/org/apache/pdfbox/pdmodel/encryption/SaslPrep.java,,,,,,,,,,,,,,,,,,,,,,,,,3,14,0,9,1,6,5,1,1,1,2,1,1,1,1,7,1,,,,,,0,,0,56,1,1,7,1
Private Static Method,"org.apache.pdfbox.pdmodel.encryption.SaslPrep.nonCharacterCodePoint(int)",pdfbox/src/main/java/org/apache/pdfbox/pdmodel/encryption/SaslPrep.java,,,,,,,,,,,,,,,,,,,,,,,,,2,28,0,22,1,19,6,1,1,1,2,1,1,1,1,36,1,,,,,,0,,0,27,1,1,36,1
Private Static Method,"org.apache.pdfbox.pdmodel.encryption.SaslPrep.privateUse(int)",pdfbox/src/main/java/org/apache/pdfbox/pdmodel/encryption/SaslPrep.java,,,,,,,,,,,,,,,,,,,,,,,,,2,11,0,6,1,3,5,1,1,1,2,1,1,1,1,6,1,,,,,,0,,0,83,1,1,6,1
Static Method,"org.apache.pdfbox.pdmodel.encryption.SaslPrep.prohibited(int)",pdfbox/src/main/java/org/apache/pdfbox/pdmodel/encryption/SaslPrep.java,,,,,,,,,,,,,,,,,,,,,,,,,2,19,0,13,1,10,6,11,1,1,2,1,1,1,1,10,1,,,,,,0,,0,46,1,1,10,1
Private Static Method,"org.apache.pdfbox.pdmodel.encryption.SaslPrep.saslPrep(String,boolean)",pdfbox/src/main/java/org/apache/pdfbox/pdmodel/encryption/SaslPrep.java,,,,,,,,,,,,,,,,,,,,,,,,,8,68,8,55,14,34,5,15,162,27,37,15,27,10,10,16,1,,,,,,2,,0,09,10,10,16,1
Static Method,"org.apache.pdfbox.pdmodel.encryption.SaslPrep.saslPrepQuery(String)",pdfbox/src/main/java/org/apache/pdfbox/pdmodel/encryption/SaslPrep.java,,,,,,,,,,,,,,,,,,,,,,,,,2,16,0,4,1,1,12,2,1,1,2,1,1,1,1,1,1,,,,,,0,,3,00,1,1,1,1
Static Method,"org.apache.pdfbox.pdmodel.encryption.SaslPrep.saslPrepStored(String)",pdfbox/src/main/java/org/apache/pdfbox/pdmodel/encryption/SaslPrep.java,,,,,,,,,,,,,,,,,,,,,,,,,2,17,0,4,1,1,13,2,1,1,2,1,1,1,1,1,1,,,,,,0,,3,25,1,1,1,1
Private Static Method,"org.apache.pdfbox.pdmodel.encryption.SaslPrep.surrogateCodePoint(int)",pdfbox/src/main/java/org/apache/pdfbox/pdmodel/encryption/SaslPrep.java,,,,,,,,,,,,,,,,,,,,,,,,,2,10,0,4,1,1,6,1,1,1,2,1,1,1,1,2,1,,,,,,0,,1,50,1,1,2,1
Private Static Method,"org.apache.pdfbox.pdmodel.encryption.SaslPrep.tagging(int)",pdfbox/src/main/java/org/apache/pdfbox/pdmodel/encryption/SaslPrep.java,,,,,,,,,,,,,,,,,,,,,,,,,2,11,0,5,1,2,6,1,1,1,2,1,1,1,1,3,1,,,,,,0,,1,20,1,1,3,1
Public Abstract Generic Class,"org.apache.pdfbox.pdmodel.encryption.SecurityHandler",pdfbox/src/main/java/org/apache/pdfbox/pdmodel/encryption/SecurityHandler.java,2,2,2,1,18,0,11,7,1,42,2,,0,3,,,37,11,37,49,0,10,10,17,,762,60,405,90,183,301,,,141,219,86,160,,,,,8,8,11,6,1,3,91,0,74,75,75,84,52
Protected Constructor,"org.apache.pdfbox.pdmodel.encryption.SecurityHandler.SecurityHandler()",pdfbox/src/main/java/org/apache/pdfbox/pdmodel/encryption/SecurityHandler.java,,,,,,,,,,,,,,,,,,,,,,,,,0,6,0,3,1,0,3,1,1,0,1,1,0,1,1,1,1,,,,,,0,,1,00,1,1,1,1
Protected Constructor,"org.apache.pdfbox.pdmodel.encryption.SecurityHandler.SecurityHandler(T_POLICY)",pdfbox/src/main/java/org/apache/pdfbox/pdmodel/encryption/SecurityHandler.java,,,,,,,,,,,,,,,,,,,,,,,,,3,10,0,5,1,2,5,4,1,2,3,1,2,1,1,1,1,,,,,,0,,1,00,1,1,1,1
TypeVariable,"org.apache.pdfbox.pdmodel.encryption.SecurityHandler.T_POLICY",pdfbox/src/main/java/org/apache/pdfbox/pdmodel/encryption/SecurityHandler.java,0,0,0,0,0,0,0,0,0,1,0,,0,0,,,0,0,0,0,0,0,0,0,,0,0,0,0,0,0,,,0,0,0,0,,,,,0,0,0,0,0,0,0,0,00,0,0,0,0
Private Method,"org.apache.pdfbox.pdmodel.encryption.SecurityHandler.calcFinalKey(long,long)",pdfbox/src/main/java/org/apache/pdfbox/pdmodel/encryption/SecurityHandler.java,,,,,,,,,,,,,,,,,,,,,,,,,7,34,0,21,6,16,13,6,2,15,17,6,14,2,2,2,1,,,,,,1,,0,62,2,2,2,1
Protected Method,"org.apache.pdfbox.pdmodel.encryption.SecurityHandler.computeVersionNumber()",pdfbox/src/main/java/org/apache/pdfbox/pdmodel/encryption/SecurityHandler.java,,,,,,,,,,,,,,,,,,,,,,,,,4,26,0,16,1,7,10,2,4,4,8,1,7,4,4,5,4,,,,,,1,,0,62,4,4,5,4
Private Method,"org.apache.pdfbox.pdmodel.encryption.SecurityHandler.createCipher(byte[],byte[],boolean)",pdfbox/src/main/java/org/apache/pdfbox/pdmodel/encryption/SecurityHandler.java,,,,,,,,,,,,,,,,,,,,,,,,,7,10,0,9,5,5,1,5,1,5,6,4,5,2,2,2,1,,,,,,0,,0,11,2,2,2,1
Public Method,"org.apache.pdfbox.pdmodel.encryption.SecurityHandler.decrypt(COSBase,long,long)",pdfbox/src/main/java/org/apache/pdfbox/pdmodel/encryption/SecurityHandler.java,,,,,,,,,,,,,,,,,,,,,,,,,8,39,0,29,1,14,10,6,7,8,15,1,14,7,7,7,5,,,,,,2,,0,34,7,7,7,5
Private Method,"org.apache.pdfbox.pdmodel.encryption.SecurityHandler.decryptArray(COSArray,long,long)",pdfbox/src/main/java/org/apache/pdfbox/pdmodel/encryption/SecurityHandler.java,,,,,,,,,,,,,,,,,,,,,,,,,4,16,0,7,1,2,9,3,2,3,5,2,3,2,2,2,1,,,,,,1,,1,29,2,2,2,1
Private Method,"org.apache.pdfbox.pdmodel.encryption.SecurityHandler.decryptDictionary(COSDictionary,long,long)",pdfbox/src/main/java/org/apache/pdfbox/pdmodel/encryption/SecurityHandler.java,,,,,,,,,,,,,,,,,,,,,,,,,11,37,0,23,5,12,14,8,6,6,12,5,10,5,5,11,4,,,,,,2,,0,61,5,5,11,4
Public Method,"org.apache.pdfbox.pdmodel.encryption.SecurityHandler.decryptStream(COSStream,long,long)",pdfbox/src/main/java/org/apache/pdfbox/pdmodel/encryption/SecurityHandler.java,,,,,,,,,,,,,,,,,,,,,,,,,17,62,2,48,6,26,13,17,11,17,26,6,24,8,8,9,6,,,,,,3,,0,27,8,8,9,6
Private Method,"org.apache.pdfbox.pdmodel.encryption.SecurityHandler.decryptString(COSString,long,long)",pdfbox/src/main/java/org/apache/pdfbox/pdmodel/encryption/SecurityHandler.java,,,,,,,,,,,,,,,,,,,,,,,,,9,30,1,19,3,10,11,9,3,6,9,3,8,3,3,3,1,,,,,,1,,0,58,3,3,3,1
Private Method,"org.apache.pdfbox.pdmodel.encryption.SecurityHandler.encryptData(long,long,InputStream,OutputStream,boolean)",pdfbox/src/main/java/org/apache/pdfbox/pdmodel/encryption/SecurityHandler.java,,,,,,,,,,,,,,,,,,,,,,,,,12,34,1,21,3,9,12,5,3,5,8,2,7,3,3,4,1,,,,,,2,,0,57,3,3,4,1
Private Method,"org.apache.pdfbox.pdmodel.encryption.SecurityHandler.encryptDataAES256(InputStream,OutputStream,boolean)",pdfbox/src/main/java/org/apache/pdfbox/pdmodel/encryption/SecurityHandler.java,,,,,,,,,,,,,,,,,,,,,,,,,8,43,3,29,3,13,11,7,7,8,13,3,10,5,5,5,1,,,,,,2,,0,38,5,5,5,1
Private Method,"org.apache.pdfbox.pdmodel.encryption.SecurityHandler.encryptDataAESother(byte[],InputStream,OutputStream,boolean)",pdfbox/src/main/java/org/apache/pdfbox/pdmodel/encryption/SecurityHandler.java,,,,,,,,,,,,,,,,,,,,,,,,,6,40,2,28,7,13,10,7,5,9,14,6,10,5,5,5,1,,,,,,3,,0,36,5,5,5,1
Protected Method,"org.apache.pdfbox.pdmodel.encryption.SecurityHandler.encryptDataRC4(byte[],InputStream,OutputStream)",pdfbox/src/main/java/org/apache/pdfbox/pdmodel/encryption/SecurityHandler.java,,,,,,,,,,,,,,,,,,,,,,,,,7,15,0,6,2,2,9,2,1,2,3,1,2,1,1,1,1,,,,,,0,,1,50,1,1,1,1
Protected Method,"org.apache.pdfbox.pdmodel.encryption.SecurityHandler.encryptDataRC4(byte[],byte[],OutputStream)",pdfbox/src/main/java/org/apache/pdfbox/pdmodel/encryption/SecurityHandler.java,,,,,,,,,,,,,,,,,,,,,,,,,6,14,0,5,1,2,9,2,1,2,3,1,2,1,1,1,1,,,,,,0,,1,80,1,1,1,1
Public Method,"org.apache.pdfbox.pdmodel.encryption.SecurityHandler.encryptStream(COSStream,long,int)",pdfbox/src/main/java/org/apache/pdfbox/pdmodel/encryption/SecurityHandler.java,,,,,,,,,,,,,,,,,,,,,,,,,4,25,0,13,3,6,13,6,2,4,7,3,6,2,2,2,1,,,,,,1,,1,00,2,2,2,1
Public Method,"org.apache.pdfbox.pdmodel.encryption.SecurityHandler.encryptString(COSString,long,int)",pdfbox/src/main/java/org/apache/pdfbox/pdmodel/encryption/SecurityHandler.java,,,,,,,,,,,,,,,,,,,,,,,,,4,16,0,7,3,4,10,6,1,4,5,3,4,1,1,1,1,,,,,,0,,1,43,1,1,1,1
Public Method,"org.apache.pdfbox.pdmodel.encryption.SecurityHandler.getCurrentAccessPermission()",pdfbox/src/main/java/org/apache/pdfbox/pdmodel/encryption/SecurityHandler.java,,,,,,,,,,,,,,,,,,,,,,,,,2,10,0,4,1,1,6,1,1,1,2,1,1,1,1,1,1,,,,,,0,,1,50,1,1,1,1
Public Method,"org.apache.pdfbox.pdmodel.encryption.SecurityHandler.getEncryptionKey()",pdfbox/src/main/java/org/apache/pdfbox/pdmodel/encryption/SecurityHandler.java,,,,,,,,,,,,,,,,,,,,,,,,,5,9,0,4,1,1,5,1,1,1,2,1,1,1,1,1,1,,,,,,0,,1,25,1,1,1,1
Public Method,"org.apache.pdfbox.pdmodel.encryption.SecurityHandler.getKeyLength()",pdfbox/src/main/java/org/apache/pdfbox/pdmodel/encryption/SecurityHandler.java,,,,,,,,,,,,,,,,,,,,,,,,,10,8,0,4,1,1,4,1,1,1,2,1,1,1,1,1,1,,,,,,0,,1,00,1,1,1,1
Protected Method,"org.apache.pdfbox.pdmodel.encryption.SecurityHandler.getProtectionPolicy()",pdfbox/src/main/java/org/apache/pdfbox/pdmodel/encryption/SecurityHandler.java,,,,,,,,,,,,,,,,,,,,,,,,,4,9,0,4,1,1,5,1,1,1,2,1,1,1,1,1,1,,,,,,0,,1,25,1,1,1,1
Private Method,"org.apache.pdfbox.pdmodel.encryption.SecurityHandler.getSecureRandom()",pdfbox/src/main/java/org/apache/pdfbox/pdmodel/encryption/SecurityHandler.java,,,,,,,,,,,,,,,,,,,,,,,,,2,13,0,8,1,3,5,2,2,2,4,1,3,2,2,2,1,,,,,,1,,0,62,2,2,2,1
Public Method,"org.apache.pdfbox.pdmodel.encryption.SecurityHandler.hasProtectionPolicy()",pdfbox/src/main/java/org/apache/pdfbox/pdmodel/encryption/SecurityHandler.java,,,,,,,,,,,,,,,,,,,,,,,,,2,9,0,4,1,1,5,1,1,1,2,1,1,1,1,1,1,,,,,,0,,1,25,1,1,1,1
Public Method,"org.apache.pdfbox.pdmodel.encryption.SecurityHandler.isAES()",pdfbox/src/main/java/org/apache/pdfbox/pdmodel/encryption/SecurityHandler.java,,,,,,,,,,,,,,,,,,,,,,,,,1,9,0,4,1,1,5,1,1,1,2,1,1,1,1,1,1,,,,,,0,,1,25,1,1,1,1
Public Method,"org.apache.pdfbox.pdmodel.encryption.SecurityHandler.isDecryptMetadata()",pdfbox/src/main/java/org/apache/pdfbox/pdmodel/encryption/SecurityHandler.java,,,,,,,,,,,,,,,,,,,,,,,,,2,9,0,4,1,1,5,1,1,1,2,1,1,1,1,1,1,,,,,,0,,1,25,1,1,1,1
Private Method,"org.apache.pdfbox.pdmodel.encryption.SecurityHandler.prepareAESInitializationVector(boolean,byte[],InputStream,OutputStream)",pdfbox/src/main/java/org/apache/pdfbox/pdmodel/encryption/SecurityHandler.java,,,,,,,,,,,,,,,,,,,,,,,,,7,26,0,24,3,13,2,6,4,7,11,3,10,4,4,4,3,,,,,,2,,0,08,4,4,4,3
Public Abstract Method,"org.apache.pdfbox.pdmodel.encryption.SecurityHandler.prepareDocumentForEncryption(PDDocument)",pdfbox/src/main/java/org/apache/pdfbox/pdmodel/encryption/SecurityHandler.java,,,,,,,,,,,,,,,,,,,,,,,,,1,8,0,1,1,0,7,0,0,1,1,1,0,0,0,0,0,,,,,,0,,7,00,0,0,0,0
Public Abstract Method,"org.apache.pdfbox.pdmodel.encryption.SecurityHandler.prepareForDecryption(PDEncryption,COSArray,DecryptionMaterial)",pdfbox/src/main/java/org/apache/pdfbox/pdmodel/encryption/SecurityHandler.java,,,,,,,,,,,,,,,,,,,,,,,,,1,12,0,2,2,0,10,0,0,1,1,1,0,0,0,0,0,,,,,,0,,5,00,0,0,0,0
Public Method,"org.apache.pdfbox.pdmodel.encryption.SecurityHandler.setAES(boolean)",pdfbox/src/main/java/org/apache/pdfbox/pdmodel/encryption/SecurityHandler.java,,,,,,,,,,,,,,,,,,,,,,,,,5,10,0,4,1,1,6,1,1,1,2,1,1,1,1,1,1,,,,,,0,,1,50,1,1,1,1
Public Method,"org.apache.pdfbox.pdmodel.encryption.SecurityHandler.setCurrentAccessPermission(AccessPermission)",pdfbox/src/main/java/org/apache/pdfbox/pdmodel/encryption/SecurityHandler.java,,,,,,,,,,,,,,,,,,,,,,,,,3,9,0,4,1,1,5,1,1,1,2,1,1,1,1,1,1,,,,,,0,,1,25,1,1,1,1
Public Method,"org.apache.pdfbox.pdmodel.encryption.SecurityHandler.setCustomSecureRandom(SecureRandom)",pdfbox/src/main/java/org/apache/pdfbox/pdmodel/encryption/SecurityHandler.java,,,,,,,,,,,,,,,,,,,,,,,,,2,9,0,4,1,1,5,1,1,1,2,1,1,1,1,1,1,,,,,,0,,1,25,1,1,1,1
Protected Method,"org.apache.pdfbox.pdmodel.encryption.SecurityHandler.setDecryptMetadata(boolean)",pdfbox/src/main/java/org/apache/pdfbox/pdmodel/encryption/SecurityHandler.java,,,,,,,,,,,,,,,,,,,,,,,,,3,9,0,4,1,1,5,1,1,1,2,1,1,1,1,1,1,,,,,,0,,1,25,1,1,1,1
Public Method,"org.apache.pdfbox.pdmodel.encryption.SecurityHandler.setEncryptionKey(byte[])",pdfbox/src/main/java/org/apache/pdfbox/pdmodel/encryption/SecurityHandler.java,,,,,,,,,,,,,,,,,,,,,,,,,6,9,0,4,1,1,5,1,1,1,2,1,1,1,1,1,1,,,,,,0,,1,25,1,1,1,1
Public Method,"org.apache.pdfbox.pdmodel.encryption.SecurityHandler.setKeyLength(int)",pdfbox/src/main/java/org/apache/pdfbox/pdmodel/encryption/SecurityHandler.java,,,,,,,,,,,,,,,,,,,,,,,,,2,9,0,4,1,1,5,1,1,1,2,1,1,1,1,1,1,,,,,,0,,1,25,1,1,1,1
Protected Method,"org.apache.pdfbox.pdmodel.encryption.SecurityHandler.setProtectionPolicy(T_POLICY)",pdfbox/src/main/java/org/apache/pdfbox/pdmodel/encryption/SecurityHandler.java,,,,,,,,,,,,,,,,,,,,,,,,,1,8,0,4,1,1,4,1,1,1,2,1,1,1,1,1,1,,,,,,0,,1,00,1,1,1,1
Protected Method,"org.apache.pdfbox.pdmodel.encryption.SecurityHandler.setStreamFilterName(COSName)",pdfbox/src/main/java/org/apache/pdfbox/pdmodel/encryption/SecurityHandler.java,,,,,,,,,,,,,,,,,,,,,,,,,2,9,0,4,1,1,5,1,1,1,2,1,1,1,1,1,1,,,,,,0,,1,25,1,1,1,1
Protected Method,"org.apache.pdfbox.pdmodel.encryption.SecurityHandler.setStringFilterName(COSName)",pdfbox/src/main/java/org/apache/pdfbox/pdmodel/encryption/SecurityHandler.java,,,,,,,,,,,,,,,,,,,,,,,,,2,9,0,4,1,1,5,1,1,1,2,1,1,1,1,1,1,,,,,,0,,1,25,1,1,1,1
Public Final Class,"org.apache.pdfbox.pdmodel.encryption.SecurityHandlerFactory",pdfbox/src/main/java/org/apache/pdfbox/pdmodel/encryption/SecurityHandlerFactory.java,1,1,1,1,16,0,11,4,1,14,0,,0,1,,,5,2,5,17,0,2,0,3,,114,11,64,21,29,39,,,21,31,16,21,,,,,2,2,2,1,1,1,60,0,61,9,9,9,5
Private Constructor,"org.apache.pdfbox.pdmodel.encryption.SecurityHandlerFactory.SecurityHandlerFactory()",pdfbox/src/main/java/org/apache/pdfbox/pdmodel/encryption/SecurityHandlerFactory.java,,,,,,,,,,,,,,,,,,,,,,,,,2,10,1,9,1,6,0,2,1,2,3,1,2,1,1,1,1,,,,,,0,,0,00,1,1,1,1
Private Method,"org.apache.pdfbox.pdmodel.encryption.SecurityHandlerFactory.newSecurityHandler(Class<? extends SecurityHandler>,Class<?>[],Object[])",pdfbox/src/main/java/org/apache/pdfbox/pdmodel/encryption/SecurityHandlerFactory.java,,,,,,,,,,,,,,,,,,,,,,,,,6,16,0,15,4,6,1,4,2,3,5,2,4,2,2,2,1,,,,,,1,,0,07,2,2,2,1
Public Method,"org.apache.pdfbox.pdmodel.encryption.SecurityHandlerFactory.newSecurityHandlerForFilter(String)",pdfbox/src/main/java/org/apache/pdfbox/pdmodel/encryption/SecurityHandlerFactory.java,,,,,,,,,,,,,,,,,,,,,,,,,3,17,1,11,4,4,5,3,2,5,7,4,4,2,2,2,1,,,,,,1,,0,45,2,2,2,1
Public Method,"org.apache.pdfbox.pdmodel.encryption.SecurityHandlerFactory.newSecurityHandlerForPolicy(ProtectionPolicy)",pdfbox/src/main/java/org/apache/pdfbox/pdmodel/encryption/SecurityHandlerFactory.java,,,,,,,,,,,,,,,,,,,,,,,,,3,17,1,11,4,6,5,4,2,5,7,4,4,2,2,2,1,,,,,,1,,0,45,2,2,2,1
Public Method,"org.apache.pdfbox.pdmodel.encryption.SecurityHandlerFactory.registerHandler(String,Class<? extends SecurityHandler>,Class<? extends ProtectionPolicy>)",pdfbox/src/main/java/org/apache/pdfbox/pdmodel/encryption/SecurityHandlerFactory.java,,,,,,,,,,,,,,,,,,,,,,,,,6,23,1,11,3,4,11,3,2,3,5,1,4,2,2,2,1,,,,,,1,,1,00,2,2,2,1
Public Class,"org.apache.pdfbox.pdmodel.encryption.SecurityProvider",pdfbox/src/main/java/org/apache/pdfbox/pdmodel/encryption/SecurityProvider.java,1,1,1,1,13,0,8,4,1,5,0,,2,1,,,1,0,3,15,0,1,0,2,,50,3,30,7,12,17,,,6,12,6,7,,,,,3,3,3,1,1,2,33,0,57,5,5,5,3
Private Constructor,"org.apache.pdfbox.pdmodel.encryption.SecurityProvider.SecurityProvider()",pdfbox/src/main/java/org/apache/pdfbox/pdmodel/encryption/SecurityProvider.java,,,,,,,,,,,,,,,,,,,,,,,,,0,3,0,3,1,0,0,1,1,0,1,1,0,1,1,1,1,,,,,,0,,0,00,1,1,1,1
Public Static Method,"org.apache.pdfbox.pdmodel.encryption.SecurityProvider.getProvider()",pdfbox/src/main/java/org/apache/pdfbox/pdmodel/encryption/SecurityProvider.java,,,,,,,,,,,,,,,,,,,,,,,,,17,27,0,19,3,10,8,6,3,4,7,2,6,3,3,3,1,,,,,,2,,0,42,3,3,3,1
Public Static Method,"org.apache.pdfbox.pdmodel.encryption.SecurityProvider.setProvider(Provider)",pdfbox/src/main/java/org/apache/pdfbox/pdmodel/encryption/SecurityProvider.java,,,,,,,,,,,,,,,,,,,,,,,,,1,9,0,4,1,1,5,1,1,1,2,1,1,1,1,1,1,,,,,,0,,1,25,1,1,1,1
Public Class,"org.apache.pdfbox.pdmodel.encryption.StandardDecryptionMaterial",pdfbox/src/main/java/org/apache/pdfbox/pdmodel/encryption/StandardDecryptionMaterial.java,1,1,1,1,9,0,4,5,1,1,0,,0,0,,,2,1,2,14,0,0,0,2,,36,4,12,4,2,20,,,3,6,4,2,,,,,1,1,1,1,2,0,0,1,67,2,2,2,2
Public Constructor,"org.apache.pdfbox.pdmodel.encryption.StandardDecryptionMaterial.StandardDecryptionMaterial(String)",pdfbox/src/main/java/org/apache/pdfbox/pdmodel/encryption/StandardDecryptionMaterial.java,,,,,,,,,,,,,,,,,,,,,,,,,2,9,0,4,1,1,5,2,1,1,2,1,1,1,1,1,1,,,,,,0,,1,25,1,1,1,1
Public Method,"org.apache.pdfbox.pdmodel.encryption.StandardDecryptionMaterial.getPassword()",pdfbox/src/main/java/org/apache/pdfbox/pdmodel/encryption/StandardDecryptionMaterial.java,,,,,,,,,,,,,,,,,,,,,,,,,2,9,0,4,1,1,5,1,1,1,2,1,1,1,1,1,1,,,,,,0,,1,25,1,1,1,1
Public Final Class,"org.apache.pdfbox.pdmodel.encryption.StandardProtectionPolicy",pdfbox/src/main/java/org/apache/pdfbox/pdmodel/encryption/StandardProtectionPolicy.java,1,1,1,1,9,0,4,4,1,3,0,,0,0,,,7,3,7,23,0,0,0,7,,95,7,39,14,11,49,,,12,20,11,9,,,,,1,1,1,1,2,0,57,1,26,7,7,7,7
Public Constructor,"org.apache.pdfbox.pdmodel.encryption.StandardProtectionPolicy.StandardProtectionPolicy(String,String,AccessPermission)",pdfbox/src/main/java/org/apache/pdfbox/pdmodel/encryption/StandardProtectionPolicy.java,,,,,,,,,,,,,,,,,,,,,,,,,7,15,0,7,2,3,8,4,1,3,4,1,3,1,1,1,1,,,,,,0,,1,14,1,1,1,1
Public Method,"org.apache.pdfbox.pdmodel.encryption.StandardProtectionPolicy.getOwnerPassword()",pdfbox/src/main/java/org/apache/pdfbox/pdmodel/encryption/StandardProtectionPolicy.java,,,,,,,,,,,,,,,,,,,,,,,,,2,8,0,4,1,1,4,1,1,1,2,1,1,1,1,1,1,,,,,,0,,1,00,1,1,1,1
Public Method,"org.apache.pdfbox.pdmodel.encryption.StandardProtectionPolicy.getPermissions()",pdfbox/src/main/java/org/apache/pdfbox/pdmodel/encryption/StandardProtectionPolicy.java,,,,,,,,,,,,,,,,,,,,,,,,,3,8,0,4,1,1,4,1,1,1,2,1,1,1,1,1,1,,,,,,0,,1,00,1,1,1,1
Public Method,"org.apache.pdfbox.pdmodel.encryption.StandardProtectionPolicy.getUserPassword()",pdfbox/src/main/java/org/apache/pdfbox/pdmodel/encryption/StandardProtectionPolicy.java,,,,,,,,,,,,,,,,,,,,,,,,,2,8,0,4,1,1,4,1,1,1,2,1,1,1,1,1,1,,,,,,0,,1,00,1,1,1,1
Public Method,"org.apache.pdfbox.pdmodel.encryption.StandardProtectionPolicy.setOwnerPassword(String)",pdfbox/src/main/java/org/apache/pdfbox/pdmodel/encryption/StandardProtectionPolicy.java,,,,,,,,,,,,,,,,,,,,,,,,,1,8,0,4,1,1,4,1,1,1,2,1,1,1,1,1,1,,,,,,0,,1,00,1,1,1,1
Public Method,"org.apache.pdfbox.pdmodel.encryption.StandardProtectionPolicy.setPermissions(AccessPermission)",pdfbox/src/main/java/org/apache/pdfbox/pdmodel/encryption/StandardProtectionPolicy.java,,,,,,,,,,,,,,,,,,,,,,,,,1,8,0,4,1,1,4,1,1,1,2,1,1,1,1,1,1,,,,,,0,,1,00,1,1,1,1
Public Method,"org.apache.pdfbox.pdmodel.encryption.StandardProtectionPolicy.setUserPassword(String)",pdfbox/src/main/java/org/apache/pdfbox/pdmodel/encryption/StandardProtectionPolicy.java,,,,,,,,,,,,,,,,,,,,,,,,,1,8,0,4,1,1,4,1,1,1,2,1,1,1,1,1,1,,,,,,0,,1,00,1,1,1,1
Public Final Class,"org.apache.pdfbox.pdmodel.encryption.StandardSecurityHandler",pdfbox/src/main/java/org/apache/pdfbox/pdmodel/encryption/StandardSecurityHandler.java,3,3,4,1,35,2,26,6,1,40,0,,6,5,,,25,0,31,80,0,19,0,12,,1184,118,842,204,505,226,,,377,488,167,400,,,,,19,19,23,5,2,5,0,0,27,116,112,144,37
Public Constructor,"org.apache.pdfbox.pdmodel.encryption.StandardSecurityHandler.StandardSecurityHandler()",pdfbox/src/main/java/org/apache/pdfbox/pdmodel/encryption/StandardSecurityHandler.java,,,,,,,,,,,,,,,,,,,,,,,,,1,6,0,3,1,0,3,1,1,0,1,1,0,1,1,1,1,,,,,,0,,1,00,1,1,1,1
Public Constructor,"org.apache.pdfbox.pdmodel.encryption.StandardSecurityHandler.StandardSecurityHandler(StandardProtectionPolicy)",pdfbox/src/main/java/org/apache/pdfbox/pdmodel/encryption/StandardSecurityHandler.java,,,,,,,,,,,,,,,,,,,,,,,,,1,9,0,4,1,1,5,2,1,1,2,1,1,1,1,1,1,,,,,,0,,1,25,1,1,1,1
Public Method,"org.apache.pdfbox.pdmodel.encryption.StandardSecurityHandler.computeEncryptedKey(byte[],byte[],byte[],byte[],byte[],int,byte[],int,int,boolean,boolean)",pdfbox/src/main/java/org/apache/pdfbox/pdmodel/encryption/StandardSecurityHandler.java,,,,,,,,,,,,,,,,,,,,,,,,,14,33,0,14,4,4,19,3,2,2,4,1,3,2,2,3,1,,,,,,1,,1,36,2,2,3,1
Private Method,"org.apache.pdfbox.pdmodel.encryption.StandardSecurityHandler.computeEncryptedKeyRev234(byte[],byte[],int,byte[],boolean,int,int)",pdfbox/src/main/java/org/apache/pdfbox/pdmodel/encryption/StandardSecurityHandler.java,,,,,,,,,,,,,,,,,,,,,,,,,8,42,8,29,6,19,5,8,6,18,22,6,19,4,4,6,1,,,,,,2,,0,17,4,4,6,1
Private Method,"org.apache.pdfbox.pdmodel.encryption.StandardSecurityHandler.computeEncryptedKeyRev56(byte[],boolean,byte[],byte[],byte[],byte[],int)",pdfbox/src/main/java/org/apache/pdfbox/pdmodel/encryption/StandardSecurityHandler.java,,,,,,,,,,,,,,,,,,,,,,,,,10,58,5,53,7,27,0,12,16,18,25,5,21,7,7,7,1,,,,,,2,,0,00,7,7,7,1
Private Method,"org.apache.pdfbox.pdmodel.encryption.StandardSecurityHandler.computeHash2A(byte[],byte[],byte[])",pdfbox/src/main/java/org/apache/pdfbox/pdmodel/encryption/StandardSecurityHandler.java,,,,,,,,,,,,,,,,,,,,,,,,,7,26,1,24,4,12,1,6,4,9,13,4,11,4,4,4,1,,,,,,1,,0,04,4,4,4,1
Private Static Method,"org.apache.pdfbox.pdmodel.encryption.StandardSecurityHandler.computeHash2B(byte[],byte[],byte[])",pdfbox/src/main/java/org/apache/pdfbox/pdmodel/encryption/StandardSecurityHandler.java,,,,,,,,,,,,,,,,,,,,,,,,,9,73,7,66,17,43,0,16,15,39,46,18,35,7,7,10,3,,,,,,4,,0,00,7,7,10,3
Public Method,"org.apache.pdfbox.pdmodel.encryption.StandardSecurityHandler.computeOwnerPassword(byte[],byte[],int,int)",pdfbox/src/main/java/org/apache/pdfbox/pdmodel/encryption/StandardSecurityHandler.java,,,,,,,,,,,,,,,,,,,,,,,,,6,44,4,28,7,16,12,10,8,16,21,8,17,5,5,7,1,,,,,,3,,0,43,5,5,7,1
Private Method,"org.apache.pdfbox.pdmodel.encryption.StandardSecurityHandler.computeRC4key(byte[],int,int)",pdfbox/src/main/java/org/apache/pdfbox/pdmodel/encryption/StandardSecurityHandler.java,,,,,,,,,,,,,,,,,,,,,,,,,5,19,0,16,4,9,3,7,3,9,12,5,9,3,3,4,1,,,,,,2,,0,19,3,3,4,1
Private Method,"org.apache.pdfbox.pdmodel.encryption.StandardSecurityHandler.computeRevisionNumber(int)",pdfbox/src/main/java/org/apache/pdfbox/pdmodel/encryption/StandardSecurityHandler.java,,,,,,,,,,,,,,,,,,,,,,,,,2,32,0,22,3,11,10,4,5,7,12,3,11,5,5,8,5,,,,,,1,,0,45,5,5,8,5
Private Static Method,"org.apache.pdfbox.pdmodel.encryption.StandardSecurityHandler.computeSHA256(byte[],byte[],byte[])",pdfbox/src/main/java/org/apache/pdfbox/pdmodel/encryption/StandardSecurityHandler.java,,,,,,,,,,,,,,,,,,,,,,,,,6,7,0,7,2,4,0,5,1,4,5,2,4,2,2,2,1,,,,,,0,,0,00,2,2,2,1
Public Method,"org.apache.pdfbox.pdmodel.encryption.StandardSecurityHandler.computeUserPassword(byte[],byte[],int,byte[],int,int,boolean)",pdfbox/src/main/java/org/apache/pdfbox/pdmodel/encryption/StandardSecurityHandler.java,,,,,,,,,,,,,,,,,,,,,,,,,11,56,4,37,10,24,15,13,5,23,28,9,23,5,5,6,1,,,,,,3,,0,41,5,5,6,1
Private Static Method,"org.apache.pdfbox.pdmodel.encryption.StandardSecurityHandler.concat(byte[],byte[])",pdfbox/src/main/java/org/apache/pdfbox/pdmodel/encryption/StandardSecurityHandler.java,,,,,,,,,,,,,,,,,,,,,,,,,4,7,0,7,2,4,0,2,1,4,5,2,3,1,1,1,1,,,,,,0,,0,00,1,1,1,1
Private Static Method,"org.apache.pdfbox.pdmodel.encryption.StandardSecurityHandler.concat(byte[],byte[],byte[])",pdfbox/src/main/java/org/apache/pdfbox/pdmodel/encryption/StandardSecurityHandler.java,,,,,,,,,,,,,,,,,,,,,,,,,6,8,0,8,2,5,0,2,1,5,6,2,4,1,1,1,1,,,,,,0,,0,00,1,1,1,1
Private Method,"org.apache.pdfbox.pdmodel.encryption.StandardSecurityHandler.getDocumentIDBytes(COSArray)",pdfbox/src/main/java/org/apache/pdfbox/pdmodel/encryption/StandardSecurityHandler.java,,,,,,,,,,,,,,,,,,,,,,,,,2,16,0,14,3,6,2,4,2,5,7,3,5,2,2,3,1,,,,,,1,,0,14,2,2,3,1
Public Method,"org.apache.pdfbox.pdmodel.encryption.StandardSecurityHandler.getUserPassword(byte[],byte[],int,int)",pdfbox/src/main/java/org/apache/pdfbox/pdmodel/encryption/StandardSecurityHandler.java,,,,,,,,,,,,,,,,,,,,,,,,,8,42,2,28,6,16,12,7,5,16,21,7,16,5,5,6,1,,,,,,3,,0,43,5,5,6,1
Public Method,"org.apache.pdfbox.pdmodel.encryption.StandardSecurityHandler.isOwnerPassword(String,byte[],byte[],int,byte[],int,int,boolean)",pdfbox/src/main/java/org/apache/pdfbox/pdmodel/encryption/StandardSecurityHandler.java,,,,,,,,,,,,,,,,,,,,,,,,,9,23,0,7,3,2,16,3,1,1,2,1,1,1,1,1,1,,,,,,0,,2,29,1,1,1,1
Public Method,"org.apache.pdfbox.pdmodel.encryption.StandardSecurityHandler.isOwnerPassword(byte[],byte[],byte[],int,byte[],int,int,boolean)",pdfbox/src/main/java/org/apache/pdfbox/pdmodel/encryption/StandardSecurityHandler.java,,,,,,,,,,,,,,,,,,,,,,,,,11,53,3,33,8,17,17,9,5,12,16,6,12,4,4,5,1,,,,,,2,,0,52,4,4,5,1
Public Method,"org.apache.pdfbox.pdmodel.encryption.StandardSecurityHandler.isUserPassword(String,byte[],byte[],int,byte[],int,int,boolean)",pdfbox/src/main/java/org/apache/pdfbox/pdmodel/encryption/StandardSecurityHandler.java,,,,,,,,,,,,,,,,,,,,,,,,,10,31,0,15,3,6,16,3,2,2,4,1,3,2,2,3,1,,,,,,1,,1,07,2,2,3,1
Public Method,"org.apache.pdfbox.pdmodel.encryption.StandardSecurityHandler.isUserPassword(byte[],byte[],byte[],int,byte[],int,int,boolean)",pdfbox/src/main/java/org/apache/pdfbox/pdmodel/encryption/StandardSecurityHandler.java,,,,,,,,,,,,,,,,,,,,,,,,,11,34,0,18,3,11,16,4,3,3,5,1,4,6,2,6,1,,,,,,1,,0,89,6,2,6,1
Private Method,"org.apache.pdfbox.pdmodel.encryption.StandardSecurityHandler.isUserPassword234(byte[],byte[],byte[],int,byte[],int,int,boolean)",pdfbox/src/main/java/org/apache/pdfbox/pdmodel/encryption/StandardSecurityHandler.java,,,,,,,,,,,,,,,,,,,,,,,,,9,16,0,15,5,6,1,4,2,3,5,2,4,2,2,2,1,,,,,,1,,0,07,2,2,2,1
Private Method,"org.apache.pdfbox.pdmodel.encryption.StandardSecurityHandler.isUserPassword56(byte[],byte[],int)",pdfbox/src/main/java/org/apache/pdfbox/pdmodel/encryption/StandardSecurityHandler.java,,,,,,,,,,,,,,,,,,,,,,,,,4,20,2,18,5,10,0,6,2,9,11,5,7,2,2,2,1,,,,,,1,,0,00,2,2,2,1
Private Static Method,"org.apache.pdfbox.pdmodel.encryption.StandardSecurityHandler.logIfStrongEncryptionMissing()",pdfbox/src/main/java/org/apache/pdfbox/pdmodel/encryption/StandardSecurityHandler.java,,,,,,,,,,,,,,,,,,,,,,,,,7,14,0,14,1,5,0,3,3,2,5,1,4,3,3,3,1,,,,,,2,,0,00,3,3,3,1
Public Method,"org.apache.pdfbox.pdmodel.encryption.StandardSecurityHandler.prepareDocumentForEncryption(PDDocument)",pdfbox/src/main/java/org/apache/pdfbox/pdmodel/encryption/StandardSecurityHandler.java,,,,,,,,,,,,,,,,,,,,,,,,,2,67,7,50,10,32,10,24,64,24,31,9,30,7,7,8,1,,,,,,1,,0,20,7,7,8,1
Private Method,"org.apache.pdfbox.pdmodel.encryption.StandardSecurityHandler.prepareEncryptionDictAES(PDEncryption,COSName)",pdfbox/src/main/java/org/apache/pdfbox/pdmodel/encryption/StandardSecurityHandler.java,,,,,,,,,,,,,,,,,,,,,,,,,5,10,0,10,2,7,0,8,1,7,8,2,7,1,1,1,1,,,,,,0,,0,00,1,1,1,1
Private Method,"org.apache.pdfbox.pdmodel.encryption.StandardSecurityHandler.prepareEncryptionDictRev2345(String,String,PDEncryption,int,PDDocument,int,int)",pdfbox/src/main/java/org/apache/pdfbox/pdmodel/encryption/StandardSecurityHandler.java,,,,,,,,,,,,,,,,,,,,,,,,,10,47,9,37,14,27,1,24,4,20,23,9,22,3,3,4,1,,,,,,1,,0,03,3,3,4,1
Private Method,"org.apache.pdfbox.pdmodel.encryption.StandardSecurityHandler.prepareEncryptionDictRev6(String,String,PDEncryption,int)",pdfbox/src/main/java/org/apache/pdfbox/pdmodel/encryption/StandardSecurityHandler.java,,,,,,,,,,,,,,,,,,,,,,,,,9,90,11,69,25,58,11,23,3,50,53,20,46,3,3,3,1,,,,,,2,,0,16,3,3,3,1
Public Method,"org.apache.pdfbox.pdmodel.encryption.StandardSecurityHandler.prepareForDecryption(PDEncryption,COSArray,DecryptionMaterial)",pdfbox/src/main/java/org/apache/pdfbox/pdmodel/encryption/StandardSecurityHandler.java,,,,,,,,,,,,,,,,,,,,,,,,,9,164,15,130,21,85,20,37,4608,45,63,18,57,19,19,23,1,,,,,,5,,0,15,19,19,23,1
Private Static Method,"org.apache.pdfbox.pdmodel.encryption.StandardSecurityHandler.truncate127(byte[])",pdfbox/src/main/java/org/apache/pdfbox/pdmodel/encryption/StandardSecurityHandler.java,,,,,,,,,,,,,,,,,,,,,,,,,6,10,0,10,2,5,0,2,2,4,6,2,4,2,2,2,1,,,,,,1,,0,00,2,2,2,1
Private Method,"org.apache.pdfbox.pdmodel.encryption.StandardSecurityHandler.truncateOrPad(byte[])",pdfbox/src/main/java/org/apache/pdfbox/pdmodel/encryption/StandardSecurityHandler.java,,,,,,,,,,,,,,,,,,,,,,,,,6,16,0,9,3,6,7,3,1,5,6,3,4,1,1,1,1,,,,,,0,,0,78,1,1,1,1
Private Method,"org.apache.pdfbox.pdmodel.encryption.StandardSecurityHandler.validatePerms(PDEncryption,int,boolean)",pdfbox/src/main/java/org/apache/pdfbox/pdmodel/encryption/StandardSecurityHandler.java,,,,,,,,,,,,,,,,,,,,,,,,,7,39,4,30,6,16,5,10,9,9,14,4,12,5,5,10,1,,,,,,2,,0,17,5,5,10,1
Package,"org.apache.pdfbox.pdmodel.fdf",pdfbox/src/main/java/org/apache/pdfbox/pdmodel/fdf/FDFAnnotation.java,1,1,2,1,14,0,9,5,,,,32,1,41,32,,349,12,350,,5,15,1,329,,6845,541,3764,1114,1631,2548,,,1630,2294,1129,1438,,,,,33,21,41,6,,7,,0,68,683,646,738,367
Public Abstract Class,"org.apache.pdfbox.pdmodel.fdf.FDFAnnotation",pdfbox/src/main/java/org/apache/pdfbox/pdmodel/fdf/FDFAnnotation.java,2,2,2,1,15,0,9,5,2,49,14,,1,11,,,54,1,55,67,0,1,1,53,,958,72,560,111,275,326,,,206,317,114,240,,,,,33,21,41,4,1,4,7,0,58,123,111,131,58
Public Constructor,"org.apache.pdfbox.pdmodel.fdf.FDFAnnotation.FDFAnnotation()",pdfbox/src/main/java/org/apache/pdfbox/pdmodel/fdf/FDFAnnotation.java,,,,,,,,,,,,,,,,,,,,,,,,,15,8,0,5,1,2,3,4,1,2,3,1,2,1,1,1,1,,,,,,0,,0,60,1,1,1,1
Public Constructor,"org.apache.pdfbox.pdmodel.fdf.FDFAnnotation.FDFAnnotation(COSDictionary)",pdfbox/src/main/java/org/apache/pdfbox/pdmodel/fdf/FDFAnnotation.java,,,,,,,,,,,,,,,,,,,,,,,,,15,9,0,4,1,1,5,2,1,1,2,1,1,1,1,1,1,,,,,,0,,1,25,1,1,1,1
Public Constructor,"org.apache.pdfbox.pdmodel.fdf.FDFAnnotation.FDFAnnotation(Element)",pdfbox/src/main/java/org/apache/pdfbox/pdmodel/fdf/FDFAnnotation.java,,,,,,,,,,,,,,,,,,,,,,,,,20,191,12,168,23,120,11,58,460800,83,106,25,101,33,21,41,1,,,,,,4,,0,07,33,21,41,1
Public Static Method,"org.apache.pdfbox.pdmodel.fdf.FDFAnnotation.create(COSDictionary)",pdfbox/src/main/java/org/apache/pdfbox/pdmodel/fdf/FDFAnnotation.java,,,,,,,,,,,,,,,,,,,,,,,,,21,88,0,81,3,40,7,21,19,21,40,3,38,19,19,19,1,,,,,,2,,0,09,19,19,19,1
Public Method,"org.apache.pdfbox.pdmodel.fdf.FDFAnnotation.getBorderEffect()",pdfbox/src/main/java/org/apache/pdfbox/pdmodel/fdf/FDFAnnotation.java,,,,,,,,,,,,,,,,,,,,,,,,,2,11,0,5,2,2,6,3,1,2,3,2,2,2,2,2,1,,,,,,0,,1,20,2,2,2,1
Public Method,"org.apache.pdfbox.pdmodel.fdf.FDFAnnotation.getBorderStyle()",pdfbox/src/main/java/org/apache/pdfbox/pdmodel/fdf/FDFAnnotation.java,,,,,,,,,,,,,,,,,,,,,,,,,2,11,0,5,2,2,6,3,1,2,3,2,2,2,2,2,1,,,,,,0,,1,20,2,2,2,1
Public Method,"org.apache.pdfbox.pdmodel.fdf.FDFAnnotation.getCOSObject()",pdfbox/src/main/java/org/apache/pdfbox/pdmodel/fdf/FDFAnnotation.java,,,,,,,,,,,,,,,,,,,,,,,,,1,10,0,5,2,1,5,1,1,1,2,1,1,1,1,1,1,,,,,,0,,1,00,1,1,1,1
Public Method,"org.apache.pdfbox.pdmodel.fdf.FDFAnnotation.getColor()",pdfbox/src/main/java/org/apache/pdfbox/pdmodel/fdf/FDFAnnotation.java,,,,,,,,,,,,,,,,,,,,,,,,,3,19,0,14,4,7,5,4,3,5,8,4,6,3,3,3,1,,,,,,2,,0,36,3,3,3,1
Public Method,"org.apache.pdfbox.pdmodel.fdf.FDFAnnotation.getContents()",pdfbox/src/main/java/org/apache/pdfbox/pdmodel/fdf/FDFAnnotation.java,,,,,,,,,,,,,,,,,,,,,,,,,3,9,0,4,1,1,5,2,1,1,2,1,1,1,1,1,1,,,,,,0,,1,25,1,1,1,1
Public Method,"org.apache.pdfbox.pdmodel.fdf.FDFAnnotation.getCreationDate()",pdfbox/src/main/java/org/apache/pdfbox/pdmodel/fdf/FDFAnnotation.java,,,,,,,,,,,,,,,,,,,,,,,,,2,11,0,4,1,1,7,2,1,1,2,1,1,1,1,1,1,,,,,,0,,1,75,1,1,1,1
Public Method,"org.apache.pdfbox.pdmodel.fdf.FDFAnnotation.getDate()",pdfbox/src/main/java/org/apache/pdfbox/pdmodel/fdf/FDFAnnotation.java,,,,,,,,,,,,,,,,,,,,,,,,,2,9,0,4,1,1,5,2,1,1,2,1,1,1,1,1,1,,,,,,0,,1,25,1,1,1,1
Public Method,"org.apache.pdfbox.pdmodel.fdf.FDFAnnotation.getIntent()",pdfbox/src/main/java/org/apache/pdfbox/pdmodel/fdf/FDFAnnotation.java,,,,,,,,,,,,,,,,,,,,,,,,,2,9,0,4,1,1,5,2,1,1,2,1,1,1,1,1,1,,,,,,0,,1,25,1,1,1,1
Public Method,"org.apache.pdfbox.pdmodel.fdf.FDFAnnotation.getName()",pdfbox/src/main/java/org/apache/pdfbox/pdmodel/fdf/FDFAnnotation.java,,,,,,,,,,,,,,,,,,,,,,,,,2,9,0,4,1,1,5,2,1,1,2,1,1,1,1,1,1,,,,,,0,,1,25,1,1,1,1
Public Method,"org.apache.pdfbox.pdmodel.fdf.FDFAnnotation.getOpacity()",pdfbox/src/main/java/org/apache/pdfbox/pdmodel/fdf/FDFAnnotation.java,,,,,,,,,,,,,,,,,,,,,,,,,2,10,1,4,1,1,5,2,1,1,2,1,1,1,1,1,1,,,,,,0,,1,25,1,1,1,1
Public Method,"org.apache.pdfbox.pdmodel.fdf.FDFAnnotation.getPage()",pdfbox/src/main/java/org/apache/pdfbox/pdmodel/fdf/FDFAnnotation.java,,,,,,,,,,,,,,,,,,,,,,,,,2,15,0,10,3,5,5,3,2,4,6,3,4,2,2,2,1,,,,,,1,,0,50,2,2,2,1
Public Method,"org.apache.pdfbox.pdmodel.fdf.FDFAnnotation.getRectangle()",pdfbox/src/main/java/org/apache/pdfbox/pdmodel/fdf/FDFAnnotation.java,,,,,,,,,,,,,,,,,,,,,,,,,2,10,0,5,2,2,5,3,1,2,3,2,2,2,2,2,1,,,,,,0,,1,00,2,2,2,1
Public Method,"org.apache.pdfbox.pdmodel.fdf.FDFAnnotation.getRichContents()",pdfbox/src/main/java/org/apache/pdfbox/pdmodel/fdf/FDFAnnotation.java,,,,,,,,,,,,,,,,,,,,,,,,,3,9,0,4,1,1,5,3,1,1,2,1,1,1,1,1,1,,,,,,0,,1,25,1,1,1,1
Protected Final Method,"org.apache.pdfbox.pdmodel.fdf.FDFAnnotation.getStringOrStream(COSBase)",pdfbox/src/main/java/org/apache/pdfbox/pdmodel/fdf/FDFAnnotation.java,,,,,,,,,,,,,,,,,,,,,,,,,2,27,0,19,1,8,8,3,4,4,8,1,7,4,4,4,4,,,,,,1,,0,42,4,4,4,4
Public Method,"org.apache.pdfbox.pdmodel.fdf.FDFAnnotation.getSubject()",pdfbox/src/main/java/org/apache/pdfbox/pdmodel/fdf/FDFAnnotation.java,,,,,,,,,,,,,,,,,,,,,,,,,2,9,0,4,1,1,5,2,1,1,2,1,1,1,1,1,1,,,,,,0,,1,25,1,1,1,1
Public Method,"org.apache.pdfbox.pdmodel.fdf.FDFAnnotation.getTitle()",pdfbox/src/main/java/org/apache/pdfbox/pdmodel/fdf/FDFAnnotation.java,,,,,,,,,,,,,,,,,,,,,,,,,2,9,0,4,1,1,5,2,1,1,2,1,1,1,1,1,1,,,,,,0,,1,25,1,1,1,1
Public Method,"org.apache.pdfbox.pdmodel.fdf.FDFAnnotation.isHidden()",pdfbox/src/main/java/org/apache/pdfbox/pdmodel/fdf/FDFAnnotation.java,,,,,,,,,,,,,,,,,,,,,,,,,3,9,0,4,1,1,5,2,1,1,2,1,1,1,1,1,1,,,,,,0,,1,25,1,1,1,1
Public Method,"org.apache.pdfbox.pdmodel.fdf.FDFAnnotation.isInvisible()",pdfbox/src/main/java/org/apache/pdfbox/pdmodel/fdf/FDFAnnotation.java,,,,,,,,,,,,,,,,,,,,,,,,,3,9,0,4,1,1,5,2,1,1,2,1,1,1,1,1,1,,,,,,0,,1,25,1,1,1,1
Public Method,"org.apache.pdfbox.pdmodel.fdf.FDFAnnotation.isLocked()",pdfbox/src/main/java/org/apache/pdfbox/pdmodel/fdf/FDFAnnotation.java,,,,,,,,,,,,,,,,,,,,,,,,,3,9,0,4,1,1,5,2,1,1,2,1,1,1,1,1,1,,,,,,0,,1,25,1,1,1,1
Public Method,"org.apache.pdfbox.pdmodel.fdf.FDFAnnotation.isLockedContents()",pdfbox/src/main/java/org/apache/pdfbox/pdmodel/fdf/FDFAnnotation.java,,,,,,,,,,,,,,,,,,,,,,,,,3,9,0,4,1,1,5,2,1,1,2,1,1,1,1,1,1,,,,,,0,,1,25,1,1,1,1
Public Method,"org.apache.pdfbox.pdmodel.fdf.FDFAnnotation.isNoRotate()",pdfbox/src/main/java/org/apache/pdfbox/pdmodel/fdf/FDFAnnotation.java,,,,,,,,,,,,,,,,,,,,,,,,,3,9,0,4,1,1,5,2,1,1,2,1,1,1,1,1,1,,,,,,0,,1,25,1,1,1,1
Public Method,"org.apache.pdfbox.pdmodel.fdf.FDFAnnotation.isNoView()",pdfbox/src/main/java/org/apache/pdfbox/pdmodel/fdf/FDFAnnotation.java,,,,,,,,,,,,,,,,,,,,,,,,,3,9,0,4,1,1,5,2,1,1,2,1,1,1,1,1,1,,,,,,0,,1,25,1,1,1,1
Public Method,"org.apache.pdfbox.pdmodel.fdf.FDFAnnotation.isNoZoom()",pdfbox/src/main/java/org/apache/pdfbox/pdmodel/fdf/FDFAnnotation.java,,,,,,,,,,,,,,,,,,,,,,,,,3,9,0,4,1,1,5,2,1,1,2,1,1,1,1,1,1,,,,,,0,,1,25,1,1,1,1
Public Method,"org.apache.pdfbox.pdmodel.fdf.FDFAnnotation.isPrinted()",pdfbox/src/main/java/org/apache/pdfbox/pdmodel/fdf/FDFAnnotation.java,,,,,,,,,,,,,,,,,,,,,,,,,3,9,0,4,1,1,5,2,1,1,2,1,1,1,1,1,1,,,,,,0,,1,25,1,1,1,1
Public Method,"org.apache.pdfbox.pdmodel.fdf.FDFAnnotation.isReadOnly()",pdfbox/src/main/java/org/apache/pdfbox/pdmodel/fdf/FDFAnnotation.java,,,,,,,,,,,,,,,,,,,,,,,,,3,9,0,4,1,1,5,2,1,1,2,1,1,1,1,1,1,,,,,,0,,1,25,1,1,1,1
Public Method,"org.apache.pdfbox.pdmodel.fdf.FDFAnnotation.isToggleNoView()",pdfbox/src/main/java/org/apache/pdfbox/pdmodel/fdf/FDFAnnotation.java,,,,,,,,,,,,,,,,,,,,,,,,,3,9,0,4,1,1,5,2,1,1,2,1,1,1,1,1,1,,,,,,0,,1,25,1,1,1,1
Private Method,"org.apache.pdfbox.pdmodel.fdf.FDFAnnotation.richContentsToString(Node,boolean)",pdfbox/src/main/java/org/apache/pdfbox/pdmodel/fdf/FDFAnnotation.java,,,,,,,,,,,,,,,,,,,,,,,,,3,47,2,45,9,26,0,16,24,20,29,11,26,9,9,9,1,,,,,,3,,0,00,9,9,9,1
Public Final Method,"org.apache.pdfbox.pdmodel.fdf.FDFAnnotation.setBorderEffect(PDBorderEffectDictionary)",pdfbox/src/main/java/org/apache/pdfbox/pdmodel/fdf/FDFAnnotation.java,,,,,,,,,,,,,,,,,,,,,,,,,4,11,0,4,1,1,7,1,1,1,2,1,1,1,1,1,1,,,,,,0,,1,75,1,1,1,1
Public Final Method,"org.apache.pdfbox.pdmodel.fdf.FDFAnnotation.setBorderStyle(PDBorderStyleDictionary)",pdfbox/src/main/java/org/apache/pdfbox/pdmodel/fdf/FDFAnnotation.java,,,,,,,,,,,,,,,,,,,,,,,,,4,10,0,4,1,1,6,1,1,1,2,1,1,1,1,1,1,,,,,,0,,1,50,1,1,1,1
Public Final Method,"org.apache.pdfbox.pdmodel.fdf.FDFAnnotation.setColor(Color)",pdfbox/src/main/java/org/apache/pdfbox/pdmodel/fdf/FDFAnnotation.java,,,,,,,,,,,,,,,,,,,,,,,,,4,16,0,11,3,6,5,4,2,5,7,3,5,2,2,2,1,,,,,,1,,0,45,2,2,2,1
Public Final Method,"org.apache.pdfbox.pdmodel.fdf.FDFAnnotation.setContents(String)",pdfbox/src/main/java/org/apache/pdfbox/pdmodel/fdf/FDFAnnotation.java,,,,,,,,,,,,,,,,,,,,,,,,,4,9,0,4,1,1,5,1,1,1,2,1,1,1,1,1,1,,,,,,0,,1,25,1,1,1,1
Public Final Method,"org.apache.pdfbox.pdmodel.fdf.FDFAnnotation.setCreationDate(Calendar)",pdfbox/src/main/java/org/apache/pdfbox/pdmodel/fdf/FDFAnnotation.java,,,,,,,,,,,,,,,,,,,,,,,,,4,9,0,4,1,1,5,1,1,1,2,1,1,1,1,1,1,,,,,,0,,1,25,1,1,1,1
Public Final Method,"org.apache.pdfbox.pdmodel.fdf.FDFAnnotation.setDate(String)",pdfbox/src/main/java/org/apache/pdfbox/pdmodel/fdf/FDFAnnotation.java,,,,,,,,,,,,,,,,,,,,,,,,,4,9,0,4,1,1,5,1,1,1,2,1,1,1,1,1,1,,,,,,0,,1,25,1,1,1,1
Public Final Method,"org.apache.pdfbox.pdmodel.fdf.FDFAnnotation.setHidden(boolean)",pdfbox/src/main/java/org/apache/pdfbox/pdmodel/fdf/FDFAnnotation.java,,,,,,,,,,,,,,,,,,,,,,,,,5,9,0,4,1,1,5,1,1,1,2,1,1,1,1,1,1,,,,,,0,,1,25,1,1,1,1
Public Final Method,"org.apache.pdfbox.pdmodel.fdf.FDFAnnotation.setIntent(String)",pdfbox/src/main/java/org/apache/pdfbox/pdmodel/fdf/FDFAnnotation.java,,,,,,,,,,,,,,,,,,,,,,,,,4,9,0,4,1,1,5,1,1,1,2,1,1,1,1,1,1,,,,,,0,,1,25,1,1,1,1
Public Final Method,"org.apache.pdfbox.pdmodel.fdf.FDFAnnotation.setInvisible(boolean)",pdfbox/src/main/java/org/apache/pdfbox/pdmodel/fdf/FDFAnnotation.java,,,,,,,,,,,,,,,,,,,,,,,,,5,9,0,4,1,1,5,1,1,1,2,1,1,1,1,1,1,,,,,,0,,1,25,1,1,1,1
Public Final Method,"org.apache.pdfbox.pdmodel.fdf.FDFAnnotation.setLocked(boolean)",pdfbox/src/main/java/org/apache/pdfbox/pdmodel/fdf/FDFAnnotation.java,,,,,,,,,,,,,,,,,,,,,,,,,5,9,0,4,1,1,5,1,1,1,2,1,1,1,1,1,1,,,,,,0,,1,25,1,1,1,1
Public Method,"org.apache.pdfbox.pdmodel.fdf.FDFAnnotation.setLockedContents(boolean)",pdfbox/src/main/java/org/apache/pdfbox/pdmodel/fdf/FDFAnnotation.java,,,,,,,,,,,,,,,,,,,,,,,,,4,9,0,4,1,1,5,1,1,1,2,1,1,1,1,1,1,,,,,,0,,1,25,1,1,1,1
Public Final Method,"org.apache.pdfbox.pdmodel.fdf.FDFAnnotation.setName(String)",pdfbox/src/main/java/org/apache/pdfbox/pdmodel/fdf/FDFAnnotation.java,,,,,,,,,,,,,,,,,,,,,,,,,4,9,0,4,1,1,5,1,1,1,2,1,1,1,1,1,1,,,,,,0,,1,25,1,1,1,1
Public Final Method,"org.apache.pdfbox.pdmodel.fdf.FDFAnnotation.setNoRotate(boolean)",pdfbox/src/main/java/org/apache/pdfbox/pdmodel/fdf/FDFAnnotation.java,,,,,,,,,,,,,,,,,,,,,,,,,5,9,0,4,1,1,5,1,1,1,2,1,1,1,1,1,1,,,,,,0,,1,25,1,1,1,1
Public Final Method,"org.apache.pdfbox.pdmodel.fdf.FDFAnnotation.setNoView(boolean)",pdfbox/src/main/java/org/apache/pdfbox/pdmodel/fdf/FDFAnnotation.java,,,,,,,,,,,,,,,,,,,,,,,,,5,9,0,4,1,1,5,1,1,1,2,1,1,1,1,1,1,,,,,,0,,1,25,1,1,1,1
Public Final Method,"org.apache.pdfbox.pdmodel.fdf.FDFAnnotation.setNoZoom(boolean)",pdfbox/src/main/java/org/apache/pdfbox/pdmodel/fdf/FDFAnnotation.java,,,,,,,,,,,,,,,,,,,,,,,,,5,9,0,4,1,1,5,1,1,1,2,1,1,1,1,1,1,,,,,,0,,1,25,1,1,1,1
Public Final Method,"org.apache.pdfbox.pdmodel.fdf.FDFAnnotation.setOpacity(float)",pdfbox/src/main/java/org/apache/pdfbox/pdmodel/fdf/FDFAnnotation.java,,,,,,,,,,,,,,,,,,,,,,,,,4,9,0,4,1,1,5,1,1,1,2,1,1,1,1,1,1,,,,,,0,,1,25,1,1,1,1
Public Final Method,"org.apache.pdfbox.pdmodel.fdf.FDFAnnotation.setPage(int)",pdfbox/src/main/java/org/apache/pdfbox/pdmodel/fdf/FDFAnnotation.java,,,,,,,,,,,,,,,,,,,,,,,,,4,9,0,4,1,1,5,1,1,1,2,1,1,1,1,1,1,,,,,,0,,1,25,1,1,1,1
Public Final Method,"org.apache.pdfbox.pdmodel.fdf.FDFAnnotation.setPrinted(boolean)",pdfbox/src/main/java/org/apache/pdfbox/pdmodel/fdf/FDFAnnotation.java,,,,,,,,,,,,,,,,,,,,,,,,,5,9,0,4,1,1,5,1,1,1,2,1,1,1,1,1,1,,,,,,0,,1,25,1,1,1,1
Public Final Method,"org.apache.pdfbox.pdmodel.fdf.FDFAnnotation.setReadOnly(boolean)",pdfbox/src/main/java/org/apache/pdfbox/pdmodel/fdf/FDFAnnotation.java,,,,,,,,,,,,,,,,,,,,,,,,,5,9,0,4,1,1,5,1,1,1,2,1,1,1,1,1,1,,,,,,0,,1,25,1,1,1,1
Public Final Method,"org.apache.pdfbox.pdmodel.fdf.FDFAnnotation.setRectangle(PDRectangle)",pdfbox/src/main/java/org/apache/pdfbox/pdmodel/fdf/FDFAnnotation.java,,,,,,,,,,,,,,,,,,,,,,,,,4,9,0,4,1,1,5,1,1,1,2,1,1,1,1,1,1,,,,,,0,,1,25,1,1,1,1
Public Final Method,"org.apache.pdfbox.pdmodel.fdf.FDFAnnotation.setRichContents(String)",pdfbox/src/main/java/org/apache/pdfbox/pdmodel/fdf/FDFAnnotation.java,,,,,,,,,,,,,,,,,,,,,,,,,4,9,0,4,1,1,5,2,1,1,2,1,1,1,1,1,1,,,,,,0,,1,25,1,1,1,1
Public Final Method,"org.apache.pdfbox.pdmodel.fdf.FDFAnnotation.setSubject(String)",pdfbox/src/main/java/org/apache/pdfbox/pdmodel/fdf/FDFAnnotation.java,,,,,,,,,,,,,,,,,,,,,,,,,4,9,0,4,1,1,5,1,1,1,2,1,1,1,1,1,1,,,,,,0,,1,25,1,1,1,1
Public Final Method,"org.apache.pdfbox.pdmodel.fdf.FDFAnnotation.setTitle(String)",pdfbox/src/main/java/org/apache/pdfbox/pdmodel/fdf/FDFAnnotation.java,,,,,,,,,,,,,,,,,,,,,,,,,4,9,0,4,1,1,5,1,1,1,2,1,1,1,1,1,1,,,,,,0,,1,25,1,1,1,1
Public Final Method,"org.apache.pdfbox.pdmodel.fdf.FDFAnnotation.setToggleNoView(boolean)",pdfbox/src/main/java/org/apache/pdfbox/pdmodel/fdf/FDFAnnotation.java,,,,,,,,,,,,,,,,,,,,,,,,,5,9,0,4,1,1,5,1,1,1,2,1,1,1,1,1,1,,,,,,0,,1,25,1,1,1,1
Public Class,"org.apache.pdfbox.pdmodel.fdf.FDFAnnotationCaret",pdfbox/src/main/java/org/apache/pdfbox/pdmodel/fdf/FDFAnnotationCaret.java,1,1,1,1,12,0,7,4,1,8,0,,0,1,,,8,0,8,75,0,1,0,7,,119,10,64,16,29,45,,,25,38,16,27,,,,,3,3,4,1,2,2,0,0,70,13,13,15,8
Public Constructor,"org.apache.pdfbox.pdmodel.fdf.FDFAnnotationCaret.FDFAnnotationCaret()",pdfbox/src/main/java/org/apache/pdfbox/pdmodel/fdf/FDFAnnotationCaret.java,,,,,,,,,,,,,,,,,,,,,,,,,3,8,0,5,1,2,3,3,1,2,3,1,2,1,1,1,1,,,,,,0,,0,60,1,1,1,1
Public Constructor,"org.apache.pdfbox.pdmodel.fdf.FDFAnnotationCaret.FDFAnnotationCaret(COSDictionary)",pdfbox/src/main/java/org/apache/pdfbox/pdmodel/fdf/FDFAnnotationCaret.java,,,,,,,,,,,,,,,,,,,,,,,,,2,9,0,4,1,1,5,2,1,1,2,1,1,1,1,1,1,,,,,,0,,1,25,1,1,1,1
Public Constructor,"org.apache.pdfbox.pdmodel.fdf.FDFAnnotationCaret.FDFAnnotationCaret(Element)",pdfbox/src/main/java/org/apache/pdfbox/pdmodel/fdf/FDFAnnotationCaret.java,,,,,,,,,,,,,,,,,,,,,,,,,5,20,2,11,2,6,7,7,2,5,7,2,6,2,2,3,1,,,,,,1,,0,64,2,2,3,1
Public Method,"org.apache.pdfbox.pdmodel.fdf.FDFAnnotationCaret.getFringe()",pdfbox/src/main/java/org/apache/pdfbox/pdmodel/fdf/FDFAnnotationCaret.java,,,,,,,,,,,,,,,,,,,,,,,,,2,11,0,5,2,2,6,3,1,2,3,2,2,2,2,2,1,,,,,,0,,1,20,2,2,2,1
Public Method,"org.apache.pdfbox.pdmodel.fdf.FDFAnnotationCaret.getSymbol()",pdfbox/src/main/java/org/apache/pdfbox/pdmodel/fdf/FDFAnnotationCaret.java,,,,,,,,,,,,,,,,,,,,,,,,,2,9,0,4,1,1,5,2,1,1,2,1,1,1,1,1,1,,,,,,0,,1,25,1,1,1,1
Private Method,"org.apache.pdfbox.pdmodel.fdf.FDFAnnotationCaret.initFringe(Element)",pdfbox/src/main/java/org/apache/pdfbox/pdmodel/fdf/FDFAnnotationCaret.java,,,,,,,,,,,,,,,,,,,,,,,,,3,18,0,18,4,11,0,11,3,9,12,4,11,3,3,4,1,,,,,,2,,0,00,3,3,4,1
Public Final Method,"org.apache.pdfbox.pdmodel.fdf.FDFAnnotationCaret.setFringe(PDRectangle)",pdfbox/src/main/java/org/apache/pdfbox/pdmodel/fdf/FDFAnnotationCaret.java,,,,,,,,,,,,,,,,,,,,,,,,,4,10,0,4,1,1,6,1,1,1,2,1,1,1,1,1,1,,,,,,0,,1,50,1,1,1,1
Public Final Method,"org.apache.pdfbox.pdmodel.fdf.FDFAnnotationCaret.setSymbol(String)",pdfbox/src/main/java/org/apache/pdfbox/pdmodel/fdf/FDFAnnotationCaret.java,,,,,,,,,,,,,,,,,,,,,,,,,4,14,0,9,2,4,5,2,2,3,5,2,3,2,2,2,1,,,,,,1,,0,56,2,2,2,1
Public Class,"org.apache.pdfbox.pdmodel.fdf.FDFAnnotationCircle",pdfbox/src/main/java/org/apache/pdfbox/pdmodel/fdf/FDFAnnotationCircle.java,1,1,2,1,14,0,9,4,1,10,0,,0,1,,,8,0,8,75,0,1,0,7,,132,10,77,21,38,45,,,32,47,21,35,,,,,3,3,4,1,2,2,0,0,58,15,15,18,8
Public Constructor,"org.apache.pdfbox.pdmodel.fdf.FDFAnnotationCircle.FDFAnnotationCircle()",pdfbox/src/main/java/org/apache/pdfbox/pdmodel/fdf/FDFAnnotationCircle.java,,,,,,,,,,,,,,,,,,,,,,,,,3,8,0,5,1,2,3,3,1,2,3,1,2,1,1,1,1,,,,,,0,,0,60,1,1,1,1
Public Constructor,"org.apache.pdfbox.pdmodel.fdf.FDFAnnotationCircle.FDFAnnotationCircle(COSDictionary)",pdfbox/src/main/java/org/apache/pdfbox/pdmodel/fdf/FDFAnnotationCircle.java,,,,,,,,,,,,,,,,,,,,,,,,,2,9,0,4,1,1,5,2,1,1,2,1,1,1,1,1,1,,,,,,0,,1,25,1,1,1,1
Public Constructor,"org.apache.pdfbox.pdmodel.fdf.FDFAnnotationCircle.FDFAnnotationCircle(Element)",pdfbox/src/main/java/org/apache/pdfbox/pdmodel/fdf/FDFAnnotationCircle.java,,,,,,,,,,,,,,,,,,,,,,,,,5,21,2,12,3,7,7,11,2,6,8,3,7,2,2,4,1,,,,,,1,,0,58,2,2,4,1
Public Method,"org.apache.pdfbox.pdmodel.fdf.FDFAnnotationCircle.getFringe()",pdfbox/src/main/java/org/apache/pdfbox/pdmodel/fdf/FDFAnnotationCircle.java,,,,,,,,,,,,,,,,,,,,,,,,,2,11,0,5,2,2,6,3,1,2,3,2,2,2,2,2,1,,,,,,0,,1,20,2,2,2,1
Public Method,"org.apache.pdfbox.pdmodel.fdf.FDFAnnotationCircle.getInteriorColor()",pdfbox/src/main/java/org/apache/pdfbox/pdmodel/fdf/FDFAnnotationCircle.java,,,,,,,,,,,,,,,,,,,,,,,,,3,19,0,14,4,7,5,4,3,5,8,4,6,3,3,3,1,,,,,,2,,0,36,3,3,3,1
Private Method,"org.apache.pdfbox.pdmodel.fdf.FDFAnnotationCircle.initFringe(Element)",pdfbox/src/main/java/org/apache/pdfbox/pdmodel/fdf/FDFAnnotationCircle.java,,,,,,,,,,,,,,,,,,,,,,,,,3,18,0,18,4,11,0,11,3,9,12,4,11,3,3,4,1,,,,,,2,,0,00,3,3,4,1
Public Final Method,"org.apache.pdfbox.pdmodel.fdf.FDFAnnotationCircle.setFringe(PDRectangle)",pdfbox/src/main/java/org/apache/pdfbox/pdmodel/fdf/FDFAnnotationCircle.java,,,,,,,,,,,,,,,,,,,,,,,,,4,10,0,4,1,1,6,1,1,1,2,1,1,1,1,1,1,,,,,,0,,1,50,1,1,1,1
Public Final Method,"org.apache.pdfbox.pdmodel.fdf.FDFAnnotationCircle.setInteriorColor(Color)",pdfbox/src/main/java/org/apache/pdfbox/pdmodel/fdf/FDFAnnotationCircle.java,,,,,,,,,,,,,,,,,,,,,,,,,4,16,0,11,3,6,5,4,2,5,7,3,5,2,2,2,1,,,,,,1,,0,45,2,2,2,1
Public Class,"org.apache.pdfbox.pdmodel.fdf.FDFAnnotationFileAttachment",pdfbox/src/main/java/org/apache/pdfbox/pdmodel/fdf/FDFAnnotationFileAttachment.java,1,1,1,1,9,0,4,5,1,5,0,,0,1,,,3,0,3,70,0,0,0,3,,44,3,18,5,6,23,,,6,10,5,5,,,,,1,1,1,1,2,0,0,1,28,3,3,3,3
Public Constructor,"org.apache.pdfbox.pdmodel.fdf.FDFAnnotationFileAttachment.FDFAnnotationFileAttachment()",pdfbox/src/main/java/org/apache/pdfbox/pdmodel/fdf/FDFAnnotationFileAttachment.java,,,,,,,,,,,,,,,,,,,,,,,,,3,8,0,5,1,2,3,3,1,2,3,1,2,1,1,1,1,,,,,,0,,0,60,1,1,1,1
Public Constructor,"org.apache.pdfbox.pdmodel.fdf.FDFAnnotationFileAttachment.FDFAnnotationFileAttachment(COSDictionary)",pdfbox/src/main/java/org/apache/pdfbox/pdmodel/fdf/FDFAnnotationFileAttachment.java,,,,,,,,,,,,,,,,,,,,,,,,,2,9,0,4,1,1,5,2,1,1,2,1,1,1,1,1,1,,,,,,0,,1,25,1,1,1,1
Public Constructor,"org.apache.pdfbox.pdmodel.fdf.FDFAnnotationFileAttachment.FDFAnnotationFileAttachment(Element)",pdfbox/src/main/java/org/apache/pdfbox/pdmodel/fdf/FDFAnnotationFileAttachment.java,,,,,,,,,,,,,,,,,,,,,,,,,5,12,0,5,1,2,7,3,1,2,3,1,2,1,1,1,1,,,,,,0,,1,40,1,1,1,1
Public Class,"org.apache.pdfbox.pdmodel.fdf.FDFAnnotationFreeText",pdfbox/src/main/java/org/apache/pdfbox/pdmodel/fdf/FDFAnnotationFreeText.java,1,1,1,1,12,0,7,4,1,15,0,,0,2,,,19,0,19,86,0,2,0,17,,267,23,142,35,62,102,,,54,83,36,59,,,,,4,4,6,1,2,2,0,0,72,30,30,34,19
Public Constructor,"org.apache.pdfbox.pdmodel.fdf.FDFAnnotationFreeText.FDFAnnotationFreeText()",pdfbox/src/main/java/org/apache/pdfbox/pdmodel/fdf/FDFAnnotationFreeText.java,,,,,,,,,,,,,,,,,,,,,,,,,3,7,0,4,1,1,3,2,1,1,2,1,1,1,1,1,1,,,,,,0,,0,75,1,1,1,1
Public Constructor,"org.apache.pdfbox.pdmodel.fdf.FDFAnnotationFreeText.FDFAnnotationFreeText(COSDictionary)",pdfbox/src/main/java/org/apache/pdfbox/pdmodel/fdf/FDFAnnotationFreeText.java,,,,,,,,,,,,,,,,,,,,,,,,,2,9,0,4,1,1,5,2,1,1,2,1,1,1,1,1,1,,,,,,0,,1,25,1,1,1,1
Public Constructor,"org.apache.pdfbox.pdmodel.fdf.FDFAnnotationFreeText.FDFAnnotationFreeText(Element)",pdfbox/src/main/java/org/apache/pdfbox/pdmodel/fdf/FDFAnnotationFreeText.java,,,,,,,,,,,,,,,,,,,,,,,,,7,37,2,28,4,17,7,17,8,13,17,4,16,4,4,6,1,,,,,,1,,0,25,4,4,6,1
Public Method,"org.apache.pdfbox.pdmodel.fdf.FDFAnnotationFreeText.getCallout()",pdfbox/src/main/java/org/apache/pdfbox/pdmodel/fdf/FDFAnnotationFreeText.java,,,,,,,,,,,,,,,,,,,,,,,,,2,13,0,5,2,2,8,3,1,2,3,2,2,2,2,2,1,,,,,,0,,1,60,2,2,2,1
Public Method,"org.apache.pdfbox.pdmodel.fdf.FDFAnnotationFreeText.getDefaultAppearance()",pdfbox/src/main/java/org/apache/pdfbox/pdmodel/fdf/FDFAnnotationFreeText.java,,,,,,,,,,,,,,,,,,,,,,,,,2,10,1,4,1,1,5,2,1,1,2,1,1,1,1,1,1,,,,,,0,,1,25,1,1,1,1
Public Method,"org.apache.pdfbox.pdmodel.fdf.FDFAnnotationFreeText.getDefaultStyle()",pdfbox/src/main/java/org/apache/pdfbox/pdmodel/fdf/FDFAnnotationFreeText.java,,,,,,,,,,,,,,,,,,,,,,,,,2,9,0,4,1,1,5,2,1,1,2,1,1,1,1,1,1,,,,,,0,,1,25,1,1,1,1
Public Method,"org.apache.pdfbox.pdmodel.fdf.FDFAnnotationFreeText.getFringe()",pdfbox/src/main/java/org/apache/pdfbox/pdmodel/fdf/FDFAnnotationFreeText.java,,,,,,,,,,,,,,,,,,,,,,,,,2,11,0,5,2,2,6,3,1,2,3,2,2,2,2,2,1,,,,,,0,,1,20,2,2,2,1
Public Method,"org.apache.pdfbox.pdmodel.fdf.FDFAnnotationFreeText.getJustification()",pdfbox/src/main/java/org/apache/pdfbox/pdmodel/fdf/FDFAnnotationFreeText.java,,,,,,,,,,,,,,,,,,,,,,,,,2,9,0,4,1,1,5,2,1,1,2,1,1,1,1,1,1,,,,,,0,,1,25,1,1,1,1
Public Method,"org.apache.pdfbox.pdmodel.fdf.FDFAnnotationFreeText.getLineEndingStyle()",pdfbox/src/main/java/org/apache/pdfbox/pdmodel/fdf/FDFAnnotationFreeText.java,,,,,,,,,,,,,,,,,,,,,,,,,2,9,0,4,1,1,5,2,1,1,2,1,1,1,1,1,1,,,,,,0,,1,25,1,1,1,1
Public Method,"org.apache.pdfbox.pdmodel.fdf.FDFAnnotationFreeText.getRotation()",pdfbox/src/main/java/org/apache/pdfbox/pdmodel/fdf/FDFAnnotationFreeText.java,,,,,,,,,,,,,,,,,,,,,,,,,2,9,0,4,1,1,5,2,1,1,2,1,1,1,1,1,1,,,,,,0,,1,25,1,1,1,1
Private Method,"org.apache.pdfbox.pdmodel.fdf.FDFAnnotationFreeText.initCallout(Element)",pdfbox/src/main/java/org/apache/pdfbox/pdmodel/fdf/FDFAnnotationFreeText.java,,,,,,,,,,,,,,,,,,,,,,,,,3,14,0,14,4,7,0,5,3,7,10,5,7,3,3,4,1,,,,,,2,,0,00,3,3,4,1
Private Method,"org.apache.pdfbox.pdmodel.fdf.FDFAnnotationFreeText.initFringe(Element)",pdfbox/src/main/java/org/apache/pdfbox/pdmodel/fdf/FDFAnnotationFreeText.java,,,,,,,,,,,,,,,,,,,,,,,,,3,18,0,18,4,11,0,11,3,9,12,4,11,3,3,4,1,,,,,,2,,0,00,3,3,4,1
Public Final Method,"org.apache.pdfbox.pdmodel.fdf.FDFAnnotationFreeText.setCallout(float[])",pdfbox/src/main/java/org/apache/pdfbox/pdmodel/fdf/FDFAnnotationFreeText.java,,,,,,,,,,,,,,,,,,,,,,,,,4,14,0,6,2,3,8,3,1,3,4,2,3,1,1,1,1,,,,,,0,,1,33,1,1,1,1
Public Final Method,"org.apache.pdfbox.pdmodel.fdf.FDFAnnotationFreeText.setDefaultAppearance(String)",pdfbox/src/main/java/org/apache/pdfbox/pdmodel/fdf/FDFAnnotationFreeText.java,,,,,,,,,,,,,,,,,,,,,,,,,4,9,0,4,1,1,5,1,1,1,2,1,1,1,1,1,1,,,,,,0,,1,25,1,1,1,1
Public Final Method,"org.apache.pdfbox.pdmodel.fdf.FDFAnnotationFreeText.setDefaultStyle(String)",pdfbox/src/main/java/org/apache/pdfbox/pdmodel/fdf/FDFAnnotationFreeText.java,,,,,,,,,,,,,,,,,,,,,,,,,4,9,0,4,1,1,5,1,1,1,2,1,1,1,1,1,1,,,,,,0,,1,25,1,1,1,1
Public Final Method,"org.apache.pdfbox.pdmodel.fdf.FDFAnnotationFreeText.setFringe(PDRectangle)",pdfbox/src/main/java/org/apache/pdfbox/pdmodel/fdf/FDFAnnotationFreeText.java,,,,,,,,,,,,,,,,,,,,,,,,,4,11,0,4,1,1,7,1,1,1,2,1,1,1,1,1,1,,,,,,0,,1,75,1,1,1,1
Public Final Method,"org.apache.pdfbox.pdmodel.fdf.FDFAnnotationFreeText.setJustification(String)",pdfbox/src/main/java/org/apache/pdfbox/pdmodel/fdf/FDFAnnotationFreeText.java,,,,,,,,,,,,,,,,,,,,,,,,,4,18,0,13,2,6,5,2,3,4,7,2,5,3,3,3,1,,,,,,1,,0,38,3,3,3,1
Public Final Method,"org.apache.pdfbox.pdmodel.fdf.FDFAnnotationFreeText.setLineEndingStyle(String)",pdfbox/src/main/java/org/apache/pdfbox/pdmodel/fdf/FDFAnnotationFreeText.java,,,,,,,,,,,,,,,,,,,,,,,,,4,9,0,4,1,1,5,1,1,1,2,1,1,1,1,1,1,,,,,,0,,1,25,1,1,1,1
Public Final Method,"org.apache.pdfbox.pdmodel.fdf.FDFAnnotationFreeText.setRotation(int)",pdfbox/src/main/java/org/apache/pdfbox/pdmodel/fdf/FDFAnnotationFreeText.java,,,,,,,,,,,,,,,,,,,,,,,,,4,9,0,4,1,1,5,1,1,1,2,1,1,1,1,1,1,,,,,,0,,1,25,1,1,1,1
Public Class,"org.apache.pdfbox.pdmodel.fdf.FDFAnnotationHighlight",pdfbox/src/main/java/org/apache/pdfbox/pdmodel/fdf/FDFAnnotationHighlight.java,1,1,1,1,9,0,4,5,1,5,0,,0,1,,,3,0,3,75,0,0,0,3,,44,3,18,5,6,23,,,6,10,5,5,,,,,1,1,1,1,3,0,0,1,28,3,3,3,3
Public Constructor,"org.apache.pdfbox.pdmodel.fdf.FDFAnnotationHighlight.FDFAnnotationHighlight()",pdfbox/src/main/java/org/apache/pdfbox/pdmodel/fdf/FDFAnnotationHighlight.java,,,,,,,,,,,,,,,,,,,,,,,,,3,8,0,5,1,2,3,3,1,2,3,1,2,1,1,1,1,,,,,,0,,0,60,1,1,1,1
Public Constructor,"org.apache.pdfbox.pdmodel.fdf.FDFAnnotationHighlight.FDFAnnotationHighlight(COSDictionary)",pdfbox/src/main/java/org/apache/pdfbox/pdmodel/fdf/FDFAnnotationHighlight.java,,,,,,,,,,,,,,,,,,,,,,,,,2,9,0,4,1,1,5,2,1,1,2,1,1,1,1,1,1,,,,,,0,,1,25,1,1,1,1
Public Constructor,"org.apache.pdfbox.pdmodel.fdf.FDFAnnotationHighlight.FDFAnnotationHighlight(Element)",pdfbox/src/main/java/org/apache/pdfbox/pdmodel/fdf/FDFAnnotationHighlight.java,,,,,,,,,,,,,,,,,,,,,,,,,5,12,0,5,1,2,7,3,1,2,3,1,2,1,1,1,1,,,,,,0,,1,40,1,1,1,1
Public Class,"org.apache.pdfbox.pdmodel.fdf.FDFAnnotationInk",pdfbox/src/main/java/org/apache/pdfbox/pdmodel/fdf/FDFAnnotationInk.java,2,2,2,1,20,0,14,6,1,19,0,,0,2,,,5,0,5,72,0,0,0,5,,121,6,78,20,40,38,,,33,49,23,37,,,,,6,6,6,1,2,4,0,0,49,13,13,13,5
Public Constructor,"org.apache.pdfbox.pdmodel.fdf.FDFAnnotationInk.FDFAnnotationInk()",pdfbox/src/main/java/org/apache/pdfbox/pdmodel/fdf/FDFAnnotationInk.java,,,,,,,,,,,,,,,,,,,,,,,,,3,8,0,5,1,2,3,3,1,2,3,1,2,1,1,1,1,,,,,,0,,0,60,1,1,1,1
Public Constructor,"org.apache.pdfbox.pdmodel.fdf.FDFAnnotationInk.FDFAnnotationInk(COSDictionary)",pdfbox/src/main/java/org/apache/pdfbox/pdmodel/fdf/FDFAnnotationInk.java,,,,,,,,,,,,,,,,,,,,,,,,,2,9,0,4,1,1,5,2,1,1,2,1,1,1,1,1,1,,,,,,0,,1,25,1,1,1,1
Public Constructor,"org.apache.pdfbox.pdmodel.fdf.FDFAnnotationInk.FDFAnnotationInk(Element)",pdfbox/src/main/java/org/apache/pdfbox/pdmodel/fdf/FDFAnnotationInk.java,,,,,,,,,,,,,,,,,,,,,,,,,9,44,1,36,9,21,7,17,9,18,24,10,20,6,6,6,1,,,,,,4,,0,19,6,6,6,1
Public Method,"org.apache.pdfbox.pdmodel.fdf.FDFAnnotationInk.getInkList()",pdfbox/src/main/java/org/apache/pdfbox/pdmodel/fdf/FDFAnnotationInk.java,,,,,,,,,,,,,,,,,,,,,,,,,2,23,0,17,3,8,7,5,3,5,9,4,7,3,3,3,1,,,,,,2,,0,41,3,3,3,1
Public Final Method,"org.apache.pdfbox.pdmodel.fdf.FDFAnnotationInk.setInkList(List)",pdfbox/src/main/java/org/apache/pdfbox/pdmodel/fdf/FDFAnnotationInk.java,,,,,,,,,,,,,,,,,,,,,,,,,4,19,0,11,3,6,8,4,2,5,8,4,6,2,2,2,1,,,,,,1,,0,73,2,2,2,1
Public Class,"org.apache.pdfbox.pdmodel.fdf.FDFAnnotationLine",pdfbox/src/main/java/org/apache/pdfbox/pdmodel/fdf/FDFAnnotationLine.java,2,2,2,1,15,0,9,5,1,11,0,,0,1,,,25,0,25,92,0,0,0,25,,416,35,247,60,119,134,,,96,143,61,109,,,,,15,15,28,1,2,2,0,0,54,53,53,66,25
Public Constructor,"org.apache.pdfbox.pdmodel.fdf.FDFAnnotationLine.FDFAnnotationLine()",pdfbox/src/main/java/org/apache/pdfbox/pdmodel/fdf/FDFAnnotationLine.java,,,,,,,,,,,,,,,,,,,,,,,,,3,8,0,5,1,2,3,3,1,2,3,1,2,1,1,1,1,,,,,,0,,0,60,1,1,1,1
Public Constructor,"org.apache.pdfbox.pdmodel.fdf.FDFAnnotationLine.FDFAnnotationLine(COSDictionary)",pdfbox/src/main/java/org/apache/pdfbox/pdmodel/fdf/FDFAnnotationLine.java,,,,,,,,,,,,,,,,,,,,,,,,,2,9,0,4,1,1,5,2,1,1,2,1,1,1,1,1,1,,,,,,0,,1,25,1,1,1,1
Public Constructor,"org.apache.pdfbox.pdmodel.fdf.FDFAnnotationLine.FDFAnnotationLine(Element)",pdfbox/src/main/java/org/apache/pdfbox/pdmodel/fdf/FDFAnnotationLine.java,,,,,,,,,,,,,,,,,,,,,,,,,6,95,10,78,17,47,7,25,16384,35,50,18,46,15,15,28,1,,,,,,1,,0,09,15,15,28,1
Public Method,"org.apache.pdfbox.pdmodel.fdf.FDFAnnotationLine.getCaption()",pdfbox/src/main/java/org/apache/pdfbox/pdmodel/fdf/FDFAnnotationLine.java,,,,,,,,,,,,,,,,,,,,,,,,,2,9,0,4,1,1,5,2,1,1,2,1,1,1,1,1,1,,,,,,0,,1,25,1,1,1,1
Public Method,"org.apache.pdfbox.pdmodel.fdf.FDFAnnotationLine.getCaptionHorizontalOffset()",pdfbox/src/main/java/org/apache/pdfbox/pdmodel/fdf/FDFAnnotationLine.java,,,,,,,,,,,,,,,,,,,,,,,,,2,10,0,5,2,2,5,3,1,2,3,2,2,2,2,2,1,,,,,,0,,1,00,2,2,2,1
Public Method,"org.apache.pdfbox.pdmodel.fdf.FDFAnnotationLine.getCaptionStyle()",pdfbox/src/main/java/org/apache/pdfbox/pdmodel/fdf/FDFAnnotationLine.java,,,,,,,,,,,,,,,,,,,,,,,,,2,9,0,4,1,1,5,2,1,1,2,1,1,1,1,1,1,,,,,,0,,1,25,1,1,1,1
Public Method,"org.apache.pdfbox.pdmodel.fdf.FDFAnnotationLine.getCaptionVerticalOffset()",pdfbox/src/main/java/org/apache/pdfbox/pdmodel/fdf/FDFAnnotationLine.java,,,,,,,,,,,,,,,,,,,,,,,,,2,10,0,5,2,2,5,3,1,2,3,2,2,2,2,2,1,,,,,,0,,1,00,2,2,2,1
Public Method,"org.apache.pdfbox.pdmodel.fdf.FDFAnnotationLine.getEndPointEndingStyle()",pdfbox/src/main/java/org/apache/pdfbox/pdmodel/fdf/FDFAnnotationLine.java,,,,,,,,,,,,,,,,,,,,,,,,,3,10,0,5,2,2,5,3,1,2,3,2,2,2,2,2,1,,,,,,0,,1,00,2,2,2,1
Public Method,"org.apache.pdfbox.pdmodel.fdf.FDFAnnotationLine.getInteriorColor()",pdfbox/src/main/java/org/apache/pdfbox/pdmodel/fdf/FDFAnnotationLine.java,,,,,,,,,,,,,,,,,,,,,,,,,3,19,0,14,4,7,5,4,3,5,8,4,6,3,3,3,1,,,,,,2,,0,36,3,3,3,1
Public Method,"org.apache.pdfbox.pdmodel.fdf.FDFAnnotationLine.getLeaderExtend()",pdfbox/src/main/java/org/apache/pdfbox/pdmodel/fdf/FDFAnnotationLine.java,,,,,,,,,,,,,,,,,,,,,,,,,2,9,0,4,1,1,5,2,1,1,2,1,1,1,1,1,1,,,,,,0,,1,25,1,1,1,1
Public Method,"org.apache.pdfbox.pdmodel.fdf.FDFAnnotationLine.getLeaderLength()",pdfbox/src/main/java/org/apache/pdfbox/pdmodel/fdf/FDFAnnotationLine.java,,,,,,,,,,,,,,,,,,,,,,,,,2,9,0,4,1,1,5,2,1,1,2,1,1,1,1,1,1,,,,,,0,,1,25,1,1,1,1
Public Method,"org.apache.pdfbox.pdmodel.fdf.FDFAnnotationLine.getLeaderOffset()",pdfbox/src/main/java/org/apache/pdfbox/pdmodel/fdf/FDFAnnotationLine.java,,,,,,,,,,,,,,,,,,,,,,,,,2,9,0,4,1,1,5,2,1,1,2,1,1,1,1,1,1,,,,,,0,,1,25,1,1,1,1
Public Method,"org.apache.pdfbox.pdmodel.fdf.FDFAnnotationLine.getLine()",pdfbox/src/main/java/org/apache/pdfbox/pdmodel/fdf/FDFAnnotationLine.java,,,,,,,,,,,,,,,,,,,,,,,,,2,10,0,5,2,2,5,3,1,2,3,2,2,2,2,2,1,,,,,,0,,1,00,2,2,2,1
Public Method,"org.apache.pdfbox.pdmodel.fdf.FDFAnnotationLine.getStartPointEndingStyle()",pdfbox/src/main/java/org/apache/pdfbox/pdmodel/fdf/FDFAnnotationLine.java,,,,,,,,,,,,,,,,,,,,,,,,,3,10,0,5,2,2,5,3,1,2,3,2,2,2,2,2,1,,,,,,0,,1,00,2,2,2,1
Public Final Method,"org.apache.pdfbox.pdmodel.fdf.FDFAnnotationLine.setCaption(boolean)",pdfbox/src/main/java/org/apache/pdfbox/pdmodel/fdf/FDFAnnotationLine.java,,,,,,,,,,,,,,,,,,,,,,,,,4,9,0,4,1,1,5,1,1,1,2,1,1,1,1,1,1,,,,,,0,,1,25,1,1,1,1
Public Final Method,"org.apache.pdfbox.pdmodel.fdf.FDFAnnotationLine.setCaptionHorizontalOffset(float)",pdfbox/src/main/java/org/apache/pdfbox/pdmodel/fdf/FDFAnnotationLine.java,,,,,,,,,,,,,,,,,,,,,,,,,4,19,0,14,2,7,5,6,2,5,7,2,6,2,2,2,1,,,,,,1,,0,36,2,2,2,1
Public Final Method,"org.apache.pdfbox.pdmodel.fdf.FDFAnnotationLine.setCaptionStyle(String)",pdfbox/src/main/java/org/apache/pdfbox/pdmodel/fdf/FDFAnnotationLine.java,,,,,,,,,,,,,,,,,,,,,,,,,4,9,0,4,1,1,5,1,1,1,2,1,1,1,1,1,1,,,,,,0,,1,25,1,1,1,1
Public Final Method,"org.apache.pdfbox.pdmodel.fdf.FDFAnnotationLine.setCaptionVerticalOffset(float)",pdfbox/src/main/java/org/apache/pdfbox/pdmodel/fdf/FDFAnnotationLine.java,,,,,,,,,,,,,,,,,,,,,,,,,4,19,0,14,2,7,5,6,2,5,7,2,6,2,2,2,1,,,,,,1,,0,36,2,2,2,1
Public Final Method,"org.apache.pdfbox.pdmodel.fdf.FDFAnnotationLine.setEndPointEndingStyle(String)",pdfbox/src/main/java/org/apache/pdfbox/pdmodel/fdf/FDFAnnotationLine.java,,,,,,,,,,,,,,,,,,,,,,,,,5,21,0,16,3,9,5,6,2,7,9,3,7,3,3,3,1,,,,,,1,,0,31,3,3,3,1
Public Final Method,"org.apache.pdfbox.pdmodel.fdf.FDFAnnotationLine.setInteriorColor(Color)",pdfbox/src/main/java/org/apache/pdfbox/pdmodel/fdf/FDFAnnotationLine.java,,,,,,,,,,,,,,,,,,,,,,,,,4,16,0,11,3,6,5,4,2,5,7,3,5,2,2,2,1,,,,,,1,,0,45,2,2,2,1
Public Final Method,"org.apache.pdfbox.pdmodel.fdf.FDFAnnotationLine.setLeaderExtend(float)",pdfbox/src/main/java/org/apache/pdfbox/pdmodel/fdf/FDFAnnotationLine.java,,,,,,,,,,,,,,,,,,,,,,,,,4,9,0,4,1,1,5,1,1,1,2,1,1,1,1,1,1,,,,,,0,,1,25,1,1,1,1
Public Final Method,"org.apache.pdfbox.pdmodel.fdf.FDFAnnotationLine.setLeaderLength(float)",pdfbox/src/main/java/org/apache/pdfbox/pdmodel/fdf/FDFAnnotationLine.java,,,,,,,,,,,,,,,,,,,,,,,,,4,9,0,4,1,1,5,1,1,1,2,1,1,1,1,1,1,,,,,,0,,1,25,1,1,1,1
Public Final Method,"org.apache.pdfbox.pdmodel.fdf.FDFAnnotationLine.setLeaderOffset(float)",pdfbox/src/main/java/org/apache/pdfbox/pdmodel/fdf/FDFAnnotationLine.java,,,,,,,,,,,,,,,,,,,,,,,,,4,9,0,4,1,1,5,1,1,1,2,1,1,1,1,1,1,,,,,,0,,1,25,1,1,1,1
Public Final Method,"org.apache.pdfbox.pdmodel.fdf.FDFAnnotationLine.setLine(float[])",pdfbox/src/main/java/org/apache/pdfbox/pdmodel/fdf/FDFAnnotationLine.java,,,,,,,,,,,,,,,,,,,,,,,,,4,11,0,6,2,3,5,3,1,3,4,2,3,1,1,1,1,,,,,,0,,0,83,1,1,1,1
Public Final Method,"org.apache.pdfbox.pdmodel.fdf.FDFAnnotationLine.setStartPointEndingStyle(String)",pdfbox/src/main/java/org/apache/pdfbox/pdmodel/fdf/FDFAnnotationLine.java,,,,,,,,,,,,,,,,,,,,,,,,,5,21,0,16,3,9,5,6,2,7,9,3,7,3,3,3,1,,,,,,1,,0,31,3,3,3,1
Public Class,"org.apache.pdfbox.pdmodel.fdf.FDFAnnotationLink",pdfbox/src/main/java/org/apache/pdfbox/pdmodel/fdf/FDFAnnotationLink.java,2,2,2,1,17,0,11,5,1,16,0,,0,2,,,3,0,3,70,0,0,0,3,,66,5,38,11,18,23,,,13,20,10,15,,,,,4,4,5,1,2,3,0,0,61,6,6,7,3
Public Constructor,"org.apache.pdfbox.pdmodel.fdf.FDFAnnotationLink.FDFAnnotationLink()",pdfbox/src/main/java/org/apache/pdfbox/pdmodel/fdf/FDFAnnotationLink.java,,,,,,,,,,,,,,,,,,,,,,,,,3,7,0,4,1,1,3,2,1,1,2,1,1,1,1,1,1,,,,,,0,,0,75,1,1,1,1
Public Constructor,"org.apache.pdfbox.pdmodel.fdf.FDFAnnotationLink.FDFAnnotationLink(COSDictionary)",pdfbox/src/main/java/org/apache/pdfbox/pdmodel/fdf/FDFAnnotationLink.java,,,,,,,,,,,,,,,,,,,,,,,,,2,9,0,4,1,1,5,2,1,1,2,1,1,1,1,1,1,,,,,,0,,1,25,1,1,1,1
Public Constructor,"org.apache.pdfbox.pdmodel.fdf.FDFAnnotationLink.FDFAnnotationLink(Element)",pdfbox/src/main/java/org/apache/pdfbox/pdmodel/fdf/FDFAnnotationLink.java,,,,,,,,,,,,,,,,,,,,,,,,,9,35,1,25,6,14,9,15,4,9,13,5,12,4,4,5,1,,,,,,3,,0,36,4,4,5,1
Public Class,"org.apache.pdfbox.pdmodel.fdf.FDFAnnotationPolygon",pdfbox/src/main/java/org/apache/pdfbox/pdmodel/fdf/FDFAnnotationPolygon.java,2,2,2,1,14,0,10,4,1,15,0,,0,2,,,8,0,8,75,0,1,0,7,,138,9,85,24,42,44,,,36,52,25,38,,,,,4,4,5,1,2,2,0,0,52,16,16,19,8
Public Constructor,"org.apache.pdfbox.pdmodel.fdf.FDFAnnotationPolygon.FDFAnnotationPolygon()",pdfbox/src/main/java/org/apache/pdfbox/pdmodel/fdf/FDFAnnotationPolygon.java,,,,,,,,,,,,,,,,,,,,,,,,,3,8,0,5,1,2,3,3,1,2,3,1,2,1,1,1,1,,,,,,0,,0,60,1,1,1,1
Public Constructor,"org.apache.pdfbox.pdmodel.fdf.FDFAnnotationPolygon.FDFAnnotationPolygon(COSDictionary)",pdfbox/src/main/java/org/apache/pdfbox/pdmodel/fdf/FDFAnnotationPolygon.java,,,,,,,,,,,,,,,,,,,,,,,,,2,9,0,4,1,1,5,2,1,1,2,1,1,1,1,1,1,,,,,,0,,1,25,1,1,1,1
Public Constructor,"org.apache.pdfbox.pdmodel.fdf.FDFAnnotationPolygon.FDFAnnotationPolygon(Element)",pdfbox/src/main/java/org/apache/pdfbox/pdmodel/fdf/FDFAnnotationPolygon.java,,,,,,,,,,,,,,,,,,,,,,,,,5,20,1,12,3,7,7,11,2,6,8,3,7,2,2,4,1,,,,,,1,,0,58,2,2,4,1
Public Method,"org.apache.pdfbox.pdmodel.fdf.FDFAnnotationPolygon.getInteriorColor()",pdfbox/src/main/java/org/apache/pdfbox/pdmodel/fdf/FDFAnnotationPolygon.java,,,,,,,,,,,,,,,,,,,,,,,,,3,19,0,14,4,7,5,4,3,5,8,4,6,3,3,3,1,,,,,,2,,0,36,3,3,3,1
Public Method,"org.apache.pdfbox.pdmodel.fdf.FDFAnnotationPolygon.getVertices()",pdfbox/src/main/java/org/apache/pdfbox/pdmodel/fdf/FDFAnnotationPolygon.java,,,,,,,,,,,,,,,,,,,,,,,,,2,10,0,5,2,2,5,3,1,2,3,2,2,2,2,2,1,,,,,,0,,1,00,2,2,2,1
Private Method,"org.apache.pdfbox.pdmodel.fdf.FDFAnnotationPolygon.initVertices(Element)",pdfbox/src/main/java/org/apache/pdfbox/pdmodel/fdf/FDFAnnotationPolygon.java,,,,,,,,,,,,,,,,,,,,,,,,,5,23,0,23,5,12,0,9,5,10,14,6,11,4,4,5,1,,,,,,2,,0,00,4,4,5,1
Public Final Method,"org.apache.pdfbox.pdmodel.fdf.FDFAnnotationPolygon.setInteriorColor(Color)",pdfbox/src/main/java/org/apache/pdfbox/pdmodel/fdf/FDFAnnotationPolygon.java,,,,,,,,,,,,,,,,,,,,,,,,,4,16,0,11,3,6,5,4,2,5,7,3,5,2,2,2,1,,,,,,1,,0,45,2,2,2,1
Public Final Method,"org.apache.pdfbox.pdmodel.fdf.FDFAnnotationPolygon.setVertices(float[])",pdfbox/src/main/java/org/apache/pdfbox/pdmodel/fdf/FDFAnnotationPolygon.java,,,,,,,,,,,,,,,,,,,,,,,,,4,11,0,6,2,3,5,3,1,3,4,2,3,1,1,1,1,,,,,,0,,0,83,1,1,1,1
Public Class,"org.apache.pdfbox.pdmodel.fdf.FDFAnnotationPolyline",pdfbox/src/main/java/org/apache/pdfbox/pdmodel/fdf/FDFAnnotationPolyline.java,2,2,2,1,14,0,10,4,1,16,0,,0,2,,,13,0,13,80,0,2,0,11,,220,15,141,37,71,64,,,59,84,38,63,,,,,4,4,8,1,2,2,0,0,45,29,29,34,13
Public Constructor,"org.apache.pdfbox.pdmodel.fdf.FDFAnnotationPolyline.FDFAnnotationPolyline()",pdfbox/src/main/java/org/apache/pdfbox/pdmodel/fdf/FDFAnnotationPolyline.java,,,,,,,,,,,,,,,,,,,,,,,,,3,8,0,5,1,2,3,3,1,2,3,1,2,1,1,1,1,,,,,,0,,0,60,1,1,1,1
Public Constructor,"org.apache.pdfbox.pdmodel.fdf.FDFAnnotationPolyline.FDFAnnotationPolyline(COSDictionary)",pdfbox/src/main/java/org/apache/pdfbox/pdmodel/fdf/FDFAnnotationPolyline.java,,,,,,,,,,,,,,,,,,,,,,,,,2,9,0,4,1,1,5,2,1,1,2,1,1,1,1,1,1,,,,,,0,,1,25,1,1,1,1
Public Constructor,"org.apache.pdfbox.pdmodel.fdf.FDFAnnotationPolyline.FDFAnnotationPolyline(Element)",pdfbox/src/main/java/org/apache/pdfbox/pdmodel/fdf/FDFAnnotationPolyline.java,,,,,,,,,,,,,,,,,,,,,,,,,5,15,1,7,1,4,7,5,1,4,5,1,4,1,1,1,1,,,,,,0,,1,00,1,1,1,1
Public Method,"org.apache.pdfbox.pdmodel.fdf.FDFAnnotationPolyline.getEndPointEndingStyle()",pdfbox/src/main/java/org/apache/pdfbox/pdmodel/fdf/FDFAnnotationPolyline.java,,,,,,,,,,,,,,,,,,,,,,,,,3,10,0,5,2,2,5,3,1,2,3,2,2,2,2,2,1,,,,,,0,,1,00,2,2,2,1
Public Method,"org.apache.pdfbox.pdmodel.fdf.FDFAnnotationPolyline.getInteriorColor()",pdfbox/src/main/java/org/apache/pdfbox/pdmodel/fdf/FDFAnnotationPolyline.java,,,,,,,,,,,,,,,,,,,,,,,,,3,19,0,14,4,7,5,4,3,5,8,4,6,3,3,3,1,,,,,,2,,0,36,3,3,3,1
Public Method,"org.apache.pdfbox.pdmodel.fdf.FDFAnnotationPolyline.getStartPointEndingStyle()",pdfbox/src/main/java/org/apache/pdfbox/pdmodel/fdf/FDFAnnotationPolyline.java,,,,,,,,,,,,,,,,,,,,,,,,,3,10,0,5,2,2,5,3,1,2,3,2,2,2,2,2,1,,,,,,0,,1,00,2,2,2,1
Public Method,"org.apache.pdfbox.pdmodel.fdf.FDFAnnotationPolyline.getVertices()",pdfbox/src/main/java/org/apache/pdfbox/pdmodel/fdf/FDFAnnotationPolyline.java,,,,,,,,,,,,,,,,,,,,,,,,,2,10,0,5,2,2,5,3,1,2,3,2,2,2,2,2,1,,,,,,0,,1,00,2,2,2,1
Private Method,"org.apache.pdfbox.pdmodel.fdf.FDFAnnotationPolyline.initStyles(Element)",pdfbox/src/main/java/org/apache/pdfbox/pdmodel/fdf/FDFAnnotationPolyline.java,,,,,,,,,,,,,,,,,,,,,,,,,2,20,1,19,5,10,0,10,8,7,11,5,10,4,4,8,1,,,,,,1,,0,00,4,4,8,1
Private Method,"org.apache.pdfbox.pdmodel.fdf.FDFAnnotationPolyline.initVertices(Element)",pdfbox/src/main/java/org/apache/pdfbox/pdmodel/fdf/FDFAnnotationPolyline.java,,,,,,,,,,,,,,,,,,,,,,,,,5,23,0,23,5,12,0,9,5,10,14,6,11,4,4,5,1,,,,,,2,,0,00,4,4,5,1
Public Method,"org.apache.pdfbox.pdmodel.fdf.FDFAnnotationPolyline.setEndPointEndingStyle(String)",pdfbox/src/main/java/org/apache/pdfbox/pdmodel/fdf/FDFAnnotationPolyline.java,,,,,,,,,,,,,,,,,,,,,,,,,5,21,0,16,3,9,5,6,2,7,9,3,7,3,3,3,1,,,,,,1,,0,31,3,3,3,1
Public Method,"org.apache.pdfbox.pdmodel.fdf.FDFAnnotationPolyline.setInteriorColor(Color)",pdfbox/src/main/java/org/apache/pdfbox/pdmodel/fdf/FDFAnnotationPolyline.java,,,,,,,,,,,,,,,,,,,,,,,,,4,16,0,11,3,6,5,4,2,5,7,3,5,2,2,2,1,,,,,,1,,0,45,2,2,2,1
Public Method,"org.apache.pdfbox.pdmodel.fdf.FDFAnnotationPolyline.setStartPointEndingStyle(String)",pdfbox/src/main/java/org/apache/pdfbox/pdmodel/fdf/FDFAnnotationPolyline.java,,,,,,,,,,,,,,,,,,,,,,,,,5,21,0,16,3,9,5,6,2,7,9,3,7,3,3,3,1,,,,,,1,,0,31,3,3,3,1
Public Method,"org.apache.pdfbox.pdmodel.fdf.FDFAnnotationPolyline.setVertices(float[])",pdfbox/src/main/java/org/apache/pdfbox/pdmodel/fdf/FDFAnnotationPolyline.java,,,,,,,,,,,,,,,,,,,,,,,,,4,11,0,6,2,3,5,3,1,3,4,2,3,1,1,1,1,,,,,,0,,0,83,1,1,1,1
Public Class,"org.apache.pdfbox.pdmodel.fdf.FDFAnnotationSound",pdfbox/src/main/java/org/apache/pdfbox/pdmodel/fdf/FDFAnnotationSound.java,1,1,1,1,9,0,4,5,1,5,0,,0,1,,,3,0,3,70,0,0,0,3,,44,3,18,5,6,23,,,6,10,5,5,,,,,1,1,1,1,2,0,0,1,28,3,3,3,3
Public Constructor,"org.apache.pdfbox.pdmodel.fdf.FDFAnnotationSound.FDFAnnotationSound()",pdfbox/src/main/java/org/apache/pdfbox/pdmodel/fdf/FDFAnnotationSound.java,,,,,,,,,,,,,,,,,,,,,,,,,3,8,0,5,1,2,3,3,1,2,3,1,2,1,1,1,1,,,,,,0,,0,60,1,1,1,1
Public Constructor,"org.apache.pdfbox.pdmodel.fdf.FDFAnnotationSound.FDFAnnotationSound(COSDictionary)",pdfbox/src/main/java/org/apache/pdfbox/pdmodel/fdf/FDFAnnotationSound.java,,,,,,,,,,,,,,,,,,,,,,,,,2,9,0,4,1,1,5,2,1,1,2,1,1,1,1,1,1,,,,,,0,,1,25,1,1,1,1
Public Constructor,"org.apache.pdfbox.pdmodel.fdf.FDFAnnotationSound.FDFAnnotationSound(Element)",pdfbox/src/main/java/org/apache/pdfbox/pdmodel/fdf/FDFAnnotationSound.java,,,,,,,,,,,,,,,,,,,,,,,,,5,12,0,5,1,2,7,3,1,2,3,1,2,1,1,1,1,,,,,,0,,1,40,1,1,1,1
Public Class,"org.apache.pdfbox.pdmodel.fdf.FDFAnnotationSquare",pdfbox/src/main/java/org/apache/pdfbox/pdmodel/fdf/FDFAnnotationSquare.java,1,1,2,1,14,0,9,4,1,10,0,,0,1,,,8,0,8,75,0,1,0,7,,133,10,77,21,38,46,,,32,47,21,35,,,,,3,3,4,1,2,2,0,0,60,15,15,18,8
Public Constructor,"org.apache.pdfbox.pdmodel.fdf.FDFAnnotationSquare.FDFAnnotationSquare()",pdfbox/src/main/java/org/apache/pdfbox/pdmodel/fdf/FDFAnnotationSquare.java,,,,,,,,,,,,,,,,,,,,,,,,,3,8,0,5,1,2,3,3,1,2,3,1,2,1,1,1,1,,,,,,0,,0,60,1,1,1,1
Public Constructor,"org.apache.pdfbox.pdmodel.fdf.FDFAnnotationSquare.FDFAnnotationSquare(COSDictionary)",pdfbox/src/main/java/org/apache/pdfbox/pdmodel/fdf/FDFAnnotationSquare.java,,,,,,,,,,,,,,,,,,,,,,,,,2,9,0,4,1,1,5,2,1,1,2,1,1,1,1,1,1,,,,,,0,,1,25,1,1,1,1
Public Constructor,"org.apache.pdfbox.pdmodel.fdf.FDFAnnotationSquare.FDFAnnotationSquare(Element)",pdfbox/src/main/java/org/apache/pdfbox/pdmodel/fdf/FDFAnnotationSquare.java,,,,,,,,,,,,,,,,,,,,,,,,,5,21,2,12,3,7,7,11,2,6,8,3,7,2,2,4,1,,,,,,1,,0,58,2,2,4,1
Public Method,"org.apache.pdfbox.pdmodel.fdf.FDFAnnotationSquare.getFringe()",pdfbox/src/main/java/org/apache/pdfbox/pdmodel/fdf/FDFAnnotationSquare.java,,,,,,,,,,,,,,,,,,,,,,,,,2,11,0,5,2,2,6,3,1,2,3,2,2,2,2,2,1,,,,,,0,,1,20,2,2,2,1
Public Method,"org.apache.pdfbox.pdmodel.fdf.FDFAnnotationSquare.getInteriorColor()",pdfbox/src/main/java/org/apache/pdfbox/pdmodel/fdf/FDFAnnotationSquare.java,,,,,,,,,,,,,,,,,,,,,,,,,3,19,0,14,4,7,5,4,3,5,8,4,6,3,3,3,1,,,,,,2,,0,36,3,3,3,1
Private Method,"org.apache.pdfbox.pdmodel.fdf.FDFAnnotationSquare.initFringe(Element)",pdfbox/src/main/java/org/apache/pdfbox/pdmodel/fdf/FDFAnnotationSquare.java,,,,,,,,,,,,,,,,,,,,,,,,,3,18,0,18,4,11,0,11,3,9,12,4,11,3,3,4,1,,,,,,2,,0,00,3,3,4,1
Public Final Method,"org.apache.pdfbox.pdmodel.fdf.FDFAnnotationSquare.setFringe(PDRectangle)",pdfbox/src/main/java/org/apache/pdfbox/pdmodel/fdf/FDFAnnotationSquare.java,,,,,,,,,,,,,,,,,,,,,,,,,4,10,0,4,1,1,6,1,1,1,2,1,1,1,1,1,1,,,,,,0,,1,50,1,1,1,1
Public Final Method,"org.apache.pdfbox.pdmodel.fdf.FDFAnnotationSquare.setInteriorColor(Color)",pdfbox/src/main/java/org/apache/pdfbox/pdmodel/fdf/FDFAnnotationSquare.java,,,,,,,,,,,,,,,,,,,,,,,,,4,16,0,11,3,6,5,4,2,5,7,3,5,2,2,2,1,,,,,,1,,0,45,2,2,2,1
Public Class,"org.apache.pdfbox.pdmodel.fdf.FDFAnnotationSquiggly",pdfbox/src/main/java/org/apache/pdfbox/pdmodel/fdf/FDFAnnotationSquiggly.java,1,1,1,1,9,0,4,5,1,5,0,,0,1,,,3,0,3,75,0,0,0,3,,44,3,18,5,6,23,,,6,10,5,5,,,,,1,1,1,1,3,0,0,1,28,3,3,3,3
Public Constructor,"org.apache.pdfbox.pdmodel.fdf.FDFAnnotationSquiggly.FDFAnnotationSquiggly()",pdfbox/src/main/java/org/apache/pdfbox/pdmodel/fdf/FDFAnnotationSquiggly.java,,,,,,,,,,,,,,,,,,,,,,,,,3,8,0,5,1,2,3,3,1,2,3,1,2,1,1,1,1,,,,,,0,,0,60,1,1,1,1
Public Constructor,"org.apache.pdfbox.pdmodel.fdf.FDFAnnotationSquiggly.FDFAnnotationSquiggly(COSDictionary)",pdfbox/src/main/java/org/apache/pdfbox/pdmodel/fdf/FDFAnnotationSquiggly.java,,,,,,,,,,,,,,,,,,,,,,,,,2,9,0,4,1,1,5,2,1,1,2,1,1,1,1,1,1,,,,,,0,,1,25,1,1,1,1
Public Constructor,"org.apache.pdfbox.pdmodel.fdf.FDFAnnotationSquiggly.FDFAnnotationSquiggly(Element)",pdfbox/src/main/java/org/apache/pdfbox/pdmodel/fdf/FDFAnnotationSquiggly.java,,,,,,,,,,,,,,,,,,,,,,,,,5,12,0,5,1,2,7,3,1,2,3,1,2,1,1,1,1,,,,,,0,,1,40,1,1,1,1
Public Class,"org.apache.pdfbox.pdmodel.fdf.FDFAnnotationStamp",pdfbox/src/main/java/org/apache/pdfbox/pdmodel/fdf/FDFAnnotationStamp.java,6,6,7,1,49,2,42,4,1,26,0,,0,2,,,7,0,7,74,0,4,0,3,,368,26,304,42,180,38,,,127,177,45,158,,,,,14,14,14,3,2,5,0,0,12,47,47,51,9
Public Constructor,"org.apache.pdfbox.pdmodel.fdf.FDFAnnotationStamp.FDFAnnotationStamp()",pdfbox/src/main/java/org/apache/pdfbox/pdmodel/fdf/FDFAnnotationStamp.java,,,,,,,,,,,,,,,,,,,,,,,,,3,7,0,4,1,1,3,2,1,1,2,1,1,1,1,1,1,,,,,,0,,0,75,1,1,1,1
Public Constructor,"org.apache.pdfbox.pdmodel.fdf.FDFAnnotationStamp.FDFAnnotationStamp(COSDictionary)",pdfbox/src/main/java/org/apache/pdfbox/pdmodel/fdf/FDFAnnotationStamp.java,,,,,,,,,,,,,,,,,,,,,,,,,2,9,0,4,1,1,5,2,1,1,2,1,1,1,1,1,1,,,,,,0,,1,25,1,1,1,1
Public Constructor,"org.apache.pdfbox.pdmodel.fdf.FDFAnnotationStamp.FDFAnnotationStamp(Element)",pdfbox/src/main/java/org/apache/pdfbox/pdmodel/fdf/FDFAnnotationStamp.java,,,,,,,,,,,,,,,,,,,,,,,,,9,59,5,41,7,24,13,19,5,18,23,6,20,5,5,6,3,,,,,,2,,0,32,5,5,6,3
Private Method,"org.apache.pdfbox.pdmodel.fdf.FDFAnnotationStamp.parseArrayElement(Element)",pdfbox/src/main/java/org/apache/pdfbox/pdmodel/fdf/FDFAnnotationStamp.java,,,,,,,,,,,,,,,,,,,,,,,,,4,68,4,64,8,39,0,19,27,27,38,9,35,11,11,14,1,,,,,,3,,0,00,11,11,14,1
Private Method,"org.apache.pdfbox.pdmodel.fdf.FDFAnnotationStamp.parseDictElement(Element)",pdfbox/src/main/java/org/apache/pdfbox/pdmodel/fdf/FDFAnnotationStamp.java,,,,,,,,,,,,,,,,,,,,,,,,,4,63,4,59,8,36,0,22,10,28,38,9,35,10,10,10,1,,,,,,3,,0,00,10,10,10,1
Private Method,"org.apache.pdfbox.pdmodel.fdf.FDFAnnotationStamp.parseStampAnnotationAppearanceXML(Element)",pdfbox/src/main/java/org/apache/pdfbox/pdmodel/fdf/FDFAnnotationStamp.java,,,,,,,,,,,,,,,,,,,,,,,,,4,48,2,39,6,26,7,16,5,17,22,7,19,5,5,5,1,,,,,,3,,0,18,5,5,5,1
Private Method,"org.apache.pdfbox.pdmodel.fdf.FDFAnnotationStamp.parseStreamElement(Element)",pdfbox/src/main/java/org/apache/pdfbox/pdmodel/fdf/FDFAnnotationStamp.java,,,,,,,,,,,,,,,,,,,,,,,,,5,92,3,88,8,51,1,28,14,33,49,9,46,14,14,14,1,,,,,,5,,0,01,14,14,14,1
Public Class,"org.apache.pdfbox.pdmodel.fdf.FDFAnnotationStrikeOut",pdfbox/src/main/java/org/apache/pdfbox/pdmodel/fdf/FDFAnnotationStrikeOut.java,1,1,1,1,9,0,4,5,1,5,0,,0,1,,,3,0,3,75,0,0,0,3,,44,3,18,5,6,23,,,6,10,5,5,,,,,1,1,1,1,3,0,0,1,28,3,3,3,3
Public Constructor,"org.apache.pdfbox.pdmodel.fdf.FDFAnnotationStrikeOut.FDFAnnotationStrikeOut()",pdfbox/src/main/java/org/apache/pdfbox/pdmodel/fdf/FDFAnnotationStrikeOut.java,,,,,,,,,,,,,,,,,,,,,,,,,3,8,0,5,1,2,3,3,1,2,3,1,2,1,1,1,1,,,,,,0,,0,60,1,1,1,1
Public Constructor,"org.apache.pdfbox.pdmodel.fdf.FDFAnnotationStrikeOut.FDFAnnotationStrikeOut(COSDictionary)",pdfbox/src/main/java/org/apache/pdfbox/pdmodel/fdf/FDFAnnotationStrikeOut.java,,,,,,,,,,,,,,,,,,,,,,,,,2,9,0,4,1,1,5,2,1,1,2,1,1,1,1,1,1,,,,,,0,,1,25,1,1,1,1
Public Constructor,"org.apache.pdfbox.pdmodel.fdf.FDFAnnotationStrikeOut.FDFAnnotationStrikeOut(Element)",pdfbox/src/main/java/org/apache/pdfbox/pdmodel/fdf/FDFAnnotationStrikeOut.java,,,,,,,,,,,,,,,,,,,,,,,,,5,12,0,5,1,2,7,3,1,2,3,1,2,1,1,1,1,,,,,,0,,1,40,1,1,1,1
Class,"org.apache.pdfbox.pdmodel.fdf.FDFAnnotationTest",pdfbox/src/test/java/org/apache/pdfbox/pdmodel/fdf/FDFAnnotationTest.java,4,4,4,1,36,1,31,6,1,14,0,,0,0,,,1,0,1,13,1,0,0,0,,45,1,34,7,19,12,,,8,15,7,10,,,,,4,4,4,1,1,4,0,0,35,4,4,4,1
Method,"org.apache.pdfbox.pdmodel.fdf.FDFAnnotationTest.loadXFDFAnnotations()",pdfbox/src/test/java/org/apache/pdfbox/pdmodel/fdf/FDFAnnotationTest.java,,,,,,,,,,,,,,,,,,,,,,,,,0,36,1,31,6,19,6,14,4,8,14,6,10,4,4,4,1,,,,,,4,,0,19,4,4,4,1
Public Class,"org.apache.pdfbox.pdmodel.fdf.FDFAnnotationText",pdfbox/src/main/java/org/apache/pdfbox/pdmodel/fdf/FDFAnnotationText.java,1,1,1,1,11,0,5,5,1,6,0,,0,1,,,9,0,9,76,0,0,0,9,,122,9,57,14,21,56,,,18,31,14,20,,,,,4,4,7,1,2,2,0,0,98,12,12,15,9
Public Constructor,"org.apache.pdfbox.pdmodel.fdf.FDFAnnotationText.FDFAnnotationText()",pdfbox/src/main/java/org/apache/pdfbox/pdmodel/fdf/FDFAnnotationText.java,,,,,,,,,,,,,,,,,,,,,,,,,3,8,0,5,1,2,3,3,1,2,3,1,2,1,1,1,1,,,,,,0,,0,60,1,1,1,1
Public Constructor,"org.apache.pdfbox.pdmodel.fdf.FDFAnnotationText.FDFAnnotationText(COSDictionary)",pdfbox/src/main/java/org/apache/pdfbox/pdmodel/fdf/FDFAnnotationText.java,,,,,,,,,,,,,,,,,,,,,,,,,2,9,0,4,1,1,5,2,1,1,2,1,1,1,1,1,1,,,,,,0,,1,25,1,1,1,1
Public Constructor,"org.apache.pdfbox.pdmodel.fdf.FDFAnnotationText.FDFAnnotationText(Element)",pdfbox/src/main/java/org/apache/pdfbox/pdmodel/fdf/FDFAnnotationText.java,,,,,,,,,,,,,,,,,,,,,,,,,5,27,0,20,4,11,7,8,6,8,12,4,11,4,4,7,1,,,,,,2,,0,35,4,4,7,1
Public Method,"org.apache.pdfbox.pdmodel.fdf.FDFAnnotationText.getIcon()",pdfbox/src/main/java/org/apache/pdfbox/pdmodel/fdf/FDFAnnotationText.java,,,,,,,,,,,,,,,,,,,,,,,,,3,10,0,4,1,1,6,2,1,1,2,1,1,1,1,1,1,,,,,,0,,1,50,1,1,1,1
Public Method,"org.apache.pdfbox.pdmodel.fdf.FDFAnnotationText.getState()",pdfbox/src/main/java/org/apache/pdfbox/pdmodel/fdf/FDFAnnotationText.java,,,,,,,,,,,,,,,,,,,,,,,,,2,9,0,4,1,1,5,2,1,1,2,1,1,1,1,1,1,,,,,,0,,1,25,1,1,1,1
Public Method,"org.apache.pdfbox.pdmodel.fdf.FDFAnnotationText.getStateModel()",pdfbox/src/main/java/org/apache/pdfbox/pdmodel/fdf/FDFAnnotationText.java,,,,,,,,,,,,,,,,,,,,,,,,,2,9,0,4,1,1,5,2,1,1,2,1,1,1,1,1,1,,,,,,0,,1,25,1,1,1,1
Public Final Method,"org.apache.pdfbox.pdmodel.fdf.FDFAnnotationText.setIcon(String)",pdfbox/src/main/java/org/apache/pdfbox/pdmodel/fdf/FDFAnnotationText.java,,,,,,,,,,,,,,,,,,,,,,,,,4,10,0,4,1,1,6,1,1,1,2,1,1,1,1,1,1,,,,,,0,,1,50,1,1,1,1
Public Final Method,"org.apache.pdfbox.pdmodel.fdf.FDFAnnotationText.setState(String)",pdfbox/src/main/java/org/apache/pdfbox/pdmodel/fdf/FDFAnnotationText.java,,,,,,,,,,,,,,,,,,,,,,,,,4,9,0,4,1,1,5,1,1,1,2,1,1,1,1,1,1,,,,,,0,,1,25,1,1,1,1
Public Final Method,"org.apache.pdfbox.pdmodel.fdf.FDFAnnotationText.setStateModel(String)",pdfbox/src/main/java/org/apache/pdfbox/pdmodel/fdf/FDFAnnotationText.java,,,,,,,,,,,,,,,,,,,,,,,,,4,9,0,4,1,1,5,1,1,1,2,1,1,1,1,1,1,,,,,,0,,1,25,1,1,1,1
Public Abstract Class,"org.apache.pdfbox.pdmodel.fdf.FDFAnnotationTextMarkup",pdfbox/src/main/java/org/apache/pdfbox/pdmodel/fdf/FDFAnnotationTextMarkup.java,1,1,2,1,15,0,9,6,1,7,4,,0,0,,,5,0,5,72,0,0,0,5,,89,6,49,11,21,35,,,18,28,12,20,,,,,4,4,5,1,2,1,0,0,71,9,9,10,5
Public Constructor,"org.apache.pdfbox.pdmodel.fdf.FDFAnnotationTextMarkup.FDFAnnotationTextMarkup()",pdfbox/src/main/java/org/apache/pdfbox/pdmodel/fdf/FDFAnnotationTextMarkup.java,,,,,,,,,,,,,,,,,,,,,,,,,4,7,0,4,1,1,3,2,1,1,2,1,1,1,1,1,1,,,,,,0,,0,75,1,1,1,1
Public Constructor,"org.apache.pdfbox.pdmodel.fdf.FDFAnnotationTextMarkup.FDFAnnotationTextMarkup(COSDictionary)",pdfbox/src/main/java/org/apache/pdfbox/pdmodel/fdf/FDFAnnotationTextMarkup.java,,,,,,,,,,,,,,,,,,,,,,,,,5,9,0,4,1,1,5,2,1,1,2,1,1,1,1,1,1,,,,,,0,,1,25,1,1,1,1
Public Constructor,"org.apache.pdfbox.pdmodel.fdf.FDFAnnotationTextMarkup.FDFAnnotationTextMarkup(Element)",pdfbox/src/main/java/org/apache/pdfbox/pdmodel/fdf/FDFAnnotationTextMarkup.java,,,,,,,,,,,,,,,,,,,,,,,,,6,28,1,20,4,11,7,8,8,10,14,5,11,4,4,5,1,,,,,,1,,0,35,4,4,5,1
Public Method,"org.apache.pdfbox.pdmodel.fdf.FDFAnnotationTextMarkup.getCoords()",pdfbox/src/main/java/org/apache/pdfbox/pdmodel/fdf/FDFAnnotationTextMarkup.java,,,,,,,,,,,,,,,,,,,,,,,,,2,18,0,12,2,5,7,3,2,3,5,2,4,2,2,2,1,,,,,,1,,0,58,2,2,2,1
Public Method,"org.apache.pdfbox.pdmodel.fdf.FDFAnnotationTextMarkup.setCoords(float[])",pdfbox/src/main/java/org/apache/pdfbox/pdmodel/fdf/FDFAnnotationTextMarkup.java,,,,,,,,,,,,,,,,,,,,,,,,,4,14,0,6,2,3,8,3,1,3,4,2,3,1,1,1,1,,,,,,0,,1,33,1,1,1,1
Public Class,"org.apache.pdfbox.pdmodel.fdf.FDFAnnotationUnderline",pdfbox/src/main/java/org/apache/pdfbox/pdmodel/fdf/FDFAnnotationUnderline.java,1,1,1,1,9,0,4,5,1,5,0,,0,1,,,3,0,3,75,0,0,0,3,,44,3,18,5,6,23,,,6,10,5,5,,,,,1,1,1,1,3,0,0,1,28,3,3,3,3
Public Constructor,"org.apache.pdfbox.pdmodel.fdf.FDFAnnotationUnderline.FDFAnnotationUnderline()",pdfbox/src/main/java/org/apache/pdfbox/pdmodel/fdf/FDFAnnotationUnderline.java,,,,,,,,,,,,,,,,,,,,,,,,,3,8,0,5,1,2,3,3,1,2,3,1,2,1,1,1,1,,,,,,0,,0,60,1,1,1,1
Public Constructor,"org.apache.pdfbox.pdmodel.fdf.FDFAnnotationUnderline.FDFAnnotationUnderline(COSDictionary)",pdfbox/src/main/java/org/apache/pdfbox/pdmodel/fdf/FDFAnnotationUnderline.java,,,,,,,,,,,,,,,,,,,,,,,,,2,9,0,4,1,1,5,2,1,1,2,1,1,1,1,1,1,,,,,,0,,1,25,1,1,1,1
Public Constructor,"org.apache.pdfbox.pdmodel.fdf.FDFAnnotationUnderline.FDFAnnotationUnderline(Element)",pdfbox/src/main/java/org/apache/pdfbox/pdmodel/fdf/FDFAnnotationUnderline.java,,,,,,,,,,,,,,,,,,,,,,,,,5,12,0,5,1,2,7,3,1,2,3,1,2,1,1,1,1,,,,,,0,,1,40,1,1,1,1
Public Class,"org.apache.pdfbox.pdmodel.fdf.FDFCatalog",pdfbox/src/main/java/org/apache/pdfbox/pdmodel/fdf/FDFCatalog.java,1,1,1,1,10,0,5,5,2,9,0,,0,0,,,11,1,11,23,0,0,0,11,,135,11,64,19,21,60,,,21,34,18,20,,,,,2,2,2,1,1,1,18,0,94,13,13,13,11
Public Constructor,"org.apache.pdfbox.pdmodel.fdf.FDFCatalog.FDFCatalog()",pdfbox/src/main/java/org/apache/pdfbox/pdmodel/fdf/FDFCatalog.java,,,,,,,,,,,,,,,,,,,,,,,,,3,7,0,4,1,1,3,3,1,1,2,1,1,1,1,1,1,,,,,,0,,0,75,1,1,1,1
Public Constructor,"org.apache.pdfbox.pdmodel.fdf.FDFCatalog.FDFCatalog(COSDictionary)",pdfbox/src/main/java/org/apache/pdfbox/pdmodel/fdf/FDFCatalog.java,,,,,,,,,,,,,,,,,,,,,,,,,2,9,0,4,1,1,5,2,1,1,2,1,1,1,1,1,1,,,,,,0,,1,25,1,1,1,1
Public Constructor,"org.apache.pdfbox.pdmodel.fdf.FDFCatalog.FDFCatalog(Element)",pdfbox/src/main/java/org/apache/pdfbox/pdmodel/fdf/FDFCatalog.java,,,,,,,,,,,,,,,,,,,,,,,,,2,11,0,6,2,3,5,4,1,3,4,2,3,1,1,1,1,,,,,,0,,0,83,1,1,1,1
Public Method,"org.apache.pdfbox.pdmodel.fdf.FDFCatalog.getCOSObject()",pdfbox/src/main/java/org/apache/pdfbox/pdmodel/fdf/FDFCatalog.java,,,,,,,,,,,,,,,,,,,,,,,,,1,10,0,5,2,1,5,1,1,1,2,1,1,1,1,1,1,,,,,,0,,1,00,1,1,1,1
Public Method,"org.apache.pdfbox.pdmodel.fdf.FDFCatalog.getFDF()",pdfbox/src/main/java/org/apache/pdfbox/pdmodel/fdf/FDFCatalog.java,,,,,,,,,,,,,,,,,,,,,,,,,6,20,0,15,3,7,5,5,2,6,8,3,6,2,2,2,1,,,,,,1,,0,33,2,2,2,1
Public Method,"org.apache.pdfbox.pdmodel.fdf.FDFCatalog.getSignature()",pdfbox/src/main/java/org/apache/pdfbox/pdmodel/fdf/FDFCatalog.java,,,,,,,,,,,,,,,,,,,,,,,,,2,10,0,5,2,2,5,3,1,2,3,2,2,2,2,2,1,,,,,,0,,1,00,2,2,2,1
Public Method,"org.apache.pdfbox.pdmodel.fdf.FDFCatalog.getVersion()",pdfbox/src/main/java/org/apache/pdfbox/pdmodel/fdf/FDFCatalog.java,,,,,,,,,,,,,,,,,,,,,,,,,2,9,0,4,1,1,5,2,1,1,2,1,1,1,1,1,1,,,,,,0,,1,25,1,1,1,1
Public Final Method,"org.apache.pdfbox.pdmodel.fdf.FDFCatalog.setFDF(FDFDictionary)",pdfbox/src/main/java/org/apache/pdfbox/pdmodel/fdf/FDFCatalog.java,,,,,,,,,,,,,,,,,,,,,,,,,6,9,0,4,1,1,5,1,1,1,2,1,1,1,1,1,1,,,,,,0,,1,25,1,1,1,1
Public Method,"org.apache.pdfbox.pdmodel.fdf.FDFCatalog.setSignature(PDSignature)",pdfbox/src/main/java/org/apache/pdfbox/pdmodel/fdf/FDFCatalog.java,,,,,,,,,,,,,,,,,,,,,,,,,3,9,0,4,1,1,5,1,1,1,2,1,1,1,1,1,1,,,,,,0,,1,25,1,1,1,1
Public Method,"org.apache.pdfbox.pdmodel.fdf.FDFCatalog.setVersion(String)",pdfbox/src/main/java/org/apache/pdfbox/pdmodel/fdf/FDFCatalog.java,,,,,,,,,,,,,,,,,,,,,,,,,3,9,0,4,1,1,5,1,1,1,2,1,1,1,1,1,1,,,,,,0,,1,25,1,1,1,1
Public Method,"org.apache.pdfbox.pdmodel.fdf.FDFCatalog.writeXML(Writer)",pdfbox/src/main/java/org/apache/pdfbox/pdmodel/fdf/FDFCatalog.java,,,,,,,,,,,,,,,,,,,,,,,,,2,12,0,5,2,2,7,2,1,2,3,2,2,1,1,1,1,,,,,,0,,1,40,1,1,1,1
Public Class,"org.apache.pdfbox.pdmodel.fdf.FDFDictionary",pdfbox/src/main/java/org/apache/pdfbox/pdmodel/fdf/FDFDictionary.java,2,1,2,1,17,0,12,5,2,41,0,,0,1,,,27,1,27,39,0,0,0,27,,515,31,331,65,186,153,,,144,198,72,155,,,,,32,13,33,1,1,7,7,0,46,72,53,74,27
Public Constructor,"org.apache.pdfbox.pdmodel.fdf.FDFDictionary.FDFDictionary()",pdfbox/src/main/java/org/apache/pdfbox/pdmodel/fdf/FDFDictionary.java,,,,,,,,,,,,,,,,,,,,,,,,,3,7,0,4,1,1,3,3,1,1,2,1,1,1,1,1,1,,,,,,0,,0,75,1,1,1,1
Public Constructor,"org.apache.pdfbox.pdmodel.fdf.FDFDictionary.FDFDictionary(COSDictionary)",pdfbox/src/main/java/org/apache/pdfbox/pdmodel/fdf/FDFDictionary.java,,,,,,,,,,,,,,,,,,,,,,,,,2,9,0,4,1,1,5,2,1,1,2,1,1,1,1,1,1,,,,,,0,,1,25,1,1,1,1
Public Constructor,"org.apache.pdfbox.pdmodel.fdf.FDFDictionary.FDFDictionary(Element)",pdfbox/src/main/java/org/apache/pdfbox/pdmodel/fdf/FDFDictionary.java,,,,,,,,,,,,,,,,,,,,,,,,,7,155,0,149,16,113,6,40,33,75,88,19,82,32,13,33,1,,,,,,7,,0,04,32,13,33,1
Public Method,"org.apache.pdfbox.pdmodel.fdf.FDFDictionary.getAnnotations()",pdfbox/src/main/java/org/apache/pdfbox/pdmodel/fdf/FDFDictionary.java,,,,,,,,,,,,,,,,,,,,,,,,,3,23,0,15,4,8,8,8,3,8,11,5,8,3,3,3,1,,,,,,2,,0,53,3,3,3,1
Public Method,"org.apache.pdfbox.pdmodel.fdf.FDFDictionary.getCOSObject()",pdfbox/src/main/java/org/apache/pdfbox/pdmodel/fdf/FDFDictionary.java,,,,,,,,,,,,,,,,,,,,,,,,,1,10,0,5,2,1,5,1,1,1,2,1,1,1,1,1,1,,,,,,0,,1,00,1,1,1,1
Public Method,"org.apache.pdfbox.pdmodel.fdf.FDFDictionary.getDifferences()",pdfbox/src/main/java/org/apache/pdfbox/pdmodel/fdf/FDFDictionary.java,,,,,,,,,,,,,,,,,,,,,,,,,2,9,0,4,1,1,5,2,1,1,2,1,1,1,1,1,1,,,,,,0,,1,25,1,1,1,1
Public Method,"org.apache.pdfbox.pdmodel.fdf.FDFDictionary.getEmbeddedFDFs()",pdfbox/src/main/java/org/apache/pdfbox/pdmodel/fdf/FDFDictionary.java,,,,,,,,,,,,,,,,,,,,,,,,,2,23,0,15,4,8,8,8,3,8,11,5,8,3,3,3,1,,,,,,2,,0,53,3,3,3,1
Public Method,"org.apache.pdfbox.pdmodel.fdf.FDFDictionary.getEncoding()",pdfbox/src/main/java/org/apache/pdfbox/pdmodel/fdf/FDFDictionary.java,,,,,,,,,,,,,,,,,,,,,,,,,2,15,1,9,2,4,5,2,2,3,5,2,4,2,2,2,1,,,,,,1,,0,56,2,2,2,1
Public Method,"org.apache.pdfbox.pdmodel.fdf.FDFDictionary.getFields()",pdfbox/src/main/java/org/apache/pdfbox/pdmodel/fdf/FDFDictionary.java,,,,,,,,,,,,,,,,,,,,,,,,,5,20,0,15,4,8,5,8,3,8,11,5,8,3,3,3,1,,,,,,2,,0,33,3,3,3,1
Public Method,"org.apache.pdfbox.pdmodel.fdf.FDFDictionary.getFile()",pdfbox/src/main/java/org/apache/pdfbox/pdmodel/fdf/FDFDictionary.java,,,,,,,,,,,,,,,,,,,,,,,,,3,12,0,4,1,1,8,3,1,1,2,1,1,1,1,1,1,,,,,,0,,2,00,1,1,1,1
Public Method,"org.apache.pdfbox.pdmodel.fdf.FDFDictionary.getID()",pdfbox/src/main/java/org/apache/pdfbox/pdmodel/fdf/FDFDictionary.java,,,,,,,,,,,,,,,,,,,,,,,,,3,9,0,4,1,1,5,2,1,1,2,1,1,1,1,1,1,,,,,,0,,1,25,1,1,1,1
Public Method,"org.apache.pdfbox.pdmodel.fdf.FDFDictionary.getJavaScript()",pdfbox/src/main/java/org/apache/pdfbox/pdmodel/fdf/FDFDictionary.java,,,,,,,,,,,,,,,,,,,,,,,,,2,10,0,5,2,2,5,3,1,2,3,2,2,2,2,2,1,,,,,,0,,1,00,2,2,2,1
Public Method,"org.apache.pdfbox.pdmodel.fdf.FDFDictionary.getPages()",pdfbox/src/main/java/org/apache/pdfbox/pdmodel/fdf/FDFDictionary.java,,,,,,,,,,,,,,,,,,,,,,,,,2,20,0,15,4,8,5,8,3,8,11,5,8,3,3,3,1,,,,,,2,,0,33,3,3,3,1
Public Method,"org.apache.pdfbox.pdmodel.fdf.FDFDictionary.getStatus()",pdfbox/src/main/java/org/apache/pdfbox/pdmodel/fdf/FDFDictionary.java,,,,,,,,,,,,,,,,,,,,,,,,,2,9,0,4,1,1,5,2,1,1,2,1,1,1,1,1,1,,,,,,0,,1,25,1,1,1,1
Public Method,"org.apache.pdfbox.pdmodel.fdf.FDFDictionary.getTarget()",pdfbox/src/main/java/org/apache/pdfbox/pdmodel/fdf/FDFDictionary.java,,,,,,,,,,,,,,,,,,,,,,,,,2,9,0,4,1,1,5,2,1,1,2,1,1,1,1,1,1,,,,,,0,,1,25,1,1,1,1
Public Final Method,"org.apache.pdfbox.pdmodel.fdf.FDFDictionary.setAnnotations(List<FDFAnnotation>)",pdfbox/src/main/java/org/apache/pdfbox/pdmodel/fdf/FDFDictionary.java,,,,,,,,,,,,,,,,,,,,,,,,,4,10,0,4,1,1,6,2,1,1,2,1,1,1,1,1,1,,,,,,0,,1,50,1,1,1,1
Public Method,"org.apache.pdfbox.pdmodel.fdf.FDFDictionary.setDifferences(COSStream)",pdfbox/src/main/java/org/apache/pdfbox/pdmodel/fdf/FDFDictionary.java,,,,,,,,,,,,,,,,,,,,,,,,,3,9,0,4,1,1,5,1,1,1,2,1,1,1,1,1,1,,,,,,0,,1,25,1,1,1,1
Public Method,"org.apache.pdfbox.pdmodel.fdf.FDFDictionary.setEmbeddedFDFs(List<PDFileSpecification>)",pdfbox/src/main/java/org/apache/pdfbox/pdmodel/fdf/FDFDictionary.java,,,,,,,,,,,,,,,,,,,,,,,,,3,10,0,4,1,1,6,2,1,1,2,1,1,1,1,1,1,,,,,,0,,1,50,1,1,1,1
Public Method,"org.apache.pdfbox.pdmodel.fdf.FDFDictionary.setEncoding(String)",pdfbox/src/main/java/org/apache/pdfbox/pdmodel/fdf/FDFDictionary.java,,,,,,,,,,,,,,,,,,,,,,,,,3,9,0,4,1,1,5,1,1,1,2,1,1,1,1,1,1,,,,,,0,,1,25,1,1,1,1
Public Final Method,"org.apache.pdfbox.pdmodel.fdf.FDFDictionary.setFields(List<FDFField>)",pdfbox/src/main/java/org/apache/pdfbox/pdmodel/fdf/FDFDictionary.java,,,,,,,,,,,,,,,,,,,,,,,,,5,9,0,4,1,1,5,2,1,1,2,1,1,1,1,1,1,,,,,,0,,1,25,1,1,1,1
Public Final Method,"org.apache.pdfbox.pdmodel.fdf.FDFDictionary.setFile(PDFileSpecification)",pdfbox/src/main/java/org/apache/pdfbox/pdmodel/fdf/FDFDictionary.java,,,,,,,,,,,,,,,,,,,,,,,,,4,9,0,4,1,1,5,1,1,1,2,1,1,1,1,1,1,,,,,,0,,1,25,1,1,1,1
Public Final Method,"org.apache.pdfbox.pdmodel.fdf.FDFDictionary.setID(COSArray)",pdfbox/src/main/java/org/apache/pdfbox/pdmodel/fdf/FDFDictionary.java,,,,,,,,,,,,,,,,,,,,,,,,,5,9,0,4,1,1,5,1,1,1,2,1,1,1,1,1,1,,,,,,0,,1,25,1,1,1,1
Public Method,"org.apache.pdfbox.pdmodel.fdf.FDFDictionary.setJavaScript(FDFJavaScript)",pdfbox/src/main/java/org/apache/pdfbox/pdmodel/fdf/FDFDictionary.java,,,,,,,,,,,,,,,,,,,,,,,,,3,9,0,4,1,1,5,1,1,1,2,1,1,1,1,1,1,,,,,,0,,1,25,1,1,1,1
Public Method,"org.apache.pdfbox.pdmodel.fdf.FDFDictionary.setPages(List<FDFPage>)",pdfbox/src/main/java/org/apache/pdfbox/pdmodel/fdf/FDFDictionary.java,,,,,,,,,,,,,,,,,,,,,,,,,3,10,0,4,1,1,6,2,1,1,2,1,1,1,1,1,1,,,,,,0,,1,50,1,1,1,1
Public Method,"org.apache.pdfbox.pdmodel.fdf.FDFDictionary.setStatus(String)",pdfbox/src/main/java/org/apache/pdfbox/pdmodel/fdf/FDFDictionary.java,,,,,,,,,,,,,,,,,,,,,,,,,3,9,0,4,1,1,5,1,1,1,2,1,1,1,1,1,1,,,,,,0,,1,25,1,1,1,1
Public Method,"org.apache.pdfbox.pdmodel.fdf.FDFDictionary.setTarget(String)",pdfbox/src/main/java/org/apache/pdfbox/pdmodel/fdf/FDFDictionary.java,,,,,,,,,,,,,,,,,,,,,,,,,3,9,0,4,1,1,5,1,1,1,2,1,1,1,1,1,1,,,,,,0,,1,25,1,1,1,1
Public Method,"org.apache.pdfbox.pdmodel.fdf.FDFDictionary.writeXML(Writer)",pdfbox/src/main/java/org/apache/pdfbox/pdmodel/fdf/FDFDictionary.java,,,,,,,,,,,,,,,,,,,,,,,,,2,33,0,26,6,15,7,9,12,11,17,7,15,5,5,6,1,,,,,,2,,0,27,5,5,6,1
Public Class,"org.apache.pdfbox.pdmodel.fdf.FDFDocument",pdfbox/src/main/java/org/apache/pdfbox/pdmodel/fdf/FDFDocument.java,1,1,1,1,13,0,7,6,2,19,0,,0,0,,,14,1,14,26,0,0,0,14,,219,18,109,25,46,93,,,37,58,24,41,,,,,2,2,2,1,1,1,57,0,85,17,17,17,14
Public Constructor,"org.apache.pdfbox.pdmodel.fdf.FDFDocument.FDFDocument()",pdfbox/src/main/java/org/apache/pdfbox/pdmodel/fdf/FDFDocument.java,,,,,,,,,,,,,,,,,,,,,,,,,3,17,2,9,2,6,6,10,1,6,7,2,6,1,1,1,1,,,,,,0,,0,67,1,1,1,1
Public Constructor,"org.apache.pdfbox.pdmodel.fdf.FDFDocument.FDFDocument(COSDocument)",pdfbox/src/main/java/org/apache/pdfbox/pdmodel/fdf/FDFDocument.java,,,,,,,,,,,,,,,,,,,,,,,,,3,10,0,5,1,2,5,4,1,2,3,1,2,1,1,1,1,,,,,,0,,1,00,1,1,1,1
Public Constructor,"org.apache.pdfbox.pdmodel.fdf.FDFDocument.FDFDocument(Document)",pdfbox/src/main/java/org/apache/pdfbox/pdmodel/fdf/FDFDocument.java,,,,,,,,,,,,,,,,,,,,,,,,,2,18,0,12,3,7,6,8,2,5,7,3,6,2,2,2,1,,,,,,1,,0,50,2,2,2,1
Public Method,"org.apache.pdfbox.pdmodel.fdf.FDFDocument.close()",pdfbox/src/main/java/org/apache/pdfbox/pdmodel/fdf/FDFDocument.java,,,,,,,,,,,,,,,,,,,,,,,,,1,10,0,5,2,1,5,1,1,1,2,1,1,1,1,1,1,,,,,,0,,1,00,1,1,1,1
Public Method,"org.apache.pdfbox.pdmodel.fdf.FDFDocument.getCatalog()",pdfbox/src/main/java/org/apache/pdfbox/pdmodel/fdf/FDFDocument.java,,,,,,,,,,,,,,,,,,,,,,,,,7,21,0,16,4,9,5,6,2,7,9,4,7,2,2,2,1,,,,,,1,,0,31,2,2,2,1
Public Method,"org.apache.pdfbox.pdmodel.fdf.FDFDocument.getDocument()",pdfbox/src/main/java/org/apache/pdfbox/pdmodel/fdf/FDFDocument.java,,,,,,,,,,,,,,,,,,,,,,,,,2,9,0,4,1,1,5,1,1,1,2,1,1,1,1,1,1,,,,,,0,,1,25,1,1,1,1
Public Method,"org.apache.pdfbox.pdmodel.fdf.FDFDocument.save(File)",pdfbox/src/main/java/org/apache/pdfbox/pdmodel/fdf/FDFDocument.java,,,,,,,,,,,,,,,,,,,,,,,,,3,14,0,7,1,2,7,2,1,1,3,1,2,1,1,1,1,,,,,,1,,1,00,1,1,1,1
Public Method,"org.apache.pdfbox.pdmodel.fdf.FDFDocument.save(OutputStream)",pdfbox/src/main/java/org/apache/pdfbox/pdmodel/fdf/FDFDocument.java,,,,,,,,,,,,,,,,,,,,,,,,,2,12,0,5,2,2,7,2,1,2,3,2,2,1,1,1,1,,,,,,0,,1,40,1,1,1,1
Public Method,"org.apache.pdfbox.pdmodel.fdf.FDFDocument.save(String)",pdfbox/src/main/java/org/apache/pdfbox/pdmodel/fdf/FDFDocument.java,,,,,,,,,,,,,,,,,,,,,,,,,1,11,0,4,1,1,7,2,1,1,2,1,1,1,1,1,1,,,,,,0,,1,75,1,1,1,1
Public Method,"org.apache.pdfbox.pdmodel.fdf.FDFDocument.saveXFDF(File)",pdfbox/src/main/java/org/apache/pdfbox/pdmodel/fdf/FDFDocument.java,,,,,,,,,,,,,,,,,,,,,,,,,4,15,0,8,1,3,7,4,1,1,3,1,2,1,1,1,1,,,,,,1,,0,88,1,1,1,1
Public Method,"org.apache.pdfbox.pdmodel.fdf.FDFDocument.saveXFDF(String)",pdfbox/src/main/java/org/apache/pdfbox/pdmodel/fdf/FDFDocument.java,,,,,,,,,,,,,,,,,,,,,,,,,1,11,0,4,1,1,7,2,1,1,2,1,1,1,1,1,1,,,,,,0,,1,75,1,1,1,1
Public Method,"org.apache.pdfbox.pdmodel.fdf.FDFDocument.saveXFDF(Writer)",pdfbox/src/main/java/org/apache/pdfbox/pdmodel/fdf/FDFDocument.java,,,,,,,,,,,,,,,,,,,,,,,,,3,21,0,14,1,5,7,2,2,2,5,1,4,2,2,2,1,,,,,,1,,0,50,2,2,2,1
Public Final Method,"org.apache.pdfbox.pdmodel.fdf.FDFDocument.setCatalog(FDFCatalog)",pdfbox/src/main/java/org/apache/pdfbox/pdmodel/fdf/FDFDocument.java,,,,,,,,,,,,,,,,,,,,,,,,,6,10,0,5,2,2,5,2,1,2,3,2,2,1,1,1,1,,,,,,0,,1,00,1,1,1,1
Public Method,"org.apache.pdfbox.pdmodel.fdf.FDFDocument.writeXML(Writer)",pdfbox/src/main/java/org/apache/pdfbox/pdmodel/fdf/FDFDocument.java,,,,,,,,,,,,,,,,,,,,,,,,,2,16,2,7,1,4,8,3,1,4,5,1,4,1,1,1,1,,,,,,0,,1,14,1,1,1,1
Public Class,"org.apache.pdfbox.pdmodel.fdf.FDFField",pdfbox/src/main/java/org/apache/pdfbox/pdmodel/fdf/FDFField.java,2,2,2,1,15,0,9,5,2,28,0,,0,0,,,47,1,47,59,0,1,0,46,,763,51,454,93,214,261,,,163,256,98,185,,,,,8,7,8,6,1,3,6,0,57,100,94,103,54
Public Constructor,"org.apache.pdfbox.pdmodel.fdf.FDFField.FDFField()",pdfbox/src/main/java/org/apache/pdfbox/pdmodel/fdf/FDFField.java,,,,,,,,,,,,,,,,,,,,,,,,,7,7,0,4,1,1,3,3,1,1,2,1,1,1,1,1,1,,,,,,0,,0,75,1,1,1,1
Public Constructor,"org.apache.pdfbox.pdmodel.fdf.FDFField.FDFField(COSDictionary)",pdfbox/src/main/java/org/apache/pdfbox/pdmodel/fdf/FDFField.java,,,,,,,,,,,,,,,,,,,,,,,,,4,9,0,4,1,1,5,2,1,1,2,1,1,1,1,1,1,,,,,,0,,1,25,1,1,1,1
Public Constructor,"org.apache.pdfbox.pdmodel.fdf.FDFField.FDFField(Element)",pdfbox/src/main/java/org/apache/pdfbox/pdmodel/fdf/FDFField.java,,,,,,,,,,,,,,,,,,,,,,,,,2,40,1,33,5,22,6,16,12,16,21,6,18,7,5,7,1,,,,,,3,,0,18,7,5,7,1
Private Method,"org.apache.pdfbox.pdmodel.fdf.FDFField.escapeXML(String)",pdfbox/src/main/java/org/apache/pdfbox/pdmodel/fdf/FDFField.java,,,,,,,,,,,,,,,,,,,,,,,,,2,43,0,36,3,25,7,8,8,17,21,4,19,8,4,8,1,,,,,,3,,0,19,8,4,8,1
Public Method,"org.apache.pdfbox.pdmodel.fdf.FDFField.getAction()",pdfbox/src/main/java/org/apache/pdfbox/pdmodel/fdf/FDFField.java,,,,,,,,,,,,,,,,,,,,,,,,,2,9,0,4,1,1,5,3,1,1,2,1,1,1,1,1,1,,,,,,0,,1,25,1,1,1,1
Public Method,"org.apache.pdfbox.pdmodel.fdf.FDFField.getAdditionalActions()",pdfbox/src/main/java/org/apache/pdfbox/pdmodel/fdf/FDFField.java,,,,,,,,,,,,,,,,,,,,,,,,,2,10,0,5,2,2,5,3,1,2,3,2,2,2,2,2,1,,,,,,0,,1,00,2,2,2,1
Public Method,"org.apache.pdfbox.pdmodel.fdf.FDFField.getAppearanceDictionary()",pdfbox/src/main/java/org/apache/pdfbox/pdmodel/fdf/FDFField.java,,,,,,,,,,,,,,,,,,,,,,,,,2,10,0,5,2,2,5,3,1,2,3,2,2,2,2,2,1,,,,,,0,,1,00,2,2,2,1
Public Method,"org.apache.pdfbox.pdmodel.fdf.FDFField.getAppearanceStreamReference()",pdfbox/src/main/java/org/apache/pdfbox/pdmodel/fdf/FDFField.java,,,,,,,,,,,,,,,,,,,,,,,,,2,10,0,5,2,2,5,3,1,2,3,2,2,2,2,2,1,,,,,,0,,1,00,2,2,2,1
Public Method,"org.apache.pdfbox.pdmodel.fdf.FDFField.getCOSObject()",pdfbox/src/main/java/org/apache/pdfbox/pdmodel/fdf/FDFField.java,,,,,,,,,,,,,,,,,,,,,,,,,1,10,0,5,2,1,5,1,1,1,2,1,1,1,1,1,1,,,,,,0,,1,00,1,1,1,1
Public Method,"org.apache.pdfbox.pdmodel.fdf.FDFField.getCOSValue()",pdfbox/src/main/java/org/apache/pdfbox/pdmodel/fdf/FDFField.java,,,,,,,,,,,,,,,,,,,,,,,,,6,22,0,16,2,9,9,3,3,4,7,2,6,3,3,6,1,,,,,,1,,0,56,3,3,6,1
Public Method,"org.apache.pdfbox.pdmodel.fdf.FDFField.getClearFieldFlags()",pdfbox/src/main/java/org/apache/pdfbox/pdmodel/fdf/FDFField.java,,,,,,,,,,,,,,,,,,,,,,,,,3,15,0,10,3,5,5,3,2,4,6,3,4,2,2,2,1,,,,,,1,,0,50,2,2,2,1
Public Method,"org.apache.pdfbox.pdmodel.fdf.FDFField.getClearWidgetFieldFlags()",pdfbox/src/main/java/org/apache/pdfbox/pdmodel/fdf/FDFField.java,,,,,,,,,,,,,,,,,,,,,,,,,3,15,0,10,3,5,5,3,2,4,6,3,4,2,2,2,1,,,,,,1,,0,50,2,2,2,1
Public Method,"org.apache.pdfbox.pdmodel.fdf.FDFField.getFieldFlags()",pdfbox/src/main/java/org/apache/pdfbox/pdmodel/fdf/FDFField.java,,,,,,,,,,,,,,,,,,,,,,,,,3,15,0,10,3,5,5,3,2,4,6,3,4,2,2,2,1,,,,,,1,,0,50,2,2,2,1
Public Method,"org.apache.pdfbox.pdmodel.fdf.FDFField.getIconFit()",pdfbox/src/main/java/org/apache/pdfbox/pdmodel/fdf/FDFField.java,,,,,,,,,,,,,,,,,,,,,,,,,2,10,0,5,2,2,5,3,1,2,3,2,2,2,2,2,1,,,,,,0,,1,00,2,2,2,1
Public Method,"org.apache.pdfbox.pdmodel.fdf.FDFField.getKids()",pdfbox/src/main/java/org/apache/pdfbox/pdmodel/fdf/FDFField.java,,,,,,,,,,,,,,,,,,,,,,,,,4,20,0,14,3,7,6,8,3,7,10,4,8,3,3,3,1,,,,,,2,,0,43,3,3,3,1
Public Method,"org.apache.pdfbox.pdmodel.fdf.FDFField.getOptions()",pdfbox/src/main/java/org/apache/pdfbox/pdmodel/fdf/FDFField.java,,,,,,,,,,,,,,,,,,,,,,,,,2,29,0,23,5,12,6,9,4,10,14,6,11,4,4,4,1,,,,,,3,,0,26,4,4,4,1
Public Method,"org.apache.pdfbox.pdmodel.fdf.FDFField.getPartialFieldName()",pdfbox/src/main/java/org/apache/pdfbox/pdmodel/fdf/FDFField.java,,,,,,,,,,,,,,,,,,,,,,,,,6,12,0,4,1,1,8,2,1,1,2,1,1,1,1,1,1,,,,,,0,,2,00,1,1,1,1
Public Method,"org.apache.pdfbox.pdmodel.fdf.FDFField.getRichText()",pdfbox/src/main/java/org/apache/pdfbox/pdmodel/fdf/FDFField.java,,,,,,,,,,,,,,,,,,,,,,,,,3,21,0,16,2,7,5,4,3,4,7,2,6,3,3,3,3,,,,,,1,,0,31,3,3,3,3
Public Method,"org.apache.pdfbox.pdmodel.fdf.FDFField.getSetFieldFlags()",pdfbox/src/main/java/org/apache/pdfbox/pdmodel/fdf/FDFField.java,,,,,,,,,,,,,,,,,,,,,,,,,3,15,0,10,3,5,5,3,2,4,6,3,4,2,2,2,1,,,,,,1,,0,50,2,2,2,1
Public Method,"org.apache.pdfbox.pdmodel.fdf.FDFField.getSetWidgetFieldFlags()",pdfbox/src/main/java/org/apache/pdfbox/pdmodel/fdf/FDFField.java,,,,,,,,,,,,,,,,,,,,,,,,,3,15,0,10,3,5,5,3,2,4,6,3,4,2,2,2,1,,,,,,1,,0,50,2,2,2,1
Public Method,"org.apache.pdfbox.pdmodel.fdf.FDFField.getValue()",pdfbox/src/main/java/org/apache/pdfbox/pdmodel/fdf/FDFField.java,,,,,,,,,,,,,,,,,,,,,,,,,8,36,0,28,2,13,8,7,6,7,13,2,12,6,6,6,6,,,,,,1,,0,29,6,6,6,6
Public Method,"org.apache.pdfbox.pdmodel.fdf.FDFField.getWidgetFieldFlags()",pdfbox/src/main/java/org/apache/pdfbox/pdmodel/fdf/FDFField.java,,,,,,,,,,,,,,,,,,,,,,,,,2,15,0,10,3,5,5,3,2,4,6,3,4,2,2,2,1,,,,,,1,,0,50,2,2,2,1
Public Method,"org.apache.pdfbox.pdmodel.fdf.FDFField.setAction(PDAction)",pdfbox/src/main/java/org/apache/pdfbox/pdmodel/fdf/FDFField.java,,,,,,,,,,,,,,,,,,,,,,,,,3,9,0,4,1,1,5,1,1,1,2,1,1,1,1,1,1,,,,,,0,,1,25,1,1,1,1
Public Method,"org.apache.pdfbox.pdmodel.fdf.FDFField.setAdditionalActions(PDAdditionalActions)",pdfbox/src/main/java/org/apache/pdfbox/pdmodel/fdf/FDFField.java,,,,,,,,,,,,,,,,,,,,,,,,,3,9,0,4,1,1,5,1,1,1,2,1,1,1,1,1,1,,,,,,0,,1,25,1,1,1,1
Public Method,"org.apache.pdfbox.pdmodel.fdf.FDFField.setAppearanceDictionary(PDAppearanceDictionary)",pdfbox/src/main/java/org/apache/pdfbox/pdmodel/fdf/FDFField.java,,,,,,,,,,,,,,,,,,,,,,,,,3,9,0,4,1,1,5,1,1,1,2,1,1,1,1,1,1,,,,,,0,,1,25,1,1,1,1
Public Method,"org.apache.pdfbox.pdmodel.fdf.FDFField.setAppearanceStreamReference(FDFNamedPageReference)",pdfbox/src/main/java/org/apache/pdfbox/pdmodel/fdf/FDFField.java,,,,,,,,,,,,,,,,,,,,,,,,,3,9,0,4,1,1,5,1,1,1,2,1,1,1,1,1,1,,,,,,0,,1,25,1,1,1,1
Public Method,"org.apache.pdfbox.pdmodel.fdf.FDFField.setClearFieldFlags(Integer)",pdfbox/src/main/java/org/apache/pdfbox/pdmodel/fdf/FDFField.java,,,,,,,,,,,,,,,,,,,,,,,,,3,14,0,9,2,4,5,2,2,3,5,2,3,2,2,2,1,,,,,,1,,0,56,2,2,2,1
Public Method,"org.apache.pdfbox.pdmodel.fdf.FDFField.setClearFieldFlags(int)",pdfbox/src/main/java/org/apache/pdfbox/pdmodel/fdf/FDFField.java,,,,,,,,,,,,,,,,,,,,,,,,,3,9,0,4,1,1,5,1,1,1,2,1,1,1,1,1,1,,,,,,0,,1,25,1,1,1,1
Public Method,"org.apache.pdfbox.pdmodel.fdf.FDFField.setClearWidgetFieldFlags(Integer)",pdfbox/src/main/java/org/apache/pdfbox/pdmodel/fdf/FDFField.java,,,,,,,,,,,,,,,,,,,,,,,,,3,14,0,9,2,4,5,2,2,3,5,2,3,2,2,2,1,,,,,,1,,0,56,2,2,2,1
Public Method,"org.apache.pdfbox.pdmodel.fdf.FDFField.setClearWidgetFieldFlags(int)",pdfbox/src/main/java/org/apache/pdfbox/pdmodel/fdf/FDFField.java,,,,,,,,,,,,,,,,,,,,,,,,,3,9,0,4,1,1,5,1,1,1,2,1,1,1,1,1,1,,,,,,0,,1,25,1,1,1,1
Public Method,"org.apache.pdfbox.pdmodel.fdf.FDFField.setFieldFlags(Integer)",pdfbox/src/main/java/org/apache/pdfbox/pdmodel/fdf/FDFField.java,,,,,,,,,,,,,,,,,,,,,,,,,3,14,0,9,2,4,5,2,2,3,5,2,3,2,2,2,1,,,,,,1,,0,56,2,2,2,1
Public Method,"org.apache.pdfbox.pdmodel.fdf.FDFField.setFieldFlags(int)",pdfbox/src/main/java/org/apache/pdfbox/pdmodel/fdf/FDFField.java,,,,,,,,,,,,,,,,,,,,,,,,,3,9,0,4,1,1,5,1,1,1,2,1,1,1,1,1,1,,,,,,0,,1,25,1,1,1,1
Public Method,"org.apache.pdfbox.pdmodel.fdf.FDFField.setIconFit(FDFIconFit)",pdfbox/src/main/java/org/apache/pdfbox/pdmodel/fdf/FDFField.java,,,,,,,,,,,,,,,,,,,,,,,,,3,9,0,4,1,1,5,1,1,1,2,1,1,1,1,1,1,,,,,,0,,1,25,1,1,1,1
Public Final Method,"org.apache.pdfbox.pdmodel.fdf.FDFField.setKids(List<FDFField>)",pdfbox/src/main/java/org/apache/pdfbox/pdmodel/fdf/FDFField.java,,,,,,,,,,,,,,,,,,,,,,,,,5,9,0,4,1,1,5,2,1,1,2,1,1,1,1,1,1,,,,,,0,,1,25,1,1,1,1
Public Method,"org.apache.pdfbox.pdmodel.fdf.FDFField.setOptions(List<Object>)",pdfbox/src/main/java/org/apache/pdfbox/pdmodel/fdf/FDFField.java,,,,,,,,,,,,,,,,,,,,,,,,,3,11,0,5,2,2,6,2,1,2,3,2,2,1,1,1,1,,,,,,0,,1,20,1,1,1,1
Public Method,"org.apache.pdfbox.pdmodel.fdf.FDFField.setPartialFieldName(String)",pdfbox/src/main/java/org/apache/pdfbox/pdmodel/fdf/FDFField.java,,,,,,,,,,,,,,,,,,,,,,,,,6,9,0,4,1,1,5,1,1,1,2,1,1,1,1,1,1,,,,,,0,,1,25,1,1,1,1
Public Method,"org.apache.pdfbox.pdmodel.fdf.FDFField.setRichText(COSStream)",pdfbox/src/main/java/org/apache/pdfbox/pdmodel/fdf/FDFField.java,,,,,,,,,,,,,,,,,,,,,,,,,3,9,0,4,1,1,5,1,1,1,2,1,1,1,1,1,1,,,,,,0,,1,25,1,1,1,1
Public Method,"org.apache.pdfbox.pdmodel.fdf.FDFField.setRichText(COSString)",pdfbox/src/main/java/org/apache/pdfbox/pdmodel/fdf/FDFField.java,,,,,,,,,,,,,,,,,,,,,,,,,4,9,0,4,1,1,5,1,1,1,2,1,1,1,1,1,1,,,,,,0,,1,25,1,1,1,1
Public Method,"org.apache.pdfbox.pdmodel.fdf.FDFField.setSetFieldFlags(Integer)",pdfbox/src/main/java/org/apache/pdfbox/pdmodel/fdf/FDFField.java,,,,,,,,,,,,,,,,,,,,,,,,,3,14,0,9,2,4,5,2,2,3,5,2,3,2,2,2,1,,,,,,1,,0,56,2,2,2,1
Public Method,"org.apache.pdfbox.pdmodel.fdf.FDFField.setSetFieldFlags(int)",pdfbox/src/main/java/org/apache/pdfbox/pdmodel/fdf/FDFField.java,,,,,,,,,,,,,,,,,,,,,,,,,3,9,0,4,1,1,5,1,1,1,2,1,1,1,1,1,1,,,,,,0,,1,25,1,1,1,1
Public Method,"org.apache.pdfbox.pdmodel.fdf.FDFField.setSetWidgetFieldFlags(Integer)",pdfbox/src/main/java/org/apache/pdfbox/pdmodel/fdf/FDFField.java,,,,,,,,,,,,,,,,,,,,,,,,,3,15,0,9,2,4,6,2,2,3,5,2,3,2,2,2,1,,,,,,1,,0,67,2,2,2,1
Public Method,"org.apache.pdfbox.pdmodel.fdf.FDFField.setSetWidgetFieldFlags(int)",pdfbox/src/main/java/org/apache/pdfbox/pdmodel/fdf/FDFField.java,,,,,,,,,,,,,,,,,,,,,,,,,3,10,0,4,1,1,6,1,1,1,2,1,1,1,1,1,1,,,,,,0,,1,50,1,1,1,1
Public Method,"org.apache.pdfbox.pdmodel.fdf.FDFField.setValue(COSBase)",pdfbox/src/main/java/org/apache/pdfbox/pdmodel/fdf/FDFField.java,,,,,,,,,,,,,,,,,,,,,,,,,9,9,0,4,1,1,5,1,1,1,2,1,1,1,1,1,1,,,,,,0,,1,25,1,1,1,1
Public Method,"org.apache.pdfbox.pdmodel.fdf.FDFField.setValue(Object)",pdfbox/src/main/java/org/apache/pdfbox/pdmodel/fdf/FDFField.java,,,,,,,,,,,,,,,,,,,,,,,,,4,28,0,21,2,10,7,6,5,6,11,2,9,5,5,5,1,,,,,,1,,0,33,5,5,5,1
Public Method,"org.apache.pdfbox.pdmodel.fdf.FDFField.setWidgetFieldFlags(Integer)",pdfbox/src/main/java/org/apache/pdfbox/pdmodel/fdf/FDFField.java,,,,,,,,,,,,,,,,,,,,,,,,,3,15,0,9,2,4,6,2,2,3,5,2,3,2,2,2,1,,,,,,1,,0,67,2,2,2,1
Public Method,"org.apache.pdfbox.pdmodel.fdf.FDFField.setWidgetFieldFlags(int)",pdfbox/src/main/java/org/apache/pdfbox/pdmodel/fdf/FDFField.java,,,,,,,,,,,,,,,,,,,,,,,,,3,9,0,4,1,1,5,1,1,1,2,1,1,1,1,1,1,,,,,,0,,1,25,1,1,1,1
Public Method,"org.apache.pdfbox.pdmodel.fdf.FDFField.writeXML(Writer)",pdfbox/src/main/java/org/apache/pdfbox/pdmodel/fdf/FDFField.java,,,,,,,,,,,,,,,,,,,,,,,,,2,49,3,39,5,24,7,6,24,18,27,7,23,7,7,7,1,,,,,,2,,0,18,7,7,7,1
Class,"org.apache.pdfbox.pdmodel.fdf.FDFFieldTest",pdfbox/src/test/java/org/apache/pdfbox/pdmodel/fdf/FDFFieldTest.java,1,1,1,1,12,1,10,0,1,13,0,,0,0,,,5,0,5,17,4,1,0,0,,69,15,54,24,30,0,,,29,36,20,27,,,,,1,1,1,1,1,1,0,0,00,5,5,5,5
Private Method,"org.apache.pdfbox.pdmodel.fdf.FDFFieldTest.createStream(byte[],COSBase)",pdfbox/src/test/java/org/apache/pdfbox/pdmodel/fdf/FDFFieldTest.java,,,,,,,,,,,,,,,,,,,,,,,,,3,9,0,9,2,4,0,4,1,3,5,2,4,1,1,1,1,,,,,,1,,0,00,1,1,1,1
Method,"org.apache.pdfbox.pdmodel.fdf.FDFFieldTest.testCOSArrayValue()",pdfbox/src/test/java/org/apache/pdfbox/pdmodel/fdf/FDFFieldTest.java,,,,,,,,,,,,,,,,,,,,,,,,,0,15,3,12,5,8,0,8,1,8,9,4,8,1,1,1,1,,,,,,0,,0,00,1,1,1,1
Method,"org.apache.pdfbox.pdmodel.fdf.FDFFieldTest.testCOSNameValue()",pdfbox/src/test/java/org/apache/pdfbox/pdmodel/fdf/FDFFieldTest.java,,,,,,,,,,,,,,,,,,,,,,,,,0,12,2,10,5,6,0,6,1,6,7,4,5,1,1,1,1,,,,,,0,,0,00,1,1,1,1
Method,"org.apache.pdfbox.pdmodel.fdf.FDFFieldTest.testCOSStringValue()",pdfbox/src/test/java/org/apache/pdfbox/pdmodel/fdf/FDFFieldTest.java,,,,,,,,,,,,,,,,,,,,,,,,,0,12,2,10,5,6,0,6,1,6,7,4,5,1,1,1,1,,,,,,0,,0,00,1,1,1,1
Method,"org.apache.pdfbox.pdmodel.fdf.FDFFieldTest.testTextAsCOSStreamValue()",pdfbox/src/test/java/org/apache/pdfbox/pdmodel/fdf/FDFFieldTest.java,,,,,,,,,,,,,,,,,,,,,,,,,1,12,2,10,6,6,0,6,1,6,7,5,5,1,1,1,1,,,,,,0,,0,00,1,1,1,1
Public Class,"org.apache.pdfbox.pdmodel.fdf.FDFIconFit",pdfbox/src/main/java/org/apache/pdfbox/pdmodel/fdf/FDFIconFit.java,1,1,1,1,11,0,6,5,2,6,0,,0,6,,,11,1,11,23,0,0,0,11,,174,13,78,24,32,83,,,29,44,23,24,,,,,2,2,2,1,1,1,0,1,06,14,14,14,11
Public Constructor,"org.apache.pdfbox.pdmodel.fdf.FDFIconFit.FDFIconFit()",pdfbox/src/main/java/org/apache/pdfbox/pdmodel/fdf/FDFIconFit.java,,,,,,,,,,,,,,,,,,,,,,,,,0,7,0,4,1,1,3,3,1,1,2,1,1,1,1,1,1,,,,,,0,,0,75,1,1,1,1
Public Constructor,"org.apache.pdfbox.pdmodel.fdf.FDFIconFit.FDFIconFit(COSDictionary)",pdfbox/src/main/java/org/apache/pdfbox/pdmodel/fdf/FDFIconFit.java,,,,,,,,,,,,,,,,,,,,,,,,,2,9,0,4,1,1,5,2,1,1,2,1,1,1,1,1,1,,,,,,0,,1,25,1,1,1,1
Public Method,"org.apache.pdfbox.pdmodel.fdf.FDFIconFit.getCOSObject()",pdfbox/src/main/java/org/apache/pdfbox/pdmodel/fdf/FDFIconFit.java,,,,,,,,,,,,,,,,,,,,,,,,,1,10,0,5,2,1,5,1,1,1,2,1,1,1,1,1,1,,,,,,0,,1,00,1,1,1,1
Public Method,"org.apache.pdfbox.pdmodel.fdf.FDFIconFit.getFractionalSpaceToAllocate()",pdfbox/src/main/java/org/apache/pdfbox/pdmodel/fdf/FDFIconFit.java,,,,,,,,,,,,,,,,,,,,,,,,,2,27,0,17,3,10,10,7,2,8,10,3,8,2,2,2,1,,,,,,1,,0,59,2,2,2,1
Public Method,"org.apache.pdfbox.pdmodel.fdf.FDFIconFit.getScaleOption()",pdfbox/src/main/java/org/apache/pdfbox/pdmodel/fdf/FDFIconFit.java,,,,,,,,,,,,,,,,,,,,,,,,,3,15,0,9,2,4,6,2,2,3,5,2,4,2,2,2,1,,,,,,1,,0,67,2,2,2,1
Public Method,"org.apache.pdfbox.pdmodel.fdf.FDFIconFit.getScaleType()",pdfbox/src/main/java/org/apache/pdfbox/pdmodel/fdf/FDFIconFit.java,,,,,,,,,,,,,,,,,,,,,,,,,3,15,0,9,2,4,6,2,2,3,5,2,4,2,2,2,1,,,,,,1,,0,67,2,2,2,1
Public Method,"org.apache.pdfbox.pdmodel.fdf.FDFIconFit.setFractionalSpaceToAllocate(PDRange)",pdfbox/src/main/java/org/apache/pdfbox/pdmodel/fdf/FDFIconFit.java,,,,,,,,,,,,,,,,,,,,,,,,,4,9,0,4,1,1,5,1,1,1,2,1,1,1,1,1,1,,,,,,0,,1,25,1,1,1,1
Public Method,"org.apache.pdfbox.pdmodel.fdf.FDFIconFit.setScaleOption(String)",pdfbox/src/main/java/org/apache/pdfbox/pdmodel/fdf/FDFIconFit.java,,,,,,,,,,,,,,,,,,,,,,,,,3,9,0,4,1,1,5,1,1,1,2,1,1,1,1,1,1,,,,,,0,,1,25,1,1,1,1
Public Method,"org.apache.pdfbox.pdmodel.fdf.FDFIconFit.setScaleToFitAnnotation(boolean)",pdfbox/src/main/java/org/apache/pdfbox/pdmodel/fdf/FDFIconFit.java,,,,,,,,,,,,,,,,,,,,,,,,,3,9,0,4,1,1,5,1,1,1,2,1,1,1,1,1,1,,,,,,0,,1,25,1,1,1,1
Public Method,"org.apache.pdfbox.pdmodel.fdf.FDFIconFit.setScaleType(String)",pdfbox/src/main/java/org/apache/pdfbox/pdmodel/fdf/FDFIconFit.java,,,,,,,,,,,,,,,,,,,,,,,,,3,9,0,4,1,1,5,1,1,1,2,1,1,1,1,1,1,,,,,,0,,1,25,1,1,1,1
Public Method,"org.apache.pdfbox.pdmodel.fdf.FDFIconFit.shouldScaleToFitAnnotation()",pdfbox/src/main/java/org/apache/pdfbox/pdmodel/fdf/FDFIconFit.java,,,,,,,,,,,,,,,,,,,,,,,,,2,9,0,4,1,1,5,2,1,1,2,1,1,1,1,1,1,,,,,,0,,1,25,1,1,1,1
Public Class,"org.apache.pdfbox.pdmodel.fdf.FDFJavaScript",pdfbox/src/main/java/org/apache/pdfbox/pdmodel/fdf/FDFJavaScript.java,2,2,2,1,14,0,9,4,2,13,0,,0,0,,,9,1,9,21,0,0,0,9,,151,9,93,20,38,49,,,29,48,20,36,,,,,6,6,6,3,1,4,0,0,53,19,19,19,14
Public Constructor,"org.apache.pdfbox.pdmodel.fdf.FDFJavaScript.FDFJavaScript()",pdfbox/src/main/java/org/apache/pdfbox/pdmodel/fdf/FDFJavaScript.java,,,,,,,,,,,,,,,,,,,,,,,,,0,7,0,4,1,1,3,3,1,1,2,1,1,1,1,1,1,,,,,,0,,0,75,1,1,1,1
Public Constructor,"org.apache.pdfbox.pdmodel.fdf.FDFJavaScript.FDFJavaScript(COSDictionary)",pdfbox/src/main/java/org/apache/pdfbox/pdmodel/fdf/FDFJavaScript.java,,,,,,,,,,,,,,,,,,,,,,,,,2,9,0,4,1,1,5,2,1,1,2,1,1,1,1,1,1,,,,,,0,,1,25,1,1,1,1
Public Method,"org.apache.pdfbox.pdmodel.fdf.FDFJavaScript.getAfter()",pdfbox/src/main/java/org/apache/pdfbox/pdmodel/fdf/FDFJavaScript.java,,,,,,,,,,,,,,,,,,,,,,,,,2,21,0,16,2,7,5,4,3,4,7,2,6,3,3,3,3,,,,,,1,,0,31,3,3,3,3
Public Method,"org.apache.pdfbox.pdmodel.fdf.FDFJavaScript.getBefore()",pdfbox/src/main/java/org/apache/pdfbox/pdmodel/fdf/FDFJavaScript.java,,,,,,,,,,,,,,,,,,,,,,,,,2,21,0,16,2,7,5,4,3,4,7,2,6,3,3,3,3,,,,,,1,,0,31,3,3,3,3
Public Method,"org.apache.pdfbox.pdmodel.fdf.FDFJavaScript.getCOSObject()",pdfbox/src/main/java/org/apache/pdfbox/pdmodel/fdf/FDFJavaScript.java,,,,,,,,,,,,,,,,,,,,,,,,,1,10,0,5,2,1,5,1,1,1,2,1,1,1,1,1,1,,,,,,0,,1,00,1,1,1,1
Public Method,"org.apache.pdfbox.pdmodel.fdf.FDFJavaScript.getDoc()",pdfbox/src/main/java/org/apache/pdfbox/pdmodel/fdf/FDFJavaScript.java,,,,,,,,,,,,,,,,,,,,,,,,,2,32,0,26,6,13,6,8,6,10,16,7,14,6,6,6,1,,,,,,4,,0,23,6,6,6,1
Public Method,"org.apache.pdfbox.pdmodel.fdf.FDFJavaScript.setAfter(String)",pdfbox/src/main/java/org/apache/pdfbox/pdmodel/fdf/FDFJavaScript.java,,,,,,,,,,,,,,,,,,,,,,,,,3,9,0,4,1,1,5,2,1,1,2,1,1,1,1,1,1,,,,,,0,,1,25,1,1,1,1
Public Method,"org.apache.pdfbox.pdmodel.fdf.FDFJavaScript.setBefore(String)",pdfbox/src/main/java/org/apache/pdfbox/pdmodel/fdf/FDFJavaScript.java,,,,,,,,,,,,,,,,,,,,,,,,,3,9,0,4,1,1,5,2,1,1,2,1,1,1,1,1,1,,,,,,0,,1,25,1,1,1,1
Public Method,"org.apache.pdfbox.pdmodel.fdf.FDFJavaScript.setDoc(Map<String,PDActionJavaScript>)",pdfbox/src/main/java/org/apache/pdfbox/pdmodel/fdf/FDFJavaScript.java,,,,,,,,,,,,,,,,,,,,,,,,,4,15,0,10,2,6,5,3,1,5,6,2,5,1,1,1,1,,,,,,0,,0,50,2,2,2,2
Lambda Method,"org.apache.pdfbox.pdmodel.fdf.FDFJavaScript.setDoc.(lambda_expr_1)(String (inferred),PDActionJavaScript (inferred))",pdfbox/src/main/java/org/apache/pdfbox/pdmodel/fdf/FDFJavaScript.java,,,,,,,,,,,,,,,,,,,,,,,,,2,5,0,5,0,3,0,4,1,2,2,0,2,1,1,1,1,,,,,,0,,0,00,1,1,1,1
Public Class,"org.apache.pdfbox.pdmodel.fdf.FDFNamedPageReference",pdfbox/src/main/java/org/apache/pdfbox/pdmodel/fdf/FDFNamedPageReference.java,1,1,1,1,9,0,4,5,2,6,0,,0,0,,,7,1,7,19,0,0,0,7,,80,7,33,10,7,40,,,8,16,9,7,,,,,1,1,1,1,1,0,0,1,21,7,7,7,7
Public Constructor,"org.apache.pdfbox.pdmodel.fdf.FDFNamedPageReference.FDFNamedPageReference()",pdfbox/src/main/java/org/apache/pdfbox/pdmodel/fdf/FDFNamedPageReference.java,,,,,,,,,,,,,,,,,,,,,,,,,0,7,0,4,1,1,3,3,1,1,2,1,1,1,1,1,1,,,,,,0,,0,75,1,1,1,1
Public Constructor,"org.apache.pdfbox.pdmodel.fdf.FDFNamedPageReference.FDFNamedPageReference(COSDictionary)",pdfbox/src/main/java/org/apache/pdfbox/pdmodel/fdf/FDFNamedPageReference.java,,,,,,,,,,,,,,,,,,,,,,,,,3,9,0,4,1,1,5,2,1,1,2,1,1,1,1,1,1,,,,,,0,,1,25,1,1,1,1
Public Method,"org.apache.pdfbox.pdmodel.fdf.FDFNamedPageReference.getCOSObject()",pdfbox/src/main/java/org/apache/pdfbox/pdmodel/fdf/FDFNamedPageReference.java,,,,,,,,,,,,,,,,,,,,,,,,,1,10,0,5,2,1,5,1,1,1,2,1,1,1,1,1,1,,,,,,0,,1,00,1,1,1,1
Public Method,"org.apache.pdfbox.pdmodel.fdf.FDFNamedPageReference.getFileSpecification()",pdfbox/src/main/java/org/apache/pdfbox/pdmodel/fdf/FDFNamedPageReference.java,,,,,,,,,,,,,,,,,,,,,,,,,2,11,0,4,1,1,7,3,1,1,2,1,1,1,1,1,1,,,,,,0,,1,75,1,1,1,1
Public Method,"org.apache.pdfbox.pdmodel.fdf.FDFNamedPageReference.getName()",pdfbox/src/main/java/org/apache/pdfbox/pdmodel/fdf/FDFNamedPageReference.java,,,,,,,,,,,,,,,,,,,,,,,,,2,9,0,4,1,1,5,2,1,1,2,1,1,1,1,1,1,,,,,,0,,1,25,1,1,1,1
Public Method,"org.apache.pdfbox.pdmodel.fdf.FDFNamedPageReference.setFileSpecification(PDFileSpecification)",pdfbox/src/main/java/org/apache/pdfbox/pdmodel/fdf/FDFNamedPageReference.java,,,,,,,,,,,,,,,,,,,,,,,,,3,9,0,4,1,1,5,1,1,1,2,1,1,1,1,1,1,,,,,,0,,1,25,1,1,1,1
Public Method,"org.apache.pdfbox.pdmodel.fdf.FDFNamedPageReference.setName(String)",pdfbox/src/main/java/org/apache/pdfbox/pdmodel/fdf/FDFNamedPageReference.java,,,,,,,,,,,,,,,,,,,,,,,,,3,9,0,4,1,1,5,1,1,1,2,1,1,1,1,1,1,,,,,,0,,1,25,1,1,1,1
Public Class,"org.apache.pdfbox.pdmodel.fdf.FDFOptionElement",pdfbox/src/main/java/org/apache/pdfbox/pdmodel/fdf/FDFOptionElement.java,1,1,1,1,9,0,4,4,2,5,0,,0,0,,,8,1,8,20,0,0,0,8,,91,8,39,11,10,44,,,11,20,10,10,,,,,1,1,1,1,1,0,0,1,13,8,8,8,8
Public Constructor,"org.apache.pdfbox.pdmodel.fdf.FDFOptionElement.FDFOptionElement()",pdfbox/src/main/java/org/apache/pdfbox/pdmodel/fdf/FDFOptionElement.java,,,,,,,,,,,,,,,,,,,,,,,,,1,9,0,6,1,3,3,5,1,3,4,1,3,1,1,1,1,,,,,,0,,0,50,1,1,1,1
Public Constructor,"org.apache.pdfbox.pdmodel.fdf.FDFOptionElement.FDFOptionElement(COSArray)",pdfbox/src/main/java/org/apache/pdfbox/pdmodel/fdf/FDFOptionElement.java,,,,,,,,,,,,,,,,,,,,,,,,,2,9,0,4,1,1,5,2,1,1,2,1,1,1,1,1,1,,,,,,0,,1,25,1,1,1,1
Public Method,"org.apache.pdfbox.pdmodel.fdf.FDFOptionElement.getCOSArray()",pdfbox/src/main/java/org/apache/pdfbox/pdmodel/fdf/FDFOptionElement.java,,,,,,,,,,,,,,,,,,,,,,,,,1,9,0,4,1,1,5,1,1,1,2,1,1,1,1,1,1,,,,,,0,,1,25,1,1,1,1
Public Method,"org.apache.pdfbox.pdmodel.fdf.FDFOptionElement.getCOSObject()",pdfbox/src/main/java/org/apache/pdfbox/pdmodel/fdf/FDFOptionElement.java,,,,,,,,,,,,,,,,,,,,,,,,,1,10,0,5,2,1,5,1,1,1,2,1,1,1,1,1,1,,,,,,0,,1,00,1,1,1,1
Public Method,"org.apache.pdfbox.pdmodel.fdf.FDFOptionElement.getDefaultAppearanceString()",pdfbox/src/main/java/org/apache/pdfbox/pdmodel/fdf/FDFOptionElement.java,,,,,,,,,,,,,,,,,,,,,,,,,1,9,0,4,1,1,5,3,1,1,2,1,1,1,1,1,1,,,,,,0,,1,25,1,1,1,1
Public Method,"org.apache.pdfbox.pdmodel.fdf.FDFOptionElement.getOption()",pdfbox/src/main/java/org/apache/pdfbox/pdmodel/fdf/FDFOptionElement.java,,,,,,,,,,,,,,,,,,,,,,,,,1,9,0,4,1,1,5,3,1,1,2,1,1,1,1,1,1,,,,,,0,,1,25,1,1,1,1
Public Method,"org.apache.pdfbox.pdmodel.fdf.FDFOptionElement.setDefaultAppearanceString(String)",pdfbox/src/main/java/org/apache/pdfbox/pdmodel/fdf/FDFOptionElement.java,,,,,,,,,,,,,,,,,,,,,,,,,2,9,0,4,1,1,5,2,1,1,2,1,1,1,1,1,1,,,,,,0,,1,25,1,1,1,1
Public Method,"org.apache.pdfbox.pdmodel.fdf.FDFOptionElement.setOption(String)",pdfbox/src/main/java/org/apache/pdfbox/pdmodel/fdf/FDFOptionElement.java,,,,,,,,,,,,,,,,,,,,,,,,,2,9,0,4,1,1,5,2,1,1,2,1,1,1,1,1,1,,,,,,0,,1,25,1,1,1,1
Public Class,"org.apache.pdfbox.pdmodel.fdf.FDFPage",pdfbox/src/main/java/org/apache/pdfbox/pdmodel/fdf/FDFPage.java,1,1,1,1,11,0,6,4,2,9,0,,0,0,,,7,1,7,19,0,0,0,7,,94,7,49,14,17,38,,,17,28,14,17,,,,,3,3,3,1,1,2,0,0,78,10,10,10,7
Public Constructor,"org.apache.pdfbox.pdmodel.fdf.FDFPage.FDFPage()",pdfbox/src/main/java/org/apache/pdfbox/pdmodel/fdf/FDFPage.java,,,,,,,,,,,,,,,,,,,,,,,,,0,7,0,4,1,1,3,3,1,1,2,1,1,1,1,1,1,,,,,,0,,0,75,1,1,1,1
Public Constructor,"org.apache.pdfbox.pdmodel.fdf.FDFPage.FDFPage(COSDictionary)",pdfbox/src/main/java/org/apache/pdfbox/pdmodel/fdf/FDFPage.java,,,,,,,,,,,,,,,,,,,,,,,,,2,9,0,4,1,1,5,2,1,1,2,1,1,1,1,1,1,,,,,,0,,1,25,1,1,1,1
Public Method,"org.apache.pdfbox.pdmodel.fdf.FDFPage.getCOSObject()",pdfbox/src/main/java/org/apache/pdfbox/pdmodel/fdf/FDFPage.java,,,,,,,,,,,,,,,,,,,,,,,,,1,10,0,5,2,1,5,1,1,1,2,1,1,1,1,1,1,,,,,,0,,1,00,1,1,1,1
Public Method,"org.apache.pdfbox.pdmodel.fdf.FDFPage.getPageInfo()",pdfbox/src/main/java/org/apache/pdfbox/pdmodel/fdf/FDFPage.java,,,,,,,,,,,,,,,,,,,,,,,,,2,15,0,10,3,5,5,3,2,4,6,3,4,2,2,2,1,,,,,,1,,0,50,2,2,2,1
Public Method,"org.apache.pdfbox.pdmodel.fdf.FDFPage.getTemplates()",pdfbox/src/main/java/org/apache/pdfbox/pdmodel/fdf/FDFPage.java,,,,,,,,,,,,,,,,,,,,,,,,,2,19,0,14,3,7,5,8,3,7,10,4,8,3,3,3,1,,,,,,2,,0,36,3,3,3,1
Public Method,"org.apache.pdfbox.pdmodel.fdf.FDFPage.setPageInfo(FDFPageInfo)",pdfbox/src/main/java/org/apache/pdfbox/pdmodel/fdf/FDFPage.java,,,,,,,,,,,,,,,,,,,,,,,,,3,9,0,4,1,1,5,1,1,1,2,1,1,1,1,1,1,,,,,,0,,1,25,1,1,1,1
Public Method,"org.apache.pdfbox.pdmodel.fdf.FDFPage.setTemplates(List<FDFTemplate>)",pdfbox/src/main/java/org/apache/pdfbox/pdmodel/fdf/FDFPage.java,,,,,,,,,,,,,,,,,,,,,,,,,3,9,0,4,1,1,5,2,1,1,2,1,1,1,1,1,1,,,,,,0,,1,25,1,1,1,1
Public Class,"org.apache.pdfbox.pdmodel.fdf.FDFPageInfo",pdfbox/src/main/java/org/apache/pdfbox/pdmodel/fdf/FDFPageInfo.java,1,1,1,1,8,0,4,4,2,2,0,,0,0,,,3,1,3,15,0,0,0,3,,38,3,17,6,3,18,,,4,8,5,3,,,,,1,1,1,1,1,0,0,1,06,3,3,3,3
Public Constructor,"org.apache.pdfbox.pdmodel.fdf.FDFPageInfo.FDFPageInfo()",pdfbox/src/main/java/org/apache/pdfbox/pdmodel/fdf/FDFPageInfo.java,,,,,,,,,,,,,,,,,,,,,,,,,0,7,0,4,1,1,3,3,1,1,2,1,1,1,1,1,1,,,,,,0,,0,75,1,1,1,1
Public Constructor,"org.apache.pdfbox.pdmodel.fdf.FDFPageInfo.FDFPageInfo(COSDictionary)",pdfbox/src/main/java/org/apache/pdfbox/pdmodel/fdf/FDFPageInfo.java,,,,,,,,,,,,,,,,,,,,,,,,,2,9,0,4,1,1,5,2,1,1,2,1,1,1,1,1,1,,,,,,0,,1,25,1,1,1,1
Public Method,"org.apache.pdfbox.pdmodel.fdf.FDFPageInfo.getCOSObject()",pdfbox/src/main/java/org/apache/pdfbox/pdmodel/fdf/FDFPageInfo.java,,,,,,,,,,,,,,,,,,,,,,,,,1,10,0,5,2,1,5,1,1,1,2,1,1,1,1,1,1,,,,,,0,,1,00,1,1,1,1
Public Class,"org.apache.pdfbox.pdmodel.fdf.FDFTemplate",pdfbox/src/main/java/org/apache/pdfbox/pdmodel/fdf/FDFTemplate.java,1,1,1,1,10,0,5,4,2,9,0,,0,0,,,9,1,9,21,0,0,0,9,,109,9,52,15,16,48,,,17,29,15,17,,,,,3,3,3,1,1,2,0,0,92,12,12,12,9
Public Constructor,"org.apache.pdfbox.pdmodel.fdf.FDFTemplate.FDFTemplate()",pdfbox/src/main/java/org/apache/pdfbox/pdmodel/fdf/FDFTemplate.java,,,,,,,,,,,,,,,,,,,,,,,,,0,7,0,4,1,1,3,3,1,1,2,1,1,1,1,1,1,,,,,,0,,0,75,1,1,1,1
Public Constructor,"org.apache.pdfbox.pdmodel.fdf.FDFTemplate.FDFTemplate(COSDictionary)",pdfbox/src/main/java/org/apache/pdfbox/pdmodel/fdf/FDFTemplate.java,,,,,,,,,,,,,,,,,,,,,,,,,2,9,0,4,1,1,5,2,1,1,2,1,1,1,1,1,1,,,,,,0,,1,25,1,1,1,1
Public Method,"org.apache.pdfbox.pdmodel.fdf.FDFTemplate.getCOSObject()",pdfbox/src/main/java/org/apache/pdfbox/pdmodel/fdf/FDFTemplate.java,,,,,,,,,,,,,,,,,,,,,,,,,1,10,0,5,2,1,5,1,1,1,2,1,1,1,1,1,1,,,,,,0,,1,00,1,1,1,1
Public Method,"org.apache.pdfbox.pdmodel.fdf.FDFTemplate.getFields()",pdfbox/src/main/java/org/apache/pdfbox/pdmodel/fdf/FDFTemplate.java,,,,,,,,,,,,,,,,,,,,,,,,,2,19,0,14,3,7,5,8,3,7,10,4,8,3,3,3,1,,,,,,2,,0,36,3,3,3,1
Public Method,"org.apache.pdfbox.pdmodel.fdf.FDFTemplate.getTemplateReference()",pdfbox/src/main/java/org/apache/pdfbox/pdmodel/fdf/FDFTemplate.java,,,,,,,,,,,,,,,,,,,,,,,,,2,10,0,5,2,2,5,3,1,2,3,2,2,2,2,2,1,,,,,,0,,1,00,2,2,2,1
Public Method,"org.apache.pdfbox.pdmodel.fdf.FDFTemplate.setFields(List<FDFField>)",pdfbox/src/main/java/org/apache/pdfbox/pdmodel/fdf/FDFTemplate.java,,,,,,,,,,,,,,,,,,,,,,,,,3,9,0,4,1,1,5,2,1,1,2,1,1,1,1,1,1,,,,,,0,,1,25,1,1,1,1
Public Method,"org.apache.pdfbox.pdmodel.fdf.FDFTemplate.setRename(boolean)",pdfbox/src/main/java/org/apache/pdfbox/pdmodel/fdf/FDFTemplate.java,,,,,,,,,,,,,,,,,,,,,,,,,3,9,0,4,1,1,5,1,1,1,2,1,1,1,1,1,1,,,,,,0,,1,25,1,1,1,1
Public Method,"org.apache.pdfbox.pdmodel.fdf.FDFTemplate.setTemplateReference(FDFNamedPageReference)",pdfbox/src/main/java/org/apache/pdfbox/pdmodel/fdf/FDFTemplate.java,,,,,,,,,,,,,,,,,,,,,,,,,3,9,0,4,1,1,5,1,1,1,2,1,1,1,1,1,1,,,,,,0,,1,25,1,1,1,1
Public Method,"org.apache.pdfbox.pdmodel.fdf.FDFTemplate.shouldRename()",pdfbox/src/main/java/org/apache/pdfbox/pdmodel/fdf/FDFTemplate.java,,,,,,,,,,,,,,,,,,,,,,,,,2,9,0,4,1,1,5,2,1,1,2,1,1,1,1,1,1,,,,,,0,,1,25,1,1,1,1
Package,"org.apache.pdfbox.pdmodel.fixup",pdfbox/src/main/java/org/apache/pdfbox/pdmodel/fixup/AbstractFixup.java,1,1,2,1,11,1,7,3,,,,3,0,0,3,,4,1,4,,1,0,1,2,,110,10,41,19,8,59,,,17,25,18,8,,,,,3,3,4,1,,2,,1,44,5,5,6,3
Public Abstract Class,"org.apache.pdfbox.pdmodel.fixup.AbstractFixup",pdfbox/src/main/java/org/apache/pdfbox/pdmodel/fixup/AbstractFixup.java,1,1,1,1,4,0,4,0,2,1,2,,0,0,,,1,1,1,13,0,0,1,0,,9,1,8,3,1,0,,,2,4,3,1,,,,,1,1,1,1,1,0,0,0,00,1,1,1,1
Protected Constructor,"org.apache.pdfbox.pdmodel.fixup.AbstractFixup.AbstractFixup(PDDocument)",pdfbox/src/main/java/org/apache/pdfbox/pdmodel/fixup/AbstractFixup.java,,,,,,,,,,,,,,,,,,,,,,,,,3,4,0,4,1,1,0,2,1,1,2,1,1,1,1,1,1,,,,,,0,,0,00,1,1,1,1
Public Class,"org.apache.pdfbox.pdmodel.fixup.AcroFormDefaultFixup",pdfbox/src/main/java/org/apache/pdfbox/pdmodel/fixup/AcroFormDefaultFixup.java,2,2,2,1,15,1,8,5,1,8,0,,0,0,,,2,0,2,15,0,0,0,2,,34,4,19,5,7,11,,,5,10,4,7,,,,,3,3,4,1,2,2,0,0,58,4,4,5,2
Public Constructor,"org.apache.pdfbox.pdmodel.fixup.AcroFormDefaultFixup.AcroFormDefaultFixup(PDDocument)",pdfbox/src/main/java/org/apache/pdfbox/pdmodel/fixup/AcroFormDefaultFixup.java,,,,,,,,,,,,,,,,,,,,,,,,,5,4,0,4,1,1,0,2,1,1,2,1,1,1,1,1,1,,,,,,0,,0,00,1,1,1,1
Public Method,"org.apache.pdfbox.pdmodel.fixup.AcroFormDefaultFixup.apply()",pdfbox/src/main/java/org/apache/pdfbox/pdmodel/fixup/AcroFormDefaultFixup.java,,,,,,,,,,,,,,,,,,,,,,,,,1,27,3,13,3,6,11,11,3,4,7,2,6,3,3,4,1,,,,,,2,,0,85,3,3,4,1
Public Interface,"org.apache.pdfbox.pdmodel.fixup.PDDocumentFixup",pdfbox/src/main/java/org/apache/pdfbox/pdmodel/fixup/PDDocumentFixup.java,0,0,0,0,0,0,0,0,0,0,1,,0,0,,,1,0,1,1,1,0,0,0,,3,0,3,2,0,0,,,1,2,2,0,,,,,0,0,0,0,0,0,0,0,00,0,0,0,0
Abstract Method,"org.apache.pdfbox.pdmodel.fixup.PDDocumentFixup.apply()",pdfbox/src/main/java/org/apache/pdfbox/pdmodel/fixup/PDDocumentFixup.java,,,,,,,,,,,,,,,,,,,,,,,,,1,1,0,1,1,0,0,0,0,1,1,1,0,0,0,0,0,,,,,,0,,0,00,0,0,0,0
Package,"org.apache.pdfbox.pdmodel.fixup.processor",pdfbox/src/main/java/org/apache/pdfbox/pdmodel/fixup/processor/AbstractProcessor.java,3,3,3,1,21,0,18,2,,,,5,0,2,5,,14,1,14,,1,6,1,6,,487,39,293,89,113,155,,,117,170,87,104,,,,,6,6,6,4,,4,,0,53,46,46,47,19
Public Abstract Class,"org.apache.pdfbox.pdmodel.fixup.processor.AbstractProcessor",pdfbox/src/main/java/org/apache/pdfbox/pdmodel/fixup/processor/AbstractProcessor.java,1,1,1,1,4,0,4,0,2,1,3,,0,0,,,1,1,1,13,0,0,1,0,,9,1,8,3,1,0,,,2,4,3,1,,,,,1,1,1,1,1,0,0,0,00,1,1,1,1
Protected Constructor,"org.apache.pdfbox.pdmodel.fixup.processor.AbstractProcessor.AbstractProcessor(PDDocument)",pdfbox/src/main/java/org/apache/pdfbox/pdmodel/fixup/processor/AbstractProcessor.java,,,,,,,,,,,,,,,,,,,,,,,,,4,4,0,4,1,1,0,2,1,1,2,1,1,1,1,1,1,,,,,,0,,0,00,1,1,1,1
Public Class,"org.apache.pdfbox.pdmodel.fixup.processor.AcroFormDefaultsProcessor",pdfbox/src/main/java/org/apache/pdfbox/pdmodel/fixup/processor/AcroFormDefaultsProcessor.java,3,3,3,1,21,1,15,5,1,11,0,,0,0,,,3,0,3,16,0,1,0,2,,87,5,48,9,25,34,,,19,29,8,24,,,,,6,6,6,1,2,1,0,0,71,9,9,9,3
Public Constructor,"org.apache.pdfbox.pdmodel.fixup.processor.AcroFormDefaultsProcessor.AcroFormDefaultsProcessor(PDDocument)",pdfbox/src/main/java/org/apache/pdfbox/pdmodel/fixup/processor/AcroFormDefaultsProcessor.java,,,,,,,,,,,,,,,,,,,,,,,,,2,4,0,4,1,1,0,2,1,1,2,1,1,1,1,1,1,,,,,,0,,0,00,1,1,1,1
Public Method,"org.apache.pdfbox.pdmodel.fixup.processor.AcroFormDefaultsProcessor.process()",pdfbox/src/main/java/org/apache/pdfbox/pdmodel/fixup/processor/AcroFormDefaultsProcessor.java,,,,,,,,,,,,,,,,,,,,,,,,,2,15,0,8,3,3,7,3,2,2,4,2,3,2,2,2,1,,,,,,1,,0,88,2,2,2,1
Private Method,"org.apache.pdfbox.pdmodel.fixup.processor.AcroFormDefaultsProcessor.verifyOrCreateDefaults(PDAcroForm)",pdfbox/src/main/java/org/apache/pdfbox/pdmodel/fixup/processor/AcroFormDefaultsProcessor.java,,,,,,,,,,,,,,,,,,,,,,,,,7,45,3,34,4,21,8,15,32,16,22,4,20,6,6,6,1,,,,,,1,,0,24,6,6,6,1
Public Class,"org.apache.pdfbox.pdmodel.fixup.processor.AcroFormGenerateAppearancesProcessor",pdfbox/src/main/java/org/apache/pdfbox/pdmodel/fixup/processor/AcroFormGenerateAppearancesProcessor.java,2,2,2,1,15,0,11,3,1,9,0,,0,1,,,2,0,2,15,0,0,0,2,,36,4,25,6,11,7,,,8,13,5,10,,,,,3,3,3,1,2,2,0,0,28,4,4,4,2
Public Constructor,"org.apache.pdfbox.pdmodel.fixup.processor.AcroFormGenerateAppearancesProcessor.AcroFormGenerateAppearancesProcessor(PDDocument)",pdfbox/src/main/java/org/apache/pdfbox/pdmodel/fixup/processor/AcroFormGenerateAppearancesProcessor.java,,,,,,,,,,,,,,,,,,,,,,,,,2,4,0,4,1,1,0,2,1,1,2,1,1,1,1,1,1,,,,,,0,,0,00,1,1,1,1
Public Method,"org.apache.pdfbox.pdmodel.fixup.processor.AcroFormGenerateAppearancesProcessor.process()",pdfbox/src/main/java/org/apache/pdfbox/pdmodel/fixup/processor/AcroFormGenerateAppearancesProcessor.java,,,,,,,,,,,,,,,,,,,,,,,,,4,26,1,18,3,9,7,6,3,6,9,2,8,3,3,3,1,,,,,,2,,0,39,3,3,3,1
Public Class,"org.apache.pdfbox.pdmodel.fixup.processor.AcroFormOrphanWidgetsProcessor",pdfbox/src/main/java/org/apache/pdfbox/pdmodel/fixup/processor/AcroFormOrphanWidgetsProcessor.java,4,4,4,1,26,1,22,2,1,31,0,,0,1,,,7,0,7,20,0,5,0,2,,214,17,163,27,76,34,,,45,80,27,69,,,,,6,6,6,4,2,4,0,0,21,32,32,33,13
Public Constructor,"org.apache.pdfbox.pdmodel.fixup.processor.AcroFormOrphanWidgetsProcessor.AcroFormOrphanWidgetsProcessor(PDDocument)",pdfbox/src/main/java/org/apache/pdfbox/pdmodel/fixup/processor/AcroFormOrphanWidgetsProcessor.java,,,,,,,,,,,,,,,,,,,,,,,,,3,4,0,4,1,1,0,2,1,1,2,1,1,1,1,1,1,,,,,,0,,0,00,1,1,1,1
Private Method,"org.apache.pdfbox.pdmodel.fixup.processor.AcroFormOrphanWidgetsProcessor.addFontFromWidget(PDResources,PDAnnotation)",pdfbox/src/main/java/org/apache/pdfbox/pdmodel/fixup/processor/AcroFormOrphanWidgetsProcessor.java,,,,,,,,,,,,,,,,,,,,,,,,,3,42,0,35,3,17,7,4,3,9,15,3,14,3,3,3,3,,,,,,3,,0,20,7,7,7,4
Lambda Method,"org.apache.pdfbox.pdmodel.fixup.processor.AcroFormOrphanWidgetsProcessor.addFontFromWidget.(lambda_expr_1)(COSName (inferred))",pdfbox/src/main/java/org/apache/pdfbox/pdmodel/fixup/processor/AcroFormOrphanWidgetsProcessor.java,,,,,,,,,,,,,,,,,,,,,,,,,3,22,0,22,0,10,0,6,4,4,7,0,7,4,4,4,1,,,,,,0,,0,00,4,4,4,1
Private Method,"org.apache.pdfbox.pdmodel.fixup.processor.AcroFormOrphanWidgetsProcessor.ensureFontResources(PDResources,PDVariableText)",pdfbox/src/main/java/org/apache/pdfbox/pdmodel/fixup/processor/AcroFormOrphanWidgetsProcessor.java,,,,,,,,,,,,,,,,,,,,,,,,,6,31,0,31,6,16,0,17,5,10,15,6,14,5,5,6,1,,,,,,4,,0,00,5,5,6,1
Private Method,"org.apache.pdfbox.pdmodel.fixup.processor.AcroFormOrphanWidgetsProcessor.handleAnnotations(PDAcroForm,PDResources,List<PDField>,List<PDAnnotation>,Map<String,PDField>)",pdfbox/src/main/java/org/apache/pdfbox/pdmodel/fixup/processor/AcroFormOrphanWidgetsProcessor.java,,,,,,,,,,,,,,,,,,,,,,,,,7,30,1,29,6,12,0,6,6,6,13,5,11,6,6,6,1,,,,,,4,,0,00,6,6,6,1
Public Method,"org.apache.pdfbox.pdmodel.fixup.processor.AcroFormOrphanWidgetsProcessor.process()",pdfbox/src/main/java/org/apache/pdfbox/pdmodel/fixup/processor/AcroFormOrphanWidgetsProcessor.java,,,,,,,,,,,,,,,,,,,,,,,,,3,17,1,9,3,3,7,3,2,2,4,2,3,2,2,2,1,,,,,,1,,0,78,2,2,2,1
Private Method,"org.apache.pdfbox.pdmodel.fixup.processor.AcroFormOrphanWidgetsProcessor.resolveFieldsFromWidgets(PDAcroForm)",pdfbox/src/main/java/org/apache/pdfbox/pdmodel/fixup/processor/AcroFormOrphanWidgetsProcessor.java,,,,,,,,,,,,,,,,,,,,,,,,,5,36,4,31,4,16,1,11,10,10,18,6,15,6,6,6,1,,,,,,2,,0,03,6,6,6,1
Private Method,"org.apache.pdfbox.pdmodel.fixup.processor.AcroFormOrphanWidgetsProcessor.resolveNonRootField(PDAcroForm,COSDictionary,Map<String,PDField>)",pdfbox/src/main/java/org/apache/pdfbox/pdmodel/fixup/processor/AcroFormOrphanWidgetsProcessor.java,,,,,,,,,,,,,,,,,,,,,,,,,6,24,2,21,2,10,1,8,7,6,11,2,10,5,5,5,4,,,,,,2,,0,05,5,5,5,4
Public Interface,"org.apache.pdfbox.pdmodel.fixup.processor.PDDocumentProcessor",pdfbox/src/main/java/org/apache/pdfbox/pdmodel/fixup/processor/PDDocumentProcessor.java,0,0,0,0,0,0,0,0,0,0,1,,0,0,,,1,0,1,1,1,0,0,0,,3,0,3,2,0,0,,,1,2,2,0,,,,,0,0,0,0,0,0,0,0,00,0,0,0,0
Abstract Method,"org.apache.pdfbox.pdmodel.fixup.processor.PDDocumentProcessor.process()",pdfbox/src/main/java/org/apache/pdfbox/pdmodel/fixup/processor/PDDocumentProcessor.java,,,,,,,,,,,,,,,,,,,,,,,,,0,1,0,1,1,0,0,0,0,1,1,1,0,0,0,0,0,,,,,,0,,0,00,0,0,0,0
Package,"org.apache.pdfbox.pdmodel.font",pdfbox/src/main/java/org/apache/pdfbox/pdmodel/font/CIDFontMapping.java,2,2,2,1,17,0,13,3,,,,53,37,47,43,,557,153,594,,79,90,32,393,,12499,1147,8373,2444,3857,3033,,,3602,4918,2205,3355,,,,,18,18,28,10,,6,,0,36,1261,1233,1445,773
Public Final Class,"org.apache.pdfbox.pdmodel.font.CIDFontMapping",pdfbox/src/main/java/org/apache/pdfbox/pdmodel/font/CIDFontMapping.java,1,1,1,1,6,0,4,2,1,2,0,,0,0,,,3,1,3,18,0,0,0,3,,32,3,17,5,4,12,,,5,9,5,4,,,,,1,1,1,1,2,0,33,0,71,3,3,3,3
Public Constructor,"org.apache.pdfbox.pdmodel.font.CIDFontMapping.CIDFontMapping(OpenTypeFont,FontBoxFont,boolean)",pdfbox/src/main/java/org/apache/pdfbox/pdmodel/font/CIDFontMapping.java,,,,,,,,,,,,,,,,,,,,,,,,,4,5,0,5,1,2,0,3,1,2,3,1,2,1,1,1,1,,,,,,0,,0,00,1,1,1,1
Public Method,"org.apache.pdfbox.pdmodel.font.CIDFontMapping.getTrueTypeFont()",pdfbox/src/main/java/org/apache/pdfbox/pdmodel/font/CIDFontMapping.java,,,,,,,,,,,,,,,,,,,,,,,,,3,7,0,4,1,1,3,1,1,1,2,1,1,1,1,1,1,,,,,,0,,0,75,1,1,1,1
Public Method,"org.apache.pdfbox.pdmodel.font.CIDFontMapping.isCIDFont()",pdfbox/src/main/java/org/apache/pdfbox/pdmodel/font/CIDFontMapping.java,,,,,,,,,,,,,,,,,,,,,,,,,2,7,0,4,1,1,3,2,1,1,2,1,1,1,1,1,1,,,,,,0,,0,75,1,1,1,1
Public Final Class,"org.apache.pdfbox.pdmodel.font.CIDSystemInfo",pdfbox/src/main/java/org/apache/pdfbox/pdmodel/font/CIDSystemInfo.java,1,1,1,1,4,0,4,0,1,2,0,,0,0,,,5,3,5,17,0,0,0,5,,39,5,29,10,7,5,,,10,16,9,7,,,,,1,1,1,1,1,0,60,0,17,5,5,5,5
Public Constructor,"org.apache.pdfbox.pdmodel.font.CIDSystemInfo.CIDSystemInfo(String,String,int)",pdfbox/src/main/java/org/apache/pdfbox/pdmodel/font/CIDSystemInfo.java,,,,,,,,,,,,,,,,,,,,,,,,,5,6,0,6,1,3,0,4,1,3,4,1,3,1,1,1,1,,,,,,0,,0,00,1,1,1,1
Public Method,"org.apache.pdfbox.pdmodel.font.CIDSystemInfo.getOrdering()",pdfbox/src/main/java/org/apache/pdfbox/pdmodel/font/CIDSystemInfo.java,,,,,,,,,,,,,,,,,,,,,,,,,4,4,0,4,1,1,0,1,1,1,2,1,1,1,1,1,1,,,,,,0,,0,00,1,1,1,1
Public Method,"org.apache.pdfbox.pdmodel.font.CIDSystemInfo.getRegistry()",pdfbox/src/main/java/org/apache/pdfbox/pdmodel/font/CIDSystemInfo.java,,,,,,,,,,,,,,,,,,,,,,,,,4,4,0,4,1,1,0,1,1,1,2,1,1,1,1,1,1,,,,,,0,,0,00,1,1,1,1
Public Method,"org.apache.pdfbox.pdmodel.font.CIDSystemInfo.getSupplement()",pdfbox/src/main/java/org/apache/pdfbox/pdmodel/font/CIDSystemInfo.java,,,,,,,,,,,,,,,,,,,,,,,,,3,4,0,4,1,1,0,1,1,1,2,1,1,1,1,1,1,,,,,,0,,0,00,1,1,1,1
Public Method,"org.apache.pdfbox.pdmodel.font.CIDSystemInfo.toString()",pdfbox/src/main/java/org/apache/pdfbox/pdmodel/font/CIDSystemInfo.java,,,,,,,,,,,,,,,,,,,,,,,,,0,5,0,5,2,1,0,4,1,1,2,1,1,1,1,1,1,,,,,,0,,0,00,1,1,1,1
Final Class,"org.apache.pdfbox.pdmodel.font.CMapManager",pdfbox/src/main/java/org/apache/pdfbox/pdmodel/font/CMapManager.java,1,1,1,1,13,0,7,5,1,7,0,,2,1,,,1,0,3,15,0,1,0,2,,50,5,27,8,11,18,,,9,15,8,10,,,,,2,2,2,1,1,1,0,0,67,5,5,5,3
Private Constructor,"org.apache.pdfbox.pdmodel.font.CMapManager.CMapManager()",pdfbox/src/main/java/org/apache/pdfbox/pdmodel/font/CMapManager.java,,,,,,,,,,,,,,,,,,,,,,,,,0,3,0,3,1,0,0,1,1,0,1,1,0,1,1,1,1,,,,,,0,,0,00,1,1,1,1
Public Static Method,"org.apache.pdfbox.pdmodel.font.CMapManager.getPredefinedCMap(String)",pdfbox/src/main/java/org/apache/pdfbox/pdmodel/font/CMapManager.java,,,,,,,,,,,,,,,,,,,,,,,,,6,21,2,11,3,6,8,6,2,5,7,3,6,2,2,2,1,,,,,,1,,0,73,2,2,2,1
Public Static Method,"org.apache.pdfbox.pdmodel.font.CMapManager.parseCMap(InputStream)",pdfbox/src/main/java/org/apache/pdfbox/pdmodel/font/CMapManager.java,,,,,,,,,,,,,,,,,,,,,,,,,2,16,0,9,2,4,7,3,2,3,5,2,3,2,2,2,1,,,,,,1,,0,78,2,2,2,1
Final Class,"org.apache.pdfbox.pdmodel.font.FileSystemFontProvider",pdfbox/src/main/java/org/apache/pdfbox/pdmodel/font/FileSystemFontProvider.java,5,5,6,2,40,1,36,2,1,47,0,,0,1,,,12,2,12,26,1,9,0,2,,758,52,655,133,333,51,,,255,362,121,285,,,,,15,15,15,6,2,5,70,0,08,68,68,77,25
Private Static Class,"org.apache.pdfbox.pdmodel.font.FileSystemFontProvider.FSFontInfo",pdfbox/src/main/java/org/apache/pdfbox/pdmodel/font/FileSystemFontProvider.java,2,2,2,1,13,0,12,0,1,21,1,,0,0,,,16,11,16,41,0,5,0,11,,242,20,210,55,85,12,,,79,111,39,80,,,,,6,6,6,4,2,3,85,0,06,34,32,35,19
Private Constructor,"org.apache.pdfbox.pdmodel.font.FileSystemFontProvider.FSFontInfo.FSFontInfo(File,FontFormat,String,CIDSystemInfo,int,int,int,int,int,byte[],FileSystemFontProvider)",pdfbox/src/main/java/org/apache/pdfbox/pdmodel/font/FileSystemFontProvider.java,,,,,,,,,,,,,,,,,,,,,,,,,17,18,0,18,4,12,0,13,1,11,12,1,11,2,2,3,1,,,,,,0,,0,00,2,2,3,1
Public Method,"org.apache.pdfbox.pdmodel.font.FileSystemFontProvider.FSFontInfo.getCIDSystemInfo()",pdfbox/src/main/java/org/apache/pdfbox/pdmodel/font/FileSystemFontProvider.java,,,,,,,,,,,,,,,,,,,,,,,,,1,5,0,5,2,1,0,1,1,1,2,1,1,1,1,1,1,,,,,,0,,0,00,1,1,1,1
Public Method,"org.apache.pdfbox.pdmodel.font.FileSystemFontProvider.FSFontInfo.getCodePageRange1()",pdfbox/src/main/java/org/apache/pdfbox/pdmodel/font/FileSystemFontProvider.java,,,,,,,,,,,,,,,,,,,,,,,,,1,5,0,5,2,1,0,1,1,1,2,1,1,1,1,1,1,,,,,,0,,0,00,1,1,1,1
Public Method,"org.apache.pdfbox.pdmodel.font.FileSystemFontProvider.FSFontInfo.getCodePageRange2()",pdfbox/src/main/java/org/apache/pdfbox/pdmodel/font/FileSystemFontProvider.java,,,,,,,,,,,,,,,,,,,,,,,,,1,5,0,5,2,1,0,1,1,1,2,1,1,1,1,1,1,,,,,,0,,0,00,1,1,1,1
Public Method,"org.apache.pdfbox.pdmodel.font.FileSystemFontProvider.FSFontInfo.getFamilyClass()",pdfbox/src/main/java/org/apache/pdfbox/pdmodel/font/FileSystemFontProvider.java,,,,,,,,,,,,,,,,,,,,,,,,,1,5,0,5,2,1,0,1,1,1,2,1,1,1,1,1,1,,,,,,0,,0,00,1,1,1,1
Public Method,"org.apache.pdfbox.pdmodel.font.FileSystemFontProvider.FSFontInfo.getFont()",pdfbox/src/main/java/org/apache/pdfbox/pdmodel/font/FileSystemFontProvider.java,,,,,,,,,,,,,,,,,,,,,,,,,8,33,0,25,4,12,8,7,9,12,16,3,14,6,4,6,1,,,,,,2,,0,32,6,4,6,1
Public Method,"org.apache.pdfbox.pdmodel.font.FileSystemFontProvider.FSFontInfo.getFormat()",pdfbox/src/main/java/org/apache/pdfbox/pdmodel/font/FileSystemFontProvider.java,,,,,,,,,,,,,,,,,,,,,,,,,2,5,0,5,2,1,0,1,1,1,2,1,1,1,1,1,1,,,,,,0,,0,00,1,1,1,1
Public Method,"org.apache.pdfbox.pdmodel.font.FileSystemFontProvider.FSFontInfo.getMacStyle()",pdfbox/src/main/java/org/apache/pdfbox/pdmodel/font/FileSystemFontProvider.java,,,,,,,,,,,,,,,,,,,,,,,,,1,5,0,5,2,1,0,1,1,1,2,1,1,1,1,1,1,,,,,,0,,0,00,1,1,1,1
Private Method,"org.apache.pdfbox.pdmodel.font.FileSystemFontProvider.FSFontInfo.getOTFFont(String,File)",pdfbox/src/main/java/org/apache/pdfbox/pdmodel/font/FileSystemFontProvider.java,,,,,,,,,,,,,,,,,,,,,,,,,6,44,2,40,6,21,2,15,6,15,21,5,19,6,6,6,4,,,,,,3,,0,05,6,6,6,4
Public Method,"org.apache.pdfbox.pdmodel.font.FileSystemFontProvider.FSFontInfo.getPanose()",pdfbox/src/main/java/org/apache/pdfbox/pdmodel/font/FileSystemFontProvider.java,,,,,,,,,,,,,,,,,,,,,,,,,1,5,0,5,2,1,0,1,1,1,2,1,1,1,1,1,1,,,,,,0,,0,00,1,1,1,1
Public Method,"org.apache.pdfbox.pdmodel.font.FileSystemFontProvider.FSFontInfo.getPostScriptName()",pdfbox/src/main/java/org/apache/pdfbox/pdmodel/font/FileSystemFontProvider.java,,,,,,,,,,,,,,,,,,,,,,,,,2,5,0,5,2,1,0,1,1,1,2,1,1,1,1,1,1,,,,,,0,,0,00,1,1,1,1
Private Method,"org.apache.pdfbox.pdmodel.font.FileSystemFontProvider.FSFontInfo.getTrueTypeFont(String,File)",pdfbox/src/main/java/org/apache/pdfbox/pdmodel/font/FileSystemFontProvider.java,,,,,,,,,,,,,,,,,,,,,,,,,5,18,1,17,2,8,0,5,3,5,8,2,7,3,3,3,1,,,,,,2,,0,00,3,3,3,1
Private Method,"org.apache.pdfbox.pdmodel.font.FileSystemFontProvider.FSFontInfo.getType1Font(String,File)",pdfbox/src/main/java/org/apache/pdfbox/pdmodel/font/FileSystemFontProvider.java,,,,,,,,,,,,,,,,,,,,,,,,,5,18,1,17,2,8,0,6,3,5,8,2,7,3,3,3,1,,,,,,2,,0,00,3,3,3,1
Public Method,"org.apache.pdfbox.pdmodel.font.FileSystemFontProvider.FSFontInfo.getWeightClass()",pdfbox/src/main/java/org/apache/pdfbox/pdmodel/font/FileSystemFontProvider.java,,,,,,,,,,,,,,,,,,,,,,,,,1,5,0,5,2,1,0,1,1,1,2,1,1,1,1,1,1,,,,,,0,,0,00,1,1,1,1
Private Method,"org.apache.pdfbox.pdmodel.font.FileSystemFontProvider.FSFontInfo.readTrueTypeFont(String,File)",pdfbox/src/main/java/org/apache/pdfbox/pdmodel/font/FileSystemFontProvider.java,,,,,,,,,,,,,,,,,,,,,,,,,4,31,0,29,5,14,2,10,5,10,14,4,12,4,4,4,1,,,,,,2,,0,07,4,4,4,1
Public Method,"org.apache.pdfbox.pdmodel.font.FileSystemFontProvider.FSFontInfo.toString()",pdfbox/src/main/java/org/apache/pdfbox/pdmodel/font/FileSystemFontProvider.java,,,,,,,,,,,,,,,,,,,,,,,,,1,5,0,5,2,1,0,2,1,1,2,1,1,1,1,1,1,,,,,,0,,0,00,1,1,1,1
Private Static Final Class,"org.apache.pdfbox.pdmodel.font.FileSystemFontProvider.FSIgnored",pdfbox/src/main/java/org/apache/pdfbox/pdmodel/font/FileSystemFontProvider.java,1,1,1,1,4,0,4,0,1,3,0,,0,0,,,1,0,1,42,0,1,0,0,,10,0,7,2,1,3,,,1,3,2,1,,,,,1,1,1,1,3,0,0,0,43,1,1,1,1
Private Constructor,"org.apache.pdfbox.pdmodel.font.FileSystemFontProvider.FSIgnored.FSIgnored(File,FontFormat,String)",pdfbox/src/main/java/org/apache/pdfbox/pdmodel/font/FileSystemFontProvider.java,,,,,,,,,,,,,,,,,,,,,,,,,5,4,0,4,1,1,0,2,1,1,2,1,1,1,1,1,1,,,,,,0,,0,00,1,1,1,1
Constructor,"org.apache.pdfbox.pdmodel.font.FileSystemFontProvider.FileSystemFontProvider(FontCache)",pdfbox/src/main/java/org/apache/pdfbox/pdmodel/font/FileSystemFontProvider.java,,,,,,,,,,,,,,,,,,,,,,,,,4,50,3,42,5,23,5,17,25,14,22,6,20,7,7,8,1,,,,,,3,,0,12,7,7,8,1
Private Method,"org.apache.pdfbox.pdmodel.font.FileSystemFontProvider.addTrueTypeCollection(File)",pdfbox/src/main/java/org/apache/pdfbox/pdmodel/font/FileSystemFontProvider.java,,,,,,,,,,,,,,,,,,,,,,,,,5,14,0,11,1,4,3,3,2,2,4,1,3,2,2,2,1,,,,,,1,,0,27,3,3,3,2
Lambda Method,"org.apache.pdfbox.pdmodel.font.FileSystemFontProvider.addTrueTypeCollection.(lambda_expr_1)(TrueTypeFont (inferred))",pdfbox/src/main/java/org/apache/pdfbox/pdmodel/font/FileSystemFontProvider.java,,,,,,,,,,,,,,,,,,,,,,,,,2,1,0,1,0,1,0,2,1,0,0,0,0,1,1,1,1,,,,,,0,,0,00,1,1,1,1
Private Method,"org.apache.pdfbox.pdmodel.font.FileSystemFontProvider.addTrueTypeFont(File)",pdfbox/src/main/java/org/apache/pdfbox/pdmodel/font/FileSystemFontProvider.java,,,,,,,,,,,,,,,,,,,,,,,,,4,25,0,22,5,11,3,9,3,7,10,5,9,3,3,3,1,,,,,,2,,0,14,3,3,3,1
Private Method,"org.apache.pdfbox.pdmodel.font.FileSystemFontProvider.addTrueTypeFontImpl(TrueTypeFont,File)",pdfbox/src/main/java/org/apache/pdfbox/pdmodel/font/FileSystemFontProvider.java,,,,,,,,,,,,,,,,,,,,,,,,,10,105,4,94,23,62,7,35,28,43,54,23,43,11,11,13,5,,,,,,4,,0,07,11,11,13,5
Private Method,"org.apache.pdfbox.pdmodel.font.FileSystemFontProvider.addType1Font(File)",pdfbox/src/main/java/org/apache/pdfbox/pdmodel/font/FileSystemFontProvider.java,,,,,,,,,,,,,,,,,,,,,,,,,6,34,1,30,2,17,3,12,5,10,15,2,14,5,5,5,4,,,,,,2,,0,10,5,5,5,4
Private Method,"org.apache.pdfbox.pdmodel.font.FileSystemFontProvider.getDiskCacheFile()",pdfbox/src/main/java/org/apache/pdfbox/pdmodel/font/FileSystemFontProvider.java,,,,,,,,,,,,,,,,,,,,,,,,,2,13,0,13,2,6,0,6,3,4,7,2,6,3,3,7,1,,,,,,2,,0,00,3,3,7,1
Public Method,"org.apache.pdfbox.pdmodel.font.FileSystemFontProvider.getFontInfo()",pdfbox/src/main/java/org/apache/pdfbox/pdmodel/font/FileSystemFontProvider.java,,,,,,,,,,,,,,,,,,,,,,,,,1,5,0,5,2,1,0,1,1,1,2,1,1,1,1,1,1,,,,,,0,,0,00,1,1,1,1
Private Method,"org.apache.pdfbox.pdmodel.font.FileSystemFontProvider.loadDiskCache(List<File>)",pdfbox/src/main/java/org/apache/pdfbox/pdmodel/font/FileSystemFontProvider.java,,,,,,,,,,,,,,,,,,,,,,,,,6,113,7,101,22,58,5,27,1556,47,63,23,47,15,15,15,6,,,,,,5,,0,05,15,15,15,6
Private Method,"org.apache.pdfbox.pdmodel.font.FileSystemFontProvider.saveDiskCache()",pdfbox/src/main/java/org/apache/pdfbox/pdmodel/font/FileSystemFontProvider.java,,,,,,,,,,,,,,,,,,,,,,,,,5,28,1,24,2,11,3,6,4,6,11,3,9,4,4,4,1,,,,,,3,,0,12,4,4,4,1
Private Method,"org.apache.pdfbox.pdmodel.font.FileSystemFontProvider.scanFonts(List<File>)",pdfbox/src/main/java/org/apache/pdfbox/pdmodel/font/FileSystemFontProvider.java,,,,,,,,,,,,,,,,,,,,,,,,,4,29,1,26,2,11,2,7,6,5,12,3,10,6,6,8,1,,,,,,3,,0,08,6,6,8,1
Public Method,"org.apache.pdfbox.pdmodel.font.FileSystemFontProvider.toDebugString()",pdfbox/src/main/java/org/apache/pdfbox/pdmodel/font/FileSystemFontProvider.java,,,,,,,,,,,,,,,,,,,,,,,,,2,15,0,15,3,9,0,9,2,8,11,3,9,2,2,2,1,,,,,,1,,0,00,2,2,2,1
Private Method,"org.apache.pdfbox.pdmodel.font.FileSystemFontProvider.writeFontInfo(BufferedWriter,FSFontInfo)",pdfbox/src/main/java/org/apache/pdfbox/pdmodel/font/FileSystemFontProvider.java,,,,,,,,,,,,,,,,,,,,,,,,,13,49,0,49,3,32,0,12,64,25,33,4,31,8,8,8,1,,,,,,3,,0,00,8,8,8,1
Public Final Class,"org.apache.pdfbox.pdmodel.font.FontCache",pdfbox/src/main/java/org/apache/pdfbox/pdmodel/font/FontCache.java,1,1,1,1,7,0,4,3,1,5,0,,0,0,,,2,1,2,14,0,0,0,2,,27,2,13,5,4,12,,,4,7,5,4,,,,,2,2,2,1,1,0,0,0,92,3,3,3,2
Public Method,"org.apache.pdfbox.pdmodel.font.FontCache.addFont(FontInfo,FontBoxFont)",pdfbox/src/main/java/org/apache/pdfbox/pdmodel/font/FontCache.java,,,,,,,,,,,,,,,,,,,,,,,,,4,7,0,4,1,1,3,2,1,1,2,1,1,1,1,1,1,,,,,,0,,0,75,1,1,1,1
Public Method,"org.apache.pdfbox.pdmodel.font.FontCache.getFont(FontInfo)",pdfbox/src/main/java/org/apache/pdfbox/pdmodel/font/FontCache.java,,,,,,,,,,,,,,,,,,,,,,,,,3,8,0,5,2,2,3,3,1,2,3,2,2,2,2,2,1,,,,,,0,,0,60,2,2,2,1
Public Enum Type,"org.apache.pdfbox.pdmodel.font.FontFormat",pdfbox/src/main/java/org/apache/pdfbox/pdmodel/font/FontFormat.java,0,0,0,0,0,0,0,0,1,1,0,,0,0,,,2,3,2,28,0,0,0,2,,22,2,6,4,0,14,,,0,1,1,0,,,,,0,0,0,0,1,0,,2,33,0,0,0,0
Public Implicit Method,"org.apache.pdfbox.pdmodel.font.FontFormat.valueOf()",pdfbox/src/main/java/org/apache/pdfbox/pdmodel/font/FontFormat.java,,,,,,,,,,,,,,,,,,,,,,,,,,,,,,,,,,,,,,,,,,,,,,,,,0,00,0,0,0,0
Public Implicit Method,"org.apache.pdfbox.pdmodel.font.FontFormat.values()",pdfbox/src/main/java/org/apache/pdfbox/pdmodel/font/FontFormat.java,,,,,,,,,,,,,,,,,,,,,,,,,,,,,,,,,,,,,,,,,,,,,,,,,0,00,0,0,0,0
Public Abstract Class,"org.apache.pdfbox.pdmodel.font.FontInfo",pdfbox/src/main/java/org/apache/pdfbox/pdmodel/font/FontInfo.java,4,1,4,1,13,0,11,2,1,7,1,,0,0,,,13,0,13,25,2,0,0,11,,103,13,46,18,21,44,,,27,32,17,18,,,,,12,2,12,1,1,1,0,0,96,14,4,14,3
Public Abstract Method,"org.apache.pdfbox.pdmodel.font.FontInfo.getCIDSystemInfo()",pdfbox/src/main/java/org/apache/pdfbox/pdmodel/font/FontInfo.java,,,,,,,,,,,,,,,,,,,,,,,,,3,4,0,1,1,0,3,1,0,1,1,1,0,0,0,0,0,,,,,,0,,3,00,0,0,0,0
Final Method,"org.apache.pdfbox.pdmodel.font.FontInfo.getCodePageRange()",pdfbox/src/main/java/org/apache/pdfbox/pdmodel/font/FontInfo.java,,,,,,,,,,,,,,,,,,,,,,,,,1,9,0,6,3,3,3,3,1,3,4,3,3,1,1,1,1,,,,,,0,,0,50,1,1,1,1
Public Abstract Method,"org.apache.pdfbox.pdmodel.font.FontInfo.getCodePageRange1()",pdfbox/src/main/java/org/apache/pdfbox/pdmodel/font/FontInfo.java,,,,,,,,,,,,,,,,,,,,,,,,,1,4,0,1,1,0,3,1,0,1,1,1,0,0,0,0,0,,,,,,0,,3,00,0,0,0,0
Public Abstract Method,"org.apache.pdfbox.pdmodel.font.FontInfo.getCodePageRange2()",pdfbox/src/main/java/org/apache/pdfbox/pdmodel/font/FontInfo.java,,,,,,,,,,,,,,,,,,,,,,,,,1,4,0,1,1,0,3,1,0,1,1,1,0,0,0,0,0,,,,,,0,,3,00,0,0,0,0
Public Abstract Method,"org.apache.pdfbox.pdmodel.font.FontInfo.getFamilyClass()",pdfbox/src/main/java/org/apache/pdfbox/pdmodel/font/FontInfo.java,,,,,,,,,,,,,,,,,,,,,,,,,2,4,0,1,1,0,3,1,0,1,1,1,0,0,0,0,0,,,,,,0,,3,00,0,0,0,0
Public Abstract Method,"org.apache.pdfbox.pdmodel.font.FontInfo.getFont()",pdfbox/src/main/java/org/apache/pdfbox/pdmodel/font/FontInfo.java,,,,,,,,,,,,,,,,,,,,,,,,,2,5,0,1,1,0,4,1,0,1,1,1,0,0,0,0,0,,,,,,0,,4,00,0,0,0,0
Public Abstract Method,"org.apache.pdfbox.pdmodel.font.FontInfo.getFormat()",pdfbox/src/main/java/org/apache/pdfbox/pdmodel/font/FontInfo.java,,,,,,,,,,,,,,,,,,,,,,,,,3,4,0,1,1,0,3,1,0,1,1,1,0,0,0,0,0,,,,,,0,,3,00,0,0,0,0
Public Abstract Method,"org.apache.pdfbox.pdmodel.font.FontInfo.getMacStyle()",pdfbox/src/main/java/org/apache/pdfbox/pdmodel/font/FontInfo.java,,,,,,,,,,,,,,,,,,,,,,,,,2,4,0,1,1,0,3,1,0,1,1,1,0,0,0,0,0,,,,,,0,,3,00,0,0,0,0
Public Abstract Method,"org.apache.pdfbox.pdmodel.font.FontInfo.getPanose()",pdfbox/src/main/java/org/apache/pdfbox/pdmodel/font/FontInfo.java,,,,,,,,,,,,,,,,,,,,,,,,,2,4,0,1,1,0,3,1,0,1,1,1,0,0,0,0,0,,,,,,0,,3,00,0,0,0,0
Public Abstract Method,"org.apache.pdfbox.pdmodel.font.FontInfo.getPostScriptName()",pdfbox/src/main/java/org/apache/pdfbox/pdmodel/font/FontInfo.java,,,,,,,,,,,,,,,,,,,,,,,,,5,4,0,1,1,0,3,1,0,1,1,1,0,0,0,0,0,,,,,,0,,3,00,0,0,0,0
Public Abstract Method,"org.apache.pdfbox.pdmodel.font.FontInfo.getWeightClass()",pdfbox/src/main/java/org/apache/pdfbox/pdmodel/font/FontInfo.java,,,,,,,,,,,,,,,,,,,,,,,,,2,4,0,1,1,0,3,1,0,1,1,1,0,0,0,0,0,,,,,,0,,3,00,0,0,0,0
Final Method,"org.apache.pdfbox.pdmodel.font.FontInfo.getWeightClassAsPanose()",pdfbox/src/main/java/org/apache/pdfbox/pdmodel/font/FontInfo.java,,,,,,,,,,,,,,,,,,,,,,,,,1,22,0,19,2,14,3,2,12,13,15,2,14,12,2,12,1,,,,,,1,,0,16,12,2,12,1
Public Method,"org.apache.pdfbox.pdmodel.font.FontInfo.toString()",pdfbox/src/main/java/org/apache/pdfbox/pdmodel/font/FontInfo.java,,,,,,,,,,,,,,,,,,,,,,,,,1,8,0,8,2,4,0,7,1,1,2,1,1,1,1,1,1,,,,,,0,,0,00,1,1,1,1
Public Interface,"org.apache.pdfbox.pdmodel.font.FontMapper",pdfbox/src/main/java/org/apache/pdfbox/pdmodel/font/FontMapper.java,0,0,0,0,0,0,0,0,0,5,1,,0,0,,,3,0,3,3,3,0,0,0,,27,2,7,5,0,18,,,3,4,4,0,,,,,0,0,0,0,0,0,0,2,57,0,0,0,0
Abstract Method,"org.apache.pdfbox.pdmodel.font.FontMapper.getCIDFont(String,PDFontDescriptor,PDCIDSystemInfo)",pdfbox/src/main/java/org/apache/pdfbox/pdmodel/font/FontMapper.java,,,,,,,,,,,,,,,,,,,,,,,,,2,9,0,2,2,0,7,1,0,1,1,1,0,0,0,0,0,,,,,,0,,3,50,0,0,0,0
Abstract Method,"org.apache.pdfbox.pdmodel.font.FontMapper.getFontBoxFont(String,PDFontDescriptor)",pdfbox/src/main/java/org/apache/pdfbox/pdmodel/font/FontMapper.java,,,,,,,,,,,,,,,,,,,,,,,,,3,7,0,1,1,0,6,1,0,1,1,1,0,0,0,0,0,,,,,,0,,6,00,0,0,0,0
Abstract Method,"org.apache.pdfbox.pdmodel.font.FontMapper.getTrueTypeFont(String,PDFontDescriptor)",pdfbox/src/main/java/org/apache/pdfbox/pdmodel/font/FontMapper.java,,,,,,,,,,,,,,,,,,,,,,,,,2,6,0,1,1,0,5,1,0,1,1,1,0,0,0,0,0,,,,,,0,,5,00,0,0,0,0
Final Class,"org.apache.pdfbox.pdmodel.font.FontMapperImpl",pdfbox/src/main/java/org/apache/pdfbox/pdmodel/font/FontMapperImpl.java,4,4,6,2,33,1,25,6,2,43,0,,0,2,,,19,4,19,31,1,11,0,7,,703,56,520,86,280,128,,,163,259,83,216,,,,,14,14,28,8,1,4,82,0,25,88,88,120,47
Private Static Class,"org.apache.pdfbox.pdmodel.font.FontMapperImpl.DefaultFontProvider",pdfbox/src/main/java/org/apache/pdfbox/pdmodel/font/FontMapperImpl.java,0,0,0,0,0,0,0,0,1,3,0,,0,1,,,0,0,0,12,0,0,0,0,,4,0,4,2,1,0,,,1,2,2,1,,,,,0,0,0,0,1,0,0,0,00,0,0,0,0
Constructor,"org.apache.pdfbox.pdmodel.font.FontMapperImpl.FontMapperImpl()",pdfbox/src/main/java/org/apache/pdfbox/pdmodel/font/FontMapperImpl.java,,,,,,,,,,,,,,,,,,,,,,,,,3,75,3,68,6,55,4,13,6,24,29,7,26,4,4,4,1,,,,,,2,,0,06,5,5,5,2
Lambda Method,"org.apache.pdfbox.pdmodel.font.FontMapperImpl.FontMapperImpl.(lambda_expr_1)(String (inferred))",pdfbox/src/main/java/org/apache/pdfbox/pdmodel/font/FontMapperImpl.java,,,,,,,,,,,,,,,,,,,,,,,,,2,5,0,5,1,3,0,5,1,2,2,1,2,1,1,1,1,,,,,,0,,0,00,1,1,1,1
Private Static Class,"org.apache.pdfbox.pdmodel.font.FontMapperImpl.FontMatch",pdfbox/src/main/java/org/apache/pdfbox/pdmodel/font/FontMapperImpl.java,1,1,1,1,4,0,4,0,2,3,0,,0,0,,,2,2,2,14,1,0,0,1,,19,2,14,6,2,3,,,4,7,5,2,,,,,1,1,1,1,1,0,50,0,21,2,2,2,2
Constructor,"org.apache.pdfbox.pdmodel.font.FontMapperImpl.FontMatch.FontMatch(FontInfo)",pdfbox/src/main/java/org/apache/pdfbox/pdmodel/font/FontMapperImpl.java,,,,,,,,,,,,,,,,,,,,,,,,,2,4,0,4,1,1,0,2,1,1,2,1,1,1,1,1,1,,,,,,0,,0,00,1,1,1,1
Public Method,"org.apache.pdfbox.pdmodel.font.FontMapperImpl.FontMatch.compareTo(FontMatch)",pdfbox/src/main/java/org/apache/pdfbox/pdmodel/font/FontMapperImpl.java,,,,,,,,,,,,,,,,,,,,,,,,,2,5,0,5,2,1,0,2,1,1,2,1,1,1,1,1,1,,,,,,0,,0,00,1,1,1,1
Public Method,"org.apache.pdfbox.pdmodel.font.FontMapperImpl.addSubstitute(String,String)",pdfbox/src/main/java/org/apache/pdfbox/pdmodel/font/FontMapperImpl.java,,,,,,,,,,,,,,,,,,,,,,,,,4,10,0,4,1,1,6,2,1,1,2,1,1,1,1,1,1,,,,,,0,,1,50,2,2,2,2
Lambda Method,"org.apache.pdfbox.pdmodel.font.FontMapperImpl.addSubstitute.(lambda_expr_1)(String (inferred))",pdfbox/src/main/java/org/apache/pdfbox/pdmodel/font/FontMapperImpl.java,,,,,,,,,,,,,,,,,,,,,,,,,0,1,0,1,0,1,0,2,1,0,0,0,0,1,1,1,1,,,,,,0,,0,00,1,1,1,1
Private Method,"org.apache.pdfbox.pdmodel.font.FontMapperImpl.createFontInfoByName(List<? extends FontInfo>)",pdfbox/src/main/java/org/apache/pdfbox/pdmodel/font/FontMapperImpl.java,,,,,,,,,,,,,,,,,,,,,,,,,2,12,0,12,2,5,0,5,3,3,8,4,5,3,3,3,1,,,,,,2,,0,00,3,3,3,1
Private Method,"org.apache.pdfbox.pdmodel.font.FontMapperImpl.findFont(FontFormat,String)",pdfbox/src/main/java/org/apache/pdfbox/pdmodel/font/FontMapperImpl.java,,,,,,,,,,,,,,,,,,,,,,,,,6,59,6,40,2,21,13,6,19,13,23,3,21,9,9,9,8,,,,,,2,,0,33,9,9,9,8
Private Method,"org.apache.pdfbox.pdmodel.font.FontMapperImpl.findFontBoxFont(String)",pdfbox/src/main/java/org/apache/pdfbox/pdmodel/font/FontMapperImpl.java,,,,,,,,,,,,,,,,,,,,,,,,,5,27,3,19,4,10,5,2,4,7,11,4,10,4,4,4,4,,,,,,1,,0,26,4,4,4,4
Public Method,"org.apache.pdfbox.pdmodel.font.FontMapperImpl.getCIDFont(String,PDFontDescriptor,PDCIDSystemInfo)",pdfbox/src/main/java/org/apache/pdfbox/pdmodel/font/FontMapperImpl.java,,,,,,,,,,,,,,,,,,,,,,,,,8,61,5,42,9,21,14,11,11,12,21,7,20,9,9,12,8,,,,,,4,,0,33,9,9,12,8
Private Method,"org.apache.pdfbox.pdmodel.font.FontMapperImpl.getFallbackFontName(PDFontDescriptor)",pdfbox/src/main/java/org/apache/pdfbox/pdmodel/font/FontMapperImpl.java,,,,,,,,,,,,,,,,,,,,,,,,,3,80,1,73,5,37,6,7,25,20,34,5,31,14,14,19,1,,,,,,3,,0,08,14,14,19,1
Private Method,"org.apache.pdfbox.pdmodel.font.FontMapperImpl.getFont(FontFormat,String)",pdfbox/src/main/java/org/apache/pdfbox/pdmodel/font/FontMapperImpl.java,,,,,,,,,,,,,,,,,,,,,,,,,5,23,1,17,2,8,5,9,6,5,9,2,8,4,4,5,1,,,,,,2,,0,29,4,4,5,1
Public Method,"org.apache.pdfbox.pdmodel.font.FontMapperImpl.getFontBoxFont(String,PDFontDescriptor)",pdfbox/src/main/java/org/apache/pdfbox/pdmodel/font/FontMapperImpl.java,,,,,,,,,,,,,,,,,,,,,,,,,3,28,0,20,5,9,8,4,3,6,9,3,8,3,3,3,1,,,,,,2,,0,40,3,3,3,1
Public Method,"org.apache.pdfbox.pdmodel.font.FontMapperImpl.getFontCache()",pdfbox/src/main/java/org/apache/pdfbox/pdmodel/font/FontMapperImpl.java,,,,,,,,,,,,,,,,,,,,,,,,,1,8,0,4,1,1,4,1,1,1,2,1,1,1,1,1,1,,,,,,0,,1,00,1,1,1,1
Private Method,"org.apache.pdfbox.pdmodel.font.FontMapperImpl.getFontMatches(PDFontDescriptor,PDCIDSystemInfo)",pdfbox/src/main/java/org/apache/pdfbox/pdmodel/font/FontMapperImpl.java,,,,,,,,,,,,,,,,,,,,,,,,,4,99,7,69,9,39,23,23,127,19,34,9,32,14,14,28,6,,,,,,4,,0,33,14,14,28,6
Private Method,"org.apache.pdfbox.pdmodel.font.FontMapperImpl.getPostScriptNames(String)",pdfbox/src/main/java/org/apache/pdfbox/pdmodel/font/FontMapperImpl.java,,,,,,,,,,,,,,,,,,,,,,,,,2,15,3,7,2,4,5,4,1,4,5,2,4,1,1,1,1,,,,,,0,,0,71,1,1,1,1
Public Method,"org.apache.pdfbox.pdmodel.font.FontMapperImpl.getProvider()",pdfbox/src/main/java/org/apache/pdfbox/pdmodel/font/FontMapperImpl.java,,,,,,,,,,,,,,,,,,,,,,,,,3,11,0,8,1,3,3,2,2,2,4,1,3,2,2,2,1,,,,,,1,,0,38,2,2,2,1
Private Method,"org.apache.pdfbox.pdmodel.font.FontMapperImpl.getSubstitutes(String)",pdfbox/src/main/java/org/apache/pdfbox/pdmodel/font/FontMapperImpl.java,,,,,,,,,,,,,,,,,,,,,,,,,3,15,0,12,2,5,3,4,2,3,5,2,4,2,2,2,1,,,,,,1,,0,25,2,2,2,1
Public Method,"org.apache.pdfbox.pdmodel.font.FontMapperImpl.getTrueTypeFont(String,PDFontDescriptor)",pdfbox/src/main/java/org/apache/pdfbox/pdmodel/font/FontMapperImpl.java,,,,,,,,,,,,,,,,,,,,,,,,,4,27,0,20,5,9,7,4,3,6,9,3,8,3,3,3,1,,,,,,2,,0,35,3,3,3,1
Private Method,"org.apache.pdfbox.pdmodel.font.FontMapperImpl.isCharSetMatch(PDCIDSystemInfo,FontInfo)",pdfbox/src/main/java/org/apache/pdfbox/pdmodel/font/FontMapperImpl.java,,,,,,,,,,,,,,,,,,,,,,,,,3,49,2,42,7,25,5,9,9,12,18,7,12,6,6,12,5,,,,,,2,,0,12,6,6,12,5
Private Method,"org.apache.pdfbox.pdmodel.font.FontMapperImpl.printMatches(PriorityQueue<FontMatch>)",pdfbox/src/main/java/org/apache/pdfbox/pdmodel/font/FontMapperImpl.java,,,,,,,,,,,,,,,,,,,,,,,,,4,19,0,16,4,11,3,11,2,7,9,4,7,2,2,2,1,,,,,,1,,0,19,2,2,2,1
Private Method,"org.apache.pdfbox.pdmodel.font.FontMapperImpl.probablyBarcodeFont(PDFontDescriptor)",pdfbox/src/main/java/org/apache/pdfbox/pdmodel/font/FontMapperImpl.java,,,,,,,,,,,,,,,,,,,,,,,,,2,15,0,15,3,8,0,6,4,5,8,3,7,3,3,6,1,,,,,,1,,0,00,3,3,6,1
Public Method,"org.apache.pdfbox.pdmodel.font.FontMapperImpl.setProvider(FontProvider)",pdfbox/src/main/java/org/apache/pdfbox/pdmodel/font/FontMapperImpl.java,,,,,,,,,,,,,,,,,,,,,,,,,2,8,0,5,1,2,3,4,1,2,3,1,2,1,1,1,1,,,,,,0,,0,60,1,1,1,1
Public Final Class,"org.apache.pdfbox.pdmodel.font.FontMappers",pdfbox/src/main/java/org/apache/pdfbox/pdmodel/font/FontMappers.java,1,1,1,1,7,0,5,2,1,2,0,,2,1,,,1,0,3,15,0,1,0,2,,39,4,23,7,5,12,,,5,11,7,5,,,,,2,2,2,1,1,1,33,0,52,4,4,4,3
Private Static Class,"org.apache.pdfbox.pdmodel.font.FontMappers.DefaultFontMapper",pdfbox/src/main/java/org/apache/pdfbox/pdmodel/font/FontMappers.java,0,0,0,0,0,0,0,0,1,2,0,,0,1,,,0,0,0,12,0,0,0,0,,4,0,4,2,1,0,,,1,2,2,1,,,,,0,0,0,0,1,0,0,0,00,0,0,0,0
Private Constructor,"org.apache.pdfbox.pdmodel.font.FontMappers.FontMappers()",pdfbox/src/main/java/org/apache/pdfbox/pdmodel/font/FontMappers.java,,,,,,,,,,,,,,,,,,,,,,,,,0,3,0,3,1,0,0,1,1,0,1,1,0,1,1,1,1,,,,,,0,,0,00,1,1,1,1
Public Static Method,"org.apache.pdfbox.pdmodel.font.FontMappers.instance()",pdfbox/src/main/java/org/apache/pdfbox/pdmodel/font/FontMappers.java,,,,,,,,,,,,,,,,,,,,,,,,,9,11,0,8,1,3,3,2,2,2,4,1,3,2,2,2,1,,,,,,1,,0,38,2,2,2,1
Public Static Method,"org.apache.pdfbox.pdmodel.font.FontMappers.set(FontMapper)",pdfbox/src/main/java/org/apache/pdfbox/pdmodel/font/FontMappers.java,,,,,,,,,,,,,,,,,,,,,,,,,1,7,0,4,1,1,3,1,1,1,2,1,1,1,1,1,1,,,,,,0,,0,75,1,1,1,1
Public Generic Class,"org.apache.pdfbox.pdmodel.font.FontMapping",pdfbox/src/main/java/org/apache/pdfbox/pdmodel/font/FontMapping.java,1,1,1,1,6,0,4,2,1,0,1,,0,0,,,3,2,3,15,0,0,0,3,,33,3,18,6,4,12,,,6,10,6,4,,,,,1,1,1,1,1,0,33,0,67,3,3,3,3
Public Constructor,"org.apache.pdfbox.pdmodel.font.FontMapping.FontMapping(T,boolean)",pdfbox/src/main/java/org/apache/pdfbox/pdmodel/font/FontMapping.java,,,,,,,,,,,,,,,,,,,,,,,,,5,5,0,5,1,2,0,3,1,2,3,1,2,1,1,1,1,,,,,,0,,0,00,1,1,1,1
TypeVariable,"org.apache.pdfbox.pdmodel.font.FontMapping.T",pdfbox/src/main/java/org/apache/pdfbox/pdmodel/font/FontMapping.java,0,0,0,0,0,0,0,0,1,1,0,,0,0,,,0,0,0,0,0,0,0,0,,0,0,0,0,0,0,,,0,0,0,0,,,,,0,0,0,0,1,0,0,0,00,0,0,0,0
Public Method,"org.apache.pdfbox.pdmodel.font.FontMapping.getFont()",pdfbox/src/main/java/org/apache/pdfbox/pdmodel/font/FontMapping.java,,,,,,,,,,,,,,,,,,,,,,,,,9,7,0,4,1,1,3,1,1,1,2,1,1,1,1,1,1,,,,,,0,,0,75,1,1,1,1
Public Method,"org.apache.pdfbox.pdmodel.font.FontMapping.isFallback()",pdfbox/src/main/java/org/apache/pdfbox/pdmodel/font/FontMapping.java,,,,,,,,,,,,,,,,,,,,,,,,,7,8,0,4,1,1,4,1,1,1,2,1,1,1,1,1,1,,,,,,0,,1,00,1,1,1,1
Public Abstract Class,"org.apache.pdfbox.pdmodel.font.FontProvider",pdfbox/src/main/java/org/apache/pdfbox/pdmodel/font/FontProvider.java,0,0,0,0,0,0,0,0,1,2,1,,0,0,,,2,0,2,14,0,0,0,2,,18,1,5,3,0,12,,,2,3,3,0,,,,,0,0,0,0,1,0,0,2,40,0,0,0,0
Public Abstract Method,"org.apache.pdfbox.pdmodel.font.FontProvider.getFontInfo()",pdfbox/src/main/java/org/apache/pdfbox/pdmodel/font/FontProvider.java,,,,,,,,,,,,,,,,,,,,,,,,,1,4,0,1,1,0,3,1,0,1,1,1,0,0,0,0,0,,,,,,0,,3,00,0,0,0,0
Public Abstract Method,"org.apache.pdfbox.pdmodel.font.FontProvider.toDebugString()",pdfbox/src/main/java/org/apache/pdfbox/pdmodel/font/FontProvider.java,,,,,,,,,,,,,,,,,,,,,,,,,0,5,0,1,1,0,4,1,0,1,1,1,0,0,0,0,0,,,,,,0,,4,00,0,0,0,0
Public Abstract Class,"org.apache.pdfbox.pdmodel.font.PDCIDFont",pdfbox/src/main/java/org/apache/pdfbox/pdmodel/font/PDCIDFont.java,2,2,2,1,16,0,14,2,4,21,2,,0,1,,,22,9,22,34,2,5,1,14,,376,27,278,91,136,73,,,124,174,91,123,,,,,9,9,10,6,1,5,84,0,26,49,49,52,23
Constructor,"org.apache.pdfbox.pdmodel.font.PDCIDFont.PDCIDFont(COSDictionary,PDType0Font)",pdfbox/src/main/java/org/apache/pdfbox/pdmodel/font/PDCIDFont.java,,,,,,,,,,,,,,,,,,,,,,,,,4,12,0,7,1,4,5,5,1,4,5,1,4,1,1,1,1,,,,,,0,,0,71,1,1,1,1
Public Abstract Method,"org.apache.pdfbox.pdmodel.font.PDCIDFont.codeToCID(int)",pdfbox/src/main/java/org/apache/pdfbox/pdmodel/font/PDCIDFont.java,,,,,,,,,,,,,,,,,,,,,,,,,7,7,0,1,1,0,6,1,0,1,1,1,0,0,0,0,0,,,,,,0,,6,00,0,0,0,0
Public Abstract Method,"org.apache.pdfbox.pdmodel.font.PDCIDFont.codeToGID(int)",pdfbox/src/main/java/org/apache/pdfbox/pdmodel/font/PDCIDFont.java,,,,,,,,,,,,,,,,,,,,,,,,,3,8,0,1,1,0,7,1,0,1,1,1,0,0,0,0,0,,,,,,0,,7,00,0,0,0,0
Protected Abstract Method,"org.apache.pdfbox.pdmodel.font.PDCIDFont.encode(int)",pdfbox/src/main/java/org/apache/pdfbox/pdmodel/font/PDCIDFont.java,,,,,,,,,,,,,,,,,,,,,,,,,1,11,0,1,1,0,10,1,0,1,1,1,0,0,0,0,0,,,,,,0,,10,00,0,0,0,0
Public Abstract Method,"org.apache.pdfbox.pdmodel.font.PDCIDFont.encodeGlyphId(int)",pdfbox/src/main/java/org/apache/pdfbox/pdmodel/font/PDCIDFont.java,,,,,,,,,,,,,,,,,,,,,,,,,1,1,0,1,1,0,0,1,0,1,1,1,0,0,0,0,0,,,,,,0,,0,00,0,0,0,0
Public Method,"org.apache.pdfbox.pdmodel.font.PDCIDFont.getAverageFontWidth()",pdfbox/src/main/java/org/apache/pdfbox/pdmodel/font/PDCIDFont.java,,,,,,,,,,,,,,,,,,,,,,,,,3,30,0,29,4,13,1,6,17,7,15,4,11,7,7,8,1,,,,,,4,,0,03,7,7,8,1
Public Method,"org.apache.pdfbox.pdmodel.font.PDCIDFont.getBaseFont()",pdfbox/src/main/java/org/apache/pdfbox/pdmodel/font/PDCIDFont.java,,,,,,,,,,,,,,,,,,,,,,,,,6,9,0,4,1,1,5,2,1,1,2,1,1,1,1,1,1,,,,,,0,,1,25,1,1,1,1
Public Method,"org.apache.pdfbox.pdmodel.font.PDCIDFont.getCIDSystemInfo()",pdfbox/src/main/java/org/apache/pdfbox/pdmodel/font/PDCIDFont.java,,,,,,,,,,,,,,,,,,,,,,,,,6,8,0,5,2,2,3,3,1,2,3,2,2,2,2,2,1,,,,,,0,,0,60,2,2,2,1
Public Method,"org.apache.pdfbox.pdmodel.font.PDCIDFont.getCOSObject()",pdfbox/src/main/java/org/apache/pdfbox/pdmodel/font/PDCIDFont.java,,,,,,,,,,,,,,,,,,,,,,,,,5,5,0,5,2,1,0,1,1,1,2,1,1,1,1,1,1,,,,,,0,,0,00,1,1,1,1
Private Method,"org.apache.pdfbox.pdmodel.font.PDCIDFont.getDefaultPositionVector(int)",pdfbox/src/main/java/org/apache/pdfbox/pdmodel/font/PDCIDFont.java,,,,,,,,,,,,,,,,,,,,,,,,,3,9,0,4,1,1,5,3,1,1,2,1,1,1,1,1,1,,,,,,0,,1,25,1,1,1,1
Private Method,"org.apache.pdfbox.pdmodel.font.PDCIDFont.getDefaultWidth()",pdfbox/src/main/java/org/apache/pdfbox/pdmodel/font/PDCIDFont.java,,,,,,,,,,,,,,,,,,,,,,,,,5,21,0,16,2,7,5,5,3,4,7,2,6,3,3,3,1,,,,,,2,,0,31,3,3,3,1
Public Method,"org.apache.pdfbox.pdmodel.font.PDCIDFont.getFontDescriptor()",pdfbox/src/main/java/org/apache/pdfbox/pdmodel/font/PDCIDFont.java,,,,,,,,,,,,,,,,,,,,,,,,,11,13,0,13,3,5,0,4,3,3,6,2,5,3,3,3,1,,,,,,2,,0,00,3,3,3,1
Public Method,"org.apache.pdfbox.pdmodel.font.PDCIDFont.getName()",pdfbox/src/main/java/org/apache/pdfbox/pdmodel/font/PDCIDFont.java,,,,,,,,,,,,,,,,,,,,,,,,,3,5,0,5,2,1,0,2,1,1,2,1,1,1,1,1,1,,,,,,0,,0,00,1,1,1,1
Public Final Method,"org.apache.pdfbox.pdmodel.font.PDCIDFont.getParent()",pdfbox/src/main/java/org/apache/pdfbox/pdmodel/font/PDCIDFont.java,,,,,,,,,,,,,,,,,,,,,,,,,1,9,0,4,1,1,5,1,1,1,2,1,1,1,1,1,1,,,,,,0,,1,25,1,1,1,1
Public Method,"org.apache.pdfbox.pdmodel.font.PDCIDFont.getPositionVector(int)",pdfbox/src/main/java/org/apache/pdfbox/pdmodel/font/PDCIDFont.java,,,,,,,,,,,,,,,,,,,,,,,,,3,11,0,11,4,5,0,4,2,4,6,3,5,2,2,2,1,,,,,,1,,0,00,2,2,2,1
Public Method,"org.apache.pdfbox.pdmodel.font.PDCIDFont.getVerticalDisplacementVectorY(int)",pdfbox/src/main/java/org/apache/pdfbox/pdmodel/font/PDCIDFont.java,,,,,,,,,,,,,,,,,,,,,,,,,4,16,0,10,3,5,6,3,2,4,6,3,5,2,2,2,1,,,,,,1,,0,60,2,2,2,1
Public Method,"org.apache.pdfbox.pdmodel.font.PDCIDFont.getWidth(int)",pdfbox/src/main/java/org/apache/pdfbox/pdmodel/font/PDCIDFont.java,,,,,,,,,,,,,,,,,,,,,,,,,2,8,0,5,2,1,3,3,1,1,2,1,1,1,1,1,1,,,,,,0,,0,60,1,1,1,1
Private Method,"org.apache.pdfbox.pdmodel.font.PDCIDFont.getWidthForCID(int)",pdfbox/src/main/java/org/apache/pdfbox/pdmodel/font/PDCIDFont.java,,,,,,,,,,,,,,,,,,,,,,,,,4,9,0,9,2,4,0,3,2,3,5,2,4,2,2,2,1,,,,,,1,,0,00,2,2,2,1
Public Method,"org.apache.pdfbox.pdmodel.font.PDCIDFont.hasExplicitWidth(int)",pdfbox/src/main/java/org/apache/pdfbox/pdmodel/font/PDCIDFont.java,,,,,,,,,,,,,,,,,,,,,,,,,3,5,0,5,2,1,0,3,1,1,2,1,1,1,1,1,1,,,,,,0,,0,00,1,1,1,1
Final Method,"org.apache.pdfbox.pdmodel.font.PDCIDFont.readCIDToGIDMap()",pdfbox/src/main/java/org/apache/pdfbox/pdmodel/font/PDCIDFont.java,,,,,,,,,,,,,,,,,,,,,,,,,5,21,0,21,8,14,0,5,3,14,17,9,11,3,3,3,1,,,,,,2,,0,00,3,3,3,1
Private Method,"org.apache.pdfbox.pdmodel.font.PDCIDFont.readVerticalDisplacements()",pdfbox/src/main/java/org/apache/pdfbox/pdmodel/font/PDCIDFont.java,,,,,,,,,,,,,,,,,,,,,,,,,6,52,1,49,17,30,2,8,18,28,36,20,31,8,8,9,1,,,,,,4,,0,04,8,8,9,1
Private Method,"org.apache.pdfbox.pdmodel.font.PDCIDFont.readWidths()",pdfbox/src/main/java/org/apache/pdfbox/pdmodel/font/PDCIDFont.java,,,,,,,,,,,,,,,,,,,,,,,,,5,59,0,59,19,36,0,9,16,30,39,21,29,9,9,10,6,,,,,,5,,0,00,9,9,10,6
Public Class,"org.apache.pdfbox.pdmodel.font.PDCIDFontType0",pdfbox/src/main/java/org/apache/pdfbox/pdmodel/font/PDCIDFontType0.java,2,2,3,1,18,0,16,1,1,41,0,,0,1,,,21,10,21,55,0,3,0,18,,439,31,361,73,162,49,,,113,171,57,130,,,,,11,11,13,4,2,3,84,0,14,56,56,67,35
Private Class,"org.apache.pdfbox.pdmodel.font.PDCIDFontType0.FF3ByteSource",pdfbox/src/main/java/org/apache/pdfbox/pdmodel/font/PDCIDFontType0.java,1,1,1,1,5,0,5,0,2,5,0,,0,0,,,1,0,1,13,0,0,0,1,,8,0,8,3,1,0,,,1,3,2,1,,,,,1,1,1,1,1,0,0,0,00,1,1,1,1
Public Method,"org.apache.pdfbox.pdmodel.font.PDCIDFontType0.FF3ByteSource.getBytes()",pdfbox/src/main/java/org/apache/pdfbox/pdmodel/font/PDCIDFontType0.java,,,,,,,,,,,,,,,,,,,,,,,,,0,5,0,5,2,1,0,4,1,1,2,1,1,1,1,1,1,,,,,,0,,0,00,1,1,1,1
Public Constructor,"org.apache.pdfbox.pdmodel.font.PDCIDFontType0.PDCIDFontType0(COSDictionary,PDType0Font)",pdfbox/src/main/java/org/apache/pdfbox/pdmodel/font/PDCIDFontType0.java,,,,,,,,,,,,,,,,,,,,,,,,,10,103,4,89,11,55,10,31,96,38,49,10,43,11,11,13,1,,,,,,3,,0,11,11,11,13,1
Public Method,"org.apache.pdfbox.pdmodel.font.PDCIDFontType0.codeToCID(int)",pdfbox/src/main/java/org/apache/pdfbox/pdmodel/font/PDCIDFontType0.java,,,,,,,,,,,,,,,,,,,,,,,,,7,11,0,5,2,1,6,3,1,1,2,1,1,1,1,1,1,,,,,,0,,1,20,1,1,1,1
Public Method,"org.apache.pdfbox.pdmodel.font.PDCIDFontType0.codeToGID(int)",pdfbox/src/main/java/org/apache/pdfbox/pdmodel/font/PDCIDFontType0.java,,,,,,,,,,,,,,,,,,,,,,,,,3,16,0,13,3,5,3,4,2,3,5,2,4,2,2,2,1,,,,,,1,,0,23,2,2,2,1
Public Method,"org.apache.pdfbox.pdmodel.font.PDCIDFontType0.encode(int)",pdfbox/src/main/java/org/apache/pdfbox/pdmodel/font/PDCIDFontType0.java,,,,,,,,,,,,,,,,,,,,,,,,,0,7,0,5,2,1,2,2,1,1,2,1,1,1,1,1,1,,,,,,0,,0,40,1,1,1,1
Public Method,"org.apache.pdfbox.pdmodel.font.PDCIDFontType0.encodeGlyphId(int)",pdfbox/src/main/java/org/apache/pdfbox/pdmodel/font/PDCIDFontType0.java,,,,,,,,,,,,,,,,,,,,,,,,,0,5,0,5,2,1,0,2,1,1,2,1,1,1,1,1,1,,,,,,0,,0,00,1,1,1,1
Private Method,"org.apache.pdfbox.pdmodel.font.PDCIDFontType0.generateBoundingBox()",pdfbox/src/main/java/org/apache/pdfbox/pdmodel/font/PDCIDFontType0.java,,,,,,,,,,,,,,,,,,,,,,,,,5,23,0,23,2,13,0,13,5,5,9,2,8,5,5,9,4,,,,,,2,,0,00,5,5,9,4
Private Method,"org.apache.pdfbox.pdmodel.font.PDCIDFontType0.getAverageCharacterWidth()",pdfbox/src/main/java/org/apache/pdfbox/pdmodel/font/PDCIDFontType0.java,,,,,,,,,,,,,,,,,,,,,,,,,1,5,0,4,1,1,1,1,1,1,2,1,1,1,1,1,1,,,,,,0,,0,25,1,1,1,1
Public Method,"org.apache.pdfbox.pdmodel.font.PDCIDFontType0.getAverageFontWidth()",pdfbox/src/main/java/org/apache/pdfbox/pdmodel/font/PDCIDFontType0.java,,,,,,,,,,,,,,,,,,,,,,,,,1,9,0,9,2,3,0,3,2,2,4,1,3,2,2,2,1,,,,,,1,,0,00,2,2,2,1
Public Method,"org.apache.pdfbox.pdmodel.font.PDCIDFontType0.getBoundingBox()",pdfbox/src/main/java/org/apache/pdfbox/pdmodel/font/PDCIDFontType0.java,,,,,,,,,,,,,,,,,,,,,,,,,1,9,0,9,2,3,0,3,2,2,4,1,3,2,2,2,1,,,,,,1,,0,00,2,2,2,1
Public Method,"org.apache.pdfbox.pdmodel.font.PDCIDFontType0.getCFFFont()",pdfbox/src/main/java/org/apache/pdfbox/pdmodel/font/PDCIDFontType0.java,,,,,,,,,,,,,,,,,,,,,,,,,2,18,0,15,1,6,3,1,3,3,6,1,5,3,3,3,3,,,,,,1,,0,20,3,3,3,3
Public Method,"org.apache.pdfbox.pdmodel.font.PDCIDFontType0.getFontBoxFont()",pdfbox/src/main/java/org/apache/pdfbox/pdmodel/font/PDCIDFontType0.java,,,,,,,,,,,,,,,,,,,,,,,,,2,14,0,11,1,4,3,1,2,2,4,1,3,2,2,2,1,,,,,,1,,0,27,2,2,2,1
Public Final Method,"org.apache.pdfbox.pdmodel.font.PDCIDFontType0.getFontMatrix()",pdfbox/src/main/java/org/apache/pdfbox/pdmodel/font/PDCIDFontType0.java,,,,,,,,,,,,,,,,,,,,,,,,,6,36,1,35,3,16,0,9,6,8,13,2,11,5,5,6,4,,,,,,3,,0,00,5,5,6,4
Private Method,"org.apache.pdfbox.pdmodel.font.PDCIDFontType0.getGlyphName(int)",pdfbox/src/main/java/org/apache/pdfbox/pdmodel/font/PDCIDFontType0.java,,,,,,,,,,,,,,,,,,,,,,,,,5,13,0,9,2,4,4,4,2,3,5,2,4,2,2,2,1,,,,,,1,,0,44,2,2,2,1
Public Method,"org.apache.pdfbox.pdmodel.font.PDCIDFontType0.getHeight(int)",pdfbox/src/main/java/org/apache/pdfbox/pdmodel/font/PDCIDFontType0.java,,,,,,,,,,,,,,,,,,,,,,,,,2,17,1,16,4,7,0,8,2,6,8,3,6,2,2,2,1,,,,,,1,,0,00,2,2,2,1
Public Method,"org.apache.pdfbox.pdmodel.font.PDCIDFontType0.getNormalizedPath(int)",pdfbox/src/main/java/org/apache/pdfbox/pdmodel/font/PDCIDFontType0.java,,,,,,,,,,,,,,,,,,,,,,,,,1,5,0,5,2,1,0,2,1,1,2,1,1,1,1,1,1,,,,,,0,,0,00,1,1,1,1
Public Method,"org.apache.pdfbox.pdmodel.font.PDCIDFontType0.getPath(int)",pdfbox/src/main/java/org/apache/pdfbox/pdmodel/font/PDCIDFontType0.java,,,,,,,,,,,,,,,,,,,,,,,,,5,23,0,22,4,10,1,7,6,6,10,3,9,4,4,6,3,,,,,,1,,0,05,4,4,6,3
Public Method,"org.apache.pdfbox.pdmodel.font.PDCIDFontType0.getType2CharString(int)",pdfbox/src/main/java/org/apache/pdfbox/pdmodel/font/PDCIDFontType0.java,,,,,,,,,,,,,,,,,,,,,,,,,7,22,0,15,1,6,7,3,3,3,6,1,5,3,3,3,3,,,,,,1,,0,47,3,3,3,3
Public Method,"org.apache.pdfbox.pdmodel.font.PDCIDFontType0.getWidthFromFont(int)",pdfbox/src/main/java/org/apache/pdfbox/pdmodel/font/PDCIDFontType0.java,,,,,,,,,,,,,,,,,,,,,,,,,5,22,1,21,5,10,0,9,3,8,11,4,9,3,3,4,1,,,,,,1,,0,00,3,3,4,1
Public Method,"org.apache.pdfbox.pdmodel.font.PDCIDFontType0.hasGlyph(int)",pdfbox/src/main/java/org/apache/pdfbox/pdmodel/font/PDCIDFontType0.java,,,,,,,,,,,,,,,,,,,,,,,,,3,18,0,18,4,8,0,7,3,5,8,3,7,3,3,4,3,,,,,,1,,0,00,3,3,4,3
Public Method,"org.apache.pdfbox.pdmodel.font.PDCIDFontType0.isDamaged()",pdfbox/src/main/java/org/apache/pdfbox/pdmodel/font/PDCIDFontType0.java,,,,,,,,,,,,,,,,,,,,,,,,,1,5,0,5,2,1,0,1,1,1,2,1,1,1,1,1,1,,,,,,0,,0,00,1,1,1,1
Public Method,"org.apache.pdfbox.pdmodel.font.PDCIDFontType0.isEmbedded()",pdfbox/src/main/java/org/apache/pdfbox/pdmodel/font/PDCIDFontType0.java,,,,,,,,,,,,,,,,,,,,,,,,,1,5,0,5,2,1,0,1,1,1,2,1,1,1,1,1,1,,,,,,0,,0,00,1,1,1,1
Public Class,"org.apache.pdfbox.pdmodel.font.PDCIDFontType2",pdfbox/src/main/java/org/apache/pdfbox/pdmodel/font/PDCIDFontType2.java,3,3,3,1,22,0,18,3,1,38,0,,0,1,,,18,8,18,52,0,2,0,16,,434,34,337,70,155,67,,,102,160,56,129,,,,,10,10,11,8,2,4,84,0,20,57,57,65,35
Public Constructor,"org.apache.pdfbox.pdmodel.font.PDCIDFontType2.PDCIDFontType2(COSDictionary,PDType0Font)",pdfbox/src/main/java/org/apache/pdfbox/pdmodel/font/PDCIDFontType2.java,,,,,,,,,,,,,,,,,,,,,,,,,4,11,0,4,1,1,7,2,1,1,2,1,1,1,1,1,1,,,,,,0,,1,75,1,1,1,1
Public Constructor,"org.apache.pdfbox.pdmodel.font.PDCIDFontType2.PDCIDFontType2(COSDictionary,PDType0Font,TrueTypeFont)",pdfbox/src/main/java/org/apache/pdfbox/pdmodel/font/PDCIDFontType2.java,,,,,,,,,,,,,,,,,,,,,,,,,8,72,4,57,7,34,11,21,41,24,33,7,29,9,9,9,1,,,,,,4,,0,19,9,9,9,1
Public Method,"org.apache.pdfbox.pdmodel.font.PDCIDFontType2.codeToCID(int)",pdfbox/src/main/java/org/apache/pdfbox/pdmodel/font/PDCIDFontType2.java,,,,,,,,,,,,,,,,,,,,,,,,,3,17,2,14,4,6,2,7,3,4,7,3,6,3,3,4,3,,,,,,2,,0,14,3,3,4,3
Public Method,"org.apache.pdfbox.pdmodel.font.PDCIDFontType2.codeToGID(int)",pdfbox/src/main/java/org/apache/pdfbox/pdmodel/font/PDCIDFontType2.java,,,,,,,,,,,,,,,,,,,,,,,,,15,90,2,64,5,30,24,11,10,15,25,4,24,10,10,11,8,,,,,,4,,0,38,10,10,11,8
Public Method,"org.apache.pdfbox.pdmodel.font.PDCIDFontType2.encode(int)",pdfbox/src/main/java/org/apache/pdfbox/pdmodel/font/PDCIDFontType2.java,,,,,,,,,,,,,,,,,,,,,,,,,4,52,3,45,5,21,5,14,30,10,19,4,17,9,9,9,5,,,,,,4,,0,11,9,9,9,5
Public Method,"org.apache.pdfbox.pdmodel.font.PDCIDFontType2.encodeGlyphId(int)",pdfbox/src/main/java/org/apache/pdfbox/pdmodel/font/PDCIDFontType2.java,,,,,,,,,,,,,,,,,,,,,,,,,2,6,0,5,2,1,1,1,1,1,2,1,1,1,1,1,1,,,,,,0,,0,20,1,1,1,1
Private Method,"org.apache.pdfbox.pdmodel.font.PDCIDFontType2.findFontOrSubstitute()",pdfbox/src/main/java/org/apache/pdfbox/pdmodel/font/PDCIDFontType2.java,,,,,,,,,,,,,,,,,,,,,,,,,2,21,1,20,4,10,0,12,4,6,9,3,7,3,3,3,1,,,,,,1,,0,00,3,3,3,1
Private Method,"org.apache.pdfbox.pdmodel.font.PDCIDFontType2.generateBoundingBox()",pdfbox/src/main/java/org/apache/pdfbox/pdmodel/font/PDCIDFontType2.java,,,,,,,,,,,,,,,,,,,,,,,,,2,17,0,17,2,10,0,10,3,3,6,2,5,3,3,7,3,,,,,,2,,0,00,3,3,7,3
Public Method,"org.apache.pdfbox.pdmodel.font.PDCIDFontType2.getBoundingBox()",pdfbox/src/main/java/org/apache/pdfbox/pdmodel/font/PDCIDFontType2.java,,,,,,,,,,,,,,,,,,,,,,,,,1,9,0,9,2,3,0,3,2,2,4,1,3,2,2,2,1,,,,,,1,,0,00,2,2,2,1
Public Method,"org.apache.pdfbox.pdmodel.font.PDCIDFontType2.getFontMatrix()",pdfbox/src/main/java/org/apache/pdfbox/pdmodel/font/PDCIDFontType2.java,,,,,,,,,,,,,,,,,,,,,,,,,1,10,0,9,2,3,1,3,2,2,4,1,3,2,2,2,1,,,,,,1,,0,11,2,2,2,1
Public Method,"org.apache.pdfbox.pdmodel.font.PDCIDFontType2.getHeight(int)",pdfbox/src/main/java/org/apache/pdfbox/pdmodel/font/PDCIDFontType2.java,,,,,,,,,,,,,,,,,,,,,,,,,1,7,0,6,2,2,2,5,1,1,2,1,1,1,1,1,1,,,,,,0,,0,33,1,1,1,1
Public Method,"org.apache.pdfbox.pdmodel.font.PDCIDFontType2.getNormalizedPath(int)",pdfbox/src/main/java/org/apache/pdfbox/pdmodel/font/PDCIDFontType2.java,,,,,,,,,,,,,,,,,,,,,,,,,2,29,3,24,6,12,2,8,6,8,12,5,11,4,4,5,1,,,,,,2,,0,08,4,4,5,1
Public Method,"org.apache.pdfbox.pdmodel.font.PDCIDFontType2.getPath(int)",pdfbox/src/main/java/org/apache/pdfbox/pdmodel/font/PDCIDFontType2.java,,,,,,,,,,,,,,,,,,,,,,,,,3,22,0,20,6,10,2,11,3,7,10,5,9,3,3,4,3,,,,,,2,,0,10,3,3,4,3
Public Method,"org.apache.pdfbox.pdmodel.font.PDCIDFontType2.getTrueTypeFont()",pdfbox/src/main/java/org/apache/pdfbox/pdmodel/font/PDCIDFontType2.java,,,,,,,,,,,,,,,,,,,,,,,,,4,8,0,4,1,1,4,1,1,1,2,1,1,1,1,1,1,,,,,,0,,1,00,1,1,1,1
Public Method,"org.apache.pdfbox.pdmodel.font.PDCIDFontType2.getWidthFromFont(int)",pdfbox/src/main/java/org/apache/pdfbox/pdmodel/font/PDCIDFontType2.java,,,,,,,,,,,,,,,,,,,,,,,,,2,12,0,12,5,6,0,4,2,5,7,4,6,2,2,2,1,,,,,,1,,0,00,2,2,2,1
Public Method,"org.apache.pdfbox.pdmodel.font.PDCIDFontType2.hasGlyph(int)",pdfbox/src/main/java/org/apache/pdfbox/pdmodel/font/PDCIDFontType2.java,,,,,,,,,,,,,,,,,,,,,,,,,1,5,0,5,2,1,0,2,1,1,2,1,1,1,1,1,1,,,,,,0,,0,00,1,1,1,1
Public Method,"org.apache.pdfbox.pdmodel.font.PDCIDFontType2.isDamaged()",pdfbox/src/main/java/org/apache/pdfbox/pdmodel/font/PDCIDFontType2.java,,,,,,,,,,,,,,,,,,,,,,,,,1,5,0,5,2,1,0,1,1,1,2,1,1,1,1,1,1,,,,,,0,,0,00,1,1,1,1
Public Method,"org.apache.pdfbox.pdmodel.font.PDCIDFontType2.isEmbedded()",pdfbox/src/main/java/org/apache/pdfbox/pdmodel/font/PDCIDFontType2.java,,,,,,,,,,,,,,,,,,,,,,,,,2,5,0,5,2,1,0,1,1,1,2,1,1,1,1,1,1,,,,,,0,,0,00,1,1,1,1
Final Class,"org.apache.pdfbox.pdmodel.font.PDCIDFontType2Embedder",pdfbox/src/main/java/org/apache/pdfbox/pdmodel/font/PDCIDFontType2Embedder.java,4,3,5,1,36,2,30,4,1,39,0,,0,1,,,16,5,16,40,1,13,1,1,,630,66,496,106,323,76,,,278,344,111,297,,,,,15,11,24,5,2,3,77,0,15,72,64,86,28
Constructor,"org.apache.pdfbox.pdmodel.font.PDCIDFontType2Embedder.PDCIDFontType2Embedder(PDDocument,COSDictionary,TrueTypeFont,boolean,PDType0Font,boolean)",pdfbox/src/main/java/org/apache/pdfbox/pdmodel/font/PDCIDFontType2Embedder.java,,,,,,,,,,,,,,,,,,,,,,,,,16,35,3,20,3,14,13,14,2,13,15,2,14,3,3,3,1,,,,,,1,,0,65,3,3,3,1
Enum Type,"org.apache.pdfbox.pdmodel.font.PDCIDFontType2Embedder.State",pdfbox/src/main/java/org/apache/pdfbox/pdmodel/font/PDCIDFontType2Embedder.java,0,0,0,0,0,0,0,0,1,1,0,,0,0,,,2,3,2,28,0,0,0,2,,4,0,4,2,0,0,,,0,1,1,0,,,,,0,0,0,0,1,0,,0,00,0,0,0,0
Public Implicit Method,"org.apache.pdfbox.pdmodel.font.PDCIDFontType2Embedder.State.valueOf()",pdfbox/src/main/java/org/apache/pdfbox/pdmodel/font/PDCIDFontType2Embedder.java,,,,,,,,,,,,,,,,,,,,,,,,,,,,,,,,,,,,,,,,,,,,,,,,,0,00,0,0,0,0
Public Implicit Method,"org.apache.pdfbox.pdmodel.font.PDCIDFontType2Embedder.State.values()",pdfbox/src/main/java/org/apache/pdfbox/pdmodel/font/PDCIDFontType2Embedder.java,,,,,,,,,,,,,,,,,,,,,,,,,,,,,,,,,,,,,,,,,,,,,,,,,0,00,0,0,0,0
Private Method,"org.apache.pdfbox.pdmodel.font.PDCIDFontType2Embedder.addNameTag(String)",pdfbox/src/main/java/org/apache/pdfbox/pdmodel/font/PDCIDFontType2Embedder.java,,,,,,,,,,,,,,,,,,,,,,,,,6,9,1,8,3,5,0,3,1,5,6,3,4,1,1,1,1,,,,,,0,,0,00,1,1,1,1
Private Method,"org.apache.pdfbox.pdmodel.font.PDCIDFontType2Embedder.buildCIDSet(Map<Integer,Integer>)",pdfbox/src/main/java/org/apache/pdfbox/pdmodel/font/PDCIDFontType2Embedder.java,,,,,,,,,,,,,,,,,,,,,,,,,5,19,2,13,6,8,4,5,2,9,11,7,7,2,2,2,1,,,,,,1,,0,31,2,2,2,1
Private Method,"org.apache.pdfbox.pdmodel.font.PDCIDFontType2Embedder.buildCIDToGIDMap(Map<Integer,Integer>)",pdfbox/src/main/java/org/apache/pdfbox/pdmodel/font/PDCIDFontType2Embedder.java,,,,,,,,,,,,,,,,,,,,,,,,,6,23,2,21,6,11,0,10,3,11,14,7,11,3,3,3,1,,,,,,2,,0,00,3,3,3,1
Protected Method,"org.apache.pdfbox.pdmodel.font.PDCIDFontType2Embedder.buildSubset(InputStream,String,Map<Integer,Integer>)",pdfbox/src/main/java/org/apache/pdfbox/pdmodel/font/PDCIDFontType2Embedder.java,,,,,,,,,,,,,,,,,,,,,,,,,5,25,1,17,4,10,7,10,2,9,11,2,10,2,2,2,1,,,,,,1,,0,41,3,3,3,2
Lambda Method,"org.apache.pdfbox.pdmodel.font.PDCIDFontType2Embedder.buildSubset.(lambda_expr_1)(Integer (inferred),Integer (inferred))",pdfbox/src/main/java/org/apache/pdfbox/pdmodel/font/PDCIDFontType2Embedder.java,,,,,,,,,,,,,,,,,,,,,,,,,2,1,0,1,0,1,0,2,1,0,0,0,0,1,1,1,1,,,,,,0,,0,00,1,1,1,1
Private Method,"org.apache.pdfbox.pdmodel.font.PDCIDFontType2Embedder.buildToUnicodeCMap(Map<Integer,Integer>)",pdfbox/src/main/java/org/apache/pdfbox/pdmodel/font/PDCIDFontType2Embedder.java,,,,,,,,,,,,,,,,,,,,,,,,,9,56,5,47,10,25,5,17,30,19,27,11,24,8,8,8,4,,,,,,3,,0,11,8,8,8,4
Private Method,"org.apache.pdfbox.pdmodel.font.PDCIDFontType2Embedder.buildVerticalHeader(COSDictionary)",pdfbox/src/main/java/org/apache/pdfbox/pdmodel/font/PDCIDFontType2Embedder.java,,,,,,,,,,,,,,,,,,,,,,,,,6,22,2,20,6,13,0,12,3,11,14,6,13,3,3,4,1,,,,,,1,,0,00,3,3,4,1
Private Method,"org.apache.pdfbox.pdmodel.font.PDCIDFontType2Embedder.buildVerticalMetrics(COSDictionary)",pdfbox/src/main/java/org/apache/pdfbox/pdmodel/font/PDCIDFontType2Embedder.java,,,,,,,,,,,,,,,,,,,,,,,,,5,30,2,25,4,14,3,12,4,12,16,5,13,4,4,4,1,,,,,,2,,0,12,4,4,4,1
Private Method,"org.apache.pdfbox.pdmodel.font.PDCIDFontType2Embedder.buildVerticalMetrics(Map<Integer,Integer>)",pdfbox/src/main/java/org/apache/pdfbox/pdmodel/font/PDCIDFontType2Embedder.java,,,,,,,,,,,,,,,,,,,,,,,,,6,60,5,44,16,31,15,21,10,26,33,17,30,6,6,7,5,,,,,,2,,0,34,6,6,7,5
Private Method,"org.apache.pdfbox.pdmodel.font.PDCIDFontType2Embedder.buildWidths(COSDictionary)",pdfbox/src/main/java/org/apache/pdfbox/pdmodel/font/PDCIDFontType2Embedder.java,,,,,,,,,,,,,,,,,,,,,,,,,4,15,1,11,3,6,3,5,2,7,9,4,6,2,2,2,1,,,,,,1,,0,27,2,2,2,1
Private Method,"org.apache.pdfbox.pdmodel.font.PDCIDFontType2Embedder.buildWidths(Map<Integer,Integer>)",pdfbox/src/main/java/org/apache/pdfbox/pdmodel/font/PDCIDFontType2Embedder.java,,,,,,,,,,,,,,,,,,,,,,,,,6,33,1,26,8,17,8,12,5,14,19,9,16,4,4,4,3,,,,,,2,,0,31,4,4,4,3
Private Method,"org.apache.pdfbox.pdmodel.font.PDCIDFontType2Embedder.createCIDFont()",pdfbox/src/main/java/org/apache/pdfbox/pdmodel/font/PDCIDFontType2Embedder.java,,,,,,,,,,,,,,,,,,,,,,,,,12,32,8,17,3,12,7,9,2,11,13,3,12,2,2,2,1,,,,,,1,,0,41,2,2,2,1
Public Method,"org.apache.pdfbox.pdmodel.font.PDCIDFontType2Embedder.getCIDFont()",pdfbox/src/main/java/org/apache/pdfbox/pdmodel/font/PDCIDFontType2Embedder.java,,,,,,,,,,,,,,,,,,,,,,,,,4,7,0,4,1,1,3,2,1,1,2,1,1,1,1,1,1,,,,,,0,,0,75,1,1,1,1
Private Method,"org.apache.pdfbox.pdmodel.font.PDCIDFontType2Embedder.getVerticalMetrics(int[])",pdfbox/src/main/java/org/apache/pdfbox/pdmodel/font/PDCIDFontType2Embedder.java,,,,,,,,,,,,,,,,,,,,,,,,,8,122,7,114,13,87,1,8,152,71,82,14,77,15,11,24,3,,,,,,3,,0,01,15,11,24,3
Private Method,"org.apache.pdfbox.pdmodel.font.PDCIDFontType2Embedder.getWidths(int[])",pdfbox/src/main/java/org/apache/pdfbox/pdmodel/font/PDCIDFontType2Embedder.java,,,,,,,,,,,,,,,,,,,,,,,,,7,95,7,88,9,63,0,8,80,48,58,10,53,14,10,17,1,,,,,,3,,0,00,14,10,17,1
Private Method,"org.apache.pdfbox.pdmodel.font.PDCIDFontType2Embedder.toCIDSystemInfo(String,String,int)",pdfbox/src/main/java/org/apache/pdfbox/pdmodel/font/PDCIDFontType2Embedder.java,,,,,,,,,,,,,,,,,,,,,,,,,7,8,0,8,2,5,0,4,1,5,6,2,5,1,1,1,1,,,,,,0,,0,00,1,1,1,1
Public Final Class,"org.apache.pdfbox.pdmodel.font.PDCIDSystemInfo",pdfbox/src/main/java/org/apache/pdfbox/pdmodel/font/PDCIDSystemInfo.java,1,1,1,1,4,0,4,0,2,5,0,,0,0,,,7,1,7,19,2,0,0,5,,49,7,37,11,10,5,,,11,19,9,10,,,,,1,1,1,1,1,0,14,0,14,7,7,7,7
Constructor,"org.apache.pdfbox.pdmodel.font.PDCIDSystemInfo.PDCIDSystemInfo(COSDictionary)",pdfbox/src/main/java/org/apache/pdfbox/pdmodel/font/PDCIDSystemInfo.java,,,,,,,,,,,,,,,,,,,,,,,,,2,4,0,4,1,1,0,2,1,1,2,1,1,1,1,1,1,,,,,,0,,0,00,1,1,1,1
Constructor,"org.apache.pdfbox.pdmodel.font.PDCIDSystemInfo.PDCIDSystemInfo(String,String,int)",pdfbox/src/main/java/org/apache/pdfbox/pdmodel/font/PDCIDSystemInfo.java,,,,,,,,,,,,,,,,,,,,,,,,,7,7,0,7,1,4,0,5,1,4,5,1,4,1,1,1,1,,,,,,0,,0,00,1,1,1,1
Public Method,"org.apache.pdfbox.pdmodel.font.PDCIDSystemInfo.getCOSObject()",pdfbox/src/main/java/org/apache/pdfbox/pdmodel/font/PDCIDSystemInfo.java,,,,,,,,,,,,,,,,,,,,,,,,,1,5,0,5,2,1,0,1,1,1,2,1,1,1,1,1,1,,,,,,0,,0,00,1,1,1,1
Public Method,"org.apache.pdfbox.pdmodel.font.PDCIDSystemInfo.getOrdering()",pdfbox/src/main/java/org/apache/pdfbox/pdmodel/font/PDCIDSystemInfo.java,,,,,,,,,,,,,,,,,,,,,,,,,7,4,0,4,1,1,0,2,1,1,2,1,1,1,1,1,1,,,,,,0,,0,00,1,1,1,1
Public Method,"org.apache.pdfbox.pdmodel.font.PDCIDSystemInfo.getRegistry()",pdfbox/src/main/java/org/apache/pdfbox/pdmodel/font/PDCIDSystemInfo.java,,,,,,,,,,,,,,,,,,,,,,,,,7,4,0,4,1,1,0,2,1,1,2,1,1,1,1,1,1,,,,,,0,,0,00,1,1,1,1
Public Method,"org.apache.pdfbox.pdmodel.font.PDCIDSystemInfo.getSupplement()",pdfbox/src/main/java/org/apache/pdfbox/pdmodel/font/PDCIDSystemInfo.java,,,,,,,,,,,,,,,,,,,,,,,,,4,4,0,4,1,1,0,2,1,1,2,1,1,1,1,1,1,,,,,,0,,0,00,1,1,1,1
Public Method,"org.apache.pdfbox.pdmodel.font.PDCIDSystemInfo.toString()",pdfbox/src/main/java/org/apache/pdfbox/pdmodel/font/PDCIDSystemInfo.java,,,,,,,,,,,,,,,,,,,,,,,,,0,5,0,5,2,1,0,4,1,1,2,1,1,1,1,1,1,,,,,,0,,0,00,1,1,1,1
Public Abstract Class,"org.apache.pdfbox.pdmodel.font.PDFont",pdfbox/src/main/java/org/apache/pdfbox/pdmodel/font/PDFont.java,2,2,2,1,18,0,12,4,3,38,2,,0,2,,,35,8,35,47,2,2,8,23,,611,53,382,87,177,180,,,140,206,79,152,,,,,7,7,11,6,1,5,83,0,47,66,66,81,41
Constructor,"org.apache.pdfbox.pdmodel.font.PDFont.PDFont()",pdfbox/src/main/java/org/apache/pdfbox/pdmodel/font/PDFont.java,,,,,,,,,,,,,,,,,,,,,,,,,3,12,0,9,1,6,3,9,1,6,7,1,6,1,1,1,1,,,,,,0,,0,33,1,1,1,1
Protected Constructor,"org.apache.pdfbox.pdmodel.font.PDFont.PDFont(COSDictionary)",pdfbox/src/main/java/org/apache/pdfbox/pdmodel/font/PDFont.java,,,,,,,,,,,,,,,,,,,,,,,,,3,15,1,8,1,5,7,11,1,5,6,1,5,1,1,1,1,,,,,,0,,0,88,1,1,1,1
Constructor,"org.apache.pdfbox.pdmodel.font.PDFont.PDFont(FontName)",pdfbox/src/main/java/org/apache/pdfbox/pdmodel/font/PDFont.java,,,,,,,,,,,,,,,,,,,,,,,,,6,17,0,13,1,8,4,13,2,7,9,1,8,2,2,2,1,,,,,,1,,0,31,2,2,2,1
Public Abstract Method,"org.apache.pdfbox.pdmodel.font.PDFont.addToSubset(int)",pdfbox/src/main/java/org/apache/pdfbox/pdmodel/font/PDFont.java,,,,,,,,,,,,,,,,,,,,,,,,,1,6,0,1,1,0,5,0,0,1,1,1,0,0,0,0,0,,,,,,0,,5,00,0,0,0,0
Public Final Method,"org.apache.pdfbox.pdmodel.font.PDFont.encode(String)",pdfbox/src/main/java/org/apache/pdfbox/pdmodel/font/PDFont.java,,,,,,,,,,,,,,,,,,,,,,,,,10,24,2,13,5,8,9,8,2,7,9,5,7,2,2,2,1,,,,,,1,,0,69,2,2,2,1
Protected Abstract Method,"org.apache.pdfbox.pdmodel.font.PDFont.encode(int)",pdfbox/src/main/java/org/apache/pdfbox/pdmodel/font/PDFont.java,,,,,,,,,,,,,,,,,,,,,,,,,1,12,0,1,1,0,11,1,0,1,1,1,0,0,0,0,0,,,,,,0,,11,00,0,0,0,0
Public Method,"org.apache.pdfbox.pdmodel.font.PDFont.equals(Object)",pdfbox/src/main/java/org/apache/pdfbox/pdmodel/font/PDFont.java,,,,,,,,,,,,,,,,,,,,,,,,,2,5,0,5,2,1,0,2,1,1,2,1,1,1,1,2,1,,,,,,0,,0,00,1,1,2,1
Public Method,"org.apache.pdfbox.pdmodel.font.PDFont.getAverageFontWidth()",pdfbox/src/main/java/org/apache/pdfbox/pdmodel/font/PDFont.java,,,,,,,,,,,,,,,,,,,,,,,,,6,48,1,42,9,21,5,7,11,16,23,9,17,7,7,7,1,,,,,,5,,0,12,7,7,7,1
Public Method,"org.apache.pdfbox.pdmodel.font.PDFont.getCOSObject()",pdfbox/src/main/java/org/apache/pdfbox/pdmodel/font/PDFont.java,,,,,,,,,,,,,,,,,,,,,,,,,19,5,0,5,2,1,0,1,1,1,2,1,1,1,1,1,1,,,,,,0,,0,00,1,1,1,1
Public Method,"org.apache.pdfbox.pdmodel.font.PDFont.getDisplacement(int)",pdfbox/src/main/java/org/apache/pdfbox/pdmodel/font/PDFont.java,,,,,,,,,,,,,,,,,,,,,,,,,3,12,0,4,1,1,8,3,1,1,2,1,1,1,1,1,1,,,,,,0,,2,00,1,1,1,1
Public Method,"org.apache.pdfbox.pdmodel.font.PDFont.getFontDescriptor()",pdfbox/src/main/java/org/apache/pdfbox/pdmodel/font/PDFont.java,,,,,,,,,,,,,,,,,,,,,,,,,27,5,0,5,2,1,0,1,1,1,2,1,1,1,1,1,1,,,,,,0,,0,00,1,1,1,1
Public Method,"org.apache.pdfbox.pdmodel.font.PDFont.getFontMatrix()",pdfbox/src/main/java/org/apache/pdfbox/pdmodel/font/PDFont.java,,,,,,,,,,,,,,,,,,,,,,,,,14,5,0,5,2,1,0,1,1,1,2,1,1,1,1,1,1,,,,,,0,,0,00,1,1,1,1
Public Method,"org.apache.pdfbox.pdmodel.font.PDFont.getPositionVector(int)",pdfbox/src/main/java/org/apache/pdfbox/pdmodel/font/PDFont.java,,,,,,,,,,,,,,,,,,,,,,,,,1,5,0,5,2,1,0,2,1,1,2,1,1,1,1,1,1,,,,,,0,,0,00,1,1,1,1
Public Method,"org.apache.pdfbox.pdmodel.font.PDFont.getSpaceWidth()",pdfbox/src/main/java/org/apache/pdfbox/pdmodel/font/PDFont.java,,,,,,,,,,,,,,,,,,,,,,,,,7,43,1,35,2,16,7,9,14,8,15,2,14,7,7,8,1,,,,,,4,,0,20,7,7,8,1
Protected Final Method,"org.apache.pdfbox.pdmodel.font.PDFont.getStandard14AFM()",pdfbox/src/main/java/org/apache/pdfbox/pdmodel/font/PDFont.java,,,,,,,,,,,,,,,,,,,,,,,,,7,7,0,4,1,1,3,1,1,1,2,1,1,1,1,1,1,,,,,,0,,0,75,1,1,1,1
Protected Abstract Method,"org.apache.pdfbox.pdmodel.font.PDFont.getStandard14Width(int)",pdfbox/src/main/java/org/apache/pdfbox/pdmodel/font/PDFont.java,,,,,,,,,,,,,,,,,,,,,,,,,1,7,0,1,1,0,6,1,0,1,1,1,0,0,0,0,0,,,,,,0,,6,00,0,0,0,0
Public Method,"org.apache.pdfbox.pdmodel.font.PDFont.getStringWidth(String)",pdfbox/src/main/java/org/apache/pdfbox/pdmodel/font/PDFont.java,,,,,,,,,,,,,,,,,,,,,,,,,23,22,2,12,5,7,8,6,2,6,8,5,6,2,2,2,1,,,,,,1,,0,67,2,2,2,1
Public Method,"org.apache.pdfbox.pdmodel.font.PDFont.getSubType()",pdfbox/src/main/java/org/apache/pdfbox/pdmodel/font/PDFont.java,,,,,,,,,,,,,,,,,,,,,,,,,3,7,0,4,1,1,3,2,1,1,2,1,1,1,1,1,1,,,,,,0,,0,75,1,1,1,1
Protected Method,"org.apache.pdfbox.pdmodel.font.PDFont.getToUnicodeCMap()",pdfbox/src/main/java/org/apache/pdfbox/pdmodel/font/PDFont.java,,,,,,,,,,,,,,,,,,,,,,,,,2,9,0,4,1,1,5,1,1,1,2,1,1,1,1,1,1,,,,,,0,,1,25,1,1,1,1
Public Method,"org.apache.pdfbox.pdmodel.font.PDFont.getType()",pdfbox/src/main/java/org/apache/pdfbox/pdmodel/font/PDFont.java,,,,,,,,,,,,,,,,,,,,,,,,,2,9,0,4,1,1,5,2,1,1,2,1,1,1,1,1,1,,,,,,0,,1,25,1,1,1,1
Public Method,"org.apache.pdfbox.pdmodel.font.PDFont.getWidth(int)",pdfbox/src/main/java/org/apache/pdfbox/pdmodel/font/PDFont.java,,,,,,,,,,,,,,,,,,,,,,,,,14,57,5,43,8,27,9,14,8,20,27,7,25,7,7,11,6,,,,,,3,,0,21,7,7,11,6
Protected Final Method,"org.apache.pdfbox.pdmodel.font.PDFont.getWidths()",pdfbox/src/main/java/org/apache/pdfbox/pdmodel/font/PDFont.java,,,,,,,,,,,,,,,,,,,,,,,,,6,21,0,16,2,7,5,5,3,4,7,2,6,3,3,3,1,,,,,,2,,0,31,3,3,3,1
Public Method,"org.apache.pdfbox.pdmodel.font.PDFont.hashCode()",pdfbox/src/main/java/org/apache/pdfbox/pdmodel/font/PDFont.java,,,,,,,,,,,,,,,,,,,,,,,,,1,5,0,5,2,1,0,3,1,1,2,1,1,1,1,1,1,,,,,,0,,0,00,1,1,1,1
Public Method,"org.apache.pdfbox.pdmodel.font.PDFont.isStandard14()",pdfbox/src/main/java/org/apache/pdfbox/pdmodel/font/PDFont.java,,,,,,,,,,,,,,,,,,,,,,,,,7,16,2,8,1,3,6,4,2,2,4,1,3,2,2,2,1,,,,,,1,,0,75,2,2,2,1
Public Abstract Method,"org.apache.pdfbox.pdmodel.font.PDFont.isVertical()",pdfbox/src/main/java/org/apache/pdfbox/pdmodel/font/PDFont.java,,,,,,,,,,,,,,,,,,,,,,,,,5,4,0,1,1,0,3,1,0,1,1,1,0,0,0,0,0,,,,,,0,,3,00,0,0,0,0
Private Method,"org.apache.pdfbox.pdmodel.font.PDFont.loadFontDescriptor()",pdfbox/src/main/java/org/apache/pdfbox/pdmodel/font/PDFont.java,,,,,,,,,,,,,,,,,,,,,,,,,4,17,0,16,2,7,1,4,3,4,7,2,6,3,3,3,3,,,,,,1,,0,06,3,3,3,3
Private Method,"org.apache.pdfbox.pdmodel.font.PDFont.loadUnicodeCmap()",pdfbox/src/main/java/org/apache/pdfbox/pdmodel/font/PDFont.java,,,,,,,,,,,,,,,,,,,,,,,,,8,34,0,33,6,20,4,14,5,12,17,6,15,7,7,11,1,,,,,,3,,0,12,7,7,11,1
Protected Final Method,"org.apache.pdfbox.pdmodel.font.PDFont.readCMap(COSBase)",pdfbox/src/main/java/org/apache/pdfbox/pdmodel/font/PDFont.java,,,,,,,,,,,,,,,,,,,,,,,,,3,33,0,25,3,12,8,7,3,7,11,3,9,3,3,3,3,,,,,,2,,0,32,3,3,3,3
Public Abstract Method,"org.apache.pdfbox.pdmodel.font.PDFont.readCode(InputStream)",pdfbox/src/main/java/org/apache/pdfbox/pdmodel/font/PDFont.java,,,,,,,,,,,,,,,,,,,,,,,,,3,8,0,1,1,0,7,1,0,1,1,1,0,0,0,0,0,,,,,,0,,7,00,0,0,0,0
Protected Final Method,"org.apache.pdfbox.pdmodel.font.PDFont.setFontDescriptor(PDFontDescriptor)",pdfbox/src/main/java/org/apache/pdfbox/pdmodel/font/PDFont.java,,,,,,,,,,,,,,,,,,,,,,,,,2,9,0,4,1,1,5,1,1,1,2,1,1,1,1,1,1,,,,,,0,,1,25,1,1,1,1
Public Abstract Method,"org.apache.pdfbox.pdmodel.font.PDFont.subset()",pdfbox/src/main/java/org/apache/pdfbox/pdmodel/font/PDFont.java,,,,,,,,,,,,,,,,,,,,,,,,,1,6,0,1,1,0,5,0,0,1,1,1,0,0,0,0,0,,,,,,0,,5,00,0,0,0,0
Public Method,"org.apache.pdfbox.pdmodel.font.PDFont.toString()",pdfbox/src/main/java/org/apache/pdfbox/pdmodel/font/PDFont.java,,,,,,,,,,,,,,,,,,,,,,,,,0,5,0,5,2,1,0,4,1,1,2,1,1,1,1,1,1,,,,,,0,,0,00,1,1,1,1
Public Method,"org.apache.pdfbox.pdmodel.font.PDFont.toUnicode(int)",pdfbox/src/main/java/org/apache/pdfbox/pdmodel/font/PDFont.java,,,,,,,,,,,,,,,,,,,,,,,,,9,46,1,26,2,13,19,9,5,5,10,2,9,5,5,10,5,,,,,,4,,0,73,5,5,10,5
Public Method,"org.apache.pdfbox.pdmodel.font.PDFont.toUnicode(int,GlyphList)",pdfbox/src/main/java/org/apache/pdfbox/pdmodel/font/PDFont.java,,,,,,,,,,,,,,,,,,,,,,,,,2,11,0,4,1,1,7,2,1,1,2,1,1,1,1,1,1,,,,,,0,,1,75,1,1,1,1
Public Abstract Method,"org.apache.pdfbox.pdmodel.font.PDFont.willBeSubset()",pdfbox/src/main/java/org/apache/pdfbox/pdmodel/font/PDFont.java,,,,,,,,,,,,,,,,,,,,,,,,,2,4,0,1,1,0,3,1,0,1,1,1,0,0,0,0,0,,,,,,0,,3,00,0,0,0,0
Public Final Class,"org.apache.pdfbox.pdmodel.font.PDFontDescriptor",pdfbox/src/main/java/org/apache/pdfbox/pdmodel/font/PDFontDescriptor.java,1,1,1,1,9,0,5,4,2,12,0,,0,9,,,70,4,70,82,1,2,0,67,,793,73,367,100,126,353,,,114,197,99,107,,,,,3,3,3,3,1,2,80,0,96,86,86,87,72
Constructor,"org.apache.pdfbox.pdmodel.font.PDFontDescriptor.PDFontDescriptor()",pdfbox/src/main/java/org/apache/pdfbox/pdmodel/font/PDFontDescriptor.java,,,,,,,,,,,,,,,,,,,,,,,,,6,8,0,5,1,2,3,4,1,2,3,1,2,1,1,1,1,,,,,,0,,0,60,1,1,1,1
Public Constructor,"org.apache.pdfbox.pdmodel.font.PDFontDescriptor.PDFontDescriptor(COSDictionary)",pdfbox/src/main/java/org/apache/pdfbox/pdmodel/font/PDFontDescriptor.java,,,,,,,,,,,,,,,,,,,,,,,,,4,9,0,4,1,1,5,2,1,1,2,1,1,1,1,1,1,,,,,,0,,1,25,1,1,1,1
Public Method,"org.apache.pdfbox.pdmodel.font.PDFontDescriptor.getAscent()",pdfbox/src/main/java/org/apache/pdfbox/pdmodel/font/PDFontDescriptor.java,,,,,,,,,,,,,,,,,,,,,,,,,7,9,0,4,1,1,5,2,1,1,2,1,1,1,1,1,1,,,,,,0,,1,25,1,1,1,1
Public Method,"org.apache.pdfbox.pdmodel.font.PDFontDescriptor.getAverageWidth()",pdfbox/src/main/java/org/apache/pdfbox/pdmodel/font/PDFontDescriptor.java,,,,,,,,,,,,,,,,,,,,,,,,,2,9,0,4,1,1,5,2,1,1,2,1,1,1,1,1,1,,,,,,0,,1,25,1,1,1,1
Public Method,"org.apache.pdfbox.pdmodel.font.PDFontDescriptor.getCIDSet()",pdfbox/src/main/java/org/apache/pdfbox/pdmodel/font/PDFontDescriptor.java,,,,,,,,,,,,,,,,,,,,,,,,,2,10,0,5,2,2,5,3,1,2,3,2,2,2,2,2,1,,,,,,0,,1,00,2,2,2,1
Public Method,"org.apache.pdfbox.pdmodel.font.PDFontDescriptor.getCOSObject()",pdfbox/src/main/java/org/apache/pdfbox/pdmodel/font/PDFontDescriptor.java,,,,,,,,,,,,,,,,,,,,,,,,,5,10,0,5,2,1,5,1,1,1,2,1,1,1,1,1,1,,,,,,0,,1,00,1,1,1,1
Public Method,"org.apache.pdfbox.pdmodel.font.PDFontDescriptor.getCapHeight()",pdfbox/src/main/java/org/apache/pdfbox/pdmodel/font/PDFontDescriptor.java,,,,,,,,,,,,,,,,,,,,,,,,,9,17,0,8,1,3,9,5,2,2,4,1,3,2,2,2,1,,,,,,1,,1,12,2,2,2,1
Public Method,"org.apache.pdfbox.pdmodel.font.PDFontDescriptor.getCharSet()",pdfbox/src/main/java/org/apache/pdfbox/pdmodel/font/PDFontDescriptor.java,,,,,,,,,,,,,,,,,,,,,,,,,3,9,0,4,1,1,5,2,1,1,2,1,1,1,1,1,1,,,,,,0,,1,25,1,1,1,1
Public Method,"org.apache.pdfbox.pdmodel.font.PDFontDescriptor.getDescent()",pdfbox/src/main/java/org/apache/pdfbox/pdmodel/font/PDFontDescriptor.java,,,,,,,,,,,,,,,,,,,,,,,,,7,9,0,4,1,1,5,2,1,1,2,1,1,1,1,1,1,,,,,,0,,1,25,1,1,1,1
Public Method,"org.apache.pdfbox.pdmodel.font.PDFontDescriptor.getFlags()",pdfbox/src/main/java/org/apache/pdfbox/pdmodel/font/PDFontDescriptor.java,,,,,,,,,,,,,,,,,,,,,,,,,5,13,0,8,1,3,5,3,2,2,4,1,3,2,2,2,1,,,,,,1,,0,62,2,2,2,1
Public Method,"org.apache.pdfbox.pdmodel.font.PDFontDescriptor.getFontBoundingBox()",pdfbox/src/main/java/org/apache/pdfbox/pdmodel/font/PDFontDescriptor.java,,,,,,,,,,,,,,,,,,,,,,,,,11,15,0,10,3,5,5,3,2,4,6,3,4,2,2,2,1,,,,,,1,,0,50,2,2,2,1
Public Method,"org.apache.pdfbox.pdmodel.font.PDFontDescriptor.getFontFamily()",pdfbox/src/main/java/org/apache/pdfbox/pdmodel/font/PDFontDescriptor.java,,,,,,,,,,,,,,,,,,,,,,,,,3,9,0,4,1,1,5,2,1,1,2,1,1,1,1,1,1,,,,,,0,,1,25,1,1,1,1
Public Method,"org.apache.pdfbox.pdmodel.font.PDFontDescriptor.getFontFile()",pdfbox/src/main/java/org/apache/pdfbox/pdmodel/font/PDFontDescriptor.java,,,,,,,,,,,,,,,,,,,,,,,,,7,10,0,5,2,2,5,3,1,2,3,2,2,2,2,2,1,,,,,,0,,1,00,2,2,2,1
Public Method,"org.apache.pdfbox.pdmodel.font.PDFontDescriptor.getFontFile2()",pdfbox/src/main/java/org/apache/pdfbox/pdmodel/font/PDFontDescriptor.java,,,,,,,,,,,,,,,,,,,,,,,,,10,10,0,5,2,2,5,3,1,2,3,2,2,2,2,2,1,,,,,,0,,1,00,2,2,2,1
Public Method,"org.apache.pdfbox.pdmodel.font.PDFontDescriptor.getFontFile3()",pdfbox/src/main/java/org/apache/pdfbox/pdmodel/font/PDFontDescriptor.java,,,,,,,,,,,,,,,,,,,,,,,,,12,10,0,5,2,2,5,3,1,2,3,2,2,2,2,2,1,,,,,,0,,1,00,2,2,2,1
Public Method,"org.apache.pdfbox.pdmodel.font.PDFontDescriptor.getFontName()",pdfbox/src/main/java/org/apache/pdfbox/pdmodel/font/PDFontDescriptor.java,,,,,,,,,,,,,,,,,,,,,,,,,24,9,0,4,1,1,5,2,1,1,2,1,1,1,1,1,1,,,,,,0,,1,25,1,1,1,1
Public Method,"org.apache.pdfbox.pdmodel.font.PDFontDescriptor.getFontStretch()",pdfbox/src/main/java/org/apache/pdfbox/pdmodel/font/PDFontDescriptor.java,,,,,,,,,,,,,,,,,,,,,,,,,2,13,0,4,1,1,9,2,1,1,2,1,1,1,1,1,1,,,,,,0,,2,25,1,1,1,1
Public Method,"org.apache.pdfbox.pdmodel.font.PDFontDescriptor.getFontWeight()",pdfbox/src/main/java/org/apache/pdfbox/pdmodel/font/PDFontDescriptor.java,,,,,,,,,,,,,,,,,,,,,,,,,3,11,0,4,1,1,7,2,1,1,2,1,1,1,1,1,1,,,,,,0,,1,75,1,1,1,1
Public Method,"org.apache.pdfbox.pdmodel.font.PDFontDescriptor.getItalicAngle()",pdfbox/src/main/java/org/apache/pdfbox/pdmodel/font/PDFontDescriptor.java,,,,,,,,,,,,,,,,,,,,,,,,,2,9,0,4,1,1,5,2,1,1,2,1,1,1,1,1,1,,,,,,0,,1,25,1,1,1,1
Public Method,"org.apache.pdfbox.pdmodel.font.PDFontDescriptor.getLeading()",pdfbox/src/main/java/org/apache/pdfbox/pdmodel/font/PDFontDescriptor.java,,,,,,,,,,,,,,,,,,,,,,,,,2,9,0,4,1,1,5,2,1,1,2,1,1,1,1,1,1,,,,,,0,,1,25,1,1,1,1
Public Method,"org.apache.pdfbox.pdmodel.font.PDFontDescriptor.getMaxWidth()",pdfbox/src/main/java/org/apache/pdfbox/pdmodel/font/PDFontDescriptor.java,,,,,,,,,,,,,,,,,,,,,,,,,2,9,0,4,1,1,5,2,1,1,2,1,1,1,1,1,1,,,,,,0,,1,25,1,1,1,1
Public Method,"org.apache.pdfbox.pdmodel.font.PDFontDescriptor.getMissingWidth()",pdfbox/src/main/java/org/apache/pdfbox/pdmodel/font/PDFontDescriptor.java,,,,,,,,,,,,,,,,,,,,,,,,,4,9,0,4,1,1,5,2,1,1,2,1,1,1,1,1,1,,,,,,0,,1,25,1,1,1,1
Public Method,"org.apache.pdfbox.pdmodel.font.PDFontDescriptor.getPanose()",pdfbox/src/main/java/org/apache/pdfbox/pdmodel/font/PDFontDescriptor.java,,,,,,,,,,,,,,,,,,,,,,,,,6,19,0,14,4,7,5,5,3,5,8,4,7,3,3,3,3,,,,,,2,,0,36,3,3,3,3
Public Method,"org.apache.pdfbox.pdmodel.font.PDFontDescriptor.getStemH()",pdfbox/src/main/java/org/apache/pdfbox/pdmodel/font/PDFontDescriptor.java,,,,,,,,,,,,,,,,,,,,,,,,,2,9,0,4,1,1,5,2,1,1,2,1,1,1,1,1,1,,,,,,0,,1,25,1,1,1,1
Public Method,"org.apache.pdfbox.pdmodel.font.PDFontDescriptor.getStemV()",pdfbox/src/main/java/org/apache/pdfbox/pdmodel/font/PDFontDescriptor.java,,,,,,,,,,,,,,,,,,,,,,,,,2,9,0,4,1,1,5,2,1,1,2,1,1,1,1,1,1,,,,,,0,,1,25,1,1,1,1
Public Method,"org.apache.pdfbox.pdmodel.font.PDFontDescriptor.getXHeight()",pdfbox/src/main/java/org/apache/pdfbox/pdmodel/font/PDFontDescriptor.java,,,,,,,,,,,,,,,,,,,,,,,,,5,17,0,8,1,3,9,5,2,2,4,1,3,2,2,2,1,,,,,,1,,1,12,2,2,2,1
Public Method,"org.apache.pdfbox.pdmodel.font.PDFontDescriptor.hasMissingWidth()",pdfbox/src/main/java/org/apache/pdfbox/pdmodel/font/PDFontDescriptor.java,,,,,,,,,,,,,,,,,,,,,,,,,2,7,0,4,1,1,3,2,1,1,2,1,1,1,1,1,1,,,,,,0,,0,75,1,1,1,1
Public Method,"org.apache.pdfbox.pdmodel.font.PDFontDescriptor.hasWidths()",pdfbox/src/main/java/org/apache/pdfbox/pdmodel/font/PDFontDescriptor.java,,,,,,,,,,,,,,,,,,,,,,,,,3,7,0,4,1,1,3,2,1,1,2,1,1,1,1,2,1,,,,,,0,,0,75,1,1,2,1
Public Method,"org.apache.pdfbox.pdmodel.font.PDFontDescriptor.isAllCap()",pdfbox/src/main/java/org/apache/pdfbox/pdmodel/font/PDFontDescriptor.java,,,,,,,,,,,,,,,,,,,,,,,,,2,9,0,4,1,1,5,2,1,1,2,1,1,1,1,1,1,,,,,,0,,1,25,1,1,1,1
Public Method,"org.apache.pdfbox.pdmodel.font.PDFontDescriptor.isFixedPitch()",pdfbox/src/main/java/org/apache/pdfbox/pdmodel/font/PDFontDescriptor.java,,,,,,,,,,,,,,,,,,,,,,,,,3,9,0,4,1,1,5,2,1,1,2,1,1,1,1,1,1,,,,,,0,,1,25,1,1,1,1
Private Method,"org.apache.pdfbox.pdmodel.font.PDFontDescriptor.isFlagBitOn(int)",pdfbox/src/main/java/org/apache/pdfbox/pdmodel/font/PDFontDescriptor.java,,,,,,,,,,,,,,,,,,,,,,,,,10,4,0,4,1,1,0,2,1,1,2,1,1,1,1,1,1,,,,,,0,,0,00,1,1,1,1
Public Method,"org.apache.pdfbox.pdmodel.font.PDFontDescriptor.isForceBold()",pdfbox/src/main/java/org/apache/pdfbox/pdmodel/font/PDFontDescriptor.java,,,,,,,,,,,,,,,,,,,,,,,,,3,9,0,4,1,1,5,2,1,1,2,1,1,1,1,1,1,,,,,,0,,1,25,1,1,1,1
Public Method,"org.apache.pdfbox.pdmodel.font.PDFontDescriptor.isItalic()",pdfbox/src/main/java/org/apache/pdfbox/pdmodel/font/PDFontDescriptor.java,,,,,,,,,,,,,,,,,,,,,,,,,4,9,0,4,1,1,5,2,1,1,2,1,1,1,1,1,1,,,,,,0,,1,25,1,1,1,1
Public Method,"org.apache.pdfbox.pdmodel.font.PDFontDescriptor.isNonSymbolic()",pdfbox/src/main/java/org/apache/pdfbox/pdmodel/font/PDFontDescriptor.java,,,,,,,,,,,,,,,,,,,,,,,,,3,9,0,4,1,1,5,2,1,1,2,1,1,1,1,1,1,,,,,,0,,1,25,1,1,1,1
Public Method,"org.apache.pdfbox.pdmodel.font.PDFontDescriptor.isScript()",pdfbox/src/main/java/org/apache/pdfbox/pdmodel/font/PDFontDescriptor.java,,,,,,,,,,,,,,,,,,,,,,,,,2,9,0,4,1,1,5,2,1,1,2,1,1,1,1,1,1,,,,,,0,,1,25,1,1,1,1
Public Method,"org.apache.pdfbox.pdmodel.font.PDFontDescriptor.isSerif()",pdfbox/src/main/java/org/apache/pdfbox/pdmodel/font/PDFontDescriptor.java,,,,,,,,,,,,,,,,,,,,,,,,,3,9,0,4,1,1,5,2,1,1,2,1,1,1,1,1,1,,,,,,0,,1,25,1,1,1,1
Public Method,"org.apache.pdfbox.pdmodel.font.PDFontDescriptor.isSmallCap()",pdfbox/src/main/java/org/apache/pdfbox/pdmodel/font/PDFontDescriptor.java,,,,,,,,,,,,,,,,,,,,,,,,,2,9,0,4,1,1,5,2,1,1,2,1,1,1,1,1,1,,,,,,0,,1,25,1,1,1,1
Public Method,"org.apache.pdfbox.pdmodel.font.PDFontDescriptor.isSymbolic()",pdfbox/src/main/java/org/apache/pdfbox/pdmodel/font/PDFontDescriptor.java,,,,,,,,,,,,,,,,,,,,,,,,,4,9,0,4,1,1,5,2,1,1,2,1,1,1,1,1,1,,,,,,0,,1,25,1,1,1,1
Public Method,"org.apache.pdfbox.pdmodel.font.PDFontDescriptor.setAllCap(boolean)",pdfbox/src/main/java/org/apache/pdfbox/pdmodel/font/PDFontDescriptor.java,,,,,,,,,,,,,,,,,,,,,,,,,2,9,0,4,1,1,5,1,1,1,2,1,1,1,1,1,1,,,,,,0,,1,25,1,1,1,1
Public Method,"org.apache.pdfbox.pdmodel.font.PDFontDescriptor.setAscent(float)",pdfbox/src/main/java/org/apache/pdfbox/pdmodel/font/PDFontDescriptor.java,,,,,,,,,,,,,,,,,,,,,,,,,6,9,0,4,1,1,5,1,1,1,2,1,1,1,1,1,1,,,,,,0,,1,25,1,1,1,1
Public Method,"org.apache.pdfbox.pdmodel.font.PDFontDescriptor.setAverageWidth(float)",pdfbox/src/main/java/org/apache/pdfbox/pdmodel/font/PDFontDescriptor.java,,,,,,,,,,,,,,,,,,,,,,,,,4,9,0,4,1,1,5,1,1,1,2,1,1,1,1,1,1,,,,,,0,,1,25,1,1,1,1
Public Method,"org.apache.pdfbox.pdmodel.font.PDFontDescriptor.setCIDSet(PDStream)",pdfbox/src/main/java/org/apache/pdfbox/pdmodel/font/PDFontDescriptor.java,,,,,,,,,,,,,,,,,,,,,,,,,4,9,0,4,1,1,5,1,1,1,2,1,1,1,1,1,1,,,,,,0,,1,25,1,1,1,1
Public Method,"org.apache.pdfbox.pdmodel.font.PDFontDescriptor.setCapHeight(float)",pdfbox/src/main/java/org/apache/pdfbox/pdmodel/font/PDFontDescriptor.java,,,,,,,,,,,,,,,,,,,,,,,,,6,10,0,5,1,2,5,2,1,2,3,1,2,1,1,1,1,,,,,,0,,1,00,1,1,1,1
Public Method,"org.apache.pdfbox.pdmodel.font.PDFontDescriptor.setCharacterSet(String)",pdfbox/src/main/java/org/apache/pdfbox/pdmodel/font/PDFontDescriptor.java,,,,,,,,,,,,,,,,,,,,,,,,,4,14,0,9,2,4,5,2,2,3,5,2,3,2,2,2,1,,,,,,1,,0,56,2,2,2,1
Public Method,"org.apache.pdfbox.pdmodel.font.PDFontDescriptor.setDescent(float)",pdfbox/src/main/java/org/apache/pdfbox/pdmodel/font/PDFontDescriptor.java,,,,,,,,,,,,,,,,,,,,,,,,,6,9,0,4,1,1,5,1,1,1,2,1,1,1,1,1,1,,,,,,0,,1,25,1,1,1,1
Public Method,"org.apache.pdfbox.pdmodel.font.PDFontDescriptor.setFixedPitch(boolean)",pdfbox/src/main/java/org/apache/pdfbox/pdmodel/font/PDFontDescriptor.java,,,,,,,,,,,,,,,,,,,,,,,,,3,9,0,4,1,1,5,1,1,1,2,1,1,1,1,1,1,,,,,,0,,1,25,1,1,1,1
Private Method,"org.apache.pdfbox.pdmodel.font.PDFontDescriptor.setFlagBit(int,boolean)",pdfbox/src/main/java/org/apache/pdfbox/pdmodel/font/PDFontDescriptor.java,,,,,,,,,,,,,,,,,,,,,,,,,11,13,0,13,2,6,0,2,2,4,6,2,5,2,2,2,1,,,,,,1,,0,00,2,2,2,1
Public Method,"org.apache.pdfbox.pdmodel.font.PDFontDescriptor.setFlags(int)",pdfbox/src/main/java/org/apache/pdfbox/pdmodel/font/PDFontDescriptor.java,,,,,,,,,,,,,,,,,,,,,,,,,4,10,0,5,1,2,5,2,1,2,3,1,2,1,1,1,1,,,,,,0,,1,00,1,1,1,1
Public Method,"org.apache.pdfbox.pdmodel.font.PDFontDescriptor.setFontBoundingBox(PDRectangle)",pdfbox/src/main/java/org/apache/pdfbox/pdmodel/font/PDFontDescriptor.java,,,,,,,,,,,,,,,,,,,,,,,,,6,14,0,9,2,4,5,2,2,3,5,2,3,2,2,2,1,,,,,,1,,0,56,2,2,2,1
Public Method,"org.apache.pdfbox.pdmodel.font.PDFontDescriptor.setFontFamily(String)",pdfbox/src/main/java/org/apache/pdfbox/pdmodel/font/PDFontDescriptor.java,,,,,,,,,,,,,,,,,,,,,,,,,5,14,0,9,2,4,5,2,2,3,5,2,3,2,2,2,1,,,,,,1,,0,56,2,2,2,1
Public Method,"org.apache.pdfbox.pdmodel.font.PDFontDescriptor.setFontFile(PDStream)",pdfbox/src/main/java/org/apache/pdfbox/pdmodel/font/PDFontDescriptor.java,,,,,,,,,,,,,,,,,,,,,,,,,4,9,0,4,1,1,5,1,1,1,2,1,1,1,1,1,1,,,,,,0,,1,25,1,1,1,1
Public Method,"org.apache.pdfbox.pdmodel.font.PDFontDescriptor.setFontFile2(PDStream)",pdfbox/src/main/java/org/apache/pdfbox/pdmodel/font/PDFontDescriptor.java,,,,,,,,,,,,,,,,,,,,,,,,,5,9,0,4,1,1,5,1,1,1,2,1,1,1,1,1,1,,,,,,0,,1,25,1,1,1,1
Public Method,"org.apache.pdfbox.pdmodel.font.PDFontDescriptor.setFontFile3(PDStream)",pdfbox/src/main/java/org/apache/pdfbox/pdmodel/font/PDFontDescriptor.java,,,,,,,,,,,,,,,,,,,,,,,,,3,9,0,4,1,1,5,1,1,1,2,1,1,1,1,1,1,,,,,,0,,1,25,1,1,1,1
Public Method,"org.apache.pdfbox.pdmodel.font.PDFontDescriptor.setFontName(String)",pdfbox/src/main/java/org/apache/pdfbox/pdmodel/font/PDFontDescriptor.java,,,,,,,,,,,,,,,,,,,,,,,,,7,14,0,9,2,4,5,2,2,3,5,2,3,2,2,2,1,,,,,,1,,0,56,2,2,2,1
Public Method,"org.apache.pdfbox.pdmodel.font.PDFontDescriptor.setFontStretch(String)",pdfbox/src/main/java/org/apache/pdfbox/pdmodel/font/PDFontDescriptor.java,,,,,,,,,,,,,,,,,,,,,,,,,3,14,0,9,2,4,5,2,2,3,5,2,3,2,2,2,1,,,,,,1,,0,56,2,2,2,1
Public Method,"org.apache.pdfbox.pdmodel.font.PDFontDescriptor.setFontWeight(float)",pdfbox/src/main/java/org/apache/pdfbox/pdmodel/font/PDFontDescriptor.java,,,,,,,,,,,,,,,,,,,,,,,,,4,9,0,4,1,1,5,1,1,1,2,1,1,1,1,1,1,,,,,,0,,1,25,1,1,1,1
Public Method,"org.apache.pdfbox.pdmodel.font.PDFontDescriptor.setForceBold(boolean)",pdfbox/src/main/java/org/apache/pdfbox/pdmodel/font/PDFontDescriptor.java,,,,,,,,,,,,,,,,,,,,,,,,,2,9,0,4,1,1,5,1,1,1,2,1,1,1,1,1,1,,,,,,0,,1,25,1,1,1,1
Public Method,"org.apache.pdfbox.pdmodel.font.PDFontDescriptor.setItalic(boolean)",pdfbox/src/main/java/org/apache/pdfbox/pdmodel/font/PDFontDescriptor.java,,,,,,,,,,,,,,,,,,,,,,,,,3,9,0,4,1,1,5,1,1,1,2,1,1,1,1,1,1,,,,,,0,,1,25,1,1,1,1
Public Method,"org.apache.pdfbox.pdmodel.font.PDFontDescriptor.setItalicAngle(float)",pdfbox/src/main/java/org/apache/pdfbox/pdmodel/font/PDFontDescriptor.java,,,,,,,,,,,,,,,,,,,,,,,,,6,9,0,4,1,1,5,1,1,1,2,1,1,1,1,1,1,,,,,,0,,1,25,1,1,1,1
Public Method,"org.apache.pdfbox.pdmodel.font.PDFontDescriptor.setLeading(float)",pdfbox/src/main/java/org/apache/pdfbox/pdmodel/font/PDFontDescriptor.java,,,,,,,,,,,,,,,,,,,,,,,,,3,9,0,4,1,1,5,1,1,1,2,1,1,1,1,1,1,,,,,,0,,1,25,1,1,1,1
Public Method,"org.apache.pdfbox.pdmodel.font.PDFontDescriptor.setMaxWidth(float)",pdfbox/src/main/java/org/apache/pdfbox/pdmodel/font/PDFontDescriptor.java,,,,,,,,,,,,,,,,,,,,,,,,,3,9,0,4,1,1,5,1,1,1,2,1,1,1,1,1,1,,,,,,0,,1,25,1,1,1,1
Public Method,"org.apache.pdfbox.pdmodel.font.PDFontDescriptor.setMissingWidth(float)",pdfbox/src/main/java/org/apache/pdfbox/pdmodel/font/PDFontDescriptor.java,,,,,,,,,,,,,,,,,,,,,,,,,3,9,0,4,1,1,5,1,1,1,2,1,1,1,1,1,1,,,,,,0,,1,25,1,1,1,1
Public Method,"org.apache.pdfbox.pdmodel.font.PDFontDescriptor.setNonSymbolic(boolean)",pdfbox/src/main/java/org/apache/pdfbox/pdmodel/font/PDFontDescriptor.java,,,,,,,,,,,,,,,,,,,,,,,,,6,9,0,4,1,1,5,1,1,1,2,1,1,1,1,1,1,,,,,,0,,1,25,1,1,1,1
Public Method,"org.apache.pdfbox.pdmodel.font.PDFontDescriptor.setScript(boolean)",pdfbox/src/main/java/org/apache/pdfbox/pdmodel/font/PDFontDescriptor.java,,,,,,,,,,,,,,,,,,,,,,,,,3,9,0,4,1,1,5,1,1,1,2,1,1,1,1,1,1,,,,,,0,,1,25,1,1,1,1
Public Method,"org.apache.pdfbox.pdmodel.font.PDFontDescriptor.setSerif(boolean)",pdfbox/src/main/java/org/apache/pdfbox/pdmodel/font/PDFontDescriptor.java,,,,,,,,,,,,,,,,,,,,,,,,,3,9,0,4,1,1,5,1,1,1,2,1,1,1,1,1,1,,,,,,0,,1,25,1,1,1,1
Public Method,"org.apache.pdfbox.pdmodel.font.PDFontDescriptor.setSmallCap(boolean)",pdfbox/src/main/java/org/apache/pdfbox/pdmodel/font/PDFontDescriptor.java,,,,,,,,,,,,,,,,,,,,,,,,,2,9,0,4,1,1,5,1,1,1,2,1,1,1,1,1,1,,,,,,0,,1,25,1,1,1,1
Public Method,"org.apache.pdfbox.pdmodel.font.PDFontDescriptor.setStemH(float)",pdfbox/src/main/java/org/apache/pdfbox/pdmodel/font/PDFontDescriptor.java,,,,,,,,,,,,,,,,,,,,,,,,,3,9,0,4,1,1,5,1,1,1,2,1,1,1,1,1,1,,,,,,0,,1,25,1,1,1,1
Public Method,"org.apache.pdfbox.pdmodel.font.PDFontDescriptor.setStemV(float)",pdfbox/src/main/java/org/apache/pdfbox/pdmodel/font/PDFontDescriptor.java,,,,,,,,,,,,,,,,,,,,,,,,,6,9,0,4,1,1,5,1,1,1,2,1,1,1,1,1,1,,,,,,0,,1,25,1,1,1,1
Public Method,"org.apache.pdfbox.pdmodel.font.PDFontDescriptor.setSymbolic(boolean)",pdfbox/src/main/java/org/apache/pdfbox/pdmodel/font/PDFontDescriptor.java,,,,,,,,,,,,,,,,,,,,,,,,,6,9,0,4,1,1,5,1,1,1,2,1,1,1,1,1,1,,,,,,0,,1,25,1,1,1,1
Public Method,"org.apache.pdfbox.pdmodel.font.PDFontDescriptor.setXHeight(float)",pdfbox/src/main/java/org/apache/pdfbox/pdmodel/font/PDFontDescriptor.java,,,,,,,,,,,,,,,,,,,,,,,,,5,10,0,5,1,2,5,2,1,2,3,1,2,1,1,1,1,,,,,,0,,1,00,1,1,1,1
Public Final Class,"org.apache.pdfbox.pdmodel.font.PDFontFactory",pdfbox/src/main/java/org/apache/pdfbox/pdmodel/font/PDFontFactory.java,4,4,4,3,26,0,20,6,1,17,0,,3,1,,,1,0,4,16,1,1,0,2,,119,6,85,13,39,28,,,24,42,12,37,,,,,11,11,13,10,1,2,0,0,33,17,17,19,15
Private Constructor,"org.apache.pdfbox.pdmodel.font.PDFontFactory.PDFontFactory()",pdfbox/src/main/java/org/apache/pdfbox/pdmodel/font/PDFontFactory.java,,,,,,,,,,,,,,,,,,,,,,,,,0,3,0,3,1,0,0,1,1,0,1,1,0,1,1,1,1,,,,,,0,,0,00,1,1,1,1
Static Method,"org.apache.pdfbox.pdmodel.font.PDFontFactory.createDescendantFont(COSDictionary,PDType0Font)",pdfbox/src/main/java/org/apache/pdfbox/pdmodel/font/PDFontFactory.java,,,,,,,,,,,,,,,,,,,,,,,,,8,30,1,22,4,10,7,8,6,6,10,3,9,4,4,4,3,,,,,,1,,0,32,4,4,4,3
Public Static Method,"org.apache.pdfbox.pdmodel.font.PDFontFactory.createFont(COSDictionary)",pdfbox/src/main/java/org/apache/pdfbox/pdmodel/font/PDFontFactory.java,,,,,,,,,,,,,,,,,,,,,,,,,5,11,0,4,1,1,7,2,1,1,2,1,1,1,1,1,1,,,,,,0,,1,75,1,1,1,1
Public Static Method,"org.apache.pdfbox.pdmodel.font.PDFontFactory.createFont(COSDictionary,ResourceCache)",pdfbox/src/main/java/org/apache/pdfbox/pdmodel/font/PDFontFactory.java,,,,,,,,,,,,,,,,,,,,,,,,,17,63,1,52,5,27,10,16,20,16,27,5,26,11,11,13,10,,,,,,2,,0,19,11,11,13,10
Public Interface,"org.apache.pdfbox.pdmodel.font.PDFontLike",pdfbox/src/main/java/org/apache/pdfbox/pdmodel/font/PDFontLike.java,0,0,0,0,0,0,0,0,0,7,2,,0,0,,,12,0,12,12,12,0,0,0,,99,11,16,14,0,72,,,12,13,13,0,,,,,0,0,0,0,0,0,0,4,50,0,0,0,0
Abstract Method,"org.apache.pdfbox.pdmodel.font.PDFontLike.getAverageFontWidth()",pdfbox/src/main/java/org/apache/pdfbox/pdmodel/font/PDFontLike.java,,,,,,,,,,,,,,,,,,,,,,,,,0,6,0,1,1,0,5,1,0,1,1,1,0,0,0,0,0,,,,,,0,,5,00,0,0,0,0
Abstract Method,"org.apache.pdfbox.pdmodel.font.PDFontLike.getBoundingBox()",pdfbox/src/main/java/org/apache/pdfbox/pdmodel/font/PDFontLike.java,,,,,,,,,,,,,,,,,,,,,,,,,10,4,0,1,1,0,3,1,0,1,1,1,0,0,0,0,0,,,,,,0,,3,00,0,0,0,0
Abstract Method,"org.apache.pdfbox.pdmodel.font.PDFontLike.getFontDescriptor()",pdfbox/src/main/java/org/apache/pdfbox/pdmodel/font/PDFontLike.java,,,,,,,,,,,,,,,,,,,,,,,,,1,4,0,1,1,0,3,1,0,1,1,1,0,0,0,0,0,,,,,,0,,3,00,0,0,0,0
Abstract Method,"org.apache.pdfbox.pdmodel.font.PDFontLike.getFontMatrix()",pdfbox/src/main/java/org/apache/pdfbox/pdmodel/font/PDFontLike.java,,,,,,,,,,,,,,,,,,,,,,,,,1,4,0,1,1,0,3,1,0,1,1,1,0,0,0,0,0,,,,,,0,,3,00,0,0,0,0
Abstract Method,"org.apache.pdfbox.pdmodel.font.PDFontLike.getHeight(int)",pdfbox/src/main/java/org/apache/pdfbox/pdmodel/font/PDFontLike.java,,,,,,,,,,,,,,,,,,,,,,,,,2,19,0,2,2,0,17,1,0,1,1,1,0,0,0,0,0,,,,,,0,,8,50,0,0,0,0
Abstract Method,"org.apache.pdfbox.pdmodel.font.PDFontLike.getName()",pdfbox/src/main/java/org/apache/pdfbox/pdmodel/font/PDFontLike.java,,,,,,,,,,,,,,,,,,,,,,,,,40,4,0,1,1,0,3,1,0,1,1,1,0,0,0,0,0,,,,,,0,,3,00,0,0,0,0
Abstract Method,"org.apache.pdfbox.pdmodel.font.PDFontLike.getPositionVector(int)",pdfbox/src/main/java/org/apache/pdfbox/pdmodel/font/PDFontLike.java,,,,,,,,,,,,,,,,,,,,,,,,,0,9,0,1,1,0,8,1,0,1,1,1,0,0,0,0,0,,,,,,0,,8,00,0,0,0,0
Abstract Method,"org.apache.pdfbox.pdmodel.font.PDFontLike.getWidth(int)",pdfbox/src/main/java/org/apache/pdfbox/pdmodel/font/PDFontLike.java,,,,,,,,,,,,,,,,,,,,,,,,,1,10,0,1,1,0,9,1,0,1,1,1,0,0,0,0,0,,,,,,0,,9,00,0,0,0,0
Abstract Method,"org.apache.pdfbox.pdmodel.font.PDFontLike.getWidthFromFont(int)",pdfbox/src/main/java/org/apache/pdfbox/pdmodel/font/PDFontLike.java,,,,,,,,,,,,,,,,,,,,,,,,,6,8,0,1,1,0,7,1,0,1,1,1,0,0,0,0,0,,,,,,0,,7,00,0,0,0,0
Abstract Method,"org.apache.pdfbox.pdmodel.font.PDFontLike.hasExplicitWidth(int)",pdfbox/src/main/java/org/apache/pdfbox/pdmodel/font/PDFontLike.java,,,,,,,,,,,,,,,,,,,,,,,,,2,8,0,1,1,0,7,1,0,1,1,1,0,0,0,0,0,,,,,,0,,7,00,0,0,0,0
Abstract Method,"org.apache.pdfbox.pdmodel.font.PDFontLike.isDamaged()",pdfbox/src/main/java/org/apache/pdfbox/pdmodel/font/PDFontLike.java,,,,,,,,,,,,,,,,,,,,,,,,,6,4,0,1,1,0,3,1,0,1,1,1,0,0,0,0,0,,,,,,0,,3,00,0,0,0,0
Abstract Method,"org.apache.pdfbox.pdmodel.font.PDFontLike.isEmbedded()",pdfbox/src/main/java/org/apache/pdfbox/pdmodel/font/PDFontLike.java,,,,,,,,,,,,,,,,,,,,,,,,,8,4,0,1,1,0,3,1,0,1,1,1,0,0,0,0,0,,,,,,0,,3,00,0,0,0,0
Class,"org.apache.pdfbox.pdmodel.font.PDFontTest",pdfbox/src/test/java/org/apache/pdfbox/pdmodel/font/PDFontTest.java,1,1,1,1,28,2,22,4,1,49,0,,1,1,,,11,0,12,24,10,2,0,0,,368,38,274,77,177,58,,,142,180,65,161,,,,,3,3,3,3,1,2,0,0,21,19,19,19,18
Static Method,"org.apache.pdfbox.pdmodel.font.PDFontTest.setUp()",pdfbox/src/test/java/org/apache/pdfbox/pdmodel/font/PDFontTest.java,,,,,,,,,,,,,,,,,,,,,,,,,1,5,0,5,2,1,0,1,1,1,2,1,1,1,1,1,1,,,,,,0,,0,00,1,1,1,1
Method,"org.apache.pdfbox.pdmodel.font.PDFontTest.testDeleteFont()",pdfbox/src/test/java/org/apache/pdfbox/pdmodel/font/PDFontTest.java,,,,,,,,,,,,,,,,,,,,,,,,,2,45,5,35,9,23,5,21,1,18,23,8,21,1,1,1,1,,,,,,2,,0,14,1,1,1,1
Method,"org.apache.pdfbox.pdmodel.font.PDFontTest.testFullEmbeddingTTC()",pdfbox/src/test/java/org/apache/pdfbox/pdmodel/font/PDFontTest.java,,,,,,,,,,,,,,,,,,,,,,,,,3,32,3,29,9,20,1,16,3,15,19,8,16,3,3,3,3,,,,,,2,,0,03,5,5,5,5
Lambda Method,"org.apache.pdfbox.pdmodel.font.PDFontTest.testFullEmbeddingTTC.(lambda_expr_1)(TrueTypeFont)",pdfbox/src/test/java/org/apache/pdfbox/pdmodel/font/PDFontTest.java,,,,,,,,,,,,,,,,,,,,,,,,,2,5,0,5,0,3,0,4,1,2,2,0,2,1,1,1,1,,,,,,0,,0,00,1,1,1,1
Lambda Method,"org.apache.pdfbox.pdmodel.font.PDFontTest.testFullEmbeddingTTC.(lambda_expr_2)()",pdfbox/src/test/java/org/apache/pdfbox/pdmodel/font/PDFontTest.java,,,,,,,,,,,,,,,,,,,,,,,,,0,1,0,1,0,1,0,3,1,0,0,0,0,1,1,1,1,,,,,,0,,0,00,1,1,1,1
Method,"org.apache.pdfbox.pdmodel.font.PDFontTest.testPDFBOX4115()",pdfbox/src/test/java/org/apache/pdfbox/pdmodel/font/PDFontTest.java,,,,,,,,,,,,,,,,,,,,,,,,,2,47,6,35,10,23,6,31,2,19,25,10,22,2,2,2,1,,,,,,2,,0,17,2,2,2,1
Method,"org.apache.pdfbox.pdmodel.font.PDFontTest.testPDFBox3747()",pdfbox/src/test/java/org/apache/pdfbox/pdmodel/font/PDFontTest.java,,,,,,,,,,,,,,,,,,,,,,,,,0,35,1,27,8,17,7,20,1,14,18,7,17,1,1,1,1,,,,,,2,,0,26,1,1,1,1
Method,"org.apache.pdfbox.pdmodel.font.PDFontTest.testPDFBox3826()",pdfbox/src/test/java/org/apache/pdfbox/pdmodel/font/PDFontTest.java,,,,,,,,,,,,,,,,,,,,,,,,,0,25,2,15,5,7,8,9,1,4,7,3,6,1,1,1,1,,,,,,1,,0,53,1,1,1,1
Private Method,"org.apache.pdfbox.pdmodel.font.PDFontTest.testPDFBox3826checkFonts(byte[],File)",pdfbox/src/test/java/org/apache/pdfbox/pdmodel/font/PDFontTest.java,,,,,,,,,,,,,,,,,,,,,,,,,4,29,5,21,7,16,3,22,1,15,17,7,16,1,1,1,1,,,,,,1,,0,14,1,1,1,1
Private Method,"org.apache.pdfbox.pdmodel.font.PDFontTest.testPDFBox3826createDoc(TrueTypeFont)",pdfbox/src/test/java/org/apache/pdfbox/pdmodel/font/PDFontTest.java,,,,,,,,,,,,,,,,,,,,,,,,,3,36,1,32,4,25,3,15,1,23,26,4,25,1,1,1,1,,,,,,2,,0,09,1,1,1,1
Method,"org.apache.pdfbox.pdmodel.font.PDFontTest.testPDFBox988()",pdfbox/src/test/java/org/apache/pdfbox/pdmodel/font/PDFontTest.java,,,,,,,,,,,,,,,,,,,,,,,,,0,17,0,10,3,4,7,6,1,2,4,2,3,1,1,1,1,,,,,,1,,0,70,1,1,1,1
Method,"org.apache.pdfbox.pdmodel.font.PDFontTest.testPDFox4318()",pdfbox/src/test/java/org/apache/pdfbox/pdmodel/font/PDFontTest.java,,,,,,,,,,,,,,,,,,,,,,,,,3,16,0,12,3,8,4,3,1,4,5,2,4,1,1,1,1,,,,,,0,,0,33,3,3,3,3
Lambda Method,"org.apache.pdfbox.pdmodel.font.PDFontTest.testPDFox4318.(lambda_expr_1)()",pdfbox/src/test/java/org/apache/pdfbox/pdmodel/font/PDFontTest.java,,,,,,,,,,,,,,,,,,,,,,,,,0,1,0,1,0,1,0,2,1,0,0,0,0,1,1,1,1,,,,,,0,,0,00,1,1,1,1
Lambda Method,"org.apache.pdfbox.pdmodel.font.PDFontTest.testPDFox4318.(lambda_expr_2)()",pdfbox/src/test/java/org/apache/pdfbox/pdmodel/font/PDFontTest.java,,,,,,,,,,,,,,,,,,,,,,,,,0,1,0,1,0,1,0,2,1,0,0,0,0,1,1,1,1,,,,,,0,,0,00,1,1,1,1
Method,"org.apache.pdfbox.pdmodel.font.PDFontTest.testPDFox5048()",pdfbox/src/test/java/org/apache/pdfbox/pdmodel/font/PDFontTest.java,,,,,,,,,,,,,,,,,,,,,,,,,0,18,0,13,4,7,6,12,1,5,7,3,6,1,1,1,1,,,,,,1,,0,46,1,1,1,1
Method,"org.apache.pdfbox.pdmodel.font.PDFontTest.testSoftHyphen()",pdfbox/src/test/java/org/apache/pdfbox/pdmodel/font/PDFontTest.java,,,,,,,,,,,,,,,,,,,,,,,,,1,41,3,35,10,25,3,22,1,21,25,8,23,1,1,1,1,,,,,,2,,0,09,1,1,1,1
Public Class,"org.apache.pdfbox.pdmodel.font.PDMMType1Font",pdfbox/src/main/java/org/apache/pdfbox/pdmodel/font/PDMMType1Font.java,1,1,1,1,9,0,4,5,1,2,0,,0,0,,,1,0,1,101,0,0,0,1,,17,0,7,2,1,10,,,1,3,2,1,,,,,1,1,1,1,4,0,0,1,43,1,1,1,1
Public Constructor,"org.apache.pdfbox.pdmodel.font.PDMMType1Font.PDMMType1Font(COSDictionary)",pdfbox/src/main/java/org/apache/pdfbox/pdmodel/font/PDMMType1Font.java,,,,,,,,,,,,,,,,,,,,,,,,,2,9,0,4,1,1,5,2,1,1,2,1,1,1,1,1,1,,,,,,0,,1,25,1,1,1,1
Public Class,"org.apache.pdfbox.pdmodel.font.PDPanose",pdfbox/src/main/java/org/apache/pdfbox/pdmodel/font/PDPanose.java,1,1,1,1,8,0,4,3,1,2,0,,0,1,,,3,1,3,15,0,0,0,3,,42,4,18,7,5,20,,,6,10,7,4,,,,,1,1,1,1,1,0,0,1,11,3,3,3,3
Public Constructor,"org.apache.pdfbox.pdmodel.font.PDPanose.PDPanose(byte[])",pdfbox/src/main/java/org/apache/pdfbox/pdmodel/font/PDPanose.java,,,,,,,,,,,,,,,,,,,,,,,,,3,4,0,4,1,1,0,2,1,1,2,1,1,1,1,1,1,,,,,,0,,0,00,1,1,1,1
Public Method,"org.apache.pdfbox.pdmodel.font.PDPanose.getFamilyClass()",pdfbox/src/main/java/org/apache/pdfbox/pdmodel/font/PDPanose.java,,,,,,,,,,,,,,,,,,,,,,,,,1,10,0,4,1,1,6,1,1,1,2,1,1,1,1,1,1,,,,,,0,,1,50,1,1,1,1
Public Method,"org.apache.pdfbox.pdmodel.font.PDPanose.getPanose()",pdfbox/src/main/java/org/apache/pdfbox/pdmodel/font/PDPanose.java,,,,,,,,,,,,,,,,,,,,,,,,,3,10,0,5,2,2,5,3,1,2,3,2,2,1,1,1,1,,,,,,0,,1,00,1,1,1,1
Public Class,"org.apache.pdfbox.pdmodel.font.PDPanoseClassification",pdfbox/src/main/java/org/apache/pdfbox/pdmodel/font/PDPanoseClassification.java,1,1,1,1,4,0,4,0,1,2,0,,0,1,,,13,1,13,25,0,0,0,13,,90,15,67,17,23,8,,,15,29,16,13,,,,,1,1,1,1,1,0,7,0,12,13,13,13,13
Public Constructor,"org.apache.pdfbox.pdmodel.font.PDPanoseClassification.PDPanoseClassification(byte[])",pdfbox/src/main/java/org/apache/pdfbox/pdmodel/font/PDPanoseClassification.java,,,,,,,,,,,,,,,,,,,,,,,,,3,4,0,4,1,1,0,2,1,1,2,1,1,1,1,1,1,,,,,,0,,0,00,1,1,1,1
Public Method,"org.apache.pdfbox.pdmodel.font.PDPanoseClassification.getArmStyle()",pdfbox/src/main/java/org/apache/pdfbox/pdmodel/font/PDPanoseClassification.java,,,,,,,,,,,,,,,,,,,,,,,,,3,4,0,4,1,1,0,1,1,1,2,1,1,1,1,1,1,,,,,,0,,0,00,1,1,1,1
Public Method,"org.apache.pdfbox.pdmodel.font.PDPanoseClassification.getBytes()",pdfbox/src/main/java/org/apache/pdfbox/pdmodel/font/PDPanoseClassification.java,,,,,,,,,,,,,,,,,,,,,,,,,2,4,0,4,1,1,0,1,1,1,2,1,1,1,1,1,1,,,,,,0,,0,00,1,1,1,1
Public Method,"org.apache.pdfbox.pdmodel.font.PDPanoseClassification.getContrast()",pdfbox/src/main/java/org/apache/pdfbox/pdmodel/font/PDPanoseClassification.java,,,,,,,,,,,,,,,,,,,,,,,,,3,4,0,4,1,1,0,1,1,1,2,1,1,1,1,1,1,,,,,,0,,0,00,1,1,1,1
Public Method,"org.apache.pdfbox.pdmodel.font.PDPanoseClassification.getFamilyKind()",pdfbox/src/main/java/org/apache/pdfbox/pdmodel/font/PDPanoseClassification.java,,,,,,,,,,,,,,,,,,,,,,,,,4,4,0,4,1,1,0,1,1,1,2,1,1,1,1,1,1,,,,,,0,,0,00,1,1,1,1
Public Method,"org.apache.pdfbox.pdmodel.font.PDPanoseClassification.getLetterform()",pdfbox/src/main/java/org/apache/pdfbox/pdmodel/font/PDPanoseClassification.java,,,,,,,,,,,,,,,,,,,,,,,,,3,4,0,4,1,1,0,1,1,1,2,1,1,1,1,1,1,,,,,,0,,0,00,1,1,1,1
Public Method,"org.apache.pdfbox.pdmodel.font.PDPanoseClassification.getMidline()",pdfbox/src/main/java/org/apache/pdfbox/pdmodel/font/PDPanoseClassification.java,,,,,,,,,,,,,,,,,,,,,,,,,3,4,0,4,1,1,0,1,1,1,2,1,1,1,1,1,1,,,,,,0,,0,00,1,1,1,1
Public Method,"org.apache.pdfbox.pdmodel.font.PDPanoseClassification.getProportion()",pdfbox/src/main/java/org/apache/pdfbox/pdmodel/font/PDPanoseClassification.java,,,,,,,,,,,,,,,,,,,,,,,,,3,4,0,4,1,1,0,1,1,1,2,1,1,1,1,1,1,,,,,,0,,0,00,1,1,1,1
Public Method,"org.apache.pdfbox.pdmodel.font.PDPanoseClassification.getSerifStyle()",pdfbox/src/main/java/org/apache/pdfbox/pdmodel/font/PDPanoseClassification.java,,,,,,,,,,,,,,,,,,,,,,,,,4,4,0,4,1,1,0,1,1,1,2,1,1,1,1,1,1,,,,,,0,,0,00,1,1,1,1
Public Method,"org.apache.pdfbox.pdmodel.font.PDPanoseClassification.getStrokeVariation()",pdfbox/src/main/java/org/apache/pdfbox/pdmodel/font/PDPanoseClassification.java,,,,,,,,,,,,,,,,,,,,,,,,,3,4,0,4,1,1,0,1,1,1,2,1,1,1,1,1,1,,,,,,0,,0,00,1,1,1,1
Public Method,"org.apache.pdfbox.pdmodel.font.PDPanoseClassification.getWeight()",pdfbox/src/main/java/org/apache/pdfbox/pdmodel/font/PDPanoseClassification.java,,,,,,,,,,,,,,,,,,,,,,,,,4,4,0,4,1,1,0,1,1,1,2,1,1,1,1,1,1,,,,,,0,,0,00,1,1,1,1
Public Method,"org.apache.pdfbox.pdmodel.font.PDPanoseClassification.getXHeight()",pdfbox/src/main/java/org/apache/pdfbox/pdmodel/font/PDPanoseClassification.java,,,,,,,,,,,,,,,,,,,,,,,,,3,4,0,4,1,1,0,1,1,1,2,1,1,1,1,1,1,,,,,,0,,0,00,1,1,1,1
Public Method,"org.apache.pdfbox.pdmodel.font.PDPanoseClassification.toString()",pdfbox/src/main/java/org/apache/pdfbox/pdmodel/font/PDPanoseClassification.java,,,,,,,,,,,,,,,,,,,,,,,,,0,14,0,14,2,10,0,11,1,1,2,1,1,1,1,1,1,,,,,,0,,0,00,1,1,1,1
Public Abstract Class,"org.apache.pdfbox.pdmodel.font.PDSimpleFont",pdfbox/src/main/java/org/apache/pdfbox/pdmodel/font/PDSimpleFont.java,2,2,3,1,17,0,13,3,1,32,4,,0,1,,,24,4,24,71,3,1,6,14,,415,39,287,58,125,91,,,80,137,50,102,,,,,10,10,15,9,2,4,88,0,32,54,54,67,39
Constructor,"org.apache.pdfbox.pdmodel.font.PDSimpleFont.PDSimpleFont()",pdfbox/src/main/java/org/apache/pdfbox/pdmodel/font/PDSimpleFont.java,,,,,,,,,,,,,,,,,,,,,,,,,0,6,0,3,1,0,3,1,1,0,1,1,0,1,1,1,1,,,,,,0,,1,00,1,1,1,1
Constructor,"org.apache.pdfbox.pdmodel.font.PDSimpleFont.PDSimpleFont(COSDictionary)",pdfbox/src/main/java/org/apache/pdfbox/pdmodel/font/PDSimpleFont.java,,,,,,,,,,,,,,,,,,,,,,,,,5,9,0,4,1,1,5,2,1,1,2,1,1,1,1,1,1,,,,,,0,,1,25,1,1,1,1
Constructor,"org.apache.pdfbox.pdmodel.font.PDSimpleFont.PDSimpleFont(FontName)",pdfbox/src/main/java/org/apache/pdfbox/pdmodel/font/PDSimpleFont.java,,,,,,,,,,,,,,,,,,,,,,,,,2,8,0,5,1,2,3,3,1,2,3,1,2,1,1,1,1,,,,,,0,,0,60,1,1,1,1
Public Method,"org.apache.pdfbox.pdmodel.font.PDSimpleFont.addToSubset(int)",pdfbox/src/main/java/org/apache/pdfbox/pdmodel/font/PDSimpleFont.java,,,,,,,,,,,,,,,,,,,,,,,,,0,5,0,5,2,1,0,1,1,1,2,1,1,1,1,1,1,,,,,,0,,0,00,1,1,1,1
Private Method,"org.apache.pdfbox.pdmodel.font.PDSimpleFont.assignGlyphList(FontName)",pdfbox/src/main/java/org/apache/pdfbox/pdmodel/font/PDSimpleFont.java,,,,,,,,,,,,,,,,,,,,,,,,,4,12,0,11,1,4,1,3,2,2,4,1,3,2,2,2,1,,,,,,1,,0,09,2,2,2,1
Public Method,"org.apache.pdfbox.pdmodel.font.PDSimpleFont.getEncoding()",pdfbox/src/main/java/org/apache/pdfbox/pdmodel/font/PDSimpleFont.java,,,,,,,,,,,,,,,,,,,,,,,,,22,7,0,4,1,1,3,1,1,1,2,1,1,1,1,1,1,,,,,,0,,0,75,1,1,1,1
Public Abstract Method,"org.apache.pdfbox.pdmodel.font.PDSimpleFont.getFontBoxFont()",pdfbox/src/main/java/org/apache/pdfbox/pdmodel/font/PDSimpleFont.java,,,,,,,,,,,,,,,,,,,,,,,,,2,4,0,1,1,0,3,1,0,1,1,1,0,0,0,0,0,,,,,,0,,3,00,0,0,0,0
Public Method,"org.apache.pdfbox.pdmodel.font.PDSimpleFont.getGlyphList()",pdfbox/src/main/java/org/apache/pdfbox/pdmodel/font/PDSimpleFont.java,,,,,,,,,,,,,,,,,,,,,,,,,7,7,0,4,1,1,3,1,1,1,2,1,1,1,1,1,1,,,,,,0,,0,75,1,1,1,1
Public Abstract Method,"org.apache.pdfbox.pdmodel.font.PDSimpleFont.getPath(String)",pdfbox/src/main/java/org/apache/pdfbox/pdmodel/font/PDSimpleFont.java,,,,,,,,,,,,,,,,,,,,,,,,,2,8,0,1,1,0,7,1,0,1,1,1,0,0,0,0,0,,,,,,0,,7,00,0,0,0,0
Protected Final Method,"org.apache.pdfbox.pdmodel.font.PDSimpleFont.getStandard14Width(int)",pdfbox/src/main/java/org/apache/pdfbox/pdmodel/font/PDSimpleFont.java,,,,,,,,,,,,,,,,,,,,,,,,,1,30,3,22,3,10,5,7,5,6,11,2,10,5,5,5,3,,,,,,2,,0,23,5,5,5,3
Protected Final Method,"org.apache.pdfbox.pdmodel.font.PDSimpleFont.getSymbolicFlag()",pdfbox/src/main/java/org/apache/pdfbox/pdmodel/font/PDSimpleFont.java,,,,,,,,,,,,,,,,,,,,,,,,,3,13,0,8,1,3,5,3,2,2,4,1,3,2,2,2,1,,,,,,1,,0,62,2,2,2,1
Public Method,"org.apache.pdfbox.pdmodel.font.PDSimpleFont.hasExplicitWidth(int)",pdfbox/src/main/java/org/apache/pdfbox/pdmodel/font/PDSimpleFont.java,,,,,,,,,,,,,,,,,,,,,,,,,4,13,0,13,3,5,0,5,3,3,6,2,5,3,3,4,3,,,,,,2,,0,00,3,3,4,3
Public Abstract Method,"org.apache.pdfbox.pdmodel.font.PDSimpleFont.hasGlyph(String)",pdfbox/src/main/java/org/apache/pdfbox/pdmodel/font/PDSimpleFont.java,,,,,,,,,,,,,,,,,,,,,,,,,0,6,0,1,1,0,5,1,0,1,1,1,0,0,0,0,0,,,,,,0,,5,00,0,0,0,0
Protected Method,"org.apache.pdfbox.pdmodel.font.PDSimpleFont.isFontSymbolic()",pdfbox/src/main/java/org/apache/pdfbox/pdmodel/font/PDSimpleFont.java,,,,,,,,,,,,,,,,,,,,,,,,,7,61,2,50,3,25,9,10,10,10,21,4,19,10,10,15,9,,,,,,4,,0,18,10,10,15,9
Protected Method,"org.apache.pdfbox.pdmodel.font.PDSimpleFont.isNonZeroBoundingBox(PDRectangle)",pdfbox/src/main/java/org/apache/pdfbox/pdmodel/font/PDSimpleFont.java,,,,,,,,,,,,,,,,,,,,,,,,,4,9,0,9,1,6,0,6,1,1,2,1,1,1,1,5,1,,,,,,0,,0,00,1,1,5,1
Public Method,"org.apache.pdfbox.pdmodel.font.PDSimpleFont.isStandard14()",pdfbox/src/main/java/org/apache/pdfbox/pdmodel/font/PDSimpleFont.java,,,,,,,,,,,,,,,,,,,,,,,,,7,24,0,20,4,8,4,11,5,4,10,4,8,5,5,5,5,,,,,,4,,0,20,5,5,5,5
Public Final Method,"org.apache.pdfbox.pdmodel.font.PDSimpleFont.isSymbolic()",pdfbox/src/main/java/org/apache/pdfbox/pdmodel/font/PDSimpleFont.java,,,,,,,,,,,,,,,,,,,,,,,,,3,21,0,16,2,7,5,3,3,4,7,2,6,3,3,3,1,,,,,,2,,0,31,3,3,3,1
Public Method,"org.apache.pdfbox.pdmodel.font.PDSimpleFont.isVertical()",pdfbox/src/main/java/org/apache/pdfbox/pdmodel/font/PDSimpleFont.java,,,,,,,,,,,,,,,,,,,,,,,,,0,5,0,5,2,1,0,1,1,1,2,1,1,1,1,1,1,,,,,,0,,0,00,1,1,1,1
Protected Method,"org.apache.pdfbox.pdmodel.font.PDSimpleFont.readEncoding()",pdfbox/src/main/java/org/apache/pdfbox/pdmodel/font/PDSimpleFont.java,,,,,,,,,,,,,,,,,,,,,,,,,9,49,4,38,10,23,8,13,7,16,22,9,18,6,6,8,1,,,,,,2,,0,21,6,6,8,1
Protected Abstract Method,"org.apache.pdfbox.pdmodel.font.PDSimpleFont.readEncodingFromFont()",pdfbox/src/main/java/org/apache/pdfbox/pdmodel/font/PDSimpleFont.java,,,,,,,,,,,,,,,,,,,,,,,,,1,6,0,1,1,0,5,1,0,1,1,1,0,0,0,0,0,,,,,,0,,5,00,0,0,0,0
Public Method,"org.apache.pdfbox.pdmodel.font.PDSimpleFont.subset()",pdfbox/src/main/java/org/apache/pdfbox/pdmodel/font/PDSimpleFont.java,,,,,,,,,,,,,,,,,,,,,,,,,0,6,0,5,2,1,1,1,1,1,2,1,1,1,1,1,1,,,,,,0,,0,20,1,1,1,1
Public Method,"org.apache.pdfbox.pdmodel.font.PDSimpleFont.toUnicode(int)",pdfbox/src/main/java/org/apache/pdfbox/pdmodel/font/PDSimpleFont.java,,,,,,,,,,,,,,,,,,,,,,,,,3,5,0,5,2,1,0,3,1,1,2,1,1,1,1,1,1,,,,,,0,,0,00,1,1,1,1
Public Method,"org.apache.pdfbox.pdmodel.font.PDSimpleFont.toUnicode(int,GlyphList)",pdfbox/src/main/java/org/apache/pdfbox/pdmodel/font/PDSimpleFont.java,,,,,,,,,,,,,,,,,,,,,,,,,7,58,5,43,5,22,10,10,16,13,20,4,17,7,7,8,4,,,,,,2,,0,23,7,7,8,4
Public Method,"org.apache.pdfbox.pdmodel.font.PDSimpleFont.willBeSubset()",pdfbox/src/main/java/org/apache/pdfbox/pdmodel/font/PDSimpleFont.java,,,,,,,,,,,,,,,,,,,,,,,,,0,5,0,5,2,1,0,1,1,1,2,1,1,1,1,1,1,,,,,,0,,0,00,1,1,1,1
Public Class,"org.apache.pdfbox.pdmodel.font.PDTrueTypeFont",pdfbox/src/main/java/org/apache/pdfbox/pdmodel/font/PDTrueTypeFont.java,3,3,3,1,22,0,17,3,2,49,0,,3,5,,,23,9,26,98,0,3,3,20,,638,53,481,109,228,107,,,151,241,89,195,,,,,18,18,23,6,3,4,87,0,22,87,87,101,38
Lambda Method,"org.apache.pdfbox.pdmodel.font.PDTrueTypeFont.(lambda_expr_1)(Integer (inferred),String (inferred))",pdfbox/src/main/java/org/apache/pdfbox/pdmodel/font/PDTrueTypeFont.java,,,,,,,,,,,,,,,,,,,,,,,,,3,7,0,7,0,3,0,3,2,1,2,0,2,2,2,2,1,,,,,,0,,0,00,2,2,2,1
Public Constructor,"org.apache.pdfbox.pdmodel.font.PDTrueTypeFont.PDTrueTypeFont(COSDictionary)",pdfbox/src/main/java/org/apache/pdfbox/pdmodel/font/PDTrueTypeFont.java,,,,,,,,,,,,,,,,,,,,,,,,,4,49,3,39,8,24,7,17,12,16,22,7,19,6,6,6,1,,,,,,3,,0,18,6,6,6,1
Private Constructor,"org.apache.pdfbox.pdmodel.font.PDTrueTypeFont.PDTrueTypeFont(PDDocument,TrueTypeFont,Encoding,boolean)",pdfbox/src/main/java/org/apache/pdfbox/pdmodel/font/PDTrueTypeFont.java,,,,,,,,,,,,,,,,,,,,,,,,,8,21,0,17,5,10,4,11,2,8,10,2,9,2,2,2,1,,,,,,1,,0,24,2,2,2,1
Public Method,"org.apache.pdfbox.pdmodel.font.PDTrueTypeFont.codeToGID(int)",pdfbox/src/main/java/org/apache/pdfbox/pdmodel/font/PDTrueTypeFont.java,,,,,,,,,,,,,,,,,,,,,,,,,18,111,6,85,9,42,22,12,100,22,40,9,38,18,18,23,6,,,,,,4,,0,26,18,18,23,6
Protected Method,"org.apache.pdfbox.pdmodel.font.PDTrueTypeFont.encode(int)",pdfbox/src/main/java/org/apache/pdfbox/pdmodel/font/PDTrueTypeFont.java,,,,,,,,,,,,,,,,,,,,,,,,,3,51,6,43,9,25,2,14,10,13,20,8,19,7,7,7,1,,,,,,3,,0,05,7,7,7,1
Private Method,"org.apache.pdfbox.pdmodel.font.PDTrueTypeFont.extractCmapTable()",pdfbox/src/main/java/org/apache/pdfbox/pdmodel/font/PDTrueTypeFont.java,,,,,,,,,,,,,,,,,,,,,,,,,10,43,1,37,3,18,5,8,9,8,18,4,16,9,9,11,1,,,,,,4,,0,14,9,9,11,1
Private Method,"org.apache.pdfbox.pdmodel.font.PDTrueTypeFont.generateBoundingBox()",pdfbox/src/main/java/org/apache/pdfbox/pdmodel/font/PDTrueTypeFont.java,,,,,,,,,,,,,,,,,,,,,,,,,2,12,0,12,2,6,0,9,3,3,6,2,5,3,3,3,3,,,,,,2,,0,00,3,3,3,3
Public Final Method,"org.apache.pdfbox.pdmodel.font.PDTrueTypeFont.getBaseFont()",pdfbox/src/main/java/org/apache/pdfbox/pdmodel/font/PDTrueTypeFont.java,,,,,,,,,,,,,,,,,,,,,,,,,4,7,0,4,1,1,3,2,1,1,2,1,1,1,1,1,1,,,,,,0,,0,75,1,1,1,1
Public Method,"org.apache.pdfbox.pdmodel.font.PDTrueTypeFont.getBoundingBox()",pdfbox/src/main/java/org/apache/pdfbox/pdmodel/font/PDTrueTypeFont.java,,,,,,,,,,,,,,,,,,,,,,,,,1,9,0,9,2,3,0,3,2,2,4,1,3,2,2,2,1,,,,,,1,,0,00,2,2,2,1
Public Method,"org.apache.pdfbox.pdmodel.font.PDTrueTypeFont.getFontBoxFont()",pdfbox/src/main/java/org/apache/pdfbox/pdmodel/font/PDTrueTypeFont.java,,,,,,,,,,,,,,,,,,,,,,,,,1,5,0,5,2,1,0,1,1,1,2,1,1,1,1,1,1,,,,,,0,,0,00,1,1,1,1
Protected Method,"org.apache.pdfbox.pdmodel.font.PDTrueTypeFont.getGIDToCode()",pdfbox/src/main/java/org/apache/pdfbox/pdmodel/font/PDTrueTypeFont.java,,,,,,,,,,,,,,,,,,,,,,,,,2,21,1,17,2,8,3,6,4,7,11,3,9,4,4,4,1,,,,,,2,,0,18,4,4,4,1
Public Method,"org.apache.pdfbox.pdmodel.font.PDTrueTypeFont.getHeight(int)",pdfbox/src/main/java/org/apache/pdfbox/pdmodel/font/PDTrueTypeFont.java,,,,,,,,,,,,,,,,,,,,,,,,,2,11,0,11,4,5,0,6,2,4,6,3,5,2,2,2,1,,,,,,1,,0,00,2,2,2,1
Public Method,"org.apache.pdfbox.pdmodel.font.PDTrueTypeFont.getName()",pdfbox/src/main/java/org/apache/pdfbox/pdmodel/font/PDTrueTypeFont.java,,,,,,,,,,,,,,,,,,,,,,,,,3,5,0,5,2,1,0,2,1,1,2,1,1,1,1,1,1,,,,,,0,,0,00,1,1,1,1
Public Method,"org.apache.pdfbox.pdmodel.font.PDTrueTypeFont.getNormalizedPath(int)",pdfbox/src/main/java/org/apache/pdfbox/pdmodel/font/PDTrueTypeFont.java,,,,,,,,,,,,,,,,,,,,,,,,,2,29,3,24,6,12,2,9,6,8,12,5,11,4,4,6,1,,,,,,2,,0,08,4,4,6,1
Public Method,"org.apache.pdfbox.pdmodel.font.PDTrueTypeFont.getPath(String)",pdfbox/src/main/java/org/apache/pdfbox/pdmodel/font/PDTrueTypeFont.java,,,,,,,,,,,,,,,,,,,,,,,,,2,37,1,33,4,15,3,8,12,8,14,3,13,6,6,6,3,,,,,,3,,0,09,6,6,6,3
Public Method,"org.apache.pdfbox.pdmodel.font.PDTrueTypeFont.getPath(int)",pdfbox/src/main/java/org/apache/pdfbox/pdmodel/font/PDTrueTypeFont.java,,,,,,,,,,,,,,,,,,,,,,,,,3,16,1,14,4,6,1,6,2,4,6,3,5,2,2,2,1,,,,,,1,,0,07,2,2,2,1
Public Method,"org.apache.pdfbox.pdmodel.font.PDTrueTypeFont.getTrueTypeFont()",pdfbox/src/main/java/org/apache/pdfbox/pdmodel/font/PDTrueTypeFont.java,,,,,,,,,,,,,,,,,,,,,,,,,4,7,0,4,1,1,3,1,1,1,2,1,1,1,1,1,1,,,,,,0,,0,75,1,1,1,1
Public Method,"org.apache.pdfbox.pdmodel.font.PDTrueTypeFont.getWidthFromFont(int)",pdfbox/src/main/java/org/apache/pdfbox/pdmodel/font/PDTrueTypeFont.java,,,,,,,,,,,,,,,,,,,,,,,,,2,12,0,12,5,6,0,5,2,5,7,4,6,2,2,2,1,,,,,,1,,0,00,2,2,2,1
Public Method,"org.apache.pdfbox.pdmodel.font.PDTrueTypeFont.hasGlyph(String)",pdfbox/src/main/java/org/apache/pdfbox/pdmodel/font/PDTrueTypeFont.java,,,,,,,,,,,,,,,,,,,,,,,,,2,6,0,6,3,2,0,4,1,2,3,2,2,1,1,2,1,,,,,,0,,0,00,1,1,2,1
Public Method,"org.apache.pdfbox.pdmodel.font.PDTrueTypeFont.hasGlyph(int)",pdfbox/src/main/java/org/apache/pdfbox/pdmodel/font/PDTrueTypeFont.java,,,,,,,,,,,,,,,,,,,,,,,,,1,5,0,5,2,1,0,2,1,1,2,1,1,1,1,1,1,,,,,,0,,0,00,1,1,1,1
Public Method,"org.apache.pdfbox.pdmodel.font.PDTrueTypeFont.isDamaged()",pdfbox/src/main/java/org/apache/pdfbox/pdmodel/font/PDTrueTypeFont.java,,,,,,,,,,,,,,,,,,,,,,,,,1,5,0,5,2,1,0,1,1,1,2,1,1,1,1,1,1,,,,,,0,,0,00,1,1,1,1
Public Method,"org.apache.pdfbox.pdmodel.font.PDTrueTypeFont.isEmbedded()",pdfbox/src/main/java/org/apache/pdfbox/pdmodel/font/PDTrueTypeFont.java,,,,,,,,,,,,,,,,,,,,,,,,,4,5,0,5,2,1,0,1,1,1,2,1,1,1,1,1,1,,,,,,0,,0,00,1,1,1,1
Public Static Method,"org.apache.pdfbox.pdmodel.font.PDTrueTypeFont.load(PDDocument,File,Encoding)",pdfbox/src/main/java/org/apache/pdfbox/pdmodel/font/PDTrueTypeFont.java,,,,,,,,,,,,,,,,,,,,,,,,,3,17,0,5,2,1,12,4,1,1,2,1,1,1,1,1,1,,,,,,0,,2,40,1,1,1,1
Public Static Method,"org.apache.pdfbox.pdmodel.font.PDTrueTypeFont.load(PDDocument,InputStream,Encoding)",pdfbox/src/main/java/org/apache/pdfbox/pdmodel/font/PDTrueTypeFont.java,,,,,,,,,,,,,,,,,,,,,,,,,4,17,0,5,2,1,12,4,1,1,2,1,1,1,1,1,1,,,,,,0,,2,40,1,1,1,1
Public Static Method,"org.apache.pdfbox.pdmodel.font.PDTrueTypeFont.load(PDDocument,TrueTypeFont,Encoding)",pdfbox/src/main/java/org/apache/pdfbox/pdmodel/font/PDTrueTypeFont.java,,,,,,,,,,,,,,,,,,,,,,,,,4,19,0,5,2,1,14,2,1,1,2,1,1,1,1,1,1,,,,,,0,,2,80,1,1,1,1
Public Method,"org.apache.pdfbox.pdmodel.font.PDTrueTypeFont.readCode(InputStream)",pdfbox/src/main/java/org/apache/pdfbox/pdmodel/font/PDTrueTypeFont.java,,,,,,,,,,,,,,,,,,,,,,,,,1,5,0,5,2,1,0,2,1,1,2,1,1,1,1,1,1,,,,,,0,,0,00,1,1,1,1
Protected Method,"org.apache.pdfbox.pdmodel.font.PDTrueTypeFont.readEncodingFromFont()",pdfbox/src/main/java/org/apache/pdfbox/pdmodel/font/PDTrueTypeFont.java,,,,,,,,,,,,,,,,,,,,,,,,,4,53,3,42,7,22,8,15,9,14,22,7,19,8,8,12,4,,,,,,4,,0,19,8,8,12,4
Final Class,"org.apache.pdfbox.pdmodel.font.PDTrueTypeFontEmbedder",pdfbox/src/main/java/org/apache/pdfbox/pdmodel/font/PDTrueTypeFontEmbedder.java,1,1,2,1,20,2,13,5,1,23,0,,0,0,,,4,1,4,28,1,1,1,1,,95,13,56,21,31,26,,,30,39,20,31,,,,,4,4,5,1,2,2,50,0,46,7,7,8,4
Constructor,"org.apache.pdfbox.pdmodel.font.PDTrueTypeFontEmbedder.PDTrueTypeFontEmbedder(PDDocument,COSDictionary,TrueTypeFont,Encoding)",pdfbox/src/main/java/org/apache/pdfbox/pdmodel/font/PDTrueTypeFontEmbedder.java,,,,,,,,,,,,,,,,,,,,,,,,,10,27,3,13,3,9,11,10,1,9,10,2,9,1,1,1,1,,,,,,0,,0,85,1,1,1,1
Protected Method,"org.apache.pdfbox.pdmodel.font.PDTrueTypeFontEmbedder.buildSubset(InputStream,String,Map<Integer,Integer>)",pdfbox/src/main/java/org/apache/pdfbox/pdmodel/font/PDTrueTypeFontEmbedder.java,,,,,,,,,,,,,,,,,,,,,,,,,0,7,0,6,3,1,1,1,1,1,2,1,1,1,1,1,1,,,,,,0,,0,17,1,1,1,1
Public Method,"org.apache.pdfbox.pdmodel.font.PDTrueTypeFontEmbedder.getFontEncoding()",pdfbox/src/main/java/org/apache/pdfbox/pdmodel/font/PDTrueTypeFontEmbedder.java,,,,,,,,,,,,,,,,,,,,,,,,,2,7,0,4,1,1,3,1,1,1,2,1,1,1,1,1,1,,,,,,0,,0,75,1,1,1,1
Private Method,"org.apache.pdfbox.pdmodel.font.PDTrueTypeFontEmbedder.setWidths(COSDictionary,GlyphList)",pdfbox/src/main/java/org/apache/pdfbox/pdmodel/font/PDTrueTypeFontEmbedder.java,,,,,,,,,,,,,,,,,,,,,,,,,8,40,6,29,12,20,5,22,6,18,23,14,20,4,4,5,1,,,,,,2,,0,17,4,4,5,1
Public Class,"org.apache.pdfbox.pdmodel.font.PDType0Font",pdfbox/src/main/java/org/apache/pdfbox/pdmodel/font/PDType0Font.java,1,1,1,1,11,0,8,3,2,36,0,,8,1,,,40,10,48,95,0,3,2,43,,627,63,413,107,152,151,,,116,197,76,136,,,,,10,10,14,8,2,5,89,0,37,80,80,92,55
Public Constructor,"org.apache.pdfbox.pdmodel.font.PDType0Font.PDType0Font(COSDictionary)",pdfbox/src/main/java/org/apache/pdfbox/pdmodel/font/PDType0Font.java,,,,,,,,,,,,,,,,,,,,,,,,,7,36,2,28,3,17,6,14,16,12,17,3,16,5,5,5,1,,,,,,1,,0,21,5,5,5,1
Private Constructor,"org.apache.pdfbox.pdmodel.font.PDType0Font.PDType0Font(PDDocument,TrueTypeFont,boolean,boolean,boolean)",pdfbox/src/main/java/org/apache/pdfbox/pdmodel/font/PDType0Font.java,,,,,,,,,,,,,,,,,,,,,,,,,14,41,2,26,2,14,13,15,6,10,14,1,13,4,4,4,1,,,,,,2,,0,50,4,4,4,1
Public Method,"org.apache.pdfbox.pdmodel.font.PDType0Font.addGlyphsToSubset(Set<Integer>)",pdfbox/src/main/java/org/apache/pdfbox/pdmodel/font/PDType0Font.java,,,,,,,,,,,,,,,,,,,,,,,,,3,8,0,8,1,3,0,3,2,2,4,1,3,2,2,2,1,,,,,,1,,0,00,2,2,2,1
Public Method,"org.apache.pdfbox.pdmodel.font.PDType0Font.addToSubset(int)",pdfbox/src/main/java/org/apache/pdfbox/pdmodel/font/PDType0Font.java,,,,,,,,,,,,,,,,,,,,,,,,,2,9,0,9,2,3,0,3,2,2,4,1,3,2,2,2,1,,,,,,1,,0,00,2,2,2,1
Public Method,"org.apache.pdfbox.pdmodel.font.PDType0Font.codeToCID(int)",pdfbox/src/main/java/org/apache/pdfbox/pdmodel/font/PDType0Font.java,,,,,,,,,,,,,,,,,,,,,,,,,4,10,0,4,1,1,6,2,1,1,2,1,1,1,1,1,1,,,,,,0,,1,50,1,1,1,1
Public Method,"org.apache.pdfbox.pdmodel.font.PDType0Font.codeToGID(int)",pdfbox/src/main/java/org/apache/pdfbox/pdmodel/font/PDType0Font.java,,,,,,,,,,,,,,,,,,,,,,,,,2,10,0,4,1,1,6,2,1,1,2,1,1,1,1,1,1,,,,,,0,,1,50,1,1,1,1
Protected Method,"org.apache.pdfbox.pdmodel.font.PDType0Font.encode(int)",pdfbox/src/main/java/org/apache/pdfbox/pdmodel/font/PDType0Font.java,,,,,,,,,,,,,,,,,,,,,,,,,2,5,0,5,2,1,0,2,1,1,2,1,1,1,1,1,1,,,,,,0,,0,00,1,1,1,1
Public Method,"org.apache.pdfbox.pdmodel.font.PDType0Font.encodeGlyphId(int)",pdfbox/src/main/java/org/apache/pdfbox/pdmodel/font/PDType0Font.java,,,,,,,,,,,,,,,,,,,,,,,,,3,4,0,4,1,1,0,2,1,1,2,1,1,1,1,1,1,,,,,,0,,0,00,1,1,1,1
Private Method,"org.apache.pdfbox.pdmodel.font.PDType0Font.fetchCMapUCS2()",pdfbox/src/main/java/org/apache/pdfbox/pdmodel/font/PDType0Font.java,,,,,,,,,,,,,,,,,,,,,,,,,11,47,2,32,5,17,13,12,10,8,14,5,12,6,6,9,1,,,,,,3,,0,41,6,6,9,1
Public Method,"org.apache.pdfbox.pdmodel.font.PDType0Font.getAverageFontWidth()",pdfbox/src/main/java/org/apache/pdfbox/pdmodel/font/PDType0Font.java,,,,,,,,,,,,,,,,,,,,,,,,,1,5,0,5,2,1,0,2,1,1,2,1,1,1,1,1,1,,,,,,0,,0,00,1,1,1,1
Public Method,"org.apache.pdfbox.pdmodel.font.PDType0Font.getBaseFont()",pdfbox/src/main/java/org/apache/pdfbox/pdmodel/font/PDType0Font.java,,,,,,,,,,,,,,,,,,,,,,,,,4,7,0,4,1,1,3,2,1,1,2,1,1,1,1,1,1,,,,,,0,,0,75,1,1,1,1
Public Method,"org.apache.pdfbox.pdmodel.font.PDType0Font.getBoundingBox()",pdfbox/src/main/java/org/apache/pdfbox/pdmodel/font/PDType0Font.java,,,,,,,,,,,,,,,,,,,,,,,,,1,6,0,5,2,1,1,2,1,1,2,1,1,1,1,1,1,,,,,,0,,0,20,1,1,1,1
Public Method,"org.apache.pdfbox.pdmodel.font.PDType0Font.getCMap()",pdfbox/src/main/java/org/apache/pdfbox/pdmodel/font/PDType0Font.java,,,,,,,,,,,,,,,,,,,,,,,,,4,7,0,4,1,1,3,1,1,1,2,1,1,1,1,1,1,,,,,,0,,0,75,1,1,1,1
Public Method,"org.apache.pdfbox.pdmodel.font.PDType0Font.getCMapUCS2()",pdfbox/src/main/java/org/apache/pdfbox/pdmodel/font/PDType0Font.java,,,,,,,,,,,,,,,,,,,,,,,,,2,7,0,4,1,1,3,1,1,1,2,1,1,1,1,1,1,,,,,,0,,0,75,1,1,1,1
Public Method,"org.apache.pdfbox.pdmodel.font.PDType0Font.getCmapLookup()",pdfbox/src/main/java/org/apache/pdfbox/pdmodel/font/PDType0Font.java,,,,,,,,,,,,,,,,,,,,,,,,,4,4,0,4,1,1,0,1,1,1,2,1,1,1,1,1,1,,,,,,0,,0,00,1,1,1,1
Public Method,"org.apache.pdfbox.pdmodel.font.PDType0Font.getDescendantFont()",pdfbox/src/main/java/org/apache/pdfbox/pdmodel/font/PDType0Font.java,,,,,,,,,,,,,,,,,,,,,,,,,8,7,0,4,1,1,3,1,1,1,2,1,1,1,1,1,1,,,,,,0,,0,75,1,1,1,1
Public Method,"org.apache.pdfbox.pdmodel.font.PDType0Font.getDisplacement(int)",pdfbox/src/main/java/org/apache/pdfbox/pdmodel/font/PDType0Font.java,,,,,,,,,,,,,,,,,,,,,,,,,2,12,0,12,2,4,0,5,2,2,4,1,3,2,2,2,1,,,,,,1,,0,00,2,2,2,1
Public Method,"org.apache.pdfbox.pdmodel.font.PDType0Font.getFontDescriptor()",pdfbox/src/main/java/org/apache/pdfbox/pdmodel/font/PDType0Font.java,,,,,,,,,,,,,,,,,,,,,,,,,2,5,0,5,2,1,0,2,1,1,2,1,1,1,1,1,1,,,,,,0,,0,00,1,1,1,1
Public Method,"org.apache.pdfbox.pdmodel.font.PDType0Font.getFontMatrix()",pdfbox/src/main/java/org/apache/pdfbox/pdmodel/font/PDType0Font.java,,,,,,,,,,,,,,,,,,,,,,,,,1,5,0,5,2,1,0,2,1,1,2,1,1,1,1,1,1,,,,,,0,,0,00,1,1,1,1
Public Method,"org.apache.pdfbox.pdmodel.font.PDType0Font.getGsubData()",pdfbox/src/main/java/org/apache/pdfbox/pdmodel/font/PDType0Font.java,,,,,,,,,,,,,,,,,,,,,,,,,3,4,0,4,1,1,0,1,1,1,2,1,1,1,1,1,1,,,,,,0,,0,00,1,1,1,1
Public Method,"org.apache.pdfbox.pdmodel.font.PDType0Font.getHeight(int)",pdfbox/src/main/java/org/apache/pdfbox/pdmodel/font/PDType0Font.java,,,,,,,,,,,,,,,,,,,,,,,,,2,5,0,5,2,1,0,2,1,1,2,1,1,1,1,1,1,,,,,,0,,0,00,1,1,1,1
Public Method,"org.apache.pdfbox.pdmodel.font.PDType0Font.getName()",pdfbox/src/main/java/org/apache/pdfbox/pdmodel/font/PDType0Font.java,,,,,,,,,,,,,,,,,,,,,,,,,4,5,0,5,2,1,0,2,1,1,2,1,1,1,1,1,1,,,,,,0,,0,00,1,1,1,1
Public Method,"org.apache.pdfbox.pdmodel.font.PDType0Font.getNormalizedPath(int)",pdfbox/src/main/java/org/apache/pdfbox/pdmodel/font/PDType0Font.java,,,,,,,,,,,,,,,,,,,,,,,,,2,5,0,5,2,1,0,2,1,1,2,1,1,1,1,1,1,,,,,,0,,0,00,1,1,1,1
Public Method,"org.apache.pdfbox.pdmodel.font.PDType0Font.getPath(int)",pdfbox/src/main/java/org/apache/pdfbox/pdmodel/font/PDType0Font.java,,,,,,,,,,,,,,,,,,,,,,,,,2,5,0,5,2,1,0,2,1,1,2,1,1,1,1,1,1,,,,,,0,,0,00,1,1,1,1
Public Method,"org.apache.pdfbox.pdmodel.font.PDType0Font.getPositionVector(int)",pdfbox/src/main/java/org/apache/pdfbox/pdmodel/font/PDType0Font.java,,,,,,,,,,,,,,,,,,,,,,,,,2,6,0,5,2,1,1,3,1,1,2,1,1,1,1,1,1,,,,,,0,,0,20,1,1,1,1
Protected Method,"org.apache.pdfbox.pdmodel.font.PDType0Font.getStandard14Width(int)",pdfbox/src/main/java/org/apache/pdfbox/pdmodel/font/PDType0Font.java,,,,,,,,,,,,,,,,,,,,,,,,,0,5,0,5,2,1,0,2,1,1,2,1,1,1,1,1,1,,,,,,0,,0,00,1,1,1,1
Public Method,"org.apache.pdfbox.pdmodel.font.PDType0Font.getWidth(int)",pdfbox/src/main/java/org/apache/pdfbox/pdmodel/font/PDType0Font.java,,,,,,,,,,,,,,,,,,,,,,,,,2,5,0,5,2,1,0,2,1,1,2,1,1,1,1,1,1,,,,,,0,,0,00,1,1,1,1
Public Method,"org.apache.pdfbox.pdmodel.font.PDType0Font.getWidthFromFont(int)",pdfbox/src/main/java/org/apache/pdfbox/pdmodel/font/PDType0Font.java,,,,,,,,,,,,,,,,,,,,,,,,,2,5,0,5,2,1,0,2,1,1,2,1,1,1,1,1,1,,,,,,0,,0,00,1,1,1,1
Public Method,"org.apache.pdfbox.pdmodel.font.PDType0Font.hasExplicitWidth(int)",pdfbox/src/main/java/org/apache/pdfbox/pdmodel/font/PDType0Font.java,,,,,,,,,,,,,,,,,,,,,,,,,2,5,0,5,2,1,0,2,1,1,2,1,1,1,1,1,1,,,,,,0,,0,00,1,1,1,1
Public Method,"org.apache.pdfbox.pdmodel.font.PDType0Font.hasGlyph(int)",pdfbox/src/main/java/org/apache/pdfbox/pdmodel/font/PDType0Font.java,,,,,,,,,,,,,,,,,,,,,,,,,2,5,0,5,2,1,0,2,1,1,2,1,1,1,1,1,1,,,,,,0,,0,00,1,1,1,1
Public Method,"org.apache.pdfbox.pdmodel.font.PDType0Font.isDamaged()",pdfbox/src/main/java/org/apache/pdfbox/pdmodel/font/PDType0Font.java,,,,,,,,,,,,,,,,,,,,,,,,,1,5,0,5,2,1,0,2,1,1,2,1,1,1,1,1,1,,,,,,0,,0,00,1,1,1,1
Public Method,"org.apache.pdfbox.pdmodel.font.PDType0Font.isEmbedded()",pdfbox/src/main/java/org/apache/pdfbox/pdmodel/font/PDType0Font.java,,,,,,,,,,,,,,,,,,,,,,,,,1,5,0,5,2,1,0,2,1,1,2,1,1,1,1,1,1,,,,,,0,,0,00,1,1,1,1
Public Method,"org.apache.pdfbox.pdmodel.font.PDType0Font.isStandard14()",pdfbox/src/main/java/org/apache/pdfbox/pdmodel/font/PDType0Font.java,,,,,,,,,,,,,,,,,,,,,,,,,1,5,0,5,2,1,0,1,1,1,2,1,1,1,1,1,1,,,,,,0,,0,00,1,1,1,1
Public Method,"org.apache.pdfbox.pdmodel.font.PDType0Font.isVertical()",pdfbox/src/main/java/org/apache/pdfbox/pdmodel/font/PDType0Font.java,,,,,,,,,,,,,,,,,,,,,,,,,2,5,0,5,2,1,0,2,1,1,2,1,1,1,1,1,1,,,,,,0,,0,00,1,1,1,1
Public Static Method,"org.apache.pdfbox.pdmodel.font.PDType0Font.load(PDDocument,File)",pdfbox/src/main/java/org/apache/pdfbox/pdmodel/font/PDType0Font.java,,,,,,,,,,,,,,,,,,,,,,,,,11,13,0,4,1,1,9,4,1,1,2,1,1,1,1,1,1,,,,,,0,,2,25,1,1,1,1
Public Static Method,"org.apache.pdfbox.pdmodel.font.PDType0Font.load(PDDocument,InputStream)",pdfbox/src/main/java/org/apache/pdfbox/pdmodel/font/PDType0Font.java,,,,,,,,,,,,,,,,,,,,,,,,,6,13,0,4,1,1,9,2,1,1,2,1,1,1,1,1,1,,,,,,0,,2,25,1,1,1,1
Public Static Method,"org.apache.pdfbox.pdmodel.font.PDType0Font.load(PDDocument,InputStream,boolean)",pdfbox/src/main/java/org/apache/pdfbox/pdmodel/font/PDType0Font.java,,,,,,,,,,,,,,,,,,,,,,,,,9,15,0,5,2,1,10,4,1,1,2,1,1,1,1,1,1,,,,,,0,,2,00,1,1,1,1
Public Static Method,"org.apache.pdfbox.pdmodel.font.PDType0Font.load(PDDocument,TrueTypeFont,boolean)",pdfbox/src/main/java/org/apache/pdfbox/pdmodel/font/PDType0Font.java,,,,,,,,,,,,,,,,,,,,,,,,,7,15,0,5,2,1,10,2,1,1,2,1,1,1,1,1,1,,,,,,0,,2,00,1,1,1,1
Public Static Method,"org.apache.pdfbox.pdmodel.font.PDType0Font.loadVertical(PDDocument,File)",pdfbox/src/main/java/org/apache/pdfbox/pdmodel/font/PDType0Font.java,,,,,,,,,,,,,,,,,,,,,,,,,5,12,0,4,1,1,8,4,1,1,2,1,1,1,1,1,1,,,,,,0,,2,00,1,1,1,1
Public Static Method,"org.apache.pdfbox.pdmodel.font.PDType0Font.loadVertical(PDDocument,InputStream)",pdfbox/src/main/java/org/apache/pdfbox/pdmodel/font/PDType0Font.java,,,,,,,,,,,,,,,,,,,,,,,,,2,12,0,4,1,1,8,4,1,1,2,1,1,1,1,1,1,,,,,,0,,2,00,1,1,1,1
Public Static Method,"org.apache.pdfbox.pdmodel.font.PDType0Font.loadVertical(PDDocument,InputStream,boolean)",pdfbox/src/main/java/org/apache/pdfbox/pdmodel/font/PDType0Font.java,,,,,,,,,,,,,,,,,,,,,,,,,3,14,0,5,2,1,9,4,1,1,2,1,1,1,1,1,1,,,,,,0,,1,80,1,1,1,1
Public Static Method,"org.apache.pdfbox.pdmodel.font.PDType0Font.loadVertical(PDDocument,TrueTypeFont,boolean)",pdfbox/src/main/java/org/apache/pdfbox/pdmodel/font/PDType0Font.java,,,,,,,,,,,,,,,,,,,,,,,,,4,14,0,5,2,1,9,2,1,1,2,1,1,1,1,1,1,,,,,,0,,1,80,1,1,1,1
Public Method,"org.apache.pdfbox.pdmodel.font.PDType0Font.readCode(InputStream)",pdfbox/src/main/java/org/apache/pdfbox/pdmodel/font/PDType0Font.java,,,,,,,,,,,,,,,,,,,,,,,,,2,5,0,5,2,1,0,2,1,1,2,1,1,1,1,1,1,,,,,,0,,0,00,1,1,1,1
Private Method,"org.apache.pdfbox.pdmodel.font.PDType0Font.readEncoding()",pdfbox/src/main/java/org/apache/pdfbox/pdmodel/font/PDType0Font.java,,,,,,,,,,,,,,,,,,,,,,,,,7,37,1,31,4,18,5,15,10,9,15,4,13,6,6,10,1,,,,,,2,,0,16,6,6,10,1
Public Method,"org.apache.pdfbox.pdmodel.font.PDType0Font.subset()",pdfbox/src/main/java/org/apache/pdfbox/pdmodel/font/PDType0Font.java,,,,,,,,,,,,,,,,,,,,,,,,,2,14,0,14,2,6,0,5,4,4,7,1,6,3,3,3,1,,,,,,1,,0,00,3,3,3,1
Public Method,"org.apache.pdfbox.pdmodel.font.PDType0Font.toString()",pdfbox/src/main/java/org/apache/pdfbox/pdmodel/font/PDType0Font.java,,,,,,,,,,,,,,,,,,,,,,,,,0,10,0,10,3,4,0,5,2,3,5,2,3,2,2,2,1,,,,,,1,,0,00,2,2,2,1
Public Method,"org.apache.pdfbox.pdmodel.font.PDType0Font.toUnicode(int)",pdfbox/src/main/java/org/apache/pdfbox/pdmodel/font/PDType0Font.java,,,,,,,,,,,,,,,,,,,,,,,,,11,69,5,53,9,26,11,18,16,16,26,8,24,10,10,14,8,,,,,,5,,0,21,10,10,14,8
Public Method,"org.apache.pdfbox.pdmodel.font.PDType0Font.willBeSubset()",pdfbox/src/main/java/org/apache/pdfbox/pdmodel/font/PDType0Font.java,,,,,,,,,,,,,,,,,,,,,,,,,5,5,0,5,2,1,0,2,1,1,2,1,1,1,1,2,1,,,,,,0,,0,00,1,1,2,1
Public Class,"org.apache.pdfbox.pdmodel.font.PDType1CFont",pdfbox/src/main/java/org/apache/pdfbox/pdmodel/font/PDType1CFont.java,2,2,2,1,15,0,14,1,2,40,0,,0,1,,,25,9,25,96,0,3,2,20,,446,37,376,86,170,35,,,124,191,67,148,,,,,9,9,9,5,3,3,89,0,09,64,64,71,48
Private Class,"org.apache.pdfbox.pdmodel.font.PDType1CFont.FF3ByteSource",pdfbox/src/main/java/org/apache/pdfbox/pdmodel/font/PDType1CFont.java,1,1,1,1,5,0,5,0,2,5,0,,0,0,,,1,0,1,13,0,0,0,1,,8,0,8,3,1,0,,,1,3,2,1,,,,,1,1,1,1,1,0,0,0,00,1,1,1,1
Public Method,"org.apache.pdfbox.pdmodel.font.PDType1CFont.FF3ByteSource.getBytes()",pdfbox/src/main/java/org/apache/pdfbox/pdmodel/font/PDType1CFont.java,,,,,,,,,,,,,,,,,,,,,,,,,0,5,0,5,2,1,0,4,1,1,2,1,1,1,1,1,1,,,,,,0,,0,00,1,1,1,1
Public Constructor,"org.apache.pdfbox.pdmodel.font.PDType1CFont.PDType1CFont(COSDictionary)",pdfbox/src/main/java/org/apache/pdfbox/pdmodel/font/PDType1CFont.java,,,,,,,,,,,,,,,,,,,,,,,,,8,75,4,64,10,39,7,27,48,27,36,9,32,9,9,9,1,,,,,,3,,0,11,9,9,9,1
Public Method,"org.apache.pdfbox.pdmodel.font.PDType1CFont.codeToName(int)",pdfbox/src/main/java/org/apache/pdfbox/pdmodel/font/PDType1CFont.java,,,,,,,,,,,,,,,,,,,,,,,,,3,4,0,4,1,1,0,3,1,1,2,1,1,1,1,1,1,,,,,,0,,0,00,1,1,1,1
Protected Method,"org.apache.pdfbox.pdmodel.font.PDType1CFont.encode(int)",pdfbox/src/main/java/org/apache/pdfbox/pdmodel/font/PDType1CFont.java,,,,,,,,,,,,,,,,,,,,,,,,,3,24,4,20,6,12,0,13,4,7,10,5,9,3,3,4,1,,,,,,1,,0,00,3,3,4,1
Private Method,"org.apache.pdfbox.pdmodel.font.PDType1CFont.generateBoundingBox()",pdfbox/src/main/java/org/apache/pdfbox/pdmodel/font/PDType1CFont.java,,,,,,,,,,,,,,,,,,,,,,,,,2,12,0,12,2,6,0,10,3,3,6,2,5,3,3,3,3,,,,,,2,,0,00,3,3,3,3
Private Method,"org.apache.pdfbox.pdmodel.font.PDType1CFont.getAverageCharacterWidth()",pdfbox/src/main/java/org/apache/pdfbox/pdmodel/font/PDType1CFont.java,,,,,,,,,,,,,,,,,,,,,,,,,1,5,0,4,1,1,1,1,1,1,2,1,1,1,1,1,1,,,,,,0,,0,25,1,1,1,1
Public Method,"org.apache.pdfbox.pdmodel.font.PDType1CFont.getAverageFontWidth()",pdfbox/src/main/java/org/apache/pdfbox/pdmodel/font/PDType1CFont.java,,,,,,,,,,,,,,,,,,,,,,,,,1,9,0,9,2,3,0,3,2,2,4,1,3,2,2,2,1,,,,,,1,,0,00,2,2,2,1
Public Final Method,"org.apache.pdfbox.pdmodel.font.PDType1CFont.getBaseFont()",pdfbox/src/main/java/org/apache/pdfbox/pdmodel/font/PDType1CFont.java,,,,,,,,,,,,,,,,,,,,,,,,,4,7,0,4,1,1,3,2,1,1,2,1,1,1,1,1,1,,,,,,0,,0,75,1,1,1,1
Public Method,"org.apache.pdfbox.pdmodel.font.PDType1CFont.getBoundingBox()",pdfbox/src/main/java/org/apache/pdfbox/pdmodel/font/PDType1CFont.java,,,,,,,,,,,,,,,,,,,,,,,,,1,9,0,9,2,3,0,3,2,2,4,1,3,2,2,2,1,,,,,,1,,0,00,2,2,2,1
Public Method,"org.apache.pdfbox.pdmodel.font.PDType1CFont.getCFFType1Font()",pdfbox/src/main/java/org/apache/pdfbox/pdmodel/font/PDType1CFont.java,,,,,,,,,,,,,,,,,,,,,,,,,1,9,0,4,1,1,5,1,1,1,2,1,1,1,1,1,1,,,,,,0,,1,25,1,1,1,1
Public Method,"org.apache.pdfbox.pdmodel.font.PDType1CFont.getFontBoxFont()",pdfbox/src/main/java/org/apache/pdfbox/pdmodel/font/PDType1CFont.java,,,,,,,,,,,,,,,,,,,,,,,,,1,5,0,5,2,1,0,1,1,1,2,1,1,1,1,1,1,,,,,,0,,0,00,1,1,1,1
Public Final Method,"org.apache.pdfbox.pdmodel.font.PDType1CFont.getFontMatrix()",pdfbox/src/main/java/org/apache/pdfbox/pdmodel/font/PDType1CFont.java,,,,,,,,,,,,,,,,,,,,,,,,,6,30,1,29,3,15,0,9,5,7,11,2,9,4,4,5,3,,,,,,2,,0,00,4,4,5,3
Public Method,"org.apache.pdfbox.pdmodel.font.PDType1CFont.getHeight(int)",pdfbox/src/main/java/org/apache/pdfbox/pdmodel/font/PDType1CFont.java,,,,,,,,,,,,,,,,,,,,,,,,,4,21,0,21,4,10,0,9,3,8,11,3,9,3,3,3,3,,,,,,2,,0,00,3,3,3,3
Public Final Method,"org.apache.pdfbox.pdmodel.font.PDType1CFont.getName()",pdfbox/src/main/java/org/apache/pdfbox/pdmodel/font/PDType1CFont.java,,,,,,,,,,,,,,,,,,,,,,,,,2,5,0,5,2,1,0,2,1,1,2,1,1,1,1,1,1,,,,,,0,,0,00,1,1,1,1
Private Method,"org.apache.pdfbox.pdmodel.font.PDType1CFont.getNameInFont(String)",pdfbox/src/main/java/org/apache/pdfbox/pdmodel/font/PDType1CFont.java,,,,,,,,,,,,,,,,,,,,,,,,,7,25,0,20,3,9,5,8,4,5,9,3,8,4,4,6,4,,,,,,3,,0,25,4,4,6,4
Public Method,"org.apache.pdfbox.pdmodel.font.PDType1CFont.getNormalizedPath(int)",pdfbox/src/main/java/org/apache/pdfbox/pdmodel/font/PDType1CFont.java,,,,,,,,,,,,,,,,,,,,,,,,,1,24,0,24,4,12,0,8,7,8,13,3,12,5,5,5,4,,,,,,2,,0,00,5,5,5,4
Public Method,"org.apache.pdfbox.pdmodel.font.PDType1CFont.getPath(String)",pdfbox/src/main/java/org/apache/pdfbox/pdmodel/font/PDType1CFont.java,,,,,,,,,,,,,,,,,,,,,,,,,4,22,0,21,2,9,1,7,5,5,10,1,9,5,5,7,5,,,,,,2,,0,05,5,5,7,5
Public Method,"org.apache.pdfbox.pdmodel.font.PDType1CFont.getPath(int)",pdfbox/src/main/java/org/apache/pdfbox/pdmodel/font/PDType1CFont.java,,,,,,,,,,,,,,,,,,,,,,,,,1,19,0,19,3,9,0,8,4,6,10,2,9,4,4,4,4,,,,,,2,,0,00,4,4,4,4
Public Method,"org.apache.pdfbox.pdmodel.font.PDType1CFont.getStringWidth(String)",pdfbox/src/main/java/org/apache/pdfbox/pdmodel/font/PDType1CFont.java,,,,,,,,,,,,,,,,,,,,,,,,,3,17,0,17,5,9,0,8,3,9,12,5,9,3,3,3,1,,,,,,1,,0,00,3,3,3,1
Public Method,"org.apache.pdfbox.pdmodel.font.PDType1CFont.getWidthFromFont(int)",pdfbox/src/main/java/org/apache/pdfbox/pdmodel/font/PDType1CFont.java,,,,,,,,,,,,,,,,,,,,,,,,,3,11,1,10,5,6,0,6,1,6,7,4,6,1,1,1,1,,,,,,0,,0,00,1,1,1,1
Public Method,"org.apache.pdfbox.pdmodel.font.PDType1CFont.hasGlyph(String)",pdfbox/src/main/java/org/apache/pdfbox/pdmodel/font/PDType1CFont.java,,,,,,,,,,,,,,,,,,,,,,,,,6,5,0,5,2,1,0,2,1,1,2,1,1,1,1,1,1,,,,,,0,,0,00,1,1,1,1
Public Method,"org.apache.pdfbox.pdmodel.font.PDType1CFont.hasGlyph(int)",pdfbox/src/main/java/org/apache/pdfbox/pdmodel/font/PDType1CFont.java,,,,,,,,,,,,,,,,,,,,,,,,,1,15,0,15,3,7,0,6,3,5,8,2,7,3,3,3,3,,,,,,1,,0,00,3,3,3,3
Public Method,"org.apache.pdfbox.pdmodel.font.PDType1CFont.isDamaged()",pdfbox/src/main/java/org/apache/pdfbox/pdmodel/font/PDType1CFont.java,,,,,,,,,,,,,,,,,,,,,,,,,1,5,0,5,2,1,0,1,1,1,2,1,1,1,1,1,1,,,,,,0,,0,00,1,1,1,1
Public Method,"org.apache.pdfbox.pdmodel.font.PDType1CFont.isEmbedded()",pdfbox/src/main/java/org/apache/pdfbox/pdmodel/font/PDType1CFont.java,,,,,,,,,,,,,,,,,,,,,,,,,4,5,0,5,2,1,0,1,1,1,2,1,1,1,1,1,1,,,,,,0,,0,00,1,1,1,1
Public Method,"org.apache.pdfbox.pdmodel.font.PDType1CFont.readCode(InputStream)",pdfbox/src/main/java/org/apache/pdfbox/pdmodel/font/PDType1CFont.java,,,,,,,,,,,,,,,,,,,,,,,,,1,5,0,5,2,1,0,2,1,1,2,1,1,1,1,1,1,,,,,,0,,0,00,1,1,1,1
Protected Method,"org.apache.pdfbox.pdmodel.font.PDType1CFont.readEncodingFromFont()",pdfbox/src/main/java/org/apache/pdfbox/pdmodel/font/PDType1CFont.java,,,,,,,,,,,,,,,,,,,,,,,,,2,22,0,19,2,7,3,6,3,3,6,1,5,3,3,4,3,,,,,,2,,0,16,3,3,4,3
Public Class,"org.apache.pdfbox.pdmodel.font.PDType1Font",pdfbox/src/main/java/org/apache/pdfbox/pdmodel/font/PDType1Font.java,2,2,3,1,19,0,15,2,2,48,1,,1,3,,,28,8,29,100,0,5,2,22,,644,58,485,98,246,103,,,169,247,78,204,,,,,12,12,14,8,3,5,85,0,21,81,80,103,44
Public Constructor,"org.apache.pdfbox.pdmodel.font.PDType1Font.PDType1Font(COSDictionary)",pdfbox/src/main/java/org/apache/pdfbox/pdmodel/font/PDType1Font.java,,,,,,,,,,,,,,,,,,,,,,,,,13,101,7,80,14,49,14,32,81,33,44,13,41,12,12,14,1,,,,,,5,,0,17,12,12,14,1
Public Constructor,"org.apache.pdfbox.pdmodel.font.PDType1Font.PDType1Font(FontName)",pdfbox/src/main/java/org/apache/pdfbox/pdmodel/font/PDType1Font.java,,,,,,,,,,,,,,,,,,,,,,,,,54,50,3,41,4,29,6,21,9,21,25,3,23,5,4,5,1,,,,,,2,,0,15,5,4,5,1
Public Constructor,"org.apache.pdfbox.pdmodel.font.PDType1Font.PDType1Font(PDDocument,InputStream)",pdfbox/src/main/java/org/apache/pdfbox/pdmodel/font/PDType1Font.java,,,,,,,,,,,,,,,,,,,,,,,,,3,11,0,4,1,1,7,2,1,1,2,1,1,1,1,1,1,,,,,,0,,1,75,1,1,1,1
Public Constructor,"org.apache.pdfbox.pdmodel.font.PDType1Font.PDType1Font(PDDocument,InputStream,Encoding)",pdfbox/src/main/java/org/apache/pdfbox/pdmodel/font/PDType1Font.java,,,,,,,,,,,,,,,,,,,,,,,,,6,19,0,11,2,8,8,13,1,8,9,2,8,2,2,2,1,,,,,,0,,0,73,2,2,2,1
Public Method,"org.apache.pdfbox.pdmodel.font.PDType1Font.codeToName(int)",pdfbox/src/main/java/org/apache/pdfbox/pdmodel/font/PDType1Font.java,,,,,,,,,,,,,,,,,,,,,,,,,3,5,0,5,2,2,0,4,1,2,3,2,2,2,2,2,1,,,,,,0,,0,00,2,2,2,1
Protected Method,"org.apache.pdfbox.pdmodel.font.PDType1Font.encode(int)",pdfbox/src/main/java/org/apache/pdfbox/pdmodel/font/PDType1Font.java,,,,,,,,,,,,,,,,,,,,,,,,,4,56,4,50,7,30,2,16,17,14,22,6,21,8,8,9,1,,,,,,2,,0,04,8,8,9,1
Private Static Method,"org.apache.pdfbox.pdmodel.font.PDType1Font.findBinaryOffsetAfterExec(byte[],int)",pdfbox/src/main/java/org/apache/pdfbox/pdmodel/font/PDType1Font.java,,,,,,,,,,,,,,,,,,,,,,,,,4,24,0,23,2,14,1,1,4,6,10,2,8,4,4,11,3,,,,,,3,,0,04,4,4,11,3
Private Method,"org.apache.pdfbox.pdmodel.font.PDType1Font.generateBoundingBox()",pdfbox/src/main/java/org/apache/pdfbox/pdmodel/font/PDType1Font.java,,,,,,,,,,,,,,,,,,,,,,,,,2,12,0,12,2,6,0,10,3,3,6,2,5,3,3,3,3,,,,,,2,,0,00,3,3,3,3
Public Method,"org.apache.pdfbox.pdmodel.font.PDType1Font.getAverageFontWidth()",pdfbox/src/main/java/org/apache/pdfbox/pdmodel/font/PDType1Font.java,,,,,,,,,,,,,,,,,,,,,,,,,0,12,0,12,2,4,0,4,2,2,4,1,3,2,2,2,1,,,,,,1,,0,00,2,2,2,1
Public Final Method,"org.apache.pdfbox.pdmodel.font.PDType1Font.getBaseFont()",pdfbox/src/main/java/org/apache/pdfbox/pdmodel/font/PDType1Font.java,,,,,,,,,,,,,,,,,,,,,,,,,5,7,0,4,1,1,3,2,1,1,2,1,1,1,1,1,1,,,,,,0,,0,75,1,1,1,1
Public Method,"org.apache.pdfbox.pdmodel.font.PDType1Font.getBoundingBox()",pdfbox/src/main/java/org/apache/pdfbox/pdmodel/font/PDType1Font.java,,,,,,,,,,,,,,,,,,,,,,,,,1,9,0,9,2,3,0,3,2,2,4,1,3,2,2,2,1,,,,,,1,,0,00,2,2,2,1
Public Method,"org.apache.pdfbox.pdmodel.font.PDType1Font.getFontBoxFont()",pdfbox/src/main/java/org/apache/pdfbox/pdmodel/font/PDType1Font.java,,,,,,,,,,,,,,,,,,,,,,,,,2,5,0,5,2,1,0,1,1,1,2,1,1,1,1,1,1,,,,,,0,,0,00,1,1,1,1
Public Final Method,"org.apache.pdfbox.pdmodel.font.PDType1Font.getFontMatrix()",pdfbox/src/main/java/org/apache/pdfbox/pdmodel/font/PDType1Font.java,,,,,,,,,,,,,,,,,,,,,,,,,6,32,1,29,3,15,2,9,5,7,11,2,9,4,4,5,3,,,,,,2,,0,07,4,4,5,3
Public Method,"org.apache.pdfbox.pdmodel.font.PDType1Font.getHeight(int)",pdfbox/src/main/java/org/apache/pdfbox/pdmodel/font/PDType1Font.java,,,,,,,,,,,,,,,,,,,,,,,,,2,16,1,14,4,6,2,9,2,4,6,3,5,2,2,2,1,,,,,,1,,0,14,2,2,2,1
Public Method,"org.apache.pdfbox.pdmodel.font.PDType1Font.getName()",pdfbox/src/main/java/org/apache/pdfbox/pdmodel/font/PDType1Font.java,,,,,,,,,,,,,,,,,,,,,,,,,3,5,0,5,2,1,0,2,1,1,2,1,1,1,1,1,1,,,,,,0,,0,00,1,1,1,1
Private Method,"org.apache.pdfbox.pdmodel.font.PDType1Font.getNameInFont(String)",pdfbox/src/main/java/org/apache/pdfbox/pdmodel/font/PDType1Font.java,,,,,,,,,,,,,,,,,,,,,,,,,8,48,3,34,5,17,11,12,8,10,18,5,17,8,8,12,8,,,,,,4,,0,32,8,8,12,8
Public Method,"org.apache.pdfbox.pdmodel.font.PDType1Font.getNormalizedPath(int)",pdfbox/src/main/java/org/apache/pdfbox/pdmodel/font/PDType1Font.java,,,,,,,,,,,,,,,,,,,,,,,,,1,11,0,11,4,5,0,4,2,4,6,3,5,2,2,2,1,,,,,,1,,0,00,2,2,2,1
Public Method,"org.apache.pdfbox.pdmodel.font.PDType1Font.getPath(String)",pdfbox/src/main/java/org/apache/pdfbox/pdmodel/font/PDType1Font.java,,,,,,,,,,,,,,,,,,,,,,,,,6,14,0,12,2,4,2,5,2,2,4,1,3,2,2,3,1,,,,,,1,,0,17,2,2,3,1
Public Method,"org.apache.pdfbox.pdmodel.font.PDType1Font.getPath(int)",pdfbox/src/main/java/org/apache/pdfbox/pdmodel/font/PDType1Font.java,,,,,,,,,,,,,,,,,,,,,,,,,1,6,0,6,3,2,0,4,1,2,3,2,2,1,1,1,1,,,,,,0,,0,00,1,1,1,1
Public Method,"org.apache.pdfbox.pdmodel.font.PDType1Font.getType1Font()",pdfbox/src/main/java/org/apache/pdfbox/pdmodel/font/PDType1Font.java,,,,,,,,,,,,,,,,,,,,,,,,,2,7,0,4,1,1,3,1,1,1,2,1,1,1,1,1,1,,,,,,0,,0,75,1,1,1,1
Public Method,"org.apache.pdfbox.pdmodel.font.PDType1Font.getWidthFromFont(int)",pdfbox/src/main/java/org/apache/pdfbox/pdmodel/font/PDType1Font.java,,,,,,,,,,,,,,,,,,,,,,,,,4,16,2,13,5,7,1,6,2,6,8,4,7,2,2,3,1,,,,,,1,,0,08,2,2,3,1
Public Method,"org.apache.pdfbox.pdmodel.font.PDType1Font.hasGlyph(String)",pdfbox/src/main/java/org/apache/pdfbox/pdmodel/font/PDType1Font.java,,,,,,,,,,,,,,,,,,,,,,,,,2,5,0,5,2,1,0,3,1,1,2,1,1,1,1,1,1,,,,,,0,,0,00,1,1,1,1
Public Method,"org.apache.pdfbox.pdmodel.font.PDType1Font.hasGlyph(int)",pdfbox/src/main/java/org/apache/pdfbox/pdmodel/font/PDType1Font.java,,,,,,,,,,,,,,,,,,,,,,,,,1,5,0,5,2,1,0,4,1,1,2,1,1,1,1,1,1,,,,,,0,,0,00,1,1,1,1
Public Method,"org.apache.pdfbox.pdmodel.font.PDType1Font.isDamaged()",pdfbox/src/main/java/org/apache/pdfbox/pdmodel/font/PDType1Font.java,,,,,,,,,,,,,,,,,,,,,,,,,1,5,0,5,2,1,0,1,1,1,2,1,1,1,1,1,1,,,,,,0,,0,00,1,1,1,1
Public Method,"org.apache.pdfbox.pdmodel.font.PDType1Font.isEmbedded()",pdfbox/src/main/java/org/apache/pdfbox/pdmodel/font/PDType1Font.java,,,,,,,,,,,,,,,,,,,,,,,,,3,5,0,5,2,1,0,1,1,1,2,1,1,1,1,1,1,,,,,,0,,0,00,1,1,1,1
Public Method,"org.apache.pdfbox.pdmodel.font.PDType1Font.readCode(InputStream)",pdfbox/src/main/java/org/apache/pdfbox/pdmodel/font/PDType1Font.java,,,,,,,,,,,,,,,,,,,,,,,,,1,5,0,5,2,1,0,2,1,1,2,1,1,1,1,1,1,,,,,,0,,0,00,1,1,1,1
Protected Method,"org.apache.pdfbox.pdmodel.font.PDType1Font.readEncodingFromFont()",pdfbox/src/main/java/org/apache/pdfbox/pdmodel/font/PDType1Font.java,,,,,,,,,,,,,,,,,,,,,,,,,2,22,0,19,2,7,3,6,3,3,6,1,5,3,3,4,3,,,,,,2,,0,16,3,3,4,3
Private Method,"org.apache.pdfbox.pdmodel.font.PDType1Font.repairLength1(byte[],int)",pdfbox/src/main/java/org/apache/pdfbox/pdmodel/font/PDType1Font.java,,,,,,,,,,,,,,,,,,,,,,,,,5,35,3,22,2,11,10,6,12,7,12,2,11,5,5,8,1,,,,,,2,,0,45,5,5,8,1
Private Method,"org.apache.pdfbox.pdmodel.font.PDType1Font.repairLength2(byte[],int,int)",pdfbox/src/main/java/org/apache/pdfbox/pdmodel/font/PDType1Font.java,,,,,,,,,,,,,,,,,,,,,,,,,6,20,0,9,1,4,11,3,2,3,5,1,4,2,2,3,1,,,,,,1,,1,22,2,2,3,1
Class,"org.apache.pdfbox.pdmodel.font.PDType1FontEmbedder",pdfbox/src/main/java/org/apache/pdfbox/pdmodel/font/PDType1FontEmbedder.java,1,1,1,1,20,1,14,5,1,23,0,,2,0,,,4,2,6,18,3,0,0,3,,141,15,90,22,58,38,,,60,70,23,59,,,,,4,4,4,1,1,1,66,0,42,9,9,9,6
Constructor,"org.apache.pdfbox.pdmodel.font.PDType1FontEmbedder.PDType1FontEmbedder(PDDocument,COSDictionary,InputStream,Encoding)",pdfbox/src/main/java/org/apache/pdfbox/pdmodel/font/PDType1FontEmbedder.java,,,,,,,,,,,,,,,,,,,,,,,,,17,56,7,37,9,25,12,27,8,25,29,10,26,4,4,4,1,,,,,,1,,0,32,4,4,4,1
Static Method,"org.apache.pdfbox.pdmodel.font.PDType1FontEmbedder.buildFontDescriptor(FontMetrics)",pdfbox/src/main/java/org/apache/pdfbox/pdmodel/font/PDType1FontEmbedder.java,,,,,,,,,,,,,,,,,,,,,,,,,3,25,1,19,3,16,6,28,1,16,17,3,16,1,1,1,1,,,,,,0,,0,32,1,1,1,1
Static Method,"org.apache.pdfbox.pdmodel.font.PDType1FontEmbedder.buildFontDescriptor(Type1Font)",pdfbox/src/main/java/org/apache/pdfbox/pdmodel/font/PDType1FontEmbedder.java,,,,,,,,,,,,,,,,,,,,,,,,,2,23,1,17,4,14,6,23,1,14,15,4,14,1,1,1,1,,,,,,0,,0,35,1,1,1,1
Public Method,"org.apache.pdfbox.pdmodel.font.PDType1FontEmbedder.getFontEncoding()",pdfbox/src/main/java/org/apache/pdfbox/pdmodel/font/PDType1FontEmbedder.java,,,,,,,,,,,,,,,,,,,,,,,,,2,7,0,4,1,1,3,1,1,1,2,1,1,1,1,1,1,,,,,,0,,0,75,1,1,1,1
Public Method,"org.apache.pdfbox.pdmodel.font.PDType1FontEmbedder.getGlyphList()",pdfbox/src/main/java/org/apache/pdfbox/pdmodel/font/PDType1FontEmbedder.java,,,,,,,,,,,,,,,,,,,,,,,,,1,7,0,4,1,1,3,2,1,1,2,1,1,1,1,1,1,,,,,,0,,0,75,1,1,1,1
Public Method,"org.apache.pdfbox.pdmodel.font.PDType1FontEmbedder.getType1Font()",pdfbox/src/main/java/org/apache/pdfbox/pdmodel/font/PDType1FontEmbedder.java,,,,,,,,,,,,,,,,,,,,,,,,,2,7,0,4,1,1,3,1,1,1,2,1,1,1,1,1,1,,,,,,0,,0,75,1,1,1,1
Public Final Class,"org.apache.pdfbox.pdmodel.font.PDType3CharProc",pdfbox/src/main/java/org/apache/pdfbox/pdmodel/font/PDType3CharProc.java,1,1,2,1,11,0,10,1,3,22,0,,0,1,,,12,2,12,24,0,1,0,11,,160,13,127,29,52,20,,,38,61,24,45,,,,,6,6,7,6,1,5,54,0,16,22,22,24,21
Public Constructor,"org.apache.pdfbox.pdmodel.font.PDType3CharProc.PDType3CharProc(PDType3Font,COSStream)",pdfbox/src/main/java/org/apache/pdfbox/pdmodel/font/PDType3CharProc.java,,,,,,,,,,,,,,,,,,,,,,,,,4,5,0,5,1,2,0,3,1,2,3,1,2,1,1,1,1,,,,,,0,,0,00,1,1,1,1
Public Method,"org.apache.pdfbox.pdmodel.font.PDType3CharProc.getBBox()",pdfbox/src/main/java/org/apache/pdfbox/pdmodel/font/PDType3CharProc.java,,,,,,,,,,,,,,,,,,,,,,,,,1,5,0,5,2,1,0,2,1,1,2,1,1,1,1,1,1,,,,,,0,,0,00,1,1,1,1
Public Method,"org.apache.pdfbox.pdmodel.font.PDType3CharProc.getCOSObject()",pdfbox/src/main/java/org/apache/pdfbox/pdmodel/font/PDType3CharProc.java,,,,,,,,,,,,,,,,,,,,,,,,,2,5,0,5,2,1,0,1,1,1,2,1,1,1,1,1,1,,,,,,0,,0,00,1,1,1,1
Public Method,"org.apache.pdfbox.pdmodel.font.PDType3CharProc.getContentStream()",pdfbox/src/main/java/org/apache/pdfbox/pdmodel/font/PDType3CharProc.java,,,,,,,,,,,,,,,,,,,,,,,,,1,4,0,4,1,1,0,2,1,1,2,1,1,1,1,1,1,,,,,,0,,0,00,1,1,1,1
Public Method,"org.apache.pdfbox.pdmodel.font.PDType3CharProc.getContents()",pdfbox/src/main/java/org/apache/pdfbox/pdmodel/font/PDType3CharProc.java,,,,,,,,,,,,,,,,,,,,,,,,,1,5,0,5,2,1,0,2,1,1,2,1,1,1,1,1,1,,,,,,0,,0,00,1,1,1,1
Public Method,"org.apache.pdfbox.pdmodel.font.PDType3CharProc.getContentsForRandomAccess()",pdfbox/src/main/java/org/apache/pdfbox/pdmodel/font/PDType3CharProc.java,,,,,,,,,,,,,,,,,,,,,,,,,1,5,0,5,2,1,0,2,1,1,2,1,1,1,1,1,1,,,,,,0,,0,00,1,1,1,1
Public Method,"org.apache.pdfbox.pdmodel.font.PDType3CharProc.getFont()",pdfbox/src/main/java/org/apache/pdfbox/pdmodel/font/PDType3CharProc.java,,,,,,,,,,,,,,,,,,,,,,,,,1,4,0,4,1,1,0,1,1,1,2,1,1,1,1,1,1,,,,,,0,,0,00,1,1,1,1
Public Method,"org.apache.pdfbox.pdmodel.font.PDType3CharProc.getGlyphBBox()",pdfbox/src/main/java/org/apache/pdfbox/pdmodel/font/PDType3CharProc.java,,,,,,,,,,,,,,,,,,,,,,,,,5,44,0,37,4,20,7,11,6,11,17,5,15,6,6,7,6,,,,,,5,,0,19,6,6,7,6
Public Method,"org.apache.pdfbox.pdmodel.font.PDType3CharProc.getMatrix()",pdfbox/src/main/java/org/apache/pdfbox/pdmodel/font/PDType3CharProc.java,,,,,,,,,,,,,,,,,,,,,,,,,2,5,0,5,2,1,0,2,1,1,2,1,1,1,1,1,1,,,,,,0,,0,00,1,1,1,1
Public Method,"org.apache.pdfbox.pdmodel.font.PDType3CharProc.getResources()",pdfbox/src/main/java/org/apache/pdfbox/pdmodel/font/PDType3CharProc.java,,,,,,,,,,,,,,,,,,,,,,,,,4,12,0,11,2,5,1,6,2,4,6,1,5,2,2,2,1,,,,,,1,,0,09,2,2,2,1
Public Method,"org.apache.pdfbox.pdmodel.font.PDType3CharProc.getWidth()",pdfbox/src/main/java/org/apache/pdfbox/pdmodel/font/PDType3CharProc.java,,,,,,,,,,,,,,,,,,,,,,,,,1,26,0,19,4,10,7,7,3,7,10,4,9,3,3,3,3,,,,,,2,,0,37,3,3,3,3
Private Method,"org.apache.pdfbox.pdmodel.font.PDType3CharProc.parseWidth(Operator,List<COSBase>)",pdfbox/src/main/java/org/apache/pdfbox/pdmodel/font/PDType3CharProc.java,,,,,,,,,,,,,,,,,,,,,,,,,3,16,0,16,2,7,0,8,3,4,7,2,6,3,3,4,3,,,,,,2,,0,00,3,3,4,3
Public Class,"org.apache.pdfbox.pdmodel.font.PDType3Font",pdfbox/src/main/java/org/apache/pdfbox/pdmodel/font/PDType3Font.java,2,2,2,1,11,0,10,1,1,33,0,,0,1,,,26,5,26,97,0,2,4,20,,353,27,277,72,115,49,,,81,135,55,100,,,,,8,8,8,8,3,6,95,0,18,57,57,63,36
Public Constructor,"org.apache.pdfbox.pdmodel.font.PDType3Font.PDType3Font(COSDictionary)",pdfbox/src/main/java/org/apache/pdfbox/pdmodel/font/PDType3Font.java,,,,,,,,,,,,,,,,,,,,,,,,,1,9,0,4,1,1,5,2,1,1,2,1,1,1,1,1,1,,,,,,0,,1,25,1,1,1,1
Public Constructor,"org.apache.pdfbox.pdmodel.font.PDType3Font.PDType3Font(COSDictionary,ResourceCache)",pdfbox/src/main/java/org/apache/pdfbox/pdmodel/font/PDType3Font.java,,,,,,,,,,,,,,,,,,,,,,,,,4,12,0,6,1,3,6,4,1,3,4,1,3,1,1,1,1,,,,,,0,,1,00,1,1,1,1
Private Method,"org.apache.pdfbox.pdmodel.font.PDType3Font.checkFontMatrixValues(COSArray)",pdfbox/src/main/java/org/apache/pdfbox/pdmodel/font/PDType3Font.java,,,,,,,,,,,,,,,,,,,,,,,,,3,5,0,5,1,2,0,5,1,1,2,1,1,1,1,3,1,,,,,,0,,0,00,1,1,3,1
Protected Method,"org.apache.pdfbox.pdmodel.font.PDType3Font.encode(int)",pdfbox/src/main/java/org/apache/pdfbox/pdmodel/font/PDType3Font.java,,,,,,,,,,,,,,,,,,,,,,,,,0,5,0,5,2,1,0,2,1,1,2,1,1,1,1,1,1,,,,,,0,,0,00,1,1,1,1
Private Method,"org.apache.pdfbox.pdmodel.font.PDType3Font.generateBoundingBox()",pdfbox/src/main/java/org/apache/pdfbox/pdmodel/font/PDType3Font.java,,,,,,,,,,,,,,,,,,,,,,,,,3,50,0,48,6,29,2,22,8,14,23,7,21,8,8,8,8,,,,,,6,,0,04,8,8,8,8
Public Method,"org.apache.pdfbox.pdmodel.font.PDType3Font.getBoundingBox()",pdfbox/src/main/java/org/apache/pdfbox/pdmodel/font/PDType3Font.java,,,,,,,,,,,,,,,,,,,,,,,,,5,9,0,9,2,3,0,3,2,2,4,1,3,2,2,2,1,,,,,,1,,0,00,2,2,2,1
Public Method,"org.apache.pdfbox.pdmodel.font.PDType3Font.getCharProc(int)",pdfbox/src/main/java/org/apache/pdfbox/pdmodel/font/PDType3Font.java,,,,,,,,,,,,,,,,,,,,,,,,,9,16,0,10,3,5,6,7,2,4,6,3,5,3,3,4,1,,,,,,1,,0,60,3,3,4,1
Public Method,"org.apache.pdfbox.pdmodel.font.PDType3Font.getCharProcs()",pdfbox/src/main/java/org/apache/pdfbox/pdmodel/font/PDType3Font.java,,,,,,,,,,,,,,,,,,,,,,,,,6,13,0,8,1,3,5,3,2,2,4,1,3,2,2,2,1,,,,,,1,,0,62,2,2,2,1
Public Method,"org.apache.pdfbox.pdmodel.font.PDType3Font.getDisplacement(int)",pdfbox/src/main/java/org/apache/pdfbox/pdmodel/font/PDType3Font.java,,,,,,,,,,,,,,,,,,,,,,,,,1,5,0,5,2,1,0,5,1,1,2,1,1,1,1,1,1,,,,,,0,,0,00,1,1,1,1
Public Method,"org.apache.pdfbox.pdmodel.font.PDType3Font.getFontBBox()",pdfbox/src/main/java/org/apache/pdfbox/pdmodel/font/PDType3Font.java,,,,,,,,,,,,,,,,,,,,,,,,,4,10,0,5,2,2,5,3,1,2,3,2,2,2,2,2,1,,,,,,0,,1,00,2,2,2,1
Public Method,"org.apache.pdfbox.pdmodel.font.PDType3Font.getFontBoxFont()",pdfbox/src/main/java/org/apache/pdfbox/pdmodel/font/PDType3Font.java,,,,,,,,,,,,,,,,,,,,,,,,,0,6,0,5,2,1,1,2,1,1,2,1,1,1,1,1,1,,,,,,0,,0,20,1,1,1,1
Public Method,"org.apache.pdfbox.pdmodel.font.PDType3Font.getFontMatrix()",pdfbox/src/main/java/org/apache/pdfbox/pdmodel/font/PDType3Font.java,,,,,,,,,,,,,,,,,,,,,,,,,6,11,0,11,3,5,0,6,2,3,5,2,4,3,3,3,1,,,,,,1,,0,00,3,3,3,1
Public Method,"org.apache.pdfbox.pdmodel.font.PDType3Font.getHeight(int)",pdfbox/src/main/java/org/apache/pdfbox/pdmodel/font/PDType3Font.java,,,,,,,,,,,,,,,,,,,,,,,,,0,35,0,32,5,16,3,9,25,10,17,4,15,7,7,7,1,,,,,,3,,0,09,7,7,7,1
Public Method,"org.apache.pdfbox.pdmodel.font.PDType3Font.getName()",pdfbox/src/main/java/org/apache/pdfbox/pdmodel/font/PDType3Font.java,,,,,,,,,,,,,,,,,,,,,,,,,10,5,0,5,2,1,0,2,1,1,2,1,1,1,1,1,1,,,,,,0,,0,00,1,1,1,1
Public Method,"org.apache.pdfbox.pdmodel.font.PDType3Font.getPath(String)",pdfbox/src/main/java/org/apache/pdfbox/pdmodel/font/PDType3Font.java,,,,,,,,,,,,,,,,,,,,,,,,,0,6,0,5,2,1,1,2,1,1,2,1,1,1,1,1,1,,,,,,0,,0,20,1,1,1,1
Public Method,"org.apache.pdfbox.pdmodel.font.PDType3Font.getResources()",pdfbox/src/main/java/org/apache/pdfbox/pdmodel/font/PDType3Font.java,,,,,,,,,,,,,,,,,,,,,,,,,5,17,0,12,2,5,5,4,3,3,6,2,5,3,3,3,1,,,,,,2,,0,42,3,3,3,1
Public Method,"org.apache.pdfbox.pdmodel.font.PDType3Font.getWidth(int)",pdfbox/src/main/java/org/apache/pdfbox/pdmodel/font/PDType3Font.java,,,,,,,,,,,,,,,,,,,,,,,,,5,28,0,28,7,14,0,9,4,9,13,6,12,5,5,7,4,,,,,,2,,0,00,5,5,7,4
Public Method,"org.apache.pdfbox.pdmodel.font.PDType3Font.getWidthFromFont(int)",pdfbox/src/main/java/org/apache/pdfbox/pdmodel/font/PDType3Font.java,,,,,,,,,,,,,,,,,,,,,,,,,2,10,0,10,3,4,0,5,2,3,5,2,4,2,2,3,1,,,,,,1,,0,00,2,2,3,1
Public Method,"org.apache.pdfbox.pdmodel.font.PDType3Font.hasGlyph(String)",pdfbox/src/main/java/org/apache/pdfbox/pdmodel/font/PDType3Font.java,,,,,,,,,,,,,,,,,,,,,,,,,1,6,0,6,2,2,0,4,1,1,2,1,1,2,2,2,1,,,,,,0,,0,00,2,2,2,1
Public Method,"org.apache.pdfbox.pdmodel.font.PDType3Font.isDamaged()",pdfbox/src/main/java/org/apache/pdfbox/pdmodel/font/PDType3Font.java,,,,,,,,,,,,,,,,,,,,,,,,,0,6,0,5,2,1,1,1,1,1,2,1,1,1,1,1,1,,,,,,0,,0,20,1,1,1,1
Public Method,"org.apache.pdfbox.pdmodel.font.PDType3Font.isEmbedded()",pdfbox/src/main/java/org/apache/pdfbox/pdmodel/font/PDType3Font.java,,,,,,,,,,,,,,,,,,,,,,,,,0,5,0,5,2,1,0,1,1,1,2,1,1,1,1,1,1,,,,,,0,,0,00,1,1,1,1
Protected Method,"org.apache.pdfbox.pdmodel.font.PDType3Font.isFontSymbolic()",pdfbox/src/main/java/org/apache/pdfbox/pdmodel/font/PDType3Font.java,,,,,,,,,,,,,,,,,,,,,,,,,0,5,0,5,2,1,0,1,1,1,2,1,1,1,1,1,1,,,,,,0,,0,00,1,1,1,1
Public Method,"org.apache.pdfbox.pdmodel.font.PDType3Font.isStandard14()",pdfbox/src/main/java/org/apache/pdfbox/pdmodel/font/PDType3Font.java,,,,,,,,,,,,,,,,,,,,,,,,,0,5,0,5,2,1,0,1,1,1,2,1,1,1,1,1,1,,,,,,0,,0,00,1,1,1,1
Public Method,"org.apache.pdfbox.pdmodel.font.PDType3Font.readCode(InputStream)",pdfbox/src/main/java/org/apache/pdfbox/pdmodel/font/PDType3Font.java,,,,,,,,,,,,,,,,,,,,,,,,,1,5,0,5,2,1,0,2,1,1,2,1,1,1,1,1,1,,,,,,0,,0,00,1,1,1,1
Protected Final Method,"org.apache.pdfbox.pdmodel.font.PDType3Font.readEncoding()",pdfbox/src/main/java/org/apache/pdfbox/pdmodel/font/PDType3Font.java,,,,,,,,,,,,,,,,,,,,,,,,,5,19,0,19,4,9,0,8,4,6,10,3,8,4,4,4,1,,,,,,2,,0,00,4,4,4,1
Protected Method,"org.apache.pdfbox.pdmodel.font.PDType3Font.readEncodingFromFont()",pdfbox/src/main/java/org/apache/pdfbox/pdmodel/font/PDType3Font.java,,,,,,,,,,,,,,,,,,,,,,,,,0,6,0,5,2,1,1,2,1,1,2,1,1,1,1,1,1,,,,,,0,,0,20,1,1,1,1
Public Interface,"org.apache.pdfbox.pdmodel.font.PDVectorFont",pdfbox/src/main/java/org/apache/pdfbox/pdmodel/font/PDVectorFont.java,0,0,0,0,0,0,0,0,0,2,5,,0,0,,,3,0,3,3,3,0,0,0,,27,2,6,4,0,19,,,3,4,4,0,,,,,0,0,0,0,0,0,0,3,17,0,0,0,0
Abstract Method,"org.apache.pdfbox.pdmodel.font.PDVectorFont.getNormalizedPath(int)",pdfbox/src/main/java/org/apache/pdfbox/pdmodel/font/PDVectorFont.java,,,,,,,,,,,,,,,,,,,,,,,,,3,9,0,1,1,0,8,1,0,1,1,1,0,0,0,0,0,,,,,,0,,8,00,0,0,0,0
Abstract Method,"org.apache.pdfbox.pdmodel.font.PDVectorFont.getPath(int)",pdfbox/src/main/java/org/apache/pdfbox/pdmodel/font/PDVectorFont.java,,,,,,,,,,,,,,,,,,,,,,,,,6,7,0,1,1,0,6,1,0,1,1,1,0,0,0,0,0,,,,,,0,,6,00,0,0,0,0
Abstract Method,"org.apache.pdfbox.pdmodel.font.PDVectorFont.hasGlyph(int)",pdfbox/src/main/java/org/apache/pdfbox/pdmodel/font/PDVectorFont.java,,,,,,,,,,,,,,,,,,,,,,,,,3,6,0,1,1,0,5,1,0,1,1,1,0,0,0,0,0,,,,,,0,,5,00,0,0,0,0
Public Final Class,"org.apache.pdfbox.pdmodel.font.Standard14Fonts",pdfbox/src/main/java/org/apache/pdfbox/pdmodel/font/Standard14Fonts.java,2,2,2,1,16,0,10,5,1,22,0,,10,3,,,1,0,11,23,0,6,0,5,,313,24,198,47,93,104,,,75,108,31,91,,,,,9,9,10,9,1,5,0,0,53,27,27,28,19
Public Enum Type,"org.apache.pdfbox.pdmodel.font.Standard14Fonts.FontName",pdfbox/src/main/java/org/apache/pdfbox/pdmodel/font/Standard14Fonts.java,0,0,0,0,2,0,2,0,1,2,0,,0,0,,,5,15,5,31,0,1,0,4,,38,4,31,20,3,16,,,5,8,5,3,,,,,1,1,1,1,1,0,,0,52,3,3,3,3
Private Constructor,"org.apache.pdfbox.pdmodel.font.Standard14Fonts.FontName.FontName(String)",pdfbox/src/main/java/org/apache/pdfbox/pdmodel/font/Standard14Fonts.java,,,,,,,,,,,,,,,,,,,,,,,,,1,4,0,4,1,1,0,2,1,1,2,1,1,1,1,1,1,,,,,,0,,0,00,1,1,1,1
Public Method,"org.apache.pdfbox.pdmodel.font.Standard14Fonts.FontName.getName()",pdfbox/src/main/java/org/apache/pdfbox/pdmodel/font/Standard14Fonts.java,,,,,,,,,,,,,,,,,,,,,,,,,8,4,0,4,1,1,0,1,1,1,2,1,1,1,1,1,1,,,,,,0,,0,00,1,1,1,1
Public Method,"org.apache.pdfbox.pdmodel.font.Standard14Fonts.FontName.toString()",pdfbox/src/main/java/org/apache/pdfbox/pdmodel/font/Standard14Fonts.java,,,,,,,,,,,,,,,,,,,,,,,,,1,5,0,5,2,1,0,1,1,1,2,1,1,1,1,1,1,,,,,,0,,0,00,1,1,1,1
Public Implicit Method,"org.apache.pdfbox.pdmodel.font.Standard14Fonts.FontName.valueOf()",pdfbox/src/main/java/org/apache/pdfbox/pdmodel/font/Standard14Fonts.java,,,,,,,,,,,,,,,,,,,,,,,,,,,,,,,,,,,,,,,,,,,,,,,,,0,00,0,0,0,0
Public Implicit Method,"org.apache.pdfbox.pdmodel.font.Standard14Fonts.FontName.values()",pdfbox/src/main/java/org/apache/pdfbox/pdmodel/font/Standard14Fonts.java,,,,,,,,,,,,,,,,,,,,,,,,,,,,,,,,,,,,,,,,,,,,,,,,,0,00,0,0,0,0
Private Constructor,"org.apache.pdfbox.pdmodel.font.Standard14Fonts.Standard14Fonts()",pdfbox/src/main/java/org/apache/pdfbox/pdmodel/font/Standard14Fonts.java,,,,,,,,,,,,,,,,,,,,,,,,,0,3,0,3,1,0,0,1,1,0,1,1,0,1,1,1,1,,,,,,0,,0,00,1,1,1,1
Public Static Method,"org.apache.pdfbox.pdmodel.font.Standard14Fonts.containsName(String)",pdfbox/src/main/java/org/apache/pdfbox/pdmodel/font/Standard14Fonts.java,,,,,,,,,,,,,,,,,,,,,,,,,3,10,0,4,1,1,6,2,1,1,2,1,1,1,1,1,1,,,,,,0,,1,50,1,1,1,1
Public Static Method,"org.apache.pdfbox.pdmodel.font.Standard14Fonts.getAFM(String)",pdfbox/src/main/java/org/apache/pdfbox/pdmodel/font/Standard14Fonts.java,,,,,,,,,,,,,,,,,,,,,,,,,7,36,2,26,2,11,8,4,5,5,11,2,10,5,5,5,1,,,,,,3,,0,31,5,5,5,1
Private Static Method,"org.apache.pdfbox.pdmodel.font.Standard14Fonts.getGlyphList(FontName)",pdfbox/src/main/java/org/apache/pdfbox/pdmodel/font/Standard14Fonts.java,,,,,,,,,,,,,,,,,,,,,,,,,3,5,0,5,1,2,0,3,1,1,2,1,1,2,2,2,1,,,,,,0,,0,00,2,2,2,1
Public Static Method,"org.apache.pdfbox.pdmodel.font.Standard14Fonts.getGlyphPath(FontName,String)",pdfbox/src/main/java/org/apache/pdfbox/pdmodel/font/Standard14Fonts.java,,,,,,,,,,,,,,,,,,,,,,,,,11,45,0,36,6,17,9,14,12,9,18,6,17,9,9,10,9,,,,,,5,,0,25,9,9,10,9
Private Static Method,"org.apache.pdfbox.pdmodel.font.Standard14Fonts.getMappedFont(FontName)",pdfbox/src/main/java/org/apache/pdfbox/pdmodel/font/Standard14Fonts.java,,,,,,,,,,,,,,,,,,,,,,,,,3,21,0,15,2,6,6,6,3,3,7,2,6,3,3,3,1,,,,,,2,,0,40,3,3,3,1
Public Static Method,"org.apache.pdfbox.pdmodel.font.Standard14Fonts.getMappedFontName(String)",pdfbox/src/main/java/org/apache/pdfbox/pdmodel/font/Standard14Fonts.java,,,,,,,,,,,,,,,,,,,,,,,,,6,10,0,4,1,1,6,2,1,1,2,1,1,1,1,1,1,,,,,,0,,1,50,1,1,1,1
Public Static Method,"org.apache.pdfbox.pdmodel.font.Standard14Fonts.getNames()",pdfbox/src/main/java/org/apache/pdfbox/pdmodel/font/Standard14Fonts.java,,,,,,,,,,,,,,,,,,,,,,,,,2,7,0,4,1,1,3,3,1,1,2,1,1,1,1,1,1,,,,,,0,,0,75,1,1,1,1
Private Static Method,"org.apache.pdfbox.pdmodel.font.Standard14Fonts.loadMetrics(FontName)",pdfbox/src/main/java/org/apache/pdfbox/pdmodel/font/Standard14Fonts.java,,,,,,,,,,,,,,,,,,,,,,,,,3,22,0,15,5,8,7,7,2,6,9,5,8,2,2,2,1,,,,,,1,,0,47,2,2,2,1
Private Static Method,"org.apache.pdfbox.pdmodel.font.Standard14Fonts.mapName(FontName)",pdfbox/src/main/java/org/apache/pdfbox/pdmodel/font/Standard14Fonts.java,,,,,,,,,,,,,,,,,,,,,,,,,2,12,0,4,1,1,8,2,1,1,2,1,1,1,1,1,1,,,,,,0,,2,00,1,1,1,1
Private Static Method,"org.apache.pdfbox.pdmodel.font.Standard14Fonts.mapName(String,FontName)",pdfbox/src/main/java/org/apache/pdfbox/pdmodel/font/Standard14Fonts.java,,,,,,,,,,,,,,,,,,,,,,,,,3,11,0,4,1,1,7,1,1,1,2,1,1,1,1,1,1,,,,,,0,,1,75,1,1,1,1
Interface,"org.apache.pdfbox.pdmodel.font.Subsetter",pdfbox/src/main/java/org/apache/pdfbox/pdmodel/font/Subsetter.java,0,0,0,0,0,0,0,0,0,1,1,,0,0,,,2,0,2,2,2,0,0,0,,16,1,5,3,0,10,,,2,3,3,0,,,,,0,0,0,0,0,0,0,2,00,0,0,0,0
Abstract Method,"org.apache.pdfbox.pdmodel.font.Subsetter.addToSubset(int)",pdfbox/src/main/java/org/apache/pdfbox/pdmodel/font/Subsetter.java,,,,,,,,,,,,,,,,,,,,,,,,,0,6,0,1,1,0,5,0,0,1,1,1,0,0,0,0,0,,,,,,0,,5,00,0,0,0,0
Abstract Method,"org.apache.pdfbox.pdmodel.font.Subsetter.subset()",pdfbox/src/main/java/org/apache/pdfbox/pdmodel/font/Subsetter.java,,,,,,,,,,,,,,,,,,,,,,,,,0,6,0,1,1,0,5,0,0,1,1,1,0,0,0,0,0,,,,,,0,,5,00,0,0,0,0
Class,"org.apache.pdfbox.pdmodel.font.TestFontEmbedding",pdfbox/src/test/java/org/apache/pdfbox/pdmodel/font/TestFontEmbedding.java,1,1,1,1,35,3,25,8,1,37,0,,1,1,,,10,0,11,23,9,2,0,0,,439,50,295,101,194,100,,,177,212,87,177,,,,,2,2,2,1,1,2,0,0,34,15,15,15,11
Private Class,"org.apache.pdfbox.pdmodel.font.TestFontEmbedding.TrueTypeEmbedderTester",pdfbox/src/test/java/org/apache/pdfbox/pdmodel/font/TestFontEmbedding.java,1,1,1,1,8,0,5,3,1,8,0,,0,0,,,2,0,2,26,1,0,1,0,,21,2,13,6,1,6,,,1,4,3,1,,,,,1,1,1,1,2,0,0,0,46,2,2,2,2
Constructor,"org.apache.pdfbox.pdmodel.font.TestFontEmbedding.TrueTypeEmbedderTester.TrueTypeEmbedderTester(PDDocument,COSDictionary,TrueTypeFont,boolean)",pdfbox/src/test/java/org/apache/pdfbox/pdmodel/font/TestFontEmbedding.java,,,,,,,,,,,,,,,,,,,,,,,,,5,9,0,5,2,1,4,2,1,1,2,1,1,1,1,1,1,,,,,,0,,0,80,1,1,1,1
Protected Method,"org.apache.pdfbox.pdmodel.font.TestFontEmbedding.TrueTypeEmbedderTester.buildSubset(InputStream,String,Map<Integer,Integer>)",pdfbox/src/test/java/org/apache/pdfbox/pdmodel/font/TestFontEmbedding.java,,,,,,,,,,,,,,,,,,,,,,,,,0,7,0,5,3,0,2,0,1,0,1,1,0,1,1,1,1,,,,,,0,,0,40,1,1,1,1
Private Method,"org.apache.pdfbox.pdmodel.font.TestFontEmbedding.getUnicodeText(File)",pdfbox/src/test/java/org/apache/pdfbox/pdmodel/font/TestFontEmbedding.java,,,,,,,,,,,,,,,,,,,,,,,,,6,8,0,8,2,3,0,4,1,2,4,2,3,1,1,1,1,,,,,,1,,0,00,1,1,1,1
Static Method,"org.apache.pdfbox.pdmodel.font.TestFontEmbedding.setUp()",pdfbox/src/test/java/org/apache/pdfbox/pdmodel/font/TestFontEmbedding.java,,,,,,,,,,,,,,,,,,,,,,,,,1,5,0,5,2,1,0,1,1,1,2,1,1,1,1,1,1,,,,,,0,,0,00,1,1,1,1
Method,"org.apache.pdfbox.pdmodel.font.TestFontEmbedding.testBengali()",pdfbox/src/test/java/org/apache/pdfbox/pdmodel/font/TestFontEmbedding.java,,,,,,,,,,,,,,,,,,,,,,,,,3,46,7,35,12,25,4,19,2,21,25,10,20,2,2,2,1,,,,,,2,,0,11,2,2,2,1
Method,"org.apache.pdfbox.pdmodel.font.TestFontEmbedding.testCIDFontType2()",pdfbox/src/test/java/org/apache/pdfbox/pdmodel/font/TestFontEmbedding.java,,,,,,,,,,,,,,,,,,,,,,,,,0,10,0,5,2,1,5,1,1,1,2,1,1,1,1,1,1,,,,,,0,,1,00,1,1,1,1
Method,"org.apache.pdfbox.pdmodel.font.TestFontEmbedding.testCIDFontType2Subset()",pdfbox/src/test/java/org/apache/pdfbox/pdmodel/font/TestFontEmbedding.java,,,,,,,,,,,,,,,,,,,,,,,,,0,10,0,5,2,1,5,1,1,1,2,1,1,1,1,1,1,,,,,,0,,1,00,1,1,1,1
Method,"org.apache.pdfbox.pdmodel.font.TestFontEmbedding.testCIDFontType2VerticalSubsetMonospace()",pdfbox/src/test/java/org/apache/pdfbox/pdmodel/font/TestFontEmbedding.java,,,,,,,,,,,,,,,,,,,,,,,,,6,48,4,35,15,27,12,24,1,25,28,14,24,1,1,1,1,,,,,,2,,0,34,1,1,1,1
Method,"org.apache.pdfbox.pdmodel.font.TestFontEmbedding.testCIDFontType2VerticalSubsetProportional()",pdfbox/src/test/java/org/apache/pdfbox/pdmodel/font/TestFontEmbedding.java,,,,,,,,,,,,,,,,,,,,,,,,,6,56,4,42,17,32,13,26,2,29,34,17,28,2,2,2,1,,,,,,2,,0,31,2,2,2,1
Method,"org.apache.pdfbox.pdmodel.font.TestFontEmbedding.testIsEmbeddingPermittedMultipleVersions()",pdfbox/src/test/java/org/apache/pdfbox/pdmodel/font/TestFontEmbedding.java,,,,,,,,,,,,,,,,,,,,,,,,,0,88,17,37,10,32,34,14,1,33,34,9,32,1,1,1,1,,,,,,0,,0,92,1,1,1,1
Method,"org.apache.pdfbox.pdmodel.font.TestFontEmbedding.testMaxEntries()",pdfbox/src/test/java/org/apache/pdfbox/pdmodel/font/TestFontEmbedding.java,,,,,,,,,,,,,,,,,,,,,,,,,3,44,3,34,9,22,7,21,2,21,25,9,21,2,2,2,1,,,,,,2,,0,21,2,2,2,1
Method,"org.apache.pdfbox.pdmodel.font.TestFontEmbedding.testReuseEmbeddedSubsettedFont()",pdfbox/src/test/java/org/apache/pdfbox/pdmodel/font/TestFontEmbedding.java,,,,,,,,,,,,,,,,,,,,,,,,,1,52,0,45,13,31,7,25,1,25,31,11,28,1,1,1,1,,,,,,2,,0,16,1,1,1,1
Private Method,"org.apache.pdfbox.pdmodel.font.TestFontEmbedding.validateCIDFontType2(boolean)",pdfbox/src/test/java/org/apache/pdfbox/pdmodel/font/TestFontEmbedding.java,,,,,,,,,,,,,,,,,,,,,,,,,5,28,1,26,8,17,1,16,1,16,19,7,16,2,2,2,1,,,,,,2,,0,04,2,2,2,1
Class,"org.apache.pdfbox.pdmodel.font.TestFontEncoding",pdfbox/src/test/java/org/apache/pdfbox/pdmodel/font/TestFontEncoding.java,1,1,1,1,20,0,14,4,1,23,0,,0,0,,,3,0,3,15,3,0,0,0,,69,4,47,17,32,18,,,32,36,14,32,,,,,1,1,1,1,1,0,0,0,38,3,3,3,3
Method,"org.apache.pdfbox.pdmodel.font.TestFontEncoding.testAdd()",pdfbox/src/test/java/org/apache/pdfbox/pdmodel/font/TestFontEncoding.java,,,,,,,,,,,,,,,,,,,,,,,,,2,13,1,8,3,4,4,3,1,4,5,2,4,1,1,1,1,,,,,,0,,0,50,1,1,1,1
Method,"org.apache.pdfbox.pdmodel.font.TestFontEncoding.testOverwrite()",pdfbox/src/test/java/org/apache/pdfbox/pdmodel/font/TestFontEncoding.java,,,,,,,,,,,,,,,,,,,,,,,,,5,15,0,14,5,10,1,12,1,10,11,4,10,1,1,1,1,,,,,,0,,0,07,1,1,1,1
Method,"org.apache.pdfbox.pdmodel.font.TestFontEncoding.testPDFBox3884()",pdfbox/src/test/java/org/apache/pdfbox/pdmodel/font/TestFontEncoding.java,,,,,,,,,,,,,,,,,,,,,,,,,1,32,1,22,8,18,9,20,1,18,19,7,18,1,1,1,1,,,,,,0,,0,41,1,1,1,1
Class,"org.apache.pdfbox.pdmodel.font.TestToUnicodeWriter",pdfbox/src/test/java/org/apache/pdfbox/pdmodel/font/TestToUnicodeWriter.java,1,1,1,1,23,3,18,1,1,10,0,,0,0,,,8,0,8,20,8,0,0,0,,199,31,152,41,118,16,,,115,124,31,115,,,,,1,1,1,1,1,0,0,0,11,8,8,8,8
Method,"org.apache.pdfbox.pdmodel.font.TestToUnicodeWriter.testAllowCIDToUnicodeRange()",pdfbox/src/test/java/org/apache/pdfbox/pdmodel/font/TestToUnicodeWriter.java,,,,,,,,,,,,,,,,,,,,,,,,,0,14,1,13,7,9,0,3,1,7,8,4,7,1,1,1,1,,,,,,0,,0,00,1,1,1,1
Method,"org.apache.pdfbox.pdmodel.font.TestToUnicodeWriter.testAllowCodeRange()",pdfbox/src/test/java/org/apache/pdfbox/pdmodel/font/TestToUnicodeWriter.java,,,,,,,,,,,,,,,,,,,,,,,,,0,43,3,36,2,32,4,3,1,32,33,1,32,1,1,1,1,,,,,,0,,0,11,1,1,1,1
Method,"org.apache.pdfbox.pdmodel.font.TestToUnicodeWriter.testAllowDestinationRange()",pdfbox/src/test/java/org/apache/pdfbox/pdmodel/font/TestToUnicodeWriter.java,,,,,,,,,,,,,,,,,,,,,,,,,0,27,4,18,2,14,5,3,1,14,15,1,14,1,1,1,1,,,,,,0,,0,28,1,1,1,1
Method,"org.apache.pdfbox.pdmodel.font.TestToUnicodeWriter.testAllowDestinationRangeSurrogates()",pdfbox/src/test/java/org/apache/pdfbox/pdmodel/font/TestToUnicodeWriter.java,,,,,,,,,,,,,,,,,,,,,,,,,0,28,5,19,7,15,4,6,1,14,15,6,14,1,1,1,1,,,,,,0,,0,21,1,1,1,1
Method,"org.apache.pdfbox.pdmodel.font.TestToUnicodeWriter.testCMapCIDOverflow()",pdfbox/src/test/java/org/apache/pdfbox/pdmodel/font/TestToUnicodeWriter.java,,,,,,,,,,,,,,,,,,,,,,,,,0,16,3,13,5,9,0,7,1,9,10,4,9,1,1,1,1,,,,,,0,,0,00,1,1,1,1
Method,"org.apache.pdfbox.pdmodel.font.TestToUnicodeWriter.testCMapLigatures()",pdfbox/src/test/java/org/apache/pdfbox/pdmodel/font/TestToUnicodeWriter.java,,,,,,,,,,,,,,,,,,,,,,,,,0,19,2,17,5,13,0,7,1,13,14,4,13,1,1,1,1,,,,,,0,,0,00,1,1,1,1
Method,"org.apache.pdfbox.pdmodel.font.TestToUnicodeWriter.testCMapStringOverflow()",pdfbox/src/test/java/org/apache/pdfbox/pdmodel/font/TestToUnicodeWriter.java,,,,,,,,,,,,,,,,,,,,,,,,,0,20,3,17,7,13,0,10,1,13,14,6,13,1,1,1,1,,,,,,0,,0,00,1,1,1,1
Method,"org.apache.pdfbox.pdmodel.font.TestToUnicodeWriter.testCMapSurrogates()",pdfbox/src/test/java/org/apache/pdfbox/pdmodel/font/TestToUnicodeWriter.java,,,,,,,,,,,,,,,,,,,,,,,,,0,20,3,17,5,13,0,8,1,13,14,4,13,1,1,1,1,,,,,,0,,0,00,1,1,1,1
Final Class,"org.apache.pdfbox.pdmodel.font.ToUnicodeWriter",pdfbox/src/main/java/org/apache/pdfbox/pdmodel/font/ToUnicodeWriter.java,2,2,3,1,21,2,15,3,1,16,0,,3,1,,,5,2,8,20,4,1,0,3,,198,26,130,29,79,43,,,69,89,29,69,,,,,7,7,7,1,1,2,68,0,33,19,19,26,8
Constructor,"org.apache.pdfbox.pdmodel.font.ToUnicodeWriter.ToUnicodeWriter()",pdfbox/src/main/java/org/apache/pdfbox/pdmodel/font/ToUnicodeWriter.java,,,,,,,,,,,,,,,,,,,,,,,,,5,7,0,4,1,1,3,2,1,1,2,1,1,1,1,1,1,,,,,,0,,0,75,1,1,1,1
Public Method,"org.apache.pdfbox.pdmodel.font.ToUnicodeWriter.add(int,String)",pdfbox/src/main/java/org/apache/pdfbox/pdmodel/font/ToUnicodeWriter.java,,,,,,,,,,,,,,,,,,,,,,,,,8,20,2,12,1,5,6,3,4,3,6,1,5,3,3,5,1,,,,,,1,,0,50,3,3,5,1
Static Method,"org.apache.pdfbox.pdmodel.font.ToUnicodeWriter.allowCIDToUnicodeRange(Map.Entry<Integer,String>,Map.Entry<Integer,String>)",pdfbox/src/main/java/org/apache/pdfbox/pdmodel/font/ToUnicodeWriter.java,,,,,,,,,,,,,,,,,,,,,,,,,4,10,0,10,2,4,0,5,2,2,4,1,3,2,2,4,1,,,,,,1,,0,00,2,2,4,1
Static Method,"org.apache.pdfbox.pdmodel.font.ToUnicodeWriter.allowCodeRange(int,int)",pdfbox/src/main/java/org/apache/pdfbox/pdmodel/font/ToUnicodeWriter.java,,,,,,,,,,,,,,,,,,,,,,,,,5,13,1,12,5,7,0,1,2,6,8,5,3,2,2,3,1,,,,,,1,,0,00,2,2,3,1
Static Method,"org.apache.pdfbox.pdmodel.font.ToUnicodeWriter.allowDestinationRange(String,String)",pdfbox/src/main/java/org/apache/pdfbox/pdmodel/font/ToUnicodeWriter.java,,,,,,,,,,,,,,,,,,,,,,,,,5,14,1,10,3,5,3,6,2,4,6,3,5,2,2,4,1,,,,,,1,,0,30,2,2,4,1
Public Method,"org.apache.pdfbox.pdmodel.font.ToUnicodeWriter.setWMode(int)",pdfbox/src/main/java/org/apache/pdfbox/pdmodel/font/ToUnicodeWriter.java,,,,,,,,,,,,,,,,,,,,,,,,,1,9,0,4,1,1,5,1,1,1,2,1,1,1,1,1,1,,,,,,0,,1,25,1,1,1,1
Private Method,"org.apache.pdfbox.pdmodel.font.ToUnicodeWriter.writeLine(BufferedWriter,String)",pdfbox/src/main/java/org/apache/pdfbox/pdmodel/font/ToUnicodeWriter.java,,,,,,,,,,,,,,,,,,,,,,,,,3,5,0,5,1,2,0,2,1,2,3,1,2,1,1,1,1,,,,,,0,,0,00,1,1,1,1
Public Method,"org.apache.pdfbox.pdmodel.font.ToUnicodeWriter.writeTo(OutputStream)",pdfbox/src/main/java/org/apache/pdfbox/pdmodel/font/ToUnicodeWriter.java,,,,,,,,,,,,,,,,,,,,,,,,,10,92,13,67,11,52,13,20,18,47,54,12,48,7,7,7,1,,,,,,2,,0,19,7,7,7,1
Abstract Class,"org.apache.pdfbox.pdmodel.font.TrueTypeEmbedder",pdfbox/src/main/java/org/apache/pdfbox/pdmodel/font/TrueTypeEmbedder.java,3,3,3,1,27,2,21,4,2,32,3,,0,3,,,12,7,12,24,2,2,1,7,,346,43,249,53,150,54,,,119,153,49,128,,,,,12,7,13,4,1,2,79,0,22,38,33,41,16
Constructor,"org.apache.pdfbox.pdmodel.font.TrueTypeEmbedder.TrueTypeEmbedder(PDDocument,COSDictionary,TrueTypeFont,boolean)",pdfbox/src/main/java/org/apache/pdfbox/pdmodel/font/TrueTypeEmbedder.java,,,,,,,,,,,,,,,,,,,,,,,,,12,48,5,37,5,23,6,25,10,18,23,4,21,5,5,6,1,,,,,,2,,0,16,5,5,6,1
Public Method,"org.apache.pdfbox.pdmodel.font.TrueTypeEmbedder.addGlyphIds(Set<Integer>)",pdfbox/src/main/java/org/apache/pdfbox/pdmodel/font/TrueTypeEmbedder.java,,,,,,,,,,,,,,,,,,,,,,,,,3,4,0,4,1,1,0,1,1,1,2,1,1,1,1,1,1,,,,,,0,,0,00,1,1,1,1
Public Method,"org.apache.pdfbox.pdmodel.font.TrueTypeEmbedder.addToSubset(int)",pdfbox/src/main/java/org/apache/pdfbox/pdmodel/font/TrueTypeEmbedder.java,,,,,,,,,,,,,,,,,,,,,,,,,3,5,0,5,2,1,0,1,1,1,2,1,1,1,1,1,1,,,,,,0,,0,00,1,1,1,1
Public Final Method,"org.apache.pdfbox.pdmodel.font.TrueTypeEmbedder.buildFontFile2(InputStream)",pdfbox/src/main/java/org/apache/pdfbox/pdmodel/font/TrueTypeEmbedder.java,,,,,,,,,,,,,,,,,,,,,,,,,7,20,1,18,2,9,1,13,4,6,10,2,9,3,3,3,1,,,,,,2,,0,06,3,3,3,1
Protected Abstract Method,"org.apache.pdfbox.pdmodel.font.TrueTypeEmbedder.buildSubset(InputStream,String,Map<Integer,Integer>)",pdfbox/src/main/java/org/apache/pdfbox/pdmodel/font/TrueTypeEmbedder.java,,,,,,,,,,,,,,,,,,,,,,,,,1,5,0,2,2,0,3,0,0,1,1,1,0,0,0,0,0,,,,,,0,,1,50,0,0,0,0
Private Method,"org.apache.pdfbox.pdmodel.font.TrueTypeEmbedder.createFontDescriptor(TrueTypeFont)",pdfbox/src/main/java/org/apache/pdfbox/pdmodel/font/TrueTypeEmbedder.java,,,,,,,,,,,,,,,,,,,,,,,,,11,100,12,77,11,56,11,52,60,39,46,11,45,12,7,13,1,,,,,,2,,0,14,12,7,13,1
Public Method,"org.apache.pdfbox.pdmodel.font.TrueTypeEmbedder.getFontDescriptor()",pdfbox/src/main/java/org/apache/pdfbox/pdmodel/font/TrueTypeEmbedder.java,,,,,,,,,,,,,,,,,,,,,,,,,2,7,0,4,1,1,3,1,1,1,2,1,1,1,1,1,1,,,,,,0,,0,75,1,1,1,1
Public Method,"org.apache.pdfbox.pdmodel.font.TrueTypeEmbedder.getTag(Map<Integer,Integer>)",pdfbox/src/main/java/org/apache/pdfbox/pdmodel/font/TrueTypeEmbedder.java,,,,,,,,,,,,,,,,,,,,,,,,,3,27,3,18,5,12,6,8,2,10,12,5,9,3,3,4,1,,,,,,1,,0,33,3,3,4,1
Method,"org.apache.pdfbox.pdmodel.font.TrueTypeEmbedder.isEmbeddingPermitted(TrueTypeFont)",pdfbox/src/main/java/org/apache/pdfbox/pdmodel/font/TrueTypeEmbedder.java,,,,,,,,,,,,,,,,,,,,,,,,,6,24,0,18,3,9,6,3,4,5,9,3,7,4,4,4,4,,,,,,2,,0,33,4,4,4,4
Private Method,"org.apache.pdfbox.pdmodel.font.TrueTypeEmbedder.isSubsettingPermitted(TrueTypeFont)",pdfbox/src/main/java/org/apache/pdfbox/pdmodel/font/TrueTypeEmbedder.java,,,,,,,,,,,,,,,,,,,,,,,,,3,16,0,13,2,6,3,3,3,3,6,2,5,3,3,3,3,,,,,,2,,0,23,3,3,3,3
Public Method,"org.apache.pdfbox.pdmodel.font.TrueTypeEmbedder.needsSubset()",pdfbox/src/main/java/org/apache/pdfbox/pdmodel/font/TrueTypeEmbedder.java,,,,,,,,,,,,,,,,,,,,,,,,,2,7,0,4,1,1,3,1,1,1,2,1,1,1,1,1,1,,,,,,0,,0,75,1,1,1,1
Public Method,"org.apache.pdfbox.pdmodel.font.TrueTypeEmbedder.subset()",pdfbox/src/main/java/org/apache/pdfbox/pdmodel/font/TrueTypeEmbedder.java,,,,,,,,,,,,,,,,,,,,,,,,,5,49,7,36,7,26,6,18,8,23,27,6,26,4,4,4,1,,,,,,1,,0,17,4,4,4,1
Final Class,"org.apache.pdfbox.pdmodel.font.UniUtil",pdfbox/src/main/java/org/apache/pdfbox/pdmodel/font/UniUtil.java,2,1,2,1,9,0,9,0,1,3,0,,1,0,,,1,0,2,14,1,1,0,0,,28,1,21,4,10,6,,,5,9,4,6,,,,,4,2,4,1,1,1,0,0,29,5,3,5,2
Private Constructor,"org.apache.pdfbox.pdmodel.font.UniUtil.UniUtil()",pdfbox/src/main/java/org/apache/pdfbox/pdmodel/font/UniUtil.java,,,,,,,,,,,,,,,,,,,,,,,,,0,3,0,3,1,0,0,1,1,0,1,1,0,1,1,1,1,,,,,,0,,0,00,1,1,1,1
Static Method,"org.apache.pdfbox.pdmodel.font.UniUtil.getUniNameOfCodePoint(int)",pdfbox/src/main/java/org/apache/pdfbox/pdmodel/font/UniUtil.java,,,,,,,,,,,,,,,,,,,,,,,,,7,15,0,15,2,10,0,4,4,5,7,2,6,4,2,4,1,,,,,,1,,0,00,4,2,4,1
Package,"org.apache.pdfbox.pdmodel.font.encoding",pdfbox/src/main/java/org/apache/pdfbox/pdmodel/font/encoding/BuiltInEncoding.java,1,1,2,1,13,0,9,3,,,,12,5,19,12,,49,8,54,,0,7,3,44,,2352,107,1760,1334,1353,486,,,225,350,186,199,,,,,13,13,17,5,,5,,0,28,103,103,114,59
Public Class,"org.apache.pdfbox.pdmodel.font.encoding.BuiltInEncoding",pdfbox/src/main/java/org/apache/pdfbox/pdmodel/font/encoding/BuiltInEncoding.java,1,1,1,1,6,0,4,1,1,5,0,,0,0,,,3,0,3,24,0,0,0,3,,29,2,17,6,3,10,,,3,7,4,3,,,,,1,1,1,1,2,0,0,0,59,3,3,3,3
Public Constructor,"org.apache.pdfbox.pdmodel.font.encoding.BuiltInEncoding.BuiltInEncoding(Map<Integer,String>)",pdfbox/src/main/java/org/apache/pdfbox/pdmodel/font/encoding/BuiltInEncoding.java,,,,,,,,,,,,,,,,,,,,,,,,,3,9,0,4,1,1,5,2,1,1,2,1,1,1,1,1,1,,,,,,0,,1,25,1,1,1,1
Public Method,"org.apache.pdfbox.pdmodel.font.encoding.BuiltInEncoding.getCOSObject()",pdfbox/src/main/java/org/apache/pdfbox/pdmodel/font/encoding/BuiltInEncoding.java,,,,,,,,,,,,,,,,,,,,,,,,,0,5,0,5,2,1,0,2,1,1,2,1,1,1,1,1,1,,,,,,0,,0,00,1,1,1,1
Public Method,"org.apache.pdfbox.pdmodel.font.encoding.BuiltInEncoding.getEncodingName()",pdfbox/src/main/java/org/apache/pdfbox/pdmodel/font/encoding/BuiltInEncoding.java,,,,,,,,,,,,,,,,,,,,,,,,,0,5,0,5,2,1,0,1,1,1,2,1,1,1,1,1,1,,,,,,0,,0,00,1,1,1,1
Public Class,"org.apache.pdfbox.pdmodel.font.encoding.DictionaryEncoding",pdfbox/src/main/java/org/apache/pdfbox/pdmodel/font/encoding/DictionaryEncoding.java,2,2,2,1,17,0,13,3,1,11,0,,0,0,,,8,3,8,29,0,1,0,7,,162,13,114,21,55,36,,,44,64,20,49,,,,,5,5,5,1,2,3,50,0,32,19,19,19,8
Public Constructor,"org.apache.pdfbox.pdmodel.font.encoding.DictionaryEncoding.DictionaryEncoding(COSDictionary)",pdfbox/src/main/java/org/apache/pdfbox/pdmodel/font/encoding/DictionaryEncoding.java,,,,,,,,,,,,,,,,,,,,,,,,,2,11,0,6,1,3,5,4,1,3,4,1,3,1,1,1,1,,,,,,0,,0,83,1,1,1,1
Public Constructor,"org.apache.pdfbox.pdmodel.font.encoding.DictionaryEncoding.DictionaryEncoding(COSDictionary,boolean,Encoding)",pdfbox/src/main/java/org/apache/pdfbox/pdmodel/font/encoding/DictionaryEncoding.java,,,,,,,,,,,,,,,,,,,,,,,,,11,48,3,34,4,19,12,9,8,12,17,4,15,5,5,5,1,,,,,,3,,0,35,5,5,5,1
Public Constructor,"org.apache.pdfbox.pdmodel.font.encoding.DictionaryEncoding.DictionaryEncoding(COSName,COSArray)",pdfbox/src/main/java/org/apache/pdfbox/pdmodel/font/encoding/DictionaryEncoding.java,,,,,,,,,,,,,,,,,,,,,,,,,11,30,2,22,1,13,6,9,4,10,13,1,12,3,3,3,1,,,,,,1,,0,27,3,3,3,1
Private Method,"org.apache.pdfbox.pdmodel.font.encoding.DictionaryEncoding.applyDifferences()",pdfbox/src/main/java/org/apache/pdfbox/pdmodel/font/encoding/DictionaryEncoding.java,,,,,,,,,,,,,,,,,,,,,,,,,6,25,0,24,5,13,1,7,5,11,16,6,12,5,5,5,1,,,,,,2,,0,04,5,5,5,1
Public Method,"org.apache.pdfbox.pdmodel.font.encoding.DictionaryEncoding.getBaseEncoding()",pdfbox/src/main/java/org/apache/pdfbox/pdmodel/font/encoding/DictionaryEncoding.java,,,,,,,,,,,,,,,,,,,,,,,,,2,7,0,4,1,1,3,1,1,1,2,1,1,1,1,1,1,,,,,,0,,0,75,1,1,1,1
Public Method,"org.apache.pdfbox.pdmodel.font.encoding.DictionaryEncoding.getCOSObject()",pdfbox/src/main/java/org/apache/pdfbox/pdmodel/font/encoding/DictionaryEncoding.java,,,,,,,,,,,,,,,,,,,,,,,,,1,5,0,5,2,1,0,1,1,1,2,1,1,1,1,1,1,,,,,,0,,0,00,1,1,1,1
Public Method,"org.apache.pdfbox.pdmodel.font.encoding.DictionaryEncoding.getDifferences()",pdfbox/src/main/java/org/apache/pdfbox/pdmodel/font/encoding/DictionaryEncoding.java,,,,,,,,,,,,,,,,,,,,,,,,,3,7,0,4,1,1,3,1,1,1,2,1,1,1,1,1,1,,,,,,0,,0,75,1,1,1,1
Public Method,"org.apache.pdfbox.pdmodel.font.encoding.DictionaryEncoding.getEncodingName()",pdfbox/src/main/java/org/apache/pdfbox/pdmodel/font/encoding/DictionaryEncoding.java,,,,,,,,,,,,,,,,,,,,,,,,,1,10,0,9,2,3,1,2,2,2,4,1,3,2,2,2,1,,,,,,1,,0,11,2,2,2,1
Public Abstract Class,"org.apache.pdfbox.pdmodel.font.encoding.Encoding",pdfbox/src/main/java/org/apache/pdfbox/pdmodel/font/encoding/Encoding.java,1,1,2,1,14,0,8,6,2,10,9,,1,2,,,8,2,9,21,0,0,2,7,,152,11,75,17,31,66,,,24,40,17,28,,,,,5,5,5,5,1,2,43,0,88,15,15,16,12
Protected Method,"org.apache.pdfbox.pdmodel.font.encoding.Encoding.add(int,String)",pdfbox/src/main/java/org/apache/pdfbox/pdmodel/font/encoding/Encoding.java,,,,,,,,,,,,,,,,,,,,,,,,,12,14,0,5,1,2,9,2,1,2,3,1,2,1,1,1,1,,,,,,0,,1,80,1,1,1,1
Public Method,"org.apache.pdfbox.pdmodel.font.encoding.Encoding.contains(String)",pdfbox/src/main/java/org/apache/pdfbox/pdmodel/font/encoding/Encoding.java,,,,,,,,,,,,,,,,,,,,,,,,,8,9,0,4,1,1,5,2,1,1,2,1,1,1,1,1,1,,,,,,0,,1,25,1,1,1,1
Public Method,"org.apache.pdfbox.pdmodel.font.encoding.Encoding.contains(int)",pdfbox/src/main/java/org/apache/pdfbox/pdmodel/font/encoding/Encoding.java,,,,,,,,,,,,,,,,,,,,,,,,,4,9,0,4,1,1,5,2,1,1,2,1,1,1,1,1,1,,,,,,0,,1,25,1,1,1,1
Public Method,"org.apache.pdfbox.pdmodel.font.encoding.Encoding.getCodeToNameMap()",pdfbox/src/main/java/org/apache/pdfbox/pdmodel/font/encoding/Encoding.java,,,,,,,,,,,,,,,,,,,,,,,,,2,9,0,4,1,1,5,2,1,1,2,1,1,1,1,1,1,,,,,,0,,1,25,1,1,1,1
Public Abstract Method,"org.apache.pdfbox.pdmodel.font.encoding.Encoding.getEncodingName()",pdfbox/src/main/java/org/apache/pdfbox/pdmodel/font/encoding/Encoding.java,,,,,,,,,,,,,,,,,,,,,,,,,6,4,0,1,1,0,3,1,0,1,1,1,0,0,0,0,0,,,,,,0,,3,00,0,0,0,0
Public Static Method,"org.apache.pdfbox.pdmodel.font.encoding.Encoding.getInstance(COSName)",pdfbox/src/main/java/org/apache/pdfbox/pdmodel/font/encoding/Encoding.java,,,,,,,,,,,,,,,,,,,,,,,,,15,29,0,23,1,10,6,2,5,5,10,1,9,5,5,5,5,,,,,,1,,0,26,5,5,5,5
Public Method,"org.apache.pdfbox.pdmodel.font.encoding.Encoding.getName(int)",pdfbox/src/main/java/org/apache/pdfbox/pdmodel/font/encoding/Encoding.java,,,,,,,,,,,,,,,,,,,,,,,,,23,15,0,9,2,4,6,2,2,3,5,2,4,2,2,2,1,,,,,,1,,0,67,2,2,2,1
Public Method,"org.apache.pdfbox.pdmodel.font.encoding.Encoding.getNameToCodeMap()",pdfbox/src/main/java/org/apache/pdfbox/pdmodel/font/encoding/Encoding.java,,,,,,,,,,,,,,,,,,,,,,,,,8,10,0,4,1,1,6,2,1,1,2,1,1,1,1,1,1,,,,,,0,,1,50,1,1,1,1
Protected Method,"org.apache.pdfbox.pdmodel.font.encoding.Encoding.overwrite(int,String)",pdfbox/src/main/java/org/apache/pdfbox/pdmodel/font/encoding/Encoding.java,,,,,,,,,,,,,,,,,,,,,,,,,5,24,0,14,3,7,10,3,3,5,8,3,7,3,3,4,1,,,,,,2,,0,71,3,3,4,1
Public Final Class,"org.apache.pdfbox.pdmodel.font.encoding.GlyphList",pdfbox/src/main/java/org/apache/pdfbox/pdmodel/font/encoding/GlyphList.java,3,3,4,1,24,0,18,5,1,22,0,,3,3,,,6,3,9,21,0,2,0,7,,254,20,175,33,86,59,,,57,91,34,73,,,,,13,13,17,3,1,5,62,0,34,31,31,41,11
Public Constructor,"org.apache.pdfbox.pdmodel.font.encoding.GlyphList.GlyphList(GlyphList,InputStream)",pdfbox/src/main/java/org/apache/pdfbox/pdmodel/font/encoding/GlyphList.java,,,,,,,,,,,,,,,,,,,,,,,,,4,13,0,6,1,3,7,5,1,3,4,1,3,1,1,1,1,,,,,,0,,1,17,1,1,1,1
Public Constructor,"org.apache.pdfbox.pdmodel.font.encoding.GlyphList.GlyphList(InputStream,int)",pdfbox/src/main/java/org/apache/pdfbox/pdmodel/font/encoding/GlyphList.java,,,,,,,,,,,,,,,,,,,,,,,,,3,13,0,6,1,3,7,5,1,3,4,1,3,1,1,1,1,,,,,,0,,1,17,1,1,1,1
Public Method,"org.apache.pdfbox.pdmodel.font.encoding.GlyphList.codePointToName(int)",pdfbox/src/main/java/org/apache/pdfbox/pdmodel/font/encoding/GlyphList.java,,,,,,,,,,,,,,,,,,,,,,,,,7,15,0,9,2,4,6,3,2,3,5,2,4,2,2,2,1,,,,,,1,,0,67,2,2,2,1
Public Static Method,"org.apache.pdfbox.pdmodel.font.encoding.GlyphList.getAdobeGlyphList()",pdfbox/src/main/java/org/apache/pdfbox/pdmodel/font/encoding/GlyphList.java,,,,,,,,,,,,,,,,,,,,,,,,,11,7,0,4,1,1,3,1,1,1,2,1,1,1,1,1,1,,,,,,0,,0,75,1,1,1,1
Public Static Method,"org.apache.pdfbox.pdmodel.font.encoding.GlyphList.getZapfDingbats()",pdfbox/src/main/java/org/apache/pdfbox/pdmodel/font/encoding/GlyphList.java,,,,,,,,,,,,,,,,,,,,,,,,,4,7,0,4,1,1,3,1,1,1,2,1,1,1,1,1,1,,,,,,0,,0,75,1,1,1,1
Private Static Method,"org.apache.pdfbox.pdmodel.font.encoding.GlyphList.load(String,int)",pdfbox/src/main/java/org/apache/pdfbox/pdmodel/font/encoding/GlyphList.java,,,,,,,,,,,,,,,,,,,,,,,,,3,20,0,16,2,7,4,5,3,4,7,2,5,3,3,3,1,,,,,,2,,0,25,3,3,3,1
Private Method,"org.apache.pdfbox.pdmodel.font.encoding.GlyphList.loadList(InputStream)",pdfbox/src/main/java/org/apache/pdfbox/pdmodel/font/encoding/GlyphList.java,,,,,,,,,,,,,,,,,,,,,,,,,13,52,5,43,10,25,4,14,18,13,22,10,17,7,7,13,1,,,,,,4,,0,09,7,7,13,1
Public Method,"org.apache.pdfbox.pdmodel.font.encoding.GlyphList.sequenceToName(String)",pdfbox/src/main/java/org/apache/pdfbox/pdmodel/font/encoding/GlyphList.java,,,,,,,,,,,,,,,,,,,,,,,,,2,15,0,9,2,4,6,2,2,3,5,2,4,2,2,2,1,,,,,,1,,0,67,2,2,2,1
Public Method,"org.apache.pdfbox.pdmodel.font.encoding.GlyphList.toUnicode(String)",pdfbox/src/main/java/org/apache/pdfbox/pdmodel/font/encoding/GlyphList.java,,,,,,,,,,,,,,,,,,,,,,,,,11,82,2,69,6,34,11,14,21,20,33,7,31,13,13,17,3,,,,,,5,,0,16,13,13,17,3
Public Class,"org.apache.pdfbox.pdmodel.font.encoding.MacExpertEncoding",pdfbox/src/main/java/org/apache/pdfbox/pdmodel/font/encoding/MacExpertEncoding.java,1,1,1,1,6,0,5,1,1,5,0,,0,2,,,3,0,3,24,0,0,0,3,,204,4,188,174,170,12,,,5,11,7,5,,,,,2,2,2,1,2,1,0,0,06,4,4,4,3
Public Constructor,"org.apache.pdfbox.pdmodel.font.encoding.MacExpertEncoding.MacExpertEncoding()",pdfbox/src/main/java/org/apache/pdfbox/pdmodel/font/encoding/MacExpertEncoding.java,,,,,,,,,,,,,,,,,,,,,,,,,3,10,0,7,1,2,3,3,2,1,4,2,2,2,2,2,1,,,,,,1,,0,43,2,2,2,1
Public Method,"org.apache.pdfbox.pdmodel.font.encoding.MacExpertEncoding.getCOSObject()",pdfbox/src/main/java/org/apache/pdfbox/pdmodel/font/encoding/MacExpertEncoding.java,,,,,,,,,,,,,,,,,,,,,,,,,1,5,0,5,2,1,0,1,1,1,2,1,1,1,1,1,1,,,,,,0,,0,00,1,1,1,1
Public Method,"org.apache.pdfbox.pdmodel.font.encoding.MacExpertEncoding.getEncodingName()",pdfbox/src/main/java/org/apache/pdfbox/pdmodel/font/encoding/MacExpertEncoding.java,,,,,,,,,,,,,,,,,,,,,,,,,0,5,0,5,2,1,0,1,1,1,2,1,1,1,1,1,1,,,,,,0,,0,00,1,1,1,1
Public Class,"org.apache.pdfbox.pdmodel.font.encoding.MacOSRomanEncoding",pdfbox/src/main/java/org/apache/pdfbox/pdmodel/font/encoding/MacOSRomanEncoding.java,1,1,1,1,8,0,6,2,1,3,0,,0,2,,,2,0,2,26,0,0,0,2,,55,4,34,23,20,17,,,4,9,6,4,,,,,2,2,2,1,3,1,0,0,50,3,3,3,2
Public Constructor,"org.apache.pdfbox.pdmodel.font.encoding.MacOSRomanEncoding.MacOSRomanEncoding()",pdfbox/src/main/java/org/apache/pdfbox/pdmodel/font/encoding/MacOSRomanEncoding.java,,,,,,,,,,,,,,,,,,,,,,,,,3,12,1,7,1,2,4,3,2,1,4,2,2,2,2,2,1,,,,,,1,,0,57,2,2,2,1
Public Method,"org.apache.pdfbox.pdmodel.font.encoding.MacOSRomanEncoding.getCOSObject()",pdfbox/src/main/java/org/apache/pdfbox/pdmodel/font/encoding/MacOSRomanEncoding.java,,,,,,,,,,,,,,,,,,,,,,,,,0,5,0,5,2,1,0,1,1,1,2,1,1,1,1,1,1,,,,,,0,,0,00,1,1,1,1
Public Class,"org.apache.pdfbox.pdmodel.font.encoding.MacRomanEncoding",pdfbox/src/main/java/org/apache/pdfbox/pdmodel/font/encoding/MacRomanEncoding.java,1,1,1,1,6,0,5,1,1,5,1,,0,2,,,3,0,3,24,0,0,1,2,,252,4,231,217,213,17,,,5,11,7,5,,,,,2,2,2,1,2,1,0,0,07,4,4,4,3
Protected Constructor,"org.apache.pdfbox.pdmodel.font.encoding.MacRomanEncoding.MacRomanEncoding()",pdfbox/src/main/java/org/apache/pdfbox/pdmodel/font/encoding/MacRomanEncoding.java,,,,,,,,,,,,,,,,,,,,,,,,,3,10,0,7,1,2,3,3,2,1,4,2,2,2,2,2,1,,,,,,1,,0,43,2,2,2,1
Public Method,"org.apache.pdfbox.pdmodel.font.encoding.MacRomanEncoding.getCOSObject()",pdfbox/src/main/java/org/apache/pdfbox/pdmodel/font/encoding/MacRomanEncoding.java,,,,,,,,,,,,,,,,,,,,,,,,,1,5,0,5,2,1,0,1,1,1,2,1,1,1,1,1,1,,,,,,0,,0,00,1,1,1,1
Public Method,"org.apache.pdfbox.pdmodel.font.encoding.MacRomanEncoding.getEncodingName()",pdfbox/src/main/java/org/apache/pdfbox/pdmodel/font/encoding/MacRomanEncoding.java,,,,,,,,,,,,,,,,,,,,,,,,,0,5,0,5,2,1,0,1,1,1,2,1,1,1,1,1,1,,,,,,0,,0,00,1,1,1,1
Public Class,"org.apache.pdfbox.pdmodel.font.encoding.StandardEncoding",pdfbox/src/main/java/org/apache/pdfbox/pdmodel/font/encoding/StandardEncoding.java,1,1,1,1,6,0,5,1,1,5,0,,0,2,,,3,0,3,24,0,1,0,2,,192,4,172,158,154,16,,,5,11,7,5,,,,,2,2,2,1,2,1,0,0,09,4,4,4,3
Private Constructor,"org.apache.pdfbox.pdmodel.font.encoding.StandardEncoding.StandardEncoding()",pdfbox/src/main/java/org/apache/pdfbox/pdmodel/font/encoding/StandardEncoding.java,,,,,,,,,,,,,,,,,,,,,,,,,3,10,0,7,1,2,3,3,2,1,4,2,2,2,2,2,1,,,,,,1,,0,43,2,2,2,1
Public Method,"org.apache.pdfbox.pdmodel.font.encoding.StandardEncoding.getCOSObject()",pdfbox/src/main/java/org/apache/pdfbox/pdmodel/font/encoding/StandardEncoding.java,,,,,,,,,,,,,,,,,,,,,,,,,1,5,0,5,2,1,0,1,1,1,2,1,1,1,1,1,1,,,,,,0,,0,00,1,1,1,1
Public Method,"org.apache.pdfbox.pdmodel.font.encoding.StandardEncoding.getEncodingName()",pdfbox/src/main/java/org/apache/pdfbox/pdmodel/font/encoding/StandardEncoding.java,,,,,,,,,,,,,,,,,,,,,,,,,0,5,0,5,2,1,0,1,1,1,2,1,1,1,1,1,1,,,,,,0,,0,00,1,1,1,1
Public Class,"org.apache.pdfbox.pdmodel.font.encoding.SymbolEncoding",pdfbox/src/main/java/org/apache/pdfbox/pdmodel/font/encoding/SymbolEncoding.java,1,1,1,1,6,0,5,1,1,5,0,,0,2,,,3,0,3,24,0,1,0,2,,228,4,212,198,194,12,,,5,11,7,5,,,,,2,2,2,1,2,1,0,0,06,4,4,4,3
Private Constructor,"org.apache.pdfbox.pdmodel.font.encoding.SymbolEncoding.SymbolEncoding()",pdfbox/src/main/java/org/apache/pdfbox/pdmodel/font/encoding/SymbolEncoding.java,,,,,,,,,,,,,,,,,,,,,,,,,3,10,0,7,1,2,3,3,2,1,4,2,2,2,2,2,1,,,,,,1,,0,43,2,2,2,1
Public Method,"org.apache.pdfbox.pdmodel.font.encoding.SymbolEncoding.getCOSObject()",pdfbox/src/main/java/org/apache/pdfbox/pdmodel/font/encoding/SymbolEncoding.java,,,,,,,,,,,,,,,,,,,,,,,,,0,5,0,5,2,1,0,2,1,1,2,1,1,1,1,1,1,,,,,,0,,0,00,1,1,1,1
Public Method,"org.apache.pdfbox.pdmodel.font.encoding.SymbolEncoding.getEncodingName()",pdfbox/src/main/java/org/apache/pdfbox/pdmodel/font/encoding/SymbolEncoding.java,,,,,,,,,,,,,,,,,,,,,,,,,0,5,0,5,2,1,0,1,1,1,2,1,1,1,1,1,1,,,,,,0,,0,00,1,1,1,1
Public Class,"org.apache.pdfbox.pdmodel.font.encoding.Type1Encoding",pdfbox/src/main/java/org/apache/pdfbox/pdmodel/font/encoding/Type1Encoding.java,1,1,1,1,8,0,5,2,1,7,0,,1,0,,,4,0,5,26,0,0,0,5,,51,4,30,10,8,17,,,7,15,9,8,,,,,2,2,2,1,2,1,0,0,57,6,6,6,5
Public Constructor,"org.apache.pdfbox.pdmodel.font.encoding.Type1Encoding.Type1Encoding()",pdfbox/src/main/java/org/apache/pdfbox/pdmodel/font/encoding/Type1Encoding.java,,,,,,,,,,,,,,,,,,,,,,,,,1,6,0,3,1,0,3,1,1,0,1,1,0,1,1,1,1,,,,,,0,,1,00,1,1,1,1
Public Constructor,"org.apache.pdfbox.pdmodel.font.encoding.Type1Encoding.Type1Encoding(FontMetrics)",pdfbox/src/main/java/org/apache/pdfbox/pdmodel/font/encoding/Type1Encoding.java,,,,,,,,,,,,,,,,,,,,,,,,,4,12,0,7,1,2,5,5,2,1,4,2,2,2,2,2,1,,,,,,1,,0,71,2,2,2,1
Public Static Method,"org.apache.pdfbox.pdmodel.font.encoding.Type1Encoding.fromFontBox(org.apache.fontbox.encoding.Encoding)",pdfbox/src/main/java/org/apache/pdfbox/pdmodel/font/encoding/Type1Encoding.java,,,,,,,,,,,,,,,,,,,,,,,,,5,13,0,7,3,4,6,4,1,4,5,3,4,1,1,1,1,,,,,,0,,0,86,1,1,1,1
Public Method,"org.apache.pdfbox.pdmodel.font.encoding.Type1Encoding.getCOSObject()",pdfbox/src/main/java/org/apache/pdfbox/pdmodel/font/encoding/Type1Encoding.java,,,,,,,,,,,,,,,,,,,,,,,,,0,5,0,5,2,1,0,1,1,1,2,1,1,1,1,1,1,,,,,,0,,0,00,1,1,1,1
Public Method,"org.apache.pdfbox.pdmodel.font.encoding.Type1Encoding.getEncodingName()",pdfbox/src/main/java/org/apache/pdfbox/pdmodel/font/encoding/Type1Encoding.java,,,,,,,,,,,,,,,,,,,,,,,,,0,5,0,5,2,1,0,1,1,1,2,1,1,1,1,1,1,,,,,,0,,0,00,1,1,1,1
Public Class,"org.apache.pdfbox.pdmodel.font.encoding.WinAnsiEncoding",pdfbox/src/main/java/org/apache/pdfbox/pdmodel/font/encoding/WinAnsiEncoding.java,2,2,2,1,10,0,8,1,1,6,0,,0,2,,,3,0,3,24,0,1,0,2,,272,5,248,227,226,19,,,8,16,8,9,,,,,4,4,4,1,2,2,0,0,08,6,6,6,3
Private Constructor,"org.apache.pdfbox.pdmodel.font.encoding.WinAnsiEncoding.WinAnsiEncoding()",pdfbox/src/main/java/org/apache/pdfbox/pdmodel/font/encoding/WinAnsiEncoding.java,,,,,,,,,,,,,,,,,,,,,,,,,4,20,1,14,1,5,5,4,6,4,9,3,6,4,4,4,1,,,,,,2,,0,36,4,4,4,1
Public Method,"org.apache.pdfbox.pdmodel.font.encoding.WinAnsiEncoding.getCOSObject()",pdfbox/src/main/java/org/apache/pdfbox/pdmodel/font/encoding/WinAnsiEncoding.java,,,,,,,,,,,,,,,,,,,,,,,,,1,5,0,5,2,1,0,1,1,1,2,1,1,1,1,1,1,,,,,,0,,0,00,1,1,1,1
Public Method,"org.apache.pdfbox.pdmodel.font.encoding.WinAnsiEncoding.getEncodingName()",pdfbox/src/main/java/org/apache/pdfbox/pdmodel/font/encoding/WinAnsiEncoding.java,,,,,,,,,,,,,,,,,,,,,,,,,0,5,0,5,2,1,0,1,1,1,2,1,1,1,1,1,1,,,,,,0,,0,00,1,1,1,1
Public Class,"org.apache.pdfbox.pdmodel.font.encoding.ZapfDingbatsEncoding",pdfbox/src/main/java/org/apache/pdfbox/pdmodel/font/encoding/ZapfDingbatsEncoding.java,1,1,1,1,6,0,5,1,1,5,0,,0,2,,,3,0,3,24,0,1,0,2,,227,4,211,197,193,12,,,5,11,7,5,,,,,2,2,2,1,2,1,0,0,06,4,4,4,3
Private Constructor,"org.apache.pdfbox.pdmodel.font.encoding.ZapfDingbatsEncoding.ZapfDingbatsEncoding()",pdfbox/src/main/java/org/apache/pdfbox/pdmodel/font/encoding/ZapfDingbatsEncoding.java,,,,,,,,,,,,,,,,,,,,,,,,,3,10,0,7,1,2,3,3,2,1,4,2,2,2,2,2,1,,,,,,1,,0,43,2,2,2,1
Public Method,"org.apache.pdfbox.pdmodel.font.encoding.ZapfDingbatsEncoding.getCOSObject()",pdfbox/src/main/java/org/apache/pdfbox/pdmodel/font/encoding/ZapfDingbatsEncoding.java,,,,,,,,,,,,,,,,,,,,,,,,,0,5,0,5,2,1,0,2,1,1,2,1,1,1,1,1,1,,,,,,0,,0,00,1,1,1,1
Public Method,"org.apache.pdfbox.pdmodel.font.encoding.ZapfDingbatsEncoding.getEncodingName()",pdfbox/src/main/java/org/apache/pdfbox/pdmodel/font/encoding/ZapfDingbatsEncoding.java,,,,,,,,,,,,,,,,,,,,,,,,,0,5,0,5,2,1,0,1,1,1,2,1,1,1,1,1,1,,,,,,0,,0,00,1,1,1,1
Package,"org.apache.pdfbox.pdmodel.graphics",pdfbox/src/main/java/org/apache/pdfbox/pdmodel/graphics/PDFontSetting.java,1,1,1,1,11,0,7,4,,,,5,1,0,5,,20,4,21,,1,0,3,17,,454,41,211,87,70,202,,,104,137,82,66,,,,,8,8,9,6,,2,,0,96,29,29,30,26
Public Class,"org.apache.pdfbox.pdmodel.graphics.PDFontSetting",pdfbox/src/main/java/org/apache/pdfbox/pdmodel/graphics/PDFontSetting.java,1,1,1,1,10,0,5,4,2,9,0,,0,0,,,7,1,7,19,0,0,0,7,,88,7,42,13,15,39,,,14,23,12,13,,,,,2,2,2,1,1,1,0,0,93,8,8,8,7
Public Constructor,"org.apache.pdfbox.pdmodel.graphics.PDFontSetting.PDFontSetting()",pdfbox/src/main/java/org/apache/pdfbox/pdmodel/graphics/PDFontSetting.java,,,,,,,,,,,,,,,,,,,,,,,,,1,9,0,6,1,3,3,5,1,3,4,1,3,1,1,1,1,,,,,,0,,0,50,1,1,1,1
Public Constructor,"org.apache.pdfbox.pdmodel.graphics.PDFontSetting.PDFontSetting(COSArray)",pdfbox/src/main/java/org/apache/pdfbox/pdmodel/graphics/PDFontSetting.java,,,,,,,,,,,,,,,,,,,,,,,,,2,9,0,4,1,1,5,2,1,1,2,1,1,1,1,1,1,,,,,,0,,1,25,1,1,1,1
Public Method,"org.apache.pdfbox.pdmodel.graphics.PDFontSetting.getCOSObject()",pdfbox/src/main/java/org/apache/pdfbox/pdmodel/graphics/PDFontSetting.java,,,,,,,,,,,,,,,,,,,,,,,,,1,8,0,5,2,1,3,1,1,1,2,1,1,1,1,1,1,,,,,,0,,0,60,1,1,1,1
Public Method,"org.apache.pdfbox.pdmodel.graphics.PDFontSetting.getFont()",pdfbox/src/main/java/org/apache/pdfbox/pdmodel/graphics/PDFontSetting.java,,,,,,,,,,,,,,,,,,,,,,,,,2,17,0,10,3,5,7,3,2,4,6,3,4,2,2,2,1,,,,,,1,,0,70,2,2,2,1
Public Method,"org.apache.pdfbox.pdmodel.graphics.PDFontSetting.getFontSize()",pdfbox/src/main/java/org/apache/pdfbox/pdmodel/graphics/PDFontSetting.java,,,,,,,,,,,,,,,,,,,,,,,,,2,10,0,5,2,2,5,3,1,2,3,2,2,1,1,1,1,,,,,,0,,1,00,1,1,1,1
Public Method,"org.apache.pdfbox.pdmodel.graphics.PDFontSetting.setFont(PDFont)",pdfbox/src/main/java/org/apache/pdfbox/pdmodel/graphics/PDFontSetting.java,,,,,,,,,,,,,,,,,,,,,,,,,2,9,0,4,1,1,5,1,1,1,2,1,1,1,1,1,1,,,,,,0,,1,25,1,1,1,1
Public Method,"org.apache.pdfbox.pdmodel.graphics.PDFontSetting.setFontSize(float)",pdfbox/src/main/java/org/apache/pdfbox/pdmodel/graphics/PDFontSetting.java,,,,,,,,,,,,,,,,,,,,,,,,,2,9,0,4,1,1,5,2,1,1,2,1,1,1,1,1,1,,,,,,0,,1,25,1,1,1,1
Public Final Class,"org.apache.pdfbox.pdmodel.graphics.PDLineDashPattern",pdfbox/src/main/java/org/apache/pdfbox/pdmodel/graphics/PDLineDashPattern.java,1,1,1,1,8,0,5,2,2,6,0,,0,0,,,6,2,6,18,0,0,0,6,,67,6,38,13,13,23,,,15,22,11,13,,,,,1,1,1,1,1,0,16,0,61,6,6,6,6
Public Constructor,"org.apache.pdfbox.pdmodel.graphics.PDLineDashPattern.PDLineDashPattern()",pdfbox/src/main/java/org/apache/pdfbox/pdmodel/graphics/PDLineDashPattern.java,,,,,,,,,,,,,,,,,,,,,,,,,0,8,0,5,1,2,3,3,1,2,3,1,2,1,1,1,1,,,,,,0,,0,60,1,1,1,1
Public Constructor,"org.apache.pdfbox.pdmodel.graphics.PDLineDashPattern.PDLineDashPattern(COSArray,int)",pdfbox/src/main/java/org/apache/pdfbox/pdmodel/graphics/PDLineDashPattern.java,,,,,,,,,,,,,,,,,,,,,,,,,7,10,0,5,1,2,5,4,1,2,3,1,2,1,1,1,1,,,,,,0,,1,00,1,1,1,1
Public Method,"org.apache.pdfbox.pdmodel.graphics.PDLineDashPattern.getCOSObject()",pdfbox/src/main/java/org/apache/pdfbox/pdmodel/graphics/PDLineDashPattern.java,,,,,,,,,,,,,,,,,,,,,,,,,4,10,0,10,4,6,0,5,1,6,7,3,6,1,1,1,1,,,,,,0,,0,00,1,1,1,1
Public Method,"org.apache.pdfbox.pdmodel.graphics.PDLineDashPattern.getDashArray()",pdfbox/src/main/java/org/apache/pdfbox/pdmodel/graphics/PDLineDashPattern.java,,,,,,,,,,,,,,,,,,,,,,,,,5,8,0,4,1,1,4,2,1,1,2,1,1,1,1,1,1,,,,,,0,,1,00,1,1,1,1
Public Method,"org.apache.pdfbox.pdmodel.graphics.PDLineDashPattern.getPhase()",pdfbox/src/main/java/org/apache/pdfbox/pdmodel/graphics/PDLineDashPattern.java,,,,,,,,,,,,,,,,,,,,,,,,,3,9,0,4,1,1,5,1,1,1,2,1,1,1,1,1,1,,,,,,0,,1,25,1,1,1,1
Public Method,"org.apache.pdfbox.pdmodel.graphics.PDLineDashPattern.toString()",pdfbox/src/main/java/org/apache/pdfbox/pdmodel/graphics/PDLineDashPattern.java,,,,,,,,,,,,,,,,,,,,,,,,,2,5,0,5,2,1,0,2,1,1,2,1,1,1,1,1,1,,,,,,0,,0,00,1,1,1,1
Class,"org.apache.pdfbox.pdmodel.graphics.PDLineDashPatternTest",pdfbox/src/test/java/org/apache/pdfbox/pdmodel/graphics/PDLineDashPatternTest.java,1,1,1,1,19,0,16,3,1,7,0,,0,0,,,1,0,1,13,1,0,0,0,,46,1,19,7,12,26,,,12,14,6,12,,,,,1,1,1,1,1,0,0,1,37,1,1,1,1
Method,"org.apache.pdfbox.pdmodel.graphics.PDLineDashPatternTest.testGetCOSObject()",pdfbox/src/test/java/org/apache/pdfbox/pdmodel/graphics/PDLineDashPatternTest.java,,,,,,,,,,,,,,,,,,,,,,,,,4,19,0,16,6,12,3,10,1,12,13,5,12,1,1,1,1,,,,,,0,,0,19,1,1,1,1
Public Class,"org.apache.pdfbox.pdmodel.graphics.PDPostScriptXObject",pdfbox/src/main/java/org/apache/pdfbox/pdmodel/graphics/PDPostScriptXObject.java,1,1,1,1,8,0,4,4,1,2,0,,0,0,,,1,0,1,19,0,0,0,1,,17,0,7,2,1,10,,,1,3,2,1,,,,,1,1,1,1,2,0,0,1,43,1,1,1,1
Public Constructor,"org.apache.pdfbox.pdmodel.graphics.PDPostScriptXObject.PDPostScriptXObject(COSStream)",pdfbox/src/main/java/org/apache/pdfbox/pdmodel/graphics/PDPostScriptXObject.java,,,,,,,,,,,,,,,,,,,,,,,,,3,8,0,4,1,1,4,2,1,1,2,1,1,1,1,1,1,,,,,,0,,1,00,1,1,1,1
Public Class,"org.apache.pdfbox.pdmodel.graphics.PDXObject",pdfbox/src/main/java/org/apache/pdfbox/pdmodel/graphics/PDXObject.java,2,2,2,1,16,0,10,5,2,16,3,,1,0,,,5,1,6,18,0,0,3,3,,115,9,66,13,29,40,,,23,36,12,27,,,,,8,8,9,6,1,2,16,0,61,13,13,14,11
Protected Constructor,"org.apache.pdfbox.pdmodel.graphics.PDXObject.PDXObject(COSStream,COSName)",pdfbox/src/main/java/org/apache/pdfbox/pdmodel/graphics/PDXObject.java,,,,,,,,,,,,,,,,,,,,,,,,,9,12,0,6,1,3,6,5,1,3,4,1,3,1,1,1,1,,,,,,0,,1,00,1,1,1,1
Protected Constructor,"org.apache.pdfbox.pdmodel.graphics.PDXObject.PDXObject(PDDocument,COSName)",pdfbox/src/main/java/org/apache/pdfbox/pdmodel/graphics/PDXObject.java,,,,,,,,,,,,,,,,,,,,,,,,,7,11,0,6,1,3,5,6,1,3,4,1,3,1,1,1,1,,,,,,0,,0,83,1,1,1,1
Protected Constructor,"org.apache.pdfbox.pdmodel.graphics.PDXObject.PDXObject(PDStream,COSName)",pdfbox/src/main/java/org/apache/pdfbox/pdmodel/graphics/PDXObject.java,,,,,,,,,,,,,,,,,,,,,,,,,7,12,0,6,1,3,6,5,1,3,4,1,3,1,1,1,1,,,,,,0,,1,00,1,1,1,1
Public Static Method,"org.apache.pdfbox.pdmodel.graphics.PDXObject.createXObject(COSBase,PDResources)",pdfbox/src/main/java/org/apache/pdfbox/pdmodel/graphics/PDXObject.java,,,,,,,,,,,,,,,,,,,,,,,,,13,47,3,35,5,18,9,16,11,11,18,5,16,8,8,9,6,,,,,,2,,0,26,8,8,9,6
Public Final Method,"org.apache.pdfbox.pdmodel.graphics.PDXObject.getCOSObject()",pdfbox/src/main/java/org/apache/pdfbox/pdmodel/graphics/PDXObject.java,,,,,,,,,,,,,,,,,,,,,,,,,68,9,0,5,2,1,4,2,1,1,2,1,1,1,1,1,1,,,,,,0,,0,80,1,1,1,1
Public Final Method,"org.apache.pdfbox.pdmodel.graphics.PDXObject.getStream()",pdfbox/src/main/java/org/apache/pdfbox/pdmodel/graphics/PDXObject.java,,,,,,,,,,,,,,,,,,,,,,,,,10,8,0,4,1,1,4,1,1,1,2,1,1,1,1,1,1,,,,,,0,,1,00,1,1,1,1
Package,"org.apache.pdfbox.pdmodel.graphics.blend",pdfbox/src/main/java/org/apache/pdfbox/pdmodel/graphics/blend/BlendComposite.java,1,1,2,1,14,0,12,1,,,,6,6,35,3,,29,8,35,,20,6,0,9,,899,103,649,229,377,147,,,376,447,200,309,,,,,18,18,19,6,,5,,0,23,89,89,90,54
Public Final Class,"org.apache.pdfbox.pdmodel.graphics.blend.BlendComposite",pdfbox/src/main/java/org/apache/pdfbox/pdmodel/graphics/blend/BlendComposite.java,2,2,2,1,15,0,12,3,2,11,0,,1,1,,,2,2,3,15,0,1,0,2,,242,31,187,62,109,24,,,96,120,60,82,,,,,5,5,5,1,1,1,66,0,13,7,7,7,3
Private Constructor,"org.apache.pdfbox.pdmodel.graphics.blend.BlendComposite.BlendComposite(BlendMode,float)",pdfbox/src/main/java/org/apache/pdfbox/pdmodel/graphics/blend/BlendComposite.java,,,,,,,,,,,,,,,,,,,,,,,,,3,5,0,5,1,2,0,3,1,2,3,1,2,1,1,1,1,,,,,,0,,0,00,1,1,1,1
Class,"org.apache.pdfbox.pdmodel.graphics.blend.BlendComposite.BlendCompositeContext",pdfbox/src/main/java/org/apache/pdfbox/pdmodel/graphics/blend/BlendComposite.java,6,6,7,1,56,7,46,2,2,11,0,,0,0,,,3,2,3,15,1,0,0,2,,178,26,145,53,93,7,,,83,99,53,67,,,,,18,18,19,1,1,5,33,0,05,20,20,21,3
Constructor,"org.apache.pdfbox.pdmodel.graphics.blend.BlendComposite.BlendCompositeContext.BlendCompositeContext(ColorModel,ColorModel)",pdfbox/src/main/java/org/apache/pdfbox/pdmodel/graphics/blend/BlendComposite.java,,,,,,,,,,,,,,,,,,,,,,,,,3,5,0,5,1,2,0,3,1,2,3,1,2,1,1,1,1,,,,,,0,,0,00,1,1,1,1
Public Method,"org.apache.pdfbox.pdmodel.graphics.blend.BlendComposite.BlendCompositeContext.compose(Raster,Raster,WritableRaster)",pdfbox/src/main/java/org/apache/pdfbox/pdmodel/graphics/blend/BlendComposite.java,,,,,,,,,,,,,,,,,,,,,,,,,10,160,23,131,47,91,6,26,54,79,92,48,65,18,18,19,1,,,,,,5,,0,05,18,18,19,1
Public Method,"org.apache.pdfbox.pdmodel.graphics.blend.BlendComposite.BlendCompositeContext.dispose()",pdfbox/src/main/java/org/apache/pdfbox/pdmodel/graphics/blend/BlendComposite.java,,,,,,,,,,,,,,,,,,,,,,,,,0,5,0,4,2,0,1,0,1,0,1,1,0,1,1,1,1,,,,,,0,,0,25,1,1,1,1
Public Method,"org.apache.pdfbox.pdmodel.graphics.blend.BlendComposite.createContext(ColorModel,ColorModel,RenderingHints)",pdfbox/src/main/java/org/apache/pdfbox/pdmodel/graphics/blend/BlendComposite.java,,,,,,,,,,,,,,,,,,,,,,,,,2,6,0,6,3,1,0,2,1,1,2,1,1,1,1,1,1,,,,,,0,,0,00,1,1,1,1
Public Static Method,"org.apache.pdfbox.pdmodel.graphics.blend.BlendComposite.getInstance(BlendMode,float)",pdfbox/src/main/java/org/apache/pdfbox/pdmodel/graphics/blend/BlendComposite.java,,,,,,,,,,,,,,,,,,,,,,,,,7,34,0,25,1,12,9,5,12,7,12,1,11,5,5,5,1,,,,,,1,,0,36,5,5,5,1
Public Class,"org.apache.pdfbox.pdmodel.graphics.blend.BlendMode",pdfbox/src/main/java/org/apache/pdfbox/pdmodel/graphics/blend/BlendMode.java,2,2,2,1,21,1,16,3,1,9,0,,5,34,,,5,4,10,34,0,5,0,5,,365,42,255,103,159,68,,,147,176,93,121,,,,,7,7,7,6,1,4,96,0,27,25,25,25,15
Lambda Method,"org.apache.pdfbox.pdmodel.graphics.blend.BlendMode.(lambda_expr_1)(,)",pdfbox/src/main/java/org/apache/pdfbox/pdmodel/graphics/blend/BlendMode.java,,,,,,,,,,,,,,,,,,,,,,,,,1,1,0,1,1,1,0,1,1,0,0,0,0,1,1,1,1,,,,,,0,,0,00,1,1,1,1
Lambda Method,"org.apache.pdfbox.pdmodel.graphics.blend.BlendMode.(lambda_expr_10)(,)",pdfbox/src/main/java/org/apache/pdfbox/pdmodel/graphics/blend/BlendMode.java,,,,,,,,,,,,,,,,,,,,,,,,,2,1,0,1,1,1,0,1,1,0,0,0,0,1,1,1,1,,,,,,0,,0,00,1,1,1,1
Lambda Method,"org.apache.pdfbox.pdmodel.graphics.blend.BlendMode.(lambda_expr_11)(,,)",pdfbox/src/main/java/org/apache/pdfbox/pdmodel/graphics/blend/BlendMode.java,,,,,,,,,,,,,,,,,,,,,,,,,3,5,0,5,2,4,0,3,1,3,3,1,2,1,1,1,1,,,,,,0,,0,00,1,1,1,1
Lambda Method,"org.apache.pdfbox.pdmodel.graphics.blend.BlendMode.(lambda_expr_12)(,,)",pdfbox/src/main/java/org/apache/pdfbox/pdmodel/graphics/blend/BlendMode.java,,,,,,,,,,,,,,,,,,,,,,,,,3,2,0,2,1,2,0,2,1,0,0,0,0,1,1,1,1,,,,,,0,,0,00,1,1,1,1
Lambda Method,"org.apache.pdfbox.pdmodel.graphics.blend.BlendMode.(lambda_expr_2)(,)",pdfbox/src/main/java/org/apache/pdfbox/pdmodel/graphics/blend/BlendMode.java,,,,,,,,,,,,,,,,,,,,,,,,,2,1,0,1,1,1,0,1,1,0,0,0,0,1,1,1,1,,,,,,0,,0,00,1,1,1,1
Lambda Method,"org.apache.pdfbox.pdmodel.graphics.blend.BlendMode.(lambda_expr_3)(,)",pdfbox/src/main/java/org/apache/pdfbox/pdmodel/graphics/blend/BlendMode.java,,,,,,,,,,,,,,,,,,,,,,,,,2,1,0,1,1,1,0,1,1,0,0,0,0,1,1,1,1,,,,,,0,,0,00,1,1,1,1
Lambda Method,"org.apache.pdfbox.pdmodel.graphics.blend.BlendMode.(lambda_expr_4)(,)",pdfbox/src/main/java/org/apache/pdfbox/pdmodel/graphics/blend/BlendMode.java,,,,,,,,,,,,,,,,,,,,,,,,,2,2,0,2,1,2,0,1,1,0,0,0,0,2,2,2,1,,,,,,0,,0,00,2,2,2,1
Lambda Method,"org.apache.pdfbox.pdmodel.graphics.blend.BlendMode.(lambda_expr_5)(,)",pdfbox/src/main/java/org/apache/pdfbox/pdmodel/graphics/blend/BlendMode.java,,,,,,,,,,,,,,,,,,,,,,,,,2,12,0,11,1,6,1,2,3,3,5,0,5,3,3,3,3,,,,,,0,,0,09,3,3,3,3
Lambda Method,"org.apache.pdfbox.pdmodel.graphics.blend.BlendMode.(lambda_expr_6)(,)",pdfbox/src/main/java/org/apache/pdfbox/pdmodel/graphics/blend/BlendMode.java,,,,,,,,,,,,,,,,,,,,,,,,,2,12,0,11,1,6,1,2,3,3,5,0,5,3,3,3,3,,,,,,0,,0,09,3,3,3,3
Lambda Method,"org.apache.pdfbox.pdmodel.graphics.blend.BlendMode.(lambda_expr_7)(,)",pdfbox/src/main/java/org/apache/pdfbox/pdmodel/graphics/blend/BlendMode.java,,,,,,,,,,,,,,,,,,,,,,,,,2,2,0,2,1,2,0,1,1,0,0,0,0,2,2,2,1,,,,,,0,,0,00,2,2,2,1
Lambda Method,"org.apache.pdfbox.pdmodel.graphics.blend.BlendMode.(lambda_expr_8)(,)",pdfbox/src/main/java/org/apache/pdfbox/pdmodel/graphics/blend/BlendMode.java,,,,,,,,,,,,,,,,,,,,,,,,,2,12,0,12,3,7,0,2,2,3,4,1,4,3,3,3,1,,,,,,0,,0,00,3,3,3,1
Lambda Method,"org.apache.pdfbox.pdmodel.graphics.blend.BlendMode.(lambda_expr_9)(,)",pdfbox/src/main/java/org/apache/pdfbox/pdmodel/graphics/blend/BlendMode.java,,,,,,,,,,,,,,,,,,,,,,,,,2,1,0,1,1,1,0,2,1,0,0,0,0,1,1,1,1,,,,,,0,,0,00,1,1,1,1
Public Interface,"org.apache.pdfbox.pdmodel.graphics.blend.BlendMode.BlendChannelFunction",pdfbox/src/main/java/org/apache/pdfbox/pdmodel/graphics/blend/BlendMode.java,0,0,0,0,0,0,0,0,0,1,0,,0,0,,,1,0,1,1,1,0,0,0,,12,0,5,3,0,7,,,1,2,2,0,,,,,0,0,0,0,0,0,0,1,40,0,0,0,0
Abstract Method,"org.apache.pdfbox.pdmodel.graphics.blend.BlendMode.BlendChannelFunction.blendChannel(float,float)",pdfbox/src/main/java/org/apache/pdfbox/pdmodel/graphics/blend/BlendMode.java,,,,,,,,,,,,,,,,,,,,,,,,,12,8,0,1,1,0,7,1,0,1,1,1,0,0,0,0,0,,,,,,0,,7,00,0,0,0,0
Public Interface,"org.apache.pdfbox.pdmodel.graphics.blend.BlendMode.BlendFunction",pdfbox/src/main/java/org/apache/pdfbox/pdmodel/graphics/blend/BlendMode.java,0,0,0,0,0,0,0,0,0,1,0,,0,0,,,1,0,1,1,1,0,0,0,,12,0,5,3,0,7,,,1,2,2,0,,,,,0,0,0,0,0,0,0,1,40,0,0,0,0
Abstract Method,"org.apache.pdfbox.pdmodel.graphics.blend.BlendMode.BlendFunction.blend(float[],float[],float[])",pdfbox/src/main/java/org/apache/pdfbox/pdmodel/graphics/blend/BlendMode.java,,,,,,,,,,,,,,,,,,,,,,,,,1,8,0,1,1,0,7,0,0,1,1,1,0,0,0,0,0,,,,,,0,,7,00,0,0,0,0
Private Constructor,"org.apache.pdfbox.pdmodel.graphics.blend.BlendMode.BlendMode(COSName,BlendChannelFunction,BlendFunction)",pdfbox/src/main/java/org/apache/pdfbox/pdmodel/graphics/blend/BlendMode.java,,,,,,,,,,,,,,,,,,,,,,,,,3,14,0,7,1,4,7,5,1,4,5,1,4,1,1,1,1,,,,,,0,,1,00,1,1,1,1
Private Static Method,"org.apache.pdfbox.pdmodel.graphics.blend.BlendMode.createBlendModeMap()",pdfbox/src/main/java/org/apache/pdfbox/pdmodel/graphics/blend/BlendMode.java,,,,,,,,,,,,,,,,,,,,,,,,,33,23,0,22,2,19,1,3,1,19,20,2,19,1,1,1,1,,,,,,0,,0,05,1,1,1,1
Private Static Method,"org.apache.pdfbox.pdmodel.graphics.blend.BlendMode.get255Value(float)",pdfbox/src/main/java/org/apache/pdfbox/pdmodel/graphics/blend/BlendMode.java,,,,,,,,,,,,,,,,,,,,,,,,,3,4,0,4,1,1,0,2,1,1,2,1,1,2,2,2,1,,,,,,0,,0,00,2,2,2,1
Public Method,"org.apache.pdfbox.pdmodel.graphics.blend.BlendMode.getBlendChannelFunction()",pdfbox/src/main/java/org/apache/pdfbox/pdmodel/graphics/blend/BlendMode.java,,,,,,,,,,,,,,,,,,,,,,,,,18,9,0,4,1,1,5,1,1,1,2,1,1,1,1,1,1,,,,,,0,,1,25,1,1,1,1
Public Method,"org.apache.pdfbox.pdmodel.graphics.blend.BlendMode.getBlendFunction()",pdfbox/src/main/java/org/apache/pdfbox/pdmodel/graphics/blend/BlendMode.java,,,,,,,,,,,,,,,,,,,,,,,,,18,9,0,4,1,1,5,1,1,1,2,1,1,1,1,1,1,,,,,,0,,1,25,1,1,1,1
Public Method,"org.apache.pdfbox.pdmodel.graphics.blend.BlendMode.getCOSName()",pdfbox/src/main/java/org/apache/pdfbox/pdmodel/graphics/blend/BlendMode.java,,,,,,,,,,,,,,,,,,,,,,,,,18,9,0,4,1,1,5,1,1,1,2,1,1,1,1,1,1,,,,,,0,,1,25,1,1,1,1
Public Static Method,"org.apache.pdfbox.pdmodel.graphics.blend.BlendMode.getInstance(COSBase)",pdfbox/src/main/java/org/apache/pdfbox/pdmodel/graphics/blend/BlendMode.java,,,,,,,,,,,,,,,,,,,,,,,,,5,31,0,25,4,12,6,4,6,9,15,5,11,7,7,7,6,,,,,,4,,0,24,7,7,7,6
Private Static Method,"org.apache.pdfbox.pdmodel.graphics.blend.BlendMode.getLuminosityRGB(float[],float[],float[])",pdfbox/src/main/java/org/apache/pdfbox/pdmodel/graphics/blend/BlendMode.java,,,,,,,,,,,,,,,,,,,,,,,,,4,37,1,36,15,24,0,4,3,24,27,15,18,5,5,5,1,,,,,,2,,0,00,5,5,5,1
Private Static Method,"org.apache.pdfbox.pdmodel.graphics.blend.BlendMode.getSaturationRGB(float[],float[],float[])",pdfbox/src/main/java/org/apache/pdfbox/pdmodel/graphics/blend/BlendMode.java,,,,,,,,,,,,,,,,,,,,,,,,,3,65,9,55,20,38,1,4,6,34,39,20,31,5,5,5,1,,,,,,2,,0,02,5,5,5,1
Public Method,"org.apache.pdfbox.pdmodel.graphics.blend.BlendMode.isSeparableBlendMode()",pdfbox/src/main/java/org/apache/pdfbox/pdmodel/graphics/blend/BlendMode.java,,,,,,,,,,,,,,,,,,,,,,,,,18,9,0,4,1,1,5,1,1,1,2,1,1,1,1,1,1,,,,,,0,,1,25,1,1,1,1
Class,"org.apache.pdfbox.pdmodel.graphics.blend.BlendModeTest",pdfbox/src/test/java/org/apache/pdfbox/pdmodel/graphics/blend/BlendModeTest.java,1,1,1,1,10,0,10,0,1,6,0,,0,0,,,17,0,17,29,17,0,0,0,,209,22,180,37,109,7,,,106,124,20,106,,,,,1,1,1,1,1,0,0,0,04,17,17,17,17
Method,"org.apache.pdfbox.pdmodel.graphics.blend.BlendModeTest.testBlendModeColor()",pdfbox/src/test/java/org/apache/pdfbox/pdmodel/graphics/blend/BlendModeTest.java,,,,,,,,,,,,,,,,,,,,,,,,,2,8,0,8,2,4,0,8,1,4,5,1,4,1,1,1,1,,,,,,0,,0,00,1,1,1,1
Method,"org.apache.pdfbox.pdmodel.graphics.blend.BlendModeTest.testBlendModeColorBurn()",pdfbox/src/test/java/org/apache/pdfbox/pdmodel/graphics/blend/BlendModeTest.java,,,,,,,,,,,,,,,,,,,,,,,,,2,10,0,10,2,6,0,9,1,6,7,1,6,1,1,1,1,,,,,,0,,0,00,1,1,1,1
Method,"org.apache.pdfbox.pdmodel.graphics.blend.BlendModeTest.testBlendModeColorDodge()",pdfbox/src/test/java/org/apache/pdfbox/pdmodel/graphics/blend/BlendModeTest.java,,,,,,,,,,,,,,,,,,,,,,,,,2,10,0,10,2,6,0,9,1,6,7,1,6,1,1,1,1,,,,,,0,,0,00,1,1,1,1
Method,"org.apache.pdfbox.pdmodel.graphics.blend.BlendModeTest.testBlendModeDarken()",pdfbox/src/test/java/org/apache/pdfbox/pdmodel/graphics/blend/BlendModeTest.java,,,,,,,,,,,,,,,,,,,,,,,,,2,9,0,9,2,5,0,9,1,5,6,1,5,1,1,1,1,,,,,,0,,0,00,1,1,1,1
Method,"org.apache.pdfbox.pdmodel.graphics.blend.BlendModeTest.testBlendModeDifference()",pdfbox/src/test/java/org/apache/pdfbox/pdmodel/graphics/blend/BlendModeTest.java,,,,,,,,,,,,,,,,,,,,,,,,,2,9,0,9,2,5,0,9,1,5,6,1,5,1,1,1,1,,,,,,0,,0,00,1,1,1,1
Method,"org.apache.pdfbox.pdmodel.graphics.blend.BlendModeTest.testBlendModeExclusion()",pdfbox/src/test/java/org/apache/pdfbox/pdmodel/graphics/blend/BlendModeTest.java,,,,,,,,,,,,,,,,,,,,,,,,,2,8,0,8,2,4,0,8,1,4,5,1,4,1,1,1,1,,,,,,0,,0,00,1,1,1,1
Method,"org.apache.pdfbox.pdmodel.graphics.blend.BlendModeTest.testBlendModeHardLight()",pdfbox/src/test/java/org/apache/pdfbox/pdmodel/graphics/blend/BlendModeTest.java,,,,,,,,,,,,,,,,,,,,,,,,,2,12,0,12,2,8,0,9,1,7,8,1,7,1,1,1,1,,,,,,0,,0,00,1,1,1,1
Method,"org.apache.pdfbox.pdmodel.graphics.blend.BlendModeTest.testBlendModeHue()",pdfbox/src/test/java/org/apache/pdfbox/pdmodel/graphics/blend/BlendModeTest.java,,,,,,,,,,,,,,,,,,,,,,,,,2,8,0,8,2,4,0,8,1,4,5,1,4,1,1,1,1,,,,,,0,,0,00,1,1,1,1
Method,"org.apache.pdfbox.pdmodel.graphics.blend.BlendModeTest.testBlendModeLighten()",pdfbox/src/test/java/org/apache/pdfbox/pdmodel/graphics/blend/BlendModeTest.java,,,,,,,,,,,,,,,,,,,,,,,,,2,9,0,9,2,5,0,9,1,5,6,1,5,1,1,1,1,,,,,,0,,0,00,1,1,1,1
Method,"org.apache.pdfbox.pdmodel.graphics.blend.BlendModeTest.testBlendModeLuminosity()",pdfbox/src/test/java/org/apache/pdfbox/pdmodel/graphics/blend/BlendModeTest.java,,,,,,,,,,,,,,,,,,,,,,,,,2,8,0,8,2,4,0,8,1,4,5,1,4,1,1,1,1,,,,,,0,,0,00,1,1,1,1
Method,"org.apache.pdfbox.pdmodel.graphics.blend.BlendModeTest.testBlendModeMultiply()",pdfbox/src/test/java/org/apache/pdfbox/pdmodel/graphics/blend/BlendModeTest.java,,,,,,,,,,,,,,,,,,,,,,,,,2,9,0,9,2,5,0,9,1,5,6,1,5,1,1,1,1,,,,,,0,,0,00,1,1,1,1
Method,"org.apache.pdfbox.pdmodel.graphics.blend.BlendModeTest.testBlendModeNormal()",pdfbox/src/test/java/org/apache/pdfbox/pdmodel/graphics/blend/BlendModeTest.java,,,,,,,,,,,,,,,,,,,,,,,,,3,11,1,10,2,6,0,9,1,6,7,1,6,1,1,1,1,,,,,,0,,0,00,1,1,1,1
Method,"org.apache.pdfbox.pdmodel.graphics.blend.BlendModeTest.testBlendModeOverlay()",pdfbox/src/test/java/org/apache/pdfbox/pdmodel/graphics/blend/BlendModeTest.java,,,,,,,,,,,,,,,,,,,,,,,,,2,10,0,10,2,6,0,9,1,6,7,1,6,1,1,1,1,,,,,,0,,0,00,1,1,1,1
Method,"org.apache.pdfbox.pdmodel.graphics.blend.BlendModeTest.testBlendModeSaturation()",pdfbox/src/test/java/org/apache/pdfbox/pdmodel/graphics/blend/BlendModeTest.java,,,,,,,,,,,,,,,,,,,,,,,,,2,8,0,8,2,4,0,8,1,4,5,1,4,1,1,1,1,,,,,,0,,0,00,1,1,1,1
Method,"org.apache.pdfbox.pdmodel.graphics.blend.BlendModeTest.testBlendModeScreen()",pdfbox/src/test/java/org/apache/pdfbox/pdmodel/graphics/blend/BlendModeTest.java,,,,,,,,,,,,,,,,,,,,,,,,,2,9,0,9,2,5,0,9,1,5,6,1,5,1,1,1,1,,,,,,0,,0,00,1,1,1,1
Method,"org.apache.pdfbox.pdmodel.graphics.blend.BlendModeTest.testBlendModeSoftLight()",pdfbox/src/test/java/org/apache/pdfbox/pdmodel/graphics/blend/BlendModeTest.java,,,,,,,,,,,,,,,,,,,,,,,,,2,13,0,13,2,9,0,9,1,7,8,1,7,1,1,1,1,,,,,,0,,0,00,1,1,1,1
Method,"org.apache.pdfbox.pdmodel.graphics.blend.BlendModeTest.testInstances()",pdfbox/src/test/java/org/apache/pdfbox/pdmodel/graphics/blend/BlendModeTest.java,,,,,,,,,,,,,,,,,,,,,,,,,33,33,3,27,4,23,3,5,1,23,24,3,23,1,1,1,1,,,,,,0,,0,11,1,1,1,1
Package,"org.apache.pdfbox.pdmodel.graphics.color",pdfbox/src/main/java/org/apache/pdfbox/pdmodel/graphics/color/PDCalGray.java,1,1,1,1,13,0,9,2,,,,27,8,16,26,,253,53,261,,4,26,12,219,,4812,467,2948,952,1252,1404,,,1350,1827,882,1127,,,,,29,29,36,22,,5,,0,48,446,442,470,302
Public Abstract Class,"org.apache.pdfbox.pdmodel.graphics.color.PDCIEBasedColorSpace",pdfbox/src/main/java/org/apache/pdfbox/pdmodel/graphics/color/PDCIEBasedColorSpace.java,1,1,1,1,17,2,11,3,1,6,2,,0,0,,,3,0,3,29,0,0,0,3,,66,10,38,13,19,19,,,21,27,12,20,,,,,3,3,3,1,2,2,0,0,50,5,5,5,3
Public Method,"org.apache.pdfbox.pdmodel.graphics.color.PDCIEBasedColorSpace.toRGBImage(WritableRaster)",pdfbox/src/main/java/org/apache/pdfbox/pdmodel/graphics/color/PDCIEBasedColorSpace.java,,,,,,,,,,,,,,,,,,,,,,,,,2,39,8,25,8,17,6,8,3,19,22,9,18,3,3,3,1,,,,,,2,,0,24,3,3,3,1
Public Method,"org.apache.pdfbox.pdmodel.graphics.color.PDCIEBasedColorSpace.toRawImage(WritableRaster)",pdfbox/src/main/java/org/apache/pdfbox/pdmodel/graphics/color/PDCIEBasedColorSpace.java,,,,,,,,,,,,,,,,,,,,,,,,,0,7,0,5,2,1,2,1,1,1,2,1,1,1,1,1,1,,,,,,0,,0,40,1,1,1,1
Public Method,"org.apache.pdfbox.pdmodel.graphics.color.PDCIEBasedColorSpace.toString()",pdfbox/src/main/java/org/apache/pdfbox/pdmodel/graphics/color/PDCIEBasedColorSpace.java,,,,,,,,,,,,,,,,,,,,,,,,,0,5,0,5,2,1,1,2,1,1,2,1,1,1,1,1,1,,,,,,0,,0,20,1,1,1,1
Public Abstract Class,"org.apache.pdfbox.pdmodel.graphics.color.PDCIEDictionaryBasedColorSpace",pdfbox/src/main/java/org/apache/pdfbox/pdmodel/graphics/color/PDCIEDictionaryBasedColorSpace.java,1,1,1,1,13,0,9,4,1,8,3,,0,1,,,9,4,9,38,0,1,4,4,,152,14,90,17,46,48,,,37,53,17,39,,,,,4,4,4,1,3,1,66,0,53,15,15,17,9
Protected Constructor,"org.apache.pdfbox.pdmodel.graphics.color.PDCIEDictionaryBasedColorSpace.PDCIEDictionaryBasedColorSpace(COSArray)",pdfbox/src/main/java/org/apache/pdfbox/pdmodel/graphics/color/PDCIEDictionaryBasedColorSpace.java,,,,,,,,,,,,,,,,,,,,,,,,,5,12,1,6,1,3,5,6,1,3,4,1,3,1,1,1,1,,,,,,0,,0,83,1,1,1,1
Protected Constructor,"org.apache.pdfbox.pdmodel.graphics.color.PDCIEDictionaryBasedColorSpace.PDCIEDictionaryBasedColorSpace(COSName)",pdfbox/src/main/java/org/apache/pdfbox/pdmodel/graphics/color/PDCIEDictionaryBasedColorSpace.java,,,,,,,,,,,,,,,,,,,,,,,,,6,9,1,8,1,5,0,8,1,5,6,1,5,1,1,1,1,,,,,,0,,0,00,1,1,1,1
Protected Method,"org.apache.pdfbox.pdmodel.graphics.color.PDCIEDictionaryBasedColorSpace.convXYZtoRGB(float,float,float)",pdfbox/src/main/java/org/apache/pdfbox/pdmodel/graphics/color/PDCIEDictionaryBasedColorSpace.java,,,,,,,,,,,,,,,,,,,,,,,,,7,22,0,19,1,9,3,2,8,4,8,1,7,4,4,4,1,,,,,,1,,0,16,4,4,4,1
Private Method,"org.apache.pdfbox.pdmodel.graphics.color.PDCIEDictionaryBasedColorSpace.fillWhitepointCache(PDTristimulus)",pdfbox/src/main/java/org/apache/pdfbox/pdmodel/graphics/color/PDCIEDictionaryBasedColorSpace.java,,,,,,,,,,,,,,,,,,,,,,,,,4,6,0,6,1,3,0,6,1,3,4,1,3,1,1,1,1,,,,,,0,,0,00,1,1,1,1
Public Final Method,"org.apache.pdfbox.pdmodel.graphics.color.PDCIEDictionaryBasedColorSpace.getBlackPoint()",pdfbox/src/main/java/org/apache/pdfbox/pdmodel/graphics/color/PDCIEDictionaryBasedColorSpace.java,,,,,,,,,,,,,,,,,,,,,,,,,3,19,0,12,2,7,7,6,2,6,8,2,7,2,2,2,1,,,,,,1,,0,58,2,2,2,1
Public Final Method,"org.apache.pdfbox.pdmodel.graphics.color.PDCIEDictionaryBasedColorSpace.getWhitepoint()",pdfbox/src/main/java/org/apache/pdfbox/pdmodel/graphics/color/PDCIEDictionaryBasedColorSpace.java,,,,,,,,,,,,,,,,,,,,,,,,,5,19,0,12,2,7,7,6,2,6,8,2,7,2,2,2,1,,,,,,1,,0,58,2,2,2,1
Protected Method,"org.apache.pdfbox.pdmodel.graphics.color.PDCIEDictionaryBasedColorSpace.isWhitePoint()",pdfbox/src/main/java/org/apache/pdfbox/pdmodel/graphics/color/PDCIEDictionaryBasedColorSpace.java,,,,,,,,,,,,,,,,,,,,,,,,,5,11,0,6,1,3,5,2,1,1,2,1,1,1,1,3,1,,,,,,0,,0,83,1,1,3,1
Public Method,"org.apache.pdfbox.pdmodel.graphics.color.PDCIEDictionaryBasedColorSpace.setBlackPoint(PDTristimulus)",pdfbox/src/main/java/org/apache/pdfbox/pdmodel/graphics/color/PDCIEDictionaryBasedColorSpace.java,,,,,,,,,,,,,,,,,,,,,,,,,4,9,0,4,1,1,5,1,1,1,2,1,1,1,1,1,1,,,,,,0,,1,25,1,1,1,1
Public Method,"org.apache.pdfbox.pdmodel.graphics.color.PDCIEDictionaryBasedColorSpace.setWhitePoint(PDTristimulus)",pdfbox/src/main/java/org/apache/pdfbox/pdmodel/graphics/color/PDCIEDictionaryBasedColorSpace.java,,,,,,,,,,,,,,,,,,,,,,,,,4,16,0,9,1,4,7,3,2,3,5,1,4,2,2,2,1,,,,,,1,,0,78,2,2,2,1
Public Final Class,"org.apache.pdfbox.pdmodel.graphics.color.PDCalGray",pdfbox/src/main/java/org/apache/pdfbox/pdmodel/graphics/color/PDCalGray.java,1,1,1,1,8,0,6,2,1,10,0,,0,0,,,9,2,9,47,0,0,0,9,,103,10,63,21,22,30,,,19,31,16,20,,,,,3,3,3,3,4,2,88,0,48,11,11,11,11
Public Constructor,"org.apache.pdfbox.pdmodel.graphics.color.PDCalGray.PDCalGray()",pdfbox/src/main/java/org/apache/pdfbox/pdmodel/graphics/color/PDCalGray.java,,,,,,,,,,,,,,,,,,,,,,,,,1,7,0,4,1,1,3,2,1,1,2,1,1,1,1,1,1,,,,,,0,,0,75,1,1,1,1
Public Constructor,"org.apache.pdfbox.pdmodel.graphics.color.PDCalGray.PDCalGray(COSArray)",pdfbox/src/main/java/org/apache/pdfbox/pdmodel/graphics/color/PDCalGray.java,,,,,,,,,,,,,,,,,,,,,,,,,2,9,0,4,1,1,5,2,1,1,2,1,1,1,1,1,1,,,,,,0,,1,25,1,1,1,1
Public Method,"org.apache.pdfbox.pdmodel.graphics.color.PDCalGray.getDefaultDecode(int)",pdfbox/src/main/java/org/apache/pdfbox/pdmodel/graphics/color/PDCalGray.java,,,,,,,,,,,,,,,,,,,,,,,,,0,5,0,5,2,1,0,1,1,1,2,1,1,1,1,1,1,,,,,,0,,0,00,1,1,1,1
Public Method,"org.apache.pdfbox.pdmodel.graphics.color.PDCalGray.getGamma()",pdfbox/src/main/java/org/apache/pdfbox/pdmodel/graphics/color/PDCalGray.java,,,,,,,,,,,,,,,,,,,,,,,,,3,10,0,4,1,1,6,2,1,1,2,1,1,1,1,1,1,,,,,,0,,1,50,1,1,1,1
Public Method,"org.apache.pdfbox.pdmodel.graphics.color.PDCalGray.getInitialColor()",pdfbox/src/main/java/org/apache/pdfbox/pdmodel/graphics/color/PDCalGray.java,,,,,,,,,,,,,,,,,,,,,,,,,1,5,0,5,2,1,0,1,1,1,2,1,1,1,1,1,1,,,,,,0,,0,00,1,1,1,1
Public Method,"org.apache.pdfbox.pdmodel.graphics.color.PDCalGray.getName()",pdfbox/src/main/java/org/apache/pdfbox/pdmodel/graphics/color/PDCalGray.java,,,,,,,,,,,,,,,,,,,,,,,,,1,5,0,5,2,1,0,2,1,1,2,1,1,1,1,1,1,,,,,,0,,0,00,1,1,1,1
Public Method,"org.apache.pdfbox.pdmodel.graphics.color.PDCalGray.getNumberOfComponents()",pdfbox/src/main/java/org/apache/pdfbox/pdmodel/graphics/color/PDCalGray.java,,,,,,,,,,,,,,,,,,,,,,,,,0,5,0,5,2,1,0,1,1,1,2,1,1,1,1,1,1,,,,,,0,,0,00,1,1,1,1
Public Method,"org.apache.pdfbox.pdmodel.graphics.color.PDCalGray.setGamma(float)",pdfbox/src/main/java/org/apache/pdfbox/pdmodel/graphics/color/PDCalGray.java,,,,,,,,,,,,,,,,,,,,,,,,,3,9,0,4,1,1,5,2,1,1,2,1,1,1,1,1,1,,,,,,0,,1,25,1,1,1,1
Public Method,"org.apache.pdfbox.pdmodel.graphics.color.PDCalGray.toRGB(float[])",pdfbox/src/main/java/org/apache/pdfbox/pdmodel/graphics/color/PDCalGray.java,,,,,,,,,,,,,,,,,,,,,,,,,2,23,0,22,6,12,1,8,3,9,12,5,10,3,3,3,3,,,,,,2,,0,05,3,3,3,3
Public Class,"org.apache.pdfbox.pdmodel.graphics.color.PDCalRGB",pdfbox/src/main/java/org/apache/pdfbox/pdmodel/graphics/color/PDCalRGB.java,1,1,1,1,13,0,10,2,1,10,0,,0,0,,,11,1,11,49,0,0,0,11,,168,14,117,43,62,37,,,55,72,38,43,,,,,2,2,2,1,4,1,90,0,32,16,16,16,11
Public Constructor,"org.apache.pdfbox.pdmodel.graphics.color.PDCalRGB.PDCalRGB()",pdfbox/src/main/java/org/apache/pdfbox/pdmodel/graphics/color/PDCalRGB.java,,,,,,,,,,,,,,,,,,,,,,,,,1,7,0,4,1,1,3,2,1,1,2,1,1,1,1,1,1,,,,,,0,,0,75,1,1,1,1
Public Constructor,"org.apache.pdfbox.pdmodel.graphics.color.PDCalRGB.PDCalRGB(COSArray)",pdfbox/src/main/java/org/apache/pdfbox/pdmodel/graphics/color/PDCalRGB.java,,,,,,,,,,,,,,,,,,,,,,,,,2,8,0,4,1,1,4,2,1,1,2,1,1,1,1,1,1,,,,,,0,,1,00,1,1,1,1
Public Method,"org.apache.pdfbox.pdmodel.graphics.color.PDCalRGB.getDefaultDecode(int)",pdfbox/src/main/java/org/apache/pdfbox/pdmodel/graphics/color/PDCalRGB.java,,,,,,,,,,,,,,,,,,,,,,,,,0,5,0,5,2,1,0,1,1,1,2,1,1,1,1,1,1,,,,,,0,,0,00,1,1,1,1
Public Final Method,"org.apache.pdfbox.pdmodel.graphics.color.PDCalRGB.getGamma()",pdfbox/src/main/java/org/apache/pdfbox/pdmodel/graphics/color/PDCalRGB.java,,,,,,,,,,,,,,,,,,,,,,,,,3,18,0,13,2,8,5,7,2,7,9,2,8,2,2,2,1,,,,,,1,,0,38,2,2,2,1
Public Method,"org.apache.pdfbox.pdmodel.graphics.color.PDCalRGB.getInitialColor()",pdfbox/src/main/java/org/apache/pdfbox/pdmodel/graphics/color/PDCalRGB.java,,,,,,,,,,,,,,,,,,,,,,,,,1,5,0,5,2,1,0,1,1,1,2,1,1,1,1,1,1,,,,,,0,,0,00,1,1,1,1
Public Final Method,"org.apache.pdfbox.pdmodel.graphics.color.PDCalRGB.getMatrix()",pdfbox/src/main/java/org/apache/pdfbox/pdmodel/graphics/color/PDCalRGB.java,,,,,,,,,,,,,,,,,,,,,,,,,3,17,0,12,2,5,5,3,2,3,5,2,4,2,2,2,1,,,,,,1,,0,42,2,2,2,1
Public Method,"org.apache.pdfbox.pdmodel.graphics.color.PDCalRGB.getName()",pdfbox/src/main/java/org/apache/pdfbox/pdmodel/graphics/color/PDCalRGB.java,,,,,,,,,,,,,,,,,,,,,,,,,1,5,0,5,2,1,0,2,1,1,2,1,1,1,1,1,1,,,,,,0,,0,00,1,1,1,1
Public Method,"org.apache.pdfbox.pdmodel.graphics.color.PDCalRGB.getNumberOfComponents()",pdfbox/src/main/java/org/apache/pdfbox/pdmodel/graphics/color/PDCalRGB.java,,,,,,,,,,,,,,,,,,,,,,,,,0,5,0,5,2,1,0,1,1,1,2,1,1,1,1,1,1,,,,,,0,,0,00,1,1,1,1
Public Final Method,"org.apache.pdfbox.pdmodel.graphics.color.PDCalRGB.setGamma(PDGamma)",pdfbox/src/main/java/org/apache/pdfbox/pdmodel/graphics/color/PDCalRGB.java,,,,,,,,,,,,,,,,,,,,,,,,,3,13,0,9,2,4,4,2,2,3,5,2,3,2,2,2,1,,,,,,1,,0,44,2,2,2,1
Public Final Method,"org.apache.pdfbox.pdmodel.graphics.color.PDCalRGB.setMatrix(Matrix)",pdfbox/src/main/java/org/apache/pdfbox/pdmodel/graphics/color/PDCalRGB.java,,,,,,,,,,,,,,,,,,,,,,,,,3,25,0,19,3,14,6,5,2,13,15,3,13,2,2,2,1,,,,,,1,,0,32,2,2,2,1
Public Method,"org.apache.pdfbox.pdmodel.graphics.color.PDCalRGB.toRGB(float[])",pdfbox/src/main/java/org/apache/pdfbox/pdmodel/graphics/color/PDCalRGB.java,,,,,,,,,,,,,,,,,,,,,,,,,1,38,3,32,22,24,3,9,2,22,24,21,8,2,2,2,1,,,,,,1,,0,09,2,2,2,1
Public Final Class,"org.apache.pdfbox.pdmodel.graphics.color.PDColor",pdfbox/src/main/java/org/apache/pdfbox/pdmodel/graphics/color/PDColor.java,1,1,1,1,12,0,7,4,1,10,0,,0,0,,,11,3,11,23,0,0,0,11,,166,12,92,22,40,62,,,41,58,23,40,,,,,4,4,5,1,1,2,27,0,67,16,16,18,11
Public Constructor,"org.apache.pdfbox.pdmodel.graphics.color.PDColor.PDColor(COSArray,PDColorSpace)",pdfbox/src/main/java/org/apache/pdfbox/pdmodel/graphics/color/PDColor.java,,,,,,,,,,,,,,,,,,,,,,,,,11,31,1,22,1,11,8,7,4,11,15,3,12,4,4,5,1,,,,,,2,,0,36,4,4,5,1
Public Constructor,"org.apache.pdfbox.pdmodel.graphics.color.PDColor.PDColor(COSName,PDColorSpace)",pdfbox/src/main/java/org/apache/pdfbox/pdmodel/graphics/color/PDColor.java,,,,,,,,,,,,,,,,,,,,,,,,,3,11,0,6,1,3,5,4,1,3,4,1,3,1,1,1,1,,,,,,0,,0,83,1,1,1,1
Public Constructor,"org.apache.pdfbox.pdmodel.graphics.color.PDColor.PDColor(float[],COSName,PDColorSpace)",pdfbox/src/main/java/org/apache/pdfbox/pdmodel/graphics/color/PDColor.java,,,,,,,,,,,,,,,,,,,,,,,,,5,12,0,6,1,3,6,5,1,3,4,1,3,1,1,1,1,,,,,,0,,1,00,1,1,1,1
Public Constructor,"org.apache.pdfbox.pdmodel.graphics.color.PDColor.PDColor(float[],PDColorSpace)",pdfbox/src/main/java/org/apache/pdfbox/pdmodel/graphics/color/PDColor.java,,,,,,,,,,,,,,,,,,,,,,,,,23,11,0,6,1,3,5,5,1,3,4,1,3,1,1,1,1,,,,,,0,,0,83,1,1,1,1
Public Method,"org.apache.pdfbox.pdmodel.graphics.color.PDColor.getColorSpace()",pdfbox/src/main/java/org/apache/pdfbox/pdmodel/graphics/color/PDColor.java,,,,,,,,,,,,,,,,,,,,,,,,,12,7,0,4,1,1,3,1,1,1,2,1,1,1,1,1,1,,,,,,0,,0,75,1,1,1,1
Public Method,"org.apache.pdfbox.pdmodel.graphics.color.PDColor.getComponents()",pdfbox/src/main/java/org/apache/pdfbox/pdmodel/graphics/color/PDColor.java,,,,,,,,,,,,,,,,,,,,,,,,,20,16,0,8,1,3,8,4,2,2,4,1,3,2,2,3,1,,,,,,1,,1,00,2,2,3,1
Public Method,"org.apache.pdfbox.pdmodel.graphics.color.PDColor.getPatternName()",pdfbox/src/main/java/org/apache/pdfbox/pdmodel/graphics/color/PDColor.java,,,,,,,,,,,,,,,,,,,,,,,,,4,8,0,4,1,1,4,1,1,1,2,1,1,1,1,1,1,,,,,,0,,1,00,1,1,1,1
Public Method,"org.apache.pdfbox.pdmodel.graphics.color.PDColor.isPattern()",pdfbox/src/main/java/org/apache/pdfbox/pdmodel/graphics/color/PDColor.java,,,,,,,,,,,,,,,,,,,,,,,,,1,8,0,4,1,1,4,1,1,1,2,1,1,1,1,1,1,,,,,,0,,1,00,1,1,1,1
Public Method,"org.apache.pdfbox.pdmodel.graphics.color.PDColor.toCOSArray()",pdfbox/src/main/java/org/apache/pdfbox/pdmodel/graphics/color/PDColor.java,,,,,,,,,,,,,,,,,,,,,,,,,11,14,0,10,2,5,4,4,2,4,6,2,5,2,2,2,1,,,,,,1,,0,40,2,2,2,1
Public Method,"org.apache.pdfbox.pdmodel.graphics.color.PDColor.toRGB()",pdfbox/src/main/java/org/apache/pdfbox/pdmodel/graphics/color/PDColor.java,,,,,,,,,,,,,,,,,,,,,,,,,6,17,0,11,6,8,6,3,1,8,9,6,7,1,1,1,1,,,,,,0,,0,55,1,1,1,1
Public Method,"org.apache.pdfbox.pdmodel.graphics.color.PDColor.toString()",pdfbox/src/main/java/org/apache/pdfbox/pdmodel/graphics/color/PDColor.java,,,,,,,,,,,,,,,,,,,,,,,,,3,5,0,5,2,1,0,2,1,1,2,1,1,1,1,1,1,,,,,,0,,0,00,1,1,1,1
Public Abstract Class,"org.apache.pdfbox.pdmodel.graphics.color.PDColorSpace",pdfbox/src/main/java/org/apache/pdfbox/pdmodel/graphics/color/PDColorSpace.java,5,5,7,4,38,1,28,8,2,33,4,,4,0,,,10,2,14,26,0,1,2,11,,344,22,214,41,102,108,,,65,105,31,84,,,,,29,29,36,22,1,3,85,0,50,39,39,50,30
Public Static Method,"org.apache.pdfbox.pdmodel.graphics.color.PDColorSpace.create(COSBase)",pdfbox/src/main/java/org/apache/pdfbox/pdmodel/graphics/color/PDColorSpace.java,,,,,,,,,,,,,,,,,,,,,,,,,15,10,0,4,1,1,6,2,1,1,2,1,1,1,1,1,1,,,,,,0,,1,50,1,1,1,1
Public Static Method,"org.apache.pdfbox.pdmodel.graphics.color.PDColorSpace.create(COSBase,PDResources)",pdfbox/src/main/java/org/apache/pdfbox/pdmodel/graphics/color/PDColorSpace.java,,,,,,,,,,,,,,,,,,,,,,,,,8,16,0,6,3,1,10,2,1,1,2,1,1,1,1,1,1,,,,,,0,,1,67,1,1,1,1
Public Static Method,"org.apache.pdfbox.pdmodel.graphics.color.PDColorSpace.create(COSBase,PDResources,boolean)",pdfbox/src/main/java/org/apache/pdfbox/pdmodel/graphics/color/PDColorSpace.java,,,,,,,,,,,,,,,,,,,,,,,,,23,166,5,143,10,73,18,25,87,34,63,7,58,29,29,36,22,,,,,,3,,0,13,29,29,36,22
Private Static Method,"org.apache.pdfbox.pdmodel.graphics.color.PDColorSpace.createFromCOSObject(COSObject,PDResources)",pdfbox/src/main/java/org/apache/pdfbox/pdmodel/graphics/color/PDColorSpace.java,,,,,,,,,,,,,,,,,,,,,,,,,3,21,0,21,5,10,0,6,5,8,12,4,10,4,4,7,3,,,,,,2,,0,00,4,4,7,3
Public Method,"org.apache.pdfbox.pdmodel.graphics.color.PDColorSpace.getCOSObject()",pdfbox/src/main/java/org/apache/pdfbox/pdmodel/graphics/color/PDColorSpace.java,,,,,,,,,,,,,,,,,,,,,,,,,10,5,0,5,2,1,0,1,1,1,2,1,1,1,1,1,1,,,,,,0,,0,00,1,1,1,1
Public Abstract Method,"org.apache.pdfbox.pdmodel.graphics.color.PDColorSpace.getDefaultDecode(int)",pdfbox/src/main/java/org/apache/pdfbox/pdmodel/graphics/color/PDColorSpace.java,,,,,,,,,,,,,,,,,,,,,,,,,3,6,0,1,1,0,5,1,0,1,1,1,0,0,0,0,0,,,,,,0,,5,00,0,0,0,0
Public Abstract Method,"org.apache.pdfbox.pdmodel.graphics.color.PDColorSpace.getInitialColor()",pdfbox/src/main/java/org/apache/pdfbox/pdmodel/graphics/color/PDColorSpace.java,,,,,,,,,,,,,,,,,,,,,,,,,3,5,0,1,1,0,4,1,0,1,1,1,0,0,0,0,0,,,,,,0,,4,00,0,0,0,0
Public Abstract Method,"org.apache.pdfbox.pdmodel.graphics.color.PDColorSpace.getName()",pdfbox/src/main/java/org/apache/pdfbox/pdmodel/graphics/color/PDColorSpace.java,,,,,,,,,,,,,,,,,,,,,,,,,19,5,0,1,1,0,4,1,0,1,1,1,0,0,0,0,0,,,,,,0,,4,00,0,0,0,0
Public Abstract Method,"org.apache.pdfbox.pdmodel.graphics.color.PDColorSpace.getNumberOfComponents()",pdfbox/src/main/java/org/apache/pdfbox/pdmodel/graphics/color/PDColorSpace.java,,,,,,,,,,,,,,,,,,,,,,,,,21,5,0,1,1,0,4,1,0,1,1,1,0,0,0,0,0,,,,,,0,,4,00,0,0,0,0
Public Abstract Method,"org.apache.pdfbox.pdmodel.graphics.color.PDColorSpace.toRGB(float[])",pdfbox/src/main/java/org/apache/pdfbox/pdmodel/graphics/color/PDColorSpace.java,,,,,,,,,,,,,,,,,,,,,,,,,13,7,0,1,1,0,6,1,0,1,1,1,0,0,0,0,0,,,,,,0,,6,00,0,0,0,0
Public Abstract Method,"org.apache.pdfbox.pdmodel.graphics.color.PDColorSpace.toRGBImage(WritableRaster)",pdfbox/src/main/java/org/apache/pdfbox/pdmodel/graphics/color/PDColorSpace.java,,,,,,,,,,,,,,,,,,,,,,,,,7,7,0,1,1,0,6,1,0,1,1,1,0,0,0,0,0,,,,,,0,,6,00,0,0,0,0
Protected Method,"org.apache.pdfbox.pdmodel.graphics.color.PDColorSpace.toRGBImageAWT(WritableRaster,ColorSpace)",pdfbox/src/main/java/org/apache/pdfbox/pdmodel/graphics/color/PDColorSpace.java,,,,,,,,,,,,,,,,,,,,,,,,,8,38,2,17,7,12,19,14,2,9,11,5,10,2,2,3,1,,,,,,1,,1,12,2,2,3,1
Public Abstract Method,"org.apache.pdfbox.pdmodel.graphics.color.PDColorSpace.toRawImage(WritableRaster)",pdfbox/src/main/java/org/apache/pdfbox/pdmodel/graphics/color/PDColorSpace.java,,,,,,,,,,,,,,,,,,,,,,,,,3,13,0,1,1,0,12,1,0,1,1,1,0,0,0,0,0,,,,,,0,,12,00,0,0,0,0
Protected Final Method,"org.apache.pdfbox.pdmodel.graphics.color.PDColorSpace.toRawImage(WritableRaster,ColorSpace)",pdfbox/src/main/java/org/apache/pdfbox/pdmodel/graphics/color/PDColorSpace.java,,,,,,,,,,,,,,,,,,,,,,,,,6,13,0,6,3,3,7,5,1,2,3,2,2,1,1,1,1,,,,,,0,,1,17,1,1,1,1
Public Class,"org.apache.pdfbox.pdmodel.graphics.color.PDDeviceCMYK",pdfbox/src/main/java/org/apache/pdfbox/pdmodel/graphics/color/PDDeviceCMYK.java,1,1,1,1,13,0,11,1,1,17,1,,0,1,,,11,4,11,39,0,0,4,7,,181,19,136,40,63,26,,,57,80,33,57,,,,,6,6,6,3,3,5,87,0,19,20,20,20,13
Protected Constructor,"org.apache.pdfbox.pdmodel.graphics.color.PDDeviceCMYK.PDDeviceCMYK()",pdfbox/src/main/java/org/apache/pdfbox/pdmodel/graphics/color/PDDeviceCMYK.java,,,,,,,,,,,,,,,,,,,,,,,,,0,3,0,3,1,0,0,1,1,0,1,1,0,1,1,1,1,,,,,,0,,0,00,1,1,1,1
Public Method,"org.apache.pdfbox.pdmodel.graphics.color.PDDeviceCMYK.getDefaultDecode(int)",pdfbox/src/main/java/org/apache/pdfbox/pdmodel/graphics/color/PDDeviceCMYK.java,,,,,,,,,,,,,,,,,,,,,,,,,0,5,0,5,2,1,0,1,1,1,2,1,1,1,1,1,1,,,,,,0,,0,00,1,1,1,1
Protected Method,"org.apache.pdfbox.pdmodel.graphics.color.PDDeviceCMYK.getICCProfile()",pdfbox/src/main/java/org/apache/pdfbox/pdmodel/graphics/color/PDDeviceCMYK.java,,,,,,,,,,,,,,,,,,,,,,,,,1,18,1,13,3,6,4,5,2,4,7,3,5,2,2,2,1,,,,,,1,,0,31,2,2,2,1
Public Method,"org.apache.pdfbox.pdmodel.graphics.color.PDDeviceCMYK.getInitialColor()",pdfbox/src/main/java/org/apache/pdfbox/pdmodel/graphics/color/PDDeviceCMYK.java,,,,,,,,,,,,,,,,,,,,,,,,,1,5,0,5,2,1,0,1,1,1,2,1,1,1,1,1,1,,,,,,0,,0,00,1,1,1,1
Public Method,"org.apache.pdfbox.pdmodel.graphics.color.PDDeviceCMYK.getName()",pdfbox/src/main/java/org/apache/pdfbox/pdmodel/graphics/color/PDDeviceCMYK.java,,,,,,,,,,,,,,,,,,,,,,,,,2,5,0,5,2,1,0,2,1,1,2,1,1,1,1,1,1,,,,,,0,,0,00,1,1,1,1
Public Method,"org.apache.pdfbox.pdmodel.graphics.color.PDDeviceCMYK.getNumberOfComponents()",pdfbox/src/main/java/org/apache/pdfbox/pdmodel/graphics/color/PDDeviceCMYK.java,,,,,,,,,,,,,,,,,,,,,,,,,0,5,0,5,2,1,0,1,1,1,2,1,1,1,1,1,1,,,,,,0,,0,00,1,1,1,1
Protected Method,"org.apache.pdfbox.pdmodel.graphics.color.PDDeviceCMYK.init()",pdfbox/src/main/java/org/apache/pdfbox/pdmodel/graphics/color/PDDeviceCMYK.java,,,,,,,,,,,,,,,,,,,,,,,,,4,36,2,24,2,13,10,8,4,8,13,2,12,4,4,4,3,,,,,,1,,0,42,4,4,4,3
Public Method,"org.apache.pdfbox.pdmodel.graphics.color.PDDeviceCMYK.toRGB(float[])",pdfbox/src/main/java/org/apache/pdfbox/pdmodel/graphics/color/PDDeviceCMYK.java,,,,,,,,,,,,,,,,,,,,,,,,,3,6,0,6,2,2,0,3,1,2,3,1,2,1,1,1,1,,,,,,0,,0,00,1,1,1,1
Public Method,"org.apache.pdfbox.pdmodel.graphics.color.PDDeviceCMYK.toRGBImage(WritableRaster)",pdfbox/src/main/java/org/apache/pdfbox/pdmodel/graphics/color/PDDeviceCMYK.java,,,,,,,,,,,,,,,,,,,,,,,,,2,6,0,6,2,2,0,3,1,2,3,1,2,1,1,1,1,,,,,,0,,0,00,1,1,1,1
Protected Method,"org.apache.pdfbox.pdmodel.graphics.color.PDDeviceCMYK.toRGBImageAWT(WritableRaster,ColorSpace)",pdfbox/src/main/java/org/apache/pdfbox/pdmodel/graphics/color/PDDeviceCMYK.java,,,,,,,,,,,,,,,,,,,,,,,,,6,53,4,47,13,31,2,15,6,30,36,14,29,6,6,6,1,,,,,,5,,0,04,6,6,6,1
Public Method,"org.apache.pdfbox.pdmodel.graphics.color.PDDeviceCMYK.toRawImage(WritableRaster)",pdfbox/src/main/java/org/apache/pdfbox/pdmodel/graphics/color/PDDeviceCMYK.java,,,,,,,,,,,,,,,,,,,,,,,,,0,7,0,5,2,1,2,1,1,1,2,1,1,1,1,1,1,,,,,,0,,0,40,1,1,1,1
Class,"org.apache.pdfbox.pdmodel.graphics.color.PDDeviceCMYKTest",pdfbox/src/test/java/org/apache/pdfbox/pdmodel/graphics/color/PDDeviceCMYKTest.java,1,1,1,1,5,0,5,0,1,4,0,,0,0,,,1,0,1,13,1,0,0,0,,20,1,14,5,1,5,,,1,5,4,1,,,,,1,1,1,1,1,0,0,0,36,1,1,1,1
Private Static Class,"org.apache.pdfbox.pdmodel.graphics.color.PDDeviceCMYKTest.CustomDeviceCMYK",pdfbox/src/test/java/org/apache/pdfbox/pdmodel/graphics/color/PDDeviceCMYKTest.java,1,1,1,1,3,0,3,0,1,1,0,,0,0,,,1,0,1,40,0,0,1,0,,6,0,6,2,0,0,,,0,2,2,0,,,,,1,1,1,1,4,0,0,0,00,1,1,1,1
Protected Constructor,"org.apache.pdfbox.pdmodel.graphics.color.PDDeviceCMYKTest.CustomDeviceCMYK.CustomDeviceCMYK()",pdfbox/src/test/java/org/apache/pdfbox/pdmodel/graphics/color/PDDeviceCMYKTest.java,,,,,,,,,,,,,,,,,,,,,,,,,1,3,0,3,1,0,0,1,1,0,1,1,0,1,1,1,1,,,,,,0,,0,00,1,1,1,1
Method,"org.apache.pdfbox.pdmodel.graphics.color.PDDeviceCMYKTest.testCMYK()",pdfbox/src/test/java/org/apache/pdfbox/pdmodel/graphics/color/PDDeviceCMYKTest.java,,,,,,,,,,,,,,,,,,,,,,,,,0,5,0,5,2,1,0,2,1,1,2,1,1,1,1,1,1,,,,,,0,,0,00,1,1,1,1
Public Abstract Class,"org.apache.pdfbox.pdmodel.graphics.color.PDDeviceColorSpace",pdfbox/src/main/java/org/apache/pdfbox/pdmodel/graphics/color/PDDeviceColorSpace.java,1,1,1,1,5,0,5,0,1,4,3,,0,0,,,2,0,2,28,0,0,0,2,,19,1,13,5,2,5,,,2,5,3,2,,,,,1,1,1,1,2,0,0,0,38,2,2,2,2
Public Method,"org.apache.pdfbox.pdmodel.graphics.color.PDDeviceColorSpace.getCOSObject()",pdfbox/src/main/java/org/apache/pdfbox/pdmodel/graphics/color/PDDeviceColorSpace.java,,,,,,,,,,,,,,,,,,,,,,,,,0,5,0,5,2,1,0,3,1,1,2,1,1,1,1,1,1,,,,,,0,,0,00,1,1,1,1
Public Method,"org.apache.pdfbox.pdmodel.graphics.color.PDDeviceColorSpace.toString()",pdfbox/src/main/java/org/apache/pdfbox/pdmodel/graphics/color/PDDeviceColorSpace.java,,,,,,,,,,,,,,,,,,,,,,,,,0,5,0,5,2,1,0,2,1,1,2,1,1,1,1,1,1,,,,,,0,,0,00,1,1,1,1
Public Final Class,"org.apache.pdfbox.pdmodel.graphics.color.PDDeviceGray",pdfbox/src/main/java/org/apache/pdfbox/pdmodel/graphics/color/PDDeviceGray.java,1,1,1,1,7,0,6,0,1,8,0,,0,1,,,8,1,8,36,0,1,0,7,,80,12,59,23,21,9,,,23,34,18,21,,,,,3,3,3,1,3,2,87,0,15,10,10,10,8
Private Constructor,"org.apache.pdfbox.pdmodel.graphics.color.PDDeviceGray.PDDeviceGray()",pdfbox/src/main/java/org/apache/pdfbox/pdmodel/graphics/color/PDDeviceGray.java,,,,,,,,,,,,,,,,,,,,,,,,,0,3,0,3,1,0,0,1,1,0,1,1,0,1,1,1,1,,,,,,0,,0,00,1,1,1,1
Public Method,"org.apache.pdfbox.pdmodel.graphics.color.PDDeviceGray.getDefaultDecode(int)",pdfbox/src/main/java/org/apache/pdfbox/pdmodel/graphics/color/PDDeviceGray.java,,,,,,,,,,,,,,,,,,,,,,,,,0,5,0,5,2,1,0,1,1,1,2,1,1,1,1,1,1,,,,,,0,,0,00,1,1,1,1
Public Method,"org.apache.pdfbox.pdmodel.graphics.color.PDDeviceGray.getInitialColor()",pdfbox/src/main/java/org/apache/pdfbox/pdmodel/graphics/color/PDDeviceGray.java,,,,,,,,,,,,,,,,,,,,,,,,,1,5,0,5,2,1,0,1,1,1,2,1,1,1,1,1,1,,,,,,0,,0,00,1,1,1,1
Public Method,"org.apache.pdfbox.pdmodel.graphics.color.PDDeviceGray.getName()",pdfbox/src/main/java/org/apache/pdfbox/pdmodel/graphics/color/PDDeviceGray.java,,,,,,,,,,,,,,,,,,,,,,,,,18,5,0,5,2,1,0,2,1,1,2,1,1,1,1,1,1,,,,,,0,,0,00,1,1,1,1
Public Method,"org.apache.pdfbox.pdmodel.graphics.color.PDDeviceGray.getNumberOfComponents()",pdfbox/src/main/java/org/apache/pdfbox/pdmodel/graphics/color/PDDeviceGray.java,,,,,,,,,,,,,,,,,,,,,,,,,0,5,0,5,2,1,0,1,1,1,2,1,1,1,1,1,1,,,,,,0,,0,00,1,1,1,1
Public Method,"org.apache.pdfbox.pdmodel.graphics.color.PDDeviceGray.toRGB(float[])",pdfbox/src/main/java/org/apache/pdfbox/pdmodel/graphics/color/PDDeviceGray.java,,,,,,,,,,,,,,,,,,,,,,,,,1,5,0,5,2,1,0,1,1,1,2,1,1,1,1,1,1,,,,,,0,,0,00,1,1,1,1
Public Method,"org.apache.pdfbox.pdmodel.graphics.color.PDDeviceGray.toRGBImage(WritableRaster)",pdfbox/src/main/java/org/apache/pdfbox/pdmodel/graphics/color/PDDeviceGray.java,,,,,,,,,,,,,,,,,,,,,,,,,2,24,3,21,7,13,0,7,3,15,18,8,13,3,3,3,1,,,,,,2,,0,00,3,3,3,1
Public Method,"org.apache.pdfbox.pdmodel.graphics.color.PDDeviceGray.toRawImage(WritableRaster)",pdfbox/src/main/java/org/apache/pdfbox/pdmodel/graphics/color/PDDeviceGray.java,,,,,,,,,,,,,,,,,,,,,,,,,0,7,0,5,2,1,2,1,1,1,2,1,1,1,1,1,1,,,,,,0,,0,40,1,1,1,1
Public Class,"org.apache.pdfbox.pdmodel.graphics.color.PDDeviceN",pdfbox/src/main/java/org/apache/pdfbox/pdmodel/graphics/color/PDDeviceN.java,2,2,2,1,20,1,15,4,1,26,0,,0,4,,,24,8,24,51,0,5,0,19,,563,64,376,93,196,123,,,190,252,100,183,,,,,9,9,9,4,3,4,82,0,33,60,60,61,33
Public Constructor,"org.apache.pdfbox.pdmodel.graphics.color.PDDeviceN.PDDeviceN()",pdfbox/src/main/java/org/apache/pdfbox/pdmodel/graphics/color/PDDeviceN.java,,,,,,,,,,,,,,,,,,,,,,,,,3,13,1,8,1,5,4,4,1,5,6,1,5,1,1,1,1,,,,,,0,,0,50,1,1,1,1
Public Constructor,"org.apache.pdfbox.pdmodel.graphics.color.PDDeviceN.PDDeviceN(COSArray)",pdfbox/src/main/java/org/apache/pdfbox/pdmodel/graphics/color/PDDeviceN.java,,,,,,,,,,,,,,,,,,,,,,,,,7,25,2,18,3,11,5,14,4,11,14,4,11,3,3,3,1,,,,,,1,,0,28,3,3,3,1
Public Method,"org.apache.pdfbox.pdmodel.graphics.color.PDDeviceN.getAlternateColorSpace()",pdfbox/src/main/java/org/apache/pdfbox/pdmodel/graphics/color/PDDeviceN.java,,,,,,,,,,,,,,,,,,,,,,,,,3,16,0,8,1,3,8,4,2,2,4,1,3,2,2,2,1,,,,,,1,,1,00,2,2,2,1
Public Method,"org.apache.pdfbox.pdmodel.graphics.color.PDDeviceN.getAttributes()",pdfbox/src/main/java/org/apache/pdfbox/pdmodel/graphics/color/PDDeviceN.java,,,,,,,,,,,,,,,,,,,,,,,,,2,8,0,4,1,1,4,1,1,1,2,1,1,1,1,1,1,,,,,,0,,1,00,1,1,1,1
Public Method,"org.apache.pdfbox.pdmodel.graphics.color.PDDeviceN.getColorantNames()",pdfbox/src/main/java/org/apache/pdfbox/pdmodel/graphics/color/PDDeviceN.java,,,,,,,,,,,,,,,,,,,,,,,,,7,8,0,4,1,1,4,3,1,1,2,1,1,1,1,1,1,,,,,,0,,1,00,1,1,1,1
Public Method,"org.apache.pdfbox.pdmodel.graphics.color.PDDeviceN.getDefaultDecode(int)",pdfbox/src/main/java/org/apache/pdfbox/pdmodel/graphics/color/PDDeviceN.java,,,,,,,,,,,,,,,,,,,,,,,,,0,11,0,11,4,5,0,2,2,6,8,4,5,2,2,2,1,,,,,,1,,0,00,2,2,2,1
Public Method,"org.apache.pdfbox.pdmodel.graphics.color.PDDeviceN.getInitialColor()",pdfbox/src/main/java/org/apache/pdfbox/pdmodel/graphics/color/PDDeviceN.java,,,,,,,,,,,,,,,,,,,,,,,,,1,5,0,5,2,1,0,1,1,1,2,1,1,1,1,1,1,,,,,,0,,0,00,1,1,1,1
Public Method,"org.apache.pdfbox.pdmodel.graphics.color.PDDeviceN.getName()",pdfbox/src/main/java/org/apache/pdfbox/pdmodel/graphics/color/PDDeviceN.java,,,,,,,,,,,,,,,,,,,,,,,,,2,5,0,5,2,1,0,2,1,1,2,1,1,1,1,1,1,,,,,,0,,0,00,1,1,1,1
Public Final Method,"org.apache.pdfbox.pdmodel.graphics.color.PDDeviceN.getNumberOfComponents()",pdfbox/src/main/java/org/apache/pdfbox/pdmodel/graphics/color/PDDeviceN.java,,,,,,,,,,,,,,,,,,,,,,,,,4,5,0,5,2,1,0,3,1,1,2,1,1,1,1,1,1,,,,,,0,,0,00,1,1,1,1
Public Method,"org.apache.pdfbox.pdmodel.graphics.color.PDDeviceN.getTintTransform()",pdfbox/src/main/java/org/apache/pdfbox/pdmodel/graphics/color/PDDeviceN.java,,,,,,,,,,,,,,,,,,,,,,,,,3,15,0,8,1,3,7,4,2,2,4,1,3,2,2,2,1,,,,,,1,,0,88,2,2,2,1
Private Method,"org.apache.pdfbox.pdmodel.graphics.color.PDDeviceN.initColorConversionCache()",pdfbox/src/main/java/org/apache/pdfbox/pdmodel/graphics/color/PDDeviceN.java,,,,,,,,,,,,,,,,,,,,,,,,,3,63,9,42,6,23,12,14,25,21,29,9,25,8,8,8,1,,,,,,3,,0,29,8,8,8,1
Public Method,"org.apache.pdfbox.pdmodel.graphics.color.PDDeviceN.isNChannel()",pdfbox/src/main/java/org/apache/pdfbox/pdmodel/graphics/color/PDDeviceN.java,,,,,,,,,,,,,,,,,,,,,,,,,2,8,0,4,1,1,4,2,1,1,2,1,1,1,1,2,1,,,,,,0,,1,00,1,1,2,1
Public Method,"org.apache.pdfbox.pdmodel.graphics.color.PDDeviceN.setAlternateColorSpace(PDColorSpace)",pdfbox/src/main/java/org/apache/pdfbox/pdmodel/graphics/color/PDDeviceN.java,,,,,,,,,,,,,,,,,,,,,,,,,3,15,0,10,2,5,5,3,2,4,6,2,4,2,2,2,1,,,,,,1,,0,50,2,2,2,1
Public Method,"org.apache.pdfbox.pdmodel.graphics.color.PDDeviceN.setAttributes(PDDeviceNAttributes)",pdfbox/src/main/java/org/apache/pdfbox/pdmodel/graphics/color/PDDeviceN.java,,,,,,,,,,,,,,,,,,,,,,,,,4,22,0,16,1,7,6,6,3,4,7,1,6,3,3,3,1,,,,,,2,,0,38,3,3,3,1
Public Method,"org.apache.pdfbox.pdmodel.graphics.color.PDDeviceN.setColorantNames(List<String>)",pdfbox/src/main/java/org/apache/pdfbox/pdmodel/graphics/color/PDDeviceN.java,,,,,,,,,,,,,,,,,,,,,,,,,3,9,0,5,2,2,4,2,1,2,3,2,2,1,1,1,1,,,,,,0,,0,80,1,1,1,1
Public Method,"org.apache.pdfbox.pdmodel.graphics.color.PDDeviceN.setTintTransform(PDFunction)",pdfbox/src/main/java/org/apache/pdfbox/pdmodel/graphics/color/PDDeviceN.java,,,,,,,,,,,,,,,,,,,,,,,,,3,10,0,5,1,2,5,2,1,2,3,1,2,1,1,1,1,,,,,,0,,1,00,1,1,1,1
Public Method,"org.apache.pdfbox.pdmodel.graphics.color.PDDeviceN.toRGB(float[])",pdfbox/src/main/java/org/apache/pdfbox/pdmodel/graphics/color/PDDeviceN.java,,,,,,,,,,,,,,,,,,,,,,,,,3,12,0,12,2,4,0,3,2,2,4,1,3,2,2,2,1,,,,,,1,,0,00,2,2,2,1
Public Method,"org.apache.pdfbox.pdmodel.graphics.color.PDDeviceN.toRGBImage(WritableRaster)",pdfbox/src/main/java/org/apache/pdfbox/pdmodel/graphics/color/PDDeviceN.java,,,,,,,,,,,,,,,,,,,,,,,,,2,12,0,12,2,4,0,3,2,2,4,1,3,2,2,2,1,,,,,,1,,0,00,2,2,2,1
Private Method,"org.apache.pdfbox.pdmodel.graphics.color.PDDeviceN.toRGBWithAttributes(WritableRaster)",pdfbox/src/main/java/org/apache/pdfbox/pdmodel/graphics/color/PDDeviceN.java,,,,,,,,,,,,,,,,,,,,,,,,,9,88,10,66,17,42,12,16,26,42,51,21,39,9,9,9,4,,,,,,4,,0,18,9,9,9,4
Private Method,"org.apache.pdfbox.pdmodel.graphics.color.PDDeviceN.toRGBWithAttributes(float[])",pdfbox/src/main/java/org/apache/pdfbox/pdmodel/graphics/color/PDDeviceN.java,,,,,,,,,,,,,,,,,,,,,,,,,6,54,7,36,7,20,11,4,6,17,22,8,16,5,5,5,4,,,,,,2,,0,31,5,5,5,4
Private Method,"org.apache.pdfbox.pdmodel.graphics.color.PDDeviceN.toRGBWithTintTransform(WritableRaster)",pdfbox/src/main/java/org/apache/pdfbox/pdmodel/graphics/color/PDDeviceN.java,,,,,,,,,,,,,,,,,,,,,,,,,6,61,7,45,14,31,9,20,10,35,41,18,33,6,6,6,4,,,,,,3,,0,20,6,6,6,4
Private Method,"org.apache.pdfbox.pdmodel.graphics.color.PDDeviceN.toRGBWithTintTransform(float[])",pdfbox/src/main/java/org/apache/pdfbox/pdmodel/graphics/color/PDDeviceN.java,,,,,,,,,,,,,,,,,,,,,,,,,5,9,1,5,2,2,3,3,1,2,3,2,2,1,1,1,1,,,,,,0,,0,60,1,1,1,1
Public Method,"org.apache.pdfbox.pdmodel.graphics.color.PDDeviceN.toRawImage(WritableRaster)",pdfbox/src/main/java/org/apache/pdfbox/pdmodel/graphics/color/PDDeviceN.java,,,,,,,,,,,,,,,,,,,,,,,,,0,6,0,5,2,1,1,1,1,1,2,1,1,1,1,1,1,,,,,,0,,0,20,1,1,1,1
Public Method,"org.apache.pdfbox.pdmodel.graphics.color.PDDeviceN.toString()",pdfbox/src/main/java/org/apache/pdfbox/pdmodel/graphics/color/PDDeviceN.java,,,,,,,,,,,,,,,,,,,,,,,,,3,22,0,22,3,14,0,9,4,12,16,3,14,3,3,3,1,,,,,,1,,0,00,3,3,3,1
Public Final Class,"org.apache.pdfbox.pdmodel.graphics.color.PDDeviceNAttributes",pdfbox/src/main/java/org/apache/pdfbox/pdmodel/graphics/color/PDDeviceNAttributes.java,1,1,1,1,14,0,10,3,1,17,0,,0,1,,,8,1,8,20,0,0,0,8,,141,11,92,20,44,38,,,37,55,21,41,,,,,4,4,4,1,1,2,0,0,41,15,15,15,8
Public Constructor,"org.apache.pdfbox.pdmodel.graphics.color.PDDeviceNAttributes.PDDeviceNAttributes()",pdfbox/src/main/java/org/apache/pdfbox/pdmodel/graphics/color/PDDeviceNAttributes.java,,,,,,,,,,,,,,,,,,,,,,,,,0,7,0,4,1,1,3,3,1,1,2,1,1,1,1,1,1,,,,,,0,,0,75,1,1,1,1
Public Constructor,"org.apache.pdfbox.pdmodel.graphics.color.PDDeviceNAttributes.PDDeviceNAttributes(COSDictionary)",pdfbox/src/main/java/org/apache/pdfbox/pdmodel/graphics/color/PDDeviceNAttributes.java,,,,,,,,,,,,,,,,,,,,,,,,,2,8,0,4,1,1,4,2,1,1,2,1,1,1,1,1,1,,,,,,0,,1,00,1,1,1,1
Public Method,"org.apache.pdfbox.pdmodel.graphics.color.PDDeviceNAttributes.getCOSDictionary()",pdfbox/src/main/java/org/apache/pdfbox/pdmodel/graphics/color/PDDeviceNAttributes.java,,,,,,,,,,,,,,,,,,,,,,,,,2,8,0,4,1,1,4,1,1,1,2,1,1,1,1,1,1,,,,,,0,,1,00,1,1,1,1
Public Method,"org.apache.pdfbox.pdmodel.graphics.color.PDDeviceNAttributes.getColorants()",pdfbox/src/main/java/org/apache/pdfbox/pdmodel/graphics/color/PDDeviceNAttributes.java,,,,,,,,,,,,,,,,,,,,,,,,,5,24,0,19,4,10,5,11,3,7,11,5,9,3,3,3,1,,,,,,2,,0,26,3,3,3,1
Public Method,"org.apache.pdfbox.pdmodel.graphics.color.PDDeviceNAttributes.getProcess()",pdfbox/src/main/java/org/apache/pdfbox/pdmodel/graphics/color/PDDeviceNAttributes.java,,,,,,,,,,,,,,,,,,,,,,,,,5,13,0,9,2,4,4,3,2,3,5,2,4,2,2,2,1,,,,,,1,,0,44,2,2,2,1
Public Method,"org.apache.pdfbox.pdmodel.graphics.color.PDDeviceNAttributes.isNChannel()",pdfbox/src/main/java/org/apache/pdfbox/pdmodel/graphics/color/PDDeviceNAttributes.java,,,,,,,,,,,,,,,,,,,,,,,,,3,8,0,4,1,1,4,3,1,1,2,1,1,1,1,1,1,,,,,,0,,1,00,1,1,1,1
Public Method,"org.apache.pdfbox.pdmodel.graphics.color.PDDeviceNAttributes.setColorants(Map<String,PDColorSpace>)",pdfbox/src/main/java/org/apache/pdfbox/pdmodel/graphics/color/PDDeviceNAttributes.java,,,,,,,,,,,,,,,,,,,,,,,,,3,13,0,9,2,4,4,2,2,3,5,2,3,2,2,2,1,,,,,,1,,0,44,2,2,2,1
Public Method,"org.apache.pdfbox.pdmodel.graphics.color.PDDeviceNAttributes.toString()",pdfbox/src/main/java/org/apache/pdfbox/pdmodel/graphics/color/PDDeviceNAttributes.java,,,,,,,,,,,,,,,,,,,,,,,,,4,35,1,34,5,21,0,13,6,18,23,5,20,4,4,4,1,,,,,,2,,0,00,4,4,4,1
Public Class,"org.apache.pdfbox.pdmodel.graphics.color.PDDeviceNProcess",pdfbox/src/main/java/org/apache/pdfbox/pdmodel/graphics/color/PDDeviceNProcess.java,1,1,1,1,12,0,9,3,1,14,0,,0,1,,,6,1,6,18,0,0,0,6,,98,8,62,14,27,29,,,22,36,15,26,,,,,3,3,3,1,1,2,16,0,47,11,11,11,6
Public Constructor,"org.apache.pdfbox.pdmodel.graphics.color.PDDeviceNProcess.PDDeviceNProcess()",pdfbox/src/main/java/org/apache/pdfbox/pdmodel/graphics/color/PDDeviceNProcess.java,,,,,,,,,,,,,,,,,,,,,,,,,0,7,0,4,1,1,3,3,1,1,2,1,1,1,1,1,1,,,,,,0,,0,75,1,1,1,1
Public Constructor,"org.apache.pdfbox.pdmodel.graphics.color.PDDeviceNProcess.PDDeviceNProcess(COSDictionary)",pdfbox/src/main/java/org/apache/pdfbox/pdmodel/graphics/color/PDDeviceNProcess.java,,,,,,,,,,,,,,,,,,,,,,,,,2,8,0,4,1,1,4,2,1,1,2,1,1,1,1,1,1,,,,,,0,,1,00,1,1,1,1
Public Method,"org.apache.pdfbox.pdmodel.graphics.color.PDDeviceNProcess.getCOSDictionary()",pdfbox/src/main/java/org/apache/pdfbox/pdmodel/graphics/color/PDDeviceNProcess.java,,,,,,,,,,,,,,,,,,,,,,,,,1,8,0,4,1,1,4,1,1,1,2,1,1,1,1,1,1,,,,,,0,,1,00,1,1,1,1
Public Method,"org.apache.pdfbox.pdmodel.graphics.color.PDDeviceNProcess.getColorSpace()",pdfbox/src/main/java/org/apache/pdfbox/pdmodel/graphics/color/PDDeviceNProcess.java,,,,,,,,,,,,,,,,,,,,,,,,,5,14,0,9,2,4,6,3,2,3,5,2,4,2,2,2,1,,,,,,1,,0,67,2,2,2,1
Public Method,"org.apache.pdfbox.pdmodel.graphics.color.PDDeviceNProcess.getComponents()",pdfbox/src/main/java/org/apache/pdfbox/pdmodel/graphics/color/PDDeviceNProcess.java,,,,,,,,,,,,,,,,,,,,,,,,,4,18,0,14,3,7,4,6,3,5,9,4,7,3,3,3,1,,,,,,1,,0,29,3,3,3,1
Public Method,"org.apache.pdfbox.pdmodel.graphics.color.PDDeviceNProcess.toString()",pdfbox/src/main/java/org/apache/pdfbox/pdmodel/graphics/color/PDDeviceNProcess.java,,,,,,,,,,,,,,,,,,,,,,,,,2,22,0,22,3,12,0,9,3,9,13,3,11,3,3,3,1,,,,,,2,,0,00,3,3,3,1
Public Final Class,"org.apache.pdfbox.pdmodel.graphics.color.PDDeviceRGB",pdfbox/src/main/java/org/apache/pdfbox/pdmodel/graphics/color/PDDeviceRGB.java,1,1,1,1,6,0,5,1,1,8,0,,0,1,,,8,1,8,36,0,1,0,7,,73,9,45,19,11,19,,,11,20,12,11,,,,,1,1,1,1,3,0,87,0,42,8,8,8,8
Private Constructor,"org.apache.pdfbox.pdmodel.graphics.color.PDDeviceRGB.PDDeviceRGB()",pdfbox/src/main/java/org/apache/pdfbox/pdmodel/graphics/color/PDDeviceRGB.java,,,,,,,,,,,,,,,,,,,,,,,,,0,3,0,3,1,0,0,1,1,0,1,1,0,1,1,1,1,,,,,,0,,0,00,1,1,1,1
Public Method,"org.apache.pdfbox.pdmodel.graphics.color.PDDeviceRGB.getDefaultDecode(int)",pdfbox/src/main/java/org/apache/pdfbox/pdmodel/graphics/color/PDDeviceRGB.java,,,,,,,,,,,,,,,,,,,,,,,,,0,5,0,5,2,1,0,1,1,1,2,1,1,1,1,1,1,,,,,,0,,0,00,1,1,1,1
Public Method,"org.apache.pdfbox.pdmodel.graphics.color.PDDeviceRGB.getInitialColor()",pdfbox/src/main/java/org/apache/pdfbox/pdmodel/graphics/color/PDDeviceRGB.java,,,,,,,,,,,,,,,,,,,,,,,,,1,5,0,5,2,1,0,1,1,1,2,1,1,1,1,1,1,,,,,,0,,0,00,1,1,1,1
Public Method,"org.apache.pdfbox.pdmodel.graphics.color.PDDeviceRGB.getName()",pdfbox/src/main/java/org/apache/pdfbox/pdmodel/graphics/color/PDDeviceRGB.java,,,,,,,,,,,,,,,,,,,,,,,,,21,5,0,5,2,1,0,2,1,1,2,1,1,1,1,1,1,,,,,,0,,0,00,1,1,1,1
Public Method,"org.apache.pdfbox.pdmodel.graphics.color.PDDeviceRGB.getNumberOfComponents()",pdfbox/src/main/java/org/apache/pdfbox/pdmodel/graphics/color/PDDeviceRGB.java,,,,,,,,,,,,,,,,,,,,,,,,,0,8,0,5,2,1,3,1,1,1,2,1,1,1,1,1,1,,,,,,0,,0,60,1,1,1,1
Public Method,"org.apache.pdfbox.pdmodel.graphics.color.PDDeviceRGB.toRGB(float[])",pdfbox/src/main/java/org/apache/pdfbox/pdmodel/graphics/color/PDDeviceRGB.java,,,,,,,,,,,,,,,,,,,,,,,,,2,5,0,5,2,1,0,1,1,1,2,1,1,1,1,1,1,,,,,,0,,0,00,1,1,1,1
Public Method,"org.apache.pdfbox.pdmodel.graphics.color.PDDeviceRGB.toRGBImage(WritableRaster)",pdfbox/src/main/java/org/apache/pdfbox/pdmodel/graphics/color/PDDeviceRGB.java,,,,,,,,,,,,,,,,,,,,,,,,,2,13,0,7,3,3,6,5,1,3,4,2,3,1,1,1,1,,,,,,0,,0,86,1,1,1,1
Public Method,"org.apache.pdfbox.pdmodel.graphics.color.PDDeviceRGB.toRawImage(WritableRaster)",pdfbox/src/main/java/org/apache/pdfbox/pdmodel/graphics/color/PDDeviceRGB.java,,,,,,,,,,,,,,,,,,,,,,,,,0,7,0,5,2,1,2,1,1,1,2,1,1,1,1,1,1,,,,,,0,,0,40,1,1,1,1
Public Final Class,"org.apache.pdfbox.pdmodel.graphics.color.PDGamma",pdfbox/src/main/java/org/apache/pdfbox/pdmodel/graphics/color/PDGamma.java,1,1,1,1,8,0,4,4,2,5,0,,0,0,,,10,1,10,22,0,0,0,10,,103,10,48,13,13,45,,,14,25,12,13,,,,,1,1,1,1,1,0,0,0,94,10,10,10,10
Public Constructor,"org.apache.pdfbox.pdmodel.graphics.color.PDGamma.PDGamma()",pdfbox/src/main/java/org/apache/pdfbox/pdmodel/graphics/color/PDGamma.java,,,,,,,,,,,,,,,,,,,,,,,,,1,11,0,7,1,4,4,5,1,4,5,1,4,1,1,1,1,,,,,,0,,0,57,1,1,1,1
Public Constructor,"org.apache.pdfbox.pdmodel.graphics.color.PDGamma.PDGamma(COSArray)",pdfbox/src/main/java/org/apache/pdfbox/pdmodel/graphics/color/PDGamma.java,,,,,,,,,,,,,,,,,,,,,,,,,5,8,0,4,1,1,4,2,1,1,2,1,1,1,1,1,1,,,,,,0,,1,00,1,1,1,1
Public Method,"org.apache.pdfbox.pdmodel.graphics.color.PDGamma.getB()",pdfbox/src/main/java/org/apache/pdfbox/pdmodel/graphics/color/PDGamma.java,,,,,,,,,,,,,,,,,,,,,,,,,2,8,0,4,1,1,4,3,1,1,2,1,1,1,1,1,1,,,,,,0,,1,00,1,1,1,1
Public Method,"org.apache.pdfbox.pdmodel.graphics.color.PDGamma.getCOSArray()",pdfbox/src/main/java/org/apache/pdfbox/pdmodel/graphics/color/PDGamma.java,,,,,,,,,,,,,,,,,,,,,,,,,3,8,0,4,1,1,4,1,1,1,2,1,1,1,1,1,1,,,,,,0,,1,00,1,1,1,1
Public Method,"org.apache.pdfbox.pdmodel.graphics.color.PDGamma.getCOSObject()",pdfbox/src/main/java/org/apache/pdfbox/pdmodel/graphics/color/PDGamma.java,,,,,,,,,,,,,,,,,,,,,,,,,2,9,0,5,2,1,4,1,1,1,2,1,1,1,1,1,1,,,,,,0,,0,80,1,1,1,1
Public Method,"org.apache.pdfbox.pdmodel.graphics.color.PDGamma.getG()",pdfbox/src/main/java/org/apache/pdfbox/pdmodel/graphics/color/PDGamma.java,,,,,,,,,,,,,,,,,,,,,,,,,2,8,0,4,1,1,4,3,1,1,2,1,1,1,1,1,1,,,,,,0,,1,00,1,1,1,1
Public Method,"org.apache.pdfbox.pdmodel.graphics.color.PDGamma.getR()",pdfbox/src/main/java/org/apache/pdfbox/pdmodel/graphics/color/PDGamma.java,,,,,,,,,,,,,,,,,,,,,,,,,2,8,0,4,1,1,4,3,1,1,2,1,1,1,1,1,1,,,,,,0,,1,00,1,1,1,1
Public Method,"org.apache.pdfbox.pdmodel.graphics.color.PDGamma.setB(float)",pdfbox/src/main/java/org/apache/pdfbox/pdmodel/graphics/color/PDGamma.java,,,,,,,,,,,,,,,,,,,,,,,,,2,8,0,4,1,1,4,2,1,1,2,1,1,1,1,1,1,,,,,,0,,1,00,1,1,1,1
Public Method,"org.apache.pdfbox.pdmodel.graphics.color.PDGamma.setG(float)",pdfbox/src/main/java/org/apache/pdfbox/pdmodel/graphics/color/PDGamma.java,,,,,,,,,,,,,,,,,,,,,,,,,2,8,0,4,1,1,4,2,1,1,2,1,1,1,1,1,1,,,,,,0,,1,00,1,1,1,1
Public Method,"org.apache.pdfbox.pdmodel.graphics.color.PDGamma.setR(float)",pdfbox/src/main/java/org/apache/pdfbox/pdmodel/graphics/color/PDGamma.java,,,,,,,,,,,,,,,,,,,,,,,,,2,8,0,4,1,1,4,2,1,1,2,1,1,1,1,1,1,,,,,,0,,1,00,1,1,1,1
Public Final Class,"org.apache.pdfbox.pdmodel.graphics.color.PDICCBased",pdfbox/src/main/java/org/apache/pdfbox/pdmodel/graphics/color/PDICCBased.java,2,2,2,1,16,0,13,3,1,38,0,,4,2,,,23,8,27,56,1,8,0,18,,528,34,391,72,189,105,,,140,207,65,159,,,,,7,7,9,5,3,3,83,0,27,69,65,74,39
Private Constructor,"org.apache.pdfbox.pdmodel.graphics.color.PDICCBased.PDICCBased(COSArray)",pdfbox/src/main/java/org/apache/pdfbox/pdmodel/graphics/color/PDICCBased.java,,,,,,,,,,,,,,,,,,,,,,,,,2,15,0,8,1,5,7,8,1,4,5,1,4,1,1,1,1,,,,,,0,,0,88,1,1,1,1
Public Constructor,"org.apache.pdfbox.pdmodel.graphics.color.PDICCBased.PDICCBased(PDDocument)",pdfbox/src/main/java/org/apache/pdfbox/pdmodel/graphics/color/PDICCBased.java,,,,,,,,,,,,,,,,,,,,,,,,,6,11,0,7,1,4,4,7,1,4,5,1,4,1,1,1,1,,,,,,0,,0,57,1,1,1,1
Private Static Method,"org.apache.pdfbox.pdmodel.graphics.color.PDICCBased.checkArray(COSArray)",pdfbox/src/main/java/org/apache/pdfbox/pdmodel/graphics/color/PDICCBased.java,,,,,,,,,,,,,,,,,,,,,,,,,2,11,0,11,1,4,0,3,4,2,5,1,4,3,3,3,1,,,,,,1,,0,00,3,3,3,1
Private Method,"org.apache.pdfbox.pdmodel.graphics.color.PDICCBased.clampColors(ICC_ColorSpace,float[])",pdfbox/src/main/java/org/apache/pdfbox/pdmodel/graphics/color/PDICCBased.java,,,,,,,,,,,,,,,,,,,,,,,,,4,11,0,11,4,6,0,3,2,7,9,5,6,4,4,4,1,,,,,,1,,0,00,4,4,4,1
Public Static Method,"org.apache.pdfbox.pdmodel.graphics.color.PDICCBased.create(COSArray,PDResources)",pdfbox/src/main/java/org/apache/pdfbox/pdmodel/graphics/color/PDICCBased.java,,,,,,,,,,,,,,,,,,,,,,,,,5,33,0,24,5,13,9,7,10,9,14,5,12,5,5,9,3,,,,,,2,,0,38,5,5,9,3
Private Static Method,"org.apache.pdfbox.pdmodel.graphics.color.PDICCBased.ensureDisplayProfile(ICC_Profile)",pdfbox/src/main/java/org/apache/pdfbox/pdmodel/graphics/color/PDICCBased.java,,,,,,,,,,,,,,,,,,,,,,,,,8,15,1,14,2,7,1,6,3,5,8,2,7,3,3,3,3,,,,,,2,,0,07,3,3,3,3
Private Method,"org.apache.pdfbox.pdmodel.graphics.color.PDICCBased.fallbackToAlternateColorSpace(Exception)",pdfbox/src/main/java/org/apache/pdfbox/pdmodel/graphics/color/PDICCBased.java,,,,,,,,,,,,,,,,,,,,,,,,,5,15,0,15,1,8,0,10,4,5,8,1,7,3,3,3,1,,,,,,1,,0,00,3,3,3,1
Public Method,"org.apache.pdfbox.pdmodel.graphics.color.PDICCBased.getAlternateColorSpace()",pdfbox/src/main/java/org/apache/pdfbox/pdmodel/graphics/color/PDICCBased.java,,,,,,,,,,,,,,,,,,,,,,,,,8,50,0,44,5,27,6,10,7,18,23,5,20,7,5,7,1,,,,,,2,,0,14,7,5,7,1
Public Method,"org.apache.pdfbox.pdmodel.graphics.color.PDICCBased.getColorSpaceType()",pdfbox/src/main/java/org/apache/pdfbox/pdmodel/graphics/color/PDICCBased.java,,,,,,,,,,,,,,,,,,,,,,,,,7,30,1,18,1,11,11,3,5,5,8,1,7,5,3,5,5,,,,,,1,,0,61,5,3,5,5
Public Method,"org.apache.pdfbox.pdmodel.graphics.color.PDICCBased.getDefaultDecode(int)",pdfbox/src/main/java/org/apache/pdfbox/pdmodel/graphics/color/PDICCBased.java,,,,,,,,,,,,,,,,,,,,,,,,,3,19,0,19,4,9,0,5,3,8,11,4,8,3,3,3,1,,,,,,2,,0,00,3,3,3,1
Public Method,"org.apache.pdfbox.pdmodel.graphics.color.PDICCBased.getInitialColor()",pdfbox/src/main/java/org/apache/pdfbox/pdmodel/graphics/color/PDICCBased.java,,,,,,,,,,,,,,,,,,,,,,,,,1,5,0,5,2,1,0,1,1,1,2,1,1,1,1,1,1,,,,,,0,,0,00,1,1,1,1
Public Method,"org.apache.pdfbox.pdmodel.graphics.color.PDICCBased.getMetadata()",pdfbox/src/main/java/org/apache/pdfbox/pdmodel/graphics/color/PDICCBased.java,,,,,,,,,,,,,,,,,,,,,,,,,2,8,0,4,1,1,4,3,1,1,2,1,1,1,1,1,1,,,,,,0,,1,00,1,1,1,1
Public Method,"org.apache.pdfbox.pdmodel.graphics.color.PDICCBased.getName()",pdfbox/src/main/java/org/apache/pdfbox/pdmodel/graphics/color/PDICCBased.java,,,,,,,,,,,,,,,,,,,,,,,,,3,5,0,5,2,1,0,2,1,1,2,1,1,1,1,1,1,,,,,,0,,0,00,1,1,1,1
Public Method,"org.apache.pdfbox.pdmodel.graphics.color.PDICCBased.getNumberOfComponents()",pdfbox/src/main/java/org/apache/pdfbox/pdmodel/graphics/color/PDICCBased.java,,,,,,,,,,,,,,,,,,,,,,,,,11,21,1,19,3,9,1,6,4,5,9,2,8,4,4,4,1,,,,,,3,,0,05,4,4,4,1
Public Method,"org.apache.pdfbox.pdmodel.graphics.color.PDICCBased.getPDStream()",pdfbox/src/main/java/org/apache/pdfbox/pdmodel/graphics/color/PDICCBased.java,,,,,,,,,,,,,,,,,,,,,,,,,6,8,0,4,1,1,4,1,1,1,2,1,1,1,1,1,1,,,,,,0,,1,00,1,1,1,1
Public Method,"org.apache.pdfbox.pdmodel.graphics.color.PDICCBased.getRangeForComponent(int)",pdfbox/src/main/java/org/apache/pdfbox/pdmodel/graphics/color/PDICCBased.java,,,,,,,,,,,,,,,,,,,,,,,,,4,16,0,9,2,4,8,7,2,3,5,2,4,2,2,3,1,,,,,,1,,0,89,2,2,3,1
Private Static Method,"org.apache.pdfbox.pdmodel.graphics.color.PDICCBased.intToBigEndian(int,byte[],int)",pdfbox/src/main/java/org/apache/pdfbox/pdmodel/graphics/color/PDICCBased.java,,,,,,,,,,,,,,,,,,,,,,,,,3,7,0,7,1,4,0,1,1,4,5,1,4,1,1,1,1,,,,,,0,,0,00,1,1,1,1
Method,"org.apache.pdfbox.pdmodel.graphics.color.PDICCBased.isSRGB()",pdfbox/src/main/java/org/apache/pdfbox/pdmodel/graphics/color/PDICCBased.java,,,,,,,,,,,,,,,,,,,,,,,,,2,8,0,4,1,1,4,1,1,1,2,1,1,1,1,1,1,,,,,,0,,1,00,1,1,1,1
Private Method,"org.apache.pdfbox.pdmodel.graphics.color.PDICCBased.is_sRGB(ICC_Profile)",pdfbox/src/main/java/org/apache/pdfbox/pdmodel/graphics/color/PDICCBased.java,,,,,,,,,,,,,,,,,,,,,,,,,5,11,0,7,4,4,4,6,1,3,4,3,3,1,1,1,1,,,,,,0,,0,57,1,1,1,1
Private Method,"org.apache.pdfbox.pdmodel.graphics.color.PDICCBased.loadICCProfile()",pdfbox/src/main/java/org/apache/pdfbox/pdmodel/graphics/color/PDICCBased.java,,,,,,,,,,,,,,,,,,,,,,,,,12,68,2,55,3,29,11,21,19,19,27,4,24,7,7,7,3,,,,,,2,,0,20,7,7,7,3
Public Method,"org.apache.pdfbox.pdmodel.graphics.color.PDICCBased.setAlternateColorSpaces(List<PDColorSpace>)",pdfbox/src/main/java/org/apache/pdfbox/pdmodel/graphics/color/PDICCBased.java,,,,,,,,,,,,,,,,,,,,,,,,,3,14,0,9,2,4,5,3,2,3,5,2,3,2,2,2,1,,,,,,1,,0,56,2,2,2,1
Public Method,"org.apache.pdfbox.pdmodel.graphics.color.PDICCBased.setMetadata(COSStream)",pdfbox/src/main/java/org/apache/pdfbox/pdmodel/graphics/color/PDICCBased.java,,,,,,,,,,,,,,,,,,,,,,,,,3,8,0,4,1,1,4,2,1,1,2,1,1,1,1,1,1,,,,,,0,,1,00,1,1,1,1
Public Method,"org.apache.pdfbox.pdmodel.graphics.color.PDICCBased.setRangeForComponent(PDRange,int)",pdfbox/src/main/java/org/apache/pdfbox/pdmodel/graphics/color/PDICCBased.java,,,,,,,,,,,,,,,,,,,,,,,,,4,22,0,16,2,9,6,10,4,7,10,2,9,3,3,3,1,,,,,,1,,0,38,3,3,3,1
Public Method,"org.apache.pdfbox.pdmodel.graphics.color.PDICCBased.toRGB(float[])",pdfbox/src/main/java/org/apache/pdfbox/pdmodel/graphics/color/PDICCBased.java,,,,,,,,,,,,,,,,,,,,,,,,,4,18,0,16,2,6,2,4,3,3,6,1,5,3,3,3,3,,,,,,1,,0,12,3,3,3,3
Public Method,"org.apache.pdfbox.pdmodel.graphics.color.PDICCBased.toRGBImage(WritableRaster)",pdfbox/src/main/java/org/apache/pdfbox/pdmodel/graphics/color/PDICCBased.java,,,,,,,,,,,,,,,,,,,,,,,,,3,12,0,12,2,4,0,3,2,2,4,1,3,2,2,2,1,,,,,,1,,0,00,2,2,2,1
Public Method,"org.apache.pdfbox.pdmodel.graphics.color.PDICCBased.toRawImage(WritableRaster)",pdfbox/src/main/java/org/apache/pdfbox/pdmodel/graphics/color/PDICCBased.java,,,,,,,,,,,,,,,,,,,,,,,,,3,9,0,9,2,3,0,3,2,2,4,1,3,2,2,2,1,,,,,,1,,0,00,2,2,2,1
Public Method,"org.apache.pdfbox.pdmodel.graphics.color.PDICCBased.toString()",pdfbox/src/main/java/org/apache/pdfbox/pdmodel/graphics/color/PDICCBased.java,,,,,,,,,,,,,,,,,,,,,,,,,0,5,0,5,2,1,0,3,1,1,2,1,1,1,1,1,1,,,,,,0,,0,00,1,1,1,1
Class,"org.apache.pdfbox.pdmodel.graphics.color.PDICCBasedTest",pdfbox/src/test/java/org/apache/pdfbox/pdmodel/graphics/color/PDICCBasedTest.java,1,1,1,1,11,0,8,3,1,3,0,,0,0,,,1,0,1,13,1,0,0,0,,20,2,11,5,4,7,,,4,6,4,4,,,,,1,1,1,1,1,0,0,0,64,1,1,1,1
Method,"org.apache.pdfbox.pdmodel.graphics.color.PDICCBasedTest.testConstructor()",pdfbox/src/test/java/org/apache/pdfbox/pdmodel/graphics/color/PDICCBasedTest.java,,,,,,,,,,,,,,,,,,,,,,,,,0,11,0,8,4,4,3,6,1,4,5,3,4,1,1,1,1,,,,,,0,,0,38,1,1,1,1
Public Final Class,"org.apache.pdfbox.pdmodel.graphics.color.PDIndexed",pdfbox/src/main/java/org/apache/pdfbox/pdmodel/graphics/color/PDIndexed.java,1,1,1,1,13,0,10,2,1,24,0,,0,0,,,18,6,18,45,0,4,0,14,,295,35,197,54,91,64,,,91,126,54,86,,,,,5,5,5,1,3,2,80,0,32,34,34,35,18
Public Constructor,"org.apache.pdfbox.pdmodel.graphics.color.PDIndexed.PDIndexed()",pdfbox/src/main/java/org/apache/pdfbox/pdmodel/graphics/color/PDIndexed.java,,,,,,,,,,,,,,,,,,,,,,,,,4,12,0,8,1,5,4,5,1,5,6,1,5,1,1,1,1,,,,,,0,,0,50,1,1,1,1
Public Constructor,"org.apache.pdfbox.pdmodel.graphics.color.PDIndexed.PDIndexed(COSArray)",pdfbox/src/main/java/org/apache/pdfbox/pdmodel/graphics/color/PDIndexed.java,,,,,,,,,,,,,,,,,,,,,,,,,3,9,0,4,1,1,5,2,1,1,2,1,1,1,1,1,1,,,,,,0,,1,25,1,1,1,1
Public Constructor,"org.apache.pdfbox.pdmodel.graphics.color.PDIndexed.PDIndexed(COSArray,PDResources)",pdfbox/src/main/java/org/apache/pdfbox/pdmodel/graphics/color/PDIndexed.java,,,,,,,,,,,,,,,,,,,,,,,,,5,15,0,7,1,4,8,7,1,4,5,1,4,1,1,1,1,,,,,,0,,1,14,1,1,1,1
Public Method,"org.apache.pdfbox.pdmodel.graphics.color.PDIndexed.getBaseColorSpace()",pdfbox/src/main/java/org/apache/pdfbox/pdmodel/graphics/color/PDIndexed.java,,,,,,,,,,,,,,,,,,,,,,,,,4,8,0,4,1,1,4,1,1,1,2,1,1,1,1,1,1,,,,,,0,,1,00,1,1,1,1
Public Method,"org.apache.pdfbox.pdmodel.graphics.color.PDIndexed.getDefaultDecode(int)",pdfbox/src/main/java/org/apache/pdfbox/pdmodel/graphics/color/PDIndexed.java,,,,,,,,,,,,,,,,,,,,,,,,,1,5,0,5,2,1,0,2,1,1,2,1,1,1,1,1,1,,,,,,0,,0,00,1,1,1,1
Private Method,"org.apache.pdfbox.pdmodel.graphics.color.PDIndexed.getHival()",pdfbox/src/main/java/org/apache/pdfbox/pdmodel/graphics/color/PDIndexed.java,,,,,,,,,,,,,,,,,,,,,,,,,3,4,0,4,1,1,0,3,1,1,2,1,1,1,1,1,1,,,,,,0,,0,00,1,1,1,1
Public Method,"org.apache.pdfbox.pdmodel.graphics.color.PDIndexed.getInitialColor()",pdfbox/src/main/java/org/apache/pdfbox/pdmodel/graphics/color/PDIndexed.java,,,,,,,,,,,,,,,,,,,,,,,,,1,5,0,5,2,1,0,1,1,1,2,1,1,1,1,1,1,,,,,,0,,0,00,1,1,1,1
Public Method,"org.apache.pdfbox.pdmodel.graphics.color.PDIndexed.getName()",pdfbox/src/main/java/org/apache/pdfbox/pdmodel/graphics/color/PDIndexed.java,,,,,,,,,,,,,,,,,,,,,,,,,1,5,0,5,2,1,0,2,1,1,2,1,1,1,1,1,1,,,,,,0,,0,00,1,1,1,1
Public Method,"org.apache.pdfbox.pdmodel.graphics.color.PDIndexed.getNumberOfComponents()",pdfbox/src/main/java/org/apache/pdfbox/pdmodel/graphics/color/PDIndexed.java,,,,,,,,,,,,,,,,,,,,,,,,,0,5,0,5,2,1,0,1,1,1,2,1,1,1,1,1,1,,,,,,0,,0,00,1,1,1,1
Private Method,"org.apache.pdfbox.pdmodel.graphics.color.PDIndexed.initRgbColorTable()",pdfbox/src/main/java/org/apache/pdfbox/pdmodel/graphics/color/PDIndexed.java,,,,,,,,,,,,,,,,,,,,,,,,,6,41,5,31,7,17,5,9,12,18,23,10,16,5,5,5,1,,,,,,2,,0,16,5,5,5,1
Private Method,"org.apache.pdfbox.pdmodel.graphics.color.PDIndexed.readColorTable()",pdfbox/src/main/java/org/apache/pdfbox/pdmodel/graphics/color/PDIndexed.java,,,,,,,,,,,,,,,,,,,,,,,,,4,24,3,20,3,11,2,6,6,12,16,5,13,4,4,4,1,,,,,,2,,0,10,4,4,4,1
Private Method,"org.apache.pdfbox.pdmodel.graphics.color.PDIndexed.readLookupData()",pdfbox/src/main/java/org/apache/pdfbox/pdmodel/graphics/color/PDIndexed.java,,,,,,,,,,,,,,,,,,,,,,,,,3,23,0,23,2,10,0,6,5,5,10,2,9,5,5,5,1,,,,,,2,,0,00,5,5,5,1
Public Method,"org.apache.pdfbox.pdmodel.graphics.color.PDIndexed.setBaseColorSpace(PDColorSpace)",pdfbox/src/main/java/org/apache/pdfbox/pdmodel/graphics/color/PDIndexed.java,,,,,,,,,,,,,,,,,,,,,,,,,2,9,0,5,1,2,4,3,1,2,3,1,2,1,1,1,1,,,,,,0,,0,80,1,1,1,1
Public Method,"org.apache.pdfbox.pdmodel.graphics.color.PDIndexed.setHighValue(int)",pdfbox/src/main/java/org/apache/pdfbox/pdmodel/graphics/color/PDIndexed.java,,,,,,,,,,,,,,,,,,,,,,,,,2,8,0,4,1,1,4,1,1,1,2,1,1,1,1,1,1,,,,,,0,,1,00,1,1,1,1
Public Method,"org.apache.pdfbox.pdmodel.graphics.color.PDIndexed.toRGB(float[])",pdfbox/src/main/java/org/apache/pdfbox/pdmodel/graphics/color/PDIndexed.java,,,,,,,,,,,,,,,,,,,,,,,,,5,17,2,13,4,7,2,5,2,6,8,3,6,2,2,2,1,,,,,,1,,0,15,2,2,2,1
Public Method,"org.apache.pdfbox.pdmodel.graphics.color.PDIndexed.toRGBImage(WritableRaster)",pdfbox/src/main/java/org/apache/pdfbox/pdmodel/graphics/color/PDIndexed.java,,,,,,,,,,,,,,,,,,,,,,,,,4,25,4,19,8,11,2,8,3,13,16,9,12,3,3,3,1,,,,,,2,,0,11,3,3,3,1
Public Method,"org.apache.pdfbox.pdmodel.graphics.color.PDIndexed.toRawImage(WritableRaster)",pdfbox/src/main/java/org/apache/pdfbox/pdmodel/graphics/color/PDIndexed.java,,,,,,,,,,,,,,,,,,,,,,,,,4,22,1,19,6,11,2,4,3,11,14,6,9,3,3,4,1,,,,,,2,,0,11,3,3,4,1
Public Method,"org.apache.pdfbox.pdmodel.graphics.color.PDIndexed.toString()",pdfbox/src/main/java/org/apache/pdfbox/pdmodel/graphics/color/PDIndexed.java,,,,,,,,,,,,,,,,,,,,,,,,,3,7,0,7,2,3,0,2,1,1,2,1,1,1,1,1,1,,,,,,0,,0,00,1,1,1,1
Public Final Class,"org.apache.pdfbox.pdmodel.graphics.color.PDJPXColorSpace",pdfbox/src/main/java/org/apache/pdfbox/pdmodel/graphics/color/PDJPXColorSpace.java,1,1,1,1,6,0,5,0,1,9,0,,0,0,,,9,1,9,35,0,0,0,9,,74,9,55,21,14,10,,,16,27,14,14,,,,,2,2,2,1,2,1,44,0,18,10,10,10,9
Public Constructor,"org.apache.pdfbox.pdmodel.graphics.color.PDJPXColorSpace.PDJPXColorSpace(ColorSpace)",pdfbox/src/main/java/org/apache/pdfbox/pdmodel/graphics/color/PDJPXColorSpace.java,,,,,,,,,,,,,,,,,,,,,,,,,2,8,0,4,1,1,4,2,1,1,2,1,1,1,1,1,1,,,,,,0,,1,00,1,1,1,1
Public Method,"org.apache.pdfbox.pdmodel.graphics.color.PDJPXColorSpace.getCOSObject()",pdfbox/src/main/java/org/apache/pdfbox/pdmodel/graphics/color/PDJPXColorSpace.java,,,,,,,,,,,,,,,,,,,,,,,,,0,5,0,5,2,1,0,2,1,1,2,1,1,1,1,1,1,,,,,,0,,0,00,1,1,1,1
Public Method,"org.apache.pdfbox.pdmodel.graphics.color.PDJPXColorSpace.getDefaultDecode(int)",pdfbox/src/main/java/org/apache/pdfbox/pdmodel/graphics/color/PDJPXColorSpace.java,,,,,,,,,,,,,,,,,,,,,,,,,1,12,0,12,4,6,0,4,2,7,9,4,6,2,2,2,1,,,,,,1,,0,00,2,2,2,1
Public Method,"org.apache.pdfbox.pdmodel.graphics.color.PDJPXColorSpace.getInitialColor()",pdfbox/src/main/java/org/apache/pdfbox/pdmodel/graphics/color/PDJPXColorSpace.java,,,,,,,,,,,,,,,,,,,,,,,,,0,5,0,5,2,1,0,2,1,1,2,1,1,1,1,1,1,,,,,,0,,0,00,1,1,1,1
Public Method,"org.apache.pdfbox.pdmodel.graphics.color.PDJPXColorSpace.getName()",pdfbox/src/main/java/org/apache/pdfbox/pdmodel/graphics/color/PDJPXColorSpace.java,,,,,,,,,,,,,,,,,,,,,,,,,0,5,0,5,2,1,0,1,1,1,2,1,1,1,1,1,1,,,,,,0,,0,00,1,1,1,1
Public Method,"org.apache.pdfbox.pdmodel.graphics.color.PDJPXColorSpace.getNumberOfComponents()",pdfbox/src/main/java/org/apache/pdfbox/pdmodel/graphics/color/PDJPXColorSpace.java,,,,,,,,,,,,,,,,,,,,,,,,,2,5,0,5,2,1,0,2,1,1,2,1,1,1,1,1,1,,,,,,0,,0,00,1,1,1,1
Public Method,"org.apache.pdfbox.pdmodel.graphics.color.PDJPXColorSpace.toRGB(float[])",pdfbox/src/main/java/org/apache/pdfbox/pdmodel/graphics/color/PDJPXColorSpace.java,,,,,,,,,,,,,,,,,,,,,,,,,0,5,0,5,2,1,0,2,1,1,2,1,1,1,1,1,1,,,,,,0,,0,00,1,1,1,1
Public Method,"org.apache.pdfbox.pdmodel.graphics.color.PDJPXColorSpace.toRGBImage(WritableRaster)",pdfbox/src/main/java/org/apache/pdfbox/pdmodel/graphics/color/PDJPXColorSpace.java,,,,,,,,,,,,,,,,,,,,,,,,,2,5,0,5,2,1,0,2,1,1,2,1,1,1,1,1,1,,,,,,0,,0,00,1,1,1,1
Public Method,"org.apache.pdfbox.pdmodel.graphics.color.PDJPXColorSpace.toRawImage(WritableRaster)",pdfbox/src/main/java/org/apache/pdfbox/pdmodel/graphics/color/PDJPXColorSpace.java,,,,,,,,,,,,,,,,,,,,,,,,,2,5,0,5,2,1,0,2,1,1,2,1,1,1,1,1,1,,,,,,0,,0,00,1,1,1,1
Public Final Class,"org.apache.pdfbox.pdmodel.graphics.color.PDLab",pdfbox/src/main/java/org/apache/pdfbox/pdmodel/graphics/color/PDLab.java,1,1,1,1,13,0,9,2,1,13,0,,0,0,,,16,1,16,54,0,3,0,13,,239,30,158,49,79,51,,,70,95,44,71,,,,,3,3,3,1,4,2,87,0,32,24,24,24,16
Public Constructor,"org.apache.pdfbox.pdmodel.graphics.color.PDLab.PDLab()",pdfbox/src/main/java/org/apache/pdfbox/pdmodel/graphics/color/PDLab.java,,,,,,,,,,,,,,,,,,,,,,,,,2,7,0,4,1,1,3,2,1,1,2,1,1,1,1,1,1,,,,,,0,,0,75,1,1,1,1
Public Constructor,"org.apache.pdfbox.pdmodel.graphics.color.PDLab.PDLab(COSArray)",pdfbox/src/main/java/org/apache/pdfbox/pdmodel/graphics/color/PDLab.java,,,,,,,,,,,,,,,,,,,,,,,,,2,8,0,4,1,1,4,2,1,1,2,1,1,1,1,1,1,,,,,,0,,1,00,1,1,1,1
Public Method,"org.apache.pdfbox.pdmodel.graphics.color.PDLab.getARange()",pdfbox/src/main/java/org/apache/pdfbox/pdmodel/graphics/color/PDLab.java,,,,,,,,,,,,,,,,,,,,,,,,,6,14,0,9,2,4,5,4,2,3,5,2,4,2,2,2,1,,,,,,1,,0,56,2,2,2,1
Public Method,"org.apache.pdfbox.pdmodel.graphics.color.PDLab.getBRange()",pdfbox/src/main/java/org/apache/pdfbox/pdmodel/graphics/color/PDLab.java,,,,,,,,,,,,,,,,,,,,,,,,,6,14,0,9,2,4,5,4,2,3,5,2,4,2,2,2,1,,,,,,1,,0,56,2,2,2,1
Public Method,"org.apache.pdfbox.pdmodel.graphics.color.PDLab.getDefaultDecode(int)",pdfbox/src/main/java/org/apache/pdfbox/pdmodel/graphics/color/PDLab.java,,,,,,,,,,,,,,,,,,,,,,,,,0,7,0,7,4,3,0,5,1,3,4,3,3,1,1,1,1,,,,,,0,,0,00,1,1,1,1
Private Method,"org.apache.pdfbox.pdmodel.graphics.color.PDLab.getDefaultRangeArray()",pdfbox/src/main/java/org/apache/pdfbox/pdmodel/graphics/color/PDLab.java,,,,,,,,,,,,,,,,,,,,,,,,,3,13,0,9,2,6,4,4,1,6,7,2,6,1,1,1,1,,,,,,0,,0,44,1,1,1,1
Public Method,"org.apache.pdfbox.pdmodel.graphics.color.PDLab.getInitialColor()",pdfbox/src/main/java/org/apache/pdfbox/pdmodel/graphics/color/PDLab.java,,,,,,,,,,,,,,,,,,,,,,,,,2,13,0,13,2,7,0,7,2,2,4,1,3,2,2,2,1,,,,,,1,,0,00,2,2,2,1
Public Method,"org.apache.pdfbox.pdmodel.graphics.color.PDLab.getName()",pdfbox/src/main/java/org/apache/pdfbox/pdmodel/graphics/color/PDLab.java,,,,,,,,,,,,,,,,,,,,,,,,,2,5,0,5,2,1,0,2,1,1,2,1,1,1,1,1,1,,,,,,0,,0,00,1,1,1,1
Public Method,"org.apache.pdfbox.pdmodel.graphics.color.PDLab.getNumberOfComponents()",pdfbox/src/main/java/org/apache/pdfbox/pdmodel/graphics/color/PDLab.java,,,,,,,,,,,,,,,,,,,,,,,,,1,5,0,5,2,1,0,1,1,1,2,1,1,1,1,1,1,,,,,,0,,0,00,1,1,1,1
Private Method,"org.apache.pdfbox.pdmodel.graphics.color.PDLab.inverse(float)",pdfbox/src/main/java/org/apache/pdfbox/pdmodel/graphics/color/PDLab.java,,,,,,,,,,,,,,,,,,,,,,,,,2,11,0,11,1,4,0,1,2,2,4,1,3,2,2,2,1,,,,,,1,,0,00,2,2,2,1
Public Method,"org.apache.pdfbox.pdmodel.graphics.color.PDLab.setARange(PDRange)",pdfbox/src/main/java/org/apache/pdfbox/pdmodel/graphics/color/PDLab.java,,,,,,,,,,,,,,,,,,,,,,,,,2,9,0,4,1,1,5,1,1,1,2,1,1,1,1,1,1,,,,,,0,,1,25,1,1,1,1
Public Method,"org.apache.pdfbox.pdmodel.graphics.color.PDLab.setBRange(PDRange)",pdfbox/src/main/java/org/apache/pdfbox/pdmodel/graphics/color/PDLab.java,,,,,,,,,,,,,,,,,,,,,,,,,2,9,0,4,1,1,5,1,1,1,2,1,1,1,1,1,1,,,,,,0,,1,25,1,1,1,1
Private Method,"org.apache.pdfbox.pdmodel.graphics.color.PDLab.setComponentRangeArray(PDRange,int)",pdfbox/src/main/java/org/apache/pdfbox/pdmodel/graphics/color/PDLab.java,,,,,,,,,,,,,,,,,,,,,,,,,6,21,0,20,2,11,1,8,4,8,11,2,10,3,3,3,1,,,,,,1,,0,05,3,3,3,1
Public Method,"org.apache.pdfbox.pdmodel.graphics.color.PDLab.toRGB(float[])",pdfbox/src/main/java/org/apache/pdfbox/pdmodel/graphics/color/PDLab.java,,,,,,,,,,,,,,,,,,,,,,,,,5,17,4,9,6,5,4,3,1,5,6,5,4,1,1,1,1,,,,,,0,,0,44,1,1,1,1
Public Method,"org.apache.pdfbox.pdmodel.graphics.color.PDLab.toRGBImage(WritableRaster)",pdfbox/src/main/java/org/apache/pdfbox/pdmodel/graphics/color/PDLab.java,,,,,,,,,,,,,,,,,,,,,,,,,2,49,9,36,16,28,4,12,3,30,33,17,27,3,3,3,1,,,,,,2,,0,11,3,3,3,1
Public Method,"org.apache.pdfbox.pdmodel.graphics.color.PDLab.toRawImage(WritableRaster)",pdfbox/src/main/java/org/apache/pdfbox/pdmodel/graphics/color/PDLab.java,,,,,,,,,,,,,,,,,,,,,,,,,0,6,0,5,2,1,1,1,1,1,2,1,1,1,1,1,1,,,,,,0,,0,20,1,1,1,1
Class,"org.apache.pdfbox.pdmodel.graphics.color.PDLabTest",pdfbox/src/test/java/org/apache/pdfbox/pdmodel/graphics/color/PDLabTest.java,1,1,1,1,60,2,52,7,1,10,0,,0,0,,,1,0,1,13,1,0,0,0,,69,4,55,8,48,11,,,48,50,7,48,,,,,1,1,1,1,1,0,0,0,20,1,1,1,1
Method,"org.apache.pdfbox.pdmodel.graphics.color.PDLabTest.testLAB()",pdfbox/src/test/java/org/apache/pdfbox/pdmodel/graphics/color/PDLabTest.java,,,,,,,,,,,,,,,,,,,,,,,,,0,60,2,52,7,48,7,33,1,48,49,6,48,1,1,1,1,,,,,,0,,0,13,1,1,1,1
Public Final Class,"org.apache.pdfbox.pdmodel.graphics.color.PDOutputIntent",pdfbox/src/main/java/org/apache/pdfbox/pdmodel/graphics/color/PDOutputIntent.java,1,1,1,1,4,0,4,0,2,12,0,,0,0,,,13,1,13,25,0,1,0,12,,86,13,65,20,20,8,,,21,35,18,20,,,,,1,1,1,1,1,0,7,0,12,13,13,13,13
Public Constructor,"org.apache.pdfbox.pdmodel.graphics.color.PDOutputIntent.PDOutputIntent(COSDictionary)",pdfbox/src/main/java/org/apache/pdfbox/pdmodel/graphics/color/PDOutputIntent.java,,,,,,,,,,,,,,,,,,,,,,,,,3,4,0,4,1,1,0,2,1,1,2,1,1,1,1,1,1,,,,,,0,,0,00,1,1,1,1
Public Constructor,"org.apache.pdfbox.pdmodel.graphics.color.PDOutputIntent.PDOutputIntent(PDDocument,InputStream)",pdfbox/src/main/java/org/apache/pdfbox/pdmodel/graphics/color/PDOutputIntent.java,,,,,,,,,,,,,,,,,,,,,,,,,10,8,0,8,2,5,0,6,1,5,6,2,5,1,1,1,1,,,,,,0,,0,00,1,1,1,1
Private Method,"org.apache.pdfbox.pdmodel.graphics.color.PDOutputIntent.configureOutputProfile(PDDocument,InputStream)",pdfbox/src/main/java/org/apache/pdfbox/pdmodel/graphics/color/PDOutputIntent.java,,,,,,,,,,,,,,,,,,,,,,,,,5,8,0,8,4,4,0,8,1,4,5,3,4,1,1,1,1,,,,,,0,,0,00,1,1,1,1
Public Method,"org.apache.pdfbox.pdmodel.graphics.color.PDOutputIntent.getCOSObject()",pdfbox/src/main/java/org/apache/pdfbox/pdmodel/graphics/color/PDOutputIntent.java,,,,,,,,,,,,,,,,,,,,,,,,,3,5,0,5,2,1,0,1,1,1,2,1,1,1,1,1,1,,,,,,0,,0,00,1,1,1,1
Public Method,"org.apache.pdfbox.pdmodel.graphics.color.PDOutputIntent.getDestOutputIntent()",pdfbox/src/main/java/org/apache/pdfbox/pdmodel/graphics/color/PDOutputIntent.java,,,,,,,,,,,,,,,,,,,,,,,,,2,4,0,4,1,1,0,2,1,1,2,1,1,1,1,1,1,,,,,,0,,0,00,1,1,1,1
Public Method,"org.apache.pdfbox.pdmodel.graphics.color.PDOutputIntent.getInfo()",pdfbox/src/main/java/org/apache/pdfbox/pdmodel/graphics/color/PDOutputIntent.java,,,,,,,,,,,,,,,,,,,,,,,,,2,4,0,4,1,1,0,2,1,1,2,1,1,1,1,1,1,,,,,,0,,0,00,1,1,1,1
Public Method,"org.apache.pdfbox.pdmodel.graphics.color.PDOutputIntent.getOutputCondition()",pdfbox/src/main/java/org/apache/pdfbox/pdmodel/graphics/color/PDOutputIntent.java,,,,,,,,,,,,,,,,,,,,,,,,,2,4,0,4,1,1,0,2,1,1,2,1,1,1,1,1,1,,,,,,0,,0,00,1,1,1,1
Public Method,"org.apache.pdfbox.pdmodel.graphics.color.PDOutputIntent.getOutputConditionIdentifier()",pdfbox/src/main/java/org/apache/pdfbox/pdmodel/graphics/color/PDOutputIntent.java,,,,,,,,,,,,,,,,,,,,,,,,,3,4,0,4,1,1,0,2,1,1,2,1,1,1,1,1,1,,,,,,0,,0,00,1,1,1,1
Public Method,"org.apache.pdfbox.pdmodel.graphics.color.PDOutputIntent.getRegistryName()",pdfbox/src/main/java/org/apache/pdfbox/pdmodel/graphics/color/PDOutputIntent.java,,,,,,,,,,,,,,,,,,,,,,,,,2,4,0,4,1,1,0,2,1,1,2,1,1,1,1,1,1,,,,,,0,,0,00,1,1,1,1
Public Method,"org.apache.pdfbox.pdmodel.graphics.color.PDOutputIntent.setInfo(String)",pdfbox/src/main/java/org/apache/pdfbox/pdmodel/graphics/color/PDOutputIntent.java,,,,,,,,,,,,,,,,,,,,,,,,,5,4,0,4,1,1,0,1,1,1,2,1,1,1,1,1,1,,,,,,0,,0,00,1,1,1,1
Public Method,"org.apache.pdfbox.pdmodel.graphics.color.PDOutputIntent.setOutputCondition(String)",pdfbox/src/main/java/org/apache/pdfbox/pdmodel/graphics/color/PDOutputIntent.java,,,,,,,,,,,,,,,,,,,,,,,,,5,4,0,4,1,1,0,1,1,1,2,1,1,1,1,1,1,,,,,,0,,0,00,1,1,1,1
Public Method,"org.apache.pdfbox.pdmodel.graphics.color.PDOutputIntent.setOutputConditionIdentifier(String)",pdfbox/src/main/java/org/apache/pdfbox/pdmodel/graphics/color/PDOutputIntent.java,,,,,,,,,,,,,,,,,,,,,,,,,5,4,0,4,1,1,0,1,1,1,2,1,1,1,1,1,1,,,,,,0,,0,00,1,1,1,1
Public Method,"org.apache.pdfbox.pdmodel.graphics.color.PDOutputIntent.setRegistryName(String)",pdfbox/src/main/java/org/apache/pdfbox/pdmodel/graphics/color/PDOutputIntent.java,,,,,,,,,,,,,,,,,,,,,,,,,5,4,0,4,1,1,0,1,1,1,2,1,1,1,1,1,1,,,,,,0,,0,00,1,1,1,1
Public Final Class,"org.apache.pdfbox.pdmodel.graphics.color.PDPattern",pdfbox/src/main/java/org/apache/pdfbox/pdmodel/graphics/color/PDPattern.java,1,1,1,1,7,0,5,1,1,11,0,,0,1,,,12,2,12,39,0,0,0,12,,116,13,76,25,23,27,,,23,37,17,22,,,,,2,2,2,1,3,1,79,0,36,13,13,13,12
Public Constructor,"org.apache.pdfbox.pdmodel.graphics.color.PDPattern.PDPattern(PDResources)",pdfbox/src/main/java/org/apache/pdfbox/pdmodel/graphics/color/PDPattern.java,,,,,,,,,,,,,,,,,,,,,,,,,4,11,0,6,1,3,5,5,1,3,4,1,3,1,1,1,1,,,,,,0,,0,83,1,1,1,1
Public Constructor,"org.apache.pdfbox.pdmodel.graphics.color.PDPattern.PDPattern(PDResources,PDColorSpace)",pdfbox/src/main/java/org/apache/pdfbox/pdmodel/graphics/color/PDPattern.java,,,,,,,,,,,,,,,,,,,,,,,,,7,14,0,8,1,5,6,7,1,5,6,1,5,1,1,1,1,,,,,,0,,0,75,1,1,1,1
Public Method,"org.apache.pdfbox.pdmodel.graphics.color.PDPattern.getDefaultDecode(int)",pdfbox/src/main/java/org/apache/pdfbox/pdmodel/graphics/color/PDPattern.java,,,,,,,,,,,,,,,,,,,,,,,,,0,5,0,5,2,1,0,2,1,1,2,1,1,1,1,1,1,,,,,,0,,0,00,1,1,1,1
Public Method,"org.apache.pdfbox.pdmodel.graphics.color.PDPattern.getInitialColor()",pdfbox/src/main/java/org/apache/pdfbox/pdmodel/graphics/color/PDPattern.java,,,,,,,,,,,,,,,,,,,,,,,,,1,5,0,5,2,1,0,1,1,1,2,1,1,1,1,1,1,,,,,,0,,0,00,1,1,1,1
Public Method,"org.apache.pdfbox.pdmodel.graphics.color.PDPattern.getName()",pdfbox/src/main/java/org/apache/pdfbox/pdmodel/graphics/color/PDPattern.java,,,,,,,,,,,,,,,,,,,,,,,,,1,5,0,5,2,1,0,2,1,1,2,1,1,1,1,1,1,,,,,,0,,0,00,1,1,1,1
Public Method,"org.apache.pdfbox.pdmodel.graphics.color.PDPattern.getNumberOfComponents()",pdfbox/src/main/java/org/apache/pdfbox/pdmodel/graphics/color/PDPattern.java,,,,,,,,,,,,,,,,,,,,,,,,,0,5,0,5,2,1,0,2,1,1,2,1,1,1,1,1,1,,,,,,0,,0,00,1,1,1,1
Public Method,"org.apache.pdfbox.pdmodel.graphics.color.PDPattern.getPattern(PDColor)",pdfbox/src/main/java/org/apache/pdfbox/pdmodel/graphics/color/PDPattern.java,,,,,,,,,,,,,,,,,,,,,,,,,5,19,0,12,2,5,7,4,2,3,5,2,4,2,2,2,1,,,,,,1,,0,58,2,2,2,1
Public Method,"org.apache.pdfbox.pdmodel.graphics.color.PDPattern.getUnderlyingColorSpace()",pdfbox/src/main/java/org/apache/pdfbox/pdmodel/graphics/color/PDPattern.java,,,,,,,,,,,,,,,,,,,,,,,,,2,7,0,4,1,1,3,1,1,1,2,1,1,1,1,1,1,,,,,,0,,0,75,1,1,1,1
Public Method,"org.apache.pdfbox.pdmodel.graphics.color.PDPattern.toRGB(float[])",pdfbox/src/main/java/org/apache/pdfbox/pdmodel/graphics/color/PDPattern.java,,,,,,,,,,,,,,,,,,,,,,,,,0,5,0,5,2,1,0,2,1,1,2,1,1,1,1,1,1,,,,,,0,,0,00,1,1,1,1
Public Method,"org.apache.pdfbox.pdmodel.graphics.color.PDPattern.toRGBImage(WritableRaster)",pdfbox/src/main/java/org/apache/pdfbox/pdmodel/graphics/color/PDPattern.java,,,,,,,,,,,,,,,,,,,,,,,,,0,5,0,5,2,1,0,2,1,1,2,1,1,1,1,1,1,,,,,,0,,0,00,1,1,1,1
Public Method,"org.apache.pdfbox.pdmodel.graphics.color.PDPattern.toRawImage(WritableRaster)",pdfbox/src/main/java/org/apache/pdfbox/pdmodel/graphics/color/PDPattern.java,,,,,,,,,,,,,,,,,,,,,,,,,0,5,0,5,2,1,0,2,1,1,2,1,1,1,1,1,1,,,,,,0,,0,00,1,1,1,1
Public Method,"org.apache.pdfbox.pdmodel.graphics.color.PDPattern.toString()",pdfbox/src/main/java/org/apache/pdfbox/pdmodel/graphics/color/PDPattern.java,,,,,,,,,,,,,,,,,,,,,,,,,0,5,0,5,2,1,0,1,1,1,2,1,1,1,1,1,1,,,,,,0,,0,00,1,1,1,1
Public Class,"org.apache.pdfbox.pdmodel.graphics.color.PDSeparation",pdfbox/src/main/java/org/apache/pdfbox/pdmodel/graphics/color/PDSeparation.java,1,1,1,1,12,0,10,2,1,20,0,,0,3,,,17,4,17,44,0,1,1,15,,267,25,187,59,99,56,,,90,120,55,85,,,,,5,5,5,1,3,3,77,0,30,29,29,30,17
Public Constructor,"org.apache.pdfbox.pdmodel.graphics.color.PDSeparation.PDSeparation()",pdfbox/src/main/java/org/apache/pdfbox/pdmodel/graphics/color/PDSeparation.java,,,,,,,,,,,,,,,,,,,,,,,,,3,12,0,8,1,5,4,5,1,5,6,1,5,1,1,1,1,,,,,,0,,0,50,1,1,1,1
Public Constructor,"org.apache.pdfbox.pdmodel.graphics.color.PDSeparation.PDSeparation(COSArray)",pdfbox/src/main/java/org/apache/pdfbox/pdmodel/graphics/color/PDSeparation.java,,,,,,,,,,,,,,,,,,,,,,,,,9,19,0,14,2,9,5,10,2,5,7,2,6,2,2,3,1,,,,,,1,,0,36,2,2,3,1
Public Method,"org.apache.pdfbox.pdmodel.graphics.color.PDSeparation.getAlternateColorSpace()",pdfbox/src/main/java/org/apache/pdfbox/pdmodel/graphics/color/PDSeparation.java,,,,,,,,,,,,,,,,,,,,,,,,,2,8,0,4,1,1,4,1,1,1,2,1,1,1,1,1,1,,,,,,0,,1,00,1,1,1,1
Public Method,"org.apache.pdfbox.pdmodel.graphics.color.PDSeparation.getColorantName()",pdfbox/src/main/java/org/apache/pdfbox/pdmodel/graphics/color/PDSeparation.java,,,,,,,,,,,,,,,,,,,,,,,,,5,9,0,5,2,2,4,3,1,2,3,2,2,1,1,1,1,,,,,,0,,0,80,1,1,1,1
Public Method,"org.apache.pdfbox.pdmodel.graphics.color.PDSeparation.getDefaultDecode(int)",pdfbox/src/main/java/org/apache/pdfbox/pdmodel/graphics/color/PDSeparation.java,,,,,,,,,,,,,,,,,,,,,,,,,0,5,0,5,2,1,0,1,1,1,2,1,1,1,1,1,1,,,,,,0,,0,00,1,1,1,1
Public Method,"org.apache.pdfbox.pdmodel.graphics.color.PDSeparation.getInitialColor()",pdfbox/src/main/java/org/apache/pdfbox/pdmodel/graphics/color/PDSeparation.java,,,,,,,,,,,,,,,,,,,,,,,,,1,5,0,5,2,1,0,1,1,1,2,1,1,1,1,1,1,,,,,,0,,0,00,1,1,1,1
Public Method,"org.apache.pdfbox.pdmodel.graphics.color.PDSeparation.getName()",pdfbox/src/main/java/org/apache/pdfbox/pdmodel/graphics/color/PDSeparation.java,,,,,,,,,,,,,,,,,,,,,,,,,2,5,0,5,2,1,0,2,1,1,2,1,1,1,1,1,1,,,,,,0,,0,00,1,1,1,1
Public Method,"org.apache.pdfbox.pdmodel.graphics.color.PDSeparation.getNumberOfComponents()",pdfbox/src/main/java/org/apache/pdfbox/pdmodel/graphics/color/PDSeparation.java,,,,,,,,,,,,,,,,,,,,,,,,,0,5,0,5,2,1,0,1,1,1,2,1,1,1,1,1,1,,,,,,0,,0,00,1,1,1,1
Public Method,"org.apache.pdfbox.pdmodel.graphics.color.PDSeparation.setAlternateColorSpace(PDColorSpace)",pdfbox/src/main/java/org/apache/pdfbox/pdmodel/graphics/color/PDSeparation.java,,,,,,,,,,,,,,,,,,,,,,,,,3,14,0,10,2,5,4,3,2,4,6,2,4,2,2,2,1,,,,,,1,,0,40,2,2,2,1
Public Method,"org.apache.pdfbox.pdmodel.graphics.color.PDSeparation.setColorantName(String)",pdfbox/src/main/java/org/apache/pdfbox/pdmodel/graphics/color/PDSeparation.java,,,,,,,,,,,,,,,,,,,,,,,,,2,8,0,4,1,1,4,2,1,1,2,1,1,1,1,1,1,,,,,,0,,1,00,1,1,1,1
Public Method,"org.apache.pdfbox.pdmodel.graphics.color.PDSeparation.setTintTransform(PDFunction)",pdfbox/src/main/java/org/apache/pdfbox/pdmodel/graphics/color/PDSeparation.java,,,,,,,,,,,,,,,,,,,,,,,,,3,9,0,5,1,2,4,2,1,2,3,1,2,1,1,1,1,,,,,,0,,0,80,1,1,1,1
Protected Method,"org.apache.pdfbox.pdmodel.graphics.color.PDSeparation.tintTransform(float[],int[])",pdfbox/src/main/java/org/apache/pdfbox/pdmodel/graphics/color/PDSeparation.java,,,,,,,,,,,,,,,,,,,,,,,,,5,10,0,9,2,4,2,3,2,5,7,3,5,2,2,2,1,,,,,,1,,0,22,2,2,2,1
Public Method,"org.apache.pdfbox.pdmodel.graphics.color.PDSeparation.toRGB(float[])",pdfbox/src/main/java/org/apache/pdfbox/pdmodel/graphics/color/PDSeparation.java,,,,,,,,,,,,,,,,,,,,,,,,,6,18,0,18,5,10,0,7,4,8,11,4,9,3,3,3,1,,,,,,1,,0,00,3,3,3,1
Public Method,"org.apache.pdfbox.pdmodel.graphics.color.PDSeparation.toRGBImage(WritableRaster)",pdfbox/src/main/java/org/apache/pdfbox/pdmodel/graphics/color/PDSeparation.java,,,,,,,,,,,,,,,,,,,,,,,,,3,43,4,35,11,22,4,15,5,20,25,11,20,5,5,5,1,,,,,,3,,0,11,5,5,5,1
Private Method,"org.apache.pdfbox.pdmodel.graphics.color.PDSeparation.toRGBImage2(WritableRaster)",pdfbox/src/main/java/org/apache/pdfbox/pdmodel/graphics/color/PDSeparation.java,,,,,,,,,,,,,,,,,,,,,,,,,5,33,1,32,11,22,0,13,4,24,28,13,23,4,4,4,1,,,,,,3,,0,00,4,4,4,1
Public Method,"org.apache.pdfbox.pdmodel.graphics.color.PDSeparation.toRawImage(WritableRaster)",pdfbox/src/main/java/org/apache/pdfbox/pdmodel/graphics/color/PDSeparation.java,,,,,,,,,,,,,,,,,,,,,,,,,2,5,0,5,2,1,0,3,1,1,2,1,1,1,1,1,1,,,,,,0,,0,00,1,1,1,1
Public Method,"org.apache.pdfbox.pdmodel.graphics.color.PDSeparation.toString()",pdfbox/src/main/java/org/apache/pdfbox/pdmodel/graphics/color/PDSeparation.java,,,,,,,,,,,,,,,,,,,,,,,,,2,8,0,8,2,4,0,4,1,1,2,1,1,1,1,1,1,,,,,,0,,0,00,1,1,1,1
Public Abstract Class,"org.apache.pdfbox.pdmodel.graphics.color.PDSpecialColorSpace",pdfbox/src/main/java/org/apache/pdfbox/pdmodel/graphics/color/PDSpecialColorSpace.java,1,1,1,1,5,0,5,0,1,2,4,,0,0,,,1,0,1,27,0,0,0,1,,13,0,8,3,1,5,,,1,3,2,1,,,,,1,1,1,1,2,0,0,0,62,1,1,1,1
Public Method,"org.apache.pdfbox.pdmodel.graphics.color.PDSpecialColorSpace.getCOSObject()",pdfbox/src/main/java/org/apache/pdfbox/pdmodel/graphics/color/PDSpecialColorSpace.java,,,,,,,,,,,,,,,,,,,,,,,,,1,5,0,5,2,1,0,1,1,1,2,1,1,1,1,1,1,,,,,,0,,0,00,1,1,1,1
Public Final Class,"org.apache.pdfbox.pdmodel.graphics.color.PDTristimulus",pdfbox/src/main/java/org/apache/pdfbox/pdmodel/graphics/color/PDTristimulus.java,1,1,1,1,8,0,4,3,2,5,0,,0,0,,,10,1,10,22,0,0,0,10,,106,10,52,13,15,44,,,17,29,13,16,,,,,2,2,3,1,1,1,0,0,85,11,11,12,10
Public Constructor,"org.apache.pdfbox.pdmodel.graphics.color.PDTristimulus.PDTristimulus()",pdfbox/src/main/java/org/apache/pdfbox/pdmodel/graphics/color/PDTristimulus.java,,,,,,,,,,,,,,,,,,,,,,,,,2,10,0,7,1,4,3,5,1,4,5,1,4,1,1,1,1,,,,,,0,,0,43,1,1,1,1
Public Constructor,"org.apache.pdfbox.pdmodel.graphics.color.PDTristimulus.PDTristimulus(COSArray)",pdfbox/src/main/java/org/apache/pdfbox/pdmodel/graphics/color/PDTristimulus.java,,,,,,,,,,,,,,,,,,,,,,,,,3,8,0,4,1,1,4,2,1,1,2,1,1,1,1,1,1,,,,,,0,,1,00,1,1,1,1
Public Constructor,"org.apache.pdfbox.pdmodel.graphics.color.PDTristimulus.PDTristimulus(float[])",pdfbox/src/main/java/org/apache/pdfbox/pdmodel/graphics/color/PDTristimulus.java,,,,,,,,,,,,,,,,,,,,,,,,,3,12,0,8,1,3,4,5,2,4,6,2,4,2,2,3,1,,,,,,1,,0,50,2,2,3,1
Public Method,"org.apache.pdfbox.pdmodel.graphics.color.PDTristimulus.getCOSObject()",pdfbox/src/main/java/org/apache/pdfbox/pdmodel/graphics/color/PDTristimulus.java,,,,,,,,,,,,,,,,,,,,,,,,,1,9,0,5,2,1,4,1,1,1,2,1,1,1,1,1,1,,,,,,0,,0,80,1,1,1,1
Public Method,"org.apache.pdfbox.pdmodel.graphics.color.PDTristimulus.getX()",pdfbox/src/main/java/org/apache/pdfbox/pdmodel/graphics/color/PDTristimulus.java,,,,,,,,,,,,,,,,,,,,,,,,,3,8,0,4,1,1,4,3,1,1,2,1,1,1,1,1,1,,,,,,0,,1,00,1,1,1,1
Public Method,"org.apache.pdfbox.pdmodel.graphics.color.PDTristimulus.getY()",pdfbox/src/main/java/org/apache/pdfbox/pdmodel/graphics/color/PDTristimulus.java,,,,,,,,,,,,,,,,,,,,,,,,,3,8,0,4,1,1,4,3,1,1,2,1,1,1,1,1,1,,,,,,0,,1,00,1,1,1,1
Public Method,"org.apache.pdfbox.pdmodel.graphics.color.PDTristimulus.getZ()",pdfbox/src/main/java/org/apache/pdfbox/pdmodel/graphics/color/PDTristimulus.java,,,,,,,,,,,,,,,,,,,,,,,,,3,8,0,4,1,1,4,3,1,1,2,1,1,1,1,1,1,,,,,,0,,1,00,1,1,1,1
Public Method,"org.apache.pdfbox.pdmodel.graphics.color.PDTristimulus.setX(float)",pdfbox/src/main/java/org/apache/pdfbox/pdmodel/graphics/color/PDTristimulus.java,,,,,,,,,,,,,,,,,,,,,,,,,3,8,0,4,1,1,4,2,1,1,2,1,1,1,1,1,1,,,,,,0,,1,00,1,1,1,1
Public Method,"org.apache.pdfbox.pdmodel.graphics.color.PDTristimulus.setY(float)",pdfbox/src/main/java/org/apache/pdfbox/pdmodel/graphics/color/PDTristimulus.java,,,,,,,,,,,,,,,,,,,,,,,,,3,8,0,4,1,1,4,2,1,1,2,1,1,1,1,1,1,,,,,,0,,1,00,1,1,1,1
Public Method,"org.apache.pdfbox.pdmodel.graphics.color.PDTristimulus.setZ(float)",pdfbox/src/main/java/org/apache/pdfbox/pdmodel/graphics/color/PDTristimulus.java,,,,,,,,,,,,,,,,,,,,,,,,,3,8,0,4,1,1,4,2,1,1,2,1,1,1,1,1,1,,,,,,0,,1,00,1,1,1,1
Package,"org.apache.pdfbox.pdmodel.graphics.form",pdfbox/src/main/java/org/apache/pdfbox/pdmodel/graphics/form/PDFormXObject.java,1,1,1,1,9,0,5,4,,,,3,0,0,3,,30,4,30,,0,0,0,30,,449,40,212,80,56,197,,,83,124,75,54,,,,,3,3,3,3,,2,,0,93,39,39,40,32
Public Class,"org.apache.pdfbox.pdmodel.graphics.form.PDFormXObject",pdfbox/src/main/java/org/apache/pdfbox/pdmodel/graphics/form/PDFormXObject.java,1,1,1,1,10,0,6,4,2,18,2,,0,0,,,20,2,20,38,0,0,0,20,,234,19,127,34,43,88,,,38,66,30,41,,,,,3,3,3,3,2,2,85,0,69,28,28,28,22
Public Constructor,"org.apache.pdfbox.pdmodel.graphics.form.PDFormXObject.PDFormXObject(COSStream)",pdfbox/src/main/java/org/apache/pdfbox/pdmodel/graphics/form/PDFormXObject.java,,,,,,,,,,,,,,,,,,,,,,,,,12,9,0,5,1,2,4,3,1,2,3,1,2,1,1,1,1,,,,,,0,,0,80,1,1,1,1
Public Constructor,"org.apache.pdfbox.pdmodel.graphics.form.PDFormXObject.PDFormXObject(COSStream,ResourceCache)",pdfbox/src/main/java/org/apache/pdfbox/pdmodel/graphics/form/PDFormXObject.java,,,,,,,,,,,,,,,,,,,,,,,,,5,9,0,5,1,2,4,3,1,2,3,1,2,1,1,1,1,,,,,,0,,0,80,1,1,1,1
Public Constructor,"org.apache.pdfbox.pdmodel.graphics.form.PDFormXObject.PDFormXObject(PDDocument)",pdfbox/src/main/java/org/apache/pdfbox/pdmodel/graphics/form/PDFormXObject.java,,,,,,,,,,,,,,,,,,,,,,,,,6,9,0,5,1,2,4,3,1,2,3,1,2,1,1,1,1,,,,,,0,,0,80,1,1,1,1
Public Constructor,"org.apache.pdfbox.pdmodel.graphics.form.PDFormXObject.PDFormXObject(PDStream)",pdfbox/src/main/java/org/apache/pdfbox/pdmodel/graphics/form/PDFormXObject.java,,,,,,,,,,,,,,,,,,,,,,,,,8,9,0,5,1,2,4,3,1,2,3,1,2,1,1,1,1,,,,,,0,,0,80,1,1,1,1
Public Method,"org.apache.pdfbox.pdmodel.graphics.form.PDFormXObject.getBBox()",pdfbox/src/main/java/org/apache/pdfbox/pdmodel/graphics/form/PDFormXObject.java,,,,,,,,,,,,,,,,,,,,,,,,,12,13,0,6,3,2,7,4,1,2,3,2,2,2,2,2,1,,,,,,0,,1,17,2,2,2,1
Public Method,"org.apache.pdfbox.pdmodel.graphics.form.PDFormXObject.getContentStream()",pdfbox/src/main/java/org/apache/pdfbox/pdmodel/graphics/form/PDFormXObject.java,,,,,,,,,,,,,,,,,,,,,,,,,7,4,0,4,1,1,0,3,1,1,2,1,1,1,1,1,1,,,,,,0,,0,00,1,1,1,1
Public Method,"org.apache.pdfbox.pdmodel.graphics.form.PDFormXObject.getContents()",pdfbox/src/main/java/org/apache/pdfbox/pdmodel/graphics/form/PDFormXObject.java,,,,,,,,,,,,,,,,,,,,,,,,,0,5,0,5,2,1,0,3,1,1,2,1,1,1,1,1,1,,,,,,0,,0,00,1,1,1,1
Public Method,"org.apache.pdfbox.pdmodel.graphics.form.PDFormXObject.getContentsForRandomAccess()",pdfbox/src/main/java/org/apache/pdfbox/pdmodel/graphics/form/PDFormXObject.java,,,,,,,,,,,,,,,,,,,,,,,,,0,5,0,5,2,1,0,3,1,1,2,1,1,1,1,1,1,,,,,,0,,0,00,1,1,1,1
Public Method,"org.apache.pdfbox.pdmodel.graphics.form.PDFormXObject.getFormType()",pdfbox/src/main/java/org/apache/pdfbox/pdmodel/graphics/form/PDFormXObject.java,,,,,,,,,,,,,,,,,,,,,,,,,1,8,0,4,1,1,4,3,1,1,2,1,1,1,1,1,1,,,,,,0,,1,00,1,1,1,1
Public Method,"org.apache.pdfbox.pdmodel.graphics.form.PDFormXObject.getGroup()",pdfbox/src/main/java/org/apache/pdfbox/pdmodel/graphics/form/PDFormXObject.java,,,,,,,,,,,,,,,,,,,,,,,,,4,17,0,12,2,5,5,5,3,3,6,2,5,3,3,3,1,,,,,,2,,0,42,3,3,3,1
Public Method,"org.apache.pdfbox.pdmodel.graphics.form.PDFormXObject.getMatrix()",pdfbox/src/main/java/org/apache/pdfbox/pdmodel/graphics/form/PDFormXObject.java,,,,,,,,,,,,,,,,,,,,,,,,,8,9,0,5,2,1,4,4,1,1,2,1,1,1,1,1,1,,,,,,0,,0,80,1,1,1,1
Public Method,"org.apache.pdfbox.pdmodel.graphics.form.PDFormXObject.getOptionalContent()",pdfbox/src/main/java/org/apache/pdfbox/pdmodel/graphics/form/PDFormXObject.java,,,,,,,,,,,,,,,,,,,,,,,,,3,11,0,5,2,2,6,4,1,2,3,2,2,2,2,2,1,,,,,,0,,1,20,2,2,2,1
Public Method,"org.apache.pdfbox.pdmodel.graphics.form.PDFormXObject.getResources()",pdfbox/src/main/java/org/apache/pdfbox/pdmodel/graphics/form/PDFormXObject.java,,,,,,,,,,,,,,,,,,,,,,,,,23,23,0,14,3,6,9,6,3,4,7,2,6,3,3,3,3,,,,,,1,,0,64,3,3,3,3
Public Method,"org.apache.pdfbox.pdmodel.graphics.form.PDFormXObject.getStructParents()",pdfbox/src/main/java/org/apache/pdfbox/pdmodel/graphics/form/PDFormXObject.java,,,,,,,,,,,,,,,,,,,,,,,,,1,11,0,4,1,1,7,3,1,1,2,1,1,1,1,1,1,,,,,,0,,1,75,1,1,1,1
Public Method,"org.apache.pdfbox.pdmodel.graphics.form.PDFormXObject.setBBox(PDRectangle)",pdfbox/src/main/java/org/apache/pdfbox/pdmodel/graphics/form/PDFormXObject.java,,,,,,,,,,,,,,,,,,,,,,,,,26,15,0,11,1,4,4,4,2,2,4,1,3,2,2,2,1,,,,,,1,,0,36,2,2,2,1
Public Method,"org.apache.pdfbox.pdmodel.graphics.form.PDFormXObject.setFormType(int)",pdfbox/src/main/java/org/apache/pdfbox/pdmodel/graphics/form/PDFormXObject.java,,,,,,,,,,,,,,,,,,,,,,,,,11,8,0,4,1,1,4,2,1,1,2,1,1,1,1,1,1,,,,,,0,,1,00,1,1,1,1
Public Method,"org.apache.pdfbox.pdmodel.graphics.form.PDFormXObject.setMatrix(AffineTransform)",pdfbox/src/main/java/org/apache/pdfbox/pdmodel/graphics/form/PDFormXObject.java,,,,,,,,,,,,,,,,,,,,,,,,,15,15,0,11,3,6,4,6,2,5,8,4,5,2,2,2,1,,,,,,1,,0,36,2,2,2,1
Public Method,"org.apache.pdfbox.pdmodel.graphics.form.PDFormXObject.setOptionalContent(PDPropertyList)",pdfbox/src/main/java/org/apache/pdfbox/pdmodel/graphics/form/PDFormXObject.java,,,,,,,,,,,,,,,,,,,,,,,,,2,9,0,4,1,1,5,2,1,1,2,1,1,1,1,1,1,,,,,,0,,1,25,1,1,1,1
Public Method,"org.apache.pdfbox.pdmodel.graphics.form.PDFormXObject.setResources(PDResources)",pdfbox/src/main/java/org/apache/pdfbox/pdmodel/graphics/form/PDFormXObject.java,,,,,,,,,,,,,,,,,,,,,,,,,17,8,0,4,1,1,4,2,1,1,2,1,1,1,1,1,1,,,,,,0,,1,00,1,1,1,1
Public Method,"org.apache.pdfbox.pdmodel.graphics.form.PDFormXObject.setStructParents(int)",pdfbox/src/main/java/org/apache/pdfbox/pdmodel/graphics/form/PDFormXObject.java,,,,,,,,,,,,,,,,,,,,,,,,,2,8,0,4,1,1,4,2,1,1,2,1,1,1,1,1,1,,,,,,0,,1,00,1,1,1,1
Public Class,"org.apache.pdfbox.pdmodel.graphics.form.PDTransparencyGroup",pdfbox/src/main/java/org/apache/pdfbox/pdmodel/graphics/form/PDTransparencyGroup.java,1,1,1,1,8,0,4,4,1,4,0,,0,0,,,3,0,3,41,0,0,0,3,,35,2,15,4,3,18,,,3,7,4,3,,,,,1,1,1,1,3,0,0,1,20,3,3,3,3
Public Constructor,"org.apache.pdfbox.pdmodel.graphics.form.PDTransparencyGroup.PDTransparencyGroup(COSStream,ResourceCache)",pdfbox/src/main/java/org/apache/pdfbox/pdmodel/graphics/form/PDTransparencyGroup.java,,,,,,,,,,,,,,,,,,,,,,,,,3,8,0,4,1,1,4,2,1,1,2,1,1,1,1,1,1,,,,,,0,,1,00,1,1,1,1
Public Constructor,"org.apache.pdfbox.pdmodel.graphics.form.PDTransparencyGroup.PDTransparencyGroup(PDDocument)",pdfbox/src/main/java/org/apache/pdfbox/pdmodel/graphics/form/PDTransparencyGroup.java,,,,,,,,,,,,,,,,,,,,,,,,,1,9,0,4,1,1,5,2,1,1,2,1,1,1,1,1,1,,,,,,0,,1,25,1,1,1,1
Public Constructor,"org.apache.pdfbox.pdmodel.graphics.form.PDTransparencyGroup.PDTransparencyGroup(PDStream)",pdfbox/src/main/java/org/apache/pdfbox/pdmodel/graphics/form/PDTransparencyGroup.java,,,,,,,,,,,,,,,,,,,,,,,,,1,8,0,4,1,1,4,2,1,1,2,1,1,1,1,1,1,,,,,,0,,1,00,1,1,1,1
Public Final Class,"org.apache.pdfbox.pdmodel.graphics.form.PDTransparencyGroupAttributes",pdfbox/src/main/java/org/apache/pdfbox/pdmodel/graphics/form/PDTransparencyGroupAttributes.java,1,1,1,1,8,0,4,4,2,6,0,,0,0,,,7,2,7,19,0,0,0,7,,79,7,39,11,10,33,,,11,20,10,10,,,,,2,2,3,1,1,1,71,0,85,8,8,9,7
Public Constructor,"org.apache.pdfbox.pdmodel.graphics.form.PDTransparencyGroupAttributes.PDTransparencyGroupAttributes()",pdfbox/src/main/java/org/apache/pdfbox/pdmodel/graphics/form/PDTransparencyGroupAttributes.java,,,,,,,,,,,,,,,,,,,,,,,,,3,8,0,5,1,2,3,4,1,2,3,1,2,1,1,1,1,,,,,,0,,0,60,1,1,1,1
Public Constructor,"org.apache.pdfbox.pdmodel.graphics.form.PDTransparencyGroupAttributes.PDTransparencyGroupAttributes(COSDictionary)",pdfbox/src/main/java/org/apache/pdfbox/pdmodel/graphics/form/PDTransparencyGroupAttributes.java,,,,,,,,,,,,,,,,,,,,,,,,,2,8,0,4,1,1,4,2,1,1,2,1,1,1,1,1,1,,,,,,0,,1,00,1,1,1,1
Public Method,"org.apache.pdfbox.pdmodel.graphics.form.PDTransparencyGroupAttributes.getCOSObject()",pdfbox/src/main/java/org/apache/pdfbox/pdmodel/graphics/form/PDTransparencyGroupAttributes.java,,,,,,,,,,,,,,,,,,,,,,,,,4,5,0,5,2,1,0,1,1,1,2,1,1,1,1,1,1,,,,,,0,,0,00,1,1,1,1
Public Method,"org.apache.pdfbox.pdmodel.graphics.form.PDTransparencyGroupAttributes.getColorSpace()",pdfbox/src/main/java/org/apache/pdfbox/pdmodel/graphics/form/PDTransparencyGroupAttributes.java,,,,,,,,,,,,,,,,,,,,,,,,,0,10,0,4,1,1,6,2,1,1,2,1,1,1,1,1,1,,,,,,0,,1,50,1,1,1,1
Public Method,"org.apache.pdfbox.pdmodel.graphics.form.PDTransparencyGroupAttributes.getColorSpace(PDResources)",pdfbox/src/main/java/org/apache/pdfbox/pdmodel/graphics/form/PDTransparencyGroupAttributes.java,,,,,,,,,,,,,,,,,,,,,,,,,6,15,0,8,1,3,7,6,2,2,4,1,3,2,2,3,1,,,,,,1,,0,88,2,2,3,1
Public Method,"org.apache.pdfbox.pdmodel.graphics.form.PDTransparencyGroupAttributes.isIsolated()",pdfbox/src/main/java/org/apache/pdfbox/pdmodel/graphics/form/PDTransparencyGroupAttributes.java,,,,,,,,,,,,,,,,,,,,,,,,,2,8,0,4,1,1,4,3,1,1,2,1,1,1,1,1,1,,,,,,0,,1,00,1,1,1,1
Public Method,"org.apache.pdfbox.pdmodel.graphics.form.PDTransparencyGroupAttributes.isKnockout()",pdfbox/src/main/java/org/apache/pdfbox/pdmodel/graphics/form/PDTransparencyGroupAttributes.java,,,,,,,,,,,,,,,,,,,,,,,,,1,8,0,4,1,1,4,3,1,1,2,1,1,1,1,1,1,,,,,,0,,1,00,1,1,1,1
Package,"org.apache.pdfbox.pdmodel.graphics.image",pdfbox/src/main/java/org/apache/pdfbox/pdmodel/graphics/image/CCITTFactory.java,2,2,3,1,24,1,18,3,,,,21,85,29,15,,188,51,273,,97,80,0,96,,7486,736,5242,1744,2746,1534,,,2769,3476,1616,2406,,,,,37,26,38,24,,7,,0,29,692,645,787,420
Public Final Class,"org.apache.pdfbox.pdmodel.graphics.image.CCITTFactory",pdfbox/src/main/java/org/apache/pdfbox/pdmodel/graphics/image/CCITTFactory.java,4,3,5,1,38,1,27,9,1,24,0,,10,0,,,1,0,11,23,0,6,0,5,,441,29,308,52,161,108,,,112,160,43,138,,,,,37,26,38,3,1,4,0,0,35,54,43,56,13
Private Constructor,"org.apache.pdfbox.pdmodel.graphics.image.CCITTFactory.CCITTFactory()",pdfbox/src/main/java/org/apache/pdfbox/pdmodel/graphics/image/CCITTFactory.java,,,,,,,,,,,,,,,,,,,,,,,,,0,3,0,3,1,0,0,1,1,0,1,1,0,1,1,1,1,,,,,,0,,0,00,1,1,1,1
Public Static Method,"org.apache.pdfbox.pdmodel.graphics.image.CCITTFactory.createFromByteArray(PDDocument,byte[])",pdfbox/src/main/java/org/apache/pdfbox/pdmodel/graphics/image/CCITTFactory.java,,,,,,,,,,,,,,,,,,,,,,,,,3,19,0,5,2,1,14,2,1,1,2,1,1,1,1,1,1,,,,,,0,,2,80,1,1,1,1
Public Static Method,"org.apache.pdfbox.pdmodel.graphics.image.CCITTFactory.createFromByteArray(PDDocument,byte[],int)",pdfbox/src/main/java/org/apache/pdfbox/pdmodel/graphics/image/CCITTFactory.java,,,,,,,,,,,,,,,,,,,,,,,,,4,23,0,8,2,2,15,3,1,1,3,1,2,1,1,1,1,,,,,,1,,1,88,1,1,1,1
Public Static Method,"org.apache.pdfbox.pdmodel.graphics.image.CCITTFactory.createFromFile(PDDocument,File)",pdfbox/src/main/java/org/apache/pdfbox/pdmodel/graphics/image/CCITTFactory.java,,,,,,,,,,,,,,,,,,,,,,,,,11,18,0,5,2,1,13,2,1,1,2,1,1,1,1,1,1,,,,,,0,,2,60,1,1,1,1
Public Static Method,"org.apache.pdfbox.pdmodel.graphics.image.CCITTFactory.createFromFile(PDDocument,File,int)",pdfbox/src/main/java/org/apache/pdfbox/pdmodel/graphics/image/CCITTFactory.java,,,,,,,,,,,,,,,,,,,,,,,,,6,22,0,8,2,2,14,3,1,1,3,1,2,1,1,1,1,,,,,,1,,1,75,1,1,1,1
Public Static Method,"org.apache.pdfbox.pdmodel.graphics.image.CCITTFactory.createFromImage(PDDocument,BufferedImage)",pdfbox/src/main/java/org/apache/pdfbox/pdmodel/graphics/image/CCITTFactory.java,,,,,,,,,,,,,,,,,,,,,,,,,6,42,3,27,5,13,12,15,10,12,18,6,15,5,5,6,1,,,,,,3,,0,44,5,5,6,1
Private Static Method,"org.apache.pdfbox.pdmodel.graphics.image.CCITTFactory.createFromRandomAccessImpl(PDDocument,RandomAccessRead,int)",pdfbox/src/main/java/org/apache/pdfbox/pdmodel/graphics/image/CCITTFactory.java,,,,,,,,,,,,,,,,,,,,,,,,,10,34,1,23,9,16,10,11,2,9,11,6,10,2,2,2,1,,,,,,1,,0,43,2,2,2,1
Private Static Method,"org.apache.pdfbox.pdmodel.graphics.image.CCITTFactory.extractFromTiff(RandomAccessRead,OutputStream,COSDictionary,int)",pdfbox/src/main/java/org/apache/pdfbox/pdmodel/graphics/image/CCITTFactory.java,,,,,,,,,,,,,,,,,,,,,,,,,9,225,13,193,17,108,23,11,33808,72,99,17,90,37,26,38,3,,,,,,4,,0,12,37,26,38,3
Private Static Method,"org.apache.pdfbox.pdmodel.graphics.image.CCITTFactory.prepareImageXObject(PDDocument,byte[],int,int,PDColorSpace)",pdfbox/src/main/java/org/apache/pdfbox/pdmodel/graphics/image/CCITTFactory.java,,,,,,,,,,,,,,,,,,,,,,,,,12,19,2,17,9,12,0,11,1,11,12,6,11,1,1,1,1,,,,,,0,,0,00,1,1,1,1
Private Static Method,"org.apache.pdfbox.pdmodel.graphics.image.CCITTFactory.readlong(char,RandomAccessRead)",pdfbox/src/main/java/org/apache/pdfbox/pdmodel/graphics/image/CCITTFactory.java,,,,,,,,,,,,,,,,,,,,,,,,,3,8,0,8,1,3,0,2,2,2,4,1,3,2,2,2,1,,,,,,1,,0,00,2,2,2,1
Private Static Method,"org.apache.pdfbox.pdmodel.graphics.image.CCITTFactory.readshort(char,RandomAccessRead)",pdfbox/src/main/java/org/apache/pdfbox/pdmodel/graphics/image/CCITTFactory.java,,,,,,,,,,,,,,,,,,,,,,,,,3,8,0,8,1,3,0,2,2,2,4,1,3,2,2,2,1,,,,,,1,,0,00,2,2,2,1
Class,"org.apache.pdfbox.pdmodel.graphics.image.CCITTFactoryTest",pdfbox/src/test/java/org/apache/pdfbox/pdmodel/graphics/image/CCITTFactoryTest.java,1,1,1,1,26,2,21,2,1,26,0,,1,1,,,7,0,8,20,8,0,0,0,,227,25,175,54,101,28,,,86,115,48,93,,,,,3,3,3,3,1,3,0,0,16,13,13,13,10
Static Method,"org.apache.pdfbox.pdmodel.graphics.image.CCITTFactoryTest.setUp()",pdfbox/src/test/java/org/apache/pdfbox/pdmodel/graphics/image/CCITTFactoryTest.java,,,,,,,,,,,,,,,,,,,,,,,,,1,5,0,5,2,1,0,1,1,1,2,1,1,1,1,1,1,,,,,,0,,0,00,1,1,1,1
Method,"org.apache.pdfbox.pdmodel.graphics.image.CCITTFactoryTest.testByteShortPaddedWithGarbage()",pdfbox/src/test/java/org/apache/pdfbox/pdmodel/graphics/image/CCITTFactoryTest.java,,,,,,,,,,,,,,,,,,,,,,,,,1,18,0,14,5,6,4,6,2,4,8,5,4,2,2,2,1,,,,,,2,,0,29,2,2,2,1
Method,"org.apache.pdfbox.pdmodel.graphics.image.CCITTFactoryTest.testCreateFromBufferedChessImage()",pdfbox/src/test/java/org/apache/pdfbox/pdmodel/graphics/image/CCITTFactoryTest.java,,,,,,,,,,,,,,,,,,,,,,,,,5,36,4,32,6,18,1,22,3,17,23,7,19,3,3,3,1,,,,,,3,,0,03,3,3,3,1
Method,"org.apache.pdfbox.pdmodel.graphics.image.CCITTFactoryTest.testCreateFromBufferedImage()",pdfbox/src/test/java/org/apache/pdfbox/pdmodel/graphics/image/CCITTFactoryTest.java,,,,,,,,,,,,,,,,,,,,,,,,,4,27,4,23,6,13,0,19,1,10,14,5,12,1,1,1,1,,,,,,2,,0,00,1,1,1,1
Method,"org.apache.pdfbox.pdmodel.graphics.image.CCITTFactoryTest.testCreateFromFileLock()",pdfbox/src/test/java/org/apache/pdfbox/pdmodel/graphics/image/CCITTFactoryTest.java,,,,,,,,,,,,,,,,,,,,,,,,,2,15,0,10,5,6,5,8,1,6,7,4,5,1,1,1,1,,,,,,0,,0,50,1,1,1,1
Method,"org.apache.pdfbox.pdmodel.graphics.image.CCITTFactoryTest.testCreateFromFileNumberLock()",pdfbox/src/test/java/org/apache/pdfbox/pdmodel/graphics/image/CCITTFactoryTest.java,,,,,,,,,,,,,,,,,,,,,,,,,2,15,0,10,5,6,5,8,1,6,7,4,5,1,1,1,1,,,,,,0,,0,50,1,1,1,1
Method,"org.apache.pdfbox.pdmodel.graphics.image.CCITTFactoryTest.testCreateFromRandomAccessMulti()",pdfbox/src/test/java/org/apache/pdfbox/pdmodel/graphics/image/CCITTFactoryTest.java,,,,,,,,,,,,,,,,,,,,,,,,,4,51,5,42,13,28,4,32,3,23,29,12,26,3,3,3,3,,,,,,3,,0,10,3,3,3,3
Method,"org.apache.pdfbox.pdmodel.graphics.image.CCITTFactoryTest.testCreateFromRandomAccessSingle()",pdfbox/src/test/java/org/apache/pdfbox/pdmodel/graphics/image/CCITTFactoryTest.java,,,,,,,,,,,,,,,,,,,,,,,,,4,42,4,34,9,22,4,20,1,18,23,8,20,1,1,1,1,,,,,,2,,0,12,1,1,1,1
Public Final Class,"org.apache.pdfbox.pdmodel.graphics.image.JPEGFactory",pdfbox/src/main/java/org/apache/pdfbox/pdmodel/graphics/image/JPEGFactory.java,2,2,2,2,24,1,17,6,1,50,0,,13,1,,,1,0,14,26,0,9,0,5,,382,35,256,64,144,93,,,104,142,52,122,,,,,6,5,7,5,1,3,0,0,36,38,34,39,29
Private Static Class,"org.apache.pdfbox.pdmodel.graphics.image.JPEGFactory.Dimensions",pdfbox/src/main/java/org/apache/pdfbox/pdmodel/graphics/image/JPEGFactory.java,0,0,0,0,0,0,0,0,1,0,0,,0,0,,,0,3,0,12,0,0,0,0,,6,0,6,4,0,0,,,3,4,4,0,,,,,0,0,0,0,1,0,0,0,00,0,0,0,0
Private Constructor,"org.apache.pdfbox.pdmodel.graphics.image.JPEGFactory.JPEGFactory()",pdfbox/src/main/java/org/apache/pdfbox/pdmodel/graphics/image/JPEGFactory.java,,,,,,,,,,,,,,,,,,,,,,,,,0,3,0,3,1,0,0,1,1,0,1,1,0,1,1,1,1,,,,,,0,,0,00,1,1,1,1
Public Static Method,"org.apache.pdfbox.pdmodel.graphics.image.JPEGFactory.createFromByteArray(PDDocument,byte[])",pdfbox/src/main/java/org/apache/pdfbox/pdmodel/graphics/image/JPEGFactory.java,,,,,,,,,,,,,,,,,,,,,,,,,14,54,5,38,8,29,11,8,8,22,25,6,23,5,3,5,1,,,,,,1,,0,29,5,3,5,1
Public Static Method,"org.apache.pdfbox.pdmodel.graphics.image.JPEGFactory.createFromImage(PDDocument,BufferedImage)",pdfbox/src/main/java/org/apache/pdfbox/pdmodel/graphics/image/JPEGFactory.java,,,,,,,,,,,,,,,,,,,,,,,,,7,17,0,5,2,1,12,2,1,1,2,1,1,1,1,1,1,,,,,,0,,2,40,1,1,1,1
Public Static Method,"org.apache.pdfbox.pdmodel.graphics.image.JPEGFactory.createFromImage(PDDocument,BufferedImage,float)",pdfbox/src/main/java/org/apache/pdfbox/pdmodel/graphics/image/JPEGFactory.java,,,,,,,,,,,,,,,,,,,,,,,,,5,21,0,5,2,1,16,2,1,1,2,1,1,1,1,1,1,,,,,,0,,3,20,1,1,1,1
Public Static Method,"org.apache.pdfbox.pdmodel.graphics.image.JPEGFactory.createFromImage(PDDocument,BufferedImage,float,int)",pdfbox/src/main/java/org/apache/pdfbox/pdmodel/graphics/image/JPEGFactory.java,,,,,,,,,,,,,,,,,,,,,,,,,5,22,0,5,2,1,17,2,1,1,2,1,1,1,1,1,1,,,,,,0,,3,40,1,1,1,1
Public Static Method,"org.apache.pdfbox.pdmodel.graphics.image.JPEGFactory.createFromStream(PDDocument,InputStream)",pdfbox/src/main/java/org/apache/pdfbox/pdmodel/graphics/image/JPEGFactory.java,,,,,,,,,,,,,,,,,,,,,,,,,11,15,0,5,2,1,10,3,1,1,2,1,1,1,1,1,1,,,,,,0,,2,00,1,1,1,1
Private Static Method,"org.apache.pdfbox.pdmodel.graphics.image.JPEGFactory.createJPEG(PDDocument,BufferedImage,float,int)",pdfbox/src/main/java/org/apache/pdfbox/pdmodel/graphics/image/JPEGFactory.java,,,,,,,,,,,,,,,,,,,,,,,,,7,24,4,17,9,11,3,12,2,8,10,7,9,2,2,2,1,,,,,,1,,0,18,2,2,2,1
Private Static Method,"org.apache.pdfbox.pdmodel.graphics.image.JPEGFactory.encodeImageToJPEGStream(BufferedImage,float,int)",pdfbox/src/main/java/org/apache/pdfbox/pdmodel/graphics/image/JPEGFactory.java,,,,,,,,,,,,,,,,,,,,,,,,,5,34,4,27,10,19,5,19,1,17,19,9,18,1,1,1,1,,,,,,1,,0,19,1,1,1,1
Private Static Method,"org.apache.pdfbox.pdmodel.graphics.image.JPEGFactory.getAlphaImage(BufferedImage)",pdfbox/src/main/java/org/apache/pdfbox/pdmodel/graphics/image/JPEGFactory.java,,,,,,,,,,,,,,,,,,,,,,,,,4,22,0,21,4,12,1,10,5,7,11,3,10,4,4,4,3,,,,,,1,,0,05,4,4,4,3
Private Static Method,"org.apache.pdfbox.pdmodel.graphics.image.JPEGFactory.getColorImage(BufferedImage)",pdfbox/src/main/java/org/apache/pdfbox/pdmodel/graphics/image/JPEGFactory.java,,,,,,,,,,,,,,,,,,,,,,,,,4,23,2,16,3,9,5,11,3,4,7,2,6,3,3,3,1,,,,,,1,,0,31,3,3,3,1
Private Static Method,"org.apache.pdfbox.pdmodel.graphics.image.JPEGFactory.getColorSpaceFromAWT(BufferedImage)",pdfbox/src/main/java/org/apache/pdfbox/pdmodel/graphics/image/JPEGFactory.java,,,,,,,,,,,,,,,,,,,,,,,,,8,27,2,24,2,15,1,7,9,7,11,2,10,6,4,7,5,,,,,,1,,0,04,6,4,7,5
Private Static Method,"org.apache.pdfbox.pdmodel.graphics.image.JPEGFactory.getJPEGImageWriter()",pdfbox/src/main/java/org/apache/pdfbox/pdmodel/graphics/image/JPEGFactory.java,,,,,,,,,,,,,,,,,,,,,,,,,1,19,0,18,3,9,1,7,5,6,10,3,9,4,4,4,4,,,,,,2,,0,06,4,4,4,4
Private Static Method,"org.apache.pdfbox.pdmodel.graphics.image.JPEGFactory.getNumComponentsFromImageMetadata(ImageReader)",pdfbox/src/main/java/org/apache/pdfbox/pdmodel/graphics/image/JPEGFactory.java,,,,,,,,,,,,,,,,,,,,,,,,,4,29,1,28,5,15,0,10,5,10,15,5,14,5,5,5,5,,,,,,2,,0,00,5,5,5,5
Private Static Method,"org.apache.pdfbox.pdmodel.graphics.image.JPEGFactory.retrieveDimensions(ByteArrayInputStream)",pdfbox/src/main/java/org/apache/pdfbox/pdmodel/graphics/image/JPEGFactory.java,,,,,,,,,,,,,,,,,,,,,,,,,5,38,2,34,5,20,2,16,3,15,19,4,18,3,3,3,3,,,,,,3,,0,06,3,3,3,3
Class,"org.apache.pdfbox.pdmodel.graphics.image.JPEGFactoryTest",pdfbox/src/test/java/org/apache/pdfbox/pdmodel/graphics/image/JPEGFactoryTest.java,1,1,2,1,23,2,16,4,1,31,0,,1,1,,,10,0,11,23,10,1,0,0,,280,35,190,68,115,55,,,105,129,61,111,,,,,4,4,7,1,1,2,0,0,29,21,21,30,11
Private Method,"org.apache.pdfbox.pdmodel.graphics.image.JPEGFactoryTest.checkJpegStream(File,String,InputStream)",pdfbox/src/test/java/org/apache/pdfbox/pdmodel/graphics/image/JPEGFactoryTest.java,,,,,,,,,,,,,,,,,,,,,,,,,8,18,0,18,6,9,0,14,1,7,10,4,9,1,1,1,1,,,,,,2,,0,00,1,1,1,1
Static Method,"org.apache.pdfbox.pdmodel.graphics.image.JPEGFactoryTest.setUp()",pdfbox/src/test/java/org/apache/pdfbox/pdmodel/graphics/image/JPEGFactoryTest.java,,,,,,,,,,,,,,,,,,,,,,,,,1,5,0,5,2,1,0,1,1,1,2,1,1,1,1,1,1,,,,,,0,,0,00,1,1,1,1
Method,"org.apache.pdfbox.pdmodel.graphics.image.JPEGFactoryTest.testCreateFromImage256()",pdfbox/src/test/java/org/apache/pdfbox/pdmodel/graphics/image/JPEGFactoryTest.java,,,,,,,,,,,,,,,,,,,,,,,,,2,15,1,10,5,6,4,10,1,6,7,4,6,1,1,1,1,,,,,,0,,0,40,1,1,1,1
Method,"org.apache.pdfbox.pdmodel.graphics.image.JPEGFactoryTest.testCreateFromImage4BYTE_ABGR()",pdfbox/src/test/java/org/apache/pdfbox/pdmodel/graphics/image/JPEGFactoryTest.java,,,,,,,,,,,,,,,,,,,,,,,,,4,44,5,32,9,22,7,23,4,20,24,10,21,4,4,7,1,,,,,,2,,0,22,4,4,7,1
Method,"org.apache.pdfbox.pdmodel.graphics.image.JPEGFactoryTest.testCreateFromImageINT_ARGB()",pdfbox/src/test/java/org/apache/pdfbox/pdmodel/graphics/image/JPEGFactoryTest.java,,,,,,,,,,,,,,,,,,,,,,,,,4,44,5,32,9,22,7,23,4,20,24,10,21,4,4,7,1,,,,,,2,,0,22,4,4,7,1
Method,"org.apache.pdfbox.pdmodel.graphics.image.JPEGFactoryTest.testCreateFromImageRGB()",pdfbox/src/test/java/org/apache/pdfbox/pdmodel/graphics/image/JPEGFactoryTest.java,,,,,,,,,,,,,,,,,,,,,,,,,2,15,1,10,5,6,4,10,1,6,7,4,6,1,1,1,1,,,,,,0,,0,40,1,1,1,1
Method,"org.apache.pdfbox.pdmodel.graphics.image.JPEGFactoryTest.testCreateFromImageUSHORT_555_RGB()",pdfbox/src/test/java/org/apache/pdfbox/pdmodel/graphics/image/JPEGFactoryTest.java,,,,,,,,,,,,,,,,,,,,,,,,,3,43,5,30,9,20,8,19,4,18,22,10,19,4,4,7,1,,,,,,2,,0,27,4,4,7,1
Method,"org.apache.pdfbox.pdmodel.graphics.image.JPEGFactoryTest.testCreateFromStream()",pdfbox/src/test/java/org/apache/pdfbox/pdmodel/graphics/image/JPEGFactoryTest.java,,,,,,,,,,,,,,,,,,,,,,,,,2,15,1,10,5,6,4,7,1,6,7,4,6,1,1,1,1,,,,,,0,,0,40,1,1,1,1
Method,"org.apache.pdfbox.pdmodel.graphics.image.JPEGFactoryTest.testCreateFromStream256()",pdfbox/src/test/java/org/apache/pdfbox/pdmodel/graphics/image/JPEGFactoryTest.java,,,,,,,,,,,,,,,,,,,,,,,,,3,23,1,18,5,10,4,8,2,8,10,4,9,2,2,2,1,,,,,,1,,0,22,2,2,2,1
Method,"org.apache.pdfbox.pdmodel.graphics.image.JPEGFactoryTest.testCreateFromStreamCMYK()",pdfbox/src/test/java/org/apache/pdfbox/pdmodel/graphics/image/JPEGFactoryTest.java,,,,,,,,,,,,,,,,,,,,,,,,,2,11,1,10,5,6,0,7,1,6,7,4,6,1,1,1,1,,,,,,0,,0,00,1,1,1,1
Method,"org.apache.pdfbox.pdmodel.graphics.image.JPEGFactoryTest.testPDFBox5137()",pdfbox/src/test/java/org/apache/pdfbox/pdmodel/graphics/image/JPEGFactoryTest.java,,,,,,,,,,,,,,,,,,,,,,,,,2,20,4,10,5,6,6,9,1,6,7,4,6,1,1,1,1,,,,,,0,,0,60,1,1,1,1
Public Final Class,"org.apache.pdfbox.pdmodel.graphics.image.LosslessFactory",pdfbox/src/main/java/org/apache/pdfbox/pdmodel/graphics/image/LosslessFactory.java,4,4,5,2,32,1,24,6,1,22,0,,5,1,,,1,0,6,18,1,4,0,1,,670,62,515,136,315,93,,,271,339,131,245,,,,,11,11,12,6,1,4,0,0,18,28,28,33,14
Private Constructor,"org.apache.pdfbox.pdmodel.graphics.image.LosslessFactory.LosslessFactory()",pdfbox/src/main/java/org/apache/pdfbox/pdmodel/graphics/image/LosslessFactory.java,,,,,,,,,,,,,,,,,,,,,,,,,0,3,0,3,1,0,0,1,1,0,1,1,0,1,1,1,1,,,,,,0,,0,00,1,1,1,1
Private Static Class,"org.apache.pdfbox.pdmodel.graphics.image.LosslessFactory.PredictorEncoder",pdfbox/src/main/java/org/apache/pdfbox/pdmodel/graphics/image/LosslessFactory.java,4,3,4,1,34,2,28,3,1,31,0,,6,0,,,6,21,12,24,2,10,0,0,,457,49,362,97,232,46,,,212,251,94,179,,,,,16,10,16,6,1,3,80,0,13,50,42,52,17
Constructor,"org.apache.pdfbox.pdmodel.graphics.image.LosslessFactory.PredictorEncoder.PredictorEncoder(PDDocument,BufferedImage)",pdfbox/src/main/java/org/apache/pdfbox/pdmodel/graphics/image/LosslessFactory.java,,,,,,,,,,,,,,,,,,,,,,,,,11,50,6,32,2,29,12,30,1,27,28,2,26,3,3,4,1,,,,,,0,,0,38,3,3,4,1
Private Method,"org.apache.pdfbox.pdmodel.graphics.image.LosslessFactory.PredictorEncoder.chooseDataRowToWrite()",pdfbox/src/main/java/org/apache/pdfbox/pdmodel/graphics/image/LosslessFactory.java,,,,,,,,,,,,,,,,,,,,,,,,,6,38,0,29,7,18,9,2,16,14,19,7,17,5,5,5,1,,,,,,1,,0,31,5,5,5,1
Private Method,"org.apache.pdfbox.pdmodel.graphics.image.LosslessFactory.PredictorEncoder.copyImageBytes(byte[],int,byte[],byte[],int)",pdfbox/src/main/java/org/apache/pdfbox/pdmodel/graphics/image/LosslessFactory.java,,,,,,,,,,,,,,,,,,,,,,,,,7,9,0,9,2,3,0,2,2,2,4,1,3,2,2,2,1,,,,,,1,,0,00,2,2,2,1
Private Method,"org.apache.pdfbox.pdmodel.graphics.image.LosslessFactory.PredictorEncoder.copyIntToBytes(int[],int,byte[],byte[],int)",pdfbox/src/main/java/org/apache/pdfbox/pdmodel/graphics/image/LosslessFactory.java,,,,,,,,,,,,,,,,,,,,,,,,,9,35,2,33,7,25,0,2,5,19,22,6,16,5,3,5,1,,,,,,2,,0,00,5,3,5,1
Private Static Method,"org.apache.pdfbox.pdmodel.graphics.image.LosslessFactory.PredictorEncoder.copyShortsToBytes(short[],int,byte[],byte[],int)",pdfbox/src/main/java/org/apache/pdfbox/pdmodel/graphics/image/LosslessFactory.java,,,,,,,,,,,,,,,,,,,,,,,,,7,17,0,17,5,9,0,2,4,9,12,5,7,3,3,3,1,,,,,,1,,0,00,3,3,3,1
Method,"org.apache.pdfbox.pdmodel.graphics.image.LosslessFactory.PredictorEncoder.encode()",pdfbox/src/main/java/org/apache/pdfbox/pdmodel/graphics/image/LosslessFactory.java,,,,,,,,,,,,,,,,,,,,,,,,,22,164,19,127,25,93,18,27,90,83,93,27,71,16,10,16,6,,,,,,3,,0,14,16,10,16,6
Private Static Method,"org.apache.pdfbox.pdmodel.graphics.image.LosslessFactory.PredictorEncoder.estCompressSum(byte[])",pdfbox/src/main/java/org/apache/pdfbox/pdmodel/graphics/image/LosslessFactory.java,,,,,,,,,,,,,,,,,,,,,,,,,2,10,0,9,2,4,1,2,2,3,6,3,3,2,2,2,1,,,,,,1,,0,11,2,2,2,1
Private Static Method,"org.apache.pdfbox.pdmodel.graphics.image.LosslessFactory.PredictorEncoder.pngFilterAverage(int,int,int)",pdfbox/src/main/java/org/apache/pdfbox/pdmodel/graphics/image/LosslessFactory.java,,,,,,,,,,,,,,,,,,,,,,,,,4,4,0,4,1,1,0,1,1,1,2,1,1,1,1,1,1,,,,,,0,,0,00,1,1,1,1
Private Static Method,"org.apache.pdfbox.pdmodel.graphics.image.LosslessFactory.PredictorEncoder.pngFilterPaeth(int,int,int,int)",pdfbox/src/main/java/org/apache/pdfbox/pdmodel/graphics/image/LosslessFactory.java,,,,,,,,,,,,,,,,,,,,,,,,,5,23,1,22,7,12,0,2,3,10,13,7,9,3,3,4,1,,,,,,1,,0,00,3,3,4,1
Private Static Method,"org.apache.pdfbox.pdmodel.graphics.image.LosslessFactory.PredictorEncoder.pngFilterSub(int,int)",pdfbox/src/main/java/org/apache/pdfbox/pdmodel/graphics/image/LosslessFactory.java,,,,,,,,,,,,,,,,,,,,,,,,,4,4,0,4,1,1,0,1,1,1,2,1,1,1,1,1,1,,,,,,0,,0,00,1,1,1,1
Private Static Method,"org.apache.pdfbox.pdmodel.graphics.image.LosslessFactory.PredictorEncoder.pngFilterUp(int,int)",pdfbox/src/main/java/org/apache/pdfbox/pdmodel/graphics/image/LosslessFactory.java,,,,,,,,,,,,,,,,,,,,,,,,,3,5,0,4,1,1,1,2,1,1,2,1,1,1,1,1,1,,,,,,0,,0,25,1,1,1,1
Private Method,"org.apache.pdfbox.pdmodel.graphics.image.LosslessFactory.PredictorEncoder.preparePredictorPDImage(ByteArrayOutputStream,int)",pdfbox/src/main/java/org/apache/pdfbox/pdmodel/graphics/image/LosslessFactory.java,,,,,,,,,,,,,,,,,,,,,,,,,26,55,5,48,15,36,2,26,6,21,26,11,24,8,8,8,1,,,,,,3,,0,04,8,8,8,1
Private Static Method,"org.apache.pdfbox.pdmodel.graphics.image.LosslessFactory.createFromGrayImage(BufferedImage,PDDocument)",pdfbox/src/main/java/org/apache/pdfbox/pdmodel/graphics/image/LosslessFactory.java,,,,,,,,,,,,,,,,,,,,,,,,,4,27,0,27,8,15,0,13,5,12,18,9,14,5,5,5,1,,,,,,3,,0,00,5,5,5,1
Public Static Method,"org.apache.pdfbox.pdmodel.graphics.image.LosslessFactory.createFromImage(PDDocument,BufferedImage)",pdfbox/src/main/java/org/apache/pdfbox/pdmodel/graphics/image/LosslessFactory.java,,,,,,,,,,,,,,,,,,,,,,,,,27,55,2,33,4,17,20,13,6,8,14,3,13,6,6,8,6,,,,,,4,,0,61,6,6,8,6
Private Static Method,"org.apache.pdfbox.pdmodel.graphics.image.LosslessFactory.createFromRGBImage(BufferedImage,PDDocument)",pdfbox/src/main/java/org/apache/pdfbox/pdmodel/graphics/image/LosslessFactory.java,,,,,,,,,,,,,,,,,,,,,,,,,8,66,2,59,17,37,5,8,44,29,39,17,27,11,11,12,1,,,,,,4,,0,08,11,11,12,1
Private Static Method,"org.apache.pdfbox.pdmodel.graphics.image.LosslessFactory.isGrayImage(BufferedImage)",pdfbox/src/main/java/org/apache/pdfbox/pdmodel/graphics/image/LosslessFactory.java,,,,,,,,,,,,,,,,,,,,,,,,,5,16,0,16,1,7,0,5,4,4,8,1,7,4,4,6,4,,,,,,1,,0,00,4,4,6,4
Static Method,"org.apache.pdfbox.pdmodel.graphics.image.LosslessFactory.prepareImageXObject(PDDocument,byte[],int,int,int,PDColorSpace)",pdfbox/src/main/java/org/apache/pdfbox/pdmodel/graphics/image/LosslessFactory.java,,,,,,,,,,,,,,,,,,,,,,,,,13,26,2,11,6,6,13,8,1,5,6,4,5,1,1,1,1,,,,,,0,,1,18,1,1,1,1
Class,"org.apache.pdfbox.pdmodel.graphics.image.LosslessFactoryTest",pdfbox/src/test/java/org/apache/pdfbox/pdmodel/graphics/image/LosslessFactoryTest.java,2,2,2,1,30,3,21,5,1,38,0,,2,1,,,17,0,19,31,17,2,0,0,,612,85,422,157,296,105,,,299,339,149,290,,,,,7,7,13,1,1,4,0,0,25,39,39,45,19
Private Method,"org.apache.pdfbox.pdmodel.graphics.image.LosslessFactoryTest.checkIdentRGB(BufferedImage,BufferedImage)",pdfbox/src/test/java/org/apache/pdfbox/pdmodel/graphics/image/LosslessFactoryTest.java,,,,,,,,,,,,,,,,,,,,,,,,,9,27,1,20,4,11,6,5,4,11,15,6,11,4,4,4,1,,,,,,3,,0,30,4,4,4,1
Static Method,"org.apache.pdfbox.pdmodel.graphics.image.LosslessFactoryTest.checkIdentRaw(BufferedImage,PDImageXObject)",pdfbox/src/test/java/org/apache/pdfbox/pdmodel/graphics/image/LosslessFactoryTest.java,,,,,,,,,,,,,,,,,,,,,,,,,4,51,0,44,14,27,7,11,10,27,33,15,24,6,6,6,1,,,,,,4,,0,16,6,6,6,1
Private Method,"org.apache.pdfbox.pdmodel.graphics.image.LosslessFactoryTest.doBitmaskTransparencyTest(int,String)",pdfbox/src/test/java/org/apache/pdfbox/pdmodel/graphics/image/LosslessFactoryTest.java,,,,,,,,,,,,,,,,,,,,,,,,,13,108,11,84,20,64,13,42,16,65,72,24,60,7,7,13,1,,,,,,3,,0,15,7,7,13,1
Static Method,"org.apache.pdfbox.pdmodel.graphics.image.LosslessFactoryTest.setUp()",pdfbox/src/test/java/org/apache/pdfbox/pdmodel/graphics/image/LosslessFactoryTest.java,,,,,,,,,,,,,,,,,,,,,,,,,1,5,0,5,2,1,0,1,1,1,2,1,1,1,1,1,1,,,,,,0,,0,00,1,1,1,1
Method,"org.apache.pdfbox.pdmodel.graphics.image.LosslessFactoryTest.testCreateLosslessFrom16Bit()",pdfbox/src/test/java/org/apache/pdfbox/pdmodel/graphics/image/LosslessFactoryTest.java,,,,,,,,,,,,,,,,,,,,,,,,,5,22,2,20,14,16,0,23,1,13,14,10,12,1,1,1,1,,,,,,0,,0,00,1,1,1,1
Method,"org.apache.pdfbox.pdmodel.graphics.image.LosslessFactoryTest.testCreateLosslessFrom16BitPNG()",pdfbox/src/test/java/org/apache/pdfbox/pdmodel/graphics/image/LosslessFactoryTest.java,,,,,,,,,,,,,,,,,,,,,,,,,5,26,5,21,7,17,0,26,1,17,18,6,17,1,1,1,1,,,,,,0,,0,00,1,1,1,1
Method,"org.apache.pdfbox.pdmodel.graphics.image.LosslessFactoryTest.testCreateLosslessFromGovdocs032163()",pdfbox/src/test/java/org/apache/pdfbox/pdmodel/graphics/image/LosslessFactoryTest.java,,,,,,,,,,,,,,,,,,,,,,,,,2,16,1,10,5,6,5,11,1,6,7,4,6,1,1,1,1,,,,,,0,,0,50,1,1,1,1
Method,"org.apache.pdfbox.pdmodel.graphics.image.LosslessFactoryTest.testCreateLosslessFromImage4BYTE_ABGR()",pdfbox/src/test/java/org/apache/pdfbox/pdmodel/graphics/image/LosslessFactoryTest.java,,,,,,,,,,,,,,,,,,,,,,,,,4,49,7,30,9,22,12,26,3,24,27,10,24,3,3,3,1,,,,,,2,,0,40,3,3,3,1
Method,"org.apache.pdfbox.pdmodel.graphics.image.LosslessFactoryTest.testCreateLosslessFromImageBITMASK4BYTE_ABGR()",pdfbox/src/test/java/org/apache/pdfbox/pdmodel/graphics/image/LosslessFactoryTest.java,,,,,,,,,,,,,,,,,,,,,,,,,1,11,0,5,2,1,6,1,1,1,2,1,1,1,1,1,1,,,,,,0,,1,20,1,1,1,1
Method,"org.apache.pdfbox.pdmodel.graphics.image.LosslessFactoryTest.testCreateLosslessFromImageBITMASK_INT_ARGB()",pdfbox/src/test/java/org/apache/pdfbox/pdmodel/graphics/image/LosslessFactoryTest.java,,,,,,,,,,,,,,,,,,,,,,,,,1,11,0,5,2,1,6,1,1,1,2,1,1,1,1,1,1,,,,,,0,,1,20,1,1,1,1
Method,"org.apache.pdfbox.pdmodel.graphics.image.LosslessFactoryTest.testCreateLosslessFromImageBYTE_3BGR()",pdfbox/src/test/java/org/apache/pdfbox/pdmodel/graphics/image/LosslessFactoryTest.java,,,,,,,,,,,,,,,,,,,,,,,,,2,14,2,12,7,8,0,14,1,8,9,6,8,1,1,1,1,,,,,,0,,0,00,1,1,1,1
Method,"org.apache.pdfbox.pdmodel.graphics.image.LosslessFactoryTest.testCreateLosslessFromImageCMYK()",pdfbox/src/test/java/org/apache/pdfbox/pdmodel/graphics/image/LosslessFactoryTest.java,,,,,,,,,,,,,,,,,,,,,,,,,1,22,4,13,9,9,5,15,1,8,9,7,8,1,1,1,1,,,,,,0,,0,38,1,1,1,1
Method,"org.apache.pdfbox.pdmodel.graphics.image.LosslessFactoryTest.testCreateLosslessFromImageINT_ARGB()",pdfbox/src/test/java/org/apache/pdfbox/pdmodel/graphics/image/LosslessFactoryTest.java,,,,,,,,,,,,,,,,,,,,,,,,,4,39,5,27,9,19,7,25,3,21,24,10,21,3,3,3,1,,,,,,2,,0,26,3,3,3,1
Method,"org.apache.pdfbox.pdmodel.graphics.image.LosslessFactoryTest.testCreateLosslessFromImageINT_BGR()",pdfbox/src/test/java/org/apache/pdfbox/pdmodel/graphics/image/LosslessFactoryTest.java,,,,,,,,,,,,,,,,,,,,,,,,,2,14,2,12,7,8,0,14,1,8,9,6,8,1,1,1,1,,,,,,0,,0,00,1,1,1,1
Method,"org.apache.pdfbox.pdmodel.graphics.image.LosslessFactoryTest.testCreateLosslessFromImageINT_RGB()",pdfbox/src/test/java/org/apache/pdfbox/pdmodel/graphics/image/LosslessFactoryTest.java,,,,,,,,,,,,,,,,,,,,,,,,,2,14,2,12,7,8,0,14,1,8,9,6,8,1,1,1,1,,,,,,0,,0,00,1,1,1,1
Method,"org.apache.pdfbox.pdmodel.graphics.image.LosslessFactoryTest.testCreateLosslessFromImageRGB()",pdfbox/src/test/java/org/apache/pdfbox/pdmodel/graphics/image/LosslessFactoryTest.java,,,,,,,,,,,,,,,,,,,,,,,,,6,57,8,37,13,33,12,30,1,33,34,12,33,1,1,1,1,,,,,,0,,0,32,1,1,1,1
Method,"org.apache.pdfbox.pdmodel.graphics.image.LosslessFactoryTest.testCreateLosslessFromImageUSHORT_555_RGB()",pdfbox/src/test/java/org/apache/pdfbox/pdmodel/graphics/image/LosslessFactoryTest.java,,,,,,,,,,,,,,,,,,,,,,,,,3,39,6,25,9,17,8,22,3,19,22,10,19,3,3,3,1,,,,,,2,,0,32,3,3,3,1
Method,"org.apache.pdfbox.pdmodel.graphics.image.LosslessFactoryTest.testCreateLosslessFromTransparent1BitGIF()",pdfbox/src/test/java/org/apache/pdfbox/pdmodel/graphics/image/LosslessFactoryTest.java,,,,,,,,,,,,,,,,,,,,,,,,,5,30,5,18,7,14,7,22,1,14,15,6,14,1,1,1,1,,,,,,0,,0,39,1,1,1,1
Method,"org.apache.pdfbox.pdmodel.graphics.image.LosslessFactoryTest.testCreateLosslessFromTransparentGIF()",pdfbox/src/test/java/org/apache/pdfbox/pdmodel/graphics/image/LosslessFactoryTest.java,,,,,,,,,,,,,,,,,,,,,,,,,4,28,5,17,7,13,6,21,1,13,14,6,13,1,1,1,1,,,,,,0,,0,35,1,1,1,1
Public Interface,"org.apache.pdfbox.pdmodel.graphics.image.PDImage",pdfbox/src/main/java/org/apache/pdfbox/pdmodel/graphics/image/PDImage.java,0,0,0,0,0,0,0,0,1,13,2,,0,0,,,25,0,25,26,25,0,0,0,,193,25,29,27,0,139,,,25,26,26,0,,,,,0,0,0,0,1,0,0,4,79,0,0,0,0
Abstract Method,"org.apache.pdfbox.pdmodel.graphics.image.PDImage.createInputStream()",pdfbox/src/main/java/org/apache/pdfbox/pdmodel/graphics/image/PDImage.java,,,,,,,,,,,,,,,,,,,,,,,,,1,7,0,1,1,0,6,1,0,1,1,1,0,0,0,0,0,,,,,,0,,6,00,0,0,0,0
Abstract Method,"org.apache.pdfbox.pdmodel.graphics.image.PDImage.createInputStream(DecodeOptions)",pdfbox/src/main/java/org/apache/pdfbox/pdmodel/graphics/image/PDImage.java,,,,,,,,,,,,,,,,,,,,,,,,,4,9,0,1,1,0,8,1,0,1,1,1,0,0,0,0,0,,,,,,0,,8,00,0,0,0,0
Abstract Method,"org.apache.pdfbox.pdmodel.graphics.image.PDImage.createInputStream(List<String>)",pdfbox/src/main/java/org/apache/pdfbox/pdmodel/graphics/image/PDImage.java,,,,,,,,,,,,,,,,,,,,,,,,,1,8,0,1,1,0,7,1,0,1,1,1,0,0,0,0,0,,,,,,0,,7,00,0,0,0,0
Abstract Method,"org.apache.pdfbox.pdmodel.graphics.image.PDImage.getBitsPerComponent()",pdfbox/src/main/java/org/apache/pdfbox/pdmodel/graphics/image/PDImage.java,,,,,,,,,,,,,,,,,,,,,,,,,5,4,0,1,1,0,3,1,0,1,1,1,0,0,0,0,0,,,,,,0,,3,00,0,0,0,0
Abstract Method,"org.apache.pdfbox.pdmodel.graphics.image.PDImage.getCOSObject()",pdfbox/src/main/java/org/apache/pdfbox/pdmodel/graphics/image/PDImage.java,,,,,,,,,,,,,,,,,,,,,,,,,0,7,0,2,2,0,5,1,0,1,1,1,0,0,0,0,0,,,,,,0,,2,50,0,0,0,0
Abstract Method,"org.apache.pdfbox.pdmodel.graphics.image.PDImage.getColorSpace()",pdfbox/src/main/java/org/apache/pdfbox/pdmodel/graphics/image/PDImage.java,,,,,,,,,,,,,,,,,,,,,,,,,8,5,0,1,1,0,4,1,0,1,1,1,0,0,0,0,0,,,,,,0,,4,00,0,0,0,0
Abstract Method,"org.apache.pdfbox.pdmodel.graphics.image.PDImage.getDecode()",pdfbox/src/main/java/org/apache/pdfbox/pdmodel/graphics/image/PDImage.java,,,,,,,,,,,,,,,,,,,,,,,,,1,4,0,1,1,0,3,1,0,1,1,1,0,0,0,0,0,,,,,,0,,3,00,0,0,0,0
Abstract Method,"org.apache.pdfbox.pdmodel.graphics.image.PDImage.getHeight()",pdfbox/src/main/java/org/apache/pdfbox/pdmodel/graphics/image/PDImage.java,,,,,,,,,,,,,,,,,,,,,,,,,6,4,0,1,1,0,3,1,0,1,1,1,0,0,0,0,0,,,,,,0,,3,00,0,0,0,0
Abstract Method,"org.apache.pdfbox.pdmodel.graphics.image.PDImage.getImage()",pdfbox/src/main/java/org/apache/pdfbox/pdmodel/graphics/image/PDImage.java,,,,,,,,,,,,,,,,,,,,,,,,,2,7,0,1,1,0,6,1,0,1,1,1,0,0,0,0,0,,,,,,0,,6,00,0,0,0,0
Abstract Method,"org.apache.pdfbox.pdmodel.graphics.image.PDImage.getImage(Rectangle,int)",pdfbox/src/main/java/org/apache/pdfbox/pdmodel/graphics/image/PDImage.java,,,,,,,,,,,,,,,,,,,,,,,,,1,15,0,1,1,0,14,1,0,1,1,1,0,0,0,0,0,,,,,,0,,14,00,0,0,0,0
Abstract Method,"org.apache.pdfbox.pdmodel.graphics.image.PDImage.getInterpolate()",pdfbox/src/main/java/org/apache/pdfbox/pdmodel/graphics/image/PDImage.java,,,,,,,,,,,,,,,,,,,,,,,,,1,4,0,1,1,0,3,1,0,1,1,1,0,0,0,0,0,,,,,,0,,3,00,0,0,0,0
Abstract Method,"org.apache.pdfbox.pdmodel.graphics.image.PDImage.getRawImage()",pdfbox/src/main/java/org/apache/pdfbox/pdmodel/graphics/image/PDImage.java,,,,,,,,,,,,,,,,,,,,,,,,,1,21,0,1,1,0,20,1,0,1,1,1,0,0,0,0,0,,,,,,0,,20,00,0,0,0,0
Abstract Method,"org.apache.pdfbox.pdmodel.graphics.image.PDImage.getRawRaster()",pdfbox/src/main/java/org/apache/pdfbox/pdmodel/graphics/image/PDImage.java,,,,,,,,,,,,,,,,,,,,,,,,,0,11,0,1,1,0,10,1,0,1,1,1,0,0,0,0,0,,,,,,0,,10,00,0,0,0,0
Abstract Method,"org.apache.pdfbox.pdmodel.graphics.image.PDImage.getStencilImage(Paint)",pdfbox/src/main/java/org/apache/pdfbox/pdmodel/graphics/image/PDImage.java,,,,,,,,,,,,,,,,,,,,,,,,,1,8,0,1,1,0,7,1,0,1,1,1,0,0,0,0,0,,,,,,0,,7,00,0,0,0,0
Abstract Method,"org.apache.pdfbox.pdmodel.graphics.image.PDImage.getSuffix()",pdfbox/src/main/java/org/apache/pdfbox/pdmodel/graphics/image/PDImage.java,,,,,,,,,,,,,,,,,,,,,,,,,1,4,0,1,1,0,3,1,0,1,1,1,0,0,0,0,0,,,,,,0,,3,00,0,0,0,0
Abstract Method,"org.apache.pdfbox.pdmodel.graphics.image.PDImage.getWidth()",pdfbox/src/main/java/org/apache/pdfbox/pdmodel/graphics/image/PDImage.java,,,,,,,,,,,,,,,,,,,,,,,,,9,4,0,1,1,0,3,1,0,1,1,1,0,0,0,0,0,,,,,,0,,3,00,0,0,0,0
Abstract Method,"org.apache.pdfbox.pdmodel.graphics.image.PDImage.isEmpty()",pdfbox/src/main/java/org/apache/pdfbox/pdmodel/graphics/image/PDImage.java,,,,,,,,,,,,,,,,,,,,,,,,,2,4,0,1,1,0,3,1,0,1,1,1,0,0,0,0,0,,,,,,0,,3,00,0,0,0,0
Abstract Method,"org.apache.pdfbox.pdmodel.graphics.image.PDImage.isStencil()",pdfbox/src/main/java/org/apache/pdfbox/pdmodel/graphics/image/PDImage.java,,,,,,,,,,,,,,,,,,,,,,,,,3,4,0,1,1,0,3,1,0,1,1,1,0,0,0,0,0,,,,,,0,,3,00,0,0,0,0
Abstract Method,"org.apache.pdfbox.pdmodel.graphics.image.PDImage.setBitsPerComponent(int)",pdfbox/src/main/java/org/apache/pdfbox/pdmodel/graphics/image/PDImage.java,,,,,,,,,,,,,,,,,,,,,,,,,0,5,0,1,1,0,4,0,0,1,1,1,0,0,0,0,0,,,,,,0,,4,00,0,0,0,0
Abstract Method,"org.apache.pdfbox.pdmodel.graphics.image.PDImage.setColorSpace(PDColorSpace)",pdfbox/src/main/java/org/apache/pdfbox/pdmodel/graphics/image/PDImage.java,,,,,,,,,,,,,,,,,,,,,,,,,0,5,0,1,1,0,4,0,0,1,1,1,0,0,0,0,0,,,,,,0,,4,00,0,0,0,0
Abstract Method,"org.apache.pdfbox.pdmodel.graphics.image.PDImage.setDecode(COSArray)",pdfbox/src/main/java/org/apache/pdfbox/pdmodel/graphics/image/PDImage.java,,,,,,,,,,,,,,,,,,,,,,,,,0,5,0,1,1,0,4,0,0,1,1,1,0,0,0,0,0,,,,,,0,,4,00,0,0,0,0
Abstract Method,"org.apache.pdfbox.pdmodel.graphics.image.PDImage.setHeight(int)",pdfbox/src/main/java/org/apache/pdfbox/pdmodel/graphics/image/PDImage.java,,,,,,,,,,,,,,,,,,,,,,,,,0,5,0,1,1,0,4,0,0,1,1,1,0,0,0,0,0,,,,,,0,,4,00,0,0,0,0
Abstract Method,"org.apache.pdfbox.pdmodel.graphics.image.PDImage.setInterpolate(boolean)",pdfbox/src/main/java/org/apache/pdfbox/pdmodel/graphics/image/PDImage.java,,,,,,,,,,,,,,,,,,,,,,,,,0,4,0,1,1,0,3,0,0,1,1,1,0,0,0,0,0,,,,,,0,,3,00,0,0,0,0
Abstract Method,"org.apache.pdfbox.pdmodel.graphics.image.PDImage.setStencil(boolean)",pdfbox/src/main/java/org/apache/pdfbox/pdmodel/graphics/image/PDImage.java,,,,,,,,,,,,,,,,,,,,,,,,,0,6,0,1,1,0,5,0,0,1,1,1,0,0,0,0,0,,,,,,0,,5,00,0,0,0,0
Abstract Method,"org.apache.pdfbox.pdmodel.graphics.image.PDImage.setWidth(int)",pdfbox/src/main/java/org/apache/pdfbox/pdmodel/graphics/image/PDImage.java,,,,,,,,,,,,,,,,,,,,,,,,,0,5,0,1,1,0,4,0,0,1,1,1,0,0,0,0,0,,,,,,0,,4,00,0,0,0,0
Public Final Class,"org.apache.pdfbox.pdmodel.graphics.image.PDImageXObject",pdfbox/src/main/java/org/apache/pdfbox/pdmodel/graphics/image/PDImageXObject.java,2,2,2,1,18,0,12,5,2,59,0,,8,1,,,39,4,47,65,0,5,0,42,,922,62,605,135,275,255,,,205,318,112,247,,,,,15,15,18,7,2,4,94,0,42,116,116,137,80
Public Constructor,"org.apache.pdfbox.pdmodel.graphics.image.PDImageXObject.PDImageXObject(PDDocument)",pdfbox/src/main/java/org/apache/pdfbox/pdmodel/graphics/image/PDImageXObject.java,,,,,,,,,,,,,,,,,,,,,,,,,1,12,0,4,1,1,8,3,1,1,2,1,1,1,1,1,1,,,,,,0,,2,00,1,1,1,1
Public Constructor,"org.apache.pdfbox.pdmodel.graphics.image.PDImageXObject.PDImageXObject(PDDocument,InputStream,COSBase,int,int,int,PDColorSpace)",pdfbox/src/main/java/org/apache/pdfbox/pdmodel/graphics/image/PDImageXObject.java,,,,,,,,,,,,,,,,,,,,,,,,,16,27,0,13,3,8,14,11,1,8,9,1,8,1,1,1,1,,,,,,0,,1,08,1,1,1,1
Public Constructor,"org.apache.pdfbox.pdmodel.graphics.image.PDImageXObject.PDImageXObject(PDStream,PDResources)",pdfbox/src/main/java/org/apache/pdfbox/pdmodel/graphics/image/PDImageXObject.java,,,,,,,,,,,,,,,,,,,,,,,,,10,24,0,15,3,8,9,15,2,6,9,3,8,2,2,3,1,,,,,,2,,0,60,2,2,3,1
Private Method,"org.apache.pdfbox.pdmodel.graphics.image.PDImageXObject.applyMask(BufferedImage,BufferedImage,boolean,boolean,float[])",pdfbox/src/main/java/org/apache/pdfbox/pdmodel/graphics/image/PDImageXObject.java,,,,,,,,,,,,,,,,,,,,,,,,,8,122,5,89,21,53,28,18,91,47,62,25,47,15,15,18,1,,,,,,4,,0,31,15,15,18,1
Private Static Method,"org.apache.pdfbox.pdmodel.graphics.image.PDImageXObject.clampColor(int)",pdfbox/src/main/java/org/apache/pdfbox/pdmodel/graphics/image/PDImageXObject.java,,,,,,,,,,,,,,,,,,,,,,,,,2,4,0,4,1,1,0,1,1,1,2,1,1,3,3,3,1,,,,,,0,,0,00,3,3,3,1
Public Static Method,"org.apache.pdfbox.pdmodel.graphics.image.PDImageXObject.createFromByteArray(PDDocument,byte[],String)",pdfbox/src/main/java/org/apache/pdfbox/pdmodel/graphics/image/PDImageXObject.java,,,,,,,,,,,,,,,,,,,,,,,,,13,66,1,39,5,20,26,11,24,12,20,5,19,8,8,10,7,,,,,,2,,0,67,8,8,10,7
Public Static Method,"org.apache.pdfbox.pdmodel.graphics.image.PDImageXObject.createFromFile(String,PDDocument)",pdfbox/src/main/java/org/apache/pdfbox/pdmodel/graphics/image/PDImageXObject.java,,,,,,,,,,,,,,,,,,,,,,,,,9,14,0,4,1,1,10,3,1,1,2,1,1,1,1,1,1,,,,,,0,,2,50,1,1,1,1
Public Static Method,"org.apache.pdfbox.pdmodel.graphics.image.PDImageXObject.createFromFileByContent(File,PDDocument)",pdfbox/src/main/java/org/apache/pdfbox/pdmodel/graphics/image/PDImageXObject.java,,,,,,,,,,,,,,,,,,,,,,,,,13,66,1,41,3,20,24,13,24,11,19,3,17,7,7,9,5,,,,,,2,,0,59,7,7,9,5
Public Static Method,"org.apache.pdfbox.pdmodel.graphics.image.PDImageXObject.createFromFileByExtension(File,PDDocument)",pdfbox/src/main/java/org/apache/pdfbox/pdmodel/graphics/image/PDImageXObject.java,,,,,,,,,,,,,,,,,,,,,,,,,10,59,0,35,5,18,24,13,12,11,18,5,17,6,6,10,5,,,,,,2,,0,69,6,6,10,5
Public Method,"org.apache.pdfbox.pdmodel.graphics.image.PDImageXObject.createInputStream()",pdfbox/src/main/java/org/apache/pdfbox/pdmodel/graphics/image/PDImageXObject.java,,,,,,,,,,,,,,,,,,,,,,,,,0,5,0,5,2,1,0,3,1,1,2,1,1,1,1,1,1,,,,,,0,,0,00,1,1,1,1
Public Method,"org.apache.pdfbox.pdmodel.graphics.image.PDImageXObject.createInputStream(DecodeOptions)",pdfbox/src/main/java/org/apache/pdfbox/pdmodel/graphics/image/PDImageXObject.java,,,,,,,,,,,,,,,,,,,,,,,,,1,5,0,5,2,1,0,3,1,1,2,1,1,1,1,1,1,,,,,,0,,0,00,1,1,1,1
Public Method,"org.apache.pdfbox.pdmodel.graphics.image.PDImageXObject.createInputStream(List<String>)",pdfbox/src/main/java/org/apache/pdfbox/pdmodel/graphics/image/PDImageXObject.java,,,,,,,,,,,,,,,,,,,,,,,,,2,5,0,5,2,1,0,3,1,1,2,1,1,1,1,1,1,,,,,,0,,0,00,1,1,1,1
Private Static Method,"org.apache.pdfbox.pdmodel.graphics.image.PDImageXObject.createRawStream(PDDocument,InputStream)",pdfbox/src/main/java/org/apache/pdfbox/pdmodel/graphics/image/PDImageXObject.java,,,,,,,,,,,,,,,,,,,,,,,,,3,13,0,10,3,4,3,5,1,3,5,2,4,1,1,1,1,,,,,,1,,0,30,1,1,1,1
Public Static Method,"org.apache.pdfbox.pdmodel.graphics.image.PDImageXObject.createThumbnail(COSStream)",pdfbox/src/main/java/org/apache/pdfbox/pdmodel/graphics/image/PDImageXObject.java,,,,,,,,,,,,,,,,,,,,,,,,,3,12,0,5,2,2,7,3,1,2,3,2,2,1,1,1,1,,,,,,0,,1,40,1,1,1,1
Private Method,"org.apache.pdfbox.pdmodel.graphics.image.PDImageXObject.extractMatte(PDImageXObject)",pdfbox/src/main/java/org/apache/pdfbox/pdmodel/graphics/image/PDImageXObject.java,,,,,,,,,,,,,,,,,,,,,,,,,5,26,0,16,3,9,10,8,3,7,10,3,8,3,3,3,3,,,,,,2,,0,62,3,3,3,3
Public Method,"org.apache.pdfbox.pdmodel.graphics.image.PDImageXObject.getBitsPerComponent()",pdfbox/src/main/java/org/apache/pdfbox/pdmodel/graphics/image/PDImageXObject.java,,,,,,,,,,,,,,,,,,,,,,,,,4,12,0,12,2,4,0,4,2,2,4,1,3,2,2,2,1,,,,,,1,,0,00,2,2,2,1
Public Method,"org.apache.pdfbox.pdmodel.graphics.image.PDImageXObject.getColorKeyMask()",pdfbox/src/main/java/org/apache/pdfbox/pdmodel/graphics/image/PDImageXObject.java,,,,,,,,,,,,,,,,,,,,,,,,,2,8,0,4,1,1,4,3,1,1,2,1,1,1,1,1,1,,,,,,0,,1,00,1,1,1,1
Public Method,"org.apache.pdfbox.pdmodel.graphics.image.PDImageXObject.getColorSpace()",pdfbox/src/main/java/org/apache/pdfbox/pdmodel/graphics/image/PDImageXObject.java,,,,,,,,,,,,,,,,,,,,,,,,,12,40,0,36,4,18,4,10,8,10,17,3,15,7,7,9,6,,,,,,4,,0,11,7,7,9,6
Public Method,"org.apache.pdfbox.pdmodel.graphics.image.PDImageXObject.getDecode()",pdfbox/src/main/java/org/apache/pdfbox/pdmodel/graphics/image/PDImageXObject.java,,,,,,,,,,,,,,,,,,,,,,,,,1,5,0,5,2,1,0,3,1,1,2,1,1,1,1,1,1,,,,,,0,,0,00,1,1,1,1
Public Method,"org.apache.pdfbox.pdmodel.graphics.image.PDImageXObject.getHeight()",pdfbox/src/main/java/org/apache/pdfbox/pdmodel/graphics/image/PDImageXObject.java,,,,,,,,,,,,,,,,,,,,,,,,,14,5,0,5,2,1,0,3,1,1,2,1,1,1,1,1,1,,,,,,0,,0,00,1,1,1,1
Public Method,"org.apache.pdfbox.pdmodel.graphics.image.PDImageXObject.getImage()",pdfbox/src/main/java/org/apache/pdfbox/pdmodel/graphics/image/PDImageXObject.java,,,,,,,,,,,,,,,,,,,,,,,,,33,9,0,5,2,1,4,2,1,1,2,1,1,1,1,1,1,,,,,,0,,0,80,1,1,1,1
Public Method,"org.apache.pdfbox.pdmodel.graphics.image.PDImageXObject.getImage(Rectangle,int)",pdfbox/src/main/java/org/apache/pdfbox/pdmodel/graphics/image/PDImageXObject.java,,,,,,,,,,,,,,,,,,,,,,,,,5,46,3,35,6,18,8,14,13,11,17,5,15,6,6,10,3,,,,,,2,,0,23,6,6,10,3
Public Method,"org.apache.pdfbox.pdmodel.graphics.image.PDImageXObject.getInterpolate()",pdfbox/src/main/java/org/apache/pdfbox/pdmodel/graphics/image/PDImageXObject.java,,,,,,,,,,,,,,,,,,,,,,,,,3,5,0,5,2,1,0,3,1,1,2,1,1,1,1,1,1,,,,,,0,,0,00,1,1,1,1
Public Method,"org.apache.pdfbox.pdmodel.graphics.image.PDImageXObject.getMask()",pdfbox/src/main/java/org/apache/pdfbox/pdmodel/graphics/image/PDImageXObject.java,,,,,,,,,,,,,,,,,,,,,,,,,3,24,0,17,3,8,7,6,3,5,8,3,7,3,3,3,3,,,,,,2,,0,41,3,3,3,3
Public Method,"org.apache.pdfbox.pdmodel.graphics.image.PDImageXObject.getMetadata()",pdfbox/src/main/java/org/apache/pdfbox/pdmodel/graphics/image/PDImageXObject.java,,,,,,,,,,,,,,,,,,,,,,,,,1,13,0,9,2,4,4,4,2,3,5,2,4,2,2,2,1,,,,,,1,,0,44,2,2,2,1
Public Method,"org.apache.pdfbox.pdmodel.graphics.image.PDImageXObject.getOpaqueImage()",pdfbox/src/main/java/org/apache/pdfbox/pdmodel/graphics/image/PDImageXObject.java,,,,,,,,,,,,,,,,,,,,,,,,,13,10,0,4,1,1,6,2,1,1,2,1,1,1,1,1,1,,,,,,0,,1,50,1,1,1,1
Public Method,"org.apache.pdfbox.pdmodel.graphics.image.PDImageXObject.getOptionalContent()",pdfbox/src/main/java/org/apache/pdfbox/pdmodel/graphics/image/PDImageXObject.java,,,,,,,,,,,,,,,,,,,,,,,,,2,11,0,5,2,2,6,4,1,2,3,2,2,2,2,2,1,,,,,,0,,1,20,2,2,2,1
Public Method,"org.apache.pdfbox.pdmodel.graphics.image.PDImageXObject.getRawImage()",pdfbox/src/main/java/org/apache/pdfbox/pdmodel/graphics/image/PDImageXObject.java,,,,,,,,,,,,,,,,,,,,,,,,,2,5,0,5,2,1,0,4,1,1,2,1,1,1,1,1,1,,,,,,0,,0,00,1,1,1,1
Public Method,"org.apache.pdfbox.pdmodel.graphics.image.PDImageXObject.getRawRaster()",pdfbox/src/main/java/org/apache/pdfbox/pdmodel/graphics/image/PDImageXObject.java,,,,,,,,,,,,,,,,,,,,,,,,,4,5,0,5,2,1,0,2,1,1,2,1,1,1,1,1,1,,,,,,0,,0,00,1,1,1,1
Public Method,"org.apache.pdfbox.pdmodel.graphics.image.PDImageXObject.getSoftMask()",pdfbox/src/main/java/org/apache/pdfbox/pdmodel/graphics/image/PDImageXObject.java,,,,,,,,,,,,,,,,,,,,,,,,,13,15,0,9,2,4,6,5,2,3,5,2,4,2,2,2,1,,,,,,1,,0,67,2,2,2,1
Public Method,"org.apache.pdfbox.pdmodel.graphics.image.PDImageXObject.getStencilImage(Paint)",pdfbox/src/main/java/org/apache/pdfbox/pdmodel/graphics/image/PDImageXObject.java,,,,,,,,,,,,,,,,,,,,,,,,,1,13,0,9,2,3,4,4,2,2,4,1,3,2,2,2,1,,,,,,1,,0,44,2,2,2,1
Public Method,"org.apache.pdfbox.pdmodel.graphics.image.PDImageXObject.getStructParent()",pdfbox/src/main/java/org/apache/pdfbox/pdmodel/graphics/image/PDImageXObject.java,,,,,,,,,,,,,,,,,,,,,,,,,1,9,0,4,1,1,5,3,1,1,2,1,1,1,1,1,1,,,,,,0,,1,25,1,1,1,1
Public Method,"org.apache.pdfbox.pdmodel.graphics.image.PDImageXObject.getSuffix()",pdfbox/src/main/java/org/apache/pdfbox/pdmodel/graphics/image/PDImageXObject.java,,,,,,,,,,,,,,,,,,,,,,,,,22,41,1,36,3,18,4,7,7,9,16,2,15,7,7,9,7,,,,,,1,,0,11,7,7,9,7
Public Method,"org.apache.pdfbox.pdmodel.graphics.image.PDImageXObject.getWidth()",pdfbox/src/main/java/org/apache/pdfbox/pdmodel/graphics/image/PDImageXObject.java,,,,,,,,,,,,,,,,,,,,,,,,,14,5,0,5,2,1,0,3,1,1,2,1,1,1,1,1,1,,,,,,0,,0,00,1,1,1,1
Public Method,"org.apache.pdfbox.pdmodel.graphics.image.PDImageXObject.isEmpty()",pdfbox/src/main/java/org/apache/pdfbox/pdmodel/graphics/image/PDImageXObject.java,,,,,,,,,,,,,,,,,,,,,,,,,0,5,0,5,2,1,0,4,1,1,2,1,1,1,1,1,1,,,,,,0,,0,00,1,1,1,1
Public Method,"org.apache.pdfbox.pdmodel.graphics.image.PDImageXObject.isStencil()",pdfbox/src/main/java/org/apache/pdfbox/pdmodel/graphics/image/PDImageXObject.java,,,,,,,,,,,,,,,,,,,,,,,,,5,5,0,5,2,1,0,3,1,1,2,1,1,1,1,1,1,,,,,,0,,0,00,1,1,1,1
Private Static Method,"org.apache.pdfbox.pdmodel.graphics.image.PDImageXObject.scaleImage(BufferedImage,int,int,int,boolean)",pdfbox/src/main/java/org/apache/pdfbox/pdmodel/graphics/image/PDImageXObject.java,,,,,,,,,,,,,,,,,,,,,,,,,17,38,1,33,8,22,4,13,5,16,20,8,18,8,8,9,3,,,,,,2,,0,12,8,8,9,3
Public Method,"org.apache.pdfbox.pdmodel.graphics.image.PDImageXObject.setBitsPerComponent(int)",pdfbox/src/main/java/org/apache/pdfbox/pdmodel/graphics/image/PDImageXObject.java,,,,,,,,,,,,,,,,,,,,,,,,,3,5,0,5,2,1,0,2,1,1,2,1,1,1,1,1,1,,,,,,0,,0,00,1,1,1,1
Public Method,"org.apache.pdfbox.pdmodel.graphics.image.PDImageXObject.setColorSpace(PDColorSpace)",pdfbox/src/main/java/org/apache/pdfbox/pdmodel/graphics/image/PDImageXObject.java,,,,,,,,,,,,,,,,,,,,,,,,,5,7,0,7,2,3,0,5,1,3,4,1,3,2,2,2,1,,,,,,0,,0,00,2,2,2,1
Public Method,"org.apache.pdfbox.pdmodel.graphics.image.PDImageXObject.setDecode(COSArray)",pdfbox/src/main/java/org/apache/pdfbox/pdmodel/graphics/image/PDImageXObject.java,,,,,,,,,,,,,,,,,,,,,,,,,3,5,0,5,2,1,0,2,1,1,2,1,1,1,1,1,1,,,,,,0,,0,00,1,1,1,1
Public Method,"org.apache.pdfbox.pdmodel.graphics.image.PDImageXObject.setHeight(int)",pdfbox/src/main/java/org/apache/pdfbox/pdmodel/graphics/image/PDImageXObject.java,,,,,,,,,,,,,,,,,,,,,,,,,3,5,0,5,2,1,0,2,1,1,2,1,1,1,1,1,1,,,,,,0,,0,00,1,1,1,1
Public Method,"org.apache.pdfbox.pdmodel.graphics.image.PDImageXObject.setInterpolate(boolean)",pdfbox/src/main/java/org/apache/pdfbox/pdmodel/graphics/image/PDImageXObject.java,,,,,,,,,,,,,,,,,,,,,,,,,2,5,0,5,2,1,0,2,1,1,2,1,1,1,1,1,1,,,,,,0,,0,00,1,1,1,1
Public Method,"org.apache.pdfbox.pdmodel.graphics.image.PDImageXObject.setMetadata(PDMetadata)",pdfbox/src/main/java/org/apache/pdfbox/pdmodel/graphics/image/PDImageXObject.java,,,,,,,,,,,,,,,,,,,,,,,,,2,8,0,4,1,1,4,2,1,1,2,1,1,1,1,1,1,,,,,,0,,1,00,1,1,1,1
Public Method,"org.apache.pdfbox.pdmodel.graphics.image.PDImageXObject.setOptionalContent(PDPropertyList)",pdfbox/src/main/java/org/apache/pdfbox/pdmodel/graphics/image/PDImageXObject.java,,,,,,,,,,,,,,,,,,,,,,,,,2,9,0,4,1,1,5,2,1,1,2,1,1,1,1,1,1,,,,,,0,,1,25,1,1,1,1
Public Method,"org.apache.pdfbox.pdmodel.graphics.image.PDImageXObject.setStencil(boolean)",pdfbox/src/main/java/org/apache/pdfbox/pdmodel/graphics/image/PDImageXObject.java,,,,,,,,,,,,,,,,,,,,,,,,,2,5,0,5,2,1,0,2,1,1,2,1,1,1,1,1,1,,,,,,0,,0,00,1,1,1,1
Public Method,"org.apache.pdfbox.pdmodel.graphics.image.PDImageXObject.setStructParent(int)",pdfbox/src/main/java/org/apache/pdfbox/pdmodel/graphics/image/PDImageXObject.java,,,,,,,,,,,,,,,,,,,,,,,,,2,8,0,4,1,1,4,2,1,1,2,1,1,1,1,1,1,,,,,,0,,1,00,1,1,1,1
Public Method,"org.apache.pdfbox.pdmodel.graphics.image.PDImageXObject.setWidth(int)",pdfbox/src/main/java/org/apache/pdfbox/pdmodel/graphics/image/PDImageXObject.java,,,,,,,,,,,,,,,,,,,,,,,,,3,5,0,5,2,1,0,2,1,1,2,1,1,1,1,1,1,,,,,,0,,0,00,1,1,1,1
Class,"org.apache.pdfbox.pdmodel.graphics.image.PDImageXObjectTest",pdfbox/src/test/java/org/apache/pdfbox/pdmodel/graphics/image/PDImageXObjectTest.java,1,1,1,1,15,1,12,1,1,17,0,,0,0,,,17,0,17,29,4,13,0,0,,304,56,222,81,121,26,,,110,143,66,122,,,,,4,4,4,1,1,3,0,0,12,20,20,20,17
Private Method,"org.apache.pdfbox.pdmodel.graphics.image.PDImageXObjectTest.checkIdentARGB(BufferedImage,BufferedImage)",pdfbox/src/test/java/org/apache/pdfbox/pdmodel/graphics/image/PDImageXObjectTest.java,,,,,,,,,,,,,,,,,,,,,,,,,14,20,1,19,4,10,0,5,4,11,15,6,11,4,4,4,1,,,,,,3,,0,00,4,4,4,1
Private Method,"org.apache.pdfbox.pdmodel.graphics.image.PDImageXObjectTest.testCompareCreateByContentWithCreatedByCCITTFactory(String)",pdfbox/src/test/java/org/apache/pdfbox/pdmodel/graphics/image/PDImageXObjectTest.java,,,,,,,,,,,,,,,,,,,,,,,,,2,14,2,12,5,6,0,10,1,5,7,4,6,1,1,1,1,,,,,,1,,0,00,1,1,1,1
Private Method,"org.apache.pdfbox.pdmodel.graphics.image.PDImageXObjectTest.testCompareCreatedByContentWithCreatedByJPEGFactory(String)",pdfbox/src/test/java/org/apache/pdfbox/pdmodel/graphics/image/PDImageXObjectTest.java,,,,,,,,,,,,,,,,,,,,,,,,,2,14,2,12,5,6,0,11,1,5,7,4,6,1,1,1,1,,,,,,1,,0,00,1,1,1,1
Private Method,"org.apache.pdfbox.pdmodel.graphics.image.PDImageXObjectTest.testCompareCreatedByContentWithCreatedByLosslessFactory(String)",pdfbox/src/test/java/org/apache/pdfbox/pdmodel/graphics/image/PDImageXObjectTest.java,,,,,,,,,,,,,,,,,,,,,,,,,2,15,2,13,6,7,0,12,1,6,8,5,7,1,1,1,1,,,,,,1,,0,00,1,1,1,1
Private Method,"org.apache.pdfbox.pdmodel.graphics.image.PDImageXObjectTest.testCompareCreatedFileByExtensionWithCreatedByCCITTFactory(String)",pdfbox/src/test/java/org/apache/pdfbox/pdmodel/graphics/image/PDImageXObjectTest.java,,,,,,,,,,,,,,,,,,,,,,,,,2,14,2,12,5,6,0,10,1,5,7,4,6,1,1,1,1,,,,,,1,,0,00,1,1,1,1
Private Method,"org.apache.pdfbox.pdmodel.graphics.image.PDImageXObjectTest.testCompareCreatedFileByExtensionWithCreatedByJPEGFactory(String)",pdfbox/src/test/java/org/apache/pdfbox/pdmodel/graphics/image/PDImageXObjectTest.java,,,,,,,,,,,,,,,,,,,,,,,,,2,14,2,12,5,6,0,11,1,5,7,4,6,1,1,1,1,,,,,,1,,0,00,1,1,1,1
Private Method,"org.apache.pdfbox.pdmodel.graphics.image.PDImageXObjectTest.testCompareCreatedFileByExtensionWithCreatedByLosslessFactory(String)",pdfbox/src/test/java/org/apache/pdfbox/pdmodel/graphics/image/PDImageXObjectTest.java,,,,,,,,,,,,,,,,,,,,,,,,,2,15,2,13,6,7,0,12,1,6,8,5,7,1,1,1,1,,,,,,1,,0,00,1,1,1,1
Private Method,"org.apache.pdfbox.pdmodel.graphics.image.PDImageXObjectTest.testCompareCreatedFileWithCreatedByCCITTFactory(String)",pdfbox/src/test/java/org/apache/pdfbox/pdmodel/graphics/image/PDImageXObjectTest.java,,,,,,,,,,,,,,,,,,,,,,,,,2,14,2,12,5,6,0,11,1,5,7,4,6,1,1,1,1,,,,,,1,,0,00,1,1,1,1
Private Method,"org.apache.pdfbox.pdmodel.graphics.image.PDImageXObjectTest.testCompareCreatedFileWithCreatedByJPEGFactory(String)",pdfbox/src/test/java/org/apache/pdfbox/pdmodel/graphics/image/PDImageXObjectTest.java,,,,,,,,,,,,,,,,,,,,,,,,,2,14,2,12,5,6,0,12,1,5,7,4,6,1,1,1,1,,,,,,1,,0,00,1,1,1,1
Private Method,"org.apache.pdfbox.pdmodel.graphics.image.PDImageXObjectTest.testCompareCreatedFileWithCreatedByLosslessFactory(String)",pdfbox/src/test/java/org/apache/pdfbox/pdmodel/graphics/image/PDImageXObjectTest.java,,,,,,,,,,,,,,,,,,,,,,,,,2,15,2,13,6,7,0,13,1,6,8,5,7,1,1,1,1,,,,,,1,,0,00,1,1,1,1
Private Method,"org.apache.pdfbox.pdmodel.graphics.image.PDImageXObjectTest.testCompareCreatedFromByteArrayWithCreatedByCCITTFactory(String)",pdfbox/src/test/java/org/apache/pdfbox/pdmodel/graphics/image/PDImageXObjectTest.java,,,,,,,,,,,,,,,,,,,,,,,,,2,15,2,13,6,7,0,12,1,6,8,5,7,1,1,1,1,,,,,,1,,0,00,1,1,1,1
Private Method,"org.apache.pdfbox.pdmodel.graphics.image.PDImageXObjectTest.testCompareCreatedFromByteArrayWithCreatedByJPEGFactory(String)",pdfbox/src/test/java/org/apache/pdfbox/pdmodel/graphics/image/PDImageXObjectTest.java,,,,,,,,,,,,,,,,,,,,,,,,,2,15,2,13,6,7,0,12,1,6,8,5,7,1,1,1,1,,,,,,1,,0,00,1,1,1,1
Private Method,"org.apache.pdfbox.pdmodel.graphics.image.PDImageXObjectTest.testCompareCreatedFromByteArrayWithCreatedByLosslessFactory(String)",pdfbox/src/test/java/org/apache/pdfbox/pdmodel/graphics/image/PDImageXObjectTest.java,,,,,,,,,,,,,,,,,,,,,,,,,2,16,2,14,7,8,0,14,1,7,9,6,8,1,1,1,1,,,,,,1,,0,00,1,1,1,1
Method,"org.apache.pdfbox.pdmodel.graphics.image.PDImageXObjectTest.testCreateFromByteArray()",pdfbox/src/test/java/org/apache/pdfbox/pdmodel/graphics/image/PDImageXObjectTest.java,,,,,,,,,,,,,,,,,,,,,,,,,0,19,2,12,2,8,5,3,1,8,9,1,8,1,1,1,1,,,,,,0,,0,42,1,1,1,1
Method,"org.apache.pdfbox.pdmodel.graphics.image.PDImageXObjectTest.testCreateFromFile()",pdfbox/src/test/java/org/apache/pdfbox/pdmodel/graphics/image/PDImageXObjectTest.java,,,,,,,,,,,,,,,,,,,,,,,,,0,19,2,12,2,8,5,3,1,8,9,1,8,1,1,1,1,,,,,,0,,0,42,1,1,1,1
Method,"org.apache.pdfbox.pdmodel.graphics.image.PDImageXObjectTest.testCreateFromFileByContent()",pdfbox/src/test/java/org/apache/pdfbox/pdmodel/graphics/image/PDImageXObjectTest.java,,,,,,,,,,,,,,,,,,,,,,,,,0,19,2,12,2,8,5,3,1,8,9,1,8,1,1,1,1,,,,,,0,,0,42,1,1,1,1
Method,"org.apache.pdfbox.pdmodel.graphics.image.PDImageXObjectTest.testCreateFromFileByExtension()",pdfbox/src/test/java/org/apache/pdfbox/pdmodel/graphics/image/PDImageXObjectTest.java,,,,,,,,,,,,,,,,,,,,,,,,,0,19,2,12,2,8,5,3,1,8,9,1,8,1,1,1,1,,,,,,0,,0,42,1,1,1,1
Public Final Class,"org.apache.pdfbox.pdmodel.graphics.image.PDInlineImage",pdfbox/src/main/java/org/apache/pdfbox/pdmodel/graphics/image/PDInlineImage.java,1,1,1,1,10,0,8,1,2,25,0,,0,0,,,31,4,31,43,0,2,0,29,,364,40,280,80,106,44,,,88,141,56,99,,,,,4,4,7,4,1,2,78,0,16,52,52,57,46
Public Constructor,"org.apache.pdfbox.pdmodel.graphics.image.PDInlineImage.PDInlineImage(COSDictionary,byte[],PDResources)",pdfbox/src/main/java/org/apache/pdfbox/pdmodel/graphics/image/PDInlineImage.java,,,,,,,,,,,,,,,,,,,,,,,,,9,42,2,30,7,18,10,17,6,16,20,7,17,4,4,4,1,,,,,,2,,0,33,4,4,4,1
Private Method,"org.apache.pdfbox.pdmodel.graphics.image.PDInlineImage.createColorSpace(COSBase)",pdfbox/src/main/java/org/apache/pdfbox/pdmodel/graphics/image/PDInlineImage.java,,,,,,,,,,,,,,,,,,,,,,,,,5,25,3,22,4,13,0,10,4,10,14,4,12,4,4,6,4,,,,,,2,,0,00,4,4,6,4
Public Method,"org.apache.pdfbox.pdmodel.graphics.image.PDInlineImage.createInputStream()",pdfbox/src/main/java/org/apache/pdfbox/pdmodel/graphics/image/PDInlineImage.java,,,,,,,,,,,,,,,,,,,,,,,,,2,5,0,5,2,1,0,2,1,1,2,1,1,1,1,1,1,,,,,,0,,0,00,1,1,1,1
Public Method,"org.apache.pdfbox.pdmodel.graphics.image.PDInlineImage.createInputStream(DecodeOptions)",pdfbox/src/main/java/org/apache/pdfbox/pdmodel/graphics/image/PDInlineImage.java,,,,,,,,,,,,,,,,,,,,,,,,,0,6,0,5,2,1,1,2,1,1,2,1,1,1,1,1,1,,,,,,0,,0,20,1,1,1,1
Public Method,"org.apache.pdfbox.pdmodel.graphics.image.PDInlineImage.createInputStream(List<String>)",pdfbox/src/main/java/org/apache/pdfbox/pdmodel/graphics/image/PDInlineImage.java,,,,,,,,,,,,,,,,,,,,,,,,,5,21,1,19,6,11,1,11,3,11,14,6,12,3,3,3,3,,,,,,2,,0,05,3,3,3,3
Public Method,"org.apache.pdfbox.pdmodel.graphics.image.PDInlineImage.getBitsPerComponent()",pdfbox/src/main/java/org/apache/pdfbox/pdmodel/graphics/image/PDInlineImage.java,,,,,,,,,,,,,,,,,,,,,,,,,6,12,0,12,2,4,0,3,2,2,4,1,3,2,2,2,1,,,,,,1,,0,00,2,2,2,1
Public Method,"org.apache.pdfbox.pdmodel.graphics.image.PDInlineImage.getCOSObject()",pdfbox/src/main/java/org/apache/pdfbox/pdmodel/graphics/image/PDInlineImage.java,,,,,,,,,,,,,,,,,,,,,,,,,2,5,0,5,2,1,0,1,1,1,2,1,1,1,1,1,1,,,,,,0,,0,00,1,1,1,1
Public Method,"org.apache.pdfbox.pdmodel.graphics.image.PDInlineImage.getColorSpace()",pdfbox/src/main/java/org/apache/pdfbox/pdmodel/graphics/image/PDInlineImage.java,,,,,,,,,,,,,,,,,,,,,,,,,7,19,0,17,3,7,2,5,3,4,7,2,6,3,3,3,3,,,,,,1,,0,12,3,3,3,3
Public Method,"org.apache.pdfbox.pdmodel.graphics.image.PDInlineImage.getData()",pdfbox/src/main/java/org/apache/pdfbox/pdmodel/graphics/image/PDInlineImage.java,,,,,,,,,,,,,,,,,,,,,,,,,2,7,0,4,1,1,3,1,1,1,2,1,1,1,1,1,1,,,,,,0,,0,75,1,1,1,1
Public Method,"org.apache.pdfbox.pdmodel.graphics.image.PDInlineImage.getDecode()",pdfbox/src/main/java/org/apache/pdfbox/pdmodel/graphics/image/PDInlineImage.java,,,,,,,,,,,,,,,,,,,,,,,,,4,5,0,5,2,1,0,2,1,1,2,1,1,1,1,1,1,,,,,,0,,0,00,1,1,1,1
Public Method,"org.apache.pdfbox.pdmodel.graphics.image.PDInlineImage.getFilters()",pdfbox/src/main/java/org/apache/pdfbox/pdmodel/graphics/image/PDInlineImage.java,,,,,,,,,,,,,,,,,,,,,,,,,6,19,0,14,3,7,5,6,3,5,8,3,6,3,3,3,3,,,,,,1,,0,36,3,3,3,3
Public Method,"org.apache.pdfbox.pdmodel.graphics.image.PDInlineImage.getHeight()",pdfbox/src/main/java/org/apache/pdfbox/pdmodel/graphics/image/PDInlineImage.java,,,,,,,,,,,,,,,,,,,,,,,,,7,5,0,5,2,1,0,2,1,1,2,1,1,1,1,1,1,,,,,,0,,0,00,1,1,1,1
Public Method,"org.apache.pdfbox.pdmodel.graphics.image.PDInlineImage.getImage()",pdfbox/src/main/java/org/apache/pdfbox/pdmodel/graphics/image/PDInlineImage.java,,,,,,,,,,,,,,,,,,,,,,,,,3,5,0,5,2,1,0,2,1,1,2,1,1,1,1,1,1,,,,,,0,,0,00,1,1,1,1
Public Method,"org.apache.pdfbox.pdmodel.graphics.image.PDInlineImage.getImage(Rectangle,int)",pdfbox/src/main/java/org/apache/pdfbox/pdmodel/graphics/image/PDInlineImage.java,,,,,,,,,,,,,,,,,,,,,,,,,2,5,0,5,2,1,0,2,1,1,2,1,1,1,1,1,1,,,,,,0,,0,00,1,1,1,1
Public Method,"org.apache.pdfbox.pdmodel.graphics.image.PDInlineImage.getInterpolate()",pdfbox/src/main/java/org/apache/pdfbox/pdmodel/graphics/image/PDInlineImage.java,,,,,,,,,,,,,,,,,,,,,,,,,4,5,0,5,2,1,0,2,1,1,2,1,1,1,1,1,1,,,,,,0,,0,00,1,1,1,1
Public Method,"org.apache.pdfbox.pdmodel.graphics.image.PDInlineImage.getRawImage()",pdfbox/src/main/java/org/apache/pdfbox/pdmodel/graphics/image/PDInlineImage.java,,,,,,,,,,,,,,,,,,,,,,,,,0,5,0,5,2,1,0,4,1,1,2,1,1,1,1,1,1,,,,,,0,,0,00,1,1,1,1
Public Method,"org.apache.pdfbox.pdmodel.graphics.image.PDInlineImage.getRawRaster()",pdfbox/src/main/java/org/apache/pdfbox/pdmodel/graphics/image/PDInlineImage.java,,,,,,,,,,,,,,,,,,,,,,,,,1,5,0,5,2,1,0,2,1,1,2,1,1,1,1,1,1,,,,,,0,,0,00,1,1,1,1
Public Method,"org.apache.pdfbox.pdmodel.graphics.image.PDInlineImage.getStencilImage(Paint)",pdfbox/src/main/java/org/apache/pdfbox/pdmodel/graphics/image/PDInlineImage.java,,,,,,,,,,,,,,,,,,,,,,,,,2,9,0,9,2,3,0,4,2,2,4,1,3,2,2,2,1,,,,,,1,,0,00,2,2,2,1
Public Method,"org.apache.pdfbox.pdmodel.graphics.image.PDInlineImage.getSuffix()",pdfbox/src/main/java/org/apache/pdfbox/pdmodel/graphics/image/PDInlineImage.java,,,,,,,,,,,,,,,,,,,,,,,,,5,27,1,20,3,10,6,5,4,5,9,2,8,4,4,7,4,,,,,,1,,0,30,4,4,7,4
Public Method,"org.apache.pdfbox.pdmodel.graphics.image.PDInlineImage.getWidth()",pdfbox/src/main/java/org/apache/pdfbox/pdmodel/graphics/image/PDInlineImage.java,,,,,,,,,,,,,,,,,,,,,,,,,7,5,0,5,2,1,0,2,1,1,2,1,1,1,1,1,1,,,,,,0,,0,00,1,1,1,1
Public Method,"org.apache.pdfbox.pdmodel.graphics.image.PDInlineImage.isEmpty()",pdfbox/src/main/java/org/apache/pdfbox/pdmodel/graphics/image/PDInlineImage.java,,,,,,,,,,,,,,,,,,,,,,,,,3,5,0,5,2,1,0,1,1,1,2,1,1,1,1,1,1,,,,,,0,,0,00,1,1,1,1
Public Method,"org.apache.pdfbox.pdmodel.graphics.image.PDInlineImage.isStencil()",pdfbox/src/main/java/org/apache/pdfbox/pdmodel/graphics/image/PDInlineImage.java,,,,,,,,,,,,,,,,,,,,,,,,,9,5,0,5,2,1,0,2,1,1,2,1,1,1,1,1,1,,,,,,0,,0,00,1,1,1,1
Public Method,"org.apache.pdfbox.pdmodel.graphics.image.PDInlineImage.setBitsPerComponent(int)",pdfbox/src/main/java/org/apache/pdfbox/pdmodel/graphics/image/PDInlineImage.java,,,,,,,,,,,,,,,,,,,,,,,,,3,5,0,5,2,1,0,1,1,1,2,1,1,1,1,1,1,,,,,,0,,0,00,1,1,1,1
Public Method,"org.apache.pdfbox.pdmodel.graphics.image.PDInlineImage.setColorSpace(PDColorSpace)",pdfbox/src/main/java/org/apache/pdfbox/pdmodel/graphics/image/PDInlineImage.java,,,,,,,,,,,,,,,,,,,,,,,,,3,10,0,10,3,4,0,2,2,3,5,2,3,2,2,2,1,,,,,,1,,0,00,2,2,2,1
Public Method,"org.apache.pdfbox.pdmodel.graphics.image.PDInlineImage.setDecode(COSArray)",pdfbox/src/main/java/org/apache/pdfbox/pdmodel/graphics/image/PDInlineImage.java,,,,,,,,,,,,,,,,,,,,,,,,,3,5,0,5,2,1,0,1,1,1,2,1,1,1,1,1,1,,,,,,0,,0,00,1,1,1,1
Public Method,"org.apache.pdfbox.pdmodel.graphics.image.PDInlineImage.setFilters(List<String>)",pdfbox/src/main/java/org/apache/pdfbox/pdmodel/graphics/image/PDInlineImage.java,,,,,,,,,,,,,,,,,,,,,,,,,3,10,0,5,2,2,5,2,1,2,3,2,2,1,1,1,1,,,,,,0,,1,00,1,1,1,1
Public Method,"org.apache.pdfbox.pdmodel.graphics.image.PDInlineImage.setHeight(int)",pdfbox/src/main/java/org/apache/pdfbox/pdmodel/graphics/image/PDInlineImage.java,,,,,,,,,,,,,,,,,,,,,,,,,3,5,0,5,2,1,0,1,1,1,2,1,1,1,1,1,1,,,,,,0,,0,00,1,1,1,1
Public Method,"org.apache.pdfbox.pdmodel.graphics.image.PDInlineImage.setInterpolate(boolean)",pdfbox/src/main/java/org/apache/pdfbox/pdmodel/graphics/image/PDInlineImage.java,,,,,,,,,,,,,,,,,,,,,,,,,3,5,0,5,2,1,0,1,1,1,2,1,1,1,1,1,1,,,,,,0,,0,00,1,1,1,1
Public Method,"org.apache.pdfbox.pdmodel.graphics.image.PDInlineImage.setStencil(boolean)",pdfbox/src/main/java/org/apache/pdfbox/pdmodel/graphics/image/PDInlineImage.java,,,,,,,,,,,,,,,,,,,,,,,,,3,5,0,5,2,1,0,1,1,1,2,1,1,1,1,1,1,,,,,,0,,0,00,1,1,1,1
Public Method,"org.apache.pdfbox.pdmodel.graphics.image.PDInlineImage.setWidth(int)",pdfbox/src/main/java/org/apache/pdfbox/pdmodel/graphics/image/PDInlineImage.java,,,,,,,,,,,,,,,,,,,,,,,,,3,5,0,5,2,1,0,1,1,1,2,1,1,1,1,1,1,,,,,,0,,0,00,1,1,1,1
Private Method,"org.apache.pdfbox.pdmodel.graphics.image.PDInlineImage.toLongName(COSBase)",pdfbox/src/main/java/org/apache/pdfbox/pdmodel/graphics/image/PDInlineImage.java,,,,,,,,,,,,,,,,,,,,,,,,,8,16,0,16,1,7,0,2,4,4,8,1,7,4,4,4,4,,,,,,1,,0,00,4,4,4,4
Class,"org.apache.pdfbox.pdmodel.graphics.image.PDInlineImageTest",pdfbox/src/test/java/org/apache/pdfbox/pdmodel/graphics/image/PDInlineImageTest.java,2,2,3,1,32,2,27,2,1,26,0,,1,1,,,5,0,6,18,5,1,0,0,,212,22,171,43,117,19,,,115,134,44,113,,,,,10,10,12,1,1,3,0,0,11,16,16,18,6
Private Method,"org.apache.pdfbox.pdmodel.graphics.image.PDInlineImageTest.doInlineCcittImage(int,int,byte[])",pdfbox/src/test/java/org/apache/pdfbox/pdmodel/graphics/image/PDInlineImageTest.java,,,,,,,,,,,,,,,,,,,,,,,,,20,37,0,37,8,32,0,26,2,33,35,9,33,2,2,2,1,,,,,,1,,0,00,2,2,2,1
Static Method,"org.apache.pdfbox.pdmodel.graphics.image.PDInlineImageTest.setUp()",pdfbox/src/test/java/org/apache/pdfbox/pdmodel/graphics/image/PDInlineImageTest.java,,,,,,,,,,,,,,,,,,,,,,,,,1,5,0,5,2,1,0,1,1,1,2,1,1,1,1,1,1,,,,,,0,,0,00,1,1,1,1
Method,"org.apache.pdfbox.pdmodel.graphics.image.PDInlineImageTest.testInlineImage()",pdfbox/src/test/java/org/apache/pdfbox/pdmodel/graphics/image/PDInlineImageTest.java,,,,,,,,,,,,,,,,,,,,,,,,,9,134,15,107,22,77,12,36,64,74,86,26,75,10,10,12,1,,,,,,3,,0,11,10,10,12,1
Method,"org.apache.pdfbox.pdmodel.graphics.image.PDInlineImageTest.testShortCCITT1()",pdfbox/src/test/java/org/apache/pdfbox/pdmodel/graphics/image/PDInlineImageTest.java,,,,,,,,,,,,,,,,,,,,,,,,,0,6,0,6,3,2,0,1,1,2,3,2,1,1,1,1,1,,,,,,0,,0,00,1,1,1,1
Method,"org.apache.pdfbox.pdmodel.graphics.image.PDInlineImageTest.testShortCCITT2()",pdfbox/src/test/java/org/apache/pdfbox/pdmodel/graphics/image/PDInlineImageTest.java,,,,,,,,,,,,,,,,,,,,,,,,,0,6,0,6,3,2,0,1,1,2,3,2,1,1,1,1,1,,,,,,0,,0,00,1,1,1,1
Method,"org.apache.pdfbox.pdmodel.graphics.image.PDInlineImageTest.testShortCCITT3()",pdfbox/src/test/java/org/apache/pdfbox/pdmodel/graphics/image/PDInlineImageTest.java,,,,,,,,,,,,,,,,,,,,,,,,,0,6,0,6,3,2,0,1,1,2,3,2,1,1,1,1,1,,,,,,0,,0,00,1,1,1,1
Final Class,"org.apache.pdfbox.pdmodel.graphics.image.PNGConverter",pdfbox/src/main/java/org/apache/pdfbox/pdmodel/graphics/image/PNGConverter.java,5,4,6,4,36,1,29,4,1,36,0,,18,20,,,1,0,19,31,5,14,0,0,,887,66,672,142,409,167,,,314,415,137,317,,,,,26,12,26,24,1,3,0,0,25,104,80,115,87
Static Final Class,"org.apache.pdfbox.pdmodel.graphics.image.PNGConverter.Chunk",pdfbox/src/main/java/org/apache/pdfbox/pdmodel/graphics/image/PNGConverter.java,1,1,1,1,9,0,4,5,1,1,0,,0,0,,,1,5,1,13,1,0,0,0,,39,1,12,7,1,26,,,6,8,7,1,,,,,1,1,1,1,1,0,40,2,17,1,1,1,1
Method,"org.apache.pdfbox.pdmodel.graphics.image.PNGConverter.Chunk.getData()",pdfbox/src/main/java/org/apache/pdfbox/pdmodel/graphics/image/PNGConverter.java,,,,,,,,,,,,,,,,,,,,,,,,,5,9,0,4,1,1,5,2,1,1,2,1,1,1,1,1,1,,,,,,0,,1,25,1,1,1,1
Private Static Class,"org.apache.pdfbox.pdmodel.graphics.image.PNGConverter.MultipleInputStream",pdfbox/src/main/java/org/apache/pdfbox/pdmodel/graphics/image/PNGConverter.java,2,2,2,2,12,0,12,0,1,4,0,,0,0,,,4,3,4,32,0,1,0,3,,62,5,57,13,23,0,,,18,30,10,23,,,,,3,3,3,3,1,2,58,0,00,11,11,11,10
Public Method,"org.apache.pdfbox.pdmodel.graphics.image.PNGConverter.MultipleInputStream.available()",pdfbox/src/main/java/org/apache/pdfbox/pdmodel/graphics/image/PNGConverter.java,,,,,,,,,,,,,,,,,,,,,,,,,0,9,0,9,2,3,0,2,2,2,4,1,3,2,2,2,1,,,,,,1,,0,00,2,2,2,1
Private Method,"org.apache.pdfbox.pdmodel.graphics.image.PNGConverter.MultipleInputStream.ensureStream()",pdfbox/src/main/java/org/apache/pdfbox/pdmodel/graphics/image/PNGConverter.java,,,,,,,,,,,,,,,,,,,,,,,,,6,12,0,12,1,5,0,5,3,3,6,1,5,3,3,3,3,,,,,,2,,0,00,3,3,3,3
Public Method,"org.apache.pdfbox.pdmodel.graphics.image.PNGConverter.MultipleInputStream.read()",pdfbox/src/main/java/org/apache/pdfbox/pdmodel/graphics/image/PNGConverter.java,,,,,,,,,,,,,,,,,,,,,,,,,1,15,0,15,3,7,0,4,3,5,8,2,7,3,3,3,3,,,,,,1,,0,00,3,3,3,3
Public Method,"org.apache.pdfbox.pdmodel.graphics.image.PNGConverter.MultipleInputStream.read(byte[],int,int)",pdfbox/src/main/java/org/apache/pdfbox/pdmodel/graphics/image/PNGConverter.java,,,,,,,,,,,,,,,,,,,,,,,,,4,15,0,15,3,7,0,4,3,5,8,2,7,3,3,3,3,,,,,,1,,0,00,3,3,3,3
Private Constructor,"org.apache.pdfbox.pdmodel.graphics.image.PNGConverter.PNGConverter()",pdfbox/src/main/java/org/apache/pdfbox/pdmodel/graphics/image/PNGConverter.java,,,,,,,,,,,,,,,,,,,,,,,,,0,3,0,3,1,0,0,1,1,0,1,1,0,1,1,1,1,,,,,,0,,0,00,1,1,1,1
Static Final Class,"org.apache.pdfbox.pdmodel.graphics.image.PNGConverter.PNGConverterState",pdfbox/src/main/java/org/apache/pdfbox/pdmodel/graphics/image/PNGConverter.java,0,0,0,0,0,0,0,0,1,4,0,,0,0,,,0,11,0,12,0,0,0,0,,19,1,14,12,1,4,,,11,12,12,1,,,,,0,0,0,0,1,0,0,0,29,0,0,0,0
Private Static Method,"org.apache.pdfbox.pdmodel.graphics.image.PNGConverter.buildDecodeParams(PNGConverterState,PDColorSpace)",pdfbox/src/main/java/org/apache/pdfbox/pdmodel/graphics/image/PNGConverter.java,,,,,,,,,,,,,,,,,,,,,,,,,10,9,0,9,2,6,0,5,1,6,7,2,6,1,1,1,1,,,,,,0,,0,00,1,1,1,1
Private Static Method,"org.apache.pdfbox.pdmodel.graphics.image.PNGConverter.buildImageObject(PDDocument,PNGConverterState)",pdfbox/src/main/java/org/apache/pdfbox/pdmodel/graphics/image/PNGConverter.java,,,,,,,,,,,,,,,,,,,,,,,,,20,82,9,62,14,40,11,17,24,28,38,12,34,10,10,14,10,,,,,,2,,0,18,10,10,14,10
Private Static Method,"org.apache.pdfbox.pdmodel.graphics.image.PNGConverter.buildIndexImage(PDDocument,PNGConverterState)",pdfbox/src/main/java/org/apache/pdfbox/pdmodel/graphics/image/PNGConverter.java,,,,,,,,,,,,,,,,,,,,,,,,,9,48,5,40,5,24,3,9,7,15,22,4,19,7,7,7,6,,,,,,1,,0,07,7,7,7,6
Private Static Method,"org.apache.pdfbox.pdmodel.graphics.image.PNGConverter.buildTransparencyMaskFromIndexedData(PDDocument,PDImageXObject,PNGConverterState)",pdfbox/src/main/java/org/apache/pdfbox/pdmodel/graphics/image/PNGConverter.java,,,,,,,,,,,,,,,,,,,,,,,,,13,46,0,44,15,30,2,16,5,24,29,15,22,4,4,4,1,,,,,,3,,0,05,4,4,4,1
Static Method,"org.apache.pdfbox.pdmodel.graphics.image.PNGConverter.checkChunkSane(Chunk)",pdfbox/src/main/java/org/apache/pdfbox/pdmodel/graphics/image/PNGConverter.java,,,,,,,,,,,,,,,,,,,,,,,,,11,32,3,23,2,12,6,4,5,7,12,2,11,5,5,5,5,,,,,,1,,0,26,5,5,5,5
Static Method,"org.apache.pdfbox.pdmodel.graphics.image.PNGConverter.checkConverterState(PNGConverterState)",pdfbox/src/main/java/org/apache/pdfbox/pdmodel/graphics/image/PNGConverter.java,,,,,,,,,,,,,,,,,,,,,,,,,12,64,1,56,1,31,7,4,12,20,33,2,31,12,12,13,12,,,,,,2,,0,12,12,12,13,12
Static Method,"org.apache.pdfbox.pdmodel.graphics.image.PNGConverter.convertPNGImage(PDDocument,byte[])",pdfbox/src/main/java/org/apache/pdfbox/pdmodel/graphics/image/PNGConverter.java,,,,,,,,,,,,,,,,,,,,,,,,,6,22,1,9,2,4,12,4,2,3,5,2,4,2,2,2,1,,,,,,1,,1,33,2,2,2,1
Private Static Method,"org.apache.pdfbox.pdmodel.graphics.image.PNGConverter.convertPng(PDDocument,PNGConverterState)",pdfbox/src/main/java/org/apache/pdfbox/pdmodel/graphics/image/PNGConverter.java,,,,,,,,,,,,,,,,,,,,,,,,,8,82,3,67,11,49,12,10,12,34,42,10,34,12,8,17,12,,,,,,2,,0,18,12,8,17,12
Static Method,"org.apache.pdfbox.pdmodel.graphics.image.PNGConverter.crc(byte[],int,int)",pdfbox/src/main/java/org/apache/pdfbox/pdmodel/graphics/image/PNGConverter.java,,,,,,,,,,,,,,,,,,,,,,,,,5,4,0,4,1,1,0,2,1,1,2,1,1,1,1,1,1,,,,,,0,,0,00,1,1,1,1
Private Static Method,"org.apache.pdfbox.pdmodel.graphics.image.PNGConverter.createCOSStreamwithIccProfile(PDDocument,PDColorSpace,PNGConverterState)",pdfbox/src/main/java/org/apache/pdfbox/pdmodel/graphics/image/PNGConverter.java,,,,,,,,,,,,,,,,,,,,,,,,,16,52,0,49,6,29,3,14,10,18,26,5,23,7,7,8,6,,,,,,3,,0,06,7,7,8,6
Private Static Method,"org.apache.pdfbox.pdmodel.graphics.image.PNGConverter.getIDATInputStream(PNGConverterState)",pdfbox/src/main/java/org/apache/pdfbox/pdmodel/graphics/image/PNGConverter.java,,,,,,,,,,,,,,,,,,,,,,,,,8,17,0,10,2,5,7,3,2,3,6,3,4,2,2,2,1,,,,,,1,,0,70,2,2,2,1
Private Static Method,"org.apache.pdfbox.pdmodel.graphics.image.PNGConverter.makeCrcTable()",pdfbox/src/main/java/org/apache/pdfbox/pdmodel/graphics/image/PNGConverter.java,,,,,,,,,,,,,,,,,,,,,,,,,0,21,1,20,2,8,0,1,4,9,13,4,9,4,4,4,1,,,,,,3,,0,00,4,4,4,1
Static Method,"org.apache.pdfbox.pdmodel.graphics.image.PNGConverter.mapPNGRenderIntent(int)",pdfbox/src/main/java/org/apache/pdfbox/pdmodel/graphics/image/PNGConverter.java,,,,,,,,,,,,,,,,,,,,,,,,,7,30,0,23,2,17,7,1,5,12,14,2,12,5,2,5,1,,,,,,1,,0,30,5,2,5,1
Private Static Method,"org.apache.pdfbox.pdmodel.graphics.image.PNGConverter.parsePNGChunks(byte[])",pdfbox/src/main/java/org/apache/pdfbox/pdmodel/graphics/image/PNGConverter.java,,,,,,,,,,,,,,,,,,,,,,,,,26,133,7,102,7,83,24,18,24,55,64,7,62,26,9,26,24,,,,,,3,,0,24,26,9,26,24
Private Static Method,"org.apache.pdfbox.pdmodel.graphics.image.PNGConverter.readInt(byte[],int)",pdfbox/src/main/java/org/apache/pdfbox/pdmodel/graphics/image/PNGConverter.java,,,,,,,,,,,,,,,,,,,,,,,,,5,8,0,8,5,5,0,1,1,5,6,5,1,1,1,1,1,,,,,,0,,0,00,1,1,1,1
Private Static Method,"org.apache.pdfbox.pdmodel.graphics.image.PNGConverter.readPNGFloat(byte[],int)",pdfbox/src/main/java/org/apache/pdfbox/pdmodel/graphics/image/PNGConverter.java,,,,,,,,,,,,,,,,,,,,,,,,,3,5,0,5,2,2,0,2,1,2,3,2,2,1,1,1,1,,,,,,0,,0,00,1,1,1,1
Private Static Method,"org.apache.pdfbox.pdmodel.graphics.image.PNGConverter.setupIndexedColorSpace(PDDocument,Chunk,PDImageXObject,int)",pdfbox/src/main/java/org/apache/pdfbox/pdmodel/graphics/image/PNGConverter.java,,,,,,,,,,,,,,,,,,,,,,,,,13,21,3,18,5,12,0,13,1,10,12,4,11,1,1,1,1,,,,,,1,,0,00,1,1,1,1
Private Static Method,"org.apache.pdfbox.pdmodel.graphics.image.PNGConverter.updateCrc(byte[],int,int)",pdfbox/src/main/java/org/apache/pdfbox/pdmodel/graphics/image/PNGConverter.java,,,,,,,,,,,,,,,,,,,,,,,,,5,10,0,10,3,5,0,1,2,6,8,4,4,2,2,2,1,,,,,,1,,0,00,2,2,2,1
Class,"org.apache.pdfbox.pdmodel.graphics.image.PNGConverterTest",pdfbox/src/test/java/org/apache/pdfbox/pdmodel/graphics/image/PNGConverterTest.java,1,1,1,1,13,1,11,1,1,43,0,,2,1,,,20,0,22,34,18,2,0,2,,333,45,265,80,156,24,,,137,172,59,145,,,,,4,4,5,1,1,2,0,0,09,28,28,29,22
Private Method,"org.apache.pdfbox.pdmodel.graphics.image.PNGConverterTest.checkImageConvert(String)",pdfbox/src/test/java/org/apache/pdfbox/pdmodel/graphics/image/PNGConverterTest.java,,,,,,,,,,,,,,,,,,,,,,,,,12,51,6,41,9,28,4,37,8,22,28,9,26,4,4,5,1,,,,,,2,,0,10,4,4,5,1
Private Method,"org.apache.pdfbox.pdmodel.graphics.image.PNGConverterTest.checkImageConvertFail(String)",pdfbox/src/test/java/org/apache/pdfbox/pdmodel/graphics/image/PNGConverterTest.java,,,,,,,,,,,,,,,,,,,,,,,,,5,9,0,9,3,4,0,5,1,3,5,3,4,1,1,1,1,,,,,,1,,0,00,1,1,1,1
Public Method,"org.apache.pdfbox.pdmodel.graphics.image.PNGConverterTest.dumpChunkTypes()",pdfbox/src/test/java/org/apache/pdfbox/pdmodel/graphics/image/PNGConverterTest.java,,,,,,,,,,,,,,,,,,,,,,,,,2,21,1,16,5,11,5,4,2,4,7,4,4,2,2,2,1,,,,,,1,,0,31,2,2,2,1
Public Static Method,"org.apache.pdfbox.pdmodel.graphics.image.PNGConverterTest.getImageWithProfileData(BufferedImage,ICC_Profile)",pdfbox/src/test/java/org/apache/pdfbox/pdmodel/graphics/image/PNGConverterTest.java,,,,,,,,,,,,,,,,,,,,,,,,,3,24,0,24,13,16,0,17,3,12,16,12,14,3,3,3,1,,,,,,2,,0,00,3,3,3,1
Static Method,"org.apache.pdfbox.pdmodel.graphics.image.PNGConverterTest.setup()",pdfbox/src/test/java/org/apache/pdfbox/pdmodel/graphics/image/PNGConverterTest.java,,,,,,,,,,,,,,,,,,,,,,,,,1,6,0,5,2,1,1,1,1,1,2,1,1,1,1,1,1,,,,,,0,,0,20,1,1,1,1
Method,"org.apache.pdfbox.pdmodel.graphics.image.PNGConverterTest.testCRCImpl()",pdfbox/src/test/java/org/apache/pdfbox/pdmodel/graphics/image/PNGConverterTest.java,,,,,,,,,,,,,,,,,,,,,,,,,1,7,0,7,3,3,0,3,1,3,4,2,3,1,1,1,1,,,,,,0,,0,00,1,1,1,1
Method,"org.apache.pdfbox.pdmodel.graphics.image.PNGConverterTest.testCheckConverterState()",pdfbox/src/test/java/org/apache/pdfbox/pdmodel/graphics/image/PNGConverterTest.java,,,,,,,,,,,,,,,,,,,,,,,,,0,63,10,52,5,48,1,19,1,48,49,4,48,1,1,1,1,,,,,,0,,0,02,1,1,1,1
Method,"org.apache.pdfbox.pdmodel.graphics.image.PNGConverterTest.testChunkSane()",pdfbox/src/test/java/org/apache/pdfbox/pdmodel/graphics/image/PNGConverterTest.java,,,,,,,,,,,,,,,,,,,,,,,,,2,22,2,20,3,16,0,11,1,16,17,2,16,1,1,1,1,,,,,,0,,0,00,1,1,1,1
Method,"org.apache.pdfbox.pdmodel.graphics.image.PNGConverterTest.testImageConversionGray()",pdfbox/src/test/java/org/apache/pdfbox/pdmodel/graphics/image/PNGConverterTest.java,,,,,,,,,,,,,,,,,,,,,,,,,0,5,0,5,2,1,0,1,1,1,2,1,1,1,1,1,1,,,,,,0,,0,00,1,1,1,1
Method,"org.apache.pdfbox.pdmodel.graphics.image.PNGConverterTest.testImageConversionGrayAlpha()",pdfbox/src/test/java/org/apache/pdfbox/pdmodel/graphics/image/PNGConverterTest.java,,,,,,,,,,,,,,,,,,,,,,,,,0,6,0,5,2,1,1,1,1,1,2,1,1,1,1,1,1,,,,,,0,,0,20,1,1,1,1
Method,"org.apache.pdfbox.pdmodel.graphics.image.PNGConverterTest.testImageConversionGrayGamma()",pdfbox/src/test/java/org/apache/pdfbox/pdmodel/graphics/image/PNGConverterTest.java,,,,,,,,,,,,,,,,,,,,,,,,,0,5,0,5,2,1,0,1,1,1,2,1,1,1,1,1,1,,,,,,0,,0,00,1,1,1,1
Method,"org.apache.pdfbox.pdmodel.graphics.image.PNGConverterTest.testImageConversionIntentIndexed()",pdfbox/src/test/java/org/apache/pdfbox/pdmodel/graphics/image/PNGConverterTest.java,,,,,,,,,,,,,,,,,,,,,,,,,3,30,4,16,8,10,10,15,1,9,11,7,10,1,1,1,1,,,,,,1,,0,62,1,1,1,1
Method,"org.apache.pdfbox.pdmodel.graphics.image.PNGConverterTest.testImageConversionRGB()",pdfbox/src/test/java/org/apache/pdfbox/pdmodel/graphics/image/PNGConverterTest.java,,,,,,,,,,,,,,,,,,,,,,,,,0,5,0,5,2,1,0,1,1,1,2,1,1,1,1,1,1,,,,,,0,,0,00,1,1,1,1
Method,"org.apache.pdfbox.pdmodel.graphics.image.PNGConverterTest.testImageConversionRGB16BitICC()",pdfbox/src/test/java/org/apache/pdfbox/pdmodel/graphics/image/PNGConverterTest.java,,,,,,,,,,,,,,,,,,,,,,,,,0,5,0,5,2,1,0,1,1,1,2,1,1,1,1,1,1,,,,,,0,,0,00,1,1,1,1
Method,"org.apache.pdfbox.pdmodel.graphics.image.PNGConverterTest.testImageConversionRGBAlpha()",pdfbox/src/test/java/org/apache/pdfbox/pdmodel/graphics/image/PNGConverterTest.java,,,,,,,,,,,,,,,,,,,,,,,,,0,6,0,5,2,1,1,1,1,1,2,1,1,1,1,1,1,,,,,,0,,0,20,1,1,1,1
Method,"org.apache.pdfbox.pdmodel.graphics.image.PNGConverterTest.testImageConversionRGBGamma()",pdfbox/src/test/java/org/apache/pdfbox/pdmodel/graphics/image/PNGConverterTest.java,,,,,,,,,,,,,,,,,,,,,,,,,0,5,0,5,2,1,0,1,1,1,2,1,1,1,1,1,1,,,,,,0,,0,00,1,1,1,1
Method,"org.apache.pdfbox.pdmodel.graphics.image.PNGConverterTest.testImageConversionRGBIndexed()",pdfbox/src/test/java/org/apache/pdfbox/pdmodel/graphics/image/PNGConverterTest.java,,,,,,,,,,,,,,,,,,,,,,,,,0,5,0,5,2,1,0,1,1,1,2,1,1,1,1,1,1,,,,,,0,,0,00,1,1,1,1
Method,"org.apache.pdfbox.pdmodel.graphics.image.PNGConverterTest.testImageConversionRGBIndexedAlpha1Bit()",pdfbox/src/test/java/org/apache/pdfbox/pdmodel/graphics/image/PNGConverterTest.java,,,,,,,,,,,,,,,,,,,,,,,,,0,5,0,5,2,1,0,1,1,1,2,1,1,1,1,1,1,,,,,,0,,0,00,1,1,1,1
Method,"org.apache.pdfbox.pdmodel.graphics.image.PNGConverterTest.testImageConversionRGBIndexedAlpha2Bit()",pdfbox/src/test/java/org/apache/pdfbox/pdmodel/graphics/image/PNGConverterTest.java,,,,,,,,,,,,,,,,,,,,,,,,,0,5,0,5,2,1,0,1,1,1,2,1,1,1,1,1,1,,,,,,0,,0,00,1,1,1,1
Method,"org.apache.pdfbox.pdmodel.graphics.image.PNGConverterTest.testImageConversionRGBIndexedAlpha4Bit()",pdfbox/src/test/java/org/apache/pdfbox/pdmodel/graphics/image/PNGConverterTest.java,,,,,,,,,,,,,,,,,,,,,,,,,0,5,0,5,2,1,0,1,1,1,2,1,1,1,1,1,1,,,,,,0,,0,00,1,1,1,1
Method,"org.apache.pdfbox.pdmodel.graphics.image.PNGConverterTest.testImageConversionRGBIndexedAlpha8Bit()",pdfbox/src/test/java/org/apache/pdfbox/pdmodel/graphics/image/PNGConverterTest.java,,,,,,,,,,,,,,,,,,,,,,,,,0,5,0,5,2,1,0,1,1,1,2,1,1,1,1,1,1,,,,,,0,,0,00,1,1,1,1
Method,"org.apache.pdfbox.pdmodel.graphics.image.PNGConverterTest.testMapPNGRenderIntent()",pdfbox/src/test/java/org/apache/pdfbox/pdmodel/graphics/image/PNGConverterTest.java,,,,,,,,,,,,,,,,,,,,,,,,,4,10,0,10,2,6,0,3,1,6,7,1,6,1,1,1,1,,,,,,0,,0,00,1,1,1,1
Final Class,"org.apache.pdfbox.pdmodel.graphics.image.SampledImageReader",pdfbox/src/main/java/org/apache/pdfbox/pdmodel/graphics/image/SampledImageReader.java,6,6,8,2,58,4,44,8,1,30,0,,11,1,,,1,0,12,24,0,8,0,4,,724,68,543,154,321,113,,,279,358,160,268,,,,,13,13,17,6,1,7,0,0,21,78,78,107,30
Private Constructor,"org.apache.pdfbox.pdmodel.graphics.image.SampledImageReader.SampledImageReader()",pdfbox/src/main/java/org/apache/pdfbox/pdmodel/graphics/image/SampledImageReader.java,,,,,,,,,,,,,,,,,,,,,,,,,0,3,0,3,1,0,0,1,1,0,1,1,0,1,1,1,1,,,,,,0,,0,00,1,1,1,1
Private Static Method,"org.apache.pdfbox.pdmodel.graphics.image.SampledImageReader.applyColorKeyMask(BufferedImage,BufferedImage)",pdfbox/src/main/java/org/apache/pdfbox/pdmodel/graphics/image/SampledImageReader.java,,,,,,,,,,,,,,,,,,,,,,,,,4,33,6,26,10,19,1,7,3,21,24,12,18,3,3,3,1,,,,,,2,,0,04,3,3,3,1
Private Static Method,"org.apache.pdfbox.pdmodel.graphics.image.SampledImageReader.clipRegion(PDImage,Rectangle)",pdfbox/src/main/java/org/apache/pdfbox/pdmodel/graphics/image/SampledImageReader.java,,,,,,,,,,,,,,,,,,,,,,,,,7,15,0,15,5,8,0,6,2,6,8,5,7,2,2,2,1,,,,,,1,,0,00,2,2,2,1
Private Static Method,"org.apache.pdfbox.pdmodel.graphics.image.SampledImageReader.from1Bit(PDImage,Rectangle,int,int,int)",pdfbox/src/main/java/org/apache/pdfbox/pdmodel/graphics/image/SampledImageReader.java,,,,,,,,,,,,,,,,,,,,,,,,,13,100,5,86,23,50,9,18,104,49,61,25,42,12,12,16,3,,,,,,7,,0,10,12,12,16,3
Private Static Method,"org.apache.pdfbox.pdmodel.graphics.image.SampledImageReader.from8bit(PDImage,WritableRaster,Rectangle,int,int,int)",pdfbox/src/main/java/org/apache/pdfbox/pdmodel/graphics/image/SampledImageReader.java,,,,,,,,,,,,,,,,,,,,,,,,,13,89,4,73,15,40,12,15,38,39,50,17,38,10,10,15,4,,,,,,5,,0,16,10,10,15,4
Private Static Method,"org.apache.pdfbox.pdmodel.graphics.image.SampledImageReader.fromAny(PDImage,WritableRaster,COSArray,Rectangle,int,int,int)",pdfbox/src/main/java/org/apache/pdfbox/pdmodel/graphics/image/SampledImageReader.java,,,,,,,,,,,,,,,,,,,,,,,,,13,132,13,101,29,61,18,22,272,55,68,29,48,13,13,17,1,,,,,,5,,0,18,13,13,17,1
Private Static Method,"org.apache.pdfbox.pdmodel.graphics.image.SampledImageReader.getDecodeArray(PDImage)",pdfbox/src/main/java/org/apache/pdfbox/pdmodel/graphics/image/SampledImageReader.java,,,,,,,,,,,,,,,,,,,,,,,,,7,43,3,39,6,23,1,13,9,11,17,6,15,6,6,12,6,,,,,,4,,0,03,6,6,12,6
Public Static Method,"org.apache.pdfbox.pdmodel.graphics.image.SampledImageReader.getRGBImage(PDImage,COSArray)",pdfbox/src/main/java/org/apache/pdfbox/pdmodel/graphics/image/SampledImageReader.java,,,,,,,,,,,,,,,,,,,,,,,,,4,13,0,4,1,1,9,2,1,1,2,1,1,1,1,1,1,,,,,,0,,2,25,1,1,1,1
Public Static Method,"org.apache.pdfbox.pdmodel.graphics.image.SampledImageReader.getRGBImage(PDImage,Rectangle,int,COSArray)",pdfbox/src/main/java/org/apache/pdfbox/pdmodel/graphics/image/SampledImageReader.java,,,,,,,,,,,,,,,,,,,,,,,,,9,62,4,38,12,22,20,21,16,15,21,10,20,6,6,13,4,,,,,,2,,0,53,6,6,13,4
Public Static Method,"org.apache.pdfbox.pdmodel.graphics.image.SampledImageReader.getRawRaster(PDImage)",pdfbox/src/main/java/org/apache/pdfbox/pdmodel/graphics/image/SampledImageReader.java,,,,,,,,,,,,,,,,,,,,,,,,,6,42,3,32,9,19,7,12,12,13,18,8,16,5,5,6,1,,,,,,2,,0,22,5,5,6,1
Public Static Method,"org.apache.pdfbox.pdmodel.graphics.image.SampledImageReader.getStencilImage(PDImage,Paint)",pdfbox/src/main/java/org/apache/pdfbox/pdmodel/graphics/image/SampledImageReader.java,,,,,,,,,,,,,,,,,,,,,,,,,6,78,7,55,17,36,16,14,26,34,43,20,30,9,9,10,6,,,,,,5,,0,29,9,9,10,6
Private Static Method,"org.apache.pdfbox.pdmodel.graphics.image.SampledImageReader.readRasterFromAny(PDImage,WritableRaster)",pdfbox/src/main/java/org/apache/pdfbox/pdmodel/graphics/image/SampledImageReader.java,,,,,,,,,,,,,,,,,,,,,,,,,4,90,11,67,24,41,12,17,20,34,43,24,32,10,10,11,1,,,,,,6,,0,18,10,10,11,1
Public Class,"org.apache.pdfbox.pdmodel.graphics.image.ValidateXImage",pdfbox/src/test/java/org/apache/pdfbox/pdmodel/graphics/image/ValidateXImage.java,3,3,3,1,28,2,22,2,1,37,0,,7,0,,,0,0,7,19,1,2,0,4,,220,24,170,52,109,26,,,100,126,53,96,,,,,7,7,7,1,1,4,0,0,15,22,22,23,7
Private Static Class,"org.apache.pdfbox.pdmodel.graphics.image.ValidateXImage.NullOutputStream",pdfbox/src/test/java/org/apache/pdfbox/pdmodel/graphics/image/ValidateXImage.java,1,1,1,1,4,0,4,0,1,2,0,,0,0,,,1,0,1,20,0,0,0,1,,7,0,7,3,0,0,,,0,2,2,0,,,,,1,1,1,1,1,0,0,0,00,1,1,1,1
Public Method,"org.apache.pdfbox.pdmodel.graphics.image.ValidateXImage.NullOutputStream.write(int)",pdfbox/src/test/java/org/apache/pdfbox/pdmodel/graphics/image/ValidateXImage.java,,,,,,,,,,,,,,,,,,,,,,,,,0,4,0,4,2,0,0,0,1,0,1,1,0,1,1,1,1,,,,,,0,,0,00,1,1,1,1
Public Static Method,"org.apache.pdfbox.pdmodel.graphics.image.ValidateXImage.checkIdent(BufferedImage,BufferedImage)",pdfbox/src/test/java/org/apache/pdfbox/pdmodel/graphics/image/ValidateXImage.java,,,,,,,,,,,,,,,,,,,,,,,,,22,29,2,21,4,12,6,6,4,13,17,6,13,4,4,4,1,,,,,,3,,0,29,4,4,4,1
Public Static Method,"org.apache.pdfbox.pdmodel.graphics.image.ValidateXImage.colorCount(BufferedImage)",pdfbox/src/test/java/org/apache/pdfbox/pdmodel/graphics/image/ValidateXImage.java,,,,,,,,,,,,,,,,,,,,,,,,,10,14,0,14,4,7,0,7,3,9,12,6,9,3,3,3,1,,,,,,2,,0,00,3,3,3,1
Private Static Method,"org.apache.pdfbox.pdmodel.graphics.image.ValidateXImage.convert16To8Bit(int)",pdfbox/src/test/java/org/apache/pdfbox/pdmodel/graphics/image/ValidateXImage.java,,,,,,,,,,,,,,,,,,,,,,,,,2,5,0,5,2,2,0,2,1,2,3,2,1,1,1,1,1,,,,,,0,,0,00,1,1,1,1
Public Static Method,"org.apache.pdfbox.pdmodel.graphics.image.ValidateXImage.convertToSRGB(BufferedImage)",pdfbox/src/test/java/org/apache/pdfbox/pdmodel/graphics/image/ValidateXImage.java,,,,,,,,,,,,,,,,,,,,,,,,,6,62,8,48,24,37,6,23,6,30,36,22,25,7,7,7,1,,,,,,4,,0,12,7,7,7,1
Private Static Method,"org.apache.pdfbox.pdmodel.graphics.image.ValidateXImage.count(Iterable<COSName>)",pdfbox/src/test/java/org/apache/pdfbox/pdmodel/graphics/image/ValidateXImage.java,,,,,,,,,,,,,,,,,,,,,,,,,2,9,0,9,2,4,0,1,2,3,6,3,3,2,2,2,1,,,,,,1,,0,00,2,2,2,1
Static Method,"org.apache.pdfbox.pdmodel.graphics.image.ValidateXImage.doWritePDF(PDDocument,PDImageXObject,File,String)",pdfbox/src/test/java/org/apache/pdfbox/pdmodel/graphics/image/ValidateXImage.java,,,,,,,,,,,,,,,,,,,,,,,,,23,28,5,19,4,13,4,15,1,12,14,3,13,1,1,1,1,,,,,,1,,0,21,1,1,1,1
Public Static Method,"org.apache.pdfbox.pdmodel.graphics.image.ValidateXImage.validate(PDImageXObject,int,int,int,String,String)",pdfbox/src/test/java/org/apache/pdfbox/pdmodel/graphics/image/ValidateXImage.java,,,,,,,,,,,,,,,,,,,,,,,,,39,50,2,44,8,34,4,27,8,31,35,8,32,4,4,5,1,,,,,,1,,0,09,4,4,5,1
Package,"org.apache.pdfbox.pdmodel.graphics.optionalcontent",pdfbox/src/main/java/org/apache/pdfbox/pdmodel/graphics/optionalcontent/PDOptionalContentGroup.java,2,2,2,1,20,1,15,4,,,,6,3,1,4,,42,8,45,,5,6,0,34,,1172,115,770,220,426,288,,,423,539,220,407,,,,,10,10,10,8,,3,,0,37,95,95,97,57
Public Class,"org.apache.pdfbox.pdmodel.graphics.optionalcontent.PDOptionalContentGroup",pdfbox/src/main/java/org/apache/pdfbox/pdmodel/graphics/optionalcontent/PDOptionalContentGroup.java,2,2,2,1,12,0,8,3,1,8,0,,0,0,,,6,0,6,22,0,0,0,6,,128,10,76,20,27,42,,,22,38,17,25,,,,,9,9,9,1,2,2,0,0,55,15,15,15,6
Public Constructor,"org.apache.pdfbox.pdmodel.graphics.optionalcontent.PDOptionalContentGroup.PDOptionalContentGroup(COSDictionary)",pdfbox/src/main/java/org/apache/pdfbox/pdmodel/graphics/optionalcontent/PDOptionalContentGroup.java,,,,,,,,,,,,,,,,,,,,,,,,,8,13,0,9,1,4,4,5,2,2,4,1,3,2,2,2,1,,,,,,1,,0,44,2,2,2,1
Public Constructor,"org.apache.pdfbox.pdmodel.graphics.optionalcontent.PDOptionalContentGroup.PDOptionalContentGroup(String)",pdfbox/src/main/java/org/apache/pdfbox/pdmodel/graphics/optionalcontent/PDOptionalContentGroup.java,,,,,,,,,,,,,,,,,,,,,,,,,8,9,0,5,1,2,4,3,1,2,3,1,2,1,1,1,1,,,,,,0,,0,80,1,1,1,1
Public Enum Type,"org.apache.pdfbox.pdmodel.graphics.optionalcontent.PDOptionalContentGroup.RenderState",pdfbox/src/main/java/org/apache/pdfbox/pdmodel/graphics/optionalcontent/PDOptionalContentGroup.java,0,0,0,0,5,0,3,2,1,2,0,,1,0,,,4,3,5,31,0,1,0,4,,43,4,22,7,5,17,,,6,10,5,5,,,,,2,2,2,1,1,1,,0,77,4,4,4,3
Private Constructor,"org.apache.pdfbox.pdmodel.graphics.optionalcontent.PDOptionalContentGroup.RenderState.RenderState(COSName)",pdfbox/src/main/java/org/apache/pdfbox/pdmodel/graphics/optionalcontent/PDOptionalContentGroup.java,,,,,,,,,,,,,,,,,,,,,,,,,1,4,0,4,1,1,0,2,1,1,2,1,1,1,1,1,1,,,,,,0,,0,00,1,1,1,1
Public Method,"org.apache.pdfbox.pdmodel.graphics.optionalcontent.PDOptionalContentGroup.RenderState.getName()",pdfbox/src/main/java/org/apache/pdfbox/pdmodel/graphics/optionalcontent/PDOptionalContentGroup.java,,,,,,,,,,,,,,,,,,,,,,,,,1,9,0,4,1,1,5,1,1,1,2,1,1,1,1,1,1,,,,,,0,,1,25,1,1,1,1
Public Implicit Method,"org.apache.pdfbox.pdmodel.graphics.optionalcontent.PDOptionalContentGroup.RenderState.valueOf()",pdfbox/src/main/java/org/apache/pdfbox/pdmodel/graphics/optionalcontent/PDOptionalContentGroup.java,,,,,,,,,,,,,,,,,,,,,,,,,,,,,,,,,,,,,,,,,,,,,,,,,0,00,0,0,0,0
Public Static Method,"org.apache.pdfbox.pdmodel.graphics.optionalcontent.PDOptionalContentGroup.RenderState.valueOf(COSName)",pdfbox/src/main/java/org/apache/pdfbox/pdmodel/graphics/optionalcontent/PDOptionalContentGroup.java,,,,,,,,,,,,,,,,,,,,,,,,,2,14,0,8,1,3,6,4,2,2,4,1,3,2,2,2,1,,,,,,1,,0,75,2,2,2,1
Public Implicit Method,"org.apache.pdfbox.pdmodel.graphics.optionalcontent.PDOptionalContentGroup.RenderState.values()",pdfbox/src/main/java/org/apache/pdfbox/pdmodel/graphics/optionalcontent/PDOptionalContentGroup.java,,,,,,,,,,,,,,,,,,,,,,,,,,,,,,,,,,,,,,,,,,,,,,,,,0,00,0,0,0,0
Public Method,"org.apache.pdfbox.pdmodel.graphics.optionalcontent.PDOptionalContentGroup.getName()",pdfbox/src/main/java/org/apache/pdfbox/pdmodel/graphics/optionalcontent/PDOptionalContentGroup.java,,,,,,,,,,,,,,,,,,,,,,,,,5,8,0,4,1,1,4,2,1,1,2,1,1,1,1,1,1,,,,,,0,,1,00,1,1,1,1
Public Method,"org.apache.pdfbox.pdmodel.graphics.optionalcontent.PDOptionalContentGroup.getRenderState(RenderDestination)",pdfbox/src/main/java/org/apache/pdfbox/pdmodel/graphics/optionalcontent/PDOptionalContentGroup.java,,,,,,,,,,,,,,,,,,,,,,,,,12,29,0,24,6,13,5,5,7,9,14,6,12,9,9,9,1,,,,,,2,,0,21,9,9,9,1
Public Final Method,"org.apache.pdfbox.pdmodel.graphics.optionalcontent.PDOptionalContentGroup.setName(String)",pdfbox/src/main/java/org/apache/pdfbox/pdmodel/graphics/optionalcontent/PDOptionalContentGroup.java,,,,,,,,,,,,,,,,,,,,,,,,,4,8,0,4,1,1,4,1,1,1,2,1,1,1,1,1,1,,,,,,0,,1,00,1,1,1,1
Public Method,"org.apache.pdfbox.pdmodel.graphics.optionalcontent.PDOptionalContentGroup.toString()",pdfbox/src/main/java/org/apache/pdfbox/pdmodel/graphics/optionalcontent/PDOptionalContentGroup.java,,,,,,,,,,,,,,,,,,,,,,,,,0,5,0,5,2,1,0,3,1,1,2,1,1,1,1,1,1,,,,,,0,,0,00,1,1,1,1
Public Class,"org.apache.pdfbox.pdmodel.graphics.optionalcontent.PDOptionalContentMembershipDictionary",pdfbox/src/main/java/org/apache/pdfbox/pdmodel/graphics/optionalcontent/PDOptionalContentMembershipDictionary.java,2,2,2,1,13,0,8,4,1,7,0,,0,0,,,6,0,6,22,0,0,0,6,,93,6,55,12,22,32,,,17,31,14,21,,,,,5,5,5,1,2,3,0,0,58,12,12,12,6
Public Constructor,"org.apache.pdfbox.pdmodel.graphics.optionalcontent.PDOptionalContentMembershipDictionary.PDOptionalContentMembershipDictionary()",pdfbox/src/main/java/org/apache/pdfbox/pdmodel/graphics/optionalcontent/PDOptionalContentMembershipDictionary.java,,,,,,,,,,,,,,,,,,,,,,,,,3,7,0,4,1,1,3,2,1,1,2,1,1,1,1,1,1,,,,,,0,,0,75,1,1,1,1
Public Constructor,"org.apache.pdfbox.pdmodel.graphics.optionalcontent.PDOptionalContentMembershipDictionary.PDOptionalContentMembershipDictionary(COSDictionary)",pdfbox/src/main/java/org/apache/pdfbox/pdmodel/graphics/optionalcontent/PDOptionalContentMembershipDictionary.java,,,,,,,,,,,,,,,,,,,,,,,,,4,13,0,9,1,4,4,5,2,2,4,1,3,2,2,2,1,,,,,,1,,0,44,2,2,2,1
Public Method,"org.apache.pdfbox.pdmodel.graphics.optionalcontent.PDOptionalContentMembershipDictionary.getOCGs()",pdfbox/src/main/java/org/apache/pdfbox/pdmodel/graphics/optionalcontent/PDOptionalContentMembershipDictionary.java,,,,,,,,,,,,,,,,,,,,,,,,,3,27,0,22,5,11,5,7,5,9,14,6,11,5,5,5,1,,,,,,3,,0,23,5,5,5,1
Public Method,"org.apache.pdfbox.pdmodel.graphics.optionalcontent.PDOptionalContentMembershipDictionary.getVisibilityPolicy()",pdfbox/src/main/java/org/apache/pdfbox/pdmodel/graphics/optionalcontent/PDOptionalContentMembershipDictionary.java,,,,,,,,,,,,,,,,,,,,,,,,,4,9,0,4,1,1,5,2,1,1,2,1,1,1,1,1,1,,,,,,0,,1,25,1,1,1,1
Public Method,"org.apache.pdfbox.pdmodel.graphics.optionalcontent.PDOptionalContentMembershipDictionary.setOCGs(List<PDPropertyList>)",pdfbox/src/main/java/org/apache/pdfbox/pdmodel/graphics/optionalcontent/PDOptionalContentMembershipDictionary.java,,,,,,,,,,,,,,,,,,,,,,,,,3,14,0,9,2,4,5,3,2,3,6,3,4,2,2,2,1,,,,,,1,,0,56,2,2,2,1
Public Method,"org.apache.pdfbox.pdmodel.graphics.optionalcontent.PDOptionalContentMembershipDictionary.setVisibilityPolicy(COSName)",pdfbox/src/main/java/org/apache/pdfbox/pdmodel/graphics/optionalcontent/PDOptionalContentMembershipDictionary.java,,,,,,,,,,,,,,,,,,,,,,,,,3,8,0,4,1,1,4,1,1,1,2,1,1,1,1,1,1,,,,,,0,,1,00,1,1,1,1
Public Class,"org.apache.pdfbox.pdmodel.graphics.optionalcontent.PDOptionalContentProperties",pdfbox/src/main/java/org/apache/pdfbox/pdmodel/graphics/optionalcontent/PDOptionalContentProperties.java,2,2,2,1,19,0,14,4,2,13,0,,0,0,,,17,1,17,29,0,3,0,14,,404,35,274,68,132,96,,,102,164,74,126,,,,,10,10,10,8,1,3,64,0,35,48,48,50,33
Public Enum Type,"org.apache.pdfbox.pdmodel.graphics.optionalcontent.PDOptionalContentProperties.BaseState",pdfbox/src/main/java/org/apache/pdfbox/pdmodel/graphics/optionalcontent/PDOptionalContentProperties.java,0,0,0,0,5,0,3,1,1,2,0,,1,0,,,4,4,5,31,0,1,0,4,,44,6,23,8,5,15,,,6,10,5,5,,,,,2,2,2,1,1,1,,0,65,4,4,4,3
Private Constructor,"org.apache.pdfbox.pdmodel.graphics.optionalcontent.PDOptionalContentProperties.BaseState.BaseState(COSName)",pdfbox/src/main/java/org/apache/pdfbox/pdmodel/graphics/optionalcontent/PDOptionalContentProperties.java,,,,,,,,,,,,,,,,,,,,,,,,,1,4,0,4,1,1,0,2,1,1,2,1,1,1,1,1,1,,,,,,0,,0,00,1,1,1,1
Public Method,"org.apache.pdfbox.pdmodel.graphics.optionalcontent.PDOptionalContentProperties.BaseState.getName()",pdfbox/src/main/java/org/apache/pdfbox/pdmodel/graphics/optionalcontent/PDOptionalContentProperties.java,,,,,,,,,,,,,,,,,,,,,,,,,2,8,0,4,1,1,4,1,1,1,2,1,1,1,1,1,1,,,,,,0,,1,00,1,1,1,1
Public Implicit Method,"org.apache.pdfbox.pdmodel.graphics.optionalcontent.PDOptionalContentProperties.BaseState.valueOf()",pdfbox/src/main/java/org/apache/pdfbox/pdmodel/graphics/optionalcontent/PDOptionalContentProperties.java,,,,,,,,,,,,,,,,,,,,,,,,,,,,,,,,,,,,,,,,,,,,,,,,,0,00,0,0,0,0
Public Static Method,"org.apache.pdfbox.pdmodel.graphics.optionalcontent.PDOptionalContentProperties.BaseState.valueOf(COSName)",pdfbox/src/main/java/org/apache/pdfbox/pdmodel/graphics/optionalcontent/PDOptionalContentProperties.java,,,,,,,,,,,,,,,,,,,,,,,,,3,13,0,8,1,3,5,4,2,2,4,1,3,2,2,2,1,,,,,,1,,0,62,2,2,2,1
Public Implicit Method,"org.apache.pdfbox.pdmodel.graphics.optionalcontent.PDOptionalContentProperties.BaseState.values()",pdfbox/src/main/java/org/apache/pdfbox/pdmodel/graphics/optionalcontent/PDOptionalContentProperties.java,,,,,,,,,,,,,,,,,,,,,,,,,,,,,,,,,,,,,,,,,,,,,,,,,0,00,0,0,0,0
Public Constructor,"org.apache.pdfbox.pdmodel.graphics.optionalcontent.PDOptionalContentProperties.PDOptionalContentProperties()",pdfbox/src/main/java/org/apache/pdfbox/pdmodel/graphics/optionalcontent/PDOptionalContentProperties.java,,,,,,,,,,,,,,,,,,,,,,,,,9,14,2,8,2,5,4,6,1,5,6,2,5,1,1,1,1,,,,,,0,,0,50,1,1,1,1
Public Constructor,"org.apache.pdfbox.pdmodel.graphics.optionalcontent.PDOptionalContentProperties.PDOptionalContentProperties(COSDictionary)",pdfbox/src/main/java/org/apache/pdfbox/pdmodel/graphics/optionalcontent/PDOptionalContentProperties.java,,,,,,,,,,,,,,,,,,,,,,,,,3,8,0,4,1,1,4,2,1,1,2,1,1,1,1,1,1,,,,,,0,,1,00,1,1,1,1
Public Method,"org.apache.pdfbox.pdmodel.graphics.optionalcontent.PDOptionalContentProperties.addGroup(PDOptionalContentGroup)",pdfbox/src/main/java/org/apache/pdfbox/pdmodel/graphics/optionalcontent/PDOptionalContentProperties.java,,,,,,,,,,,,,,,,,,,,,,,,,6,18,1,12,3,7,5,8,2,6,8,3,7,2,2,2,1,,,,,,1,,0,42,2,2,2,1
Public Method,"org.apache.pdfbox.pdmodel.graphics.optionalcontent.PDOptionalContentProperties.getBaseState()",pdfbox/src/main/java/org/apache/pdfbox/pdmodel/graphics/optionalcontent/PDOptionalContentProperties.java,,,,,,,,,,,,,,,,,,,,,,,,,3,10,0,6,3,3,4,4,1,3,4,3,3,1,1,1,1,,,,,,0,,0,67,1,1,1,1
Public Method,"org.apache.pdfbox.pdmodel.graphics.optionalcontent.PDOptionalContentProperties.getCOSObject()",pdfbox/src/main/java/org/apache/pdfbox/pdmodel/graphics/optionalcontent/PDOptionalContentProperties.java,,,,,,,,,,,,,,,,,,,,,,,,,1,6,0,5,2,1,1,1,1,1,2,1,1,1,1,1,1,,,,,,0,,0,20,1,1,1,1
Private Method,"org.apache.pdfbox.pdmodel.graphics.optionalcontent.PDOptionalContentProperties.getD()",pdfbox/src/main/java/org/apache/pdfbox/pdmodel/graphics/optionalcontent/PDOptionalContentProperties.java,,,,,,,,,,,,,,,,,,,,,,,,,8,13,0,11,2,6,2,5,2,5,7,2,6,2,2,2,1,,,,,,1,,0,18,2,2,2,1
Public Method,"org.apache.pdfbox.pdmodel.graphics.optionalcontent.PDOptionalContentProperties.getGroup(String)",pdfbox/src/main/java/org/apache/pdfbox/pdmodel/graphics/optionalcontent/PDOptionalContentProperties.java,,,,,,,,,,,,,,,,,,,,,,,,,4,20,0,14,4,7,6,6,3,5,9,5,7,3,3,3,3,,,,,,2,,0,43,3,3,3,3
Public Method,"org.apache.pdfbox.pdmodel.graphics.optionalcontent.PDOptionalContentProperties.getGroupNames()",pdfbox/src/main/java/org/apache/pdfbox/pdmodel/graphics/optionalcontent/PDOptionalContentProperties.java,,,,,,,,,,,,,,,,,,,,,,,,,5,21,0,17,6,10,4,6,3,10,13,7,10,3,3,3,1,,,,,,1,,0,24,3,3,3,1
Private Method,"org.apache.pdfbox.pdmodel.graphics.optionalcontent.PDOptionalContentProperties.getOCGs()",pdfbox/src/main/java/org/apache/pdfbox/pdmodel/graphics/optionalcontent/PDOptionalContentProperties.java,,,,,,,,,,,,,,,,,,,,,,,,,7,10,0,10,2,5,1,4,2,4,6,2,5,2,2,2,1,,,,,,1,,0,10,2,2,2,1
Public Method,"org.apache.pdfbox.pdmodel.graphics.optionalcontent.PDOptionalContentProperties.getOptionalContentGroups()",pdfbox/src/main/java/org/apache/pdfbox/pdmodel/graphics/optionalcontent/PDOptionalContentProperties.java,,,,,,,,,,,,,,,,,,,,,,,,,1,14,0,10,3,5,4,6,2,4,7,4,5,2,2,2,1,,,,,,1,,0,40,2,2,2,1
Public Method,"org.apache.pdfbox.pdmodel.graphics.optionalcontent.PDOptionalContentProperties.hasGroup(String)",pdfbox/src/main/java/org/apache/pdfbox/pdmodel/graphics/optionalcontent/PDOptionalContentProperties.java,,,,,,,,,,,,,,,,,,,,,,,,,2,17,0,12,2,5,5,3,3,3,7,3,5,3,3,3,3,,,,,,2,,0,42,3,3,3,3
Public Method,"org.apache.pdfbox.pdmodel.graphics.optionalcontent.PDOptionalContentProperties.isGroupEnabled(PDOptionalContentGroup)",pdfbox/src/main/java/org/apache/pdfbox/pdmodel/graphics/optionalcontent/PDOptionalContentProperties.java,,,,,,,,,,,,,,,,,,,,,,,,,7,48,5,35,8,18,8,7,14,11,21,10,18,8,8,8,8,,,,,,3,,0,23,8,8,8,8
Public Method,"org.apache.pdfbox.pdmodel.graphics.optionalcontent.PDOptionalContentProperties.isGroupEnabled(String)",pdfbox/src/main/java/org/apache/pdfbox/pdmodel/graphics/optionalcontent/PDOptionalContentProperties.java,,,,,,,,,,,,,,,,,,,,,,,,,5,23,0,15,5,8,8,7,3,6,10,6,7,3,3,4,1,,,,,,2,,0,53,3,3,4,1
Public Method,"org.apache.pdfbox.pdmodel.graphics.optionalcontent.PDOptionalContentProperties.setBaseState(BaseState)",pdfbox/src/main/java/org/apache/pdfbox/pdmodel/graphics/optionalcontent/PDOptionalContentProperties.java,,,,,,,,,,,,,,,,,,,,,,,,,2,9,0,5,2,2,4,3,1,2,3,2,2,1,1,1,1,,,,,,0,,0,80,1,1,1,1
Public Method,"org.apache.pdfbox.pdmodel.graphics.optionalcontent.PDOptionalContentProperties.setGroupEnabled(PDOptionalContentGroup,boolean)",pdfbox/src/main/java/org/apache/pdfbox/pdmodel/graphics/optionalcontent/PDOptionalContentProperties.java,,,,,,,,,,,,,,,,,,,,,,,,,6,67,2,57,7,32,8,9,72,21,33,9,29,10,10,10,6,,,,,,3,,0,14,10,10,10,6
Public Method,"org.apache.pdfbox.pdmodel.graphics.optionalcontent.PDOptionalContentProperties.setGroupEnabled(String,boolean)",pdfbox/src/main/java/org/apache/pdfbox/pdmodel/graphics/optionalcontent/PDOptionalContentProperties.java,,,,,,,,,,,,,,,,,,,,,,,,,6,23,0,15,5,8,8,7,3,6,10,6,7,3,3,4,1,,,,,,2,,0,53,3,3,4,1
Private Method,"org.apache.pdfbox.pdmodel.graphics.optionalcontent.PDOptionalContentProperties.toDictionary(COSBase)",pdfbox/src/main/java/org/apache/pdfbox/pdmodel/graphics/optionalcontent/PDOptionalContentProperties.java,,,,,,,,,,,,,,,,,,,,,,,,,8,11,0,11,1,4,0,2,2,2,4,1,3,2,2,2,1,,,,,,1,,0,00,2,2,2,1
Class,"org.apache.pdfbox.pdmodel.graphics.optionalcontent.TestOptionalContentGroups",pdfbox/src/test/java/org/apache/pdfbox/pdmodel/graphics/optionalcontent/TestOptionalContentGroups.java,2,2,2,1,66,7,50,8,1,40,0,,1,1,,,5,0,6,18,5,1,0,0,,411,52,305,60,245,54,,,222,246,55,235,,,,,3,3,3,1,1,2,0,0,18,12,12,12,6
Static Method,"org.apache.pdfbox.pdmodel.graphics.optionalcontent.TestOptionalContentGroups.setUp()",pdfbox/src/test/java/org/apache/pdfbox/pdmodel/graphics/optionalcontent/TestOptionalContentGroups.java,,,,,,,,,,,,,,,,,,,,,,,,,1,5,0,5,2,1,0,1,1,1,2,1,1,1,1,1,1,,,,,,0,,0,00,1,1,1,1
Method,"org.apache.pdfbox.pdmodel.graphics.optionalcontent.TestOptionalContentGroups.testOCGConsumption()",pdfbox/src/test/java/org/apache/pdfbox/pdmodel/graphics/optionalcontent/TestOptionalContentGroups.java,,,,,,,,,,,,,,,,,,,,,,,,,3,68,10,54,16,46,4,39,2,39,42,14,41,2,2,2,1,,,,,,1,,0,07,2,2,2,1
Method,"org.apache.pdfbox.pdmodel.graphics.optionalcontent.TestOptionalContentGroups.testOCGGeneration()",pdfbox/src/test/java/org/apache/pdfbox/pdmodel/graphics/optionalcontent/TestOptionalContentGroups.java,,,,,,,,,,,,,,,,,,,,,,,,,8,88,8,67,10,57,13,28,2,52,56,9,55,2,2,2,1,,,,,,2,,0,19,2,2,2,1
Method,"org.apache.pdfbox.pdmodel.graphics.optionalcontent.TestOptionalContentGroups.testOCGGenerationSameNameCanHaveSameVisibilityOff()",pdfbox/src/test/java/org/apache/pdfbox/pdmodel/graphics/optionalcontent/TestOptionalContentGroups.java,,,,,,,,,,,,,,,,,,,,,,,,,9,153,21,112,18,92,20,38,4,86,94,17,91,3,3,3,1,,,,,,2,,0,18,3,3,3,1
Method,"org.apache.pdfbox.pdmodel.graphics.optionalcontent.TestOptionalContentGroups.testOCGsWithSameNameCanHaveDifferentVisibility()",pdfbox/src/test/java/org/apache/pdfbox/pdmodel/graphics/optionalcontent/TestOptionalContentGroups.java,,,,,,,,,,,,,,,,,,,,,,,,,6,68,7,53,9,43,8,28,2,39,43,8,42,2,2,2,1,,,,,,2,,0,15,2,2,2,1
Private Method,"org.apache.pdfbox.pdmodel.graphics.optionalcontent.TestOptionalContentGroups.textPositionListToString(List<Object>)",pdfbox/src/test/java/org/apache/pdfbox/pdmodel/graphics/optionalcontent/TestOptionalContentGroups.java,,,,,,,,,,,,,,,,,,,,,,,,,2,16,0,10,3,5,6,5,2,4,7,4,4,2,2,2,1,,,,,,1,,0,60,2,2,2,1
Package,"org.apache.pdfbox.pdmodel.graphics.pattern",pdfbox/src/main/java/org/apache/pdfbox/pdmodel/graphics/pattern/PDAbstractPattern.java,1,1,1,1,9,0,6,3,,,,3,1,7,3,,35,4,36,,0,0,0,36,,510,53,261,97,84,196,,,106,154,90,72,,,,,3,3,3,1,,2,,0,75,47,46,47,35
Public Abstract Class,"org.apache.pdfbox.pdmodel.graphics.pattern.PDAbstractPattern",pdfbox/src/main/java/org/apache/pdfbox/pdmodel/graphics/pattern/PDAbstractPattern.java,1,1,1,1,10,0,6,4,2,12,2,,1,2,,,9,1,10,22,0,0,0,10,,124,13,65,19,27,46,,,25,38,19,21,,,,,3,2,3,1,1,1,44,0,71,12,11,12,9
Public Constructor,"org.apache.pdfbox.pdmodel.graphics.pattern.PDAbstractPattern.PDAbstractPattern()",pdfbox/src/main/java/org/apache/pdfbox/pdmodel/graphics/pattern/PDAbstractPattern.java,,,,,,,,,,,,,,,,,,,,,,,,,3,8,0,5,1,2,3,5,1,2,3,1,2,1,1,1,1,,,,,,0,,0,60,1,1,1,1
Public Constructor,"org.apache.pdfbox.pdmodel.graphics.pattern.PDAbstractPattern.PDAbstractPattern(COSDictionary)",pdfbox/src/main/java/org/apache/pdfbox/pdmodel/graphics/pattern/PDAbstractPattern.java,,,,,,,,,,,,,,,,,,,,,,,,,4,8,0,4,1,1,4,2,1,1,2,1,1,1,1,1,1,,,,,,0,,1,00,1,1,1,1
Public Static Method,"org.apache.pdfbox.pdmodel.graphics.pattern.PDAbstractPattern.create(COSDictionary,ResourceCache)",pdfbox/src/main/java/org/apache/pdfbox/pdmodel/graphics/pattern/PDAbstractPattern.java,,,,,,,,,,,,,,,,,,,,,,,,,6,24,0,17,3,11,7,5,3,8,10,3,8,3,2,3,1,,,,,,1,,0,41,3,2,3,1
Public Method,"org.apache.pdfbox.pdmodel.graphics.pattern.PDAbstractPattern.getCOSObject()",pdfbox/src/main/java/org/apache/pdfbox/pdmodel/graphics/pattern/PDAbstractPattern.java,,,,,,,,,,,,,,,,,,,,,,,,,26,9,0,5,2,1,4,1,1,1,2,1,1,1,1,1,1,,,,,,0,,0,80,1,1,1,1
Public Method,"org.apache.pdfbox.pdmodel.graphics.pattern.PDAbstractPattern.getMatrix()",pdfbox/src/main/java/org/apache/pdfbox/pdmodel/graphics/pattern/PDAbstractPattern.java,,,,,,,,,,,,,,,,,,,,,,,,,6,7,0,4,1,1,3,4,1,1,2,1,1,1,1,1,1,,,,,,0,,0,75,1,1,1,1
Public Abstract Method,"org.apache.pdfbox.pdmodel.graphics.pattern.PDAbstractPattern.getPatternType()",pdfbox/src/main/java/org/apache/pdfbox/pdmodel/graphics/pattern/PDAbstractPattern.java,,,,,,,,,,,,,,,,,,,,,,,,,0,5,0,1,1,0,4,1,0,1,1,1,0,0,0,0,0,,,,,,0,,4,00,0,0,0,0
Public Method,"org.apache.pdfbox.pdmodel.graphics.pattern.PDAbstractPattern.getType()",pdfbox/src/main/java/org/apache/pdfbox/pdmodel/graphics/pattern/PDAbstractPattern.java,,,,,,,,,,,,,,,,,,,,,,,,,1,8,0,4,1,1,4,2,1,1,2,1,1,1,1,1,1,,,,,,0,,1,00,1,1,1,1
Public Method,"org.apache.pdfbox.pdmodel.graphics.pattern.PDAbstractPattern.setMatrix(AffineTransform)",pdfbox/src/main/java/org/apache/pdfbox/pdmodel/graphics/pattern/PDAbstractPattern.java,,,,,,,,,,,,,,,,,,,,,,,,,2,15,0,11,3,6,4,6,2,5,8,4,5,2,2,2,1,,,,,,1,,0,36,2,2,2,1
Public Method,"org.apache.pdfbox.pdmodel.graphics.pattern.PDAbstractPattern.setPaintType(int)",pdfbox/src/main/java/org/apache/pdfbox/pdmodel/graphics/pattern/PDAbstractPattern.java,,,,,,,,,,,,,,,,,,,,,,,,,3,8,0,4,1,1,4,1,1,1,2,1,1,1,1,1,1,,,,,,0,,1,00,1,1,1,1
Public Method,"org.apache.pdfbox.pdmodel.graphics.pattern.PDAbstractPattern.setPatternType(int)",pdfbox/src/main/java/org/apache/pdfbox/pdmodel/graphics/pattern/PDAbstractPattern.java,,,,,,,,,,,,,,,,,,,,,,,,,3,8,0,4,1,1,4,1,1,1,2,1,1,1,1,1,1,,,,,,0,,1,00,1,1,1,1
Public Class,"org.apache.pdfbox.pdmodel.graphics.pattern.PDShadingPattern",pdfbox/src/main/java/org/apache/pdfbox/pdmodel/graphics/pattern/PDShadingPattern.java,1,1,1,1,10,0,6,3,1,6,0,,0,0,,,7,2,7,29,0,0,0,7,,87,7,52,13,17,28,,,15,27,12,17,,,,,3,3,3,1,2,2,71,0,54,11,11,11,7
Public Constructor,"org.apache.pdfbox.pdmodel.graphics.pattern.PDShadingPattern.PDShadingPattern()",pdfbox/src/main/java/org/apache/pdfbox/pdmodel/graphics/pattern/PDShadingPattern.java,,,,,,,,,,,,,,,,,,,,,,,,,2,7,0,4,1,1,3,3,1,1,2,1,1,1,1,1,1,,,,,,0,,0,75,1,1,1,1
Public Constructor,"org.apache.pdfbox.pdmodel.graphics.pattern.PDShadingPattern.PDShadingPattern(COSDictionary)",pdfbox/src/main/java/org/apache/pdfbox/pdmodel/graphics/pattern/PDShadingPattern.java,,,,,,,,,,,,,,,,,,,,,,,,,2,8,0,4,1,1,4,2,1,1,2,1,1,1,1,1,1,,,,,,0,,1,00,1,1,1,1
Public Method,"org.apache.pdfbox.pdmodel.graphics.pattern.PDShadingPattern.getExtendedGraphicsState()",pdfbox/src/main/java/org/apache/pdfbox/pdmodel/graphics/pattern/PDShadingPattern.java,,,,,,,,,,,,,,,,,,,,,,,,,2,16,0,12,2,5,4,5,3,3,6,2,5,3,3,3,1,,,,,,2,,0,33,3,3,3,1
Public Method,"org.apache.pdfbox.pdmodel.graphics.pattern.PDShadingPattern.getPatternType()",pdfbox/src/main/java/org/apache/pdfbox/pdmodel/graphics/pattern/PDShadingPattern.java,,,,,,,,,,,,,,,,,,,,,,,,,1,5,0,5,2,1,0,1,1,1,2,1,1,1,1,1,1,,,,,,0,,0,00,1,1,1,1
Public Method,"org.apache.pdfbox.pdmodel.graphics.pattern.PDShadingPattern.getShading()",pdfbox/src/main/java/org/apache/pdfbox/pdmodel/graphics/pattern/PDShadingPattern.java,,,,,,,,,,,,,,,,,,,,,,,,,4,17,0,12,2,5,5,5,3,3,6,2,5,3,3,3,1,,,,,,2,,0,42,3,3,3,1
Public Method,"org.apache.pdfbox.pdmodel.graphics.pattern.PDShadingPattern.setExtendedGraphicsState(PDExtendedGraphicsState)",pdfbox/src/main/java/org/apache/pdfbox/pdmodel/graphics/pattern/PDShadingPattern.java,,,,,,,,,,,,,,,,,,,,,,,,,2,9,0,5,1,2,4,3,1,2,3,1,2,1,1,1,1,,,,,,0,,0,80,1,1,1,1
Public Method,"org.apache.pdfbox.pdmodel.graphics.pattern.PDShadingPattern.setShading(PDShading)",pdfbox/src/main/java/org/apache/pdfbox/pdmodel/graphics/pattern/PDShadingPattern.java,,,,,,,,,,,,,,,,,,,,,,,,,2,9,0,5,1,2,4,3,1,2,3,1,2,1,1,1,1,,,,,,0,,0,80,1,1,1,1
Public Class,"org.apache.pdfbox.pdmodel.graphics.pattern.PDTilingPattern",pdfbox/src/main/java/org/apache/pdfbox/pdmodel/graphics/pattern/PDTilingPattern.java,1,1,1,1,9,0,5,3,2,12,0,,0,5,,,19,1,19,41,0,0,0,19,,214,25,115,36,40,74,,,37,60,30,34,,,,,2,2,2,1,2,1,84,0,64,24,24,24,19
Public Constructor,"org.apache.pdfbox.pdmodel.graphics.pattern.PDTilingPattern.PDTilingPattern()",pdfbox/src/main/java/org/apache/pdfbox/pdmodel/graphics/pattern/PDTilingPattern.java,,,,,,,,,,,,,,,,,,,,,,,,,6,13,1,8,1,5,4,10,1,5,6,1,5,1,1,1,1,,,,,,0,,0,50,1,1,1,1
Public Constructor,"org.apache.pdfbox.pdmodel.graphics.pattern.PDTilingPattern.PDTilingPattern(COSDictionary)",pdfbox/src/main/java/org/apache/pdfbox/pdmodel/graphics/pattern/PDTilingPattern.java,,,,,,,,,,,,,,,,,,,,,,,,,1,8,0,4,1,1,4,2,1,1,2,1,1,1,1,1,1,,,,,,0,,1,00,1,1,1,1
Public Constructor,"org.apache.pdfbox.pdmodel.graphics.pattern.PDTilingPattern.PDTilingPattern(COSDictionary,ResourceCache)",pdfbox/src/main/java/org/apache/pdfbox/pdmodel/graphics/pattern/PDTilingPattern.java,,,,,,,,,,,,,,,,,,,,,,,,,4,10,0,5,1,2,5,3,1,2,3,1,2,1,1,1,1,,,,,,0,,1,00,1,1,1,1
Public Method,"org.apache.pdfbox.pdmodel.graphics.pattern.PDTilingPattern.getBBox()",pdfbox/src/main/java/org/apache/pdfbox/pdmodel/graphics/pattern/PDTilingPattern.java,,,,,,,,,,,,,,,,,,,,,,,,,4,13,0,6,3,2,7,4,1,2,3,2,2,2,2,2,1,,,,,,0,,1,17,2,2,2,1
Public Method,"org.apache.pdfbox.pdmodel.graphics.pattern.PDTilingPattern.getContentStream()",pdfbox/src/main/java/org/apache/pdfbox/pdmodel/graphics/pattern/PDTilingPattern.java,,,,,,,,,,,,,,,,,,,,,,,,,2,4,0,4,1,1,0,3,1,1,2,1,1,1,1,1,1,,,,,,0,,0,00,1,1,1,1
Public Method,"org.apache.pdfbox.pdmodel.graphics.pattern.PDTilingPattern.getContents()",pdfbox/src/main/java/org/apache/pdfbox/pdmodel/graphics/pattern/PDTilingPattern.java,,,,,,,,,,,,,,,,,,,,,,,,,0,10,0,10,3,4,0,3,2,3,5,2,4,2,2,2,1,,,,,,1,,0,00,2,2,2,1
Public Method,"org.apache.pdfbox.pdmodel.graphics.pattern.PDTilingPattern.getContentsForRandomAccess()",pdfbox/src/main/java/org/apache/pdfbox/pdmodel/graphics/pattern/PDTilingPattern.java,,,,,,,,,,,,,,,,,,,,,,,,,0,10,0,10,3,4,0,3,2,3,5,2,4,2,2,2,1,,,,,,1,,0,00,2,2,2,1
Public Method,"org.apache.pdfbox.pdmodel.graphics.pattern.PDTilingPattern.getPaintType()",pdfbox/src/main/java/org/apache/pdfbox/pdmodel/graphics/pattern/PDTilingPattern.java,,,,,,,,,,,,,,,,,,,,,,,,,2,8,0,4,1,1,4,3,1,1,2,1,1,1,1,1,1,,,,,,0,,1,00,1,1,1,1
Public Method,"org.apache.pdfbox.pdmodel.graphics.pattern.PDTilingPattern.getPatternType()",pdfbox/src/main/java/org/apache/pdfbox/pdmodel/graphics/pattern/PDTilingPattern.java,,,,,,,,,,,,,,,,,,,,,,,,,1,5,0,5,2,1,0,1,1,1,2,1,1,1,1,1,1,,,,,,0,,0,00,1,1,1,1
Public Method,"org.apache.pdfbox.pdmodel.graphics.pattern.PDTilingPattern.getResources()",pdfbox/src/main/java/org/apache/pdfbox/pdmodel/graphics/pattern/PDTilingPattern.java,,,,,,,,,,,,,,,,,,,,,,,,,5,11,0,6,3,2,5,4,1,2,3,2,2,2,2,2,1,,,,,,0,,0,83,2,2,2,1
Public Method,"org.apache.pdfbox.pdmodel.graphics.pattern.PDTilingPattern.getTilingType()",pdfbox/src/main/java/org/apache/pdfbox/pdmodel/graphics/pattern/PDTilingPattern.java,,,,,,,,,,,,,,,,,,,,,,,,,1,8,0,4,1,1,4,3,1,1,2,1,1,1,1,1,1,,,,,,0,,1,00,1,1,1,1
Public Method,"org.apache.pdfbox.pdmodel.graphics.pattern.PDTilingPattern.getXStep()",pdfbox/src/main/java/org/apache/pdfbox/pdmodel/graphics/pattern/PDTilingPattern.java,,,,,,,,,,,,,,,,,,,,,,,,,3,8,0,4,1,1,4,3,1,1,2,1,1,1,1,1,1,,,,,,0,,1,00,1,1,1,1
Public Method,"org.apache.pdfbox.pdmodel.graphics.pattern.PDTilingPattern.getYStep()",pdfbox/src/main/java/org/apache/pdfbox/pdmodel/graphics/pattern/PDTilingPattern.java,,,,,,,,,,,,,,,,,,,,,,,,,3,8,0,4,1,1,4,3,1,1,2,1,1,1,1,1,1,,,,,,0,,1,00,1,1,1,1
Public Method,"org.apache.pdfbox.pdmodel.graphics.pattern.PDTilingPattern.setBBox(PDRectangle)",pdfbox/src/main/java/org/apache/pdfbox/pdmodel/graphics/pattern/PDTilingPattern.java,,,,,,,,,,,,,,,,,,,,,,,,,4,15,0,11,1,4,4,4,2,2,4,1,3,2,2,2,1,,,,,,1,,0,36,2,2,2,1
Public Method,"org.apache.pdfbox.pdmodel.graphics.pattern.PDTilingPattern.setPaintType(int)",pdfbox/src/main/java/org/apache/pdfbox/pdmodel/graphics/pattern/PDTilingPattern.java,,,,,,,,,,,,,,,,,,,,,,,,,4,9,0,5,2,1,4,2,1,1,2,1,1,1,1,1,1,,,,,,0,,0,80,1,1,1,1
Public Final Method,"org.apache.pdfbox.pdmodel.graphics.pattern.PDTilingPattern.setResources(PDResources)",pdfbox/src/main/java/org/apache/pdfbox/pdmodel/graphics/pattern/PDTilingPattern.java,,,,,,,,,,,,,,,,,,,,,,,,,3,8,0,4,1,1,4,2,1,1,2,1,1,1,1,1,1,,,,,,0,,1,00,1,1,1,1
Public Method,"org.apache.pdfbox.pdmodel.graphics.pattern.PDTilingPattern.setTilingType(int)",pdfbox/src/main/java/org/apache/pdfbox/pdmodel/graphics/pattern/PDTilingPattern.java,,,,,,,,,,,,,,,,,,,,,,,,,4,8,0,4,1,1,4,2,1,1,2,1,1,1,1,1,1,,,,,,0,,1,00,1,1,1,1
Public Method,"org.apache.pdfbox.pdmodel.graphics.pattern.PDTilingPattern.setXStep(float)",pdfbox/src/main/java/org/apache/pdfbox/pdmodel/graphics/pattern/PDTilingPattern.java,,,,,,,,,,,,,,,,,,,,,,,,,4,8,0,4,1,1,4,2,1,1,2,1,1,1,1,1,1,,,,,,0,,1,00,1,1,1,1
Public Method,"org.apache.pdfbox.pdmodel.graphics.pattern.PDTilingPattern.setYStep(float)",pdfbox/src/main/java/org/apache/pdfbox/pdmodel/graphics/pattern/PDTilingPattern.java,,,,,,,,,,,,,,,,,,,,,,,,,4,8,0,4,1,1,4,2,1,1,2,1,1,1,1,1,1,,,,,,0,,1,00,1,1,1,1
Package,"org.apache.pdfbox.pdmodel.graphics.shading",pdfbox/src/main/java/org/apache/pdfbox/pdmodel/graphics/shading/AxialShadingContext.java,2,2,2,1,16,0,12,3,,,,38,1,23,38,,212,76,213,,39,25,32,117,,5228,384,3145,1100,1325,1714,,,1499,1971,1040,1098,,,,,19,19,26,17,,6,,0,54,435,423,494,264
Public Class,"org.apache.pdfbox.pdmodel.graphics.shading.AxialShadingContext",pdfbox/src/main/java/org/apache/pdfbox/pdmodel/graphics/shading/AxialShadingContext.java,3,3,3,2,27,0,20,6,1,22,0,,0,1,,,8,11,8,28,0,1,0,7,,254,17,182,40,91,55,,,85,110,39,78,,,,,12,12,12,11,2,5,67,0,30,24,24,25,18
Public Constructor,"org.apache.pdfbox.pdmodel.graphics.shading.AxialShadingContext.AxialShadingContext(PDShadingType2,ColorModel,AffineTransform,Matrix,Rectangle)",pdfbox/src/main/java/org/apache/pdfbox/pdmodel/graphics/shading/AxialShadingContext.java,,,,,,,,,,,,,,,,,,,,,,,,,13,71,5,46,6,30,20,34,8,23,27,4,26,4,4,4,1,,,,,,1,,0,43,4,4,4,1
Private Method,"org.apache.pdfbox.pdmodel.graphics.shading.AxialShadingContext.calcColorTable()",pdfbox/src/main/java/org/apache/pdfbox/pdmodel/graphics/shading/AxialShadingContext.java,,,,,,,,,,,,,,,,,,,,,,,,,5,26,0,19,5,10,7,4,3,9,12,6,8,3,3,4,1,,,,,,2,,0,37,3,3,4,1
Public Method,"org.apache.pdfbox.pdmodel.graphics.shading.AxialShadingContext.dispose()",pdfbox/src/main/java/org/apache/pdfbox/pdmodel/graphics/shading/AxialShadingContext.java,,,,,,,,,,,,,,,,,,,,,,,,,0,6,0,6,2,2,0,2,1,2,3,1,2,1,1,1,1,,,,,,0,,0,00,1,1,1,1
Public Method,"org.apache.pdfbox.pdmodel.graphics.shading.AxialShadingContext.getCoords()",pdfbox/src/main/java/org/apache/pdfbox/pdmodel/graphics/shading/AxialShadingContext.java,,,,,,,,,,,,,,,,,,,,,,,,,1,7,0,4,1,1,3,1,1,1,2,1,1,1,1,1,1,,,,,,0,,0,75,1,1,1,1
Public Method,"org.apache.pdfbox.pdmodel.graphics.shading.AxialShadingContext.getDomain()",pdfbox/src/main/java/org/apache/pdfbox/pdmodel/graphics/shading/AxialShadingContext.java,,,,,,,,,,,,,,,,,,,,,,,,,1,7,0,4,1,1,3,1,1,1,2,1,1,1,1,1,1,,,,,,0,,0,75,1,1,1,1
Public Method,"org.apache.pdfbox.pdmodel.graphics.shading.AxialShadingContext.getExtend()",pdfbox/src/main/java/org/apache/pdfbox/pdmodel/graphics/shading/AxialShadingContext.java,,,,,,,,,,,,,,,,,,,,,,,,,1,7,0,4,1,1,3,1,1,1,2,1,1,1,1,1,1,,,,,,0,,0,75,1,1,1,1
Public Method,"org.apache.pdfbox.pdmodel.graphics.shading.AxialShadingContext.getFunction()",pdfbox/src/main/java/org/apache/pdfbox/pdmodel/graphics/shading/AxialShadingContext.java,,,,,,,,,,,,,,,,,,,,,,,,,1,9,0,4,1,1,5,2,1,1,2,1,1,1,1,1,1,,,,,,0,,1,25,1,1,1,1
Public Method,"org.apache.pdfbox.pdmodel.graphics.shading.AxialShadingContext.getRaster(int,int,int,int)",pdfbox/src/main/java/org/apache/pdfbox/pdmodel/graphics/shading/AxialShadingContext.java,,,,,,,,,,,,,,,,,,,,,,,,,13,87,0,80,10,44,7,8,44,35,47,11,37,12,12,12,11,,,,,,5,,0,09,12,12,12,11
Public Class,"org.apache.pdfbox.pdmodel.graphics.shading.AxialShadingPaint",pdfbox/src/main/java/org/apache/pdfbox/pdmodel/graphics/shading/AxialShadingPaint.java,1,1,1,1,9,0,7,2,1,15,0,,0,1,,,3,0,3,18,1,0,0,2,,40,3,27,8,8,10,,,6,11,5,7,,,,,2,2,2,1,2,1,0,0,37,4,4,4,3
Constructor,"org.apache.pdfbox.pdmodel.graphics.shading.AxialShadingPaint.AxialShadingPaint(PDShadingType2,Matrix)",pdfbox/src/main/java/org/apache/pdfbox/pdmodel/graphics/shading/AxialShadingPaint.java,,,,,,,,,,,,,,,,,,,,,,,,,3,10,0,4,1,1,6,2,1,1,2,1,1,1,1,1,1,,,,,,0,,1,50,1,1,1,1
Public Method,"org.apache.pdfbox.pdmodel.graphics.shading.AxialShadingPaint.createContext(ColorModel,Rectangle,Rectangle2D,AffineTransform,RenderingHints)",pdfbox/src/main/java/org/apache/pdfbox/pdmodel/graphics/shading/AxialShadingPaint.java,,,,,,,,,,,,,,,,,,,,,,,,,9,14,0,14,3,5,0,5,2,3,5,1,4,2,2,2,1,,,,,,1,,0,00,2,2,2,1
Public Method,"org.apache.pdfbox.pdmodel.graphics.shading.AxialShadingPaint.getTransparency()",pdfbox/src/main/java/org/apache/pdfbox/pdmodel/graphics/shading/AxialShadingPaint.java,,,,,,,,,,,,,,,,,,,,,,,,,0,5,0,5,2,1,0,1,1,1,2,1,1,1,1,1,1,,,,,,0,,0,00,1,1,1,1
Class,"org.apache.pdfbox.pdmodel.graphics.shading.CoonsPatch",pdfbox/src/main/java/org/apache/pdfbox/pdmodel/graphics/shading/CoonsPatch.java,2,2,3,1,21,0,19,2,1,6,0,,0,0,,,8,0,8,32,0,4,4,0,,197,14,155,51,92,33,,,72,92,45,65,,,,,9,9,17,1,2,3,0,0,21,19,19,27,8
Protected Constructor,"org.apache.pdfbox.pdmodel.graphics.shading.CoonsPatch.CoonsPatch(Point2D[],float[][])",pdfbox/src/main/java/org/apache/pdfbox/pdmodel/graphics/shading/CoonsPatch.java,,,,,,,,,,,,,,,,,,,,,,,,,3,13,0,7,1,4,6,8,1,4,5,1,4,1,1,1,1,,,,,,0,,0,86,1,1,1,1
Private Method,"org.apache.pdfbox.pdmodel.graphics.shading.CoonsPatch.calcLevel()",pdfbox/src/main/java/org/apache/pdfbox/pdmodel/graphics/shading/CoonsPatch.java,,,,,,,,,,,,,,,,,,,,,,,,,2,54,1,48,8,22,5,3,25,10,19,4,17,9,9,17,1,,,,,,2,,0,10,9,9,17,1
Protected Method,"org.apache.pdfbox.pdmodel.graphics.shading.CoonsPatch.getFlag1Edge()",pdfbox/src/main/java/org/apache/pdfbox/pdmodel/graphics/shading/CoonsPatch.java,,,,,,,,,,,,,,,,,,,,,,,,,1,5,0,5,2,1,0,2,1,1,2,1,1,1,1,1,1,,,,,,0,,0,00,1,1,1,1
Protected Method,"org.apache.pdfbox.pdmodel.graphics.shading.CoonsPatch.getFlag2Edge()",pdfbox/src/main/java/org/apache/pdfbox/pdmodel/graphics/shading/CoonsPatch.java,,,,,,,,,,,,,,,,,,,,,,,,,1,10,0,10,3,6,0,1,1,6,7,2,5,1,1,1,1,,,,,,0,,0,00,1,1,1,1
Protected Method,"org.apache.pdfbox.pdmodel.graphics.shading.CoonsPatch.getFlag3Edge()",pdfbox/src/main/java/org/apache/pdfbox/pdmodel/graphics/shading/CoonsPatch.java,,,,,,,,,,,,,,,,,,,,,,,,,1,10,0,10,3,6,0,1,1,6,7,2,5,1,1,1,1,,,,,,0,,0,00,1,1,1,1
Private Method,"org.apache.pdfbox.pdmodel.graphics.shading.CoonsPatch.getPatchCoordinatesColor(CubicBezierCurve,CubicBezierCurve,CubicBezierCurve,CubicBezierCurve)",pdfbox/src/main/java/org/apache/pdfbox/pdmodel/graphics/shading/CoonsPatch.java,,,,,,,,,,,,,,,,,,,,,,,,,8,50,6,42,25,33,3,5,4,33,37,26,22,4,4,4,1,,,,,,3,,0,07,4,4,4,1
Private Method,"org.apache.pdfbox.pdmodel.graphics.shading.CoonsPatch.getTriangles()",pdfbox/src/main/java/org/apache/pdfbox/pdmodel/graphics/shading/CoonsPatch.java,,,,,,,,,,,,,,,,,,,,,,,,,3,10,0,9,6,6,1,4,1,6,7,6,6,1,1,1,1,,,,,,0,,0,11,1,1,1,1
Private Method,"org.apache.pdfbox.pdmodel.graphics.shading.CoonsPatch.reshapeControlPoints(Point2D[])",pdfbox/src/main/java/org/apache/pdfbox/pdmodel/graphics/shading/CoonsPatch.java,,,,,,,,,,,,,,,,,,,,,,,,,2,21,0,21,2,14,4,1,1,6,7,2,5,1,1,1,1,,,,,,0,,0,19,1,1,1,1
Class,"org.apache.pdfbox.pdmodel.graphics.shading.CoordinateColorPair",pdfbox/src/main/java/org/apache/pdfbox/pdmodel/graphics/shading/CoordinateColorPair.java,1,1,1,1,11,0,5,6,1,1,0,,0,0,,,1,2,1,13,1,0,0,0,,23,1,10,4,2,12,,,4,6,4,2,,,,,1,1,1,1,1,0,0,1,20,1,1,1,1
Constructor,"org.apache.pdfbox.pdmodel.graphics.shading.CoordinateColorPair.CoordinateColorPair(Point2D,float[])",pdfbox/src/main/java/org/apache/pdfbox/pdmodel/graphics/shading/CoordinateColorPair.java,,,,,,,,,,,,,,,,,,,,,,,,,4,11,0,5,1,2,6,4,1,2,3,1,2,1,1,1,1,,,,,,0,,1,20,1,1,1,1
Class,"org.apache.pdfbox.pdmodel.graphics.shading.CubicBezierCurve",pdfbox/src/main/java/org/apache/pdfbox/pdmodel/graphics/shading/CubicBezierCurve.java,1,1,1,1,14,0,10,3,1,6,0,,0,0,,,5,3,5,17,3,1,0,1,,89,5,59,19,29,25,,,24,35,18,20,,,,,3,3,3,1,1,2,53,0,42,9,9,9,5
Constructor,"org.apache.pdfbox.pdmodel.graphics.shading.CubicBezierCurve.CubicBezierCurve(Point2D[],int)",pdfbox/src/main/java/org/apache/pdfbox/pdmodel/graphics/shading/CubicBezierCurve.java,,,,,,,,,,,,,,,,,,,,,,,,,4,14,0,6,1,3,8,6,1,3,4,1,3,1,1,1,1,,,,,,0,,1,33,1,1,1,1
Method,"org.apache.pdfbox.pdmodel.graphics.shading.CubicBezierCurve.getCubicBezierCurve()",pdfbox/src/main/java/org/apache/pdfbox/pdmodel/graphics/shading/CubicBezierCurve.java,,,,,,,,,,,,,,,,,,,,,,,,,2,9,0,4,1,1,5,1,1,1,2,1,1,1,1,1,1,,,,,,0,,1,25,1,1,1,1
Method,"org.apache.pdfbox.pdmodel.graphics.shading.CubicBezierCurve.getLevel()",pdfbox/src/main/java/org/apache/pdfbox/pdmodel/graphics/shading/CubicBezierCurve.java,,,,,,,,,,,,,,,,,,,,,,,,,1,9,0,4,1,1,5,1,1,1,2,1,1,1,1,1,1,,,,,,0,,1,25,1,1,1,1
Private Method,"org.apache.pdfbox.pdmodel.graphics.shading.CubicBezierCurve.getPoints(int)",pdfbox/src/main/java/org/apache/pdfbox/pdmodel/graphics/shading/CubicBezierCurve.java,,,,,,,,,,,,,,,,,,,,,,,,,3,25,0,25,9,18,0,3,4,12,15,8,9,3,3,3,1,,,,,,1,,0,00,3,3,3,1
Public Method,"org.apache.pdfbox.pdmodel.graphics.shading.CubicBezierCurve.toString()",pdfbox/src/main/java/org/apache/pdfbox/pdmodel/graphics/shading/CubicBezierCurve.java,,,,,,,,,,,,,,,,,,,,,,,,,1,14,0,14,3,6,0,5,3,4,8,3,6,3,3,3,1,,,,,,2,,0,00,3,3,3,1
Abstract Class,"org.apache.pdfbox.pdmodel.graphics.shading.GouraudShadingContext",pdfbox/src/main/java/org/apache/pdfbox/pdmodel/graphics/shading/GouraudShadingContext.java,1,1,1,1,7,0,5,1,1,11,2,,0,0,,,5,1,5,32,1,0,3,1,,54,5,31,12,9,18,,,9,15,8,9,,,,,1,1,1,1,3,0,19,0,58,5,5,5,5
Protected Constructor,"org.apache.pdfbox.pdmodel.graphics.shading.GouraudShadingContext.GouraudShadingContext(PDShading,ColorModel,AffineTransform,Matrix)",pdfbox/src/main/java/org/apache/pdfbox/pdmodel/graphics/shading/GouraudShadingContext.java,,,,,,,,,,,,,,,,,,,,,,,,,6,14,0,5,2,1,9,2,1,1,2,1,1,1,1,1,1,,,,,,0,,1,80,1,1,1,1
Protected Method,"org.apache.pdfbox.pdmodel.graphics.shading.GouraudShadingContext.calcPixelTable(Rectangle)",pdfbox/src/main/java/org/apache/pdfbox/pdmodel/graphics/shading/GouraudShadingContext.java,,,,,,,,,,,,,,,,,,,,,,,,,2,7,0,7,3,3,0,3,1,3,4,2,3,1,1,1,1,,,,,,0,,0,00,1,1,1,1
Public Method,"org.apache.pdfbox.pdmodel.graphics.shading.GouraudShadingContext.dispose()",pdfbox/src/main/java/org/apache/pdfbox/pdmodel/graphics/shading/GouraudShadingContext.java,,,,,,,,,,,,,,,,,,,,,,,,,0,6,0,6,2,2,0,2,1,2,3,1,2,1,1,1,1,,,,,,0,,0,00,1,1,1,1
Protected Method,"org.apache.pdfbox.pdmodel.graphics.shading.GouraudShadingContext.isDataEmpty()",pdfbox/src/main/java/org/apache/pdfbox/pdmodel/graphics/shading/GouraudShadingContext.java,,,,,,,,,,,,,,,,,,,,,,,,,1,5,0,5,2,1,0,2,1,1,2,1,1,1,1,1,1,,,,,,0,,0,00,1,1,1,1
Final Method,"org.apache.pdfbox.pdmodel.graphics.shading.GouraudShadingContext.setTriangleList(List<ShadedTriangle>)",pdfbox/src/main/java/org/apache/pdfbox/pdmodel/graphics/shading/GouraudShadingContext.java,,,,,,,,,,,,,,,,,,,,,,,,,3,4,0,4,1,1,0,1,1,1,2,1,1,1,1,1,1,,,,,,0,,0,00,1,1,1,1
Class,"org.apache.pdfbox.pdmodel.graphics.shading.IntPoint",pdfbox/src/main/java/org/apache/pdfbox/pdmodel/graphics/shading/IntPoint.java,2,2,2,2,10,0,10,0,1,4,0,,0,1,,,3,0,3,42,1,0,0,2,,48,3,35,8,13,10,,,9,17,6,12,,,,,5,5,6,4,1,2,0,0,29,7,7,8,6
Constructor,"org.apache.pdfbox.pdmodel.graphics.shading.IntPoint.IntPoint(int,int)",pdfbox/src/main/java/org/apache/pdfbox/pdmodel/graphics/shading/IntPoint.java,,,,,,,,,,,,,,,,,,,,,,,,,5,4,0,4,1,1,0,2,1,1,2,1,1,1,1,1,1,,,,,,0,,0,00,1,1,1,1
Public Method,"org.apache.pdfbox.pdmodel.graphics.shading.IntPoint.equals(Object)",pdfbox/src/main/java/org/apache/pdfbox/pdmodel/graphics/shading/IntPoint.java,,,,,,,,,,,,,,,,,,,,,,,,,4,23,0,22,3,10,1,3,5,6,11,2,9,5,5,6,4,,,,,,2,,0,05,5,5,6,4
Public Method,"org.apache.pdfbox.pdmodel.graphics.shading.IntPoint.hashCode()",pdfbox/src/main/java/org/apache/pdfbox/pdmodel/graphics/shading/IntPoint.java,,,,,,,,,,,,,,,,,,,,,,,,,2,5,0,5,2,1,0,1,1,1,2,1,1,1,1,1,1,,,,,,0,,0,00,1,1,1,1
Class,"org.apache.pdfbox.pdmodel.graphics.shading.Line",pdfbox/src/main/java/org/apache/pdfbox/pdmodel/graphics/shading/Line.java,4,4,5,1,30,0,21,9,1,5,0,,0,0,,,3,5,3,15,1,1,1,0,,110,4,73,20,38,34,,,36,48,22,29,,,,,7,7,8,3,1,2,40,0,47,13,13,15,5
Constructor,"org.apache.pdfbox.pdmodel.graphics.shading.Line.Line(Point,Point,float[],float[])",pdfbox/src/main/java/org/apache/pdfbox/pdmodel/graphics/shading/Line.java,,,,,,,,,,,,,,,,,,,,,,,,,10,16,0,8,1,5,8,8,1,5,6,1,5,1,1,1,1,,,,,,0,,1,00,1,1,1,1
Protected Method,"org.apache.pdfbox.pdmodel.graphics.shading.Line.calcColor(Point)",pdfbox/src/main/java/org/apache/pdfbox/pdmodel/graphics/shading/Line.java,,,,,,,,,,,,,,,,,,,,,,,,,10,35,0,28,5,15,7,1,5,12,17,7,10,5,5,6,1,,,,,,2,,0,25,5,5,6,1
Private Method,"org.apache.pdfbox.pdmodel.graphics.shading.Line.calcLine(int,int,int,int)",pdfbox/src/main/java/org/apache/pdfbox/pdmodel/graphics/shading/Line.java,,,,,,,,,,,,,,,,,,,,,,,,,5,41,0,29,8,18,12,5,9,14,19,8,14,7,7,8,3,,,,,,2,,0,41,7,7,8,3
Abstract Class,"org.apache.pdfbox.pdmodel.graphics.shading.PDMeshBasedShadingType",pdfbox/src/main/java/org/apache/pdfbox/pdmodel/graphics/shading/PDMeshBasedShadingType.java,6,5,7,2,50,1,42,6,1,24,2,,0,1,,,6,0,6,60,4,0,1,1,,227,12,177,43,107,38,,,84,110,42,85,,,,,13,10,16,7,4,4,0,0,21,25,22,28,10
Constructor,"org.apache.pdfbox.pdmodel.graphics.shading.PDMeshBasedShadingType.PDMeshBasedShadingType(COSDictionary)",pdfbox/src/main/java/org/apache/pdfbox/pdmodel/graphics/shading/PDMeshBasedShadingType.java,,,,,,,,,,,,,,,,,,,,,,,,,3,4,0,4,1,1,0,2,1,1,2,1,1,1,1,1,1,,,,,,0,,0,00,1,1,1,1
Final Method,"org.apache.pdfbox.pdmodel.graphics.shading.PDMeshBasedShadingType.collectPatches(AffineTransform,Matrix,int)",pdfbox/src/main/java/org/apache/pdfbox/pdmodel/graphics/shading/PDMeshBasedShadingType.java,,,,,,,,,,,,,,,,,,,,,,,,,8,102,3,90,19,61,9,27,41,41,52,17,44,13,10,16,7,,,,,,4,,0,10,13,10,16,7
Abstract Method,"org.apache.pdfbox.pdmodel.graphics.shading.PDMeshBasedShadingType.generatePatch(Point2D[],float[][])",pdfbox/src/main/java/org/apache/pdfbox/pdmodel/graphics/shading/PDMeshBasedShadingType.java,,,,,,,,,,,,,,,,,,,,,,,,,1,9,0,1,1,0,8,1,0,1,1,1,0,0,0,0,0,,,,,,0,,8,00,0,0,0,0
Public Abstract Method,"org.apache.pdfbox.pdmodel.graphics.shading.PDMeshBasedShadingType.getBounds(AffineTransform,Matrix)",pdfbox/src/main/java/org/apache/pdfbox/pdmodel/graphics/shading/PDMeshBasedShadingType.java,,,,,,,,,,,,,,,,,,,,,,,,,0,2,0,2,2,0,0,1,0,1,1,1,0,0,0,0,0,,,,,,0,,0,00,0,0,0,0
Method,"org.apache.pdfbox.pdmodel.graphics.shading.PDMeshBasedShadingType.getBounds(AffineTransform,Matrix,int)",pdfbox/src/main/java/org/apache/pdfbox/pdmodel/graphics/shading/PDMeshBasedShadingType.java,,,,,,,,,,,,,,,,,,,,,,,,,7,20,0,20,3,10,0,5,4,6,12,4,8,4,4,4,1,,,,,,3,,0,00,4,4,4,1
Protected Method,"org.apache.pdfbox.pdmodel.graphics.shading.PDMeshBasedShadingType.readPatch(ImageInputStream,boolean,Point2D[],float[][],long,long,PDRange,PDRange,PDRange[],Matrix,AffineTransform,int)",pdfbox/src/main/java/org/apache/pdfbox/pdmodel/graphics/shading/PDMeshBasedShadingType.java,,,,,,,,,,,,,,,,,,,,,,,,,15,76,2,56,15,34,18,12,21,33,40,16,31,7,7,7,1,,,,,,3,,0,32,7,7,7,1
Public Abstract Class,"org.apache.pdfbox.pdmodel.graphics.shading.PDShading",pdfbox/src/main/java/org/apache/pdfbox/pdmodel/graphics/shading/PDShading.java,2,1,2,1,15,0,9,5,2,21,3,,1,7,,,22,6,23,35,0,1,0,22,,414,30,227,50,112,157,,,92,132,52,88,,,,,8,6,8,1,1,3,80,0,69,45,39,45,21
Public Constructor,"org.apache.pdfbox.pdmodel.graphics.shading.PDShading.PDShading()",pdfbox/src/main/java/org/apache/pdfbox/pdmodel/graphics/shading/PDShading.java,,,,,,,,,,,,,,,,,,,,,,,,,0,7,0,4,1,1,3,3,1,1,2,1,1,1,1,1,1,,,,,,0,,0,75,1,1,1,1
Public Constructor,"org.apache.pdfbox.pdmodel.graphics.shading.PDShading.PDShading(COSDictionary)",pdfbox/src/main/java/org/apache/pdfbox/pdmodel/graphics/shading/PDShading.java,,,,,,,,,,,,,,,,,,,,,,,,,4,9,0,4,1,1,5,2,1,1,2,1,1,1,1,1,1,,,,,,0,,1,25,1,1,1,1
Public Static Method,"org.apache.pdfbox.pdmodel.graphics.shading.PDShading.create(COSDictionary)",pdfbox/src/main/java/org/apache/pdfbox/pdmodel/graphics/shading/PDShading.java,,,,,,,,,,,,,,,,,,,,,,,,,11,39,0,32,3,27,7,10,8,18,20,3,18,8,2,8,1,,,,,,1,,0,22,8,2,8,1
Public Method,"org.apache.pdfbox.pdmodel.graphics.shading.PDShading.evalFunction(float)",pdfbox/src/main/java/org/apache/pdfbox/pdmodel/graphics/shading/PDShading.java,,,,,,,,,,,,,,,,,,,,,,,,,3,11,0,4,1,1,7,1,1,1,2,1,1,1,1,1,1,,,,,,0,,1,75,1,1,1,1
Public Method,"org.apache.pdfbox.pdmodel.graphics.shading.PDShading.evalFunction(float[])",pdfbox/src/main/java/org/apache/pdfbox/pdmodel/graphics/shading/PDShading.java,,,,,,,,,,,,,,,,,,,,,,,,,4,41,0,31,5,15,10,3,12,14,20,7,15,6,6,6,1,,,,,,2,,0,32,6,6,6,1
Public Method,"org.apache.pdfbox.pdmodel.graphics.shading.PDShading.getAntiAlias()",pdfbox/src/main/java/org/apache/pdfbox/pdmodel/graphics/shading/PDShading.java,,,,,,,,,,,,,,,,,,,,,,,,,2,9,0,4,1,1,5,2,1,1,2,1,1,1,1,1,1,,,,,,0,,1,25,1,1,1,1
Public Method,"org.apache.pdfbox.pdmodel.graphics.shading.PDShading.getBBox()",pdfbox/src/main/java/org/apache/pdfbox/pdmodel/graphics/shading/PDShading.java,,,,,,,,,,,,,,,,,,,,,,,,,5,19,0,12,2,5,7,4,3,3,6,2,5,3,3,3,1,,,,,,2,,0,58,3,3,3,1
Public Method,"org.apache.pdfbox.pdmodel.graphics.shading.PDShading.getBackground()",pdfbox/src/main/java/org/apache/pdfbox/pdmodel/graphics/shading/PDShading.java,,,,,,,,,,,,,,,,,,,,,,,,,4,13,0,8,1,3,5,3,2,2,4,1,3,2,2,2,1,,,,,,1,,0,62,2,2,2,1
Public Method,"org.apache.pdfbox.pdmodel.graphics.shading.PDShading.getBounds(AffineTransform,Matrix)",pdfbox/src/main/java/org/apache/pdfbox/pdmodel/graphics/shading/PDShading.java,,,,,,,,,,,,,,,,,,,,,,,,,1,12,0,4,1,1,8,1,1,1,2,1,1,1,1,1,1,,,,,,0,,2,00,1,1,1,1
Public Method,"org.apache.pdfbox.pdmodel.graphics.shading.PDShading.getCOSObject()",pdfbox/src/main/java/org/apache/pdfbox/pdmodel/graphics/shading/PDShading.java,,,,,,,,,,,,,,,,,,,,,,,,,30,10,0,5,2,1,5,1,1,1,2,1,1,1,1,1,1,,,,,,0,,1,00,1,1,1,1
Public Method,"org.apache.pdfbox.pdmodel.graphics.shading.PDShading.getColorSpace()",pdfbox/src/main/java/org/apache/pdfbox/pdmodel/graphics/shading/PDShading.java,,,,,,,,,,,,,,,,,,,,,,,,,7,15,0,9,2,4,6,4,2,3,5,2,4,2,2,2,1,,,,,,1,,0,67,2,2,2,1
Public Method,"org.apache.pdfbox.pdmodel.graphics.shading.PDShading.getFunction()",pdfbox/src/main/java/org/apache/pdfbox/pdmodel/graphics/shading/PDShading.java,,,,,,,,,,,,,,,,,,,,,,,,,6,18,0,12,2,5,6,5,3,3,6,2,5,3,3,3,1,,,,,,2,,0,50,3,3,3,1
Private Method,"org.apache.pdfbox.pdmodel.graphics.shading.PDShading.getFunctionsArray()",pdfbox/src/main/java/org/apache/pdfbox/pdmodel/graphics/shading/PDShading.java,,,,,,,,,,,,,,,,,,,,,,,,,3,33,0,27,4,14,6,8,5,11,16,5,13,5,5,5,1,,,,,,3,,0,22,5,5,5,1
Public Abstract Method,"org.apache.pdfbox.pdmodel.graphics.shading.PDShading.getShadingType()",pdfbox/src/main/java/org/apache/pdfbox/pdmodel/graphics/shading/PDShading.java,,,,,,,,,,,,,,,,,,,,,,,,,0,6,0,1,1,0,5,1,0,1,1,1,0,0,0,0,0,,,,,,0,,5,00,0,0,0,0
Public Method,"org.apache.pdfbox.pdmodel.graphics.shading.PDShading.getType()",pdfbox/src/main/java/org/apache/pdfbox/pdmodel/graphics/shading/PDShading.java,,,,,,,,,,,,,,,,,,,,,,,,,1,9,0,4,1,1,5,2,1,1,2,1,1,1,1,1,1,,,,,,0,,1,25,1,1,1,1
Public Method,"org.apache.pdfbox.pdmodel.graphics.shading.PDShading.setAntiAlias(boolean)",pdfbox/src/main/java/org/apache/pdfbox/pdmodel/graphics/shading/PDShading.java,,,,,,,,,,,,,,,,,,,,,,,,,3,9,0,4,1,1,5,1,1,1,2,1,1,1,1,1,1,,,,,,0,,1,25,1,1,1,1
Public Method,"org.apache.pdfbox.pdmodel.graphics.shading.PDShading.setBBox(PDRectangle)",pdfbox/src/main/java/org/apache/pdfbox/pdmodel/graphics/shading/PDShading.java,,,,,,,,,,,,,,,,,,,,,,,,,4,17,0,12,1,5,5,4,2,3,5,1,4,2,2,2,1,,,,,,1,,0,42,2,2,2,1
Public Method,"org.apache.pdfbox.pdmodel.graphics.shading.PDShading.setBackground(COSArray)",pdfbox/src/main/java/org/apache/pdfbox/pdmodel/graphics/shading/PDShading.java,,,,,,,,,,,,,,,,,,,,,,,,,3,10,0,5,1,2,5,2,1,2,3,1,2,1,1,1,1,,,,,,0,,1,00,1,1,1,1
Public Method,"org.apache.pdfbox.pdmodel.graphics.shading.PDShading.setColorSpace(PDColorSpace)",pdfbox/src/main/java/org/apache/pdfbox/pdmodel/graphics/shading/PDShading.java,,,,,,,,,,,,,,,,,,,,,,,,,4,17,0,12,1,5,5,4,2,3,5,1,4,2,2,2,1,,,,,,1,,0,42,2,2,2,1
Public Method,"org.apache.pdfbox.pdmodel.graphics.shading.PDShading.setFunction(COSArray)",pdfbox/src/main/java/org/apache/pdfbox/pdmodel/graphics/shading/PDShading.java,,,,,,,,,,,,,,,,,,,,,,,,,2,11,0,6,1,3,5,4,1,3,4,1,3,1,1,1,1,,,,,,0,,0,83,1,1,1,1
Public Method,"org.apache.pdfbox.pdmodel.graphics.shading.PDShading.setFunction(PDFunction)",pdfbox/src/main/java/org/apache/pdfbox/pdmodel/graphics/shading/PDShading.java,,,,,,,,,,,,,,,,,,,,,,,,,3,11,0,6,1,3,5,4,1,3,4,1,3,1,1,1,1,,,,,,0,,0,83,1,1,1,1
Public Method,"org.apache.pdfbox.pdmodel.graphics.shading.PDShading.setShadingType(int)",pdfbox/src/main/java/org/apache/pdfbox/pdmodel/graphics/shading/PDShading.java,,,,,,,,,,,,,,,,,,,,,,,,,4,9,0,4,1,1,5,1,1,1,2,1,1,1,1,1,1,,,,,,0,,1,25,1,1,1,1
Public Abstract Method,"org.apache.pdfbox.pdmodel.graphics.shading.PDShading.toPaint(Matrix)",pdfbox/src/main/java/org/apache/pdfbox/pdmodel/graphics/shading/PDShading.java,,,,,,,,,,,,,,,,,,,,,,,,,2,8,0,1,1,0,7,1,0,1,1,1,0,0,0,0,0,,,,,,0,,7,00,0,0,0,0
Public Class,"org.apache.pdfbox.pdmodel.graphics.shading.PDShadingType1",pdfbox/src/main/java/org/apache/pdfbox/pdmodel/graphics/shading/PDShadingType1.java,1,1,1,1,9,0,6,3,1,9,0,,0,0,,,7,1,7,42,0,0,0,7,,81,7,46,13,16,28,,,14,25,12,14,,,,,2,2,2,1,2,1,71,0,61,9,9,9,7
Public Constructor,"org.apache.pdfbox.pdmodel.graphics.shading.PDShadingType1.PDShadingType1(COSDictionary)",pdfbox/src/main/java/org/apache/pdfbox/pdmodel/graphics/shading/PDShadingType1.java,,,,,,,,,,,,,,,,,,,,,,,,,2,9,0,4,1,1,5,2,1,1,2,1,1,1,1,1,1,,,,,,0,,1,25,1,1,1,1
Public Method,"org.apache.pdfbox.pdmodel.graphics.shading.PDShadingType1.getDomain()",pdfbox/src/main/java/org/apache/pdfbox/pdmodel/graphics/shading/PDShadingType1.java,,,,,,,,,,,,,,,,,,,,,,,,,3,13,0,8,1,3,5,4,2,2,4,1,3,2,2,2,1,,,,,,1,,0,62,2,2,2,1
Public Method,"org.apache.pdfbox.pdmodel.graphics.shading.PDShadingType1.getMatrix()",pdfbox/src/main/java/org/apache/pdfbox/pdmodel/graphics/shading/PDShadingType1.java,,,,,,,,,,,,,,,,,,,,,,,,,2,9,0,4,1,1,5,4,1,1,2,1,1,1,1,1,1,,,,,,0,,1,25,1,1,1,1
Public Method,"org.apache.pdfbox.pdmodel.graphics.shading.PDShadingType1.getShadingType()",pdfbox/src/main/java/org/apache/pdfbox/pdmodel/graphics/shading/PDShadingType1.java,,,,,,,,,,,,,,,,,,,,,,,,,1,5,0,5,2,1,0,1,1,1,2,1,1,1,1,1,1,,,,,,0,,0,00,1,1,1,1
Public Method,"org.apache.pdfbox.pdmodel.graphics.shading.PDShadingType1.setDomain(COSArray)",pdfbox/src/main/java/org/apache/pdfbox/pdmodel/graphics/shading/PDShadingType1.java,,,,,,,,,,,,,,,,,,,,,,,,,2,10,0,5,1,2,5,3,1,2,3,1,2,1,1,1,1,,,,,,0,,1,00,1,1,1,1
Public Method,"org.apache.pdfbox.pdmodel.graphics.shading.PDShadingType1.setMatrix(AffineTransform)",pdfbox/src/main/java/org/apache/pdfbox/pdmodel/graphics/shading/PDShadingType1.java,,,,,,,,,,,,,,,,,,,,,,,,,2,16,0,11,3,6,5,6,2,5,8,4,5,2,2,2,1,,,,,,1,,0,45,2,2,2,1
Public Method,"org.apache.pdfbox.pdmodel.graphics.shading.PDShadingType1.toPaint(Matrix)",pdfbox/src/main/java/org/apache/pdfbox/pdmodel/graphics/shading/PDShadingType1.java,,,,,,,,,,,,,,,,,,,,,,,,,1,5,0,5,2,1,0,2,1,1,2,1,1,1,1,1,1,,,,,,0,,0,00,1,1,1,1
Public Class,"org.apache.pdfbox.pdmodel.graphics.shading.PDShadingType2",pdfbox/src/main/java/org/apache/pdfbox/pdmodel/graphics/shading/PDShadingType2.java,1,1,1,1,9,0,5,3,1,7,1,,0,0,,,9,3,9,44,0,0,0,9,,106,9,59,15,21,38,,,18,31,13,18,,,,,2,2,2,1,2,1,77,0,64,12,12,12,9
Public Constructor,"org.apache.pdfbox.pdmodel.graphics.shading.PDShadingType2.PDShadingType2(COSDictionary)",pdfbox/src/main/java/org/apache/pdfbox/pdmodel/graphics/shading/PDShadingType2.java,,,,,,,,,,,,,,,,,,,,,,,,,4,9,0,4,1,1,5,2,1,1,2,1,1,1,1,1,1,,,,,,0,,1,25,1,1,1,1
Public Method,"org.apache.pdfbox.pdmodel.graphics.shading.PDShadingType2.getCoords()",pdfbox/src/main/java/org/apache/pdfbox/pdmodel/graphics/shading/PDShadingType2.java,,,,,,,,,,,,,,,,,,,,,,,,,4,13,0,8,1,3,5,4,2,2,4,1,3,2,2,2,1,,,,,,1,,0,62,2,2,2,1
Public Method,"org.apache.pdfbox.pdmodel.graphics.shading.PDShadingType2.getDomain()",pdfbox/src/main/java/org/apache/pdfbox/pdmodel/graphics/shading/PDShadingType2.java,,,,,,,,,,,,,,,,,,,,,,,,,4,13,0,8,1,3,5,4,2,2,4,1,3,2,2,2,1,,,,,,1,,0,62,2,2,2,1
Public Method,"org.apache.pdfbox.pdmodel.graphics.shading.PDShadingType2.getExtend()",pdfbox/src/main/java/org/apache/pdfbox/pdmodel/graphics/shading/PDShadingType2.java,,,,,,,,,,,,,,,,,,,,,,,,,4,13,0,8,1,3,5,4,2,2,4,1,3,2,2,2,1,,,,,,1,,0,62,2,2,2,1
Public Method,"org.apache.pdfbox.pdmodel.graphics.shading.PDShadingType2.getShadingType()",pdfbox/src/main/java/org/apache/pdfbox/pdmodel/graphics/shading/PDShadingType2.java,,,,,,,,,,,,,,,,,,,,,,,,,1,5,0,5,2,1,0,1,1,1,2,1,1,1,1,1,1,,,,,,0,,0,00,1,1,1,1
Public Method,"org.apache.pdfbox.pdmodel.graphics.shading.PDShadingType2.setCoords(COSArray)",pdfbox/src/main/java/org/apache/pdfbox/pdmodel/graphics/shading/PDShadingType2.java,,,,,,,,,,,,,,,,,,,,,,,,,3,10,0,5,1,2,5,3,1,2,3,1,2,1,1,1,1,,,,,,0,,1,00,1,1,1,1
Public Method,"org.apache.pdfbox.pdmodel.graphics.shading.PDShadingType2.setDomain(COSArray)",pdfbox/src/main/java/org/apache/pdfbox/pdmodel/graphics/shading/PDShadingType2.java,,,,,,,,,,,,,,,,,,,,,,,,,2,10,0,5,1,2,5,3,1,2,3,1,2,1,1,1,1,,,,,,0,,1,00,1,1,1,1
Public Method,"org.apache.pdfbox.pdmodel.graphics.shading.PDShadingType2.setExtend(COSArray)",pdfbox/src/main/java/org/apache/pdfbox/pdmodel/graphics/shading/PDShadingType2.java,,,,,,,,,,,,,,,,,,,,,,,,,2,10,0,5,1,2,5,3,1,2,3,1,2,1,1,1,1,,,,,,0,,1,00,1,1,1,1
Public Method,"org.apache.pdfbox.pdmodel.graphics.shading.PDShadingType2.toPaint(Matrix)",pdfbox/src/main/java/org/apache/pdfbox/pdmodel/graphics/shading/PDShadingType2.java,,,,,,,,,,,,,,,,,,,,,,,,,1,5,0,5,2,1,0,2,1,1,2,1,1,1,1,1,1,,,,,,0,,0,00,1,1,1,1
Public Class,"org.apache.pdfbox.pdmodel.graphics.shading.PDShadingType3",pdfbox/src/main/java/org/apache/pdfbox/pdmodel/graphics/shading/PDShadingType3.java,1,1,1,1,6,0,4,1,1,5,0,,0,0,,,3,0,3,47,0,0,0,3,,27,2,17,6,3,8,,,3,7,4,3,,,,,1,1,1,1,3,0,0,0,47,3,3,3,3
Public Constructor,"org.apache.pdfbox.pdmodel.graphics.shading.PDShadingType3.PDShadingType3(COSDictionary)",pdfbox/src/main/java/org/apache/pdfbox/pdmodel/graphics/shading/PDShadingType3.java,,,,,,,,,,,,,,,,,,,,,,,,,3,9,0,4,1,1,5,2,1,1,2,1,1,1,1,1,1,,,,,,0,,1,25,1,1,1,1
Public Method,"org.apache.pdfbox.pdmodel.graphics.shading.PDShadingType3.getShadingType()",pdfbox/src/main/java/org/apache/pdfbox/pdmodel/graphics/shading/PDShadingType3.java,,,,,,,,,,,,,,,,,,,,,,,,,1,5,0,5,2,1,0,1,1,1,2,1,1,1,1,1,1,,,,,,0,,0,00,1,1,1,1
Public Method,"org.apache.pdfbox.pdmodel.graphics.shading.PDShadingType3.toPaint(Matrix)",pdfbox/src/main/java/org/apache/pdfbox/pdmodel/graphics/shading/PDShadingType3.java,,,,,,,,,,,,,,,,,,,,,,,,,1,5,0,5,2,1,0,2,1,1,2,1,1,1,1,1,1,,,,,,0,,0,00,1,1,1,1
Public Class,"org.apache.pdfbox.pdmodel.graphics.shading.PDShadingType4",pdfbox/src/main/java/org/apache/pdfbox/pdmodel/graphics/shading/PDShadingType4.java,3,3,4,1,25,0,22,2,1,25,1,,0,1,,,6,0,6,54,1,0,0,5,,166,8,139,31,77,19,,,56,75,27,58,,,,,16,14,19,3,3,5,0,0,14,21,19,24,8
Public Constructor,"org.apache.pdfbox.pdmodel.graphics.shading.PDShadingType4.PDShadingType4(COSDictionary)",pdfbox/src/main/java/org/apache/pdfbox/pdmodel/graphics/shading/PDShadingType4.java,,,,,,,,,,,,,,,,,,,,,,,,,4,9,0,4,1,1,5,2,1,1,2,1,1,1,1,1,1,,,,,,0,,1,25,1,1,1,1
Method,"org.apache.pdfbox.pdmodel.graphics.shading.PDShadingType4.collectTriangles(AffineTransform,Matrix)",pdfbox/src/main/java/org/apache/pdfbox/pdmodel/graphics/shading/PDShadingType4.java,,,,,,,,,,,,,,,,,,,,,,,,,10,115,2,113,22,71,0,24,56,50,63,20,52,16,14,19,3,,,,,,5,,0,00,16,14,19,3
Public Method,"org.apache.pdfbox.pdmodel.graphics.shading.PDShadingType4.getBitsPerFlag()",pdfbox/src/main/java/org/apache/pdfbox/pdmodel/graphics/shading/PDShadingType4.java,,,,,,,,,,,,,,,,,,,,,,,,,4,10,0,4,1,1,6,3,1,1,2,1,1,1,1,1,1,,,,,,0,,1,50,1,1,1,1
Public Method,"org.apache.pdfbox.pdmodel.graphics.shading.PDShadingType4.getShadingType()",pdfbox/src/main/java/org/apache/pdfbox/pdmodel/graphics/shading/PDShadingType4.java,,,,,,,,,,,,,,,,,,,,,,,,,1,5,0,5,2,1,0,1,1,1,2,1,1,1,1,1,1,,,,,,0,,0,00,1,1,1,1
Public Method,"org.apache.pdfbox.pdmodel.graphics.shading.PDShadingType4.setBitsPerFlag(int)",pdfbox/src/main/java/org/apache/pdfbox/pdmodel/graphics/shading/PDShadingType4.java,,,,,,,,,,,,,,,,,,,,,,,,,3,9,0,4,1,1,5,2,1,1,2,1,1,1,1,1,1,,,,,,0,,1,25,1,1,1,1
Public Method,"org.apache.pdfbox.pdmodel.graphics.shading.PDShadingType4.toPaint(Matrix)",pdfbox/src/main/java/org/apache/pdfbox/pdmodel/graphics/shading/PDShadingType4.java,,,,,,,,,,,,,,,,,,,,,,,,,1,5,0,5,2,1,0,2,1,1,2,1,1,1,1,1,1,,,,,,0,,0,00,1,1,1,1
Public Class,"org.apache.pdfbox.pdmodel.graphics.shading.PDShadingType5",pdfbox/src/main/java/org/apache/pdfbox/pdmodel/graphics/shading/PDShadingType5.java,2,2,3,1,19,1,16,2,1,22,0,,0,0,,,7,0,7,55,1,1,0,5,,148,13,115,28,60,21,,,56,76,29,57,,,,,10,10,13,4,3,3,0,0,18,18,18,21,10
Public Constructor,"org.apache.pdfbox.pdmodel.graphics.shading.PDShadingType5.PDShadingType5(COSDictionary)",pdfbox/src/main/java/org/apache/pdfbox/pdmodel/graphics/shading/PDShadingType5.java,,,,,,,,,,,,,,,,,,,,,,,,,2,9,0,4,1,1,5,2,1,1,2,1,1,1,1,1,1,,,,,,0,,1,25,1,1,1,1
Method,"org.apache.pdfbox.pdmodel.graphics.shading.PDShadingType5.collectTriangles(AffineTransform,Matrix)",pdfbox/src/main/java/org/apache/pdfbox/pdmodel/graphics/shading/PDShadingType5.java,,,,,,,,,,,,,,,,,,,,,,,,,4,66,2,63,16,35,1,21,38,29,40,17,32,10,10,13,4,,,,,,3,,0,02,10,10,13,4
Private Method,"org.apache.pdfbox.pdmodel.graphics.shading.PDShadingType5.createShadedTriangleList(int,int,Vertex[][])",pdfbox/src/main/java/org/apache/pdfbox/pdmodel/graphics/shading/PDShadingType5.java,,,,,,,,,,,,,,,,,,,,,,,,,6,32,5,27,4,20,1,4,3,22,25,6,20,3,3,3,1,,,,,,2,,0,04,3,3,3,1
Public Method,"org.apache.pdfbox.pdmodel.graphics.shading.PDShadingType5.getShadingType()",pdfbox/src/main/java/org/apache/pdfbox/pdmodel/graphics/shading/PDShadingType5.java,,,,,,,,,,,,,,,,,,,,,,,,,1,5,0,5,2,1,0,1,1,1,2,1,1,1,1,1,1,,,,,,0,,0,00,1,1,1,1
Public Method,"org.apache.pdfbox.pdmodel.graphics.shading.PDShadingType5.getVerticesPerRow()",pdfbox/src/main/java/org/apache/pdfbox/pdmodel/graphics/shading/PDShadingType5.java,,,,,,,,,,,,,,,,,,,,,,,,,2,10,0,4,1,1,6,3,1,1,2,1,1,1,1,1,1,,,,,,0,,1,50,1,1,1,1
Public Method,"org.apache.pdfbox.pdmodel.graphics.shading.PDShadingType5.setVerticesPerRow(int)",pdfbox/src/main/java/org/apache/pdfbox/pdmodel/graphics/shading/PDShadingType5.java,,,,,,,,,,,,,,,,,,,,,,,,,2,9,0,4,1,1,5,2,1,1,2,1,1,1,1,1,1,,,,,,0,,1,25,1,1,1,1
Public Method,"org.apache.pdfbox.pdmodel.graphics.shading.PDShadingType5.toPaint(Matrix)",pdfbox/src/main/java/org/apache/pdfbox/pdmodel/graphics/shading/PDShadingType5.java,,,,,,,,,,,,,,,,,,,,,,,,,1,5,0,5,2,1,0,2,1,1,2,1,1,1,1,1,1,,,,,,0,,0,00,1,1,1,1
Public Class,"org.apache.pdfbox.pdmodel.graphics.shading.PDShadingType6",pdfbox/src/main/java/org/apache/pdfbox/pdmodel/graphics/shading/PDShadingType6.java,1,1,1,1,5,0,4,1,1,11,0,,0,0,,,5,0,5,65,0,0,1,4,,39,4,27,10,5,8,,,5,11,6,5,,,,,1,1,1,1,5,0,0,0,30,5,5,5,5
Public Constructor,"org.apache.pdfbox.pdmodel.graphics.shading.PDShadingType6.PDShadingType6(COSDictionary)",pdfbox/src/main/java/org/apache/pdfbox/pdmodel/graphics/shading/PDShadingType6.java,,,,,,,,,,,,,,,,,,,,,,,,,2,9,0,4,1,1,5,2,1,1,2,1,1,1,1,1,1,,,,,,0,,1,25,1,1,1,1
Protected Method,"org.apache.pdfbox.pdmodel.graphics.shading.PDShadingType6.generatePatch(Point2D[],float[][])",pdfbox/src/main/java/org/apache/pdfbox/pdmodel/graphics/shading/PDShadingType6.java,,,,,,,,,,,,,,,,,,,,,,,,,2,5,0,5,2,1,0,2,1,1,2,1,1,1,1,1,1,,,,,,0,,0,00,1,1,1,1
Public Method,"org.apache.pdfbox.pdmodel.graphics.shading.PDShadingType6.getBounds(AffineTransform,Matrix)",pdfbox/src/main/java/org/apache/pdfbox/pdmodel/graphics/shading/PDShadingType6.java,,,,,,,,,,,,,,,,,,,,,,,,,2,5,0,5,2,1,0,2,1,1,2,1,1,1,1,1,1,,,,,,0,,0,00,1,1,1,1
Public Method,"org.apache.pdfbox.pdmodel.graphics.shading.PDShadingType6.getShadingType()",pdfbox/src/main/java/org/apache/pdfbox/pdmodel/graphics/shading/PDShadingType6.java,,,,,,,,,,,,,,,,,,,,,,,,,1,5,0,5,2,1,0,1,1,1,2,1,1,1,1,1,1,,,,,,0,,0,00,1,1,1,1
Public Method,"org.apache.pdfbox.pdmodel.graphics.shading.PDShadingType6.toPaint(Matrix)",pdfbox/src/main/java/org/apache/pdfbox/pdmodel/graphics/shading/PDShadingType6.java,,,,,,,,,,,,,,,,,,,,,,,,,1,5,0,5,2,1,0,2,1,1,2,1,1,1,1,1,1,,,,,,0,,0,00,1,1,1,1
Public Class,"org.apache.pdfbox.pdmodel.graphics.shading.PDShadingType7",pdfbox/src/main/java/org/apache/pdfbox/pdmodel/graphics/shading/PDShadingType7.java,1,1,1,1,5,0,4,1,1,11,0,,0,0,,,5,0,5,65,0,0,1,4,,39,4,27,10,5,8,,,5,11,6,5,,,,,1,1,1,1,5,0,0,0,30,5,5,5,5
Public Constructor,"org.apache.pdfbox.pdmodel.graphics.shading.PDShadingType7.PDShadingType7(COSDictionary)",pdfbox/src/main/java/org/apache/pdfbox/pdmodel/graphics/shading/PDShadingType7.java,,,,,,,,,,,,,,,,,,,,,,,,,2,9,0,4,1,1,5,2,1,1,2,1,1,1,1,1,1,,,,,,0,,1,25,1,1,1,1
Protected Method,"org.apache.pdfbox.pdmodel.graphics.shading.PDShadingType7.generatePatch(Point2D[],float[][])",pdfbox/src/main/java/org/apache/pdfbox/pdmodel/graphics/shading/PDShadingType7.java,,,,,,,,,,,,,,,,,,,,,,,,,2,5,0,5,2,1,0,2,1,1,2,1,1,1,1,1,1,,,,,,0,,0,00,1,1,1,1
Public Method,"org.apache.pdfbox.pdmodel.graphics.shading.PDShadingType7.getBounds(AffineTransform,Matrix)",pdfbox/src/main/java/org/apache/pdfbox/pdmodel/graphics/shading/PDShadingType7.java,,,,,,,,,,,,,,,,,,,,,,,,,2,5,0,5,2,1,0,2,1,1,2,1,1,1,1,1,1,,,,,,0,,0,00,1,1,1,1
Public Method,"org.apache.pdfbox.pdmodel.graphics.shading.PDShadingType7.getShadingType()",pdfbox/src/main/java/org/apache/pdfbox/pdmodel/graphics/shading/PDShadingType7.java,,,,,,,,,,,,,,,,,,,,,,,,,1,5,0,5,2,1,0,1,1,1,2,1,1,1,1,1,1,,,,,,0,,0,00,1,1,1,1
Public Method,"org.apache.pdfbox.pdmodel.graphics.shading.PDShadingType7.toPaint(Matrix)",pdfbox/src/main/java/org/apache/pdfbox/pdmodel/graphics/shading/PDShadingType7.java,,,,,,,,,,,,,,,,,,,,,,,,,1,5,0,5,2,1,0,2,1,1,2,1,1,1,1,1,1,,,,,,0,,0,00,1,1,1,1
Abstract Class,"org.apache.pdfbox.pdmodel.graphics.shading.PDTriangleBasedShadingType",pdfbox/src/main/java/org/apache/pdfbox/pdmodel/graphics/shading/PDTriangleBasedShadingType.java,1,1,2,1,15,0,9,5,1,22,2,,0,1,,,13,4,13,48,2,1,2,8,,218,18,126,33,63,74,,,52,76,32,53,,,,,4,4,4,1,2,2,79,0,59,23,23,24,12
Constructor,"org.apache.pdfbox.pdmodel.graphics.shading.PDTriangleBasedShadingType.PDTriangleBasedShadingType(COSDictionary)",pdfbox/src/main/java/org/apache/pdfbox/pdmodel/graphics/shading/PDTriangleBasedShadingType.java,,,,,,,,,,,,,,,,,,,,,,,,,3,4,0,4,1,1,0,2,1,1,2,1,1,1,1,1,1,,,,,,0,,0,00,1,1,1,1
Abstract Method,"org.apache.pdfbox.pdmodel.graphics.shading.PDTriangleBasedShadingType.collectTriangles(AffineTransform,Matrix)",pdfbox/src/main/java/org/apache/pdfbox/pdmodel/graphics/shading/PDTriangleBasedShadingType.java,,,,,,,,,,,,,,,,,,,,,,,,,1,1,0,1,1,0,0,1,0,1,1,1,0,0,0,0,0,,,,,,0,,0,00,0,0,0,0
Public Method,"org.apache.pdfbox.pdmodel.graphics.shading.PDTriangleBasedShadingType.getBitsPerComponent()",pdfbox/src/main/java/org/apache/pdfbox/pdmodel/graphics/shading/PDTriangleBasedShadingType.java,,,,,,,,,,,,,,,,,,,,,,,,,7,14,0,9,1,4,5,5,2,3,5,1,4,2,2,2,1,,,,,,1,,0,56,2,2,2,1
Public Method,"org.apache.pdfbox.pdmodel.graphics.shading.PDTriangleBasedShadingType.getBitsPerCoordinate()",pdfbox/src/main/java/org/apache/pdfbox/pdmodel/graphics/shading/PDTriangleBasedShadingType.java,,,,,,,,,,,,,,,,,,,,,,,,,7,15,0,9,1,4,6,6,2,3,5,1,4,2,2,2,1,,,,,,1,,0,67,2,2,2,1
Public Method,"org.apache.pdfbox.pdmodel.graphics.shading.PDTriangleBasedShadingType.getBounds(AffineTransform,Matrix)",pdfbox/src/main/java/org/apache/pdfbox/pdmodel/graphics/shading/PDTriangleBasedShadingType.java,,,,,,,,,,,,,,,,,,,,,,,,,3,22,0,21,3,11,1,5,6,7,12,3,9,4,4,4,1,,,,,,2,,0,05,4,4,4,1
Public Method,"org.apache.pdfbox.pdmodel.graphics.shading.PDTriangleBasedShadingType.getDecodeForParameter(int)",pdfbox/src/main/java/org/apache/pdfbox/pdmodel/graphics/shading/PDTriangleBasedShadingType.java,,,,,,,,,,,,,,,,,,,,,,,,,4,16,0,10,3,5,6,4,2,4,6,3,4,2,2,3,1,,,,,,1,,0,60,2,2,3,1
Private Method,"org.apache.pdfbox.pdmodel.graphics.shading.PDTriangleBasedShadingType.getDecodeValues()",pdfbox/src/main/java/org/apache/pdfbox/pdmodel/graphics/shading/PDTriangleBasedShadingType.java,,,,,,,,,,,,,,,,,,,,,,,,,3,13,0,8,1,3,5,4,2,2,4,1,3,2,2,2,1,,,,,,1,,0,62,2,2,2,1
Public Method,"org.apache.pdfbox.pdmodel.graphics.shading.PDTriangleBasedShadingType.getNumberOfColorComponents()",pdfbox/src/main/java/org/apache/pdfbox/pdmodel/graphics/shading/PDTriangleBasedShadingType.java,,,,,,,,,,,,,,,,,,,,,,,,,6,15,0,10,1,5,5,6,2,3,5,1,4,3,3,3,1,,,,,,1,,0,50,3,3,3,1
Protected Method,"org.apache.pdfbox.pdmodel.graphics.shading.PDTriangleBasedShadingType.interpolate(float,long,float,float)",pdfbox/src/main/java/org/apache/pdfbox/pdmodel/graphics/shading/PDTriangleBasedShadingType.java,,,,,,,,,,,,,,,,,,,,,,,,,6,13,0,4,1,1,9,1,1,1,2,1,1,1,1,1,1,,,,,,0,,2,25,1,1,1,1
Protected Method,"org.apache.pdfbox.pdmodel.graphics.shading.PDTriangleBasedShadingType.readVertex(ImageInputStream,long,long,PDRange,PDRange,PDRange[],Matrix,AffineTransform)",pdfbox/src/main/java/org/apache/pdfbox/pdmodel/graphics/shading/PDTriangleBasedShadingType.java,,,,,,,,,,,,,,,,,,,,,,,,,14,46,3,27,11,18,16,11,4,16,19,10,16,3,3,3,1,,,,,,1,,0,59,3,3,3,1
Public Method,"org.apache.pdfbox.pdmodel.graphics.shading.PDTriangleBasedShadingType.setBitsPerComponent(int)",pdfbox/src/main/java/org/apache/pdfbox/pdmodel/graphics/shading/PDTriangleBasedShadingType.java,,,,,,,,,,,,,,,,,,,,,,,,,3,10,0,5,1,2,5,3,1,2,3,1,2,1,1,1,1,,,,,,0,,1,00,1,1,1,1
Public Method,"org.apache.pdfbox.pdmodel.graphics.shading.PDTriangleBasedShadingType.setBitsPerCoordinate(int)",pdfbox/src/main/java/org/apache/pdfbox/pdmodel/graphics/shading/PDTriangleBasedShadingType.java,,,,,,,,,,,,,,,,,,,,,,,,,3,10,0,5,1,2,5,3,1,2,3,1,2,1,1,1,1,,,,,,0,,1,00,1,1,1,1
Public Method,"org.apache.pdfbox.pdmodel.graphics.shading.PDTriangleBasedShadingType.setDecodeValues(COSArray)",pdfbox/src/main/java/org/apache/pdfbox/pdmodel/graphics/shading/PDTriangleBasedShadingType.java,,,,,,,,,,,,,,,,,,,,,,,,,3,10,0,5,1,2,5,3,1,2,3,1,2,1,1,1,1,,,,,,0,,1,00,1,1,1,1
Abstract Class,"org.apache.pdfbox.pdmodel.graphics.shading.Patch",pdfbox/src/main/java/org/apache/pdfbox/pdmodel/graphics/shading/Patch.java,1,1,2,1,17,0,12,5,1,6,2,,0,0,,,12,4,12,24,1,1,10,0,,211,13,120,51,53,80,,,61,78,48,39,,,,,5,5,8,1,1,3,88,0,67,16,16,23,9
Constructor,"org.apache.pdfbox.pdmodel.graphics.shading.Patch.Patch(float[][])",pdfbox/src/main/java/org/apache/pdfbox/pdmodel/graphics/shading/Patch.java,,,,,,,,,,,,,,,,,,,,,,,,,3,9,0,4,1,1,5,3,1,1,2,1,1,1,1,1,1,,,,,,0,,1,25,1,1,1,1
Protected Method,"org.apache.pdfbox.pdmodel.graphics.shading.Patch.edgeEquationValue(Point2D,Point2D,Point2D)",pdfbox/src/main/java/org/apache/pdfbox/pdmodel/graphics/shading/Patch.java,,,,,,,,,,,,,,,,,,,,,,,,,6,14,0,4,1,1,10,3,1,1,2,1,1,1,1,1,1,,,,,,0,,2,50,1,1,1,1
Protected Method,"org.apache.pdfbox.pdmodel.graphics.shading.Patch.getFlag1Color()",pdfbox/src/main/java/org/apache/pdfbox/pdmodel/graphics/shading/Patch.java,,,,,,,,,,,,,,,,,,,,,,,,,3,16,0,11,3,6,5,1,2,7,9,4,5,2,2,2,1,,,,,,1,,0,45,2,2,2,1
Protected Abstract Method,"org.apache.pdfbox.pdmodel.graphics.shading.Patch.getFlag1Edge()",pdfbox/src/main/java/org/apache/pdfbox/pdmodel/graphics/shading/Patch.java,,,,,,,,,,,,,,,,,,,,,,,,,1,6,0,1,1,0,5,1,0,1,1,1,0,0,0,0,0,,,,,,0,,5,00,0,0,0,0
Protected Method,"org.apache.pdfbox.pdmodel.graphics.shading.Patch.getFlag2Color()",pdfbox/src/main/java/org/apache/pdfbox/pdmodel/graphics/shading/Patch.java,,,,,,,,,,,,,,,,,,,,,,,,,3,16,0,11,3,6,5,1,2,7,9,4,5,2,2,2,1,,,,,,1,,0,45,2,2,2,1
Protected Abstract Method,"org.apache.pdfbox.pdmodel.graphics.shading.Patch.getFlag2Edge()",pdfbox/src/main/java/org/apache/pdfbox/pdmodel/graphics/shading/Patch.java,,,,,,,,,,,,,,,,,,,,,,,,,1,6,0,1,1,0,5,1,0,1,1,1,0,0,0,0,0,,,,,,0,,5,00,0,0,0,0
Protected Method,"org.apache.pdfbox.pdmodel.graphics.shading.Patch.getFlag3Color()",pdfbox/src/main/java/org/apache/pdfbox/pdmodel/graphics/shading/Patch.java,,,,,,,,,,,,,,,,,,,,,,,,,3,16,0,11,3,6,5,1,2,7,9,4,5,2,2,2,1,,,,,,1,,0,45,2,2,2,1
Protected Abstract Method,"org.apache.pdfbox.pdmodel.graphics.shading.Patch.getFlag3Edge()",pdfbox/src/main/java/org/apache/pdfbox/pdmodel/graphics/shading/Patch.java,,,,,,,,,,,,,,,,,,,,,,,,,1,6,0,1,1,0,5,1,0,1,1,1,0,0,0,0,0,,,,,,0,,5,00,0,0,0,0
Protected Method,"org.apache.pdfbox.pdmodel.graphics.shading.Patch.getLen(Point2D,Point2D)",pdfbox/src/main/java/org/apache/pdfbox/pdmodel/graphics/shading/Patch.java,,,,,,,,,,,,,,,,,,,,,,,,,4,13,0,6,3,3,7,4,1,3,4,3,3,1,1,1,1,,,,,,0,,1,17,1,1,1,1
Protected Method,"org.apache.pdfbox.pdmodel.graphics.shading.Patch.getShadedTriangles(CoordinateColorPair[][])",pdfbox/src/main/java/org/apache/pdfbox/pdmodel/graphics/shading/Patch.java,,,,,,,,,,,,,,,,,,,,,,,,,6,59,0,51,23,24,10,5,6,22,27,17,13,5,5,8,1,,,,,,3,,0,20,5,5,8,1
Protected Method,"org.apache.pdfbox.pdmodel.graphics.shading.Patch.isEdgeALine(Point2D[])",pdfbox/src/main/java/org/apache/pdfbox/pdmodel/graphics/shading/Patch.java,,,,,,,,,,,,,,,,,,,,,,,,,3,14,0,8,5,5,6,5,1,5,6,5,5,1,1,4,1,,,,,,0,,0,75,1,1,4,1
Private Method,"org.apache.pdfbox.pdmodel.graphics.shading.Patch.overlaps(Point2D,Point2D)",pdfbox/src/main/java/org/apache/pdfbox/pdmodel/graphics/shading/Patch.java,,,,,,,,,,,,,,,,,,,,,,,,,3,4,0,4,1,1,0,4,1,1,2,1,1,1,1,2,1,,,,,,0,,0,00,1,1,2,1
Abstract Class,"org.apache.pdfbox.pdmodel.graphics.shading.PatchMeshesShadingContext",pdfbox/src/main/java/org/apache/pdfbox/pdmodel/graphics/shading/PatchMeshesShadingContext.java,1,1,1,1,10,0,7,2,1,11,2,,0,0,,,4,1,4,31,0,0,3,1,,57,4,33,12,10,20,,,10,17,8,10,,,,,2,2,2,1,3,1,0,0,61,5,5,5,4
Protected Constructor,"org.apache.pdfbox.pdmodel.graphics.shading.PatchMeshesShadingContext.PatchMeshesShadingContext(PDMeshBasedShadingType,ColorModel,AffineTransform,Matrix,Rectangle,int)",pdfbox/src/main/java/org/apache/pdfbox/pdmodel/graphics/shading/PatchMeshesShadingContext.java,,,,,,,,,,,,,,,,,,,,,,,,,8,19,0,8,3,3,11,5,1,3,4,1,3,1,1,1,1,,,,,,0,,1,38,1,1,1,1
Protected Method,"org.apache.pdfbox.pdmodel.graphics.shading.PatchMeshesShadingContext.calcPixelTable(Rectangle)",pdfbox/src/main/java/org/apache/pdfbox/pdmodel/graphics/shading/PatchMeshesShadingContext.java,,,,,,,,,,,,,,,,,,,,,,,,,3,10,0,10,3,4,0,3,2,3,6,3,4,2,2,2,1,,,,,,1,,0,00,2,2,2,1
Public Method,"org.apache.pdfbox.pdmodel.graphics.shading.PatchMeshesShadingContext.dispose()",pdfbox/src/main/java/org/apache/pdfbox/pdmodel/graphics/shading/PatchMeshesShadingContext.java,,,,,,,,,,,,,,,,,,,,,,,,,0,6,0,6,2,2,0,2,1,2,3,1,2,1,1,1,1,,,,,,0,,0,00,1,1,1,1
Protected Method,"org.apache.pdfbox.pdmodel.graphics.shading.PatchMeshesShadingContext.isDataEmpty()",pdfbox/src/main/java/org/apache/pdfbox/pdmodel/graphics/shading/PatchMeshesShadingContext.java,,,,,,,,,,,,,,,,,,,,,,,,,1,5,0,5,2,1,0,2,1,1,2,1,1,1,1,1,1,,,,,,0,,0,00,1,1,1,1
Public Class,"org.apache.pdfbox.pdmodel.graphics.shading.RadialShadingContext",pdfbox/src/main/java/org/apache/pdfbox/pdmodel/graphics/shading/RadialShadingContext.java,3,3,4,2,33,0,25,7,1,22,0,,0,1,,,9,13,9,29,0,2,0,7,,338,19,244,50,121,75,,,104,138,48,100,,,,,19,19,26,17,2,6,71,0,31,33,33,41,25
Public Constructor,"org.apache.pdfbox.pdmodel.graphics.shading.RadialShadingContext.RadialShadingContext(PDShadingType3,ColorModel,AffineTransform,Matrix,Rectangle)",pdfbox/src/main/java/org/apache/pdfbox/pdmodel/graphics/shading/RadialShadingContext.java,,,,,,,,,,,,,,,,,,,,,,,,,15,75,6,49,7,32,20,36,8,25,29,4,28,4,4,4,1,,,,,,1,,0,41,4,4,4,1
Private Method,"org.apache.pdfbox.pdmodel.graphics.shading.RadialShadingContext.calcColorTable()",pdfbox/src/main/java/org/apache/pdfbox/pdmodel/graphics/shading/RadialShadingContext.java,,,,,,,,,,,,,,,,,,,,,,,,,5,25,0,19,5,10,6,4,3,9,12,6,8,3,3,4,1,,,,,,2,,0,32,3,3,4,1
Private Method,"org.apache.pdfbox.pdmodel.graphics.shading.RadialShadingContext.calculateInputValues(double,double)",pdfbox/src/main/java/org/apache/pdfbox/pdmodel/graphics/shading/RadialShadingContext.java,,,,,,,,,,,,,,,,,,,,,,,,,9,32,0,16,6,9,16,3,2,7,9,6,5,2,2,2,1,,,,,,1,,1,00,2,2,2,1
Public Method,"org.apache.pdfbox.pdmodel.graphics.shading.RadialShadingContext.dispose()",pdfbox/src/main/java/org/apache/pdfbox/pdmodel/graphics/shading/RadialShadingContext.java,,,,,,,,,,,,,,,,,,,,,,,,,0,6,0,6,2,2,0,2,1,2,3,1,2,1,1,1,1,,,,,,0,,0,00,1,1,1,1
Public Method,"org.apache.pdfbox.pdmodel.graphics.shading.RadialShadingContext.getCoords()",pdfbox/src/main/java/org/apache/pdfbox/pdmodel/graphics/shading/RadialShadingContext.java,,,,,,,,,,,,,,,,,,,,,,,,,1,7,0,4,1,1,3,1,1,1,2,1,1,1,1,1,1,,,,,,0,,0,75,1,1,1,1
Public Method,"org.apache.pdfbox.pdmodel.graphics.shading.RadialShadingContext.getDomain()",pdfbox/src/main/java/org/apache/pdfbox/pdmodel/graphics/shading/RadialShadingContext.java,,,,,,,,,,,,,,,,,,,,,,,,,1,7,0,4,1,1,3,1,1,1,2,1,1,1,1,1,1,,,,,,0,,0,75,1,1,1,1
Public Method,"org.apache.pdfbox.pdmodel.graphics.shading.RadialShadingContext.getExtend()",pdfbox/src/main/java/org/apache/pdfbox/pdmodel/graphics/shading/RadialShadingContext.java,,,,,,,,,,,,,,,,,,,,,,,,,1,7,0,4,1,1,3,1,1,1,2,1,1,1,1,1,1,,,,,,0,,0,75,1,1,1,1
Public Method,"org.apache.pdfbox.pdmodel.graphics.shading.RadialShadingContext.getFunction()",pdfbox/src/main/java/org/apache/pdfbox/pdmodel/graphics/shading/RadialShadingContext.java,,,,,,,,,,,,,,,,,,,,,,,,,1,9,0,4,1,1,5,2,1,1,2,1,1,1,1,1,1,,,,,,0,,1,25,1,1,1,1
Public Method,"org.apache.pdfbox.pdmodel.graphics.shading.RadialShadingContext.getRaster(int,int,int,int)",pdfbox/src/main/java/org/apache/pdfbox/pdmodel/graphics/shading/RadialShadingContext.java,,,,,,,,,,,,,,,,,,,,,,,,,9,133,0,121,11,63,12,10,118,43,62,12,52,19,19,26,17,,,,,,6,,0,10,19,19,26,17
Public Class,"org.apache.pdfbox.pdmodel.graphics.shading.RadialShadingPaint",pdfbox/src/main/java/org/apache/pdfbox/pdmodel/graphics/shading/RadialShadingPaint.java,1,1,1,1,9,0,7,2,1,15,0,,0,1,,,3,0,3,18,1,0,0,2,,40,3,27,8,8,10,,,6,11,5,7,,,,,2,2,2,1,2,1,0,0,37,4,4,4,3
Constructor,"org.apache.pdfbox.pdmodel.graphics.shading.RadialShadingPaint.RadialShadingPaint(PDShadingType3,Matrix)",pdfbox/src/main/java/org/apache/pdfbox/pdmodel/graphics/shading/RadialShadingPaint.java,,,,,,,,,,,,,,,,,,,,,,,,,3,10,0,4,1,1,6,2,1,1,2,1,1,1,1,1,1,,,,,,0,,1,50,1,1,1,1
Public Method,"org.apache.pdfbox.pdmodel.graphics.shading.RadialShadingPaint.createContext(ColorModel,Rectangle,Rectangle2D,AffineTransform,RenderingHints)",pdfbox/src/main/java/org/apache/pdfbox/pdmodel/graphics/shading/RadialShadingPaint.java,,,,,,,,,,,,,,,,,,,,,,,,,9,14,0,14,3,5,0,5,2,3,5,1,4,2,2,2,1,,,,,,1,,0,00,2,2,2,1
Public Method,"org.apache.pdfbox.pdmodel.graphics.shading.RadialShadingPaint.getTransparency()",pdfbox/src/main/java/org/apache/pdfbox/pdmodel/graphics/shading/RadialShadingPaint.java,,,,,,,,,,,,,,,,,,,,,,,,,0,5,0,5,2,1,0,1,1,1,2,1,1,1,1,1,1,,,,,,0,,0,00,1,1,1,1
Class,"org.apache.pdfbox.pdmodel.graphics.shading.ShadedTriangle",pdfbox/src/main/java/org/apache/pdfbox/pdmodel/graphics/shading/ShadedTriangle.java,2,1,2,1,17,0,12,5,1,8,0,,0,0,,,11,8,11,23,1,4,0,6,,247,20,147,48,78,84,,,69,92,46,66,,,,,5,5,7,5,1,2,73,0,57,22,21,26,17
Constructor,"org.apache.pdfbox.pdmodel.graphics.shading.ShadedTriangle.ShadedTriangle(Point2D[],float[][])",pdfbox/src/main/java/org/apache/pdfbox/pdmodel/graphics/shading/ShadedTriangle.java,,,,,,,,,,,,,,,,,,,,,,,,,8,41,2,33,9,22,7,19,3,14,17,5,16,3,3,4,1,,,,,,2,,0,21,3,3,4,1
Public Method,"org.apache.pdfbox.pdmodel.graphics.shading.ShadedTriangle.calcColor(Point2D)",pdfbox/src/main/java/org/apache/pdfbox/pdmodel/graphics/shading/ShadedTriangle.java,,,,,,,,,,,,,,,,,,,,,,,,,8,37,1,27,7,18,9,7,5,16,20,9,15,5,4,5,3,,,,,,2,,0,33,5,4,5,3
Private Method,"org.apache.pdfbox.pdmodel.graphics.shading.ShadedTriangle.calcDeg(Point2D[])",pdfbox/src/main/java/org/apache/pdfbox/pdmodel/graphics/shading/ShadedTriangle.java,,,,,,,,,,,,,,,,,,,,,,,,,2,17,0,10,3,5,7,8,2,4,7,4,5,2,2,2,1,,,,,,1,,0,70,2,2,2,1
Public Method,"org.apache.pdfbox.pdmodel.graphics.shading.ShadedTriangle.contains(Point2D)",pdfbox/src/main/java/org/apache/pdfbox/pdmodel/graphics/shading/ShadedTriangle.java,,,,,,,,,,,,,,,,,,,,,,,,,9,48,1,24,5,13,24,8,5,9,14,5,13,5,5,7,5,,,,,,1,,1,00,5,5,7,5
Private Method,"org.apache.pdfbox.pdmodel.graphics.shading.ShadedTriangle.edgeEquationValue(Point2D,Point2D,Point2D)",pdfbox/src/main/java/org/apache/pdfbox/pdmodel/graphics/shading/ShadedTriangle.java,,,,,,,,,,,,,,,,,,,,,,,,,5,5,0,5,1,2,0,3,1,1,2,1,1,1,1,1,1,,,,,,0,,0,00,1,1,1,1
Private Method,"org.apache.pdfbox.pdmodel.graphics.shading.ShadedTriangle.getArea(Point2D,Point2D,Point2D)",pdfbox/src/main/java/org/apache/pdfbox/pdmodel/graphics/shading/ShadedTriangle.java,,,,,,,,,,,,,,,,,,,,,,,,,5,5,0,5,1,2,0,4,1,1,2,1,1,1,1,1,1,,,,,,0,,0,00,1,1,1,1
Public Method,"org.apache.pdfbox.pdmodel.graphics.shading.ShadedTriangle.getBoundary()",pdfbox/src/main/java/org/apache/pdfbox/pdmodel/graphics/shading/ShadedTriangle.java,,,,,,,,,,,,,,,,,,,,,,,,,2,22,2,15,8,12,5,6,1,12,13,8,11,1,1,1,1,,,,,,0,,0,33,1,1,1,1
Public Method,"org.apache.pdfbox.pdmodel.graphics.shading.ShadedTriangle.getDeg()",pdfbox/src/main/java/org/apache/pdfbox/pdmodel/graphics/shading/ShadedTriangle.java,,,,,,,,,,,,,,,,,,,,,,,,,2,4,0,4,1,1,0,1,1,1,2,1,1,1,1,1,1,,,,,,0,,0,00,1,1,1,1
Public Method,"org.apache.pdfbox.pdmodel.graphics.shading.ShadedTriangle.getLine()",pdfbox/src/main/java/org/apache/pdfbox/pdmodel/graphics/shading/ShadedTriangle.java,,,,,,,,,,,,,,,,,,,,,,,,,2,9,0,4,1,1,5,1,1,1,2,1,1,1,1,1,1,,,,,,0,,1,25,1,1,1,1
Private Method,"org.apache.pdfbox.pdmodel.graphics.shading.ShadedTriangle.overlaps(Point2D,Point2D)",pdfbox/src/main/java/org/apache/pdfbox/pdmodel/graphics/shading/ShadedTriangle.java,,,,,,,,,,,,,,,,,,,,,,,,,4,4,0,4,1,1,0,4,1,1,2,1,1,1,1,2,1,,,,,,0,,0,00,1,1,2,1
Public Method,"org.apache.pdfbox.pdmodel.graphics.shading.ShadedTriangle.toString()",pdfbox/src/main/java/org/apache/pdfbox/pdmodel/graphics/shading/ShadedTriangle.java,,,,,,,,,,,,,,,,,,,,,,,,,1,5,0,5,2,1,0,1,1,1,2,1,1,1,1,1,1,,,,,,0,,0,00,1,1,1,1
Public Abstract Class,"org.apache.pdfbox.pdmodel.graphics.shading.ShadingContext",pdfbox/src/main/java/org/apache/pdfbox/pdmodel/graphics/shading/ShadingContext.java,1,1,1,1,9,0,6,2,2,12,4,,0,0,,,8,5,8,20,5,0,0,3,,97,12,59,21,21,26,,,25,35,18,20,,,,,2,2,2,1,1,1,67,0,44,9,9,9,8
Public Constructor,"org.apache.pdfbox.pdmodel.graphics.shading.ShadingContext.ShadingContext(PDShading,ColorModel,AffineTransform,Matrix)",pdfbox/src/main/java/org/apache/pdfbox/pdmodel/graphics/shading/ShadingContext.java,,,,,,,,,,,,,,,,,,,,,,,,,9,29,2,15,4,9,12,12,2,7,9,3,8,2,2,2,1,,,,,,1,,0,80,2,2,2,1
Final Method,"org.apache.pdfbox.pdmodel.graphics.shading.ShadingContext.convertToRGB(float[])",pdfbox/src/main/java/org/apache/pdfbox/pdmodel/graphics/shading/ShadingContext.java,,,,,,,,,,,,,,,,,,,,,,,,,6,19,2,9,3,5,8,2,1,6,7,3,5,1,1,1,1,,,,,,0,,0,89,1,1,1,1
Public Method,"org.apache.pdfbox.pdmodel.graphics.shading.ShadingContext.dispose()",pdfbox/src/main/java/org/apache/pdfbox/pdmodel/graphics/shading/ShadingContext.java,,,,,,,,,,,,,,,,,,,,,,,,,5,6,0,6,2,2,0,2,1,2,3,1,2,1,1,1,1,,,,,,0,,0,00,1,1,1,1
Method,"org.apache.pdfbox.pdmodel.graphics.shading.ShadingContext.getBackground()",pdfbox/src/main/java/org/apache/pdfbox/pdmodel/graphics/shading/ShadingContext.java,,,,,,,,,,,,,,,,,,,,,,,,,5,4,0,4,1,1,0,1,1,1,2,1,1,1,1,1,1,,,,,,0,,0,00,1,1,1,1
Public Method,"org.apache.pdfbox.pdmodel.graphics.shading.ShadingContext.getColorModel()",pdfbox/src/main/java/org/apache/pdfbox/pdmodel/graphics/shading/ShadingContext.java,,,,,,,,,,,,,,,,,,,,,,,,,5,5,0,5,2,1,0,1,1,1,2,1,1,1,1,1,1,,,,,,0,,0,00,1,1,1,1
Method,"org.apache.pdfbox.pdmodel.graphics.shading.ShadingContext.getRgbBackground()",pdfbox/src/main/java/org/apache/pdfbox/pdmodel/graphics/shading/ShadingContext.java,,,,,,,,,,,,,,,,,,,,,,,,,4,4,0,4,1,1,0,1,1,1,2,1,1,1,1,1,1,,,,,,0,,0,00,1,1,1,1
Method,"org.apache.pdfbox.pdmodel.graphics.shading.ShadingContext.getShading()",pdfbox/src/main/java/org/apache/pdfbox/pdmodel/graphics/shading/ShadingContext.java,,,,,,,,,,,,,,,,,,,,,,,,,2,4,0,4,1,1,0,1,1,1,2,1,1,1,1,1,1,,,,,,0,,0,00,1,1,1,1
Method,"org.apache.pdfbox.pdmodel.graphics.shading.ShadingContext.getShadingColorSpace()",pdfbox/src/main/java/org/apache/pdfbox/pdmodel/graphics/shading/ShadingContext.java,,,,,,,,,,,,,,,,,,,,,,,,,2,4,0,4,1,1,0,1,1,1,2,1,1,1,1,1,1,,,,,,0,,0,00,1,1,1,1
Public Abstract Generic Class,"org.apache.pdfbox.pdmodel.graphics.shading.ShadingPaint",pdfbox/src/main/java/org/apache/pdfbox/pdmodel/graphics/shading/ShadingPaint.java,1,1,1,1,6,0,4,2,2,1,7,,0,0,,,3,2,3,15,1,0,0,2,,33,3,18,6,4,12,,,6,10,6,4,,,,,1,1,1,1,1,0,33,0,67,3,3,3,3
Constructor,"org.apache.pdfbox.pdmodel.graphics.shading.ShadingPaint.ShadingPaint(T,Matrix)",pdfbox/src/main/java/org/apache/pdfbox/pdmodel/graphics/shading/ShadingPaint.java,,,,,,,,,,,,,,,,,,,,,,,,,9,5,0,5,1,2,0,3,1,2,3,1,2,1,1,1,1,,,,,,0,,0,00,1,1,1,1
TypeVariable,"org.apache.pdfbox.pdmodel.graphics.shading.ShadingPaint.T",pdfbox/src/main/java/org/apache/pdfbox/pdmodel/graphics/shading/ShadingPaint.java,0,0,0,0,0,0,0,0,0,1,0,,0,0,,,0,0,0,0,0,0,0,0,,0,0,0,0,0,0,,,0,0,0,0,,,,,0,0,0,0,0,0,0,0,00,0,0,0,0
Public Method,"org.apache.pdfbox.pdmodel.graphics.shading.ShadingPaint.getMatrix()",pdfbox/src/main/java/org/apache/pdfbox/pdmodel/graphics/shading/ShadingPaint.java,,,,,,,,,,,,,,,,,,,,,,,,,1,7,0,4,1,1,3,1,1,1,2,1,1,1,1,1,1,,,,,,0,,0,75,1,1,1,1
Public Method,"org.apache.pdfbox.pdmodel.graphics.shading.ShadingPaint.getShading()",pdfbox/src/main/java/org/apache/pdfbox/pdmodel/graphics/shading/ShadingPaint.java,,,,,,,,,,,,,,,,,,,,,,,,,1,7,0,4,1,1,3,1,1,1,2,1,1,1,1,1,1,,,,,,0,,0,75,1,1,1,1
Class,"org.apache.pdfbox.pdmodel.graphics.shading.TensorPatch",pdfbox/src/main/java/org/apache/pdfbox/pdmodel/graphics/shading/TensorPatch.java,3,3,4,1,20,0,17,1,1,5,0,,0,0,,,11,0,11,35,0,7,4,0,,254,14,199,50,105,42,,,98,132,55,86,,,,,12,12,26,1,2,4,0,0,21,33,33,47,11
Protected Constructor,"org.apache.pdfbox.pdmodel.graphics.shading.TensorPatch.TensorPatch(Point2D[],float[][])",pdfbox/src/main/java/org/apache/pdfbox/pdmodel/graphics/shading/TensorPatch.java,,,,,,,,,,,,,,,,,,,,,,,,,3,13,0,7,1,4,6,8,1,4,5,1,4,1,1,1,1,,,,,,0,,0,86,1,1,1,1
Private Method,"org.apache.pdfbox.pdmodel.graphics.shading.TensorPatch.calcLevel()",pdfbox/src/main/java/org/apache/pdfbox/pdmodel/graphics/shading/TensorPatch.java,,,,,,,,,,,,,,,,,,,,,,,,,2,82,2,68,9,32,12,5,72,17,29,8,24,12,12,26,1,,,,,,3,,0,18,12,12,26,1
Private Method,"org.apache.pdfbox.pdmodel.graphics.shading.TensorPatch.getBernsteinPolynomials(int)",pdfbox/src/main/java/org/apache/pdfbox/pdmodel/graphics/shading/TensorPatch.java,,,,,,,,,,,,,,,,,,,,,,,,,2,16,0,16,5,11,0,1,2,12,14,6,8,2,2,2,1,,,,,,1,,0,00,2,2,2,1
Protected Method,"org.apache.pdfbox.pdmodel.graphics.shading.TensorPatch.getFlag1Edge()",pdfbox/src/main/java/org/apache/pdfbox/pdmodel/graphics/shading/TensorPatch.java,,,,,,,,,,,,,,,,,,,,,,,,,1,10,0,10,3,4,0,1,2,5,7,3,4,2,2,2,1,,,,,,1,,0,00,2,2,2,1
Protected Method,"org.apache.pdfbox.pdmodel.graphics.shading.TensorPatch.getFlag2Edge()",pdfbox/src/main/java/org/apache/pdfbox/pdmodel/graphics/shading/TensorPatch.java,,,,,,,,,,,,,,,,,,,,,,,,,1,10,0,10,3,4,0,1,2,5,7,3,4,2,2,2,1,,,,,,1,,0,00,2,2,2,1
Protected Method,"org.apache.pdfbox.pdmodel.graphics.shading.TensorPatch.getFlag3Edge()",pdfbox/src/main/java/org/apache/pdfbox/pdmodel/graphics/shading/TensorPatch.java,,,,,,,,,,,,,,,,,,,,,,,,,1,10,0,10,3,4,0,1,2,5,7,3,4,2,2,2,1,,,,,,1,,0,00,2,2,2,1
Private Method,"org.apache.pdfbox.pdmodel.graphics.shading.TensorPatch.getPatchCoordinatesColor()",pdfbox/src/main/java/org/apache/pdfbox/pdmodel/graphics/shading/TensorPatch.java,,,,,,,,,,,,,,,,,,,,,,,,,5,44,2,40,15,27,3,5,8,31,37,20,20,6,6,6,1,,,,,,4,,0,07,6,6,6,1
Private Method,"org.apache.pdfbox.pdmodel.graphics.shading.TensorPatch.getTriangles()",pdfbox/src/main/java/org/apache/pdfbox/pdmodel/graphics/shading/TensorPatch.java,,,,,,,,,,,,,,,,,,,,,,,,,1,5,0,5,2,2,0,3,1,2,3,2,2,1,1,1,1,,,,,,0,,0,00,1,1,1,1
Private Method,"org.apache.pdfbox.pdmodel.graphics.shading.TensorPatch.isOnSameSideCC(Point2D)",pdfbox/src/main/java/org/apache/pdfbox/pdmodel/graphics/shading/TensorPatch.java,,,,,,,,,,,,,,,,,,,,,,,,,3,6,0,6,3,3,0,2,1,2,3,2,2,1,1,1,1,,,,,,0,,0,00,1,1,1,1
Private Method,"org.apache.pdfbox.pdmodel.graphics.shading.TensorPatch.isOnSameSideDD(Point2D)",pdfbox/src/main/java/org/apache/pdfbox/pdmodel/graphics/shading/TensorPatch.java,,,,,,,,,,,,,,,,,,,,,,,,,3,6,0,6,3,3,0,2,1,2,3,2,2,1,1,1,1,,,,,,0,,0,00,1,1,1,1
Private Method,"org.apache.pdfbox.pdmodel.graphics.shading.TensorPatch.reshapeControlPoints(Point2D[])",pdfbox/src/main/java/org/apache/pdfbox/pdmodel/graphics/shading/TensorPatch.java,,,,,,,,,,,,,,,,,,,,,,,,,2,18,0,18,2,11,0,1,4,13,16,4,12,3,3,3,1,,,,,,1,,0,00,3,3,3,1
Abstract Class,"org.apache.pdfbox.pdmodel.graphics.shading.TriangleBasedShadingContext",pdfbox/src/main/java/org/apache/pdfbox/pdmodel/graphics/shading/TriangleBasedShadingContext.java,4,4,4,2,27,0,22,4,1,18,2,,0,0,,,7,1,7,27,3,1,2,1,,164,9,118,31,59,37,,,51,77,34,56,,,,,10,10,10,6,2,5,60,0,31,20,20,21,10
Constructor,"org.apache.pdfbox.pdmodel.graphics.shading.TriangleBasedShadingContext.TriangleBasedShadingContext(PDShading,ColorModel,AffineTransform,Matrix)",pdfbox/src/main/java/org/apache/pdfbox/pdmodel/graphics/shading/TriangleBasedShadingContext.java,,,,,,,,,,,,,,,,,,,,,,,,,6,14,0,5,2,1,9,2,1,1,2,1,1,1,1,1,1,,,,,,0,,1,80,1,1,1,1
Protected Method,"org.apache.pdfbox.pdmodel.graphics.shading.TriangleBasedShadingContext.calcPixelTable(List<ShadedTriangle>,Map<Point,Integer>,Rectangle)",pdfbox/src/main/java/org/apache/pdfbox/pdmodel/graphics/shading/TriangleBasedShadingContext.java,,,,,,,,,,,,,,,,,,,,,,,,,12,63,2,56,15,32,5,15,35,23,38,18,30,10,10,10,1,,,,,,5,,0,09,10,10,10,1
Abstract Method,"org.apache.pdfbox.pdmodel.graphics.shading.TriangleBasedShadingContext.calcPixelTable(Rectangle)",pdfbox/src/main/java/org/apache/pdfbox/pdmodel/graphics/shading/TriangleBasedShadingContext.java,,,,,,,,,,,,,,,,,,,,,,,,,1,6,0,1,1,0,5,1,0,1,1,1,0,0,0,0,0,,,,,,0,,5,00,0,0,0,0
Protected Final Method,"org.apache.pdfbox.pdmodel.graphics.shading.TriangleBasedShadingContext.createPixelTable(Rectangle)",pdfbox/src/main/java/org/apache/pdfbox/pdmodel/graphics/shading/TriangleBasedShadingContext.java,,,,,,,,,,,,,,,,,,,,,,,,,4,7,0,4,1,1,3,2,1,1,2,1,1,1,1,1,1,,,,,,0,,0,75,1,1,1,1
Private Method,"org.apache.pdfbox.pdmodel.graphics.shading.TriangleBasedShadingContext.evalFunctionAndConvertToRGB(float[])",pdfbox/src/main/java/org/apache/pdfbox/pdmodel/graphics/shading/TriangleBasedShadingContext.java,,,,,,,,,,,,,,,,,,,,,,,,,2,12,0,8,1,3,4,6,2,2,4,1,3,2,2,2,1,,,,,,1,,0,50,2,2,2,1
Public Final Method,"org.apache.pdfbox.pdmodel.graphics.shading.TriangleBasedShadingContext.getRaster(int,int,int,int)",pdfbox/src/main/java/org/apache/pdfbox/pdmodel/graphics/shading/TriangleBasedShadingContext.java,,,,,,,,,,,,,,,,,,,,,,,,,5,39,0,39,8,22,0,9,6,21,27,9,21,6,6,7,6,,,,,,5,,0,00,6,6,7,6
Abstract Method,"org.apache.pdfbox.pdmodel.graphics.shading.TriangleBasedShadingContext.isDataEmpty()",pdfbox/src/main/java/org/apache/pdfbox/pdmodel/graphics/shading/TriangleBasedShadingContext.java,,,,,,,,,,,,,,,,,,,,,,,,,1,4,0,1,1,0,3,1,0,1,1,1,0,0,0,0,0,,,,,,0,,3,00,0,0,0,0
Class,"org.apache.pdfbox.pdmodel.graphics.shading.Type1ShadingContext",pdfbox/src/main/java/org/apache/pdfbox/pdmodel/graphics/shading/Type1ShadingContext.java,3,3,4,3,29,1,24,4,1,16,0,,0,1,,,4,3,4,24,1,0,0,3,,135,9,105,19,53,22,,,45,60,18,45,,,,,9,9,12,9,2,4,33,0,21,14,14,17,12
Constructor,"org.apache.pdfbox.pdmodel.graphics.shading.Type1ShadingContext.Type1ShadingContext(PDShadingType1,ColorModel,AffineTransform,Matrix)",pdfbox/src/main/java/org/apache/pdfbox/pdmodel/graphics/shading/Type1ShadingContext.java,,,,,,,,,,,,,,,,,,,,,,,,,8,41,2,25,2,13,14,14,4,9,12,1,11,3,3,3,1,,,,,,1,,0,56,3,3,3,1
Public Method,"org.apache.pdfbox.pdmodel.graphics.shading.Type1ShadingContext.dispose()",pdfbox/src/main/java/org/apache/pdfbox/pdmodel/graphics/shading/Type1ShadingContext.java,,,,,,,,,,,,,,,,,,,,,,,,,0,6,0,6,2,2,0,2,1,2,3,1,2,1,1,1,1,,,,,,0,,0,00,1,1,1,1
Public Method,"org.apache.pdfbox.pdmodel.graphics.shading.Type1ShadingContext.getDomain()",pdfbox/src/main/java/org/apache/pdfbox/pdmodel/graphics/shading/Type1ShadingContext.java,,,,,,,,,,,,,,,,,,,,,,,,,1,4,0,4,1,1,0,1,1,1,2,1,1,1,1,1,1,,,,,,0,,0,00,1,1,1,1
Public Method,"org.apache.pdfbox.pdmodel.graphics.shading.Type1ShadingContext.getRaster(int,int,int,int)",pdfbox/src/main/java/org/apache/pdfbox/pdmodel/graphics/shading/Type1ShadingContext.java,,,,,,,,,,,,,,,,,,,,,,,,,10,67,2,63,9,36,3,10,29,29,38,10,30,9,9,12,9,,,,,,4,,0,05,9,9,12,9
Class,"org.apache.pdfbox.pdmodel.graphics.shading.Type1ShadingPaint",pdfbox/src/main/java/org/apache/pdfbox/pdmodel/graphics/shading/Type1ShadingPaint.java,1,1,1,1,9,0,7,2,1,15,0,,0,1,,,3,0,3,18,1,0,0,2,,39,3,27,8,8,9,,,6,11,5,7,,,,,2,2,2,1,2,1,0,0,33,4,4,4,3
Constructor,"org.apache.pdfbox.pdmodel.graphics.shading.Type1ShadingPaint.Type1ShadingPaint(PDShadingType1,Matrix)",pdfbox/src/main/java/org/apache/pdfbox/pdmodel/graphics/shading/Type1ShadingPaint.java,,,,,,,,,,,,,,,,,,,,,,,,,3,10,0,4,1,1,6,2,1,1,2,1,1,1,1,1,1,,,,,,0,,1,50,1,1,1,1
Public Method,"org.apache.pdfbox.pdmodel.graphics.shading.Type1ShadingPaint.createContext(ColorModel,Rectangle,Rectangle2D,AffineTransform,RenderingHints)",pdfbox/src/main/java/org/apache/pdfbox/pdmodel/graphics/shading/Type1ShadingPaint.java,,,,,,,,,,,,,,,,,,,,,,,,,9,14,0,14,3,5,0,5,2,3,5,1,4,2,2,2,1,,,,,,1,,0,00,2,2,2,1
Public Method,"org.apache.pdfbox.pdmodel.graphics.shading.Type1ShadingPaint.getTransparency()",pdfbox/src/main/java/org/apache/pdfbox/pdmodel/graphics/shading/Type1ShadingPaint.java,,,,,,,,,,,,,,,,,,,,,,,,,0,5,0,5,2,1,0,1,1,1,2,1,1,1,1,1,1,,,,,,0,,0,00,1,1,1,1
Class,"org.apache.pdfbox.pdmodel.graphics.shading.Type4ShadingContext",pdfbox/src/main/java/org/apache/pdfbox/pdmodel/graphics/shading/Type4ShadingContext.java,1,1,1,1,20,1,10,9,1,9,0,,0,1,,,1,1,1,33,1,0,0,0,,32,2,15,5,7,15,,,8,10,4,7,,,,,1,1,1,1,4,0,0,1,00,1,1,1,1
Constructor,"org.apache.pdfbox.pdmodel.graphics.shading.Type4ShadingContext.Type4ShadingContext(PDShadingType4,ColorModel,AffineTransform,Matrix,Rectangle)",pdfbox/src/main/java/org/apache/pdfbox/pdmodel/graphics/shading/Type4ShadingContext.java,,,,,,,,,,,,,,,,,,,,,,,,,8,20,1,10,2,6,9,8,1,6,7,1,6,1,1,1,1,,,,,,0,,0,90,1,1,1,1
Class,"org.apache.pdfbox.pdmodel.graphics.shading.Type4ShadingPaint",pdfbox/src/main/java/org/apache/pdfbox/pdmodel/graphics/shading/Type4ShadingPaint.java,1,1,1,1,9,0,7,2,1,15,0,,0,1,,,3,0,3,18,1,0,0,2,,39,3,27,8,8,9,,,6,11,5,7,,,,,2,2,2,1,2,1,0,0,33,4,4,4,3
Constructor,"org.apache.pdfbox.pdmodel.graphics.shading.Type4ShadingPaint.Type4ShadingPaint(PDShadingType4,Matrix)",pdfbox/src/main/java/org/apache/pdfbox/pdmodel/graphics/shading/Type4ShadingPaint.java,,,,,,,,,,,,,,,,,,,,,,,,,3,10,0,4,1,1,6,2,1,1,2,1,1,1,1,1,1,,,,,,0,,1,50,1,1,1,1
Public Method,"org.apache.pdfbox.pdmodel.graphics.shading.Type4ShadingPaint.createContext(ColorModel,Rectangle,Rectangle2D,AffineTransform,RenderingHints)",pdfbox/src/main/java/org/apache/pdfbox/pdmodel/graphics/shading/Type4ShadingPaint.java,,,,,,,,,,,,,,,,,,,,,,,,,9,14,0,14,3,5,0,5,2,3,5,1,4,2,2,2,1,,,,,,1,,0,00,2,2,2,1
Public Method,"org.apache.pdfbox.pdmodel.graphics.shading.Type4ShadingPaint.getTransparency()",pdfbox/src/main/java/org/apache/pdfbox/pdmodel/graphics/shading/Type4ShadingPaint.java,,,,,,,,,,,,,,,,,,,,,,,,,0,5,0,5,2,1,0,1,1,1,2,1,1,1,1,1,1,,,,,,0,,0,00,1,1,1,1
Class,"org.apache.pdfbox.pdmodel.graphics.shading.Type5ShadingContext",pdfbox/src/main/java/org/apache/pdfbox/pdmodel/graphics/shading/Type5ShadingContext.java,1,1,1,1,19,2,8,9,1,9,0,,0,1,,,1,0,1,33,1,0,0,0,,30,3,12,4,5,15,,,5,7,3,5,,,,,1,1,1,1,4,0,0,1,25,1,1,1,1
Constructor,"org.apache.pdfbox.pdmodel.graphics.shading.Type5ShadingContext.Type5ShadingContext(PDShadingType5,ColorModel,AffineTransform,Matrix,Rectangle)",pdfbox/src/main/java/org/apache/pdfbox/pdmodel/graphics/shading/Type5ShadingContext.java,,,,,,,,,,,,,,,,,,,,,,,,,7,19,2,8,2,4,9,6,1,4,5,1,4,1,1,1,1,,,,,,0,,1,12,1,1,1,1
Class,"org.apache.pdfbox.pdmodel.graphics.shading.Type5ShadingPaint",pdfbox/src/main/java/org/apache/pdfbox/pdmodel/graphics/shading/Type5ShadingPaint.java,1,1,1,1,9,0,7,2,1,15,0,,0,1,,,3,0,3,18,1,0,0,2,,39,3,27,8,8,9,,,6,11,5,7,,,,,2,2,2,1,2,1,0,0,33,4,4,4,3
Constructor,"org.apache.pdfbox.pdmodel.graphics.shading.Type5ShadingPaint.Type5ShadingPaint(PDShadingType5,Matrix)",pdfbox/src/main/java/org/apache/pdfbox/pdmodel/graphics/shading/Type5ShadingPaint.java,,,,,,,,,,,,,,,,,,,,,,,,,3,10,0,4,1,1,6,2,1,1,2,1,1,1,1,1,1,,,,,,0,,1,50,1,1,1,1
Public Method,"org.apache.pdfbox.pdmodel.graphics.shading.Type5ShadingPaint.createContext(ColorModel,Rectangle,Rectangle2D,AffineTransform,RenderingHints)",pdfbox/src/main/java/org/apache/pdfbox/pdmodel/graphics/shading/Type5ShadingPaint.java,,,,,,,,,,,,,,,,,,,,,,,,,9,14,0,14,3,5,0,5,2,3,5,1,4,2,2,2,1,,,,,,1,,0,00,2,2,2,1
Public Method,"org.apache.pdfbox.pdmodel.graphics.shading.Type5ShadingPaint.getTransparency()",pdfbox/src/main/java/org/apache/pdfbox/pdmodel/graphics/shading/Type5ShadingPaint.java,,,,,,,,,,,,,,,,,,,,,,,,,0,5,0,5,2,1,0,1,1,1,2,1,1,1,1,1,1,,,,,,0,,0,00,1,1,1,1
Class,"org.apache.pdfbox.pdmodel.graphics.shading.Type6ShadingContext",pdfbox/src/main/java/org/apache/pdfbox/pdmodel/graphics/shading/Type6ShadingContext.java,1,1,1,1,15,0,5,10,1,6,0,,0,0,,,1,0,1,32,1,0,0,0,,24,0,8,3,1,16,,,1,3,2,1,,,,,1,1,1,1,4,0,0,2,00,1,1,1,1
Constructor,"org.apache.pdfbox.pdmodel.graphics.shading.Type6ShadingContext.Type6ShadingContext(PDShadingType6,ColorModel,AffineTransform,Matrix,Rectangle)",pdfbox/src/main/java/org/apache/pdfbox/pdmodel/graphics/shading/Type6ShadingContext.java,,,,,,,,,,,,,,,,,,,,,,,,,6,15,0,5,2,1,10,2,1,1,2,1,1,1,1,1,1,,,,,,0,,2,00,1,1,1,1
Class,"org.apache.pdfbox.pdmodel.graphics.shading.Type6ShadingPaint",pdfbox/src/main/java/org/apache/pdfbox/pdmodel/graphics/shading/Type6ShadingPaint.java,1,1,1,1,9,0,7,2,1,15,0,,0,1,,,3,0,3,18,1,0,0,2,,42,3,27,8,8,12,,,6,11,5,7,,,,,2,2,2,1,2,1,0,0,44,4,4,4,3
Constructor,"org.apache.pdfbox.pdmodel.graphics.shading.Type6ShadingPaint.Type6ShadingPaint(PDShadingType6,Matrix)",pdfbox/src/main/java/org/apache/pdfbox/pdmodel/graphics/shading/Type6ShadingPaint.java,,,,,,,,,,,,,,,,,,,,,,,,,3,10,0,4,1,1,6,2,1,1,2,1,1,1,1,1,1,,,,,,0,,1,50,1,1,1,1
Public Method,"org.apache.pdfbox.pdmodel.graphics.shading.Type6ShadingPaint.createContext(ColorModel,Rectangle,Rectangle2D,AffineTransform,RenderingHints)",pdfbox/src/main/java/org/apache/pdfbox/pdmodel/graphics/shading/Type6ShadingPaint.java,,,,,,,,,,,,,,,,,,,,,,,,,9,14,0,14,3,5,0,5,2,3,5,1,4,2,2,2,1,,,,,,1,,0,00,2,2,2,1
Public Method,"org.apache.pdfbox.pdmodel.graphics.shading.Type6ShadingPaint.getTransparency()",pdfbox/src/main/java/org/apache/pdfbox/pdmodel/graphics/shading/Type6ShadingPaint.java,,,,,,,,,,,,,,,,,,,,,,,,,0,5,0,5,2,1,0,1,1,1,2,1,1,1,1,1,1,,,,,,0,,0,00,1,1,1,1
Class,"org.apache.pdfbox.pdmodel.graphics.shading.Type7ShadingContext",pdfbox/src/main/java/org/apache/pdfbox/pdmodel/graphics/shading/Type7ShadingContext.java,1,1,1,1,15,0,5,10,1,6,0,,0,0,,,1,0,1,32,1,0,0,0,,24,0,8,3,1,16,,,1,3,2,1,,,,,1,1,1,1,4,0,0,2,00,1,1,1,1
Constructor,"org.apache.pdfbox.pdmodel.graphics.shading.Type7ShadingContext.Type7ShadingContext(PDShadingType7,ColorModel,AffineTransform,Matrix,Rectangle)",pdfbox/src/main/java/org/apache/pdfbox/pdmodel/graphics/shading/Type7ShadingContext.java,,,,,,,,,,,,,,,,,,,,,,,,,6,15,0,5,2,1,10,2,1,1,2,1,1,1,1,1,1,,,,,,0,,2,00,1,1,1,1
Class,"org.apache.pdfbox.pdmodel.graphics.shading.Type7ShadingPaint",pdfbox/src/main/java/org/apache/pdfbox/pdmodel/graphics/shading/Type7ShadingPaint.java,1,1,1,1,9,0,7,2,1,15,0,,0,1,,,3,0,3,18,1,0,0,2,,42,3,27,8,8,12,,,6,11,5,7,,,,,2,2,2,1,2,1,0,0,44,4,4,4,3
Constructor,"org.apache.pdfbox.pdmodel.graphics.shading.Type7ShadingPaint.Type7ShadingPaint(PDShadingType7,Matrix)",pdfbox/src/main/java/org/apache/pdfbox/pdmodel/graphics/shading/Type7ShadingPaint.java,,,,,,,,,,,,,,,,,,,,,,,,,3,10,0,4,1,1,6,2,1,1,2,1,1,1,1,1,1,,,,,,0,,1,50,1,1,1,1
Public Method,"org.apache.pdfbox.pdmodel.graphics.shading.Type7ShadingPaint.createContext(ColorModel,Rectangle,Rectangle2D,AffineTransform,RenderingHints)",pdfbox/src/main/java/org/apache/pdfbox/pdmodel/graphics/shading/Type7ShadingPaint.java,,,,,,,,,,,,,,,,,,,,,,,,,9,14,0,14,3,5,0,5,2,3,5,1,4,2,2,2,1,,,,,,1,,0,00,2,2,2,1
Public Method,"org.apache.pdfbox.pdmodel.graphics.shading.Type7ShadingPaint.getTransparency()",pdfbox/src/main/java/org/apache/pdfbox/pdmodel/graphics/shading/Type7ShadingPaint.java,,,,,,,,,,,,,,,,,,,,,,,,,0,5,0,5,2,1,0,1,1,1,2,1,1,1,1,1,1,,,,,,0,,0,00,1,1,1,1
Class,"org.apache.pdfbox.pdmodel.graphics.shading.Vertex",pdfbox/src/main/java/org/apache/pdfbox/pdmodel/graphics/shading/Vertex.java,2,2,2,1,9,0,9,0,1,5,0,,0,0,,,2,2,2,14,1,0,0,1,,31,2,24,7,8,5,,,8,14,7,8,,,,,3,3,3,1,1,2,0,0,21,4,4,4,2
Constructor,"org.apache.pdfbox.pdmodel.graphics.shading.Vertex.Vertex(Point2D,float[])",pdfbox/src/main/java/org/apache/pdfbox/pdmodel/graphics/shading/Vertex.java,,,,,,,,,,,,,,,,,,,,,,,,,3,5,0,5,1,2,0,4,1,2,3,1,2,1,1,1,1,,,,,,0,,0,00,1,1,1,1
Public Method,"org.apache.pdfbox.pdmodel.graphics.shading.Vertex.toString()",pdfbox/src/main/java/org/apache/pdfbox/pdmodel/graphics/shading/Vertex.java,,,,,,,,,,,,,,,,,,,,,,,,,2,14,0,14,3,6,0,6,3,4,8,3,6,3,3,3,1,,,,,,2,,0,00,3,3,3,1
Package,"org.apache.pdfbox.pdmodel.graphics.state",pdfbox/src/main/java/org/apache/pdfbox/pdmodel/graphics/state/PDExtendedGraphicsState.java,1,1,1,1,10,0,5,4,,,,7,3,2,7,,150,57,153,,10,4,0,139,,2133,202,1027,315,355,908,,,351,560,295,300,,,,,27,27,27,23,,3,,0,88,206,206,219,176
Public Class,"org.apache.pdfbox.pdmodel.graphics.state.PDExtendedGraphicsState",pdfbox/src/main/java/org/apache/pdfbox/pdmodel/graphics/state/PDExtendedGraphicsState.java,1,1,1,1,13,0,7,5,2,19,0,,0,0,,,48,1,48,60,0,3,0,45,,687,51,360,68,136,276,,,99,184,68,128,,,,,27,27,27,23,1,3,27,0,77,86,86,90,70
Public Constructor,"org.apache.pdfbox.pdmodel.graphics.state.PDExtendedGraphicsState.PDExtendedGraphicsState()",pdfbox/src/main/java/org/apache/pdfbox/pdmodel/graphics/state/PDExtendedGraphicsState.java,,,,,,,,,,,,,,,,,,,,,,,,,12,8,0,5,1,2,3,4,1,2,3,1,2,1,1,1,1,,,,,,0,,0,60,1,1,1,1
Public Constructor,"org.apache.pdfbox.pdmodel.graphics.state.PDExtendedGraphicsState.PDExtendedGraphicsState(COSDictionary)",pdfbox/src/main/java/org/apache/pdfbox/pdmodel/graphics/state/PDExtendedGraphicsState.java,,,,,,,,,,,,,,,,,,,,,,,,,3,9,0,4,1,1,5,2,1,1,2,1,1,1,1,1,1,,,,,,0,,1,25,1,1,1,1
Public Method,"org.apache.pdfbox.pdmodel.graphics.state.PDExtendedGraphicsState.copyIntoGraphicsState(PDGraphicsState)",pdfbox/src/main/java/org/apache/pdfbox/pdmodel/graphics/state/PDExtendedGraphicsState.java,,,,,,,,,,,,,,,,,,,,,,,,,25,116,0,105,4,52,11,52,26,27,54,5,52,27,27,27,23,,,,,,3,,0,10,27,27,27,23
Private Method,"org.apache.pdfbox.pdmodel.graphics.state.PDExtendedGraphicsState.defaultIfNull(Float,float)",pdfbox/src/main/java/org/apache/pdfbox/pdmodel/graphics/state/PDExtendedGraphicsState.java,,,,,,,,,,,,,,,,,,,,,,,,,3,13,0,4,1,1,9,1,1,1,2,1,1,2,2,2,1,,,,,,0,,2,25,2,2,2,1
Public Method,"org.apache.pdfbox.pdmodel.graphics.state.PDExtendedGraphicsState.getAlphaSourceFlag()",pdfbox/src/main/java/org/apache/pdfbox/pdmodel/graphics/state/PDExtendedGraphicsState.java,,,,,,,,,,,,,,,,,,,,,,,,,3,11,0,4,1,1,7,2,1,1,2,1,1,1,1,1,1,,,,,,0,,1,75,1,1,1,1
Public Method,"org.apache.pdfbox.pdmodel.graphics.state.PDExtendedGraphicsState.getAutomaticStrokeAdjustment()",pdfbox/src/main/java/org/apache/pdfbox/pdmodel/graphics/state/PDExtendedGraphicsState.java,,,,,,,,,,,,,,,,,,,,,,,,,3,9,0,4,1,1,5,2,1,1,2,1,1,1,1,1,1,,,,,,0,,1,25,1,1,1,1
Public Method,"org.apache.pdfbox.pdmodel.graphics.state.PDExtendedGraphicsState.getBlendMode()",pdfbox/src/main/java/org/apache/pdfbox/pdmodel/graphics/state/PDExtendedGraphicsState.java,,,,,,,,,,,,,,,,,,,,,,,,,5,9,0,4,1,1,5,3,1,1,2,1,1,1,1,1,1,,,,,,0,,1,25,1,1,1,1
Public Method,"org.apache.pdfbox.pdmodel.graphics.state.PDExtendedGraphicsState.getCOSObject()",pdfbox/src/main/java/org/apache/pdfbox/pdmodel/graphics/state/PDExtendedGraphicsState.java,,,,,,,,,,,,,,,,,,,,,,,,,1,10,0,5,2,1,5,1,1,1,2,1,1,1,1,1,1,,,,,,0,,1,00,1,1,1,1
Public Method,"org.apache.pdfbox.pdmodel.graphics.state.PDExtendedGraphicsState.getFlatnessTolerance()",pdfbox/src/main/java/org/apache/pdfbox/pdmodel/graphics/state/PDExtendedGraphicsState.java,,,,,,,,,,,,,,,,,,,,,,,,,2,9,0,4,1,1,5,2,1,1,2,1,1,1,1,1,1,,,,,,0,,1,25,1,1,1,1
Private Method,"org.apache.pdfbox.pdmodel.graphics.state.PDExtendedGraphicsState.getFloatItem(COSName)",pdfbox/src/main/java/org/apache/pdfbox/pdmodel/graphics/state/PDExtendedGraphicsState.java,,,,,,,,,,,,,,,,,,,,,,,,,8,19,1,11,4,6,7,3,2,5,7,4,4,2,2,2,1,,,,,,1,,0,64,2,2,2,1
Public Method,"org.apache.pdfbox.pdmodel.graphics.state.PDExtendedGraphicsState.getFontSetting()",pdfbox/src/main/java/org/apache/pdfbox/pdmodel/graphics/state/PDExtendedGraphicsState.java,,,,,,,,,,,,,,,,,,,,,,,,,3,10,0,5,2,2,5,3,1,2,3,2,2,2,2,2,1,,,,,,0,,1,00,2,2,2,1
Public Method,"org.apache.pdfbox.pdmodel.graphics.state.PDExtendedGraphicsState.getLineCapStyle()",pdfbox/src/main/java/org/apache/pdfbox/pdmodel/graphics/state/PDExtendedGraphicsState.java,,,,,,,,,,,,,,,,,,,,,,,,,3,9,0,4,1,1,5,2,1,1,2,1,1,1,1,1,1,,,,,,0,,1,25,1,1,1,1
Public Method,"org.apache.pdfbox.pdmodel.graphics.state.PDExtendedGraphicsState.getLineDashPattern()",pdfbox/src/main/java/org/apache/pdfbox/pdmodel/graphics/state/PDExtendedGraphicsState.java,,,,,,,,,,,,,,,,,,,,,,,,,3,20,0,15,5,8,5,6,3,6,9,5,7,3,3,5,1,,,,,,2,,0,33,3,3,5,1
Public Method,"org.apache.pdfbox.pdmodel.graphics.state.PDExtendedGraphicsState.getLineJoinStyle()",pdfbox/src/main/java/org/apache/pdfbox/pdmodel/graphics/state/PDExtendedGraphicsState.java,,,,,,,,,,,,,,,,,,,,,,,,,3,9,0,4,1,1,5,2,1,1,2,1,1,1,1,1,1,,,,,,0,,1,25,1,1,1,1
Public Method,"org.apache.pdfbox.pdmodel.graphics.state.PDExtendedGraphicsState.getLineWidth()",pdfbox/src/main/java/org/apache/pdfbox/pdmodel/graphics/state/PDExtendedGraphicsState.java,,,,,,,,,,,,,,,,,,,,,,,,,2,9,0,4,1,1,5,2,1,1,2,1,1,1,1,1,1,,,,,,0,,1,25,1,1,1,1
Public Method,"org.apache.pdfbox.pdmodel.graphics.state.PDExtendedGraphicsState.getMiterLimit()",pdfbox/src/main/java/org/apache/pdfbox/pdmodel/graphics/state/PDExtendedGraphicsState.java,,,,,,,,,,,,,,,,,,,,,,,,,2,9,0,4,1,1,5,2,1,1,2,1,1,1,1,1,1,,,,,,0,,1,25,1,1,1,1
Public Method,"org.apache.pdfbox.pdmodel.graphics.state.PDExtendedGraphicsState.getNonStrokingAlphaConstant()",pdfbox/src/main/java/org/apache/pdfbox/pdmodel/graphics/state/PDExtendedGraphicsState.java,,,,,,,,,,,,,,,,,,,,,,,,,2,9,0,4,1,1,5,2,1,1,2,1,1,1,1,1,1,,,,,,0,,1,25,1,1,1,1
Public Method,"org.apache.pdfbox.pdmodel.graphics.state.PDExtendedGraphicsState.getNonStrokingOverprintControl()",pdfbox/src/main/java/org/apache/pdfbox/pdmodel/graphics/state/PDExtendedGraphicsState.java,,,,,,,,,,,,,,,,,,,,,,,,,3,10,0,4,1,1,6,3,1,1,2,1,1,1,1,1,1,,,,,,0,,1,50,1,1,1,1
Public Method,"org.apache.pdfbox.pdmodel.graphics.state.PDExtendedGraphicsState.getOverprintMode()",pdfbox/src/main/java/org/apache/pdfbox/pdmodel/graphics/state/PDExtendedGraphicsState.java,,,,,,,,,,,,,,,,,,,,,,,,,3,16,0,11,4,6,5,3,2,5,7,4,4,2,2,2,1,,,,,,1,,0,45,2,2,2,1
Public Method,"org.apache.pdfbox.pdmodel.graphics.state.PDExtendedGraphicsState.getRenderingIntent()",pdfbox/src/main/java/org/apache/pdfbox/pdmodel/graphics/state/PDExtendedGraphicsState.java,,,,,,,,,,,,,,,,,,,,,,,,,2,17,0,12,2,5,5,3,2,3,5,2,4,2,2,2,1,,,,,,1,,0,42,2,2,2,1
Public Method,"org.apache.pdfbox.pdmodel.graphics.state.PDExtendedGraphicsState.getSmoothnessTolerance()",pdfbox/src/main/java/org/apache/pdfbox/pdmodel/graphics/state/PDExtendedGraphicsState.java,,,,,,,,,,,,,,,,,,,,,,,,,2,9,0,4,1,1,5,2,1,1,2,1,1,1,1,1,1,,,,,,0,,1,25,1,1,1,1
Public Method,"org.apache.pdfbox.pdmodel.graphics.state.PDExtendedGraphicsState.getSoftMask()",pdfbox/src/main/java/org/apache/pdfbox/pdmodel/graphics/state/PDExtendedGraphicsState.java,,,,,,,,,,,,,,,,,,,,,,,,,4,13,0,8,1,3,5,4,2,2,4,1,3,2,2,2,1,,,,,,1,,0,62,2,2,2,1
Public Method,"org.apache.pdfbox.pdmodel.graphics.state.PDExtendedGraphicsState.getStrokingAlphaConstant()",pdfbox/src/main/java/org/apache/pdfbox/pdmodel/graphics/state/PDExtendedGraphicsState.java,,,,,,,,,,,,,,,,,,,,,,,,,2,9,0,4,1,1,5,2,1,1,2,1,1,1,1,1,1,,,,,,0,,1,25,1,1,1,1
Public Method,"org.apache.pdfbox.pdmodel.graphics.state.PDExtendedGraphicsState.getStrokingOverprintControl()",pdfbox/src/main/java/org/apache/pdfbox/pdmodel/graphics/state/PDExtendedGraphicsState.java,,,,,,,,,,,,,,,,,,,,,,,,,4,9,0,4,1,1,5,2,1,1,2,1,1,1,1,1,1,,,,,,0,,1,25,1,1,1,1
Public Method,"org.apache.pdfbox.pdmodel.graphics.state.PDExtendedGraphicsState.getTextKnockoutFlag()",pdfbox/src/main/java/org/apache/pdfbox/pdmodel/graphics/state/PDExtendedGraphicsState.java,,,,,,,,,,,,,,,,,,,,,,,,,3,11,1,4,1,1,6,2,1,1,2,1,1,1,1,1,1,,,,,,0,,1,50,1,1,1,1
Public Method,"org.apache.pdfbox.pdmodel.graphics.state.PDExtendedGraphicsState.getTransfer()",pdfbox/src/main/java/org/apache/pdfbox/pdmodel/graphics/state/PDExtendedGraphicsState.java,,,,,,,,,,,,,,,,,,,,,,,,,3,17,0,9,2,4,8,3,2,3,5,2,4,2,2,3,1,,,,,,1,,0,89,2,2,3,1
Public Method,"org.apache.pdfbox.pdmodel.graphics.state.PDExtendedGraphicsState.getTransfer2()",pdfbox/src/main/java/org/apache/pdfbox/pdmodel/graphics/state/PDExtendedGraphicsState.java,,,,,,,,,,,,,,,,,,,,,,,,,3,18,0,9,2,4,9,3,2,3,5,2,4,2,2,3,1,,,,,,1,,1,00,2,2,3,1
Public Method,"org.apache.pdfbox.pdmodel.graphics.state.PDExtendedGraphicsState.setAlphaSourceFlag(boolean)",pdfbox/src/main/java/org/apache/pdfbox/pdmodel/graphics/state/PDExtendedGraphicsState.java,,,,,,,,,,,,,,,,,,,,,,,,,9,11,0,4,1,1,7,1,1,1,2,1,1,1,1,1,1,,,,,,0,,1,75,1,1,1,1
Public Method,"org.apache.pdfbox.pdmodel.graphics.state.PDExtendedGraphicsState.setAutomaticStrokeAdjustment(boolean)",pdfbox/src/main/java/org/apache/pdfbox/pdmodel/graphics/state/PDExtendedGraphicsState.java,,,,,,,,,,,,,,,,,,,,,,,,,3,9,0,4,1,1,5,1,1,1,2,1,1,1,1,1,1,,,,,,0,,1,25,1,1,1,1
Public Method,"org.apache.pdfbox.pdmodel.graphics.state.PDExtendedGraphicsState.setBlendMode(BlendMode)",pdfbox/src/main/java/org/apache/pdfbox/pdmodel/graphics/state/PDExtendedGraphicsState.java,,,,,,,,,,,,,,,,,,,,,,,,,10,9,0,4,1,1,5,2,1,1,2,1,1,1,1,1,1,,,,,,0,,1,25,1,1,1,1
Public Method,"org.apache.pdfbox.pdmodel.graphics.state.PDExtendedGraphicsState.setFlatnessTolerance(Float)",pdfbox/src/main/java/org/apache/pdfbox/pdmodel/graphics/state/PDExtendedGraphicsState.java,,,,,,,,,,,,,,,,,,,,,,,,,2,9,0,4,1,1,5,1,1,1,2,1,1,1,1,1,1,,,,,,0,,1,25,1,1,1,1
Private Method,"org.apache.pdfbox.pdmodel.graphics.state.PDExtendedGraphicsState.setFloatItem(COSName,Float)",pdfbox/src/main/java/org/apache/pdfbox/pdmodel/graphics/state/PDExtendedGraphicsState.java,,,,,,,,,,,,,,,,,,,,,,,,,9,17,0,11,1,4,6,2,2,2,4,1,3,2,2,2,1,,,,,,1,,0,55,2,2,2,1
Public Method,"org.apache.pdfbox.pdmodel.graphics.state.PDExtendedGraphicsState.setFontSetting(PDFontSetting)",pdfbox/src/main/java/org/apache/pdfbox/pdmodel/graphics/state/PDExtendedGraphicsState.java,,,,,,,,,,,,,,,,,,,,,,,,,3,9,0,4,1,1,5,1,1,1,2,1,1,1,1,1,1,,,,,,0,,1,25,1,1,1,1
Public Method,"org.apache.pdfbox.pdmodel.graphics.state.PDExtendedGraphicsState.setLineCapStyle(int)",pdfbox/src/main/java/org/apache/pdfbox/pdmodel/graphics/state/PDExtendedGraphicsState.java,,,,,,,,,,,,,,,,,,,,,,,,,3,9,0,4,1,1,5,1,1,1,2,1,1,1,1,1,1,,,,,,0,,1,25,1,1,1,1
Public Method,"org.apache.pdfbox.pdmodel.graphics.state.PDExtendedGraphicsState.setLineDashPattern(PDLineDashPattern)",pdfbox/src/main/java/org/apache/pdfbox/pdmodel/graphics/state/PDExtendedGraphicsState.java,,,,,,,,,,,,,,,,,,,,,,,,,3,9,0,4,1,1,5,2,1,1,2,1,1,1,1,1,1,,,,,,0,,1,25,1,1,1,1
Public Method,"org.apache.pdfbox.pdmodel.graphics.state.PDExtendedGraphicsState.setLineJoinStyle(int)",pdfbox/src/main/java/org/apache/pdfbox/pdmodel/graphics/state/PDExtendedGraphicsState.java,,,,,,,,,,,,,,,,,,,,,,,,,3,9,0,4,1,1,5,1,1,1,2,1,1,1,1,1,1,,,,,,0,,1,25,1,1,1,1
Public Method,"org.apache.pdfbox.pdmodel.graphics.state.PDExtendedGraphicsState.setLineWidth(Float)",pdfbox/src/main/java/org/apache/pdfbox/pdmodel/graphics/state/PDExtendedGraphicsState.java,,,,,,,,,,,,,,,,,,,,,,,,,3,9,0,4,1,1,5,1,1,1,2,1,1,1,1,1,1,,,,,,0,,1,25,1,1,1,1
Public Method,"org.apache.pdfbox.pdmodel.graphics.state.PDExtendedGraphicsState.setMiterLimit(Float)",pdfbox/src/main/java/org/apache/pdfbox/pdmodel/graphics/state/PDExtendedGraphicsState.java,,,,,,,,,,,,,,,,,,,,,,,,,2,9,0,4,1,1,5,1,1,1,2,1,1,1,1,1,1,,,,,,0,,1,25,1,1,1,1
Public Method,"org.apache.pdfbox.pdmodel.graphics.state.PDExtendedGraphicsState.setNonStrokingAlphaConstant(Float)",pdfbox/src/main/java/org/apache/pdfbox/pdmodel/graphics/state/PDExtendedGraphicsState.java,,,,,,,,,,,,,,,,,,,,,,,,,10,9,0,4,1,1,5,1,1,1,2,1,1,1,1,1,1,,,,,,0,,1,25,1,1,1,1
Public Method,"org.apache.pdfbox.pdmodel.graphics.state.PDExtendedGraphicsState.setNonStrokingOverprintControl(boolean)",pdfbox/src/main/java/org/apache/pdfbox/pdmodel/graphics/state/PDExtendedGraphicsState.java,,,,,,,,,,,,,,,,,,,,,,,,,3,9,0,4,1,1,5,1,1,1,2,1,1,1,1,1,1,,,,,,0,,1,25,1,1,1,1
Public Method,"org.apache.pdfbox.pdmodel.graphics.state.PDExtendedGraphicsState.setOverprintMode(Integer)",pdfbox/src/main/java/org/apache/pdfbox/pdmodel/graphics/state/PDExtendedGraphicsState.java,,,,,,,,,,,,,,,,,,,,,,,,,3,16,0,11,1,4,5,2,2,2,4,1,3,2,2,2,1,,,,,,1,,0,45,2,2,2,1
Public Method,"org.apache.pdfbox.pdmodel.graphics.state.PDExtendedGraphicsState.setRenderingIntent(String)",pdfbox/src/main/java/org/apache/pdfbox/pdmodel/graphics/state/PDExtendedGraphicsState.java,,,,,,,,,,,,,,,,,,,,,,,,,2,9,0,4,1,1,5,1,1,1,2,1,1,1,1,1,1,,,,,,0,,1,25,1,1,1,1
Public Method,"org.apache.pdfbox.pdmodel.graphics.state.PDExtendedGraphicsState.setSmoothnessTolerance(Float)",pdfbox/src/main/java/org/apache/pdfbox/pdmodel/graphics/state/PDExtendedGraphicsState.java,,,,,,,,,,,,,,,,,,,,,,,,,2,9,0,4,1,1,5,1,1,1,2,1,1,1,1,1,1,,,,,,0,,1,25,1,1,1,1
Public Method,"org.apache.pdfbox.pdmodel.graphics.state.PDExtendedGraphicsState.setStrokingAlphaConstant(Float)",pdfbox/src/main/java/org/apache/pdfbox/pdmodel/graphics/state/PDExtendedGraphicsState.java,,,,,,,,,,,,,,,,,,,,,,,,,10,9,0,4,1,1,5,1,1,1,2,1,1,1,1,1,1,,,,,,0,,1,25,1,1,1,1
Public Method,"org.apache.pdfbox.pdmodel.graphics.state.PDExtendedGraphicsState.setStrokingOverprintControl(boolean)",pdfbox/src/main/java/org/apache/pdfbox/pdmodel/graphics/state/PDExtendedGraphicsState.java,,,,,,,,,,,,,,,,,,,,,,,,,3,9,0,4,1,1,5,1,1,1,2,1,1,1,1,1,1,,,,,,0,,1,25,1,1,1,1
Public Method,"org.apache.pdfbox.pdmodel.graphics.state.PDExtendedGraphicsState.setTextKnockoutFlag(boolean)",pdfbox/src/main/java/org/apache/pdfbox/pdmodel/graphics/state/PDExtendedGraphicsState.java,,,,,,,,,,,,,,,,,,,,,,,,,3,9,0,4,1,1,5,1,1,1,2,1,1,1,1,1,1,,,,,,0,,1,25,1,1,1,1
Public Method,"org.apache.pdfbox.pdmodel.graphics.state.PDExtendedGraphicsState.setTransfer(COSBase)",pdfbox/src/main/java/org/apache/pdfbox/pdmodel/graphics/state/PDExtendedGraphicsState.java,,,,,,,,,,,,,,,,,,,,,,,,,3,12,0,4,1,1,8,1,1,1,2,1,1,1,1,1,1,,,,,,0,,2,00,1,1,1,1
Public Method,"org.apache.pdfbox.pdmodel.graphics.state.PDExtendedGraphicsState.setTransfer2(COSBase)",pdfbox/src/main/java/org/apache/pdfbox/pdmodel/graphics/state/PDExtendedGraphicsState.java,,,,,,,,,,,,,,,,,,,,,,,,,3,13,0,4,1,1,9,1,1,1,2,1,1,1,1,1,1,,,,,,0,,2,25,1,1,1,1
Public Class,"org.apache.pdfbox.pdmodel.graphics.state.PDGraphicsState",pdfbox/src/main/java/org/apache/pdfbox/pdmodel/graphics/state/PDGraphicsState.java,1,1,1,1,9,0,4,5,2,26,0,,0,0,,,57,27,57,69,0,1,0,56,,650,61,299,90,109,294,,,108,171,90,92,,,,,3,3,3,1,1,1,95,0,98,63,63,63,57
Public Constructor,"org.apache.pdfbox.pdmodel.graphics.state.PDGraphicsState.PDGraphicsState(PDRectangle)",pdfbox/src/main/java/org/apache/pdfbox/pdmodel/graphics/state/PDGraphicsState.java,,,,,,,,,,,,,,,,,,,,,,,,,4,8,0,4,1,1,4,3,1,1,2,1,1,1,1,1,1,,,,,,0,,1,00,1,1,1,1
Public Method,"org.apache.pdfbox.pdmodel.graphics.state.PDGraphicsState.clone()",pdfbox/src/main/java/org/apache/pdfbox/pdmodel/graphics/state/PDGraphicsState.java,,,,,,,,,,,,,,,,,,,,,,,,,10,22,0,21,3,13,5,13,2,11,13,2,12,2,2,2,1,,,,,,1,,0,24,2,2,2,1
Public Method,"org.apache.pdfbox.pdmodel.graphics.state.PDGraphicsState.getAlphaConstant()",pdfbox/src/main/java/org/apache/pdfbox/pdmodel/graphics/state/PDGraphicsState.java,,,,,,,,,,,,,,,,,,,,,,,,,1,9,0,4,1,1,5,1,1,1,2,1,1,1,1,1,1,,,,,,0,,1,25,1,1,1,1
Public Method,"org.apache.pdfbox.pdmodel.graphics.state.PDGraphicsState.getBlendMode()",pdfbox/src/main/java/org/apache/pdfbox/pdmodel/graphics/state/PDGraphicsState.java,,,,,,,,,,,,,,,,,,,,,,,,,1,9,0,4,1,1,5,1,1,1,2,1,1,1,1,1,1,,,,,,0,,1,25,1,1,1,1
Public Method,"org.apache.pdfbox.pdmodel.graphics.state.PDGraphicsState.getCurrentClippingPath()",pdfbox/src/main/java/org/apache/pdfbox/pdmodel/graphics/state/PDGraphicsState.java,,,,,,,,,,,,,,,,,,,,,,,,,5,27,0,19,4,12,8,12,3,12,15,5,13,3,3,3,1,,,,,,1,,0,42,3,3,3,1
Public Method,"org.apache.pdfbox.pdmodel.graphics.state.PDGraphicsState.getCurrentClippingPaths()",pdfbox/src/main/java/org/apache/pdfbox/pdmodel/graphics/state/PDGraphicsState.java,,,,,,,,,,,,,,,,,,,,,,,,,2,9,0,4,1,1,5,1,1,1,2,1,1,1,1,1,1,,,,,,0,,1,25,1,1,1,1
Public Method,"org.apache.pdfbox.pdmodel.graphics.state.PDGraphicsState.getCurrentTransformationMatrix()",pdfbox/src/main/java/org/apache/pdfbox/pdmodel/graphics/state/PDGraphicsState.java,,,,,,,,,,,,,,,,,,,,,,,,,15,9,0,4,1,1,5,1,1,1,2,1,1,1,1,1,1,,,,,,0,,1,25,1,1,1,1
Public Method,"org.apache.pdfbox.pdmodel.graphics.state.PDGraphicsState.getFlatness()",pdfbox/src/main/java/org/apache/pdfbox/pdmodel/graphics/state/PDGraphicsState.java,,,,,,,,,,,,,,,,,,,,,,,,,1,9,0,4,1,1,5,1,1,1,2,1,1,1,1,1,1,,,,,,0,,1,25,1,1,1,1
Public Method,"org.apache.pdfbox.pdmodel.graphics.state.PDGraphicsState.getLineCap()",pdfbox/src/main/java/org/apache/pdfbox/pdmodel/graphics/state/PDGraphicsState.java,,,,,,,,,,,,,,,,,,,,,,,,,2,9,0,4,1,1,5,1,1,1,2,1,1,1,1,1,1,,,,,,0,,1,25,1,1,1,1
Public Method,"org.apache.pdfbox.pdmodel.graphics.state.PDGraphicsState.getLineDashPattern()",pdfbox/src/main/java/org/apache/pdfbox/pdmodel/graphics/state/PDGraphicsState.java,,,,,,,,,,,,,,,,,,,,,,,,,2,9,0,4,1,1,5,1,1,1,2,1,1,1,1,1,1,,,,,,0,,1,25,1,1,1,1
Public Method,"org.apache.pdfbox.pdmodel.graphics.state.PDGraphicsState.getLineJoin()",pdfbox/src/main/java/org/apache/pdfbox/pdmodel/graphics/state/PDGraphicsState.java,,,,,,,,,,,,,,,,,,,,,,,,,2,9,0,4,1,1,5,1,1,1,2,1,1,1,1,1,1,,,,,,0,,1,25,1,1,1,1
Public Method,"org.apache.pdfbox.pdmodel.graphics.state.PDGraphicsState.getLineWidth()",pdfbox/src/main/java/org/apache/pdfbox/pdmodel/graphics/state/PDGraphicsState.java,,,,,,,,,,,,,,,,,,,,,,,,,2,9,0,4,1,1,5,1,1,1,2,1,1,1,1,1,1,,,,,,0,,1,25,1,1,1,1
Public Method,"org.apache.pdfbox.pdmodel.graphics.state.PDGraphicsState.getMiterLimit()",pdfbox/src/main/java/org/apache/pdfbox/pdmodel/graphics/state/PDGraphicsState.java,,,,,,,,,,,,,,,,,,,,,,,,,2,9,0,4,1,1,5,1,1,1,2,1,1,1,1,1,1,,,,,,0,,1,25,1,1,1,1
Public Method,"org.apache.pdfbox.pdmodel.graphics.state.PDGraphicsState.getNonStrokeAlphaConstant()",pdfbox/src/main/java/org/apache/pdfbox/pdmodel/graphics/state/PDGraphicsState.java,,,,,,,,,,,,,,,,,,,,,,,,,1,9,0,4,1,1,5,1,1,1,2,1,1,1,1,1,1,,,,,,0,,1,25,1,1,1,1
Public Method,"org.apache.pdfbox.pdmodel.graphics.state.PDGraphicsState.getNonStrokingColor()",pdfbox/src/main/java/org/apache/pdfbox/pdmodel/graphics/state/PDGraphicsState.java,,,,,,,,,,,,,,,,,,,,,,,,,12,9,0,4,1,1,5,1,1,1,2,1,1,1,1,1,1,,,,,,0,,1,25,1,1,1,1
Public Method,"org.apache.pdfbox.pdmodel.graphics.state.PDGraphicsState.getNonStrokingColorSpace()",pdfbox/src/main/java/org/apache/pdfbox/pdmodel/graphics/state/PDGraphicsState.java,,,,,,,,,,,,,,,,,,,,,,,,,4,9,0,4,1,1,5,1,1,1,2,1,1,1,1,1,1,,,,,,0,,1,25,1,1,1,1
Public Method,"org.apache.pdfbox.pdmodel.graphics.state.PDGraphicsState.getNonStrokingJavaComposite()",pdfbox/src/main/java/org/apache/pdfbox/pdmodel/graphics/state/PDGraphicsState.java,,,,,,,,,,,,,,,,,,,,,,,,,7,4,0,4,1,1,0,2,1,1,2,1,1,1,1,1,1,,,,,,0,,0,00,1,1,1,1
Public Method,"org.apache.pdfbox.pdmodel.graphics.state.PDGraphicsState.getOverprintMode()",pdfbox/src/main/java/org/apache/pdfbox/pdmodel/graphics/state/PDGraphicsState.java,,,,,,,,,,,,,,,,,,,,,,,,,1,9,0,4,1,1,5,1,1,1,2,1,1,1,1,1,1,,,,,,0,,1,25,1,1,1,1
Public Method,"org.apache.pdfbox.pdmodel.graphics.state.PDGraphicsState.getRenderingIntent()",pdfbox/src/main/java/org/apache/pdfbox/pdmodel/graphics/state/PDGraphicsState.java,,,,,,,,,,,,,,,,,,,,,,,,,1,11,0,4,1,1,7,1,1,1,2,1,1,1,1,1,1,,,,,,0,,1,75,1,1,1,1
Public Method,"org.apache.pdfbox.pdmodel.graphics.state.PDGraphicsState.getSmoothness()",pdfbox/src/main/java/org/apache/pdfbox/pdmodel/graphics/state/PDGraphicsState.java,,,,,,,,,,,,,,,,,,,,,,,,,1,9,0,4,1,1,5,1,1,1,2,1,1,1,1,1,1,,,,,,0,,1,25,1,1,1,1
Public Method,"org.apache.pdfbox.pdmodel.graphics.state.PDGraphicsState.getSoftMask()",pdfbox/src/main/java/org/apache/pdfbox/pdmodel/graphics/state/PDGraphicsState.java,,,,,,,,,,,,,,,,,,,,,,,,,7,9,0,4,1,1,5,1,1,1,2,1,1,1,1,1,1,,,,,,0,,1,25,1,1,1,1
Public Method,"org.apache.pdfbox.pdmodel.graphics.state.PDGraphicsState.getStrokingColor()",pdfbox/src/main/java/org/apache/pdfbox/pdmodel/graphics/state/PDGraphicsState.java,,,,,,,,,,,,,,,,,,,,,,,,,7,9,0,4,1,1,5,1,1,1,2,1,1,1,1,1,1,,,,,,0,,1,25,1,1,1,1
Public Method,"org.apache.pdfbox.pdmodel.graphics.state.PDGraphicsState.getStrokingColorSpace()",pdfbox/src/main/java/org/apache/pdfbox/pdmodel/graphics/state/PDGraphicsState.java,,,,,,,,,,,,,,,,,,,,,,,,,3,9,0,4,1,1,5,1,1,1,2,1,1,1,1,1,1,,,,,,0,,1,25,1,1,1,1
Public Method,"org.apache.pdfbox.pdmodel.graphics.state.PDGraphicsState.getStrokingJavaComposite()",pdfbox/src/main/java/org/apache/pdfbox/pdmodel/graphics/state/PDGraphicsState.java,,,,,,,,,,,,,,,,,,,,,,,,,4,4,0,4,1,1,0,2,1,1,2,1,1,1,1,1,1,,,,,,0,,0,00,1,1,1,1
Public Method,"org.apache.pdfbox.pdmodel.graphics.state.PDGraphicsState.getTextState()",pdfbox/src/main/java/org/apache/pdfbox/pdmodel/graphics/state/PDGraphicsState.java,,,,,,,,,,,,,,,,,,,,,,,,,20,9,0,4,1,1,5,1,1,1,2,1,1,1,1,1,1,,,,,,0,,1,25,1,1,1,1
Public Method,"org.apache.pdfbox.pdmodel.graphics.state.PDGraphicsState.getTransfer()",pdfbox/src/main/java/org/apache/pdfbox/pdmodel/graphics/state/PDGraphicsState.java,,,,,,,,,,,,,,,,,,,,,,,,,2,13,0,4,1,1,9,1,1,1,2,1,1,1,1,1,1,,,,,,0,,2,25,1,1,1,1
Public Method,"org.apache.pdfbox.pdmodel.graphics.state.PDGraphicsState.intersectClippingPath(Area)",pdfbox/src/main/java/org/apache/pdfbox/pdmodel/graphics/state/PDGraphicsState.java,,,,,,,,,,,,,,,,,,,,,,,,,1,9,0,4,1,1,5,1,1,1,2,1,1,1,1,1,1,,,,,,0,,1,25,1,1,1,1
Public Method,"org.apache.pdfbox.pdmodel.graphics.state.PDGraphicsState.intersectClippingPath(GeneralPath)",pdfbox/src/main/java/org/apache/pdfbox/pdmodel/graphics/state/PDGraphicsState.java,,,,,,,,,,,,,,,,,,,,,,,,,4,8,0,4,1,1,4,1,1,1,2,1,1,1,1,1,1,,,,,,0,,1,00,1,1,1,1
Private Method,"org.apache.pdfbox.pdmodel.graphics.state.PDGraphicsState.intersectClippingPath(Path2D,boolean)",pdfbox/src/main/java/org/apache/pdfbox/pdmodel/graphics/state/PDGraphicsState.java,,,,,,,,,,,,,,,,,,,,,,,,,6,14,2,9,1,4,3,5,2,3,5,1,4,3,3,3,1,,,,,,1,,0,33,3,3,3,1
Public Method,"org.apache.pdfbox.pdmodel.graphics.state.PDGraphicsState.isAlphaSource()",pdfbox/src/main/java/org/apache/pdfbox/pdmodel/graphics/state/PDGraphicsState.java,,,,,,,,,,,,,,,,,,,,,,,,,1,9,0,4,1,1,5,1,1,1,2,1,1,1,1,1,1,,,,,,0,,1,25,1,1,1,1
Public Method,"org.apache.pdfbox.pdmodel.graphics.state.PDGraphicsState.isNonStrokingOverprint()",pdfbox/src/main/java/org/apache/pdfbox/pdmodel/graphics/state/PDGraphicsState.java,,,,,,,,,,,,,,,,,,,,,,,,,1,9,0,4,1,1,5,1,1,1,2,1,1,1,1,1,1,,,,,,0,,1,25,1,1,1,1
Public Method,"org.apache.pdfbox.pdmodel.graphics.state.PDGraphicsState.isOverprint()",pdfbox/src/main/java/org/apache/pdfbox/pdmodel/graphics/state/PDGraphicsState.java,,,,,,,,,,,,,,,,,,,,,,,,,1,9,0,4,1,1,5,1,1,1,2,1,1,1,1,1,1,,,,,,0,,1,25,1,1,1,1
Public Method,"org.apache.pdfbox.pdmodel.graphics.state.PDGraphicsState.isStrokeAdjustment()",pdfbox/src/main/java/org/apache/pdfbox/pdmodel/graphics/state/PDGraphicsState.java,,,,,,,,,,,,,,,,,,,,,,,,,1,9,0,4,1,1,5,1,1,1,2,1,1,1,1,1,1,,,,,,0,,1,25,1,1,1,1
Public Method,"org.apache.pdfbox.pdmodel.graphics.state.PDGraphicsState.setAlphaConstant(double)",pdfbox/src/main/java/org/apache/pdfbox/pdmodel/graphics/state/PDGraphicsState.java,,,,,,,,,,,,,,,,,,,,,,,,,3,9,0,4,1,1,5,1,1,1,2,1,1,1,1,1,1,,,,,,0,,1,25,1,1,1,1
Public Method,"org.apache.pdfbox.pdmodel.graphics.state.PDGraphicsState.setAlphaSource(boolean)",pdfbox/src/main/java/org/apache/pdfbox/pdmodel/graphics/state/PDGraphicsState.java,,,,,,,,,,,,,,,,,,,,,,,,,2,9,0,4,1,1,5,1,1,1,2,1,1,1,1,1,1,,,,,,0,,1,25,1,1,1,1
Public Method,"org.apache.pdfbox.pdmodel.graphics.state.PDGraphicsState.setBlendMode(BlendMode)",pdfbox/src/main/java/org/apache/pdfbox/pdmodel/graphics/state/PDGraphicsState.java,,,,,,,,,,,,,,,,,,,,,,,,,3,14,0,8,1,3,6,2,2,2,4,1,3,2,2,2,1,,,,,,1,,0,75,2,2,2,1
Public Method,"org.apache.pdfbox.pdmodel.graphics.state.PDGraphicsState.setCurrentTransformationMatrix(Matrix)",pdfbox/src/main/java/org/apache/pdfbox/pdmodel/graphics/state/PDGraphicsState.java,,,,,,,,,,,,,,,,,,,,,,,,,4,9,0,4,1,1,5,1,1,1,2,1,1,1,1,1,1,,,,,,0,,1,25,1,1,1,1
Public Method,"org.apache.pdfbox.pdmodel.graphics.state.PDGraphicsState.setFlatness(double)",pdfbox/src/main/java/org/apache/pdfbox/pdmodel/graphics/state/PDGraphicsState.java,,,,,,,,,,,,,,,,,,,,,,,,,3,9,0,4,1,1,5,1,1,1,2,1,1,1,1,1,1,,,,,,0,,1,25,1,1,1,1
Public Method,"org.apache.pdfbox.pdmodel.graphics.state.PDGraphicsState.setLineCap(int)",pdfbox/src/main/java/org/apache/pdfbox/pdmodel/graphics/state/PDGraphicsState.java,,,,,,,,,,,,,,,,,,,,,,,,,3,9,0,4,1,1,5,1,1,1,2,1,1,1,1,1,1,,,,,,0,,1,25,1,1,1,1
Public Method,"org.apache.pdfbox.pdmodel.graphics.state.PDGraphicsState.setLineDashPattern(PDLineDashPattern)",pdfbox/src/main/java/org/apache/pdfbox/pdmodel/graphics/state/PDGraphicsState.java,,,,,,,,,,,,,,,,,,,,,,,,,3,9,0,4,1,1,5,1,1,1,2,1,1,1,1,1,1,,,,,,0,,1,25,1,1,1,1
Public Method,"org.apache.pdfbox.pdmodel.graphics.state.PDGraphicsState.setLineJoin(int)",pdfbox/src/main/java/org/apache/pdfbox/pdmodel/graphics/state/PDGraphicsState.java,,,,,,,,,,,,,,,,,,,,,,,,,3,9,0,4,1,1,5,1,1,1,2,1,1,1,1,1,1,,,,,,0,,1,25,1,1,1,1
Public Method,"org.apache.pdfbox.pdmodel.graphics.state.PDGraphicsState.setLineWidth(float)",pdfbox/src/main/java/org/apache/pdfbox/pdmodel/graphics/state/PDGraphicsState.java,,,,,,,,,,,,,,,,,,,,,,,,,3,9,0,4,1,1,5,1,1,1,2,1,1,1,1,1,1,,,,,,0,,1,25,1,1,1,1
Public Method,"org.apache.pdfbox.pdmodel.graphics.state.PDGraphicsState.setMiterLimit(float)",pdfbox/src/main/java/org/apache/pdfbox/pdmodel/graphics/state/PDGraphicsState.java,,,,,,,,,,,,,,,,,,,,,,,,,3,9,0,4,1,1,5,1,1,1,2,1,1,1,1,1,1,,,,,,0,,1,25,1,1,1,1
Public Method,"org.apache.pdfbox.pdmodel.graphics.state.PDGraphicsState.setNonStrokeAlphaConstant(double)",pdfbox/src/main/java/org/apache/pdfbox/pdmodel/graphics/state/PDGraphicsState.java,,,,,,,,,,,,,,,,,,,,,,,,,4,9,0,4,1,1,5,1,1,1,2,1,1,1,1,1,1,,,,,,0,,1,25,1,1,1,1
Public Method,"org.apache.pdfbox.pdmodel.graphics.state.PDGraphicsState.setNonStrokingColor(PDColor)",pdfbox/src/main/java/org/apache/pdfbox/pdmodel/graphics/state/PDGraphicsState.java,,,,,,,,,,,,,,,,,,,,,,,,,4,9,0,4,1,1,5,1,1,1,2,1,1,1,1,1,1,,,,,,0,,1,25,1,1,1,1
Public Method,"org.apache.pdfbox.pdmodel.graphics.state.PDGraphicsState.setNonStrokingColorSpace(PDColorSpace)",pdfbox/src/main/java/org/apache/pdfbox/pdmodel/graphics/state/PDGraphicsState.java,,,,,,,,,,,,,,,,,,,,,,,,,6,9,0,4,1,1,5,1,1,1,2,1,1,1,1,1,1,,,,,,0,,1,25,1,1,1,1
Public Method,"org.apache.pdfbox.pdmodel.graphics.state.PDGraphicsState.setNonStrokingOverprint(boolean)",pdfbox/src/main/java/org/apache/pdfbox/pdmodel/graphics/state/PDGraphicsState.java,,,,,,,,,,,,,,,,,,,,,,,,,2,9,0,4,1,1,5,1,1,1,2,1,1,1,1,1,1,,,,,,0,,1,25,1,1,1,1
Public Method,"org.apache.pdfbox.pdmodel.graphics.state.PDGraphicsState.setOverprint(boolean)",pdfbox/src/main/java/org/apache/pdfbox/pdmodel/graphics/state/PDGraphicsState.java,,,,,,,,,,,,,,,,,,,,,,,,,2,9,0,4,1,1,5,1,1,1,2,1,1,1,1,1,1,,,,,,0,,1,25,1,1,1,1
Public Method,"org.apache.pdfbox.pdmodel.graphics.state.PDGraphicsState.setOverprintMode(int)",pdfbox/src/main/java/org/apache/pdfbox/pdmodel/graphics/state/PDGraphicsState.java,,,,,,,,,,,,,,,,,,,,,,,,,2,9,0,4,1,1,5,1,1,1,2,1,1,1,1,1,1,,,,,,0,,1,25,1,1,1,1
Public Method,"org.apache.pdfbox.pdmodel.graphics.state.PDGraphicsState.setRenderingIntent(RenderingIntent)",pdfbox/src/main/java/org/apache/pdfbox/pdmodel/graphics/state/PDGraphicsState.java,,,,,,,,,,,,,,,,,,,,,,,,,3,9,0,4,1,1,5,1,1,1,2,1,1,1,1,1,1,,,,,,0,,1,25,1,1,1,1
Public Method,"org.apache.pdfbox.pdmodel.graphics.state.PDGraphicsState.setSmoothness(double)",pdfbox/src/main/java/org/apache/pdfbox/pdmodel/graphics/state/PDGraphicsState.java,,,,,,,,,,,,,,,,,,,,,,,,,2,9,0,4,1,1,5,1,1,1,2,1,1,1,1,1,1,,,,,,0,,1,25,1,1,1,1
Public Method,"org.apache.pdfbox.pdmodel.graphics.state.PDGraphicsState.setSoftMask(PDSoftMask)",pdfbox/src/main/java/org/apache/pdfbox/pdmodel/graphics/state/PDGraphicsState.java,,,,,,,,,,,,,,,,,,,,,,,,,3,9,0,4,1,1,5,1,1,1,2,1,1,1,1,1,1,,,,,,0,,1,25,1,1,1,1
Public Method,"org.apache.pdfbox.pdmodel.graphics.state.PDGraphicsState.setStrokeAdjustment(boolean)",pdfbox/src/main/java/org/apache/pdfbox/pdmodel/graphics/state/PDGraphicsState.java,,,,,,,,,,,,,,,,,,,,,,,,,2,9,0,4,1,1,5,1,1,1,2,1,1,1,1,1,1,,,,,,0,,1,25,1,1,1,1
Public Method,"org.apache.pdfbox.pdmodel.graphics.state.PDGraphicsState.setStrokingColor(PDColor)",pdfbox/src/main/java/org/apache/pdfbox/pdmodel/graphics/state/PDGraphicsState.java,,,,,,,,,,,,,,,,,,,,,,,,,4,9,0,4,1,1,5,1,1,1,2,1,1,1,1,1,1,,,,,,0,,1,25,1,1,1,1
Public Method,"org.apache.pdfbox.pdmodel.graphics.state.PDGraphicsState.setStrokingColorSpace(PDColorSpace)",pdfbox/src/main/java/org/apache/pdfbox/pdmodel/graphics/state/PDGraphicsState.java,,,,,,,,,,,,,,,,,,,,,,,,,6,9,0,4,1,1,5,1,1,1,2,1,1,1,1,1,1,,,,,,0,,1,25,1,1,1,1
Public Method,"org.apache.pdfbox.pdmodel.graphics.state.PDGraphicsState.setTextState(PDTextState)",pdfbox/src/main/java/org/apache/pdfbox/pdmodel/graphics/state/PDGraphicsState.java,,,,,,,,,,,,,,,,,,,,,,,,,1,9,0,4,1,1,5,1,1,1,2,1,1,1,1,1,1,,,,,,0,,1,25,1,1,1,1
Public Method,"org.apache.pdfbox.pdmodel.graphics.state.PDGraphicsState.setTransfer(COSBase)",pdfbox/src/main/java/org/apache/pdfbox/pdmodel/graphics/state/PDGraphicsState.java,,,,,,,,,,,,,,,,,,,,,,,,,2,13,0,4,1,1,9,1,1,1,2,1,1,1,1,1,1,,,,,,0,,2,25,1,1,1,1
Public Final Class,"org.apache.pdfbox.pdmodel.graphics.state.PDSoftMask",pdfbox/src/main/java/org/apache/pdfbox/pdmodel/graphics/state/PDSoftMask.java,2,2,2,1,13,0,9,3,2,13,0,,1,1,,,8,6,9,21,1,0,0,8,,149,11,95,21,38,43,,,28,48,20,32,,,,,4,4,4,4,1,3,85,0,45,19,19,19,12
Public Constructor,"org.apache.pdfbox.pdmodel.graphics.state.PDSoftMask.PDSoftMask(COSDictionary)",pdfbox/src/main/java/org/apache/pdfbox/pdmodel/graphics/state/PDSoftMask.java,,,,,,,,,,,,,,,,,,,,,,,,,2,9,0,4,1,1,5,2,1,1,2,1,1,1,1,1,1,,,,,,0,,1,25,1,1,1,1
Public Static Method,"org.apache.pdfbox.pdmodel.graphics.state.PDSoftMask.create(COSBase)",pdfbox/src/main/java/org/apache/pdfbox/pdmodel/graphics/state/PDSoftMask.java,,,,,,,,,,,,,,,,,,,,,,,,,4,29,0,24,1,11,5,4,4,6,10,1,9,4,4,4,4,,,,,,2,,0,21,4,4,4,4
Public Method,"org.apache.pdfbox.pdmodel.graphics.state.PDSoftMask.getBackdropColor()",pdfbox/src/main/java/org/apache/pdfbox/pdmodel/graphics/state/PDSoftMask.java,,,,,,,,,,,,,,,,,,,,,,,,,3,11,0,8,1,3,3,4,2,2,4,1,3,2,2,2,1,,,,,,1,,0,38,2,2,2,1
Public Method,"org.apache.pdfbox.pdmodel.graphics.state.PDSoftMask.getCOSObject()",pdfbox/src/main/java/org/apache/pdfbox/pdmodel/graphics/state/PDSoftMask.java,,,,,,,,,,,,,,,,,,,,,,,,,5,5,0,5,2,1,0,1,1,1,2,1,1,1,1,1,1,,,,,,0,,0,00,1,1,1,1
Public Method,"org.apache.pdfbox.pdmodel.graphics.state.PDSoftMask.getGroup()",pdfbox/src/main/java/org/apache/pdfbox/pdmodel/graphics/state/PDSoftMask.java,,,,,,,,,,,,,,,,,,,,,,,,,4,22,0,16,3,7,6,5,4,4,8,3,7,4,4,4,1,,,,,,3,,0,38,4,4,4,1
Public Method,"org.apache.pdfbox.pdmodel.graphics.state.PDSoftMask.getInitialTransformationMatrix()",pdfbox/src/main/java/org/apache/pdfbox/pdmodel/graphics/state/PDSoftMask.java,,,,,,,,,,,,,,,,,,,,,,,,,3,8,0,4,1,1,4,1,1,1,2,1,1,1,1,1,1,,,,,,0,,1,00,1,1,1,1
Public Method,"org.apache.pdfbox.pdmodel.graphics.state.PDSoftMask.getSubType()",pdfbox/src/main/java/org/apache/pdfbox/pdmodel/graphics/state/PDSoftMask.java,,,,,,,,,,,,,,,,,,,,,,,,,3,11,0,8,1,3,3,4,2,2,4,1,3,2,2,2,1,,,,,,1,,0,38,2,2,2,1
Public Method,"org.apache.pdfbox.pdmodel.graphics.state.PDSoftMask.getTransferFunction()",pdfbox/src/main/java/org/apache/pdfbox/pdmodel/graphics/state/PDSoftMask.java,,,,,,,,,,,,,,,,,,,,,,,,,3,16,0,12,2,5,4,5,3,3,6,2,5,3,3,3,1,,,,,,2,,0,33,3,3,3,1
Method,"org.apache.pdfbox.pdmodel.graphics.state.PDSoftMask.setInitialTransformationMatrix(Matrix)",pdfbox/src/main/java/org/apache/pdfbox/pdmodel/graphics/state/PDSoftMask.java,,,,,,,,,,,,,,,,,,,,,,,,,2,9,0,4,1,1,5,1,1,1,2,1,1,1,1,1,1,,,,,,0,,1,25,1,1,1,1
Public Class,"org.apache.pdfbox.pdmodel.graphics.state.PDTextState",pdfbox/src/main/java/org/apache/pdfbox/pdmodel/graphics/state/PDTextState.java,1,1,1,1,9,0,4,4,2,5,0,,0,0,,,19,9,19,31,0,0,0,19,,214,19,96,30,29,99,,,29,50,29,21,,,,,2,2,2,1,1,1,89,1,03,20,20,20,19
Public Method,"org.apache.pdfbox.pdmodel.graphics.state.PDTextState.clone()",pdfbox/src/main/java/org/apache/pdfbox/pdmodel/graphics/state/PDTextState.java,,,,,,,,,,,,,,,,,,,,,,,,,2,13,0,12,2,4,1,3,2,2,4,1,3,2,2,2,1,,,,,,1,,0,08,2,2,2,1
Public Method,"org.apache.pdfbox.pdmodel.graphics.state.PDTextState.getCharacterSpacing()",pdfbox/src/main/java/org/apache/pdfbox/pdmodel/graphics/state/PDTextState.java,,,,,,,,,,,,,,,,,,,,,,,,,2,9,0,4,1,1,5,1,1,1,2,1,1,1,1,1,1,,,,,,0,,1,25,1,1,1,1
Public Method,"org.apache.pdfbox.pdmodel.graphics.state.PDTextState.getFont()",pdfbox/src/main/java/org/apache/pdfbox/pdmodel/graphics/state/PDTextState.java,,,,,,,,,,,,,,,,,,,,,,,,,4,9,0,4,1,1,5,1,1,1,2,1,1,1,1,1,1,,,,,,0,,1,25,1,1,1,1
Public Method,"org.apache.pdfbox.pdmodel.graphics.state.PDTextState.getFontSize()",pdfbox/src/main/java/org/apache/pdfbox/pdmodel/graphics/state/PDTextState.java,,,,,,,,,,,,,,,,,,,,,,,,,4,9,0,4,1,1,5,1,1,1,2,1,1,1,1,1,1,,,,,,0,,1,25,1,1,1,1
Public Method,"org.apache.pdfbox.pdmodel.graphics.state.PDTextState.getHorizontalScaling()",pdfbox/src/main/java/org/apache/pdfbox/pdmodel/graphics/state/PDTextState.java,,,,,,,,,,,,,,,,,,,,,,,,,4,11,0,4,1,1,7,1,1,1,2,1,1,1,1,1,1,,,,,,0,,1,75,1,1,1,1
Public Method,"org.apache.pdfbox.pdmodel.graphics.state.PDTextState.getKnockoutFlag()",pdfbox/src/main/java/org/apache/pdfbox/pdmodel/graphics/state/PDTextState.java,,,,,,,,,,,,,,,,,,,,,,,,,1,9,0,4,1,1,5,1,1,1,2,1,1,1,1,1,1,,,,,,0,,1,25,1,1,1,1
Public Method,"org.apache.pdfbox.pdmodel.graphics.state.PDTextState.getLeading()",pdfbox/src/main/java/org/apache/pdfbox/pdmodel/graphics/state/PDTextState.java,,,,,,,,,,,,,,,,,,,,,,,,,2,9,0,4,1,1,5,1,1,1,2,1,1,1,1,1,1,,,,,,0,,1,25,1,1,1,1
Public Method,"org.apache.pdfbox.pdmodel.graphics.state.PDTextState.getRenderingMode()",pdfbox/src/main/java/org/apache/pdfbox/pdmodel/graphics/state/PDTextState.java,,,,,,,,,,,,,,,,,,,,,,,,,8,9,0,4,1,1,5,1,1,1,2,1,1,1,1,1,1,,,,,,0,,1,25,1,1,1,1
Public Method,"org.apache.pdfbox.pdmodel.graphics.state.PDTextState.getRise()",pdfbox/src/main/java/org/apache/pdfbox/pdmodel/graphics/state/PDTextState.java,,,,,,,,,,,,,,,,,,,,,,,,,2,9,0,4,1,1,5,1,1,1,2,1,1,1,1,1,1,,,,,,0,,1,25,1,1,1,1
Public Method,"org.apache.pdfbox.pdmodel.graphics.state.PDTextState.getWordSpacing()",pdfbox/src/main/java/org/apache/pdfbox/pdmodel/graphics/state/PDTextState.java,,,,,,,,,,,,,,,,,,,,,,,,,2,9,0,4,1,1,5,1,1,1,2,1,1,1,1,1,1,,,,,,0,,1,25,1,1,1,1
Public Method,"org.apache.pdfbox.pdmodel.graphics.state.PDTextState.setCharacterSpacing(float)",pdfbox/src/main/java/org/apache/pdfbox/pdmodel/graphics/state/PDTextState.java,,,,,,,,,,,,,,,,,,,,,,,,,2,9,0,4,1,1,5,1,1,1,2,1,1,1,1,1,1,,,,,,0,,1,25,1,1,1,1
Public Method,"org.apache.pdfbox.pdmodel.graphics.state.PDTextState.setFont(PDFont)",pdfbox/src/main/java/org/apache/pdfbox/pdmodel/graphics/state/PDTextState.java,,,,,,,,,,,,,,,,,,,,,,,,,3,9,0,4,1,1,5,1,1,1,2,1,1,1,1,1,1,,,,,,0,,1,25,1,1,1,1
Public Method,"org.apache.pdfbox.pdmodel.graphics.state.PDTextState.setFontSize(float)",pdfbox/src/main/java/org/apache/pdfbox/pdmodel/graphics/state/PDTextState.java,,,,,,,,,,,,,,,,,,,,,,,,,3,9,0,4,1,1,5,1,1,1,2,1,1,1,1,1,1,,,,,,0,,1,25,1,1,1,1
Public Method,"org.apache.pdfbox.pdmodel.graphics.state.PDTextState.setHorizontalScaling(float)",pdfbox/src/main/java/org/apache/pdfbox/pdmodel/graphics/state/PDTextState.java,,,,,,,,,,,,,,,,,,,,,,,,,2,9,0,4,1,1,5,1,1,1,2,1,1,1,1,1,1,,,,,,0,,1,25,1,1,1,1
Public Method,"org.apache.pdfbox.pdmodel.graphics.state.PDTextState.setKnockoutFlag(boolean)",pdfbox/src/main/java/org/apache/pdfbox/pdmodel/graphics/state/PDTextState.java,,,,,,,,,,,,,,,,,,,,,,,,,2,9,0,4,1,1,5,1,1,1,2,1,1,1,1,1,1,,,,,,0,,1,25,1,1,1,1
Public Method,"org.apache.pdfbox.pdmodel.graphics.state.PDTextState.setLeading(float)",pdfbox/src/main/java/org/apache/pdfbox/pdmodel/graphics/state/PDTextState.java,,,,,,,,,,,,,,,,,,,,,,,,,2,9,0,4,1,1,5,1,1,1,2,1,1,1,1,1,1,,,,,,0,,1,25,1,1,1,1
Public Method,"org.apache.pdfbox.pdmodel.graphics.state.PDTextState.setRenderingMode(RenderingMode)",pdfbox/src/main/java/org/apache/pdfbox/pdmodel/graphics/state/PDTextState.java,,,,,,,,,,,,,,,,,,,,,,,,,2,9,0,4,1,1,5,1,1,1,2,1,1,1,1,1,1,,,,,,0,,1,25,1,1,1,1
Public Method,"org.apache.pdfbox.pdmodel.graphics.state.PDTextState.setRise(float)",pdfbox/src/main/java/org/apache/pdfbox/pdmodel/graphics/state/PDTextState.java,,,,,,,,,,,,,,,,,,,,,,,,,2,9,0,4,1,1,5,1,1,1,2,1,1,1,1,1,1,,,,,,0,,1,25,1,1,1,1
Public Method,"org.apache.pdfbox.pdmodel.graphics.state.PDTextState.setWordSpacing(float)",pdfbox/src/main/java/org/apache/pdfbox/pdmodel/graphics/state/PDTextState.java,,,,,,,,,,,,,,,,,,,,,,,,,2,9,0,4,1,1,5,1,1,1,2,1,1,1,1,1,1,,,,,,0,,1,25,1,1,1,1
Public Enum Type,"org.apache.pdfbox.pdmodel.graphics.state.RenderingIntent",pdfbox/src/main/java/org/apache/pdfbox/pdmodel/graphics/state/RenderingIntent.java,1,1,1,1,4,0,3,1,1,1,0,,1,0,,,4,5,5,31,1,0,0,4,,56,7,27,9,6,22,,,6,12,6,6,,,,,3,3,3,3,1,2,,0,81,5,5,5,5
Constructor,"org.apache.pdfbox.pdmodel.graphics.state.RenderingIntent.RenderingIntent(String)",pdfbox/src/main/java/org/apache/pdfbox/pdmodel/graphics/state/RenderingIntent.java,,,,,,,,,,,,,,,,,,,,,,,,,1,4,0,4,1,1,0,2,1,1,2,1,1,1,1,1,1,,,,,,0,,0,00,1,1,1,1
Public Static Method,"org.apache.pdfbox.pdmodel.graphics.state.RenderingIntent.fromString(String)",pdfbox/src/main/java/org/apache/pdfbox/pdmodel/graphics/state/RenderingIntent.java,,,,,,,,,,,,,,,,,,,,,,,,,10,13,0,11,1,4,2,3,3,2,6,2,4,3,3,3,3,,,,,,2,,0,18,3,3,3,3
Public Method,"org.apache.pdfbox.pdmodel.graphics.state.RenderingIntent.stringValue()",pdfbox/src/main/java/org/apache/pdfbox/pdmodel/graphics/state/RenderingIntent.java,,,,,,,,,,,,,,,,,,,,,,,,,2,7,0,4,1,1,3,1,1,1,2,1,1,1,1,1,1,,,,,,0,,0,75,1,1,1,1
Public Implicit Method,"org.apache.pdfbox.pdmodel.graphics.state.RenderingIntent.valueOf()",pdfbox/src/main/java/org/apache/pdfbox/pdmodel/graphics/state/RenderingIntent.java,,,,,,,,,,,,,,,,,,,,,,,,,,,,,,,,,,,,,,,,,,,,,,,,,0,00,0,0,0,0
Public Implicit Method,"org.apache.pdfbox.pdmodel.graphics.state.RenderingIntent.values()",pdfbox/src/main/java/org/apache/pdfbox/pdmodel/graphics/state/RenderingIntent.java,,,,,,,,,,,,,,,,,,,,,,,,,,,,,,,,,,,,,,,,,,,,,,,,,0,00,0,0,0,0
Class,"org.apache.pdfbox.pdmodel.graphics.state.RenderingIntentTest",pdfbox/src/test/java/org/apache/pdfbox/pdmodel/graphics/state/RenderingIntentTest.java,1,1,1,1,12,2,7,3,1,4,0,,0,0,,,7,0,7,19,7,0,0,0,,93,20,52,29,21,21,,,21,29,22,14,,,,,1,1,1,1,1,0,0,0,40,7,7,7,7
Method,"org.apache.pdfbox.pdmodel.graphics.state.RenderingIntentTest.fromStringInputNotNullOutputNotNull()",pdfbox/src/test/java/org/apache/pdfbox/pdmodel/graphics/state/RenderingIntentTest.java,,,,,,,,,,,,,,,,,,,,,,,,,1,12,2,7,4,3,3,2,1,3,4,3,2,1,1,1,1,,,,,,0,,0,43,1,1,1,1
Method,"org.apache.pdfbox.pdmodel.graphics.state.RenderingIntentTest.fromStringInputNotNullOutputNotNull2()",pdfbox/src/test/java/org/apache/pdfbox/pdmodel/graphics/state/RenderingIntentTest.java,,,,,,,,,,,,,,,,,,,,,,,,,1,12,2,7,4,3,3,2,1,3,4,3,2,1,1,1,1,,,,,,0,,0,43,1,1,1,1
Method,"org.apache.pdfbox.pdmodel.graphics.state.RenderingIntentTest.fromStringInputNotNullOutputNotNull3()",pdfbox/src/test/java/org/apache/pdfbox/pdmodel/graphics/state/RenderingIntentTest.java,,,,,,,,,,,,,,,,,,,,,,,,,1,12,2,7,4,3,3,2,1,3,4,3,2,1,1,1,1,,,,,,0,,0,43,1,1,1,1
Method,"org.apache.pdfbox.pdmodel.graphics.state.RenderingIntentTest.fromStringInputNotNullOutputNotNull4()",pdfbox/src/test/java/org/apache/pdfbox/pdmodel/graphics/state/RenderingIntentTest.java,,,,,,,,,,,,,,,,,,,,,,,,,1,12,2,7,4,3,3,2,1,3,4,3,2,1,1,1,1,,,,,,0,,0,43,1,1,1,1
Method,"org.apache.pdfbox.pdmodel.graphics.state.RenderingIntentTest.fromStringInputNotNullOutputNotNull5()",pdfbox/src/test/java/org/apache/pdfbox/pdmodel/graphics/state/RenderingIntentTest.java,,,,,,,,,,,,,,,,,,,,,,,,,1,12,2,7,4,3,3,2,1,3,4,3,2,1,1,1,1,,,,,,0,,0,43,1,1,1,1
Method,"org.apache.pdfbox.pdmodel.graphics.state.RenderingIntentTest.stringValueOutputNotNull()",pdfbox/src/test/java/org/apache/pdfbox/pdmodel/graphics/state/RenderingIntentTest.java,,,,,,,,,,,,,,,,,,,,,,,,,1,12,2,7,4,3,3,2,1,3,4,3,2,1,1,1,1,,,,,,0,,0,43,1,1,1,1
Method,"org.apache.pdfbox.pdmodel.graphics.state.RenderingIntentTest.testIsFill()",pdfbox/src/test/java/org/apache/pdfbox/pdmodel/graphics/state/RenderingIntentTest.java,,,,,,,,,,,,,,,,,,,,,,,,,1,12,2,7,4,3,3,2,1,3,4,3,2,1,1,1,1,,,,,,0,,0,43,1,1,1,1
Public Enum Type,"org.apache.pdfbox.pdmodel.graphics.state.RenderingMode",pdfbox/src/main/java/org/apache/pdfbox/pdmodel/graphics/state/RenderingMode.java,0,0,1,0,5,0,4,1,1,1,0,,1,1,,,7,9,8,34,1,0,0,7,,102,15,46,17,16,41,,,9,15,9,7,,,,,1,1,4,1,1,0,,0,89,6,6,15,6
Constructor,"org.apache.pdfbox.pdmodel.graphics.state.RenderingMode.RenderingMode(int)",pdfbox/src/main/java/org/apache/pdfbox/pdmodel/graphics/state/RenderingMode.java,,,,,,,,,,,,,,,,,,,,,,,,,1,4,0,4,1,1,0,2,1,1,2,1,1,1,1,1,1,,,,,,0,,0,00,1,1,1,1
Public Static Method,"org.apache.pdfbox.pdmodel.graphics.state.RenderingMode.fromInt(int)",pdfbox/src/main/java/org/apache/pdfbox/pdmodel/graphics/state/RenderingMode.java,,,,,,,,,,,,,,,,,,,,,,,,,3,4,0,4,1,1,0,1,1,1,2,1,1,1,1,1,1,,,,,,0,,0,00,1,1,1,1
Public Method,"org.apache.pdfbox.pdmodel.graphics.state.RenderingMode.intValue()",pdfbox/src/main/java/org/apache/pdfbox/pdmodel/graphics/state/RenderingMode.java,,,,,,,,,,,,,,,,,,,,,,,,,2,7,0,4,1,1,3,1,1,1,2,1,1,1,1,1,1,,,,,,0,,0,75,1,1,1,1
Public Method,"org.apache.pdfbox.pdmodel.graphics.state.RenderingMode.isClip()",pdfbox/src/main/java/org/apache/pdfbox/pdmodel/graphics/state/RenderingMode.java,,,,,,,,,,,,,,,,,,,,,,,,,6,10,0,7,1,4,3,1,1,1,2,1,1,1,1,4,1,,,,,,0,,0,43,1,1,4,1
Public Method,"org.apache.pdfbox.pdmodel.graphics.state.RenderingMode.isFill()",pdfbox/src/main/java/org/apache/pdfbox/pdmodel/graphics/state/RenderingMode.java,,,,,,,,,,,,,,,,,,,,,,,,,8,10,0,7,1,4,3,1,1,1,2,1,1,1,1,4,1,,,,,,0,,0,43,1,1,4,1
Public Method,"org.apache.pdfbox.pdmodel.graphics.state.RenderingMode.isStroke()",pdfbox/src/main/java/org/apache/pdfbox/pdmodel/graphics/state/RenderingMode.java,,,,,,,,,,,,,,,,,,,,,,,,,7,10,0,7,1,4,3,1,1,1,2,1,1,1,1,4,1,,,,,,0,,0,43,1,1,4,1
Public Implicit Method,"org.apache.pdfbox.pdmodel.graphics.state.RenderingMode.valueOf()",pdfbox/src/main/java/org/apache/pdfbox/pdmodel/graphics/state/RenderingMode.java,,,,,,,,,,,,,,,,,,,,,,,,,,,,,,,,,,,,,,,,,,,,,,,,,0,00,0,0,0,0
Public Implicit Method,"org.apache.pdfbox.pdmodel.graphics.state.RenderingMode.values()",pdfbox/src/main/java/org/apache/pdfbox/pdmodel/graphics/state/RenderingMode.java,,,,,,,,,,,,,,,,,,,,,,,,,,,,,,,,,,,,,,,,,,,,,,,,,0,00,0,0,0,0
Package,"org.apache.pdfbox.pdmodel.interactive",,0,0,0,0,0,0,0,0,,,,0,0,0,0,,0,0,0,,0,0,0,0,,0,0,0,0,0,0,,,0,0,0,0,,,,,0,0,0,0,,0,,0,00,0,0,0,0
Package,"org.apache.pdfbox.pdmodel.interactive.action",pdfbox/src/main/java/org/apache/pdfbox/pdmodel/interactive/action/OpenMode.java,1,1,1,1,10,0,5,5,,,,26,1,17,26,,207,12,208,,4,1,2,201,,3429,299,1346,457,420,1789,,,494,759,441,364,,,,,17,5,17,5,,3,,1,33,286,267,291,212
Public Enum Type,"org.apache.pdfbox.pdmodel.interactive.action.OpenMode",pdfbox/src/main/java/org/apache/pdfbox/pdmodel/interactive/action/OpenMode.java,0,0,0,0,0,0,0,0,1,1,0,,0,0,,,2,3,2,28,0,0,0,2,,22,2,6,4,0,14,,,0,1,1,0,,,,,0,0,0,0,1,0,,2,33,0,0,0,0
Public Implicit Method,"org.apache.pdfbox.pdmodel.interactive.action.OpenMode.valueOf()",pdfbox/src/main/java/org/apache/pdfbox/pdmodel/interactive/action/OpenMode.java,,,,,,,,,,,,,,,,,,,,,,,,,,,,,,,,,,,,,,,,,,,,,,,,,0,00,0,0,0,0
Public Implicit Method,"org.apache.pdfbox.pdmodel.interactive.action.OpenMode.values()",pdfbox/src/main/java/org/apache/pdfbox/pdmodel/interactive/action/OpenMode.java,,,,,,,,,,,,,,,,,,,,,,,,,,,,,,,,,,,,,,,,,,,,,,,,,0,00,0,0,0,0
Public Abstract Class,"org.apache.pdfbox.pdmodel.interactive.action.PDAction",pdfbox/src/main/java/org/apache/pdfbox/pdmodel/interactive/action/PDAction.java,1,1,1,1,11,0,6,5,2,10,14,,0,1,,,9,1,9,21,0,0,2,7,,132,11,60,18,22,61,,,22,35,18,20,,,,,4,4,4,1,1,2,0,1,02,12,12,12,9
Public Constructor,"org.apache.pdfbox.pdmodel.interactive.action.PDAction.PDAction()",pdfbox/src/main/java/org/apache/pdfbox/pdmodel/interactive/action/PDAction.java,,,,,,,,,,,,,,,,,,,,,,,,,1,8,0,5,1,2,3,4,1,2,3,1,2,1,1,1,1,,,,,,0,,0,60,1,1,1,1
Public Constructor,"org.apache.pdfbox.pdmodel.interactive.action.PDAction.PDAction(COSDictionary)",pdfbox/src/main/java/org/apache/pdfbox/pdmodel/interactive/action/PDAction.java,,,,,,,,,,,,,,,,,,,,,,,,,15,9,0,4,1,1,5,2,1,1,2,1,1,1,1,1,1,,,,,,0,,1,25,1,1,1,1
Public Method,"org.apache.pdfbox.pdmodel.interactive.action.PDAction.getCOSObject()",pdfbox/src/main/java/org/apache/pdfbox/pdmodel/interactive/action/PDAction.java,,,,,,,,,,,,,,,,,,,,,,,,,21,10,0,5,2,1,5,1,1,1,2,1,1,1,1,1,1,,,,,,0,,1,00,1,1,1,1
Public Method,"org.apache.pdfbox.pdmodel.interactive.action.PDAction.getNext()",pdfbox/src/main/java/org/apache/pdfbox/pdmodel/interactive/action/PDAction.java,,,,,,,,,,,,,,,,,,,,,,,,,2,29,1,21,6,12,7,9,4,11,15,7,11,4,4,4,1,,,,,,2,,0,33,4,4,4,1
Public Final Method,"org.apache.pdfbox.pdmodel.interactive.action.PDAction.getSubType()",pdfbox/src/main/java/org/apache/pdfbox/pdmodel/interactive/action/PDAction.java,,,,,,,,,,,,,,,,,,,,,,,,,2,9,0,4,1,1,5,2,1,1,2,1,1,1,1,1,1,,,,,,0,,1,25,1,1,1,1
Public Final Method,"org.apache.pdfbox.pdmodel.interactive.action.PDAction.getType()",pdfbox/src/main/java/org/apache/pdfbox/pdmodel/interactive/action/PDAction.java,,,,,,,,,,,,,,,,,,,,,,,,,2,10,0,4,1,1,6,2,1,1,2,1,1,1,1,1,1,,,,,,0,,1,50,1,1,1,1
Public Method,"org.apache.pdfbox.pdmodel.interactive.action.PDAction.setNext(List<PDAction>)",pdfbox/src/main/java/org/apache/pdfbox/pdmodel/interactive/action/PDAction.java,,,,,,,,,,,,,,,,,,,,,,,,,5,11,0,4,1,1,7,2,1,1,2,1,1,1,1,1,1,,,,,,0,,1,75,1,1,1,1
Protected Final Method,"org.apache.pdfbox.pdmodel.interactive.action.PDAction.setSubType(String)",pdfbox/src/main/java/org/apache/pdfbox/pdmodel/interactive/action/PDAction.java,,,,,,,,,,,,,,,,,,,,,,,,,17,9,0,4,1,1,5,1,1,1,2,1,1,1,1,1,1,,,,,,0,,1,25,1,1,1,1
Protected Final Method,"org.apache.pdfbox.pdmodel.interactive.action.PDAction.setType(String)",pdfbox/src/main/java/org/apache/pdfbox/pdmodel/interactive/action/PDAction.java,,,,,,,,,,,,,,,,,,,,,,,,,4,10,0,4,1,1,6,1,1,1,2,1,1,1,1,1,1,,,,,,0,,1,50,1,1,1,1
Public Class,"org.apache.pdfbox.pdmodel.interactive.action.PDActionEmbeddedGoTo",pdfbox/src/main/java/org/apache/pdfbox/pdmodel/interactive/action/PDActionEmbeddedGoTo.java,2,1,2,1,13,0,7,5,1,13,0,,0,1,,,10,0,10,31,0,0,0,10,,158,10,82,17,37,66,,,26,43,17,30,,,,,5,4,5,1,2,3,0,0,80,20,18,20,10
Public Constructor,"org.apache.pdfbox.pdmodel.interactive.action.PDActionEmbeddedGoTo.PDActionEmbeddedGoTo()",pdfbox/src/main/java/org/apache/pdfbox/pdmodel/interactive/action/PDActionEmbeddedGoTo.java,,,,,,,,,,,,,,,,,,,,,,,,,1,7,0,4,1,1,3,2,1,1,2,1,1,1,1,1,1,,,,,,0,,0,75,1,1,1,1
Public Constructor,"org.apache.pdfbox.pdmodel.interactive.action.PDActionEmbeddedGoTo.PDActionEmbeddedGoTo(COSDictionary)",pdfbox/src/main/java/org/apache/pdfbox/pdmodel/interactive/action/PDActionEmbeddedGoTo.java,,,,,,,,,,,,,,,,,,,,,,,,,2,9,0,4,1,1,5,2,1,1,2,1,1,1,1,1,1,,,,,,0,,1,25,1,1,1,1
Public Method,"org.apache.pdfbox.pdmodel.interactive.action.PDActionEmbeddedGoTo.getDestination()",pdfbox/src/main/java/org/apache/pdfbox/pdmodel/interactive/action/PDActionEmbeddedGoTo.java,,,,,,,,,,,,,,,,,,,,,,,,,1,11,0,4,1,1,7,4,1,1,2,1,1,1,1,1,1,,,,,,0,,1,75,1,1,1,1
Public Method,"org.apache.pdfbox.pdmodel.interactive.action.PDActionEmbeddedGoTo.getFile()",pdfbox/src/main/java/org/apache/pdfbox/pdmodel/interactive/action/PDActionEmbeddedGoTo.java,,,,,,,,,,,,,,,,,,,,,,,,,1,11,0,4,1,1,7,4,1,1,2,1,1,1,1,1,1,,,,,,0,,1,75,1,1,1,1
Public Method,"org.apache.pdfbox.pdmodel.interactive.action.PDActionEmbeddedGoTo.getOpenInNewWindow()",pdfbox/src/main/java/org/apache/pdfbox/pdmodel/interactive/action/PDActionEmbeddedGoTo.java,,,,,,,,,,,,,,,,,,,,,,,,,4,15,0,9,2,4,6,4,2,3,5,2,4,3,3,3,1,,,,,,1,,0,67,3,3,3,1
Public Method,"org.apache.pdfbox.pdmodel.interactive.action.PDActionEmbeddedGoTo.getTargetDirectory()",pdfbox/src/main/java/org/apache/pdfbox/pdmodel/interactive/action/PDActionEmbeddedGoTo.java,,,,,,,,,,,,,,,,,,,,,,,,,1,10,0,5,2,2,5,4,1,2,3,2,2,2,2,2,1,,,,,,0,,1,00,2,2,2,1
Public Method,"org.apache.pdfbox.pdmodel.interactive.action.PDActionEmbeddedGoTo.setDestination(PDDestination)",pdfbox/src/main/java/org/apache/pdfbox/pdmodel/interactive/action/PDActionEmbeddedGoTo.java,,,,,,,,,,,,,,,,,,,,,,,,,2,25,0,18,4,9,7,6,4,5,9,4,7,4,4,4,1,,,,,,3,,0,39,4,4,4,1
Public Method,"org.apache.pdfbox.pdmodel.interactive.action.PDActionEmbeddedGoTo.setFile(PDFileSpecification)",pdfbox/src/main/java/org/apache/pdfbox/pdmodel/interactive/action/PDActionEmbeddedGoTo.java,,,,,,,,,,,,,,,,,,,,,,,,,2,9,0,4,1,1,5,2,1,1,2,1,1,1,1,1,1,,,,,,0,,1,25,1,1,1,1
Public Method,"org.apache.pdfbox.pdmodel.interactive.action.PDActionEmbeddedGoTo.setOpenInNewWindow(OpenMode)",pdfbox/src/main/java/org/apache/pdfbox/pdmodel/interactive/action/PDActionEmbeddedGoTo.java,,,,,,,,,,,,,,,,,,,,,,,,,5,28,0,22,1,15,6,3,5,9,12,1,11,5,3,5,1,,,,,,1,,0,27,5,3,5,1
Public Method,"org.apache.pdfbox.pdmodel.interactive.action.PDActionEmbeddedGoTo.setTargetDirectory(PDTargetDirectory)",pdfbox/src/main/java/org/apache/pdfbox/pdmodel/interactive/action/PDActionEmbeddedGoTo.java,,,,,,,,,,,,,,,,,,,,,,,,,2,9,0,4,1,1,5,2,1,1,2,1,1,1,1,1,1,,,,,,0,,1,25,1,1,1,1
Public Final Class,"org.apache.pdfbox.pdmodel.interactive.action.PDActionFactory",pdfbox/src/main/java/org/apache/pdfbox/pdmodel/interactive/action/PDActionFactory.java,9,2,9,1,37,0,31,6,1,18,0,,1,0,,,1,0,2,14,0,1,0,1,,85,2,65,5,50,18,,,32,38,5,34,,,,,17,4,17,1,1,3,0,0,28,18,5,18,2
Private Constructor,"org.apache.pdfbox.pdmodel.interactive.action.PDActionFactory.PDActionFactory()",pdfbox/src/main/java/org/apache/pdfbox/pdmodel/interactive/action/PDActionFactory.java,,,,,,,,,,,,,,,,,,,,,,,,,0,7,0,3,1,0,4,1,1,0,1,1,0,1,1,1,1,,,,,,0,,1,33,1,1,1,1
Public Static Method,"org.apache.pdfbox.pdmodel.interactive.action.PDActionFactory.createAction(COSDictionary)",pdfbox/src/main/java/org/apache/pdfbox/pdmodel/interactive/action/PDActionFactory.java,,,,,,,,,,,,,,,,,,,,,,,,,46,67,0,59,3,50,8,16,17,32,36,3,34,17,4,17,1,,,,,,3,,0,14,17,4,17,1
Public Class,"org.apache.pdfbox.pdmodel.interactive.action.PDActionGoTo",pdfbox/src/main/java/org/apache/pdfbox/pdmodel/interactive/action/PDActionGoTo.java,1,1,1,1,13,0,7,5,1,9,0,,0,1,,,4,0,4,25,0,0,0,4,,69,4,34,9,13,31,,,9,17,9,10,,,,,4,4,4,1,2,3,0,0,91,7,7,7,4
Public Constructor,"org.apache.pdfbox.pdmodel.interactive.action.PDActionGoTo.PDActionGoTo()",pdfbox/src/main/java/org/apache/pdfbox/pdmodel/interactive/action/PDActionGoTo.java,,,,,,,,,,,,,,,,,,,,,,,,,6,7,0,4,1,1,3,2,1,1,2,1,1,1,1,1,1,,,,,,0,,0,75,1,1,1,1
Public Constructor,"org.apache.pdfbox.pdmodel.interactive.action.PDActionGoTo.PDActionGoTo(COSDictionary)",pdfbox/src/main/java/org/apache/pdfbox/pdmodel/interactive/action/PDActionGoTo.java,,,,,,,,,,,,,,,,,,,,,,,,,2,9,0,4,1,1,5,2,1,1,2,1,1,1,1,1,1,,,,,,0,,1,25,1,1,1,1
Public Method,"org.apache.pdfbox.pdmodel.interactive.action.PDActionGoTo.getDestination()",pdfbox/src/main/java/org/apache/pdfbox/pdmodel/interactive/action/PDActionGoTo.java,,,,,,,,,,,,,,,,,,,,,,,,,6,11,0,4,1,1,7,4,1,1,2,1,1,1,1,1,1,,,,,,0,,1,75,1,1,1,1
Public Method,"org.apache.pdfbox.pdmodel.interactive.action.PDActionGoTo.setDestination(PDDestination)",pdfbox/src/main/java/org/apache/pdfbox/pdmodel/interactive/action/PDActionGoTo.java,,,,,,,,,,,,,,,,,,,,,,,,,6,25,0,18,4,9,7,6,4,5,9,4,7,4,4,4,1,,,,,,3,,0,39,4,4,4,1
Public Class,"org.apache.pdfbox.pdmodel.interactive.action.PDActionHide",pdfbox/src/main/java/org/apache/pdfbox/pdmodel/interactive/action/PDActionHide.java,1,1,1,1,8,0,4,4,1,5,0,,0,1,,,6,0,6,27,0,0,0,6,,69,8,28,8,7,33,,,7,14,8,6,,,,,1,1,1,1,2,0,0,1,18,6,6,6,6
Public Constructor,"org.apache.pdfbox.pdmodel.interactive.action.PDActionHide.PDActionHide()",pdfbox/src/main/java/org/apache/pdfbox/pdmodel/interactive/action/PDActionHide.java,,,,,,,,,,,,,,,,,,,,,,,,,1,7,0,4,1,1,3,2,1,1,2,1,1,1,1,1,1,,,,,,0,,0,75,1,1,1,1
Public Constructor,"org.apache.pdfbox.pdmodel.interactive.action.PDActionHide.PDActionHide(COSDictionary)",pdfbox/src/main/java/org/apache/pdfbox/pdmodel/interactive/action/PDActionHide.java,,,,,,,,,,,,,,,,,,,,,,,,,2,9,0,4,1,1,5,2,1,1,2,1,1,1,1,1,1,,,,,,0,,1,25,1,1,1,1
Public Method,"org.apache.pdfbox.pdmodel.interactive.action.PDActionHide.getH()",pdfbox/src/main/java/org/apache/pdfbox/pdmodel/interactive/action/PDActionHide.java,,,,,,,,,,,,,,,,,,,,,,,,,2,9,0,4,1,1,5,2,1,1,2,1,1,1,1,1,1,,,,,,0,,1,25,1,1,1,1
Public Method,"org.apache.pdfbox.pdmodel.interactive.action.PDActionHide.getT()",pdfbox/src/main/java/org/apache/pdfbox/pdmodel/interactive/action/PDActionHide.java,,,,,,,,,,,,,,,,,,,,,,,,,2,10,0,4,1,1,6,2,1,1,2,1,1,1,1,1,1,,,,,,0,,1,50,1,1,1,1
Public Method,"org.apache.pdfbox.pdmodel.interactive.action.PDActionHide.setH(boolean)",pdfbox/src/main/java/org/apache/pdfbox/pdmodel/interactive/action/PDActionHide.java,,,,,,,,,,,,,,,,,,,,,,,,,3,7,0,4,1,1,3,2,1,1,2,1,1,1,1,1,1,,,,,,0,,0,75,1,1,1,1
Public Method,"org.apache.pdfbox.pdmodel.interactive.action.PDActionHide.setT(COSBase)",pdfbox/src/main/java/org/apache/pdfbox/pdmodel/interactive/action/PDActionHide.java,,,,,,,,,,,,,,,,,,,,,,,,,3,7,0,4,1,1,3,1,1,1,2,1,1,1,1,1,1,,,,,,0,,0,75,1,1,1,1
Public Class,"org.apache.pdfbox.pdmodel.interactive.action.PDActionImportData",pdfbox/src/main/java/org/apache/pdfbox/pdmodel/interactive/action/PDActionImportData.java,1,1,1,1,8,0,4,4,1,5,0,,0,1,,,4,0,4,25,0,0,0,4,,51,6,20,6,5,25,,,5,10,6,4,,,,,1,1,1,1,2,0,0,1,25,4,4,4,4
Public Constructor,"org.apache.pdfbox.pdmodel.interactive.action.PDActionImportData.PDActionImportData()",pdfbox/src/main/java/org/apache/pdfbox/pdmodel/interactive/action/PDActionImportData.java,,,,,,,,,,,,,,,,,,,,,,,,,1,7,0,4,1,1,3,2,1,1,2,1,1,1,1,1,1,,,,,,0,,0,75,1,1,1,1
Public Constructor,"org.apache.pdfbox.pdmodel.interactive.action.PDActionImportData.PDActionImportData(COSDictionary)",pdfbox/src/main/java/org/apache/pdfbox/pdmodel/interactive/action/PDActionImportData.java,,,,,,,,,,,,,,,,,,,,,,,,,2,9,0,4,1,1,5,2,1,1,2,1,1,1,1,1,1,,,,,,0,,1,25,1,1,1,1
Public Method,"org.apache.pdfbox.pdmodel.interactive.action.PDActionImportData.getFile()",pdfbox/src/main/java/org/apache/pdfbox/pdmodel/interactive/action/PDActionImportData.java,,,,,,,,,,,,,,,,,,,,,,,,,2,10,0,4,1,1,6,3,1,1,2,1,1,1,1,1,1,,,,,,0,,1,50,1,1,1,1
Public Method,"org.apache.pdfbox.pdmodel.interactive.action.PDActionImportData.setFile(PDFileSpecification)",pdfbox/src/main/java/org/apache/pdfbox/pdmodel/interactive/action/PDActionImportData.java,,,,,,,,,,,,,,,,,,,,,,,,,3,9,0,4,1,1,5,1,1,1,2,1,1,1,1,1,1,,,,,,0,,1,25,1,1,1,1
Public Class,"org.apache.pdfbox.pdmodel.interactive.action.PDActionJavaScript",pdfbox/src/main/java/org/apache/pdfbox/pdmodel/interactive/action/PDActionJavaScript.java,1,1,1,1,10,0,6,3,1,6,0,,0,1,,,5,0,5,26,0,0,0,5,,69,5,37,8,13,27,,,10,18,8,11,,,,,3,3,3,3,2,1,0,0,73,7,7,7,7
Public Constructor,"org.apache.pdfbox.pdmodel.interactive.action.PDActionJavaScript.PDActionJavaScript()",pdfbox/src/main/java/org/apache/pdfbox/pdmodel/interactive/action/PDActionJavaScript.java,,,,,,,,,,,,,,,,,,,,,,,,,5,7,0,4,1,1,3,2,1,1,2,1,1,1,1,1,1,,,,,,0,,0,75,1,1,1,1
Public Constructor,"org.apache.pdfbox.pdmodel.interactive.action.PDActionJavaScript.PDActionJavaScript(COSDictionary)",pdfbox/src/main/java/org/apache/pdfbox/pdmodel/interactive/action/PDActionJavaScript.java,,,,,,,,,,,,,,,,,,,,,,,,,2,9,0,4,1,1,5,2,1,1,2,1,1,1,1,1,1,,,,,,0,,1,25,1,1,1,1
Public Constructor,"org.apache.pdfbox.pdmodel.interactive.action.PDActionJavaScript.PDActionJavaScript(String)",pdfbox/src/main/java/org/apache/pdfbox/pdmodel/interactive/action/PDActionJavaScript.java,,,,,,,,,,,,,,,,,,,,,,,,,3,10,0,5,1,2,5,3,1,2,3,1,2,1,1,1,1,,,,,,0,,1,00,1,1,1,1
Public Method,"org.apache.pdfbox.pdmodel.interactive.action.PDActionJavaScript.getAction()",pdfbox/src/main/java/org/apache/pdfbox/pdmodel/interactive/action/PDActionJavaScript.java,,,,,,,,,,,,,,,,,,,,,,,,,2,19,0,16,2,7,3,4,3,4,7,2,6,3,3,3,3,,,,,,1,,0,19,3,3,3,3
Public Final Method,"org.apache.pdfbox.pdmodel.interactive.action.PDActionJavaScript.setAction(String)",pdfbox/src/main/java/org/apache/pdfbox/pdmodel/interactive/action/PDActionJavaScript.java,,,,,,,,,,,,,,,,,,,,,,,,,6,7,0,4,1,1,3,1,1,1,2,1,1,1,1,1,1,,,,,,0,,0,75,1,1,1,1
Public Class,"org.apache.pdfbox.pdmodel.interactive.action.PDActionLaunch",pdfbox/src/main/java/org/apache/pdfbox/pdmodel/interactive/action/PDActionLaunch.java,1,1,1,1,12,0,5,6,1,8,0,,0,1,,,16,0,16,37,0,0,0,16,,224,17,92,20,35,115,,,28,48,20,30,,,,,5,3,5,1,2,1,0,1,25,23,21,23,16
Public Constructor,"org.apache.pdfbox.pdmodel.interactive.action.PDActionLaunch.PDActionLaunch()",pdfbox/src/main/java/org/apache/pdfbox/pdmodel/interactive/action/PDActionLaunch.java,,,,,,,,,,,,,,,,,,,,,,,,,1,7,0,4,1,1,3,2,1,1,2,1,1,1,1,1,1,,,,,,0,,0,75,1,1,1,1
Public Constructor,"org.apache.pdfbox.pdmodel.interactive.action.PDActionLaunch.PDActionLaunch(COSDictionary)",pdfbox/src/main/java/org/apache/pdfbox/pdmodel/interactive/action/PDActionLaunch.java,,,,,,,,,,,,,,,,,,,,,,,,,2,9,0,4,1,1,5,2,1,1,2,1,1,1,1,1,1,,,,,,0,,1,25,1,1,1,1
Public Method,"org.apache.pdfbox.pdmodel.interactive.action.PDActionLaunch.getD()",pdfbox/src/main/java/org/apache/pdfbox/pdmodel/interactive/action/PDActionLaunch.java,,,,,,,,,,,,,,,,,,,,,,,,,2,9,0,4,1,1,5,2,1,1,2,1,1,1,1,1,1,,,,,,0,,1,25,1,1,1,1
Public Method,"org.apache.pdfbox.pdmodel.interactive.action.PDActionLaunch.getF()",pdfbox/src/main/java/org/apache/pdfbox/pdmodel/interactive/action/PDActionLaunch.java,,,,,,,,,,,,,,,,,,,,,,,,,2,12,0,4,1,1,8,2,1,1,2,1,1,1,1,1,1,,,,,,0,,2,00,1,1,1,1
Public Method,"org.apache.pdfbox.pdmodel.interactive.action.PDActionLaunch.getFile()",pdfbox/src/main/java/org/apache/pdfbox/pdmodel/interactive/action/PDActionLaunch.java,,,,,,,,,,,,,,,,,,,,,,,,,1,15,0,4,1,1,11,4,1,1,2,1,1,1,1,1,1,,,,,,0,,2,75,1,1,1,1
Public Method,"org.apache.pdfbox.pdmodel.interactive.action.PDActionLaunch.getO()",pdfbox/src/main/java/org/apache/pdfbox/pdmodel/interactive/action/PDActionLaunch.java,,,,,,,,,,,,,,,,,,,,,,,,,2,13,0,4,1,1,9,2,1,1,2,1,1,1,1,1,1,,,,,,0,,2,25,1,1,1,1
Public Method,"org.apache.pdfbox.pdmodel.interactive.action.PDActionLaunch.getOpenInNewWindow()",pdfbox/src/main/java/org/apache/pdfbox/pdmodel/interactive/action/PDActionLaunch.java,,,,,,,,,,,,,,,,,,,,,,,,,4,15,0,9,2,4,6,4,2,3,5,2,4,3,3,3,1,,,,,,1,,0,67,3,3,3,1
Public Method,"org.apache.pdfbox.pdmodel.interactive.action.PDActionLaunch.getP()",pdfbox/src/main/java/org/apache/pdfbox/pdmodel/interactive/action/PDActionLaunch.java,,,,,,,,,,,,,,,,,,,,,,,,,2,10,0,4,1,1,6,2,1,1,2,1,1,1,1,1,1,,,,,,0,,1,50,1,1,1,1
Public Method,"org.apache.pdfbox.pdmodel.interactive.action.PDActionLaunch.getWinLaunchParams()",pdfbox/src/main/java/org/apache/pdfbox/pdmodel/interactive/action/PDActionLaunch.java,,,,,,,,,,,,,,,,,,,,,,,,,2,10,0,5,2,2,5,3,1,2,3,2,2,2,2,2,1,,,,,,0,,1,00,2,2,2,1
Public Method,"org.apache.pdfbox.pdmodel.interactive.action.PDActionLaunch.setD(String)",pdfbox/src/main/java/org/apache/pdfbox/pdmodel/interactive/action/PDActionLaunch.java,,,,,,,,,,,,,,,,,,,,,,,,,3,9,0,4,1,1,5,1,1,1,2,1,1,1,1,1,1,,,,,,0,,1,25,1,1,1,1
Public Method,"org.apache.pdfbox.pdmodel.interactive.action.PDActionLaunch.setF(String)",pdfbox/src/main/java/org/apache/pdfbox/pdmodel/interactive/action/PDActionLaunch.java,,,,,,,,,,,,,,,,,,,,,,,,,3,12,0,4,1,1,8,1,1,1,2,1,1,1,1,1,1,,,,,,0,,2,00,1,1,1,1
Public Method,"org.apache.pdfbox.pdmodel.interactive.action.PDActionLaunch.setFile(PDFileSpecification)",pdfbox/src/main/java/org/apache/pdfbox/pdmodel/interactive/action/PDActionLaunch.java,,,,,,,,,,,,,,,,,,,,,,,,,2,13,0,4,1,1,9,2,1,1,2,1,1,1,1,1,1,,,,,,0,,2,25,1,1,1,1
Public Method,"org.apache.pdfbox.pdmodel.interactive.action.PDActionLaunch.setO(String)",pdfbox/src/main/java/org/apache/pdfbox/pdmodel/interactive/action/PDActionLaunch.java,,,,,,,,,,,,,,,,,,,,,,,,,3,13,0,4,1,1,9,1,1,1,2,1,1,1,1,1,1,,,,,,0,,2,25,1,1,1,1
Public Method,"org.apache.pdfbox.pdmodel.interactive.action.PDActionLaunch.setOpenInNewWindow(OpenMode)",pdfbox/src/main/java/org/apache/pdfbox/pdmodel/interactive/action/PDActionLaunch.java,,,,,,,,,,,,,,,,,,,,,,,,,5,28,0,22,1,15,6,3,5,9,12,1,11,5,3,5,1,,,,,,1,,0,27,5,3,5,1
Public Method,"org.apache.pdfbox.pdmodel.interactive.action.PDActionLaunch.setP(String)",pdfbox/src/main/java/org/apache/pdfbox/pdmodel/interactive/action/PDActionLaunch.java,,,,,,,,,,,,,,,,,,,,,,,,,3,10,0,4,1,1,6,1,1,1,2,1,1,1,1,1,1,,,,,,0,,1,50,1,1,1,1
Public Method,"org.apache.pdfbox.pdmodel.interactive.action.PDActionLaunch.setWinLaunchParams(PDWindowsLaunchParams)",pdfbox/src/main/java/org/apache/pdfbox/pdmodel/interactive/action/PDActionLaunch.java,,,,,,,,,,,,,,,,,,,,,,,,,3,9,0,4,1,1,5,1,1,1,2,1,1,1,1,1,1,,,,,,0,,1,25,1,1,1,1
Public Class,"org.apache.pdfbox.pdmodel.interactive.action.PDActionMovie",pdfbox/src/main/java/org/apache/pdfbox/pdmodel/interactive/action/PDActionMovie.java,1,1,1,1,8,0,4,4,1,2,0,,0,1,,,2,0,2,23,0,0,0,2,,29,3,12,4,3,14,,,3,6,4,2,,,,,1,1,1,1,2,0,0,1,17,2,2,2,2
Public Constructor,"org.apache.pdfbox.pdmodel.interactive.action.PDActionMovie.PDActionMovie()",pdfbox/src/main/java/org/apache/pdfbox/pdmodel/interactive/action/PDActionMovie.java,,,,,,,,,,,,,,,,,,,,,,,,,1,7,0,4,1,1,3,2,1,1,2,1,1,1,1,1,1,,,,,,0,,0,75,1,1,1,1
Public Constructor,"org.apache.pdfbox.pdmodel.interactive.action.PDActionMovie.PDActionMovie(COSDictionary)",pdfbox/src/main/java/org/apache/pdfbox/pdmodel/interactive/action/PDActionMovie.java,,,,,,,,,,,,,,,,,,,,,,,,,2,9,0,4,1,1,5,2,1,1,2,1,1,1,1,1,1,,,,,,0,,1,25,1,1,1,1
Public Class,"org.apache.pdfbox.pdmodel.interactive.action.PDActionNamed",pdfbox/src/main/java/org/apache/pdfbox/pdmodel/interactive/action/PDActionNamed.java,1,1,1,1,8,0,4,4,1,2,0,,0,1,,,4,0,4,25,0,0,0,4,,48,4,20,6,5,24,,,5,10,6,4,,,,,1,1,1,1,2,0,0,1,20,4,4,4,4
Public Constructor,"org.apache.pdfbox.pdmodel.interactive.action.PDActionNamed.PDActionNamed()",pdfbox/src/main/java/org/apache/pdfbox/pdmodel/interactive/action/PDActionNamed.java,,,,,,,,,,,,,,,,,,,,,,,,,1,7,0,4,1,1,3,2,1,1,2,1,1,1,1,1,1,,,,,,0,,0,75,1,1,1,1
Public Constructor,"org.apache.pdfbox.pdmodel.interactive.action.PDActionNamed.PDActionNamed(COSDictionary)",pdfbox/src/main/java/org/apache/pdfbox/pdmodel/interactive/action/PDActionNamed.java,,,,,,,,,,,,,,,,,,,,,,,,,2,9,0,4,1,1,5,2,1,1,2,1,1,1,1,1,1,,,,,,0,,1,25,1,1,1,1
Public Method,"org.apache.pdfbox.pdmodel.interactive.action.PDActionNamed.getN()",pdfbox/src/main/java/org/apache/pdfbox/pdmodel/interactive/action/PDActionNamed.java,,,,,,,,,,,,,,,,,,,,,,,,,1,9,0,4,1,1,5,2,1,1,2,1,1,1,1,1,1,,,,,,0,,1,25,1,1,1,1
Public Method,"org.apache.pdfbox.pdmodel.interactive.action.PDActionNamed.setN(String)",pdfbox/src/main/java/org/apache/pdfbox/pdmodel/interactive/action/PDActionNamed.java,,,,,,,,,,,,,,,,,,,,,,,,,2,9,0,4,1,1,5,1,1,1,2,1,1,1,1,1,1,,,,,,0,,1,25,1,1,1,1
Public Class,"org.apache.pdfbox.pdmodel.interactive.action.PDActionRemoteGoTo",pdfbox/src/main/java/org/apache/pdfbox/pdmodel/interactive/action/PDActionRemoteGoTo.java,1,1,1,1,13,0,6,6,1,8,0,,0,1,,,8,0,8,29,0,0,0,8,,130,10,59,11,26,61,,,19,31,11,21,,,,,5,3,5,1,2,1,0,1,03,14,12,14,8
Public Constructor,"org.apache.pdfbox.pdmodel.interactive.action.PDActionRemoteGoTo.PDActionRemoteGoTo()",pdfbox/src/main/java/org/apache/pdfbox/pdmodel/interactive/action/PDActionRemoteGoTo.java,,,,,,,,,,,,,,,,,,,,,,,,,5,7,0,4,1,1,3,2,1,1,2,1,1,1,1,1,1,,,,,,0,,0,75,1,1,1,1
Public Constructor,"org.apache.pdfbox.pdmodel.interactive.action.PDActionRemoteGoTo.PDActionRemoteGoTo(COSDictionary)",pdfbox/src/main/java/org/apache/pdfbox/pdmodel/interactive/action/PDActionRemoteGoTo.java,,,,,,,,,,,,,,,,,,,,,,,,,2,9,0,4,1,1,5,2,1,1,2,1,1,1,1,1,1,,,,,,0,,1,25,1,1,1,1
Public Method,"org.apache.pdfbox.pdmodel.interactive.action.PDActionRemoteGoTo.getD()",pdfbox/src/main/java/org/apache/pdfbox/pdmodel/interactive/action/PDActionRemoteGoTo.java,,,,,,,,,,,,,,,,,,,,,,,,,2,13,0,4,1,1,9,2,1,1,2,1,1,1,1,1,1,,,,,,0,,2,25,1,1,1,1
Public Method,"org.apache.pdfbox.pdmodel.interactive.action.PDActionRemoteGoTo.getFile()",pdfbox/src/main/java/org/apache/pdfbox/pdmodel/interactive/action/PDActionRemoteGoTo.java,,,,,,,,,,,,,,,,,,,,,,,,,2,11,0,4,1,1,7,3,1,1,2,1,1,1,1,1,1,,,,,,0,,1,75,1,1,1,1
Public Method,"org.apache.pdfbox.pdmodel.interactive.action.PDActionRemoteGoTo.getOpenInNewWindow()",pdfbox/src/main/java/org/apache/pdfbox/pdmodel/interactive/action/PDActionRemoteGoTo.java,,,,,,,,,,,,,,,,,,,,,,,,,4,15,0,9,2,4,6,4,2,3,5,2,4,3,3,3,1,,,,,,1,,0,67,3,3,3,1
Public Method,"org.apache.pdfbox.pdmodel.interactive.action.PDActionRemoteGoTo.setD(COSBase)",pdfbox/src/main/java/org/apache/pdfbox/pdmodel/interactive/action/PDActionRemoteGoTo.java,,,,,,,,,,,,,,,,,,,,,,,,,6,13,0,4,1,1,9,1,1,1,2,1,1,1,1,1,1,,,,,,0,,2,25,1,1,1,1
Public Method,"org.apache.pdfbox.pdmodel.interactive.action.PDActionRemoteGoTo.setFile(PDFileSpecification)",pdfbox/src/main/java/org/apache/pdfbox/pdmodel/interactive/action/PDActionRemoteGoTo.java,,,,,,,,,,,,,,,,,,,,,,,,,6,9,0,4,1,1,5,1,1,1,2,1,1,1,1,1,1,,,,,,0,,1,25,1,1,1,1
Public Method,"org.apache.pdfbox.pdmodel.interactive.action.PDActionRemoteGoTo.setOpenInNewWindow(OpenMode)",pdfbox/src/main/java/org/apache/pdfbox/pdmodel/interactive/action/PDActionRemoteGoTo.java,,,,,,,,,,,,,,,,,,,,,,,,,5,28,0,22,1,15,6,3,5,9,12,1,11,5,3,5,1,,,,,,1,,0,27,5,3,5,1
Public Class,"org.apache.pdfbox.pdmodel.interactive.action.PDActionResetForm",pdfbox/src/main/java/org/apache/pdfbox/pdmodel/interactive/action/PDActionResetForm.java,1,1,1,1,8,0,4,4,1,4,0,,0,1,,,6,0,6,27,0,0,0,6,,67,8,28,8,7,31,,,7,14,8,6,,,,,1,1,1,1,2,0,0,1,11,6,6,6,6
Public Constructor,"org.apache.pdfbox.pdmodel.interactive.action.PDActionResetForm.PDActionResetForm()",pdfbox/src/main/java/org/apache/pdfbox/pdmodel/interactive/action/PDActionResetForm.java,,,,,,,,,,,,,,,,,,,,,,,,,1,7,0,4,1,1,3,2,1,1,2,1,1,1,1,1,1,,,,,,0,,0,75,1,1,1,1
Public Constructor,"org.apache.pdfbox.pdmodel.interactive.action.PDActionResetForm.PDActionResetForm(COSDictionary)",pdfbox/src/main/java/org/apache/pdfbox/pdmodel/interactive/action/PDActionResetForm.java,,,,,,,,,,,,,,,,,,,,,,,,,2,9,0,4,1,1,5,2,1,1,2,1,1,1,1,1,1,,,,,,0,,1,25,1,1,1,1
Public Method,"org.apache.pdfbox.pdmodel.interactive.action.PDActionResetForm.getFields()",pdfbox/src/main/java/org/apache/pdfbox/pdmodel/interactive/action/PDActionResetForm.java,,,,,,,,,,,,,,,,,,,,,,,,,2,10,0,4,1,1,6,2,1,1,2,1,1,1,1,1,1,,,,,,0,,1,50,1,1,1,1
Public Method,"org.apache.pdfbox.pdmodel.interactive.action.PDActionResetForm.getFlags()",pdfbox/src/main/java/org/apache/pdfbox/pdmodel/interactive/action/PDActionResetForm.java,,,,,,,,,,,,,,,,,,,,,,,,,2,9,0,4,1,1,5,2,1,1,2,1,1,1,1,1,1,,,,,,0,,1,25,1,1,1,1
Public Method,"org.apache.pdfbox.pdmodel.interactive.action.PDActionResetForm.setFields(COSArray)",pdfbox/src/main/java/org/apache/pdfbox/pdmodel/interactive/action/PDActionResetForm.java,,,,,,,,,,,,,,,,,,,,,,,,,3,7,0,4,1,1,3,1,1,1,2,1,1,1,1,1,1,,,,,,0,,0,75,1,1,1,1
Public Method,"org.apache.pdfbox.pdmodel.interactive.action.PDActionResetForm.setFlags(int)",pdfbox/src/main/java/org/apache/pdfbox/pdmodel/interactive/action/PDActionResetForm.java,,,,,,,,,,,,,,,,,,,,,,,,,3,7,0,4,1,1,3,1,1,1,2,1,1,1,1,1,1,,,,,,0,,0,75,1,1,1,1
Public Class,"org.apache.pdfbox.pdmodel.interactive.action.PDActionSound",pdfbox/src/main/java/org/apache/pdfbox/pdmodel/interactive/action/PDActionSound.java,1,1,1,1,10,0,4,5,1,5,0,,0,1,,,12,0,12,33,0,0,0,12,,149,13,57,15,16,79,,,15,29,15,15,,,,,2,2,3,1,2,1,0,1,39,14,14,16,12
Public Constructor,"org.apache.pdfbox.pdmodel.interactive.action.PDActionSound.PDActionSound()",pdfbox/src/main/java/org/apache/pdfbox/pdmodel/interactive/action/PDActionSound.java,,,,,,,,,,,,,,,,,,,,,,,,,1,7,0,4,1,1,3,2,1,1,2,1,1,1,1,1,1,,,,,,0,,0,75,1,1,1,1
Public Constructor,"org.apache.pdfbox.pdmodel.interactive.action.PDActionSound.PDActionSound(COSDictionary)",pdfbox/src/main/java/org/apache/pdfbox/pdmodel/interactive/action/PDActionSound.java,,,,,,,,,,,,,,,,,,,,,,,,,2,9,0,4,1,1,5,2,1,1,2,1,1,1,1,1,1,,,,,,0,,1,25,1,1,1,1
Public Method,"org.apache.pdfbox.pdmodel.interactive.action.PDActionSound.getMix()",pdfbox/src/main/java/org/apache/pdfbox/pdmodel/interactive/action/PDActionSound.java,,,,,,,,,,,,,,,,,,,,,,,,,2,11,0,4,1,1,7,2,1,1,2,1,1,1,1,1,1,,,,,,0,,1,75,1,1,1,1
Public Method,"org.apache.pdfbox.pdmodel.interactive.action.PDActionSound.getRepeat()",pdfbox/src/main/java/org/apache/pdfbox/pdmodel/interactive/action/PDActionSound.java,,,,,,,,,,,,,,,,,,,,,,,,,2,9,0,4,1,1,5,2,1,1,2,1,1,1,1,1,1,,,,,,0,,1,25,1,1,1,1
Public Method,"org.apache.pdfbox.pdmodel.interactive.action.PDActionSound.getSound()",pdfbox/src/main/java/org/apache/pdfbox/pdmodel/interactive/action/PDActionSound.java,,,,,,,,,,,,,,,,,,,,,,,,,2,9,0,4,1,1,5,2,1,1,2,1,1,1,1,1,1,,,,,,0,,1,25,1,1,1,1
Public Method,"org.apache.pdfbox.pdmodel.interactive.action.PDActionSound.getSynchronous()",pdfbox/src/main/java/org/apache/pdfbox/pdmodel/interactive/action/PDActionSound.java,,,,,,,,,,,,,,,,,,,,,,,,,2,12,0,4,1,1,8,2,1,1,2,1,1,1,1,1,1,,,,,,0,,2,00,1,1,1,1
Public Method,"org.apache.pdfbox.pdmodel.interactive.action.PDActionSound.getVolume()",pdfbox/src/main/java/org/apache/pdfbox/pdmodel/interactive/action/PDActionSound.java,,,,,,,,,,,,,,,,,,,,,,,,,2,10,0,5,2,2,5,2,1,2,3,2,2,2,2,3,1,,,,,,0,,1,00,2,2,3,1
Public Method,"org.apache.pdfbox.pdmodel.interactive.action.PDActionSound.setMix(boolean)",pdfbox/src/main/java/org/apache/pdfbox/pdmodel/interactive/action/PDActionSound.java,,,,,,,,,,,,,,,,,,,,,,,,,3,12,0,4,1,1,8,1,1,1,2,1,1,1,1,1,1,,,,,,0,,2,00,1,1,1,1
Public Method,"org.apache.pdfbox.pdmodel.interactive.action.PDActionSound.setRepeat(boolean)",pdfbox/src/main/java/org/apache/pdfbox/pdmodel/interactive/action/PDActionSound.java,,,,,,,,,,,,,,,,,,,,,,,,,3,9,0,4,1,1,5,1,1,1,2,1,1,1,1,1,1,,,,,,0,,1,25,1,1,1,1
Public Method,"org.apache.pdfbox.pdmodel.interactive.action.PDActionSound.setSound(COSStream)",pdfbox/src/main/java/org/apache/pdfbox/pdmodel/interactive/action/PDActionSound.java,,,,,,,,,,,,,,,,,,,,,,,,,3,9,0,4,1,1,5,1,1,1,2,1,1,1,1,1,1,,,,,,0,,1,25,1,1,1,1
Public Method,"org.apache.pdfbox.pdmodel.interactive.action.PDActionSound.setSynchronous(boolean)",pdfbox/src/main/java/org/apache/pdfbox/pdmodel/interactive/action/PDActionSound.java,,,,,,,,,,,,,,,,,,,,,,,,,3,11,0,4,1,1,7,1,1,1,2,1,1,1,1,1,1,,,,,,0,,1,75,1,1,1,1
Public Method,"org.apache.pdfbox.pdmodel.interactive.action.PDActionSound.setVolume(float)",pdfbox/src/main/java/org/apache/pdfbox/pdmodel/interactive/action/PDActionSound.java,,,,,,,,,,,,,,,,,,,,,,,,,3,15,0,8,1,3,7,2,2,2,4,1,3,2,2,3,1,,,,,,1,,0,88,2,2,3,1
Public Class,"org.apache.pdfbox.pdmodel.interactive.action.PDActionSubmitForm",pdfbox/src/main/java/org/apache/pdfbox/pdmodel/interactive/action/PDActionSubmitForm.java,1,1,1,1,8,0,4,4,1,6,0,,0,1,,,8,0,8,29,0,0,0,8,,90,10,36,10,9,44,,,9,18,10,8,,,,,1,1,1,1,2,0,0,1,22,8,8,8,8
Public Constructor,"org.apache.pdfbox.pdmodel.interactive.action.PDActionSubmitForm.PDActionSubmitForm()",pdfbox/src/main/java/org/apache/pdfbox/pdmodel/interactive/action/PDActionSubmitForm.java,,,,,,,,,,,,,,,,,,,,,,,,,1,7,0,4,1,1,3,2,1,1,2,1,1,1,1,1,1,,,,,,0,,0,75,1,1,1,1
Public Constructor,"org.apache.pdfbox.pdmodel.interactive.action.PDActionSubmitForm.PDActionSubmitForm(COSDictionary)",pdfbox/src/main/java/org/apache/pdfbox/pdmodel/interactive/action/PDActionSubmitForm.java,,,,,,,,,,,,,,,,,,,,,,,,,2,9,0,4,1,1,5,2,1,1,2,1,1,1,1,1,1,,,,,,0,,1,25,1,1,1,1
Public Method,"org.apache.pdfbox.pdmodel.interactive.action.PDActionSubmitForm.getFields()",pdfbox/src/main/java/org/apache/pdfbox/pdmodel/interactive/action/PDActionSubmitForm.java,,,,,,,,,,,,,,,,,,,,,,,,,2,10,0,4,1,1,6,2,1,1,2,1,1,1,1,1,1,,,,,,0,,1,50,1,1,1,1
Public Method,"org.apache.pdfbox.pdmodel.interactive.action.PDActionSubmitForm.getFile()",pdfbox/src/main/java/org/apache/pdfbox/pdmodel/interactive/action/PDActionSubmitForm.java,,,,,,,,,,,,,,,,,,,,,,,,,2,10,0,4,1,1,6,3,1,1,2,1,1,1,1,1,1,,,,,,0,,1,50,1,1,1,1
Public Method,"org.apache.pdfbox.pdmodel.interactive.action.PDActionSubmitForm.getFlags()",pdfbox/src/main/java/org/apache/pdfbox/pdmodel/interactive/action/PDActionSubmitForm.java,,,,,,,,,,,,,,,,,,,,,,,,,2,9,0,4,1,1,5,2,1,1,2,1,1,1,1,1,1,,,,,,0,,1,25,1,1,1,1
Public Method,"org.apache.pdfbox.pdmodel.interactive.action.PDActionSubmitForm.setFields(COSArray)",pdfbox/src/main/java/org/apache/pdfbox/pdmodel/interactive/action/PDActionSubmitForm.java,,,,,,,,,,,,,,,,,,,,,,,,,3,7,0,4,1,1,3,1,1,1,2,1,1,1,1,1,1,,,,,,0,,0,75,1,1,1,1
Public Method,"org.apache.pdfbox.pdmodel.interactive.action.PDActionSubmitForm.setFile(PDFileSpecification)",pdfbox/src/main/java/org/apache/pdfbox/pdmodel/interactive/action/PDActionSubmitForm.java,,,,,,,,,,,,,,,,,,,,,,,,,3,9,0,4,1,1,5,1,1,1,2,1,1,1,1,1,1,,,,,,0,,1,25,1,1,1,1
Public Method,"org.apache.pdfbox.pdmodel.interactive.action.PDActionSubmitForm.setFlags(int)",pdfbox/src/main/java/org/apache/pdfbox/pdmodel/interactive/action/PDActionSubmitForm.java,,,,,,,,,,,,,,,,,,,,,,,,,3,7,0,4,1,1,3,1,1,1,2,1,1,1,1,1,1,,,,,,0,,0,75,1,1,1,1
Public Class,"org.apache.pdfbox.pdmodel.interactive.action.PDActionThread",pdfbox/src/main/java/org/apache/pdfbox/pdmodel/interactive/action/PDActionThread.java,1,1,1,1,7,0,4,3,1,6,0,,0,1,,,8,0,8,29,0,0,0,8,,88,10,36,10,9,42,,,9,18,10,8,,,,,1,1,1,1,2,0,0,1,17,8,8,8,8
Public Constructor,"org.apache.pdfbox.pdmodel.interactive.action.PDActionThread.PDActionThread()",pdfbox/src/main/java/org/apache/pdfbox/pdmodel/interactive/action/PDActionThread.java,,,,,,,,,,,,,,,,,,,,,,,,,1,7,0,4,1,1,3,2,1,1,2,1,1,1,1,1,1,,,,,,0,,0,75,1,1,1,1
Public Constructor,"org.apache.pdfbox.pdmodel.interactive.action.PDActionThread.PDActionThread(COSDictionary)",pdfbox/src/main/java/org/apache/pdfbox/pdmodel/interactive/action/PDActionThread.java,,,,,,,,,,,,,,,,,,,,,,,,,2,9,0,4,1,1,5,2,1,1,2,1,1,1,1,1,1,,,,,,0,,1,25,1,1,1,1
Public Method,"org.apache.pdfbox.pdmodel.interactive.action.PDActionThread.getB()",pdfbox/src/main/java/org/apache/pdfbox/pdmodel/interactive/action/PDActionThread.java,,,,,,,,,,,,,,,,,,,,,,,,,2,7,0,4,1,1,3,2,1,1,2,1,1,1,1,1,1,,,,,,0,,0,75,1,1,1,1
Public Method,"org.apache.pdfbox.pdmodel.interactive.action.PDActionThread.getD()",pdfbox/src/main/java/org/apache/pdfbox/pdmodel/interactive/action/PDActionThread.java,,,,,,,,,,,,,,,,,,,,,,,,,2,7,0,4,1,1,3,2,1,1,2,1,1,1,1,1,1,,,,,,0,,0,75,1,1,1,1
Public Method,"org.apache.pdfbox.pdmodel.interactive.action.PDActionThread.getFile()",pdfbox/src/main/java/org/apache/pdfbox/pdmodel/interactive/action/PDActionThread.java,,,,,,,,,,,,,,,,,,,,,,,,,2,10,0,4,1,1,6,3,1,1,2,1,1,1,1,1,1,,,,,,0,,1,50,1,1,1,1
Public Method,"org.apache.pdfbox.pdmodel.interactive.action.PDActionThread.setB(COSBase)",pdfbox/src/main/java/org/apache/pdfbox/pdmodel/interactive/action/PDActionThread.java,,,,,,,,,,,,,,,,,,,,,,,,,3,7,0,4,1,1,3,1,1,1,2,1,1,1,1,1,1,,,,,,0,,0,75,1,1,1,1
Public Method,"org.apache.pdfbox.pdmodel.interactive.action.PDActionThread.setD(COSBase)",pdfbox/src/main/java/org/apache/pdfbox/pdmodel/interactive/action/PDActionThread.java,,,,,,,,,,,,,,,,,,,,,,,,,3,7,0,4,1,1,3,1,1,1,2,1,1,1,1,1,1,,,,,,0,,0,75,1,1,1,1
Public Method,"org.apache.pdfbox.pdmodel.interactive.action.PDActionThread.setFile(PDFileSpecification)",pdfbox/src/main/java/org/apache/pdfbox/pdmodel/interactive/action/PDActionThread.java,,,,,,,,,,,,,,,,,,,,,,,,,3,9,0,4,1,1,5,1,1,1,2,1,1,1,1,1,1,,,,,,0,,1,25,1,1,1,1
Public Class,"org.apache.pdfbox.pdmodel.interactive.action.PDActionURI",pdfbox/src/main/java/org/apache/pdfbox/pdmodel/interactive/action/PDActionURI.java,1,1,2,1,13,0,6,6,1,6,0,,0,1,,,6,0,6,27,0,0,0,6,,97,6,45,10,16,46,,,12,23,10,15,,,,,5,5,7,5,2,3,0,1,02,10,10,12,10
Public Constructor,"org.apache.pdfbox.pdmodel.interactive.action.PDActionURI.PDActionURI()",pdfbox/src/main/java/org/apache/pdfbox/pdmodel/interactive/action/PDActionURI.java,,,,,,,,,,,,,,,,,,,,,,,,,10,7,0,4,1,1,3,2,1,1,2,1,1,1,1,1,1,,,,,,0,,0,75,1,1,1,1
Public Constructor,"org.apache.pdfbox.pdmodel.interactive.action.PDActionURI.PDActionURI(COSDictionary)",pdfbox/src/main/java/org/apache/pdfbox/pdmodel/interactive/action/PDActionURI.java,,,,,,,,,,,,,,,,,,,,,,,,,3,9,0,4,1,1,5,2,1,1,2,1,1,1,1,1,1,,,,,,0,,1,25,1,1,1,1
Public Method,"org.apache.pdfbox.pdmodel.interactive.action.PDActionURI.getURI()",pdfbox/src/main/java/org/apache/pdfbox/pdmodel/interactive/action/PDActionURI.java,,,,,,,,,,,,,,,,,,,,,,,,,11,29,0,21,3,10,8,5,5,6,11,3,10,5,5,7,5,,,,,,3,,0,38,5,5,7,5
Public Method,"org.apache.pdfbox.pdmodel.interactive.action.PDActionURI.setTrackMousePosition(boolean)",pdfbox/src/main/java/org/apache/pdfbox/pdmodel/interactive/action/PDActionURI.java,,,,,,,,,,,,,,,,,,,,,,,,,2,10,0,4,1,1,6,1,1,1,2,1,1,1,1,1,1,,,,,,0,,1,50,1,1,1,1
Public Method,"org.apache.pdfbox.pdmodel.interactive.action.PDActionURI.setURI(String)",pdfbox/src/main/java/org/apache/pdfbox/pdmodel/interactive/action/PDActionURI.java,,,,,,,,,,,,,,,,,,,,,,,,,9,10,0,4,1,1,6,1,1,1,2,1,1,1,1,1,1,,,,,,0,,1,50,1,1,1,1
Public Method,"org.apache.pdfbox.pdmodel.interactive.action.PDActionURI.shouldTrackMousePosition()",pdfbox/src/main/java/org/apache/pdfbox/pdmodel/interactive/action/PDActionURI.java,,,,,,,,,,,,,,,,,,,,,,,,,1,13,0,4,1,1,9,2,1,1,2,1,1,1,1,1,1,,,,,,0,,2,25,1,1,1,1
Class,"org.apache.pdfbox.pdmodel.interactive.action.PDActionURITest",pdfbox/src/test/java/org/apache/pdfbox/pdmodel/interactive/action/PDActionURITest.java,1,1,1,1,12,0,8,5,1,7,0,,0,0,,,4,0,4,16,4,0,0,0,,60,5,36,16,17,24,,,15,20,11,15,,,,,1,1,1,1,1,0,0,0,67,4,4,4,4
Method,"org.apache.pdfbox.pdmodel.interactive.action.PDActionURITest.testUTF16BEURI()",pdfbox/src/test/java/org/apache/pdfbox/pdmodel/interactive/action/PDActionURITest.java,,,,,,,,,,,,,,,,,,,,,,,,,1,17,1,10,5,6,7,6,1,4,5,3,4,1,1,1,1,,,,,,0,,0,70,1,1,1,1
Method,"org.apache.pdfbox.pdmodel.interactive.action.PDActionURITest.testUTF16LEURI()",pdfbox/src/test/java/org/apache/pdfbox/pdmodel/interactive/action/PDActionURITest.java,,,,,,,,,,,,,,,,,,,,,,,,,1,14,1,8,4,4,5,6,1,4,5,3,4,1,1,1,1,,,,,,0,,0,62,1,1,1,1
Method,"org.apache.pdfbox.pdmodel.interactive.action.PDActionURITest.testUTF7URI()",pdfbox/src/test/java/org/apache/pdfbox/pdmodel/interactive/action/PDActionURITest.java,,,,,,,,,,,,,,,,,,,,,,,,,0,7,0,7,3,3,2,4,1,3,4,2,3,1,1,1,1,,,,,,0,,0,29,1,1,1,1
Method,"org.apache.pdfbox.pdmodel.interactive.action.PDActionURITest.testUTF8URI()",pdfbox/src/test/java/org/apache/pdfbox/pdmodel/interactive/action/PDActionURITest.java,,,,,,,,,,,,,,,,,,,,,,,,,0,12,0,8,3,4,6,5,1,4,5,2,4,1,1,1,1,,,,,,0,,0,75,1,1,1,1
Public Class,"org.apache.pdfbox.pdmodel.interactive.action.PDAdditionalActions",pdfbox/src/main/java/org/apache/pdfbox/pdmodel/interactive/action/PDAdditionalActions.java,1,1,1,1,8,0,4,4,2,5,0,,0,0,,,5,1,5,17,0,0,0,5,,58,5,25,8,5,28,,,6,12,7,5,,,,,1,1,1,1,1,0,0,1,12,5,5,5,5
Public Constructor,"org.apache.pdfbox.pdmodel.interactive.action.PDAdditionalActions.PDAdditionalActions()",pdfbox/src/main/java/org/apache/pdfbox/pdmodel/interactive/action/PDAdditionalActions.java,,,,,,,,,,,,,,,,,,,,,,,,,0,7,0,4,1,1,3,3,1,1,2,1,1,1,1,1,1,,,,,,0,,0,75,1,1,1,1
Public Constructor,"org.apache.pdfbox.pdmodel.interactive.action.PDAdditionalActions.PDAdditionalActions(COSDictionary)",pdfbox/src/main/java/org/apache/pdfbox/pdmodel/interactive/action/PDAdditionalActions.java,,,,,,,,,,,,,,,,,,,,,,,,,2,9,0,4,1,1,5,2,1,1,2,1,1,1,1,1,1,,,,,,0,,1,25,1,1,1,1
Public Method,"org.apache.pdfbox.pdmodel.interactive.action.PDAdditionalActions.getCOSObject()",pdfbox/src/main/java/org/apache/pdfbox/pdmodel/interactive/action/PDAdditionalActions.java,,,,,,,,,,,,,,,,,,,,,,,,,1,10,0,5,2,1,5,1,1,1,2,1,1,1,1,1,1,,,,,,0,,1,00,1,1,1,1
Public Method,"org.apache.pdfbox.pdmodel.interactive.action.PDAdditionalActions.getF()",pdfbox/src/main/java/org/apache/pdfbox/pdmodel/interactive/action/PDAdditionalActions.java,,,,,,,,,,,,,,,,,,,,,,,,,2,9,0,4,1,1,5,3,1,1,2,1,1,1,1,1,1,,,,,,0,,1,25,1,1,1,1
Public Method,"org.apache.pdfbox.pdmodel.interactive.action.PDAdditionalActions.setF(PDAction)",pdfbox/src/main/java/org/apache/pdfbox/pdmodel/interactive/action/PDAdditionalActions.java,,,,,,,,,,,,,,,,,,,,,,,,,3,9,0,4,1,1,5,1,1,1,2,1,1,1,1,1,1,,,,,,0,,1,25,1,1,1,1
Public Class,"org.apache.pdfbox.pdmodel.interactive.action.PDAnnotationAdditionalActions",pdfbox/src/main/java/org/apache/pdfbox/pdmodel/interactive/action/PDAnnotationAdditionalActions.java,1,1,1,1,10,0,4,6,2,5,0,,0,0,,,23,1,23,35,0,0,0,23,,282,23,107,36,33,152,,,34,58,35,33,,,,,2,2,2,1,1,0,0,1,42,33,33,33,23
Public Constructor,"org.apache.pdfbox.pdmodel.interactive.action.PDAnnotationAdditionalActions.PDAnnotationAdditionalActions()",pdfbox/src/main/java/org/apache/pdfbox/pdmodel/interactive/action/PDAnnotationAdditionalActions.java,,,,,,,,,,,,,,,,,,,,,,,,,2,7,0,4,1,1,3,3,1,1,2,1,1,1,1,1,1,,,,,,0,,0,75,1,1,1,1
Public Constructor,"org.apache.pdfbox.pdmodel.interactive.action.PDAnnotationAdditionalActions.PDAnnotationAdditionalActions(COSDictionary)",pdfbox/src/main/java/org/apache/pdfbox/pdmodel/interactive/action/PDAnnotationAdditionalActions.java,,,,,,,,,,,,,,,,,,,,,,,,,2,9,0,4,1,1,5,2,1,1,2,1,1,1,1,1,1,,,,,,0,,1,25,1,1,1,1
Public Method,"org.apache.pdfbox.pdmodel.interactive.action.PDAnnotationAdditionalActions.getBl()",pdfbox/src/main/java/org/apache/pdfbox/pdmodel/interactive/action/PDAnnotationAdditionalActions.java,,,,,,,,,,,,,,,,,,,,,,,,,2,12,0,5,2,2,7,3,1,2,3,2,2,2,2,2,1,,,,,,0,,1,40,2,2,2,1
Public Method,"org.apache.pdfbox.pdmodel.interactive.action.PDAnnotationAdditionalActions.getCOSObject()",pdfbox/src/main/java/org/apache/pdfbox/pdmodel/interactive/action/PDAnnotationAdditionalActions.java,,,,,,,,,,,,,,,,,,,,,,,,,1,10,0,5,2,1,5,1,1,1,2,1,1,1,1,1,1,,,,,,0,,1,00,1,1,1,1
Public Method,"org.apache.pdfbox.pdmodel.interactive.action.PDAnnotationAdditionalActions.getD()",pdfbox/src/main/java/org/apache/pdfbox/pdmodel/interactive/action/PDAnnotationAdditionalActions.java,,,,,,,,,,,,,,,,,,,,,,,,,2,12,0,5,2,2,7,3,1,2,3,2,2,2,2,2,1,,,,,,0,,1,40,2,2,2,1
Public Method,"org.apache.pdfbox.pdmodel.interactive.action.PDAnnotationAdditionalActions.getE()",pdfbox/src/main/java/org/apache/pdfbox/pdmodel/interactive/action/PDAnnotationAdditionalActions.java,,,,,,,,,,,,,,,,,,,,,,,,,2,11,0,5,2,2,6,3,1,2,3,2,2,2,2,2,1,,,,,,0,,1,20,2,2,2,1
Public Method,"org.apache.pdfbox.pdmodel.interactive.action.PDAnnotationAdditionalActions.getFo()",pdfbox/src/main/java/org/apache/pdfbox/pdmodel/interactive/action/PDAnnotationAdditionalActions.java,,,,,,,,,,,,,,,,,,,,,,,,,2,11,0,5,2,2,6,3,1,2,3,2,2,2,2,2,1,,,,,,0,,1,20,2,2,2,1
Public Method,"org.apache.pdfbox.pdmodel.interactive.action.PDAnnotationAdditionalActions.getPC()",pdfbox/src/main/java/org/apache/pdfbox/pdmodel/interactive/action/PDAnnotationAdditionalActions.java,,,,,,,,,,,,,,,,,,,,,,,,,2,12,0,5,2,2,7,3,1,2,3,2,2,2,2,2,1,,,,,,0,,1,40,2,2,2,1
Public Method,"org.apache.pdfbox.pdmodel.interactive.action.PDAnnotationAdditionalActions.getPI()",pdfbox/src/main/java/org/apache/pdfbox/pdmodel/interactive/action/PDAnnotationAdditionalActions.java,,,,,,,,,,,,,,,,,,,,,,,,,2,11,0,5,2,2,6,3,1,2,3,2,2,2,2,2,1,,,,,,0,,1,20,2,2,2,1
Public Method,"org.apache.pdfbox.pdmodel.interactive.action.PDAnnotationAdditionalActions.getPO()",pdfbox/src/main/java/org/apache/pdfbox/pdmodel/interactive/action/PDAnnotationAdditionalActions.java,,,,,,,,,,,,,,,,,,,,,,,,,2,13,0,5,2,2,8,3,1,2,3,2,2,2,2,2,1,,,,,,0,,1,60,2,2,2,1
Public Method,"org.apache.pdfbox.pdmodel.interactive.action.PDAnnotationAdditionalActions.getPV()",pdfbox/src/main/java/org/apache/pdfbox/pdmodel/interactive/action/PDAnnotationAdditionalActions.java,,,,,,,,,,,,,,,,,,,,,,,,,2,11,0,5,2,2,6,3,1,2,3,2,2,2,2,2,1,,,,,,0,,1,20,2,2,2,1
Public Method,"org.apache.pdfbox.pdmodel.interactive.action.PDAnnotationAdditionalActions.getU()",pdfbox/src/main/java/org/apache/pdfbox/pdmodel/interactive/action/PDAnnotationAdditionalActions.java,,,,,,,,,,,,,,,,,,,,,,,,,2,12,0,5,2,2,7,3,1,2,3,2,2,2,2,2,1,,,,,,0,,1,40,2,2,2,1
Public Method,"org.apache.pdfbox.pdmodel.interactive.action.PDAnnotationAdditionalActions.getX()",pdfbox/src/main/java/org/apache/pdfbox/pdmodel/interactive/action/PDAnnotationAdditionalActions.java,,,,,,,,,,,,,,,,,,,,,,,,,2,11,0,5,2,2,6,3,1,2,3,2,2,2,2,2,1,,,,,,0,,1,20,2,2,2,1
Public Method,"org.apache.pdfbox.pdmodel.interactive.action.PDAnnotationAdditionalActions.setBl(PDAction)",pdfbox/src/main/java/org/apache/pdfbox/pdmodel/interactive/action/PDAnnotationAdditionalActions.java,,,,,,,,,,,,,,,,,,,,,,,,,4,11,0,4,1,1,7,1,1,1,2,1,1,1,1,1,1,,,,,,0,,1,75,1,1,1,1
Public Method,"org.apache.pdfbox.pdmodel.interactive.action.PDAnnotationAdditionalActions.setD(PDAction)",pdfbox/src/main/java/org/apache/pdfbox/pdmodel/interactive/action/PDAnnotationAdditionalActions.java,,,,,,,,,,,,,,,,,,,,,,,,,4,11,0,4,1,1,7,1,1,1,2,1,1,1,1,1,1,,,,,,0,,1,75,1,1,1,1
Public Method,"org.apache.pdfbox.pdmodel.interactive.action.PDAnnotationAdditionalActions.setE(PDAction)",pdfbox/src/main/java/org/apache/pdfbox/pdmodel/interactive/action/PDAnnotationAdditionalActions.java,,,,,,,,,,,,,,,,,,,,,,,,,4,10,0,4,1,1,6,1,1,1,2,1,1,1,1,1,1,,,,,,0,,1,50,1,1,1,1
Public Method,"org.apache.pdfbox.pdmodel.interactive.action.PDAnnotationAdditionalActions.setFo(PDAction)",pdfbox/src/main/java/org/apache/pdfbox/pdmodel/interactive/action/PDAnnotationAdditionalActions.java,,,,,,,,,,,,,,,,,,,,,,,,,4,10,0,4,1,1,6,1,1,1,2,1,1,1,1,1,1,,,,,,0,,1,50,1,1,1,1
Public Method,"org.apache.pdfbox.pdmodel.interactive.action.PDAnnotationAdditionalActions.setPC(PDAction)",pdfbox/src/main/java/org/apache/pdfbox/pdmodel/interactive/action/PDAnnotationAdditionalActions.java,,,,,,,,,,,,,,,,,,,,,,,,,3,11,0,4,1,1,7,1,1,1,2,1,1,1,1,1,1,,,,,,0,,1,75,1,1,1,1
Public Method,"org.apache.pdfbox.pdmodel.interactive.action.PDAnnotationAdditionalActions.setPI(PDAction)",pdfbox/src/main/java/org/apache/pdfbox/pdmodel/interactive/action/PDAnnotationAdditionalActions.java,,,,,,,,,,,,,,,,,,,,,,,,,3,10,0,4,1,1,6,1,1,1,2,1,1,1,1,1,1,,,,,,0,,1,50,1,1,1,1
Public Method,"org.apache.pdfbox.pdmodel.interactive.action.PDAnnotationAdditionalActions.setPO(PDAction)",pdfbox/src/main/java/org/apache/pdfbox/pdmodel/interactive/action/PDAnnotationAdditionalActions.java,,,,,,,,,,,,,,,,,,,,,,,,,3,12,0,4,1,1,8,1,1,1,2,1,1,1,1,1,1,,,,,,0,,2,00,1,1,1,1
Public Method,"org.apache.pdfbox.pdmodel.interactive.action.PDAnnotationAdditionalActions.setPV(PDAction)",pdfbox/src/main/java/org/apache/pdfbox/pdmodel/interactive/action/PDAnnotationAdditionalActions.java,,,,,,,,,,,,,,,,,,,,,,,,,3,10,0,4,1,1,6,1,1,1,2,1,1,1,1,1,1,,,,,,0,,1,50,1,1,1,1
Public Method,"org.apache.pdfbox.pdmodel.interactive.action.PDAnnotationAdditionalActions.setU(PDAction)",pdfbox/src/main/java/org/apache/pdfbox/pdmodel/interactive/action/PDAnnotationAdditionalActions.java,,,,,,,,,,,,,,,,,,,,,,,,,5,11,0,4,1,1,7,1,1,1,2,1,1,1,1,1,1,,,,,,0,,1,75,1,1,1,1
Public Method,"org.apache.pdfbox.pdmodel.interactive.action.PDAnnotationAdditionalActions.setX(PDAction)",pdfbox/src/main/java/org/apache/pdfbox/pdmodel/interactive/action/PDAnnotationAdditionalActions.java,,,,,,,,,,,,,,,,,,,,,,,,,4,10,0,4,1,1,6,1,1,1,2,1,1,1,1,1,1,,,,,,0,,1,50,1,1,1,1
Public Class,"org.apache.pdfbox.pdmodel.interactive.action.PDDocumentCatalogAdditionalActions",pdfbox/src/main/java/org/apache/pdfbox/pdmodel/interactive/action/PDDocumentCatalogAdditionalActions.java,1,1,1,1,10,0,4,6,2,5,0,,0,0,,,13,1,13,25,0,0,0,13,,165,13,62,21,18,90,,,19,33,20,18,,,,,2,2,2,1,1,0,0,1,45,18,18,18,13
Public Constructor,"org.apache.pdfbox.pdmodel.interactive.action.PDDocumentCatalogAdditionalActions.PDDocumentCatalogAdditionalActions()",pdfbox/src/main/java/org/apache/pdfbox/pdmodel/interactive/action/PDDocumentCatalogAdditionalActions.java,,,,,,,,,,,,,,,,,,,,,,,,,0,7,0,4,1,1,3,3,1,1,2,1,1,1,1,1,1,,,,,,0,,0,75,1,1,1,1
Public Constructor,"org.apache.pdfbox.pdmodel.interactive.action.PDDocumentCatalogAdditionalActions.PDDocumentCatalogAdditionalActions(COSDictionary)",pdfbox/src/main/java/org/apache/pdfbox/pdmodel/interactive/action/PDDocumentCatalogAdditionalActions.java,,,,,,,,,,,,,,,,,,,,,,,,,2,9,0,4,1,1,5,2,1,1,2,1,1,1,1,1,1,,,,,,0,,1,25,1,1,1,1
Public Method,"org.apache.pdfbox.pdmodel.interactive.action.PDDocumentCatalogAdditionalActions.getCOSObject()",pdfbox/src/main/java/org/apache/pdfbox/pdmodel/interactive/action/PDDocumentCatalogAdditionalActions.java,,,,,,,,,,,,,,,,,,,,,,,,,1,10,0,5,2,1,5,1,1,1,2,1,1,1,1,1,1,,,,,,0,,1,00,1,1,1,1
Public Method,"org.apache.pdfbox.pdmodel.interactive.action.PDDocumentCatalogAdditionalActions.getDP()",pdfbox/src/main/java/org/apache/pdfbox/pdmodel/interactive/action/PDDocumentCatalogAdditionalActions.java,,,,,,,,,,,,,,,,,,,,,,,,,2,12,0,5,2,2,7,3,1,2,3,2,2,2,2,2,1,,,,,,0,,1,40,2,2,2,1
Public Method,"org.apache.pdfbox.pdmodel.interactive.action.PDDocumentCatalogAdditionalActions.getDS()",pdfbox/src/main/java/org/apache/pdfbox/pdmodel/interactive/action/PDDocumentCatalogAdditionalActions.java,,,,,,,,,,,,,,,,,,,,,,,,,2,12,0,5,2,2,7,3,1,2,3,2,2,2,2,2,1,,,,,,0,,1,40,2,2,2,1
Public Method,"org.apache.pdfbox.pdmodel.interactive.action.PDDocumentCatalogAdditionalActions.getWC()",pdfbox/src/main/java/org/apache/pdfbox/pdmodel/interactive/action/PDDocumentCatalogAdditionalActions.java,,,,,,,,,,,,,,,,,,,,,,,,,2,12,0,5,2,2,7,3,1,2,3,2,2,2,2,2,1,,,,,,0,,1,40,2,2,2,1
Public Method,"org.apache.pdfbox.pdmodel.interactive.action.PDDocumentCatalogAdditionalActions.getWP()",pdfbox/src/main/java/org/apache/pdfbox/pdmodel/interactive/action/PDDocumentCatalogAdditionalActions.java,,,,,,,,,,,,,,,,,,,,,,,,,2,12,0,5,2,2,7,3,1,2,3,2,2,2,2,2,1,,,,,,0,,1,40,2,2,2,1
Public Method,"org.apache.pdfbox.pdmodel.interactive.action.PDDocumentCatalogAdditionalActions.getWS()",pdfbox/src/main/java/org/apache/pdfbox/pdmodel/interactive/action/PDDocumentCatalogAdditionalActions.java,,,,,,,,,,,,,,,,,,,,,,,,,2,12,0,5,2,2,7,3,1,2,3,2,2,2,2,2,1,,,,,,0,,1,40,2,2,2,1
Public Method,"org.apache.pdfbox.pdmodel.interactive.action.PDDocumentCatalogAdditionalActions.setDP(PDAction)",pdfbox/src/main/java/org/apache/pdfbox/pdmodel/interactive/action/PDDocumentCatalogAdditionalActions.java,,,,,,,,,,,,,,,,,,,,,,,,,3,11,0,4,1,1,7,1,1,1,2,1,1,1,1,1,1,,,,,,0,,1,75,1,1,1,1
Public Method,"org.apache.pdfbox.pdmodel.interactive.action.PDDocumentCatalogAdditionalActions.setDS(PDAction)",pdfbox/src/main/java/org/apache/pdfbox/pdmodel/interactive/action/PDDocumentCatalogAdditionalActions.java,,,,,,,,,,,,,,,,,,,,,,,,,3,11,0,4,1,1,7,1,1,1,2,1,1,1,1,1,1,,,,,,0,,1,75,1,1,1,1
Public Method,"org.apache.pdfbox.pdmodel.interactive.action.PDDocumentCatalogAdditionalActions.setWC(PDAction)",pdfbox/src/main/java/org/apache/pdfbox/pdmodel/interactive/action/PDDocumentCatalogAdditionalActions.java,,,,,,,,,,,,,,,,,,,,,,,,,3,11,0,4,1,1,7,1,1,1,2,1,1,1,1,1,1,,,,,,0,,1,75,1,1,1,1
Public Method,"org.apache.pdfbox.pdmodel.interactive.action.PDDocumentCatalogAdditionalActions.setWP(PDAction)",pdfbox/src/main/java/org/apache/pdfbox/pdmodel/interactive/action/PDDocumentCatalogAdditionalActions.java,,,,,,,,,,,,,,,,,,,,,,,,,3,11,0,4,1,1,7,1,1,1,2,1,1,1,1,1,1,,,,,,0,,1,75,1,1,1,1
Public Method,"org.apache.pdfbox.pdmodel.interactive.action.PDDocumentCatalogAdditionalActions.setWS(PDAction)",pdfbox/src/main/java/org/apache/pdfbox/pdmodel/interactive/action/PDDocumentCatalogAdditionalActions.java,,,,,,,,,,,,,,,,,,,,,,,,,3,11,0,4,1,1,7,1,1,1,2,1,1,1,1,1,1,,,,,,0,,1,75,1,1,1,1
Public Class,"org.apache.pdfbox.pdmodel.interactive.action.PDFormFieldAdditionalActions",pdfbox/src/main/java/org/apache/pdfbox/pdmodel/interactive/action/PDFormFieldAdditionalActions.java,1,1,1,1,11,0,4,7,2,5,0,,0,0,,,11,1,11,23,0,0,0,11,,148,11,53,18,15,84,,,16,28,17,15,,,,,2,2,2,1,1,0,0,1,58,15,15,15,11
Public Constructor,"org.apache.pdfbox.pdmodel.interactive.action.PDFormFieldAdditionalActions.PDFormFieldAdditionalActions()",pdfbox/src/main/java/org/apache/pdfbox/pdmodel/interactive/action/PDFormFieldAdditionalActions.java,,,,,,,,,,,,,,,,,,,,,,,,,1,7,0,4,1,1,3,3,1,1,2,1,1,1,1,1,1,,,,,,0,,0,75,1,1,1,1
Public Constructor,"org.apache.pdfbox.pdmodel.interactive.action.PDFormFieldAdditionalActions.PDFormFieldAdditionalActions(COSDictionary)",pdfbox/src/main/java/org/apache/pdfbox/pdmodel/interactive/action/PDFormFieldAdditionalActions.java,,,,,,,,,,,,,,,,,,,,,,,,,2,9,0,4,1,1,5,2,1,1,2,1,1,1,1,1,1,,,,,,0,,1,25,1,1,1,1
Public Method,"org.apache.pdfbox.pdmodel.interactive.action.PDFormFieldAdditionalActions.getC()",pdfbox/src/main/java/org/apache/pdfbox/pdmodel/interactive/action/PDFormFieldAdditionalActions.java,,,,,,,,,,,,,,,,,,,,,,,,,2,14,0,5,2,2,9,3,1,2,3,2,2,2,2,2,1,,,,,,0,,1,80,2,2,2,1
Public Method,"org.apache.pdfbox.pdmodel.interactive.action.PDFormFieldAdditionalActions.getCOSObject()",pdfbox/src/main/java/org/apache/pdfbox/pdmodel/interactive/action/PDFormFieldAdditionalActions.java,,,,,,,,,,,,,,,,,,,,,,,,,2,10,0,5,2,1,5,1,1,1,2,1,1,1,1,1,1,,,,,,0,,1,00,1,1,1,1
Public Method,"org.apache.pdfbox.pdmodel.interactive.action.PDFormFieldAdditionalActions.getF()",pdfbox/src/main/java/org/apache/pdfbox/pdmodel/interactive/action/PDFormFieldAdditionalActions.java,,,,,,,,,,,,,,,,,,,,,,,,,3,12,0,5,2,2,7,3,1,2,3,2,2,2,2,2,1,,,,,,0,,1,40,2,2,2,1
Public Method,"org.apache.pdfbox.pdmodel.interactive.action.PDFormFieldAdditionalActions.getK()",pdfbox/src/main/java/org/apache/pdfbox/pdmodel/interactive/action/PDFormFieldAdditionalActions.java,,,,,,,,,,,,,,,,,,,,,,,,,2,13,0,5,2,2,8,3,1,2,3,2,2,2,2,2,1,,,,,,0,,1,60,2,2,2,1
Public Method,"org.apache.pdfbox.pdmodel.interactive.action.PDFormFieldAdditionalActions.getV()",pdfbox/src/main/java/org/apache/pdfbox/pdmodel/interactive/action/PDFormFieldAdditionalActions.java,,,,,,,,,,,,,,,,,,,,,,,,,2,13,0,5,2,2,8,3,1,2,3,2,2,2,2,2,1,,,,,,0,,1,60,2,2,2,1
Public Method,"org.apache.pdfbox.pdmodel.interactive.action.PDFormFieldAdditionalActions.setC(PDAction)",pdfbox/src/main/java/org/apache/pdfbox/pdmodel/interactive/action/PDFormFieldAdditionalActions.java,,,,,,,,,,,,,,,,,,,,,,,,,4,13,0,4,1,1,9,1,1,1,2,1,1,1,1,1,1,,,,,,0,,2,25,1,1,1,1
Public Method,"org.apache.pdfbox.pdmodel.interactive.action.PDFormFieldAdditionalActions.setF(PDAction)",pdfbox/src/main/java/org/apache/pdfbox/pdmodel/interactive/action/PDFormFieldAdditionalActions.java,,,,,,,,,,,,,,,,,,,,,,,,,4,11,0,4,1,1,7,1,1,1,2,1,1,1,1,1,1,,,,,,0,,1,75,1,1,1,1
Public Method,"org.apache.pdfbox.pdmodel.interactive.action.PDFormFieldAdditionalActions.setK(PDAction)",pdfbox/src/main/java/org/apache/pdfbox/pdmodel/interactive/action/PDFormFieldAdditionalActions.java,,,,,,,,,,,,,,,,,,,,,,,,,4,12,0,4,1,1,8,1,1,1,2,1,1,1,1,1,1,,,,,,0,,2,00,1,1,1,1
Public Method,"org.apache.pdfbox.pdmodel.interactive.action.PDFormFieldAdditionalActions.setV(PDAction)",pdfbox/src/main/java/org/apache/pdfbox/pdmodel/interactive/action/PDFormFieldAdditionalActions.java,,,,,,,,,,,,,,,,,,,,,,,,,3,12,0,4,1,1,8,1,1,1,2,1,1,1,1,1,1,,,,,,0,,2,00,1,1,1,1
Public Class,"org.apache.pdfbox.pdmodel.interactive.action.PDPageAdditionalActions",pdfbox/src/main/java/org/apache/pdfbox/pdmodel/interactive/action/PDPageAdditionalActions.java,1,1,1,1,10,0,4,6,2,5,0,,0,0,,,7,1,7,19,0,0,0,7,,92,7,35,12,9,50,,,10,18,11,9,,,,,2,2,2,1,1,0,0,1,43,9,9,9,7
Public Constructor,"org.apache.pdfbox.pdmodel.interactive.action.PDPageAdditionalActions.PDPageAdditionalActions()",pdfbox/src/main/java/org/apache/pdfbox/pdmodel/interactive/action/PDPageAdditionalActions.java,,,,,,,,,,,,,,,,,,,,,,,,,0,7,0,4,1,1,3,3,1,1,2,1,1,1,1,1,1,,,,,,0,,0,75,1,1,1,1
Public Constructor,"org.apache.pdfbox.pdmodel.interactive.action.PDPageAdditionalActions.PDPageAdditionalActions(COSDictionary)",pdfbox/src/main/java/org/apache/pdfbox/pdmodel/interactive/action/PDPageAdditionalActions.java,,,,,,,,,,,,,,,,,,,,,,,,,2,9,0,4,1,1,5,2,1,1,2,1,1,1,1,1,1,,,,,,0,,1,25,1,1,1,1
Public Method,"org.apache.pdfbox.pdmodel.interactive.action.PDPageAdditionalActions.getC()",pdfbox/src/main/java/org/apache/pdfbox/pdmodel/interactive/action/PDPageAdditionalActions.java,,,,,,,,,,,,,,,,,,,,,,,,,2,12,0,5,2,2,7,3,1,2,3,2,2,2,2,2,1,,,,,,0,,1,40,2,2,2,1
Public Method,"org.apache.pdfbox.pdmodel.interactive.action.PDPageAdditionalActions.getCOSObject()",pdfbox/src/main/java/org/apache/pdfbox/pdmodel/interactive/action/PDPageAdditionalActions.java,,,,,,,,,,,,,,,,,,,,,,,,,1,10,0,5,2,1,5,1,1,1,2,1,1,1,1,1,1,,,,,,0,,1,00,1,1,1,1
Public Method,"org.apache.pdfbox.pdmodel.interactive.action.PDPageAdditionalActions.getO()",pdfbox/src/main/java/org/apache/pdfbox/pdmodel/interactive/action/PDPageAdditionalActions.java,,,,,,,,,,,,,,,,,,,,,,,,,2,13,0,5,2,2,8,3,1,2,3,2,2,2,2,2,1,,,,,,0,,1,60,2,2,2,1
Public Method,"org.apache.pdfbox.pdmodel.interactive.action.PDPageAdditionalActions.setC(PDAction)",pdfbox/src/main/java/org/apache/pdfbox/pdmodel/interactive/action/PDPageAdditionalActions.java,,,,,,,,,,,,,,,,,,,,,,,,,3,11,0,4,1,1,7,1,1,1,2,1,1,1,1,1,1,,,,,,0,,1,75,1,1,1,1
Public Method,"org.apache.pdfbox.pdmodel.interactive.action.PDPageAdditionalActions.setO(PDAction)",pdfbox/src/main/java/org/apache/pdfbox/pdmodel/interactive/action/PDPageAdditionalActions.java,,,,,,,,,,,,,,,,,,,,,,,,,3,12,0,4,1,1,8,1,1,1,2,1,1,1,1,1,1,,,,,,0,,2,00,1,1,1,1
Public Class,"org.apache.pdfbox.pdmodel.interactive.action.PDTargetDirectory",pdfbox/src/main/java/org/apache/pdfbox/pdmodel/interactive/action/PDTargetDirectory.java,1,1,1,1,11,0,5,6,2,8,0,,0,0,,,17,1,17,29,0,0,0,17,,231,17,104,22,32,110,,,25,48,21,29,,,,,2,2,3,1,1,1,0,1,06,23,23,24,17
Public Constructor,"org.apache.pdfbox.pdmodel.interactive.action.PDTargetDirectory.PDTargetDirectory()",pdfbox/src/main/java/org/apache/pdfbox/pdmodel/interactive/action/PDTargetDirectory.java,,,,,,,,,,,,,,,,,,,,,,,,,0,7,0,4,1,1,3,3,1,1,2,1,1,1,1,1,1,,,,,,0,,0,75,1,1,1,1
Public Constructor,"org.apache.pdfbox.pdmodel.interactive.action.PDTargetDirectory.PDTargetDirectory(COSDictionary)",pdfbox/src/main/java/org/apache/pdfbox/pdmodel/interactive/action/PDTargetDirectory.java,,,,,,,,,,,,,,,,,,,,,,,,,3,9,0,4,1,1,5,2,1,1,2,1,1,1,1,1,1,,,,,,0,,1,25,1,1,1,1
Public Method,"org.apache.pdfbox.pdmodel.interactive.action.PDTargetDirectory.getAnnotationIndex()",pdfbox/src/main/java/org/apache/pdfbox/pdmodel/interactive/action/PDTargetDirectory.java,,,,,,,,,,,,,,,,,,,,,,,,,2,10,0,4,1,1,6,2,1,1,2,1,1,1,1,1,1,,,,,,0,,1,50,1,1,1,1
Public Method,"org.apache.pdfbox.pdmodel.interactive.action.PDTargetDirectory.getAnnotationName()",pdfbox/src/main/java/org/apache/pdfbox/pdmodel/interactive/action/PDTargetDirectory.java,,,,,,,,,,,,,,,,,,,,,,,,,2,11,0,4,1,1,7,2,1,1,2,1,1,1,1,1,1,,,,,,0,,1,75,1,1,1,1
Public Method,"org.apache.pdfbox.pdmodel.interactive.action.PDTargetDirectory.getCOSObject()",pdfbox/src/main/java/org/apache/pdfbox/pdmodel/interactive/action/PDTargetDirectory.java,,,,,,,,,,,,,,,,,,,,,,,,,1,10,0,5,2,1,5,1,1,1,2,1,1,1,1,1,1,,,,,,0,,1,00,1,1,1,1
Public Method,"org.apache.pdfbox.pdmodel.interactive.action.PDTargetDirectory.getFilename()",pdfbox/src/main/java/org/apache/pdfbox/pdmodel/interactive/action/PDTargetDirectory.java,,,,,,,,,,,,,,,,,,,,,,,,,2,10,0,4,1,1,6,2,1,1,2,1,1,1,1,1,1,,,,,,0,,1,50,1,1,1,1
Public Method,"org.apache.pdfbox.pdmodel.interactive.action.PDTargetDirectory.getNamedDestination()",pdfbox/src/main/java/org/apache/pdfbox/pdmodel/interactive/action/PDTargetDirectory.java,,,,,,,,,,,,,,,,,,,,,,,,,2,15,0,9,2,4,6,3,2,3,5,2,4,2,2,2,1,,,,,,1,,0,67,2,2,2,1
Public Method,"org.apache.pdfbox.pdmodel.interactive.action.PDTargetDirectory.getPageNumber()",pdfbox/src/main/java/org/apache/pdfbox/pdmodel/interactive/action/PDTargetDirectory.java,,,,,,,,,,,,,,,,,,,,,,,,,2,10,0,4,1,1,6,2,1,1,2,1,1,1,1,1,1,,,,,,0,,1,50,1,1,1,1
Public Method,"org.apache.pdfbox.pdmodel.interactive.action.PDTargetDirectory.getRelationship()",pdfbox/src/main/java/org/apache/pdfbox/pdmodel/interactive/action/PDTargetDirectory.java,,,,,,,,,,,,,,,,,,,,,,,,,2,12,0,4,1,1,8,2,1,1,2,1,1,1,1,1,1,,,,,,0,,2,00,1,1,1,1
Public Method,"org.apache.pdfbox.pdmodel.interactive.action.PDTargetDirectory.getTargetDirectory()",pdfbox/src/main/java/org/apache/pdfbox/pdmodel/interactive/action/PDTargetDirectory.java,,,,,,,,,,,,,,,,,,,,,,,,,2,12,0,5,2,2,7,3,1,2,3,2,2,2,2,2,1,,,,,,0,,1,40,2,2,2,1
Public Method,"org.apache.pdfbox.pdmodel.interactive.action.PDTargetDirectory.setAnnotationIndex(int)",pdfbox/src/main/java/org/apache/pdfbox/pdmodel/interactive/action/PDTargetDirectory.java,,,,,,,,,,,,,,,,,,,,,,,,,3,17,0,11,1,4,6,2,2,2,4,1,3,2,2,2,1,,,,,,1,,0,55,2,2,2,1
Public Method,"org.apache.pdfbox.pdmodel.interactive.action.PDTargetDirectory.setAnnotationName(String)",pdfbox/src/main/java/org/apache/pdfbox/pdmodel/interactive/action/PDTargetDirectory.java,,,,,,,,,,,,,,,,,,,,,,,,,3,9,0,4,1,1,5,1,1,1,2,1,1,1,1,1,1,,,,,,0,,1,25,1,1,1,1
Public Method,"org.apache.pdfbox.pdmodel.interactive.action.PDTargetDirectory.setFilename(String)",pdfbox/src/main/java/org/apache/pdfbox/pdmodel/interactive/action/PDTargetDirectory.java,,,,,,,,,,,,,,,,,,,,,,,,,3,10,0,4,1,1,6,1,1,1,2,1,1,1,1,1,1,,,,,,0,,1,50,1,1,1,1
Public Method,"org.apache.pdfbox.pdmodel.interactive.action.PDTargetDirectory.setNamedDestination(PDNamedDestination)",pdfbox/src/main/java/org/apache/pdfbox/pdmodel/interactive/action/PDTargetDirectory.java,,,,,,,,,,,,,,,,,,,,,,,,,3,17,0,11,1,4,6,2,2,2,4,1,3,2,2,2,1,,,,,,1,,0,55,2,2,2,1
Public Method,"org.apache.pdfbox.pdmodel.interactive.action.PDTargetDirectory.setPageNumber(int)",pdfbox/src/main/java/org/apache/pdfbox/pdmodel/interactive/action/PDTargetDirectory.java,,,,,,,,,,,,,,,,,,,,,,,,,3,17,0,11,1,4,6,2,2,2,4,1,3,2,2,2,1,,,,,,1,,0,55,2,2,2,1
Public Method,"org.apache.pdfbox.pdmodel.interactive.action.PDTargetDirectory.setRelationship(COSName)",pdfbox/src/main/java/org/apache/pdfbox/pdmodel/interactive/action/PDTargetDirectory.java,,,,,,,,,,,,,,,,,,,,,,,,,5,17,0,8,1,3,9,4,2,2,4,1,3,2,2,3,1,,,,,,1,,1,12,2,2,3,1
Public Method,"org.apache.pdfbox.pdmodel.interactive.action.PDTargetDirectory.setTargetDirectory(PDTargetDirectory)",pdfbox/src/main/java/org/apache/pdfbox/pdmodel/interactive/action/PDTargetDirectory.java,,,,,,,,,,,,,,,,,,,,,,,,,3,10,0,4,1,1,6,1,1,1,2,1,1,1,1,1,1,,,,,,0,,1,50,1,1,1,1
Public Class,"org.apache.pdfbox.pdmodel.interactive.action.PDURIDictionary",pdfbox/src/main/java/org/apache/pdfbox/pdmodel/interactive/action/PDURIDictionary.java,1,1,1,1,10,0,4,6,2,3,0,,0,0,,,5,1,5,17,0,0,0,5,,69,7,25,8,5,37,,,6,12,7,5,,,,,1,1,1,1,1,0,40,1,48,5,5,5,5
Public Constructor,"org.apache.pdfbox.pdmodel.interactive.action.PDURIDictionary.PDURIDictionary()",pdfbox/src/main/java/org/apache/pdfbox/pdmodel/interactive/action/PDURIDictionary.java,,,,,,,,,,,,,,,,,,,,,,,,,0,8,0,4,1,1,4,3,1,1,2,1,1,1,1,1,1,,,,,,0,,1,00,1,1,1,1
Public Constructor,"org.apache.pdfbox.pdmodel.interactive.action.PDURIDictionary.PDURIDictionary(COSDictionary)",pdfbox/src/main/java/org/apache/pdfbox/pdmodel/interactive/action/PDURIDictionary.java,,,,,,,,,,,,,,,,,,,,,,,,,2,9,0,4,1,1,5,2,1,1,2,1,1,1,1,1,1,,,,,,0,,1,25,1,1,1,1
Public Method,"org.apache.pdfbox.pdmodel.interactive.action.PDURIDictionary.getBase()",pdfbox/src/main/java/org/apache/pdfbox/pdmodel/interactive/action/PDURIDictionary.java,,,,,,,,,,,,,,,,,,,,,,,,,0,14,0,4,1,1,10,3,1,1,2,1,1,1,1,1,1,,,,,,0,,2,50,1,1,1,1
Public Method,"org.apache.pdfbox.pdmodel.interactive.action.PDURIDictionary.getCOSObject()",pdfbox/src/main/java/org/apache/pdfbox/pdmodel/interactive/action/PDURIDictionary.java,,,,,,,,,,,,,,,,,,,,,,,,,3,9,0,5,2,1,4,1,1,1,2,1,1,1,1,1,1,,,,,,0,,0,80,1,1,1,1
Public Method,"org.apache.pdfbox.pdmodel.interactive.action.PDURIDictionary.setBase(String)",pdfbox/src/main/java/org/apache/pdfbox/pdmodel/interactive/action/PDURIDictionary.java,,,,,,,,,,,,,,,,,,,,,,,,,1,14,0,4,1,1,10,2,1,1,2,1,1,1,1,1,1,,,,,,0,,2,50,1,1,1,1
Public Class,"org.apache.pdfbox.pdmodel.interactive.action.PDWindowsLaunchParams",pdfbox/src/main/java/org/apache/pdfbox/pdmodel/interactive/action/PDWindowsLaunchParams.java,1,1,1,1,9,0,4,5,2,4,0,,0,2,,,11,1,11,23,0,0,0,11,,133,12,51,16,13,70,,,14,26,15,11,,,,,1,1,1,1,1,0,0,1,37,11,11,11,11
Public Constructor,"org.apache.pdfbox.pdmodel.interactive.action.PDWindowsLaunchParams.PDWindowsLaunchParams()",pdfbox/src/main/java/org/apache/pdfbox/pdmodel/interactive/action/PDWindowsLaunchParams.java,,,,,,,,,,,,,,,,,,,,,,,,,0,7,0,4,1,1,3,3,1,1,2,1,1,1,1,1,1,,,,,,0,,0,75,1,1,1,1
Public Constructor,"org.apache.pdfbox.pdmodel.interactive.action.PDWindowsLaunchParams.PDWindowsLaunchParams(COSDictionary)",pdfbox/src/main/java/org/apache/pdfbox/pdmodel/interactive/action/PDWindowsLaunchParams.java,,,,,,,,,,,,,,,,,,,,,,,,,2,9,0,4,1,1,5,2,1,1,2,1,1,1,1,1,1,,,,,,0,,1,25,1,1,1,1
Public Method,"org.apache.pdfbox.pdmodel.interactive.action.PDWindowsLaunchParams.getCOSObject()",pdfbox/src/main/java/org/apache/pdfbox/pdmodel/interactive/action/PDWindowsLaunchParams.java,,,,,,,,,,,,,,,,,,,,,,,,,1,10,0,5,2,1,5,1,1,1,2,1,1,1,1,1,1,,,,,,0,,1,00,1,1,1,1
Public Method,"org.apache.pdfbox.pdmodel.interactive.action.PDWindowsLaunchParams.getDirectory()",pdfbox/src/main/java/org/apache/pdfbox/pdmodel/interactive/action/PDWindowsLaunchParams.java,,,,,,,,,,,,,,,,,,,,,,,,,2,9,0,4,1,1,5,2,1,1,2,1,1,1,1,1,1,,,,,,0,,1,25,1,1,1,1
Public Method,"org.apache.pdfbox.pdmodel.interactive.action.PDWindowsLaunchParams.getExecuteParam()",pdfbox/src/main/java/org/apache/pdfbox/pdmodel/interactive/action/PDWindowsLaunchParams.java,,,,,,,,,,,,,,,,,,,,,,,,,2,9,0,4,1,1,5,2,1,1,2,1,1,1,1,1,1,,,,,,0,,1,25,1,1,1,1
Public Method,"org.apache.pdfbox.pdmodel.interactive.action.PDWindowsLaunchParams.getFilename()",pdfbox/src/main/java/org/apache/pdfbox/pdmodel/interactive/action/PDWindowsLaunchParams.java,,,,,,,,,,,,,,,,,,,,,,,,,2,9,0,4,1,1,5,2,1,1,2,1,1,1,1,1,1,,,,,,0,,1,25,1,1,1,1
Public Method,"org.apache.pdfbox.pdmodel.interactive.action.PDWindowsLaunchParams.getOperation()",pdfbox/src/main/java/org/apache/pdfbox/pdmodel/interactive/action/PDWindowsLaunchParams.java,,,,,,,,,,,,,,,,,,,,,,,,,3,12,0,4,1,1,8,2,1,1,2,1,1,1,1,1,1,,,,,,0,,2,00,1,1,1,1
Public Method,"org.apache.pdfbox.pdmodel.interactive.action.PDWindowsLaunchParams.setDirectory(String)",pdfbox/src/main/java/org/apache/pdfbox/pdmodel/interactive/action/PDWindowsLaunchParams.java,,,,,,,,,,,,,,,,,,,,,,,,,3,9,0,4,1,1,5,1,1,1,2,1,1,1,1,1,1,,,,,,0,,1,25,1,1,1,1
Public Method,"org.apache.pdfbox.pdmodel.interactive.action.PDWindowsLaunchParams.setExecuteParam(String)",pdfbox/src/main/java/org/apache/pdfbox/pdmodel/interactive/action/PDWindowsLaunchParams.java,,,,,,,,,,,,,,,,,,,,,,,,,3,9,0,4,1,1,5,1,1,1,2,1,1,1,1,1,1,,,,,,0,,1,25,1,1,1,1
Public Method,"org.apache.pdfbox.pdmodel.interactive.action.PDWindowsLaunchParams.setFilename(String)",pdfbox/src/main/java/org/apache/pdfbox/pdmodel/interactive/action/PDWindowsLaunchParams.java,,,,,,,,,,,,,,,,,,,,,,,,,3,9,0,4,1,1,5,1,1,1,2,1,1,1,1,1,1,,,,,,0,,1,25,1,1,1,1
Public Method,"org.apache.pdfbox.pdmodel.interactive.action.PDWindowsLaunchParams.setOperation(String)",pdfbox/src/main/java/org/apache/pdfbox/pdmodel/interactive/action/PDWindowsLaunchParams.java,,,,,,,,,,,,,,,,,,,,,,,,,3,9,0,4,1,1,5,1,1,1,2,1,1,1,1,1,1,,,,,,0,,1,25,1,1,1,1
Package,"org.apache.pdfbox.pdmodel.interactive.annotation",pdfbox/src/main/java/org/apache/pdfbox/pdmodel/interactive/annotation/AnnotationFilter.java,1,1,1,1,10,0,6,4,,,,36,2,102,37,,355,24,357,,10,2,6,339,,6031,576,2687,979,925,2768,,,1079,1561,929,761,,,,,21,21,21,5,,3,,1,03,485,481,502,366
Public Interface,"org.apache.pdfbox.pdmodel.interactive.annotation.AnnotationFilter",pdfbox/src/main/java/org/apache/pdfbox/pdmodel/interactive/annotation/AnnotationFilter.java,0,0,0,0,0,0,0,0,0,2,0,,0,0,,,1,0,1,1,1,0,0,0,,5,0,5,3,0,0,,,1,2,2,0,,,,,0,0,0,0,0,0,0,0,00,0,0,0,0
Abstract Method,"org.apache.pdfbox.pdmodel.interactive.annotation.AnnotationFilter.accept(PDAnnotation)",pdfbox/src/main/java/org/apache/pdfbox/pdmodel/interactive/annotation/AnnotationFilter.java,,,,,,,,,,,,,,,,,,,,,,,,,1,1,0,1,1,0,0,1,0,1,1,1,0,0,0,0,0,,,,,,0,,0,00,0,0,0,0
Class,"org.apache.pdfbox.pdmodel.interactive.annotation.AppearanceGenerationTest",pdfbox/src/test/java/org/apache/pdfbox/pdmodel/interactive/annotation/AppearanceGenerationTest.java,2,2,2,1,18,2,14,1,1,23,0,,0,5,,,4,1,4,16,2,0,0,2,,100,19,68,25,40,13,,,31,41,22,30,,,,,4,4,4,1,1,2,50,0,19,8,8,8,4
Method,"org.apache.pdfbox.pdmodel.interactive.annotation.AppearanceGenerationTest.rectangleFullStrokeNoFill()",pdfbox/src/test/java/org/apache/pdfbox/pdmodel/interactive/annotation/AppearanceGenerationTest.java,,,,,,,,,,,,,,,,,,,,,,,,,5,51,10,38,11,29,3,19,4,19,24,11,21,4,4,4,1,,,,,,2,,0,08,4,4,4,1
Method,"org.apache.pdfbox.pdmodel.interactive.annotation.AppearanceGenerationTest.renderTest()",pdfbox/src/test/java/org/apache/pdfbox/pdmodel/interactive/annotation/AppearanceGenerationTest.java,,,,,,,,,,,,,,,,,,,,,,,,,5,12,0,10,3,4,2,5,2,3,5,2,4,2,2,2,1,,,,,,1,,0,20,2,2,2,1
Public Method,"org.apache.pdfbox.pdmodel.interactive.annotation.AppearanceGenerationTest.setUp()",pdfbox/src/test/java/org/apache/pdfbox/pdmodel/interactive/annotation/AppearanceGenerationTest.java,,,,,,,,,,,,,,,,,,,,,,,,,3,6,0,6,2,2,0,4,1,2,3,1,2,1,1,1,1,,,,,,0,,0,00,1,1,1,1
Public Method,"org.apache.pdfbox.pdmodel.interactive.annotation.AppearanceGenerationTest.tearDown()",pdfbox/src/test/java/org/apache/pdfbox/pdmodel/interactive/annotation/AppearanceGenerationTest.java,,,,,,,,,,,,,,,,,,,,,,,,,1,5,0,5,2,1,0,1,1,1,2,1,1,1,1,1,1,,,,,,0,,0,00,1,1,1,1
Public Abstract Class,"org.apache.pdfbox.pdmodel.interactive.annotation.PDAnnotation",pdfbox/src/main/java/org/apache/pdfbox/pdmodel/interactive/annotation/PDAnnotation.java,1,1,1,1,13,0,7,5,2,47,6,,1,11,,,56,1,57,69,0,0,2,55,,856,66,431,90,176,359,,,131,223,87,150,,,,,21,21,21,4,1,3,82,0,83,96,94,100,62
Public Constructor,"org.apache.pdfbox.pdmodel.interactive.annotation.PDAnnotation.PDAnnotation()",pdfbox/src/main/java/org/apache/pdfbox/pdmodel/interactive/annotation/PDAnnotation.java,,,,,,,,,,,,,,,,,,,,,,,,,3,8,0,5,1,2,3,4,1,2,3,1,2,1,1,1,1,,,,,,0,,0,60,1,1,1,1
Public Constructor,"org.apache.pdfbox.pdmodel.interactive.annotation.PDAnnotation.PDAnnotation(COSDictionary)",pdfbox/src/main/java/org/apache/pdfbox/pdmodel/interactive/annotation/PDAnnotation.java,,,,,,,,,,,,,,,,,,,,,,,,,10,18,0,13,2,6,5,6,3,4,7,2,6,3,3,3,1,,,,,,1,,0,38,3,3,3,1
Public Method,"org.apache.pdfbox.pdmodel.interactive.annotation.PDAnnotation.constructAppearances()",pdfbox/src/main/java/org/apache/pdfbox/pdmodel/interactive/annotation/PDAnnotation.java,,,,,,,,,,,,,,,,,,,,,,,,,1,9,0,3,1,0,6,0,1,0,1,1,0,1,1,1,1,,,,,,0,,2,00,1,1,1,1
Public Method,"org.apache.pdfbox.pdmodel.interactive.annotation.PDAnnotation.constructAppearances(PDDocument)",pdfbox/src/main/java/org/apache/pdfbox/pdmodel/interactive/annotation/PDAnnotation.java,,,,,,,,,,,,,,,,,,,,,,,,,2,10,0,3,1,0,7,0,1,0,1,1,0,1,1,1,1,,,,,,0,,2,33,1,1,1,1
Public Static Method,"org.apache.pdfbox.pdmodel.interactive.annotation.PDAnnotation.createAnnotation(COSBase)",pdfbox/src/main/java/org/apache/pdfbox/pdmodel/interactive/annotation/PDAnnotation.java,,,,,,,,,,,,,,,,,,,,,,,,,27,106,1,95,4,48,10,25,21,26,47,4,44,21,21,21,1,,,,,,2,,0,11,21,21,21,1
Public Method,"org.apache.pdfbox.pdmodel.interactive.annotation.PDAnnotation.equals(Object)",pdfbox/src/main/java/org/apache/pdfbox/pdmodel/interactive/annotation/PDAnnotation.java,,,,,,,,,,,,,,,,,,,,,,,,,1,18,2,13,3,6,3,3,3,4,7,2,6,3,3,3,3,,,,,,1,,0,23,3,3,3,3
Public Method,"org.apache.pdfbox.pdmodel.interactive.annotation.PDAnnotation.getAnnotationFlags()",pdfbox/src/main/java/org/apache/pdfbox/pdmodel/interactive/annotation/PDAnnotation.java,,,,,,,,,,,,,,,,,,,,,,,,,2,9,0,4,1,1,5,3,1,1,2,1,1,1,1,1,1,,,,,,0,,1,25,1,1,1,1
Public Method,"org.apache.pdfbox.pdmodel.interactive.annotation.PDAnnotation.getAnnotationName()",pdfbox/src/main/java/org/apache/pdfbox/pdmodel/interactive/annotation/PDAnnotation.java,,,,,,,,,,,,,,,,,,,,,,,,,1,10,0,4,1,1,6,3,1,1,2,1,1,1,1,1,1,,,,,,0,,1,50,1,1,1,1
Public Method,"org.apache.pdfbox.pdmodel.interactive.annotation.PDAnnotation.getAppearance()",pdfbox/src/main/java/org/apache/pdfbox/pdmodel/interactive/annotation/PDAnnotation.java,,,,,,,,,,,,,,,,,,,,,,,,,14,10,0,5,2,2,5,3,1,2,3,2,2,2,2,2,1,,,,,,0,,1,00,2,2,2,1
Public Method,"org.apache.pdfbox.pdmodel.interactive.annotation.PDAnnotation.getAppearanceState()",pdfbox/src/main/java/org/apache/pdfbox/pdmodel/interactive/annotation/PDAnnotation.java,,,,,,,,,,,,,,,,,,,,,,,,,7,8,0,4,1,1,4,3,1,1,2,1,1,1,1,1,1,,,,,,0,,1,00,1,1,1,1
Public Method,"org.apache.pdfbox.pdmodel.interactive.annotation.PDAnnotation.getBorder()",pdfbox/src/main/java/org/apache/pdfbox/pdmodel/interactive/annotation/PDAnnotation.java,,,,,,,,,,,,,,,,,,,,,,,,,15,37,0,25,3,14,12,7,4,10,14,3,13,4,4,4,1,,,,,,3,,0,48,4,4,4,1
Public Method,"org.apache.pdfbox.pdmodel.interactive.annotation.PDAnnotation.getCOSObject()",pdfbox/src/main/java/org/apache/pdfbox/pdmodel/interactive/annotation/PDAnnotation.java,,,,,,,,,,,,,,,,,,,,,,,,,225,10,0,5,2,1,5,1,1,1,2,1,1,1,1,1,1,,,,,,0,,1,00,1,1,1,1
Public Method,"org.apache.pdfbox.pdmodel.interactive.annotation.PDAnnotation.getColor()",pdfbox/src/main/java/org/apache/pdfbox/pdmodel/interactive/annotation/PDAnnotation.java,,,,,,,,,,,,,,,,,,,,,,,,,12,15,0,4,1,1,11,2,1,1,2,1,1,1,1,1,1,,,,,,0,,2,75,1,1,1,1
Protected Method,"org.apache.pdfbox.pdmodel.interactive.annotation.PDAnnotation.getColor(COSName)",pdfbox/src/main/java/org/apache/pdfbox/pdmodel/interactive/annotation/PDAnnotation.java,,,,,,,,,,,,,,,,,,,,,,,,,9,24,0,24,3,17,0,5,5,11,14,3,12,5,3,5,1,,,,,,2,,0,00,5,3,5,1
Public Method,"org.apache.pdfbox.pdmodel.interactive.annotation.PDAnnotation.getContents()",pdfbox/src/main/java/org/apache/pdfbox/pdmodel/interactive/annotation/PDAnnotation.java,,,,,,,,,,,,,,,,,,,,,,,,,4,9,0,4,1,1,5,2,1,1,2,1,1,1,1,1,1,,,,,,0,,1,25,1,1,1,1
Public Method,"org.apache.pdfbox.pdmodel.interactive.annotation.PDAnnotation.getModifiedDate()",pdfbox/src/main/java/org/apache/pdfbox/pdmodel/interactive/annotation/PDAnnotation.java,,,,,,,,,,,,,,,,,,,,,,,,,1,9,0,4,1,1,5,3,1,1,2,1,1,1,1,1,1,,,,,,0,,1,25,1,1,1,1
Public Method,"org.apache.pdfbox.pdmodel.interactive.annotation.PDAnnotation.getNormalAppearanceStream()",pdfbox/src/main/java/org/apache/pdfbox/pdmodel/interactive/annotation/PDAnnotation.java,,,,,,,,,,,,,,,,,,,,,,,,,21,28,2,22,4,11,4,8,4,7,11,4,10,4,4,4,4,,,,,,1,,0,18,4,4,4,4
Public Method,"org.apache.pdfbox.pdmodel.interactive.annotation.PDAnnotation.getOptionalContent()",pdfbox/src/main/java/org/apache/pdfbox/pdmodel/interactive/annotation/PDAnnotation.java,,,,,,,,,,,,,,,,,,,,,,,,,2,12,0,5,2,2,7,4,1,2,3,2,2,2,2,2,1,,,,,,0,,1,40,2,2,2,1
Public Method,"org.apache.pdfbox.pdmodel.interactive.annotation.PDAnnotation.getPage()",pdfbox/src/main/java/org/apache/pdfbox/pdmodel/interactive/annotation/PDAnnotation.java,,,,,,,,,,,,,,,,,,,,,,,,,4,12,0,5,2,2,7,4,1,2,3,2,2,2,2,2,1,,,,,,0,,1,40,2,2,2,1
Public Method,"org.apache.pdfbox.pdmodel.interactive.annotation.PDAnnotation.getRectangle()",pdfbox/src/main/java/org/apache/pdfbox/pdmodel/interactive/annotation/PDAnnotation.java,,,,,,,,,,,,,,,,,,,,,,,,,28,27,0,20,3,11,7,6,3,5,8,3,6,3,3,7,1,,,,,,2,,0,35,3,3,7,1
Public Method,"org.apache.pdfbox.pdmodel.interactive.annotation.PDAnnotation.getStructParent()",pdfbox/src/main/java/org/apache/pdfbox/pdmodel/interactive/annotation/PDAnnotation.java,,,,,,,,,,,,,,,,,,,,,,,,,3,10,0,4,1,1,6,3,1,1,2,1,1,1,1,1,1,,,,,,0,,1,50,1,1,1,1
Public Final Method,"org.apache.pdfbox.pdmodel.interactive.annotation.PDAnnotation.getSubtype()",pdfbox/src/main/java/org/apache/pdfbox/pdmodel/interactive/annotation/PDAnnotation.java,,,,,,,,,,,,,,,,,,,,,,,,,3,9,0,4,1,1,5,3,1,1,2,1,1,1,1,1,1,,,,,,0,,1,25,1,1,1,1
Public Method,"org.apache.pdfbox.pdmodel.interactive.annotation.PDAnnotation.hashCode()",pdfbox/src/main/java/org/apache/pdfbox/pdmodel/interactive/annotation/PDAnnotation.java,,,,,,,,,,,,,,,,,,,,,,,,,1,8,0,5,2,1,3,2,1,1,2,1,1,1,1,1,1,,,,,,0,,0,60,1,1,1,1
Public Method,"org.apache.pdfbox.pdmodel.interactive.annotation.PDAnnotation.isHidden()",pdfbox/src/main/java/org/apache/pdfbox/pdmodel/interactive/annotation/PDAnnotation.java,,,,,,,,,,,,,,,,,,,,,,,,,7,9,0,4,1,1,5,3,1,1,2,1,1,1,1,1,1,,,,,,0,,1,25,1,1,1,1
Public Method,"org.apache.pdfbox.pdmodel.interactive.annotation.PDAnnotation.isInvisible()",pdfbox/src/main/java/org/apache/pdfbox/pdmodel/interactive/annotation/PDAnnotation.java,,,,,,,,,,,,,,,,,,,,,,,,,6,9,0,4,1,1,5,3,1,1,2,1,1,1,1,1,1,,,,,,0,,1,25,1,1,1,1
Public Method,"org.apache.pdfbox.pdmodel.interactive.annotation.PDAnnotation.isLocked()",pdfbox/src/main/java/org/apache/pdfbox/pdmodel/interactive/annotation/PDAnnotation.java,,,,,,,,,,,,,,,,,,,,,,,,,3,9,0,4,1,1,5,3,1,1,2,1,1,1,1,1,1,,,,,,0,,1,25,1,1,1,1
Public Method,"org.apache.pdfbox.pdmodel.interactive.annotation.PDAnnotation.isLockedContents()",pdfbox/src/main/java/org/apache/pdfbox/pdmodel/interactive/annotation/PDAnnotation.java,,,,,,,,,,,,,,,,,,,,,,,,,3,10,0,4,1,1,6,3,1,1,2,1,1,1,1,1,1,,,,,,0,,1,50,1,1,1,1
Public Method,"org.apache.pdfbox.pdmodel.interactive.annotation.PDAnnotation.isNoRotate()",pdfbox/src/main/java/org/apache/pdfbox/pdmodel/interactive/annotation/PDAnnotation.java,,,,,,,,,,,,,,,,,,,,,,,,,5,9,0,4,1,1,5,3,1,1,2,1,1,1,1,1,1,,,,,,0,,1,25,1,1,1,1
Public Method,"org.apache.pdfbox.pdmodel.interactive.annotation.PDAnnotation.isNoView()",pdfbox/src/main/java/org/apache/pdfbox/pdmodel/interactive/annotation/PDAnnotation.java,,,,,,,,,,,,,,,,,,,,,,,,,6,9,0,4,1,1,5,3,1,1,2,1,1,1,1,1,1,,,,,,0,,1,25,1,1,1,1
Public Method,"org.apache.pdfbox.pdmodel.interactive.annotation.PDAnnotation.isNoZoom()",pdfbox/src/main/java/org/apache/pdfbox/pdmodel/interactive/annotation/PDAnnotation.java,,,,,,,,,,,,,,,,,,,,,,,,,5,9,0,4,1,1,5,3,1,1,2,1,1,1,1,1,1,,,,,,0,,1,25,1,1,1,1
Public Method,"org.apache.pdfbox.pdmodel.interactive.annotation.PDAnnotation.isPrinted()",pdfbox/src/main/java/org/apache/pdfbox/pdmodel/interactive/annotation/PDAnnotation.java,,,,,,,,,,,,,,,,,,,,,,,,,5,9,0,4,1,1,5,3,1,1,2,1,1,1,1,1,1,,,,,,0,,1,25,1,1,1,1
Public Method,"org.apache.pdfbox.pdmodel.interactive.annotation.PDAnnotation.isReadOnly()",pdfbox/src/main/java/org/apache/pdfbox/pdmodel/interactive/annotation/PDAnnotation.java,,,,,,,,,,,,,,,,,,,,,,,,,3,9,0,4,1,1,5,3,1,1,2,1,1,1,1,1,1,,,,,,0,,1,25,1,1,1,1
Public Method,"org.apache.pdfbox.pdmodel.interactive.annotation.PDAnnotation.isToggleNoView()",pdfbox/src/main/java/org/apache/pdfbox/pdmodel/interactive/annotation/PDAnnotation.java,,,,,,,,,,,,,,,,,,,,,,,,,3,9,0,4,1,1,5,3,1,1,2,1,1,1,1,1,1,,,,,,0,,1,25,1,1,1,1
Public Method,"org.apache.pdfbox.pdmodel.interactive.annotation.PDAnnotation.setAnnotationFlags(int)",pdfbox/src/main/java/org/apache/pdfbox/pdmodel/interactive/annotation/PDAnnotation.java,,,,,,,,,,,,,,,,,,,,,,,,,3,9,0,4,1,1,5,2,1,1,2,1,1,1,1,1,1,,,,,,0,,1,25,1,1,1,1
Public Method,"org.apache.pdfbox.pdmodel.interactive.annotation.PDAnnotation.setAnnotationName(String)",pdfbox/src/main/java/org/apache/pdfbox/pdmodel/interactive/annotation/PDAnnotation.java,,,,,,,,,,,,,,,,,,,,,,,,,2,10,0,4,1,1,6,2,1,1,2,1,1,1,1,1,1,,,,,,0,,1,50,1,1,1,1
Public Method,"org.apache.pdfbox.pdmodel.interactive.annotation.PDAnnotation.setAppearance(PDAppearanceDictionary)",pdfbox/src/main/java/org/apache/pdfbox/pdmodel/interactive/annotation/PDAnnotation.java,,,,,,,,,,,,,,,,,,,,,,,,,14,9,0,4,1,1,5,1,1,1,2,1,1,1,1,1,1,,,,,,0,,1,25,1,1,1,1
Public Method,"org.apache.pdfbox.pdmodel.interactive.annotation.PDAnnotation.setAppearanceState(String)",pdfbox/src/main/java/org/apache/pdfbox/pdmodel/interactive/annotation/PDAnnotation.java,,,,,,,,,,,,,,,,,,,,,,,,,5,9,0,4,1,1,5,2,1,1,2,1,1,1,1,1,1,,,,,,0,,1,25,1,1,1,1
Public Method,"org.apache.pdfbox.pdmodel.interactive.annotation.PDAnnotation.setBorder(COSArray)",pdfbox/src/main/java/org/apache/pdfbox/pdmodel/interactive/annotation/PDAnnotation.java,,,,,,,,,,,,,,,,,,,,,,,,,2,9,0,4,1,1,5,2,1,1,2,1,1,1,1,1,1,,,,,,0,,1,25,1,1,1,1
Public Method,"org.apache.pdfbox.pdmodel.interactive.annotation.PDAnnotation.setColor(PDColor)",pdfbox/src/main/java/org/apache/pdfbox/pdmodel/interactive/annotation/PDAnnotation.java,,,,,,,,,,,,,,,,,,,,,,,,,5,13,0,4,1,1,9,3,1,1,2,1,1,1,1,1,1,,,,,,0,,2,25,1,1,1,1
Public Method,"org.apache.pdfbox.pdmodel.interactive.annotation.PDAnnotation.setContents(String)",pdfbox/src/main/java/org/apache/pdfbox/pdmodel/interactive/annotation/PDAnnotation.java,,,,,,,,,,,,,,,,,,,,,,,,,8,9,0,4,1,1,5,1,1,1,2,1,1,1,1,1,1,,,,,,0,,1,25,1,1,1,1
Public Method,"org.apache.pdfbox.pdmodel.interactive.annotation.PDAnnotation.setHidden(boolean)",pdfbox/src/main/java/org/apache/pdfbox/pdmodel/interactive/annotation/PDAnnotation.java,,,,,,,,,,,,,,,,,,,,,,,,,3,9,0,4,1,1,5,2,1,1,2,1,1,1,1,1,1,,,,,,0,,1,25,1,1,1,1
Public Method,"org.apache.pdfbox.pdmodel.interactive.annotation.PDAnnotation.setInvisible(boolean)",pdfbox/src/main/java/org/apache/pdfbox/pdmodel/interactive/annotation/PDAnnotation.java,,,,,,,,,,,,,,,,,,,,,,,,,3,9,0,4,1,1,5,2,1,1,2,1,1,1,1,1,1,,,,,,0,,1,25,1,1,1,1
Public Method,"org.apache.pdfbox.pdmodel.interactive.annotation.PDAnnotation.setLocked(boolean)",pdfbox/src/main/java/org/apache/pdfbox/pdmodel/interactive/annotation/PDAnnotation.java,,,,,,,,,,,,,,,,,,,,,,,,,4,9,0,4,1,1,5,2,1,1,2,1,1,1,1,1,1,,,,,,0,,1,25,1,1,1,1
Public Method,"org.apache.pdfbox.pdmodel.interactive.annotation.PDAnnotation.setLockedContents(boolean)",pdfbox/src/main/java/org/apache/pdfbox/pdmodel/interactive/annotation/PDAnnotation.java,,,,,,,,,,,,,,,,,,,,,,,,,3,17,0,4,1,1,13,2,1,1,2,1,1,1,1,1,1,,,,,,0,,3,25,1,1,1,1
Public Method,"org.apache.pdfbox.pdmodel.interactive.annotation.PDAnnotation.setModifiedDate(Calendar)",pdfbox/src/main/java/org/apache/pdfbox/pdmodel/interactive/annotation/PDAnnotation.java,,,,,,,,,,,,,,,,,,,,,,,,,2,9,0,4,1,1,5,2,1,1,2,1,1,1,1,1,1,,,,,,0,,1,25,1,1,1,1
Public Method,"org.apache.pdfbox.pdmodel.interactive.annotation.PDAnnotation.setModifiedDate(String)",pdfbox/src/main/java/org/apache/pdfbox/pdmodel/interactive/annotation/PDAnnotation.java,,,,,,,,,,,,,,,,,,,,,,,,,2,13,0,4,1,1,9,2,1,1,2,1,1,1,1,1,1,,,,,,0,,2,25,1,1,1,1
Public Method,"org.apache.pdfbox.pdmodel.interactive.annotation.PDAnnotation.setNoRotate(boolean)",pdfbox/src/main/java/org/apache/pdfbox/pdmodel/interactive/annotation/PDAnnotation.java,,,,,,,,,,,,,,,,,,,,,,,,,4,9,0,4,1,1,5,2,1,1,2,1,1,1,1,1,1,,,,,,0,,1,25,1,1,1,1
Public Method,"org.apache.pdfbox.pdmodel.interactive.annotation.PDAnnotation.setNoView(boolean)",pdfbox/src/main/java/org/apache/pdfbox/pdmodel/interactive/annotation/PDAnnotation.java,,,,,,,,,,,,,,,,,,,,,,,,,3,9,0,4,1,1,5,2,1,1,2,1,1,1,1,1,1,,,,,,0,,1,25,1,1,1,1
Public Method,"org.apache.pdfbox.pdmodel.interactive.annotation.PDAnnotation.setNoZoom(boolean)",pdfbox/src/main/java/org/apache/pdfbox/pdmodel/interactive/annotation/PDAnnotation.java,,,,,,,,,,,,,,,,,,,,,,,,,4,9,0,4,1,1,5,2,1,1,2,1,1,1,1,1,1,,,,,,0,,1,25,1,1,1,1
Public Method,"org.apache.pdfbox.pdmodel.interactive.annotation.PDAnnotation.setOptionalContent(PDPropertyList)",pdfbox/src/main/java/org/apache/pdfbox/pdmodel/interactive/annotation/PDAnnotation.java,,,,,,,,,,,,,,,,,,,,,,,,,2,9,0,4,1,1,5,2,1,1,2,1,1,1,1,1,1,,,,,,0,,1,25,1,1,1,1
Public Method,"org.apache.pdfbox.pdmodel.interactive.annotation.PDAnnotation.setPage(PDPage)",pdfbox/src/main/java/org/apache/pdfbox/pdmodel/interactive/annotation/PDAnnotation.java,,,,,,,,,,,,,,,,,,,,,,,,,15,9,0,4,1,1,5,2,1,1,2,1,1,1,1,1,1,,,,,,0,,1,25,1,1,1,1
Public Method,"org.apache.pdfbox.pdmodel.interactive.annotation.PDAnnotation.setPrinted(boolean)",pdfbox/src/main/java/org/apache/pdfbox/pdmodel/interactive/annotation/PDAnnotation.java,,,,,,,,,,,,,,,,,,,,,,,,,10,9,0,4,1,1,5,2,1,1,2,1,1,1,1,1,1,,,,,,0,,1,25,1,1,1,1
Public Method,"org.apache.pdfbox.pdmodel.interactive.annotation.PDAnnotation.setReadOnly(boolean)",pdfbox/src/main/java/org/apache/pdfbox/pdmodel/interactive/annotation/PDAnnotation.java,,,,,,,,,,,,,,,,,,,,,,,,,3,9,0,4,1,1,5,2,1,1,2,1,1,1,1,1,1,,,,,,0,,1,25,1,1,1,1
Public Method,"org.apache.pdfbox.pdmodel.interactive.annotation.PDAnnotation.setRectangle(PDRectangle)",pdfbox/src/main/java/org/apache/pdfbox/pdmodel/interactive/annotation/PDAnnotation.java,,,,,,,,,,,,,,,,,,,,,,,,,38,9,0,4,1,1,5,2,1,1,2,1,1,1,1,1,1,,,,,,0,,1,25,1,1,1,1
Public Method,"org.apache.pdfbox.pdmodel.interactive.annotation.PDAnnotation.setStructParent(int)",pdfbox/src/main/java/org/apache/pdfbox/pdmodel/interactive/annotation/PDAnnotation.java,,,,,,,,,,,,,,,,,,,,,,,,,5,9,0,4,1,1,5,2,1,1,2,1,1,1,1,1,1,,,,,,0,,1,25,1,1,1,1
Protected Final Method,"org.apache.pdfbox.pdmodel.interactive.annotation.PDAnnotation.setSubtype(String)",pdfbox/src/main/java/org/apache/pdfbox/pdmodel/interactive/annotation/PDAnnotation.java,,,,,,,,,,,,,,,,,,,,,,,,,4,10,0,4,1,1,6,2,1,1,2,1,1,1,1,1,1,,,,,,0,,1,50,1,1,1,1
Public Method,"org.apache.pdfbox.pdmodel.interactive.annotation.PDAnnotation.setToggleNoView(boolean)",pdfbox/src/main/java/org/apache/pdfbox/pdmodel/interactive/annotation/PDAnnotation.java,,,,,,,,,,,,,,,,,,,,,,,,,3,9,0,4,1,1,5,2,1,1,2,1,1,1,1,1,1,,,,,,0,,1,25,1,1,1,1
Public Class,"org.apache.pdfbox.pdmodel.interactive.annotation.PDAnnotationCaret",pdfbox/src/main/java/org/apache/pdfbox/pdmodel/interactive/annotation/PDAnnotationCaret.java,1,1,1,1,10,0,5,4,1,9,0,,0,1,,,8,1,8,101,0,0,0,8,,102,9,52,16,19,41,,,18,28,14,17,,,,,2,2,2,1,3,1,75,0,79,10,10,10,8
Public Constructor,"org.apache.pdfbox.pdmodel.interactive.annotation.PDAnnotationCaret.PDAnnotationCaret()",pdfbox/src/main/java/org/apache/pdfbox/pdmodel/interactive/annotation/PDAnnotationCaret.java,,,,,,,,,,,,,,,,,,,,,,,,,2,4,0,4,1,1,0,3,1,1,2,1,1,1,1,1,1,,,,,,0,,0,00,1,1,1,1
Public Constructor,"org.apache.pdfbox.pdmodel.interactive.annotation.PDAnnotationCaret.PDAnnotationCaret(COSDictionary)",pdfbox/src/main/java/org/apache/pdfbox/pdmodel/interactive/annotation/PDAnnotationCaret.java,,,,,,,,,,,,,,,,,,,,,,,,,2,9,0,4,1,1,5,2,1,1,2,1,1,1,1,1,1,,,,,,0,,1,25,1,1,1,1
Public Method,"org.apache.pdfbox.pdmodel.interactive.annotation.PDAnnotationCaret.constructAppearances()",pdfbox/src/main/java/org/apache/pdfbox/pdmodel/interactive/annotation/PDAnnotationCaret.java,,,,,,,,,,,,,,,,,,,,,,,,,0,5,0,5,2,1,0,1,1,1,2,1,1,1,1,1,1,,,,,,0,,0,00,1,1,1,1
Public Method,"org.apache.pdfbox.pdmodel.interactive.annotation.PDAnnotationCaret.constructAppearances(PDDocument)",pdfbox/src/main/java/org/apache/pdfbox/pdmodel/interactive/annotation/PDAnnotationCaret.java,,,,,,,,,,,,,,,,,,,,,,,,,3,13,0,13,3,5,0,2,2,3,5,2,4,2,2,2,1,,,,,,1,,0,00,2,2,2,1
Public Method,"org.apache.pdfbox.pdmodel.interactive.annotation.PDAnnotationCaret.getRectDifferences()",pdfbox/src/main/java/org/apache/pdfbox/pdmodel/interactive/annotation/PDAnnotationCaret.java,,,,,,,,,,,,,,,,,,,,,,,,,1,11,0,5,2,2,6,4,1,2,3,2,2,2,2,2,1,,,,,,0,,1,20,2,2,2,1
Public Method,"org.apache.pdfbox.pdmodel.interactive.annotation.PDAnnotationCaret.setCustomAppearanceHandler(PDAppearanceHandler)",pdfbox/src/main/java/org/apache/pdfbox/pdmodel/interactive/annotation/PDAnnotationCaret.java,,,,,,,,,,,,,,,,,,,,,,,,,1,9,0,4,1,1,5,1,1,1,2,1,1,1,1,1,1,,,,,,0,,1,25,1,1,1,1
Public Method,"org.apache.pdfbox.pdmodel.interactive.annotation.PDAnnotationCaret.setRectDifferences(float)",pdfbox/src/main/java/org/apache/pdfbox/pdmodel/interactive/annotation/PDAnnotationCaret.java,,,,,,,,,,,,,,,,,,,,,,,,,2,11,0,3,1,1,8,1,1,1,2,1,1,1,1,1,1,,,,,,0,,2,67,1,1,1,1
Public Method,"org.apache.pdfbox.pdmodel.interactive.annotation.PDAnnotationCaret.setRectDifferences(float,float,float,float)",pdfbox/src/main/java/org/apache/pdfbox/pdmodel/interactive/annotation/PDAnnotationCaret.java,,,,,,,,,,,,,,,,,,,,,,,,,6,19,0,9,2,6,10,5,1,6,7,2,6,1,1,1,1,,,,,,0,,1,11,1,1,1,1
Public Class,"org.apache.pdfbox.pdmodel.interactive.annotation.PDAnnotationCircle",pdfbox/src/main/java/org/apache/pdfbox/pdmodel/interactive/annotation/PDAnnotationCircle.java,1,1,1,1,8,0,6,2,1,6,0,,0,1,,,5,1,5,110,0,0,0,5,,57,6,35,11,10,16,,,9,16,9,8,,,,,2,2,2,1,4,1,60,0,46,6,6,6,5
Public Constructor,"org.apache.pdfbox.pdmodel.interactive.annotation.PDAnnotationCircle.PDAnnotationCircle()",pdfbox/src/main/java/org/apache/pdfbox/pdmodel/interactive/annotation/PDAnnotationCircle.java,,,,,,,,,,,,,,,,,,,,,,,,,4,4,0,4,1,1,0,2,1,1,2,1,1,1,1,1,1,,,,,,0,,0,00,1,1,1,1
Public Constructor,"org.apache.pdfbox.pdmodel.interactive.annotation.PDAnnotationCircle.PDAnnotationCircle(COSDictionary)",pdfbox/src/main/java/org/apache/pdfbox/pdmodel/interactive/annotation/PDAnnotationCircle.java,,,,,,,,,,,,,,,,,,,,,,,,,3,9,0,4,1,1,5,2,1,1,2,1,1,1,1,1,1,,,,,,0,,1,25,1,1,1,1
Public Method,"org.apache.pdfbox.pdmodel.interactive.annotation.PDAnnotationCircle.constructAppearances()",pdfbox/src/main/java/org/apache/pdfbox/pdmodel/interactive/annotation/PDAnnotationCircle.java,,,,,,,,,,,,,,,,,,,,,,,,,0,5,0,5,2,1,0,1,1,1,2,1,1,1,1,1,1,,,,,,0,,0,00,1,1,1,1
Public Method,"org.apache.pdfbox.pdmodel.interactive.annotation.PDAnnotationCircle.constructAppearances(PDDocument)",pdfbox/src/main/java/org/apache/pdfbox/pdmodel/interactive/annotation/PDAnnotationCircle.java,,,,,,,,,,,,,,,,,,,,,,,,,3,13,0,13,3,5,0,2,2,3,5,2,4,2,2,2,1,,,,,,1,,0,00,2,2,2,1
Public Method,"org.apache.pdfbox.pdmodel.interactive.annotation.PDAnnotationCircle.setCustomAppearanceHandler(PDAppearanceHandler)",pdfbox/src/main/java/org/apache/pdfbox/pdmodel/interactive/annotation/PDAnnotationCircle.java,,,,,,,,,,,,,,,,,,,,,,,,,1,9,0,4,1,1,5,1,1,1,2,1,1,1,1,1,1,,,,,,0,,1,25,1,1,1,1
Public Class,"org.apache.pdfbox.pdmodel.interactive.annotation.PDAnnotationFileAttachment",pdfbox/src/main/java/org/apache/pdfbox/pdmodel/interactive/annotation/PDAnnotationFileAttachment.java,1,1,1,1,9,0,5,3,1,9,0,,0,5,,,9,1,9,102,0,0,0,9,,121,11,55,19,18,55,,,17,28,17,12,,,,,2,2,2,1,3,1,77,1,00,10,10,10,9
Public Constructor,"org.apache.pdfbox.pdmodel.interactive.annotation.PDAnnotationFileAttachment.PDAnnotationFileAttachment()",pdfbox/src/main/java/org/apache/pdfbox/pdmodel/interactive/annotation/PDAnnotationFileAttachment.java,,,,,,,,,,,,,,,,,,,,,,,,,2,7,0,4,1,1,3,3,1,1,2,1,1,1,1,1,1,,,,,,0,,0,75,1,1,1,1
Public Constructor,"org.apache.pdfbox.pdmodel.interactive.annotation.PDAnnotationFileAttachment.PDAnnotationFileAttachment(COSDictionary)",pdfbox/src/main/java/org/apache/pdfbox/pdmodel/interactive/annotation/PDAnnotationFileAttachment.java,,,,,,,,,,,,,,,,,,,,,,,,,2,9,0,4,1,1,5,2,1,1,2,1,1,1,1,1,1,,,,,,0,,1,25,1,1,1,1
Public Method,"org.apache.pdfbox.pdmodel.interactive.annotation.PDAnnotationFileAttachment.constructAppearances()",pdfbox/src/main/java/org/apache/pdfbox/pdmodel/interactive/annotation/PDAnnotationFileAttachment.java,,,,,,,,,,,,,,,,,,,,,,,,,0,5,0,5,2,1,0,1,1,1,2,1,1,1,1,1,1,,,,,,0,,0,00,1,1,1,1
Public Method,"org.apache.pdfbox.pdmodel.interactive.annotation.PDAnnotationFileAttachment.constructAppearances(PDDocument)",pdfbox/src/main/java/org/apache/pdfbox/pdmodel/interactive/annotation/PDAnnotationFileAttachment.java,,,,,,,,,,,,,,,,,,,,,,,,,3,13,0,13,3,5,0,2,2,3,5,2,4,2,2,2,1,,,,,,1,,0,00,2,2,2,1
Public Method,"org.apache.pdfbox.pdmodel.interactive.annotation.PDAnnotationFileAttachment.getAttachmentName()",pdfbox/src/main/java/org/apache/pdfbox/pdmodel/interactive/annotation/PDAnnotationFileAttachment.java,,,,,,,,,,,,,,,,,,,,,,,,,2,9,0,4,1,1,5,3,1,1,2,1,1,1,1,1,1,,,,,,0,,1,25,1,1,1,1
Public Method,"org.apache.pdfbox.pdmodel.interactive.annotation.PDAnnotationFileAttachment.getFile()",pdfbox/src/main/java/org/apache/pdfbox/pdmodel/interactive/annotation/PDAnnotationFileAttachment.java,,,,,,,,,,,,,,,,,,,,,,,,,2,11,0,4,1,1,7,4,1,1,2,1,1,1,1,1,1,,,,,,0,,1,75,1,1,1,1
Public Method,"org.apache.pdfbox.pdmodel.interactive.annotation.PDAnnotationFileAttachment.setAttachmentName(String)",pdfbox/src/main/java/org/apache/pdfbox/pdmodel/interactive/annotation/PDAnnotationFileAttachment.java,,,,,,,,,,,,,,,,,,,,,,,,,2,9,0,4,1,1,5,2,1,1,2,1,1,1,1,1,1,,,,,,0,,1,25,1,1,1,1
Public Method,"org.apache.pdfbox.pdmodel.interactive.annotation.PDAnnotationFileAttachment.setCustomAppearanceHandler(PDAppearanceHandler)",pdfbox/src/main/java/org/apache/pdfbox/pdmodel/interactive/annotation/PDAnnotationFileAttachment.java,,,,,,,,,,,,,,,,,,,,,,,,,1,9,0,4,1,1,5,1,1,1,2,1,1,1,1,1,1,,,,,,0,,1,25,1,1,1,1
Public Method,"org.apache.pdfbox.pdmodel.interactive.annotation.PDAnnotationFileAttachment.setFile(PDFileSpecification)",pdfbox/src/main/java/org/apache/pdfbox/pdmodel/interactive/annotation/PDAnnotationFileAttachment.java,,,,,,,,,,,,,,,,,,,,,,,,,2,9,0,4,1,1,5,2,1,1,2,1,1,1,1,1,1,,,,,,0,,1,25,1,1,1,1
Public Class,"org.apache.pdfbox.pdmodel.interactive.annotation.PDAnnotationFreeText",pdfbox/src/main/java/org/apache/pdfbox/pdmodel/interactive/annotation/PDAnnotationFreeText.java,1,1,1,1,10,0,4,5,1,12,0,,0,4,,,22,1,22,115,0,0,0,22,,289,26,116,37,41,147,,,40,64,35,36,,,,,2,2,2,1,3,1,90,1,27,27,27,27,22
Public Constructor,"org.apache.pdfbox.pdmodel.interactive.annotation.PDAnnotationFreeText.PDAnnotationFreeText()",pdfbox/src/main/java/org/apache/pdfbox/pdmodel/interactive/annotation/PDAnnotationFreeText.java,,,,,,,,,,,,,,,,,,,,,,,,,3,4,0,4,1,1,0,3,1,1,2,1,1,1,1,1,1,,,,,,0,,0,00,1,1,1,1
Public Constructor,"org.apache.pdfbox.pdmodel.interactive.annotation.PDAnnotationFreeText.PDAnnotationFreeText(COSDictionary)",pdfbox/src/main/java/org/apache/pdfbox/pdmodel/interactive/annotation/PDAnnotationFreeText.java,,,,,,,,,,,,,,,,,,,,,,,,,2,9,0,4,1,1,5,2,1,1,2,1,1,1,1,1,1,,,,,,0,,1,25,1,1,1,1
Public Method,"org.apache.pdfbox.pdmodel.interactive.annotation.PDAnnotationFreeText.constructAppearances()",pdfbox/src/main/java/org/apache/pdfbox/pdmodel/interactive/annotation/PDAnnotationFreeText.java,,,,,,,,,,,,,,,,,,,,,,,,,0,5,0,5,2,1,0,1,1,1,2,1,1,1,1,1,1,,,,,,0,,0,00,1,1,1,1
Public Method,"org.apache.pdfbox.pdmodel.interactive.annotation.PDAnnotationFreeText.constructAppearances(PDDocument)",pdfbox/src/main/java/org/apache/pdfbox/pdmodel/interactive/annotation/PDAnnotationFreeText.java,,,,,,,,,,,,,,,,,,,,,,,,,3,13,0,13,3,5,0,2,2,3,5,2,4,2,2,2,1,,,,,,1,,0,00,2,2,2,1
Public Method,"org.apache.pdfbox.pdmodel.interactive.annotation.PDAnnotationFreeText.getBorderEffect()",pdfbox/src/main/java/org/apache/pdfbox/pdmodel/interactive/annotation/PDAnnotationFreeText.java,,,,,,,,,,,,,,,,,,,,,,,,,2,11,0,5,2,2,6,4,1,2,3,2,2,2,2,2,1,,,,,,0,,1,20,2,2,2,1
Public Method,"org.apache.pdfbox.pdmodel.interactive.annotation.PDAnnotationFreeText.getCallout()",pdfbox/src/main/java/org/apache/pdfbox/pdmodel/interactive/annotation/PDAnnotationFreeText.java,,,,,,,,,,,,,,,,,,,,,,,,,2,14,0,5,2,2,9,4,1,2,3,2,2,2,2,2,1,,,,,,0,,1,80,2,2,2,1
Public Method,"org.apache.pdfbox.pdmodel.interactive.annotation.PDAnnotationFreeText.getDefaultAppearance()",pdfbox/src/main/java/org/apache/pdfbox/pdmodel/interactive/annotation/PDAnnotationFreeText.java,,,,,,,,,,,,,,,,,,,,,,,,,3,9,0,4,1,1,5,3,1,1,2,1,1,1,1,1,1,,,,,,0,,1,25,1,1,1,1
Public Method,"org.apache.pdfbox.pdmodel.interactive.annotation.PDAnnotationFreeText.getDefaultStyleString()",pdfbox/src/main/java/org/apache/pdfbox/pdmodel/interactive/annotation/PDAnnotationFreeText.java,,,,,,,,,,,,,,,,,,,,,,,,,2,11,0,4,1,1,7,3,1,1,2,1,1,1,1,1,1,,,,,,0,,1,75,1,1,1,1
Public Method,"org.apache.pdfbox.pdmodel.interactive.annotation.PDAnnotationFreeText.getLineEndingStyle()",pdfbox/src/main/java/org/apache/pdfbox/pdmodel/interactive/annotation/PDAnnotationFreeText.java,,,,,,,,,,,,,,,,,,,,,,,,,3,10,0,4,1,1,6,3,1,1,2,1,1,1,1,1,1,,,,,,0,,1,50,1,1,1,1
Public Method,"org.apache.pdfbox.pdmodel.interactive.annotation.PDAnnotationFreeText.getQ()",pdfbox/src/main/java/org/apache/pdfbox/pdmodel/interactive/annotation/PDAnnotationFreeText.java,,,,,,,,,,,,,,,,,,,,,,,,,1,14,0,4,1,1,10,3,1,1,2,1,1,1,1,1,1,,,,,,0,,2,50,1,1,1,1
Public Method,"org.apache.pdfbox.pdmodel.interactive.annotation.PDAnnotationFreeText.getRectDifference()",pdfbox/src/main/java/org/apache/pdfbox/pdmodel/interactive/annotation/PDAnnotationFreeText.java,,,,,,,,,,,,,,,,,,,,,,,,,2,12,0,5,2,2,7,4,1,2,3,2,2,2,2,2,1,,,,,,0,,1,40,2,2,2,1
Public Method,"org.apache.pdfbox.pdmodel.interactive.annotation.PDAnnotationFreeText.getRectDifferences()",pdfbox/src/main/java/org/apache/pdfbox/pdmodel/interactive/annotation/PDAnnotationFreeText.java,,,,,,,,,,,,,,,,,,,,,,,,,2,11,0,5,2,2,6,4,1,2,3,2,2,2,2,2,1,,,,,,0,,1,20,2,2,2,1
Public Method,"org.apache.pdfbox.pdmodel.interactive.annotation.PDAnnotationFreeText.setBorderEffect(PDBorderEffectDictionary)",pdfbox/src/main/java/org/apache/pdfbox/pdmodel/interactive/annotation/PDAnnotationFreeText.java,,,,,,,,,,,,,,,,,,,,,,,,,2,11,0,4,1,1,7,2,1,1,2,1,1,1,1,1,1,,,,,,0,,1,75,1,1,1,1
Public Final Method,"org.apache.pdfbox.pdmodel.interactive.annotation.PDAnnotationFreeText.setCallout(float[])",pdfbox/src/main/java/org/apache/pdfbox/pdmodel/interactive/annotation/PDAnnotationFreeText.java,,,,,,,,,,,,,,,,,,,,,,,,,3,15,0,6,2,3,9,4,1,3,4,2,3,1,1,1,1,,,,,,0,,1,50,1,1,1,1
Public Method,"org.apache.pdfbox.pdmodel.interactive.annotation.PDAnnotationFreeText.setCustomAppearanceHandler(PDAppearanceHandler)",pdfbox/src/main/java/org/apache/pdfbox/pdmodel/interactive/annotation/PDAnnotationFreeText.java,,,,,,,,,,,,,,,,,,,,,,,,,1,9,0,4,1,1,5,1,1,1,2,1,1,1,1,1,1,,,,,,0,,1,25,1,1,1,1
Public Method,"org.apache.pdfbox.pdmodel.interactive.annotation.PDAnnotationFreeText.setDefaultAppearance(String)",pdfbox/src/main/java/org/apache/pdfbox/pdmodel/interactive/annotation/PDAnnotationFreeText.java,,,,,,,,,,,,,,,,,,,,,,,,,3,9,0,4,1,1,5,2,1,1,2,1,1,1,1,1,1,,,,,,0,,1,25,1,1,1,1
Public Method,"org.apache.pdfbox.pdmodel.interactive.annotation.PDAnnotationFreeText.setDefaultStyleString(String)",pdfbox/src/main/java/org/apache/pdfbox/pdmodel/interactive/annotation/PDAnnotationFreeText.java,,,,,,,,,,,,,,,,,,,,,,,,,2,11,0,4,1,1,7,2,1,1,2,1,1,1,1,1,1,,,,,,0,,1,75,1,1,1,1
Public Final Method,"org.apache.pdfbox.pdmodel.interactive.annotation.PDAnnotationFreeText.setLineEndingStyle(String)",pdfbox/src/main/java/org/apache/pdfbox/pdmodel/interactive/annotation/PDAnnotationFreeText.java,,,,,,,,,,,,,,,,,,,,,,,,,3,9,0,4,1,1,5,2,1,1,2,1,1,1,1,1,1,,,,,,0,,1,25,1,1,1,1
Public Method,"org.apache.pdfbox.pdmodel.interactive.annotation.PDAnnotationFreeText.setQ(int)",pdfbox/src/main/java/org/apache/pdfbox/pdmodel/interactive/annotation/PDAnnotationFreeText.java,,,,,,,,,,,,,,,,,,,,,,,,,3,10,0,4,1,1,6,2,1,1,2,1,1,1,1,1,1,,,,,,0,,1,50,1,1,1,1
Public Method,"org.apache.pdfbox.pdmodel.interactive.annotation.PDAnnotationFreeText.setRectDifference(PDRectangle)",pdfbox/src/main/java/org/apache/pdfbox/pdmodel/interactive/annotation/PDAnnotationFreeText.java,,,,,,,,,,,,,,,,,,,,,,,,,3,12,0,4,1,1,8,2,1,1,2,1,1,1,1,1,1,,,,,,0,,2,00,1,1,1,1
Public Method,"org.apache.pdfbox.pdmodel.interactive.annotation.PDAnnotationFreeText.setRectDifferences(float)",pdfbox/src/main/java/org/apache/pdfbox/pdmodel/interactive/annotation/PDAnnotationFreeText.java,,,,,,,,,,,,,,,,,,,,,,,,,1,11,0,3,1,1,8,1,1,1,2,1,1,1,1,1,1,,,,,,0,,2,67,1,1,1,1
Public Method,"org.apache.pdfbox.pdmodel.interactive.annotation.PDAnnotationFreeText.setRectDifferences(float,float,float,float)",pdfbox/src/main/java/org/apache/pdfbox/pdmodel/interactive/annotation/PDAnnotationFreeText.java,,,,,,,,,,,,,,,,,,,,,,,,,6,19,0,9,2,6,10,5,1,6,7,2,6,1,1,1,1,,,,,,0,,1,11,1,1,1,1
Public Class,"org.apache.pdfbox.pdmodel.interactive.annotation.PDAnnotationHighlight",pdfbox/src/main/java/org/apache/pdfbox/pdmodel/interactive/annotation/PDAnnotationHighlight.java,1,1,1,1,8,0,6,2,1,6,0,,0,1,,,5,1,5,102,0,0,0,5,,61,6,35,11,10,20,,,9,16,9,8,,,,,2,2,2,1,4,1,60,0,57,6,6,6,5
Public Constructor,"org.apache.pdfbox.pdmodel.interactive.annotation.PDAnnotationHighlight.PDAnnotationHighlight()",pdfbox/src/main/java/org/apache/pdfbox/pdmodel/interactive/annotation/PDAnnotationHighlight.java,,,,,,,,,,,,,,,,,,,,,,,,,6,7,0,4,1,1,3,2,1,1,2,1,1,1,1,1,1,,,,,,0,,0,75,1,1,1,1
Public Constructor,"org.apache.pdfbox.pdmodel.interactive.annotation.PDAnnotationHighlight.PDAnnotationHighlight(COSDictionary)",pdfbox/src/main/java/org/apache/pdfbox/pdmodel/interactive/annotation/PDAnnotationHighlight.java,,,,,,,,,,,,,,,,,,,,,,,,,3,9,0,4,1,1,5,2,1,1,2,1,1,1,1,1,1,,,,,,0,,1,25,1,1,1,1
Public Method,"org.apache.pdfbox.pdmodel.interactive.annotation.PDAnnotationHighlight.constructAppearances()",pdfbox/src/main/java/org/apache/pdfbox/pdmodel/interactive/annotation/PDAnnotationHighlight.java,,,,,,,,,,,,,,,,,,,,,,,,,0,5,0,5,2,1,0,1,1,1,2,1,1,1,1,1,1,,,,,,0,,0,00,1,1,1,1
Public Method,"org.apache.pdfbox.pdmodel.interactive.annotation.PDAnnotationHighlight.constructAppearances(PDDocument)",pdfbox/src/main/java/org/apache/pdfbox/pdmodel/interactive/annotation/PDAnnotationHighlight.java,,,,,,,,,,,,,,,,,,,,,,,,,3,13,0,13,3,5,0,2,2,3,5,2,4,2,2,2,1,,,,,,1,,0,00,2,2,2,1
Public Method,"org.apache.pdfbox.pdmodel.interactive.annotation.PDAnnotationHighlight.setCustomAppearanceHandler(PDAppearanceHandler)",pdfbox/src/main/java/org/apache/pdfbox/pdmodel/interactive/annotation/PDAnnotationHighlight.java,,,,,,,,,,,,,,,,,,,,,,,,,1,9,0,4,1,1,5,1,1,1,2,1,1,1,1,1,1,,,,,,0,,1,25,1,1,1,1
Public Class,"org.apache.pdfbox.pdmodel.interactive.annotation.PDAnnotationInk",pdfbox/src/main/java/org/apache/pdfbox/pdmodel/interactive/annotation/PDAnnotationInk.java,1,1,1,1,13,0,9,3,1,9,0,,0,1,,,7,1,7,100,0,0,0,7,,114,8,73,18,30,33,,,25,40,18,28,,,,,4,4,4,1,3,3,71,0,45,13,13,13,7
Public Constructor,"org.apache.pdfbox.pdmodel.interactive.annotation.PDAnnotationInk.PDAnnotationInk()",pdfbox/src/main/java/org/apache/pdfbox/pdmodel/interactive/annotation/PDAnnotationInk.java,,,,,,,,,,,,,,,,,,,,,,,,,2,7,0,4,1,1,3,3,1,1,2,1,1,1,1,1,1,,,,,,0,,0,75,1,1,1,1
Public Constructor,"org.apache.pdfbox.pdmodel.interactive.annotation.PDAnnotationInk.PDAnnotationInk(COSDictionary)",pdfbox/src/main/java/org/apache/pdfbox/pdmodel/interactive/annotation/PDAnnotationInk.java,,,,,,,,,,,,,,,,,,,,,,,,,2,9,0,4,1,1,5,2,1,1,2,1,1,1,1,1,1,,,,,,0,,1,25,1,1,1,1
Public Method,"org.apache.pdfbox.pdmodel.interactive.annotation.PDAnnotationInk.constructAppearances()",pdfbox/src/main/java/org/apache/pdfbox/pdmodel/interactive/annotation/PDAnnotationInk.java,,,,,,,,,,,,,,,,,,,,,,,,,0,5,0,5,2,1,0,1,1,1,2,1,1,1,1,1,1,,,,,,0,,0,00,1,1,1,1
Public Method,"org.apache.pdfbox.pdmodel.interactive.annotation.PDAnnotationInk.constructAppearances(PDDocument)",pdfbox/src/main/java/org/apache/pdfbox/pdmodel/interactive/annotation/PDAnnotationInk.java,,,,,,,,,,,,,,,,,,,,,,,,,3,13,0,13,3,5,0,2,2,3,5,2,4,2,2,2,1,,,,,,1,,0,00,2,2,2,1
Public Method,"org.apache.pdfbox.pdmodel.interactive.annotation.PDAnnotationInk.getInkList()",pdfbox/src/main/java/org/apache/pdfbox/pdmodel/interactive/annotation/PDAnnotationInk.java,,,,,,,,,,,,,,,,,,,,,,,,,2,28,0,22,4,11,6,6,4,9,13,5,11,4,4,4,1,,,,,,3,,0,27,4,4,4,1
Public Method,"org.apache.pdfbox.pdmodel.interactive.annotation.PDAnnotationInk.setCustomAppearanceHandler(PDAppearanceHandler)",pdfbox/src/main/java/org/apache/pdfbox/pdmodel/interactive/annotation/PDAnnotationInk.java,,,,,,,,,,,,,,,,,,,,,,,,,1,9,0,4,1,1,5,1,1,1,2,1,1,1,1,1,1,,,,,,0,,1,25,1,1,1,1
Public Method,"org.apache.pdfbox.pdmodel.interactive.annotation.PDAnnotationInk.setInkList(float[][])",pdfbox/src/main/java/org/apache/pdfbox/pdmodel/interactive/annotation/PDAnnotationInk.java,,,,,,,,,,,,,,,,,,,,,,,,,2,23,0,16,3,9,7,6,3,7,11,4,9,3,3,3,1,,,,,,1,,0,44,3,3,3,1
Public Class,"org.apache.pdfbox.pdmodel.interactive.annotation.PDAnnotationLine",pdfbox/src/main/java/org/apache/pdfbox/pdmodel/interactive/annotation/PDAnnotationLine.java,1,1,1,1,11,0,6,4,1,10,0,,0,13,,,27,1,27,120,0,0,0,27,,413,42,195,57,84,176,,,73,108,55,64,,,,,3,3,4,1,3,1,92,0,90,39,39,43,27
Public Constructor,"org.apache.pdfbox.pdmodel.interactive.annotation.PDAnnotationLine.PDAnnotationLine()",pdfbox/src/main/java/org/apache/pdfbox/pdmodel/interactive/annotation/PDAnnotationLine.java,,,,,,,,,,,,,,,,,,,,,,,,,3,9,0,5,1,2,4,4,1,2,3,1,2,1,1,1,1,,,,,,0,,0,80,1,1,1,1
Public Constructor,"org.apache.pdfbox.pdmodel.interactive.annotation.PDAnnotationLine.PDAnnotationLine(COSDictionary)",pdfbox/src/main/java/org/apache/pdfbox/pdmodel/interactive/annotation/PDAnnotationLine.java,,,,,,,,,,,,,,,,,,,,,,,,,3,9,0,4,1,1,5,2,1,1,2,1,1,1,1,1,1,,,,,,0,,1,25,1,1,1,1
Public Method,"org.apache.pdfbox.pdmodel.interactive.annotation.PDAnnotationLine.constructAppearances()",pdfbox/src/main/java/org/apache/pdfbox/pdmodel/interactive/annotation/PDAnnotationLine.java,,,,,,,,,,,,,,,,,,,,,,,,,0,5,0,5,2,1,0,1,1,1,2,1,1,1,1,1,1,,,,,,0,,0,00,1,1,1,1
Public Method,"org.apache.pdfbox.pdmodel.interactive.annotation.PDAnnotationLine.constructAppearances(PDDocument)",pdfbox/src/main/java/org/apache/pdfbox/pdmodel/interactive/annotation/PDAnnotationLine.java,,,,,,,,,,,,,,,,,,,,,,,,,3,13,0,13,3,5,0,2,2,3,5,2,4,2,2,2,1,,,,,,1,,0,00,2,2,2,1
Public Method,"org.apache.pdfbox.pdmodel.interactive.annotation.PDAnnotationLine.getCaptionHorizontalOffset()",pdfbox/src/main/java/org/apache/pdfbox/pdmodel/interactive/annotation/PDAnnotationLine.java,,,,,,,,,,,,,,,,,,,,,,,,,2,10,0,5,2,2,5,4,1,2,3,2,2,2,2,2,1,,,,,,0,,1,00,2,2,2,1
Public Method,"org.apache.pdfbox.pdmodel.interactive.annotation.PDAnnotationLine.getCaptionPositioning()",pdfbox/src/main/java/org/apache/pdfbox/pdmodel/interactive/annotation/PDAnnotationLine.java,,,,,,,,,,,,,,,,,,,,,,,,,2,9,0,4,1,1,5,3,1,1,2,1,1,1,1,1,1,,,,,,0,,1,25,1,1,1,1
Public Method,"org.apache.pdfbox.pdmodel.interactive.annotation.PDAnnotationLine.getCaptionVerticalOffset()",pdfbox/src/main/java/org/apache/pdfbox/pdmodel/interactive/annotation/PDAnnotationLine.java,,,,,,,,,,,,,,,,,,,,,,,,,2,10,0,5,2,2,5,4,1,2,3,2,2,2,2,2,1,,,,,,0,,1,00,2,2,2,1
Public Method,"org.apache.pdfbox.pdmodel.interactive.annotation.PDAnnotationLine.getEndPointEndingStyle()",pdfbox/src/main/java/org/apache/pdfbox/pdmodel/interactive/annotation/PDAnnotationLine.java,,,,,,,,,,,,,,,,,,,,,,,,,3,14,0,9,2,4,5,5,2,3,5,2,4,2,2,3,1,,,,,,1,,0,56,2,2,3,1
Public Method,"org.apache.pdfbox.pdmodel.interactive.annotation.PDAnnotationLine.getInteriorColor()",pdfbox/src/main/java/org/apache/pdfbox/pdmodel/interactive/annotation/PDAnnotationLine.java,,,,,,,,,,,,,,,,,,,,,,,,,3,10,0,4,1,1,6,2,1,1,2,1,1,1,1,1,1,,,,,,0,,1,50,1,1,1,1
Public Method,"org.apache.pdfbox.pdmodel.interactive.annotation.PDAnnotationLine.getLeaderLineExtensionLength()",pdfbox/src/main/java/org/apache/pdfbox/pdmodel/interactive/annotation/PDAnnotationLine.java,,,,,,,,,,,,,,,,,,,,,,,,,2,9,0,4,1,1,5,3,1,1,2,1,1,1,1,1,1,,,,,,0,,1,25,1,1,1,1
Public Method,"org.apache.pdfbox.pdmodel.interactive.annotation.PDAnnotationLine.getLeaderLineLength()",pdfbox/src/main/java/org/apache/pdfbox/pdmodel/interactive/annotation/PDAnnotationLine.java,,,,,,,,,,,,,,,,,,,,,,,,,2,9,0,4,1,1,5,3,1,1,2,1,1,1,1,1,1,,,,,,0,,1,25,1,1,1,1
Public Method,"org.apache.pdfbox.pdmodel.interactive.annotation.PDAnnotationLine.getLeaderLineOffsetLength()",pdfbox/src/main/java/org/apache/pdfbox/pdmodel/interactive/annotation/PDAnnotationLine.java,,,,,,,,,,,,,,,,,,,,,,,,,2,9,0,4,1,1,5,3,1,1,2,1,1,1,1,1,1,,,,,,0,,1,25,1,1,1,1
Public Method,"org.apache.pdfbox.pdmodel.interactive.annotation.PDAnnotationLine.getLine()",pdfbox/src/main/java/org/apache/pdfbox/pdmodel/interactive/annotation/PDAnnotationLine.java,,,,,,,,,,,,,,,,,,,,,,,,,2,10,0,5,2,2,5,4,1,2,3,2,2,2,2,2,1,,,,,,0,,1,00,2,2,2,1
Public Method,"org.apache.pdfbox.pdmodel.interactive.annotation.PDAnnotationLine.getStartPointEndingStyle()",pdfbox/src/main/java/org/apache/pdfbox/pdmodel/interactive/annotation/PDAnnotationLine.java,,,,,,,,,,,,,,,,,,,,,,,,,3,14,0,9,2,4,5,5,2,3,5,2,4,2,2,3,1,,,,,,1,,0,56,2,2,3,1
Public Method,"org.apache.pdfbox.pdmodel.interactive.annotation.PDAnnotationLine.hasCaption()",pdfbox/src/main/java/org/apache/pdfbox/pdmodel/interactive/annotation/PDAnnotationLine.java,,,,,,,,,,,,,,,,,,,,,,,,,2,10,0,4,1,1,6,3,1,1,2,1,1,1,1,1,1,,,,,,0,,1,50,1,1,1,1
Public Method,"org.apache.pdfbox.pdmodel.interactive.annotation.PDAnnotationLine.setCaption(boolean)",pdfbox/src/main/java/org/apache/pdfbox/pdmodel/interactive/annotation/PDAnnotationLine.java,,,,,,,,,,,,,,,,,,,,,,,,,3,9,0,4,1,1,5,2,1,1,2,1,1,1,1,1,1,,,,,,0,,1,25,1,1,1,1
Public Method,"org.apache.pdfbox.pdmodel.interactive.annotation.PDAnnotationLine.setCaptionHorizontalOffset(float)",pdfbox/src/main/java/org/apache/pdfbox/pdmodel/interactive/annotation/PDAnnotationLine.java,,,,,,,,,,,,,,,,,,,,,,,,,2,19,0,14,2,7,5,7,2,5,7,2,6,2,2,2,1,,,,,,1,,0,36,2,2,2,1
Public Method,"org.apache.pdfbox.pdmodel.interactive.annotation.PDAnnotationLine.setCaptionPositioning(String)",pdfbox/src/main/java/org/apache/pdfbox/pdmodel/interactive/annotation/PDAnnotationLine.java,,,,,,,,,,,,,,,,,,,,,,,,,2,9,0,4,1,1,5,2,1,1,2,1,1,1,1,1,1,,,,,,0,,1,25,1,1,1,1
Public Method,"org.apache.pdfbox.pdmodel.interactive.annotation.PDAnnotationLine.setCaptionVerticalOffset(float)",pdfbox/src/main/java/org/apache/pdfbox/pdmodel/interactive/annotation/PDAnnotationLine.java,,,,,,,,,,,,,,,,,,,,,,,,,2,19,0,14,2,7,5,7,2,5,7,2,6,2,2,2,1,,,,,,1,,0,36,2,2,2,1
Public Method,"org.apache.pdfbox.pdmodel.interactive.annotation.PDAnnotationLine.setCustomAppearanceHandler(PDAppearanceHandler)",pdfbox/src/main/java/org/apache/pdfbox/pdmodel/interactive/annotation/PDAnnotationLine.java,,,,,,,,,,,,,,,,,,,,,,,,,1,9,0,4,1,1,5,1,1,1,2,1,1,1,1,1,1,,,,,,0,,1,25,1,1,1,1
Public Method,"org.apache.pdfbox.pdmodel.interactive.annotation.PDAnnotationLine.setEndPointEndingStyle(String)",pdfbox/src/main/java/org/apache/pdfbox/pdmodel/interactive/annotation/PDAnnotationLine.java,,,,,,,,,,,,,,,,,,,,,,,,,4,21,0,16,3,9,5,8,2,7,9,3,7,3,3,4,1,,,,,,1,,0,31,3,3,4,1
Public Method,"org.apache.pdfbox.pdmodel.interactive.annotation.PDAnnotationLine.setInteriorColor(PDColor)",pdfbox/src/main/java/org/apache/pdfbox/pdmodel/interactive/annotation/PDAnnotationLine.java,,,,,,,,,,,,,,,,,,,,,,,,,2,9,0,4,1,1,5,3,1,1,2,1,1,1,1,1,1,,,,,,0,,1,25,1,1,1,1
Public Method,"org.apache.pdfbox.pdmodel.interactive.annotation.PDAnnotationLine.setLeaderLineExtensionLength(float)",pdfbox/src/main/java/org/apache/pdfbox/pdmodel/interactive/annotation/PDAnnotationLine.java,,,,,,,,,,,,,,,,,,,,,,,,,2,9,0,4,1,1,5,2,1,1,2,1,1,1,1,1,1,,,,,,0,,1,25,1,1,1,1
Public Method,"org.apache.pdfbox.pdmodel.interactive.annotation.PDAnnotationLine.setLeaderLineLength(float)",pdfbox/src/main/java/org/apache/pdfbox/pdmodel/interactive/annotation/PDAnnotationLine.java,,,,,,,,,,,,,,,,,,,,,,,,,2,9,0,4,1,1,5,2,1,1,2,1,1,1,1,1,1,,,,,,0,,1,25,1,1,1,1
Public Method,"org.apache.pdfbox.pdmodel.interactive.annotation.PDAnnotationLine.setLeaderLineOffsetLength(float)",pdfbox/src/main/java/org/apache/pdfbox/pdmodel/interactive/annotation/PDAnnotationLine.java,,,,,,,,,,,,,,,,,,,,,,,,,2,9,0,4,1,1,5,2,1,1,2,1,1,1,1,1,1,,,,,,0,,1,25,1,1,1,1
Public Method,"org.apache.pdfbox.pdmodel.interactive.annotation.PDAnnotationLine.setLine(float[])",pdfbox/src/main/java/org/apache/pdfbox/pdmodel/interactive/annotation/PDAnnotationLine.java,,,,,,,,,,,,,,,,,,,,,,,,,4,11,0,6,2,3,5,4,1,3,4,2,3,1,1,1,1,,,,,,0,,0,83,1,1,1,1
Public Method,"org.apache.pdfbox.pdmodel.interactive.annotation.PDAnnotationLine.setStartPointEndingStyle(String)",pdfbox/src/main/java/org/apache/pdfbox/pdmodel/interactive/annotation/PDAnnotationLine.java,,,,,,,,,,,,,,,,,,,,,,,,,3,21,0,16,3,9,5,8,2,7,9,3,7,3,3,4,1,,,,,,1,,0,31,3,3,4,1
Public Class,"org.apache.pdfbox.pdmodel.interactive.annotation.PDAnnotationLink",pdfbox/src/main/java/org/apache/pdfbox/pdmodel/interactive/annotation/PDAnnotationLink.java,1,1,1,1,9,0,4,4,1,14,0,,0,5,,,17,1,17,86,0,0,0,17,,217,20,93,32,32,104,,,31,50,30,26,,,,,2,2,2,1,2,1,88,1,12,22,22,22,17
Public Constructor,"org.apache.pdfbox.pdmodel.interactive.annotation.PDAnnotationLink.PDAnnotationLink()",pdfbox/src/main/java/org/apache/pdfbox/pdmodel/interactive/annotation/PDAnnotationLink.java,,,,,,,,,,,,,,,,,,,,,,,,,8,7,0,4,1,1,3,3,1,1,2,1,1,1,1,1,1,,,,,,0,,0,75,1,1,1,1
Public Constructor,"org.apache.pdfbox.pdmodel.interactive.annotation.PDAnnotationLink.PDAnnotationLink(COSDictionary)",pdfbox/src/main/java/org/apache/pdfbox/pdmodel/interactive/annotation/PDAnnotationLink.java,,,,,,,,,,,,,,,,,,,,,,,,,3,9,0,4,1,1,5,2,1,1,2,1,1,1,1,1,1,,,,,,0,,1,25,1,1,1,1
Public Method,"org.apache.pdfbox.pdmodel.interactive.annotation.PDAnnotationLink.constructAppearances()",pdfbox/src/main/java/org/apache/pdfbox/pdmodel/interactive/annotation/PDAnnotationLink.java,,,,,,,,,,,,,,,,,,,,,,,,,0,5,0,5,2,1,0,1,1,1,2,1,1,1,1,1,1,,,,,,0,,0,00,1,1,1,1
Public Method,"org.apache.pdfbox.pdmodel.interactive.annotation.PDAnnotationLink.constructAppearances(PDDocument)",pdfbox/src/main/java/org/apache/pdfbox/pdmodel/interactive/annotation/PDAnnotationLink.java,,,,,,,,,,,,,,,,,,,,,,,,,3,13,0,13,3,5,0,2,2,3,5,2,4,2,2,2,1,,,,,,1,,0,00,2,2,2,1
Public Method,"org.apache.pdfbox.pdmodel.interactive.annotation.PDAnnotationLink.getAction()",pdfbox/src/main/java/org/apache/pdfbox/pdmodel/interactive/annotation/PDAnnotationLink.java,,,,,,,,,,,,,,,,,,,,,,,,,5,11,0,5,2,2,6,4,1,2,3,2,2,2,2,2,1,,,,,,0,,1,20,2,2,2,1
Public Method,"org.apache.pdfbox.pdmodel.interactive.annotation.PDAnnotationLink.getBorderStyle()",pdfbox/src/main/java/org/apache/pdfbox/pdmodel/interactive/annotation/PDAnnotationLink.java,,,,,,,,,,,,,,,,,,,,,,,,,3,11,0,5,2,2,6,4,1,2,3,2,2,2,2,2,1,,,,,,0,,1,20,2,2,2,1
Public Method,"org.apache.pdfbox.pdmodel.interactive.annotation.PDAnnotationLink.getDestination()",pdfbox/src/main/java/org/apache/pdfbox/pdmodel/interactive/annotation/PDAnnotationLink.java,,,,,,,,,,,,,,,,,,,,,,,,,4,12,0,4,1,1,8,4,1,1,2,1,1,1,1,1,1,,,,,,0,,2,00,1,1,1,1
Public Method,"org.apache.pdfbox.pdmodel.interactive.annotation.PDAnnotationLink.getHighlightMode()",pdfbox/src/main/java/org/apache/pdfbox/pdmodel/interactive/annotation/PDAnnotationLink.java,,,,,,,,,,,,,,,,,,,,,,,,,2,9,0,4,1,1,5,3,1,1,2,1,1,1,1,1,1,,,,,,0,,1,25,1,1,1,1
Public Method,"org.apache.pdfbox.pdmodel.interactive.annotation.PDAnnotationLink.getPreviousURI()",pdfbox/src/main/java/org/apache/pdfbox/pdmodel/interactive/annotation/PDAnnotationLink.java,,,,,,,,,,,,,,,,,,,,,,,,,1,10,0,5,2,2,5,4,1,2,3,2,2,2,2,2,1,,,,,,0,,1,00,2,2,2,1
Public Method,"org.apache.pdfbox.pdmodel.interactive.annotation.PDAnnotationLink.getQuadPoints()",pdfbox/src/main/java/org/apache/pdfbox/pdmodel/interactive/annotation/PDAnnotationLink.java,,,,,,,,,,,,,,,,,,,,,,,,,2,10,0,5,2,2,5,4,1,2,3,2,2,2,2,2,1,,,,,,0,,1,00,2,2,2,1
Public Method,"org.apache.pdfbox.pdmodel.interactive.annotation.PDAnnotationLink.setAction(PDAction)",pdfbox/src/main/java/org/apache/pdfbox/pdmodel/interactive/annotation/PDAnnotationLink.java,,,,,,,,,,,,,,,,,,,,,,,,,3,10,0,4,1,1,6,2,1,1,2,1,1,1,1,1,1,,,,,,0,,1,50,1,1,1,1
Public Method,"org.apache.pdfbox.pdmodel.interactive.annotation.PDAnnotationLink.setBorderStyle(PDBorderStyleDictionary)",pdfbox/src/main/java/org/apache/pdfbox/pdmodel/interactive/annotation/PDAnnotationLink.java,,,,,,,,,,,,,,,,,,,,,,,,,3,10,0,4,1,1,6,2,1,1,2,1,1,1,1,1,1,,,,,,0,,1,50,1,1,1,1
Public Method,"org.apache.pdfbox.pdmodel.interactive.annotation.PDAnnotationLink.setCustomAppearanceHandler(PDAppearanceHandler)",pdfbox/src/main/java/org/apache/pdfbox/pdmodel/interactive/annotation/PDAnnotationLink.java,,,,,,,,,,,,,,,,,,,,,,,,,1,9,0,4,1,1,5,1,1,1,2,1,1,1,1,1,1,,,,,,0,,1,25,1,1,1,1
Public Method,"org.apache.pdfbox.pdmodel.interactive.annotation.PDAnnotationLink.setDestination(PDDestination)",pdfbox/src/main/java/org/apache/pdfbox/pdmodel/interactive/annotation/PDAnnotationLink.java,,,,,,,,,,,,,,,,,,,,,,,,,2,9,0,4,1,1,5,2,1,1,2,1,1,1,1,1,1,,,,,,0,,1,25,1,1,1,1
Public Method,"org.apache.pdfbox.pdmodel.interactive.annotation.PDAnnotationLink.setHighlightMode(String)",pdfbox/src/main/java/org/apache/pdfbox/pdmodel/interactive/annotation/PDAnnotationLink.java,,,,,,,,,,,,,,,,,,,,,,,,,2,9,0,4,1,1,5,2,1,1,2,1,1,1,1,1,1,,,,,,0,,1,25,1,1,1,1
Public Method,"org.apache.pdfbox.pdmodel.interactive.annotation.PDAnnotationLink.setPreviousURI(PDActionURI)",pdfbox/src/main/java/org/apache/pdfbox/pdmodel/interactive/annotation/PDAnnotationLink.java,,,,,,,,,,,,,,,,,,,,,,,,,2,9,0,4,1,1,5,2,1,1,2,1,1,1,1,1,1,,,,,,0,,1,25,1,1,1,1
Public Method,"org.apache.pdfbox.pdmodel.interactive.annotation.PDAnnotationLink.setQuadPoints(float[])",pdfbox/src/main/java/org/apache/pdfbox/pdmodel/interactive/annotation/PDAnnotationLink.java,,,,,,,,,,,,,,,,,,,,,,,,,2,11,0,6,2,3,5,4,1,3,4,2,3,1,1,1,1,,,,,,0,,0,83,1,1,1,1
Public Class,"org.apache.pdfbox.pdmodel.interactive.annotation.PDAnnotationMarkup",pdfbox/src/main/java/org/apache/pdfbox/pdmodel/interactive/annotation/PDAnnotationMarkup.java,1,1,1,1,9,0,4,5,1,11,12,,0,2,,,24,0,24,93,0,0,0,24,,285,26,116,32,35,143,,,32,59,32,32,,,,,3,3,3,3,2,1,0,1,23,30,30,30,26
Public Constructor,"org.apache.pdfbox.pdmodel.interactive.annotation.PDAnnotationMarkup.PDAnnotationMarkup()",pdfbox/src/main/java/org/apache/pdfbox/pdmodel/interactive/annotation/PDAnnotationMarkup.java,,,,,,,,,,,,,,,,,,,,,,,,,0,6,0,3,1,0,3,1,1,0,1,1,0,1,1,1,1,,,,,,0,,1,00,1,1,1,1
Public Constructor,"org.apache.pdfbox.pdmodel.interactive.annotation.PDAnnotationMarkup.PDAnnotationMarkup(COSDictionary)",pdfbox/src/main/java/org/apache/pdfbox/pdmodel/interactive/annotation/PDAnnotationMarkup.java,,,,,,,,,,,,,,,,,,,,,,,,,14,9,0,4,1,1,5,2,1,1,2,1,1,1,1,1,1,,,,,,0,,1,25,1,1,1,1
Public Method,"org.apache.pdfbox.pdmodel.interactive.annotation.PDAnnotationMarkup.getBorderStyle()",pdfbox/src/main/java/org/apache/pdfbox/pdmodel/interactive/annotation/PDAnnotationMarkup.java,,,,,,,,,,,,,,,,,,,,,,,,,16,10,0,5,2,2,5,4,1,2,3,2,2,2,2,2,1,,,,,,0,,1,00,2,2,2,1
Public Method,"org.apache.pdfbox.pdmodel.interactive.annotation.PDAnnotationMarkup.getConstantOpacity()",pdfbox/src/main/java/org/apache/pdfbox/pdmodel/interactive/annotation/PDAnnotationMarkup.java,,,,,,,,,,,,,,,,,,,,,,,,,15,9,0,4,1,1,5,3,1,1,2,1,1,1,1,1,1,,,,,,0,,1,25,1,1,1,1
Public Method,"org.apache.pdfbox.pdmodel.interactive.annotation.PDAnnotationMarkup.getCreationDate()",pdfbox/src/main/java/org/apache/pdfbox/pdmodel/interactive/annotation/PDAnnotationMarkup.java,,,,,,,,,,,,,,,,,,,,,,,,,1,9,0,4,1,1,5,3,1,1,2,1,1,1,1,1,1,,,,,,0,,1,25,1,1,1,1
Public Method,"org.apache.pdfbox.pdmodel.interactive.annotation.PDAnnotationMarkup.getExternalData()",pdfbox/src/main/java/org/apache/pdfbox/pdmodel/interactive/annotation/PDAnnotationMarkup.java,,,,,,,,,,,,,,,,,,,,,,,,,1,10,0,5,2,2,5,4,1,2,3,2,2,2,2,2,1,,,,,,0,,1,00,2,2,2,1
Public Method,"org.apache.pdfbox.pdmodel.interactive.annotation.PDAnnotationMarkup.getInReplyTo()",pdfbox/src/main/java/org/apache/pdfbox/pdmodel/interactive/annotation/PDAnnotationMarkup.java,,,,,,,,,,,,,,,,,,,,,,,,,1,12,0,5,2,2,7,4,1,2,3,2,2,2,2,2,1,,,,,,0,,1,40,2,2,2,1
Public Method,"org.apache.pdfbox.pdmodel.interactive.annotation.PDAnnotationMarkup.getIntent()",pdfbox/src/main/java/org/apache/pdfbox/pdmodel/interactive/annotation/PDAnnotationMarkup.java,,,,,,,,,,,,,,,,,,,,,,,,,2,10,0,4,1,1,6,3,1,1,2,1,1,1,1,1,1,,,,,,0,,1,50,1,1,1,1
Public Method,"org.apache.pdfbox.pdmodel.interactive.annotation.PDAnnotationMarkup.getPopup()",pdfbox/src/main/java/org/apache/pdfbox/pdmodel/interactive/annotation/PDAnnotationMarkup.java,,,,,,,,,,,,,,,,,,,,,,,,,1,10,0,5,2,2,5,4,1,2,3,2,2,2,2,2,1,,,,,,0,,1,00,2,2,2,1
Public Method,"org.apache.pdfbox.pdmodel.interactive.annotation.PDAnnotationMarkup.getReplyType()",pdfbox/src/main/java/org/apache/pdfbox/pdmodel/interactive/annotation/PDAnnotationMarkup.java,,,,,,,,,,,,,,,,,,,,,,,,,2,10,0,4,1,1,6,3,1,1,2,1,1,1,1,1,1,,,,,,0,,1,50,1,1,1,1
Public Method,"org.apache.pdfbox.pdmodel.interactive.annotation.PDAnnotationMarkup.getRichContents()",pdfbox/src/main/java/org/apache/pdfbox/pdmodel/interactive/annotation/PDAnnotationMarkup.java,,,,,,,,,,,,,,,,,,,,,,,,,1,21,0,16,2,7,5,5,3,4,7,2,6,3,3,3,3,,,,,,1,,0,31,3,3,3,3
Public Method,"org.apache.pdfbox.pdmodel.interactive.annotation.PDAnnotationMarkup.getSubject()",pdfbox/src/main/java/org/apache/pdfbox/pdmodel/interactive/annotation/PDAnnotationMarkup.java,,,,,,,,,,,,,,,,,,,,,,,,,1,9,0,4,1,1,5,3,1,1,2,1,1,1,1,1,1,,,,,,0,,1,25,1,1,1,1
Public Method,"org.apache.pdfbox.pdmodel.interactive.annotation.PDAnnotationMarkup.getTitlePopup()",pdfbox/src/main/java/org/apache/pdfbox/pdmodel/interactive/annotation/PDAnnotationMarkup.java,,,,,,,,,,,,,,,,,,,,,,,,,1,10,0,4,1,1,6,3,1,1,2,1,1,1,1,1,1,,,,,,0,,1,50,1,1,1,1
Public Method,"org.apache.pdfbox.pdmodel.interactive.annotation.PDAnnotationMarkup.setBorderStyle(PDBorderStyleDictionary)",pdfbox/src/main/java/org/apache/pdfbox/pdmodel/interactive/annotation/PDAnnotationMarkup.java,,,,,,,,,,,,,,,,,,,,,,,,,4,10,0,4,1,1,6,2,1,1,2,1,1,1,1,1,1,,,,,,0,,1,50,1,1,1,1
Public Method,"org.apache.pdfbox.pdmodel.interactive.annotation.PDAnnotationMarkup.setConstantOpacity(float)",pdfbox/src/main/java/org/apache/pdfbox/pdmodel/interactive/annotation/PDAnnotationMarkup.java,,,,,,,,,,,,,,,,,,,,,,,,,3,9,0,4,1,1,5,2,1,1,2,1,1,1,1,1,1,,,,,,0,,1,25,1,1,1,1
Public Method,"org.apache.pdfbox.pdmodel.interactive.annotation.PDAnnotationMarkup.setCreationDate(Calendar)",pdfbox/src/main/java/org/apache/pdfbox/pdmodel/interactive/annotation/PDAnnotationMarkup.java,,,,,,,,,,,,,,,,,,,,,,,,,2,9,0,4,1,1,5,2,1,1,2,1,1,1,1,1,1,,,,,,0,,1,25,1,1,1,1
Public Method,"org.apache.pdfbox.pdmodel.interactive.annotation.PDAnnotationMarkup.setExternalData(PDExternalDataDictionary)",pdfbox/src/main/java/org/apache/pdfbox/pdmodel/interactive/annotation/PDAnnotationMarkup.java,,,,,,,,,,,,,,,,,,,,,,,,,2,9,0,4,1,1,5,2,1,1,2,1,1,1,1,1,1,,,,,,0,,1,25,1,1,1,1
Public Method,"org.apache.pdfbox.pdmodel.interactive.annotation.PDAnnotationMarkup.setInReplyTo(PDAnnotation)",pdfbox/src/main/java/org/apache/pdfbox/pdmodel/interactive/annotation/PDAnnotationMarkup.java,,,,,,,,,,,,,,,,,,,,,,,,,2,10,0,4,1,1,6,2,1,1,2,1,1,1,1,1,1,,,,,,0,,1,50,1,1,1,1
Public Method,"org.apache.pdfbox.pdmodel.interactive.annotation.PDAnnotationMarkup.setIntent(String)",pdfbox/src/main/java/org/apache/pdfbox/pdmodel/interactive/annotation/PDAnnotationMarkup.java,,,,,,,,,,,,,,,,,,,,,,,,,3,10,0,4,1,1,6,2,1,1,2,1,1,1,1,1,1,,,,,,0,,1,50,1,1,1,1
Public Method,"org.apache.pdfbox.pdmodel.interactive.annotation.PDAnnotationMarkup.setPopup(PDAnnotationPopup)",pdfbox/src/main/java/org/apache/pdfbox/pdmodel/interactive/annotation/PDAnnotationMarkup.java,,,,,,,,,,,,,,,,,,,,,,,,,2,9,0,4,1,1,5,2,1,1,2,1,1,1,1,1,1,,,,,,0,,1,25,1,1,1,1
Public Method,"org.apache.pdfbox.pdmodel.interactive.annotation.PDAnnotationMarkup.setReplyType(String)",pdfbox/src/main/java/org/apache/pdfbox/pdmodel/interactive/annotation/PDAnnotationMarkup.java,,,,,,,,,,,,,,,,,,,,,,,,,2,10,0,4,1,1,6,2,1,1,2,1,1,1,1,1,1,,,,,,0,,1,50,1,1,1,1
Public Method,"org.apache.pdfbox.pdmodel.interactive.annotation.PDAnnotationMarkup.setRichContents(String)",pdfbox/src/main/java/org/apache/pdfbox/pdmodel/interactive/annotation/PDAnnotationMarkup.java,,,,,,,,,,,,,,,,,,,,,,,,,2,9,0,4,1,1,5,3,1,1,2,1,1,1,1,1,1,,,,,,0,,1,25,1,1,1,1
Public Method,"org.apache.pdfbox.pdmodel.interactive.annotation.PDAnnotationMarkup.setSubject(String)",pdfbox/src/main/java/org/apache/pdfbox/pdmodel/interactive/annotation/PDAnnotationMarkup.java,,,,,,,,,,,,,,,,,,,,,,,,,3,9,0,4,1,1,5,2,1,1,2,1,1,1,1,1,1,,,,,,0,,1,25,1,1,1,1
Public Method,"org.apache.pdfbox.pdmodel.interactive.annotation.PDAnnotationMarkup.setTitlePopup(String)",pdfbox/src/main/java/org/apache/pdfbox/pdmodel/interactive/annotation/PDAnnotationMarkup.java,,,,,,,,,,,,,,,,,,,,,,,,,3,10,0,4,1,1,6,2,1,1,2,1,1,1,1,1,1,,,,,,0,,1,50,1,1,1,1
Public Class,"org.apache.pdfbox.pdmodel.interactive.annotation.PDAnnotationPolygon",pdfbox/src/main/java/org/apache/pdfbox/pdmodel/interactive/annotation/PDAnnotationPolygon.java,1,1,1,1,11,0,6,4,1,11,0,,0,1,,,12,1,12,105,0,0,0,12,,164,14,85,24,31,65,,,28,45,23,29,,,,,4,4,4,1,3,3,83,0,76,18,18,18,12
Public Constructor,"org.apache.pdfbox.pdmodel.interactive.annotation.PDAnnotationPolygon.PDAnnotationPolygon()",pdfbox/src/main/java/org/apache/pdfbox/pdmodel/interactive/annotation/PDAnnotationPolygon.java,,,,,,,,,,,,,,,,,,,,,,,,,3,7,0,4,1,1,3,3,1,1,2,1,1,1,1,1,1,,,,,,0,,0,75,1,1,1,1
Public Constructor,"org.apache.pdfbox.pdmodel.interactive.annotation.PDAnnotationPolygon.PDAnnotationPolygon(COSDictionary)",pdfbox/src/main/java/org/apache/pdfbox/pdmodel/interactive/annotation/PDAnnotationPolygon.java,,,,,,,,,,,,,,,,,,,,,,,,,2,9,0,4,1,1,5,2,1,1,2,1,1,1,1,1,1,,,,,,0,,1,25,1,1,1,1
Public Method,"org.apache.pdfbox.pdmodel.interactive.annotation.PDAnnotationPolygon.constructAppearances()",pdfbox/src/main/java/org/apache/pdfbox/pdmodel/interactive/annotation/PDAnnotationPolygon.java,,,,,,,,,,,,,,,,,,,,,,,,,0,5,0,5,2,1,0,1,1,1,2,1,1,1,1,1,1,,,,,,0,,0,00,1,1,1,1
Public Method,"org.apache.pdfbox.pdmodel.interactive.annotation.PDAnnotationPolygon.constructAppearances(PDDocument)",pdfbox/src/main/java/org/apache/pdfbox/pdmodel/interactive/annotation/PDAnnotationPolygon.java,,,,,,,,,,,,,,,,,,,,,,,,,3,13,0,13,3,5,0,2,2,3,5,2,4,2,2,2,1,,,,,,1,,0,00,2,2,2,1
Public Method,"org.apache.pdfbox.pdmodel.interactive.annotation.PDAnnotationPolygon.getBorderEffect()",pdfbox/src/main/java/org/apache/pdfbox/pdmodel/interactive/annotation/PDAnnotationPolygon.java,,,,,,,,,,,,,,,,,,,,,,,,,2,11,0,5,2,2,6,4,1,2,3,2,2,2,2,2,1,,,,,,0,,1,20,2,2,2,1
Public Method,"org.apache.pdfbox.pdmodel.interactive.annotation.PDAnnotationPolygon.getInteriorColor()",pdfbox/src/main/java/org/apache/pdfbox/pdmodel/interactive/annotation/PDAnnotationPolygon.java,,,,,,,,,,,,,,,,,,,,,,,,,2,9,0,4,1,1,5,2,1,1,2,1,1,1,1,1,1,,,,,,0,,1,25,1,1,1,1
Public Method,"org.apache.pdfbox.pdmodel.interactive.annotation.PDAnnotationPolygon.getPath()",pdfbox/src/main/java/org/apache/pdfbox/pdmodel/interactive/annotation/PDAnnotationPolygon.java,,,,,,,,,,,,,,,,,,,,,,,,,2,29,0,22,4,11,7,6,4,9,13,5,11,4,4,4,1,,,,,,3,,0,32,4,4,4,1
Public Method,"org.apache.pdfbox.pdmodel.interactive.annotation.PDAnnotationPolygon.getVertices()",pdfbox/src/main/java/org/apache/pdfbox/pdmodel/interactive/annotation/PDAnnotationPolygon.java,,,,,,,,,,,,,,,,,,,,,,,,,2,11,0,5,2,2,6,4,1,2,3,2,2,2,2,2,1,,,,,,0,,1,20,2,2,2,1
Public Method,"org.apache.pdfbox.pdmodel.interactive.annotation.PDAnnotationPolygon.setBorderEffect(PDBorderEffectDictionary)",pdfbox/src/main/java/org/apache/pdfbox/pdmodel/interactive/annotation/PDAnnotationPolygon.java,,,,,,,,,,,,,,,,,,,,,,,,,2,11,0,4,1,1,7,2,1,1,2,1,1,1,1,1,1,,,,,,0,,1,75,1,1,1,1
Public Method,"org.apache.pdfbox.pdmodel.interactive.annotation.PDAnnotationPolygon.setCustomAppearanceHandler(PDAppearanceHandler)",pdfbox/src/main/java/org/apache/pdfbox/pdmodel/interactive/annotation/PDAnnotationPolygon.java,,,,,,,,,,,,,,,,,,,,,,,,,1,9,0,4,1,1,5,1,1,1,2,1,1,1,1,1,1,,,,,,0,,1,25,1,1,1,1
Public Method,"org.apache.pdfbox.pdmodel.interactive.annotation.PDAnnotationPolygon.setInteriorColor(PDColor)",pdfbox/src/main/java/org/apache/pdfbox/pdmodel/interactive/annotation/PDAnnotationPolygon.java,,,,,,,,,,,,,,,,,,,,,,,,,3,9,0,4,1,1,5,3,1,1,2,1,1,1,1,1,1,,,,,,0,,1,25,1,1,1,1
Public Method,"org.apache.pdfbox.pdmodel.interactive.annotation.PDAnnotationPolygon.setVertices(float[])",pdfbox/src/main/java/org/apache/pdfbox/pdmodel/interactive/annotation/PDAnnotationPolygon.java,,,,,,,,,,,,,,,,,,,,,,,,,3,13,0,6,2,3,7,4,1,3,4,2,3,1,1,1,1,,,,,,0,,1,17,1,1,1,1
Public Class,"org.apache.pdfbox.pdmodel.interactive.annotation.PDAnnotationPolyline",pdfbox/src/main/java/org/apache/pdfbox/pdmodel/interactive/annotation/PDAnnotationPolyline.java,1,1,1,1,11,0,7,4,1,10,0,,0,1,,,13,1,13,106,0,0,0,13,,181,14,104,27,43,63,,,36,55,25,37,,,,,3,3,4,1,3,1,84,0,61,21,21,25,13
Public Constructor,"org.apache.pdfbox.pdmodel.interactive.annotation.PDAnnotationPolyline.PDAnnotationPolyline()",pdfbox/src/main/java/org/apache/pdfbox/pdmodel/interactive/annotation/PDAnnotationPolyline.java,,,,,,,,,,,,,,,,,,,,,,,,,2,7,0,4,1,1,3,3,1,1,2,1,1,1,1,1,1,,,,,,0,,0,75,1,1,1,1
Public Constructor,"org.apache.pdfbox.pdmodel.interactive.annotation.PDAnnotationPolyline.PDAnnotationPolyline(COSDictionary)",pdfbox/src/main/java/org/apache/pdfbox/pdmodel/interactive/annotation/PDAnnotationPolyline.java,,,,,,,,,,,,,,,,,,,,,,,,,2,9,0,4,1,1,5,2,1,1,2,1,1,1,1,1,1,,,,,,0,,1,25,1,1,1,1
Public Method,"org.apache.pdfbox.pdmodel.interactive.annotation.PDAnnotationPolyline.constructAppearances()",pdfbox/src/main/java/org/apache/pdfbox/pdmodel/interactive/annotation/PDAnnotationPolyline.java,,,,,,,,,,,,,,,,,,,,,,,,,0,5,0,5,2,1,0,1,1,1,2,1,1,1,1,1,1,,,,,,0,,0,00,1,1,1,1
Public Method,"org.apache.pdfbox.pdmodel.interactive.annotation.PDAnnotationPolyline.constructAppearances(PDDocument)",pdfbox/src/main/java/org/apache/pdfbox/pdmodel/interactive/annotation/PDAnnotationPolyline.java,,,,,,,,,,,,,,,,,,,,,,,,,3,13,0,13,3,5,0,2,2,3,5,2,4,2,2,2,1,,,,,,1,,0,00,2,2,2,1
Public Method,"org.apache.pdfbox.pdmodel.interactive.annotation.PDAnnotationPolyline.getEndPointEndingStyle()",pdfbox/src/main/java/org/apache/pdfbox/pdmodel/interactive/annotation/PDAnnotationPolyline.java,,,,,,,,,,,,,,,,,,,,,,,,,3,14,0,9,2,4,5,5,2,3,5,2,4,2,2,3,1,,,,,,1,,0,56,2,2,3,1
Public Method,"org.apache.pdfbox.pdmodel.interactive.annotation.PDAnnotationPolyline.getInteriorColor()",pdfbox/src/main/java/org/apache/pdfbox/pdmodel/interactive/annotation/PDAnnotationPolyline.java,,,,,,,,,,,,,,,,,,,,,,,,,2,9,0,4,1,1,5,2,1,1,2,1,1,1,1,1,1,,,,,,0,,1,25,1,1,1,1
Public Method,"org.apache.pdfbox.pdmodel.interactive.annotation.PDAnnotationPolyline.getStartPointEndingStyle()",pdfbox/src/main/java/org/apache/pdfbox/pdmodel/interactive/annotation/PDAnnotationPolyline.java,,,,,,,,,,,,,,,,,,,,,,,,,3,14,0,9,2,4,5,5,2,3,5,2,4,2,2,3,1,,,,,,1,,0,56,2,2,3,1
Public Method,"org.apache.pdfbox.pdmodel.interactive.annotation.PDAnnotationPolyline.getVertices()",pdfbox/src/main/java/org/apache/pdfbox/pdmodel/interactive/annotation/PDAnnotationPolyline.java,,,,,,,,,,,,,,,,,,,,,,,,,2,11,0,5,2,2,6,4,1,2,3,2,2,2,2,2,1,,,,,,0,,1,20,2,2,2,1
Public Method,"org.apache.pdfbox.pdmodel.interactive.annotation.PDAnnotationPolyline.setCustomAppearanceHandler(PDAppearanceHandler)",pdfbox/src/main/java/org/apache/pdfbox/pdmodel/interactive/annotation/PDAnnotationPolyline.java,,,,,,,,,,,,,,,,,,,,,,,,,1,9,0,4,1,1,5,1,1,1,2,1,1,1,1,1,1,,,,,,0,,1,25,1,1,1,1
Public Method,"org.apache.pdfbox.pdmodel.interactive.annotation.PDAnnotationPolyline.setEndPointEndingStyle(String)",pdfbox/src/main/java/org/apache/pdfbox/pdmodel/interactive/annotation/PDAnnotationPolyline.java,,,,,,,,,,,,,,,,,,,,,,,,,3,21,0,16,3,9,5,8,2,7,9,3,7,3,3,4,1,,,,,,1,,0,31,3,3,4,1
Public Method,"org.apache.pdfbox.pdmodel.interactive.annotation.PDAnnotationPolyline.setInteriorColor(PDColor)",pdfbox/src/main/java/org/apache/pdfbox/pdmodel/interactive/annotation/PDAnnotationPolyline.java,,,,,,,,,,,,,,,,,,,,,,,,,2,9,0,4,1,1,5,3,1,1,2,1,1,1,1,1,1,,,,,,0,,1,25,1,1,1,1
Public Method,"org.apache.pdfbox.pdmodel.interactive.annotation.PDAnnotationPolyline.setStartPointEndingStyle(String)",pdfbox/src/main/java/org/apache/pdfbox/pdmodel/interactive/annotation/PDAnnotationPolyline.java,,,,,,,,,,,,,,,,,,,,,,,,,3,21,0,16,3,9,5,8,2,7,9,3,7,3,3,4,1,,,,,,1,,0,31,3,3,4,1
Public Method,"org.apache.pdfbox.pdmodel.interactive.annotation.PDAnnotationPolyline.setVertices(float[])",pdfbox/src/main/java/org/apache/pdfbox/pdmodel/interactive/annotation/PDAnnotationPolyline.java,,,,,,,,,,,,,,,,,,,,,,,,,2,13,0,6,2,3,7,4,1,3,4,2,3,1,1,1,1,,,,,,0,,1,17,1,1,1,1
Public Class,"org.apache.pdfbox.pdmodel.interactive.annotation.PDAnnotationPopup",pdfbox/src/main/java/org/apache/pdfbox/pdmodel/interactive/annotation/PDAnnotationPopup.java,1,1,1,1,10,0,5,4,1,8,0,,0,2,,,6,0,6,75,0,0,0,6,,84,8,39,10,14,37,,,11,19,10,10,,,,,2,2,2,1,2,1,0,0,95,7,7,7,6
Public Constructor,"org.apache.pdfbox.pdmodel.interactive.annotation.PDAnnotationPopup.PDAnnotationPopup()",pdfbox/src/main/java/org/apache/pdfbox/pdmodel/interactive/annotation/PDAnnotationPopup.java,,,,,,,,,,,,,,,,,,,,,,,,,2,7,0,4,1,1,3,3,1,1,2,1,1,1,1,1,1,,,,,,0,,0,75,1,1,1,1
Public Constructor,"org.apache.pdfbox.pdmodel.interactive.annotation.PDAnnotationPopup.PDAnnotationPopup(COSDictionary)",pdfbox/src/main/java/org/apache/pdfbox/pdmodel/interactive/annotation/PDAnnotationPopup.java,,,,,,,,,,,,,,,,,,,,,,,,,4,9,0,4,1,1,5,2,1,1,2,1,1,1,1,1,1,,,,,,0,,1,25,1,1,1,1
Public Method,"org.apache.pdfbox.pdmodel.interactive.annotation.PDAnnotationPopup.getOpen()",pdfbox/src/main/java/org/apache/pdfbox/pdmodel/interactive/annotation/PDAnnotationPopup.java,,,,,,,,,,,,,,,,,,,,,,,,,0,9,0,4,1,1,5,3,1,1,2,1,1,1,1,1,1,,,,,,0,,1,25,1,1,1,1
Public Method,"org.apache.pdfbox.pdmodel.interactive.annotation.PDAnnotationPopup.getParent()",pdfbox/src/main/java/org/apache/pdfbox/pdmodel/interactive/annotation/PDAnnotationPopup.java,,,,,,,,,,,,,,,,,,,,,,,,,4,20,0,14,2,7,6,5,2,4,6,2,4,2,2,2,1,,,,,,1,,0,43,2,2,2,1
Public Method,"org.apache.pdfbox.pdmodel.interactive.annotation.PDAnnotationPopup.setOpen(boolean)",pdfbox/src/main/java/org/apache/pdfbox/pdmodel/interactive/annotation/PDAnnotationPopup.java,,,,,,,,,,,,,,,,,,,,,,,,,1,9,0,4,1,1,5,2,1,1,2,1,1,1,1,1,1,,,,,,0,,1,25,1,1,1,1
Public Method,"org.apache.pdfbox.pdmodel.interactive.annotation.PDAnnotationPopup.setParent(PDAnnotationMarkup)",pdfbox/src/main/java/org/apache/pdfbox/pdmodel/interactive/annotation/PDAnnotationPopup.java,,,,,,,,,,,,,,,,,,,,,,,,,2,9,0,4,1,1,5,2,1,1,2,1,1,1,1,1,1,,,,,,0,,1,25,1,1,1,1
Public Class,"org.apache.pdfbox.pdmodel.interactive.annotation.PDAnnotationRubberStamp",pdfbox/src/main/java/org/apache/pdfbox/pdmodel/interactive/annotation/PDAnnotationRubberStamp.java,1,1,1,1,9,0,4,5,1,3,0,,0,15,,,4,0,4,97,0,0,0,4,,114,7,34,20,19,73,,,19,24,20,4,,,,,1,1,1,1,3,0,0,2,15,4,4,4,4
Public Constructor,"org.apache.pdfbox.pdmodel.interactive.annotation.PDAnnotationRubberStamp.PDAnnotationRubberStamp()",pdfbox/src/main/java/org/apache/pdfbox/pdmodel/interactive/annotation/PDAnnotationRubberStamp.java,,,,,,,,,,,,,,,,,,,,,,,,,5,7,0,4,1,1,3,3,1,1,2,1,1,1,1,1,1,,,,,,0,,0,75,1,1,1,1
Public Constructor,"org.apache.pdfbox.pdmodel.interactive.annotation.PDAnnotationRubberStamp.PDAnnotationRubberStamp(COSDictionary)",pdfbox/src/main/java/org/apache/pdfbox/pdmodel/interactive/annotation/PDAnnotationRubberStamp.java,,,,,,,,,,,,,,,,,,,,,,,,,3,9,0,4,1,1,5,2,1,1,2,1,1,1,1,1,1,,,,,,0,,1,25,1,1,1,1
Public Method,"org.apache.pdfbox.pdmodel.interactive.annotation.PDAnnotationRubberStamp.getName()",pdfbox/src/main/java/org/apache/pdfbox/pdmodel/interactive/annotation/PDAnnotationRubberStamp.java,,,,,,,,,,,,,,,,,,,,,,,,,2,10,0,4,1,1,6,3,1,1,2,1,1,1,1,1,1,,,,,,0,,1,50,1,1,1,1
Public Method,"org.apache.pdfbox.pdmodel.interactive.annotation.PDAnnotationRubberStamp.setName(String)",pdfbox/src/main/java/org/apache/pdfbox/pdmodel/interactive/annotation/PDAnnotationRubberStamp.java,,,,,,,,,,,,,,,,,,,,,,,,,4,10,0,4,1,1,6,2,1,1,2,1,1,1,1,1,1,,,,,,0,,1,50,1,1,1,1
Public Class,"org.apache.pdfbox.pdmodel.interactive.annotation.PDAnnotationSound",pdfbox/src/main/java/org/apache/pdfbox/pdmodel/interactive/annotation/PDAnnotationSound.java,1,1,1,1,8,0,6,2,1,7,0,,0,1,,,5,1,5,98,0,0,0,5,,58,6,35,11,10,17,,,9,16,9,8,,,,,2,2,2,1,3,1,60,0,49,6,6,6,5
Public Constructor,"org.apache.pdfbox.pdmodel.interactive.annotation.PDAnnotationSound.PDAnnotationSound()",pdfbox/src/main/java/org/apache/pdfbox/pdmodel/interactive/annotation/PDAnnotationSound.java,,,,,,,,,,,,,,,,,,,,,,,,,2,4,0,4,1,1,0,3,1,1,2,1,1,1,1,1,1,,,,,,0,,0,00,1,1,1,1
Public Constructor,"org.apache.pdfbox.pdmodel.interactive.annotation.PDAnnotationSound.PDAnnotationSound(COSDictionary)",pdfbox/src/main/java/org/apache/pdfbox/pdmodel/interactive/annotation/PDAnnotationSound.java,,,,,,,,,,,,,,,,,,,,,,,,,2,9,0,4,1,1,5,2,1,1,2,1,1,1,1,1,1,,,,,,0,,1,25,1,1,1,1
Public Method,"org.apache.pdfbox.pdmodel.interactive.annotation.PDAnnotationSound.constructAppearances()",pdfbox/src/main/java/org/apache/pdfbox/pdmodel/interactive/annotation/PDAnnotationSound.java,,,,,,,,,,,,,,,,,,,,,,,,,0,5,0,5,2,1,0,1,1,1,2,1,1,1,1,1,1,,,,,,0,,0,00,1,1,1,1
Public Method,"org.apache.pdfbox.pdmodel.interactive.annotation.PDAnnotationSound.constructAppearances(PDDocument)",pdfbox/src/main/java/org/apache/pdfbox/pdmodel/interactive/annotation/PDAnnotationSound.java,,,,,,,,,,,,,,,,,,,,,,,,,3,13,0,13,3,5,0,2,2,3,5,2,4,2,2,2,1,,,,,,1,,0,00,2,2,2,1
Public Method,"org.apache.pdfbox.pdmodel.interactive.annotation.PDAnnotationSound.setCustomAppearanceHandler(PDAppearanceHandler)",pdfbox/src/main/java/org/apache/pdfbox/pdmodel/interactive/annotation/PDAnnotationSound.java,,,,,,,,,,,,,,,,,,,,,,,,,1,9,0,4,1,1,5,1,1,1,2,1,1,1,1,1,1,,,,,,0,,1,25,1,1,1,1
Public Class,"org.apache.pdfbox.pdmodel.interactive.annotation.PDAnnotationSquare",pdfbox/src/main/java/org/apache/pdfbox/pdmodel/interactive/annotation/PDAnnotationSquare.java,1,1,1,1,8,0,6,2,1,6,0,,0,1,,,5,1,5,110,0,0,0,5,,58,6,35,11,10,17,,,9,16,9,8,,,,,2,2,2,1,4,1,60,0,49,6,6,6,5
Public Constructor,"org.apache.pdfbox.pdmodel.interactive.annotation.PDAnnotationSquare.PDAnnotationSquare()",pdfbox/src/main/java/org/apache/pdfbox/pdmodel/interactive/annotation/PDAnnotationSquare.java,,,,,,,,,,,,,,,,,,,,,,,,,6,4,0,4,1,1,0,2,1,1,2,1,1,1,1,1,1,,,,,,0,,0,00,1,1,1,1
Public Constructor,"org.apache.pdfbox.pdmodel.interactive.annotation.PDAnnotationSquare.PDAnnotationSquare(COSDictionary)",pdfbox/src/main/java/org/apache/pdfbox/pdmodel/interactive/annotation/PDAnnotationSquare.java,,,,,,,,,,,,,,,,,,,,,,,,,3,9,0,4,1,1,5,2,1,1,2,1,1,1,1,1,1,,,,,,0,,1,25,1,1,1,1
Public Method,"org.apache.pdfbox.pdmodel.interactive.annotation.PDAnnotationSquare.constructAppearances()",pdfbox/src/main/java/org/apache/pdfbox/pdmodel/interactive/annotation/PDAnnotationSquare.java,,,,,,,,,,,,,,,,,,,,,,,,,0,5,0,5,2,1,0,1,1,1,2,1,1,1,1,1,1,,,,,,0,,0,00,1,1,1,1
Public Method,"org.apache.pdfbox.pdmodel.interactive.annotation.PDAnnotationSquare.constructAppearances(PDDocument)",pdfbox/src/main/java/org/apache/pdfbox/pdmodel/interactive/annotation/PDAnnotationSquare.java,,,,,,,,,,,,,,,,,,,,,,,,,3,13,0,13,3,5,0,2,2,3,5,2,4,2,2,2,1,,,,,,1,,0,00,2,2,2,1
Public Method,"org.apache.pdfbox.pdmodel.interactive.annotation.PDAnnotationSquare.setCustomAppearanceHandler(PDAppearanceHandler)",pdfbox/src/main/java/org/apache/pdfbox/pdmodel/interactive/annotation/PDAnnotationSquare.java,,,,,,,,,,,,,,,,,,,,,,,,,1,9,0,4,1,1,5,1,1,1,2,1,1,1,1,1,1,,,,,,0,,1,25,1,1,1,1
Public Abstract Class,"org.apache.pdfbox.pdmodel.interactive.annotation.PDAnnotationSquareCircle",pdfbox/src/main/java/org/apache/pdfbox/pdmodel/interactive/annotation/PDAnnotationSquareCircle.java,1,1,1,1,11,0,4,6,1,9,2,,0,0,,,12,0,12,105,0,0,2,10,,149,12,57,18,19,80,,,20,32,17,19,,,,,2,2,2,1,3,0,0,1,40,14,14,14,11
Protected Constructor,"org.apache.pdfbox.pdmodel.interactive.annotation.PDAnnotationSquareCircle.PDAnnotationSquareCircle(COSDictionary)",pdfbox/src/main/java/org/apache/pdfbox/pdmodel/interactive/annotation/PDAnnotationSquareCircle.java,,,,,,,,,,,,,,,,,,,,,,,,,3,9,0,4,1,1,5,2,1,1,2,1,1,1,1,1,1,,,,,,0,,1,25,1,1,1,1
Protected Constructor,"org.apache.pdfbox.pdmodel.interactive.annotation.PDAnnotationSquareCircle.PDAnnotationSquareCircle(String)",pdfbox/src/main/java/org/apache/pdfbox/pdmodel/interactive/annotation/PDAnnotationSquareCircle.java,,,,,,,,,,,,,,,,,,,,,,,,,3,9,0,4,1,1,5,2,1,1,2,1,1,1,1,1,1,,,,,,0,,1,25,1,1,1,1
Public Abstract Method,"org.apache.pdfbox.pdmodel.interactive.annotation.PDAnnotationSquareCircle.constructAppearances()",pdfbox/src/main/java/org/apache/pdfbox/pdmodel/interactive/annotation/PDAnnotationSquareCircle.java,,,,,,,,,,,,,,,,,,,,,,,,,1,2,0,2,2,0,0,0,0,1,1,1,0,0,0,0,0,,,,,,0,,0,00,0,0,0,0
Public Method,"org.apache.pdfbox.pdmodel.interactive.annotation.PDAnnotationSquareCircle.getBorderEffect()",pdfbox/src/main/java/org/apache/pdfbox/pdmodel/interactive/annotation/PDAnnotationSquareCircle.java,,,,,,,,,,,,,,,,,,,,,,,,,3,11,0,5,2,2,6,4,1,2,3,2,2,2,2,2,1,,,,,,0,,1,20,2,2,2,1
Public Method,"org.apache.pdfbox.pdmodel.interactive.annotation.PDAnnotationSquareCircle.getInteriorColor()",pdfbox/src/main/java/org/apache/pdfbox/pdmodel/interactive/annotation/PDAnnotationSquareCircle.java,,,,,,,,,,,,,,,,,,,,,,,,,4,9,0,4,1,1,5,2,1,1,2,1,1,1,1,1,1,,,,,,0,,1,25,1,1,1,1
Public Method,"org.apache.pdfbox.pdmodel.interactive.annotation.PDAnnotationSquareCircle.getRectDifference()",pdfbox/src/main/java/org/apache/pdfbox/pdmodel/interactive/annotation/PDAnnotationSquareCircle.java,,,,,,,,,,,,,,,,,,,,,,,,,3,12,0,5,2,2,7,4,1,2,3,2,2,2,2,2,1,,,,,,0,,1,40,2,2,2,1
Public Method,"org.apache.pdfbox.pdmodel.interactive.annotation.PDAnnotationSquareCircle.getRectDifferences()",pdfbox/src/main/java/org/apache/pdfbox/pdmodel/interactive/annotation/PDAnnotationSquareCircle.java,,,,,,,,,,,,,,,,,,,,,,,,,2,11,0,5,2,2,6,4,1,2,3,2,2,2,2,2,1,,,,,,0,,1,20,2,2,2,1
Public Method,"org.apache.pdfbox.pdmodel.interactive.annotation.PDAnnotationSquareCircle.setBorderEffect(PDBorderEffectDictionary)",pdfbox/src/main/java/org/apache/pdfbox/pdmodel/interactive/annotation/PDAnnotationSquareCircle.java,,,,,,,,,,,,,,,,,,,,,,,,,2,11,0,4,1,1,7,2,1,1,2,1,1,1,1,1,1,,,,,,0,,1,75,1,1,1,1
Public Method,"org.apache.pdfbox.pdmodel.interactive.annotation.PDAnnotationSquareCircle.setInteriorColor(PDColor)",pdfbox/src/main/java/org/apache/pdfbox/pdmodel/interactive/annotation/PDAnnotationSquareCircle.java,,,,,,,,,,,,,,,,,,,,,,,,,3,10,0,4,1,1,6,3,1,1,2,1,1,1,1,1,1,,,,,,0,,1,50,1,1,1,1
Public Method,"org.apache.pdfbox.pdmodel.interactive.annotation.PDAnnotationSquareCircle.setRectDifference(PDRectangle)",pdfbox/src/main/java/org/apache/pdfbox/pdmodel/interactive/annotation/PDAnnotationSquareCircle.java,,,,,,,,,,,,,,,,,,,,,,,,,4,12,0,4,1,1,8,2,1,1,2,1,1,1,1,1,1,,,,,,0,,2,00,1,1,1,1
Public Method,"org.apache.pdfbox.pdmodel.interactive.annotation.PDAnnotationSquareCircle.setRectDifferences(float)",pdfbox/src/main/java/org/apache/pdfbox/pdmodel/interactive/annotation/PDAnnotationSquareCircle.java,,,,,,,,,,,,,,,,,,,,,,,,,2,13,0,4,1,1,9,1,1,1,2,1,1,1,1,1,1,,,,,,0,,2,25,1,1,1,1
Public Method,"org.apache.pdfbox.pdmodel.interactive.annotation.PDAnnotationSquareCircle.setRectDifferences(float,float,float,float)",pdfbox/src/main/java/org/apache/pdfbox/pdmodel/interactive/annotation/PDAnnotationSquareCircle.java,,,,,,,,,,,,,,,,,,,,,,,,,6,19,0,9,2,6,10,5,1,6,7,2,6,1,1,1,1,,,,,,0,,1,11,1,1,1,1
Public Class,"org.apache.pdfbox.pdmodel.interactive.annotation.PDAnnotationSquiggly",pdfbox/src/main/java/org/apache/pdfbox/pdmodel/interactive/annotation/PDAnnotationSquiggly.java,1,1,1,1,8,0,6,2,1,6,0,,0,1,,,5,1,5,102,0,0,0,5,,61,6,35,11,10,20,,,9,16,9,8,,,,,2,2,2,1,4,1,60,0,57,6,6,6,5
Public Constructor,"org.apache.pdfbox.pdmodel.interactive.annotation.PDAnnotationSquiggly.PDAnnotationSquiggly()",pdfbox/src/main/java/org/apache/pdfbox/pdmodel/interactive/annotation/PDAnnotationSquiggly.java,,,,,,,,,,,,,,,,,,,,,,,,,1,7,0,4,1,1,3,2,1,1,2,1,1,1,1,1,1,,,,,,0,,0,75,1,1,1,1
Public Constructor,"org.apache.pdfbox.pdmodel.interactive.annotation.PDAnnotationSquiggly.PDAnnotationSquiggly(COSDictionary)",pdfbox/src/main/java/org/apache/pdfbox/pdmodel/interactive/annotation/PDAnnotationSquiggly.java,,,,,,,,,,,,,,,,,,,,,,,,,3,9,0,4,1,1,5,2,1,1,2,1,1,1,1,1,1,,,,,,0,,1,25,1,1,1,1
Public Method,"org.apache.pdfbox.pdmodel.interactive.annotation.PDAnnotationSquiggly.constructAppearances()",pdfbox/src/main/java/org/apache/pdfbox/pdmodel/interactive/annotation/PDAnnotationSquiggly.java,,,,,,,,,,,,,,,,,,,,,,,,,0,5,0,5,2,1,0,1,1,1,2,1,1,1,1,1,1,,,,,,0,,0,00,1,1,1,1
Public Method,"org.apache.pdfbox.pdmodel.interactive.annotation.PDAnnotationSquiggly.constructAppearances(PDDocument)",pdfbox/src/main/java/org/apache/pdfbox/pdmodel/interactive/annotation/PDAnnotationSquiggly.java,,,,,,,,,,,,,,,,,,,,,,,,,3,13,0,13,3,5,0,2,2,3,5,2,4,2,2,2,1,,,,,,1,,0,00,2,2,2,1
Public Method,"org.apache.pdfbox.pdmodel.interactive.annotation.PDAnnotationSquiggly.setCustomAppearanceHandler(PDAppearanceHandler)",pdfbox/src/main/java/org/apache/pdfbox/pdmodel/interactive/annotation/PDAnnotationSquiggly.java,,,,,,,,,,,,,,,,,,,,,,,,,1,9,0,4,1,1,5,1,1,1,2,1,1,1,1,1,1,,,,,,0,,1,25,1,1,1,1
Public Class,"org.apache.pdfbox.pdmodel.interactive.annotation.PDAnnotationStrikeout",pdfbox/src/main/java/org/apache/pdfbox/pdmodel/interactive/annotation/PDAnnotationStrikeout.java,1,1,1,1,8,0,6,2,1,6,0,,0,1,,,5,1,5,102,0,0,0,5,,61,6,35,11,10,20,,,9,16,9,8,,,,,2,2,2,1,4,1,60,0,57,6,6,6,5
Public Constructor,"org.apache.pdfbox.pdmodel.interactive.annotation.PDAnnotationStrikeout.PDAnnotationStrikeout()",pdfbox/src/main/java/org/apache/pdfbox/pdmodel/interactive/annotation/PDAnnotationStrikeout.java,,,,,,,,,,,,,,,,,,,,,,,,,1,7,0,4,1,1,3,2,1,1,2,1,1,1,1,1,1,,,,,,0,,0,75,1,1,1,1
Public Constructor,"org.apache.pdfbox.pdmodel.interactive.annotation.PDAnnotationStrikeout.PDAnnotationStrikeout(COSDictionary)",pdfbox/src/main/java/org/apache/pdfbox/pdmodel/interactive/annotation/PDAnnotationStrikeout.java,,,,,,,,,,,,,,,,,,,,,,,,,3,9,0,4,1,1,5,2,1,1,2,1,1,1,1,1,1,,,,,,0,,1,25,1,1,1,1
Public Method,"org.apache.pdfbox.pdmodel.interactive.annotation.PDAnnotationStrikeout.constructAppearances()",pdfbox/src/main/java/org/apache/pdfbox/pdmodel/interactive/annotation/PDAnnotationStrikeout.java,,,,,,,,,,,,,,,,,,,,,,,,,0,5,0,5,2,1,0,1,1,1,2,1,1,1,1,1,1,,,,,,0,,0,00,1,1,1,1
Public Method,"org.apache.pdfbox.pdmodel.interactive.annotation.PDAnnotationStrikeout.constructAppearances(PDDocument)",pdfbox/src/main/java/org/apache/pdfbox/pdmodel/interactive/annotation/PDAnnotationStrikeout.java,,,,,,,,,,,,,,,,,,,,,,,,,3,13,0,13,3,5,0,2,2,3,5,2,4,2,2,2,1,,,,,,1,,0,00,2,2,2,1
Public Method,"org.apache.pdfbox.pdmodel.interactive.annotation.PDAnnotationStrikeout.setCustomAppearanceHandler(PDAppearanceHandler)",pdfbox/src/main/java/org/apache/pdfbox/pdmodel/interactive/annotation/PDAnnotationStrikeout.java,,,,,,,,,,,,,,,,,,,,,,,,,1,9,0,4,1,1,5,1,1,1,2,1,1,1,1,1,1,,,,,,0,,1,25,1,1,1,1
Class,"org.apache.pdfbox.pdmodel.interactive.annotation.PDAnnotationTest",pdfbox/src/test/java/org/apache/pdfbox/pdmodel/interactive/annotation/PDAnnotationTest.java,1,1,1,1,8,0,8,0,1,10,0,,0,0,,,2,0,2,14,2,0,0,0,,27,3,20,10,9,4,,,9,12,8,9,,,,,1,1,1,1,1,0,0,0,20,2,2,2,2
Method,"org.apache.pdfbox.pdmodel.interactive.annotation.PDAnnotationTest.createDefaultWidgetAnnotation()",pdfbox/src/test/java/org/apache/pdfbox/pdmodel/interactive/annotation/PDAnnotationTest.java,,,,,,,,,,,,,,,,,,,,,,,,,4,7,0,7,3,3,0,5,1,3,4,2,3,1,1,1,1,,,,,,0,,0,00,1,1,1,1
Method,"org.apache.pdfbox.pdmodel.interactive.annotation.PDAnnotationTest.createWidgetAnnotationFromField()",pdfbox/src/test/java/org/apache/pdfbox/pdmodel/interactive/annotation/PDAnnotationTest.java,,,,,,,,,,,,,,,,,,,,,,,,,4,10,0,10,6,6,0,9,1,6,7,5,6,1,1,1,1,,,,,,0,,0,00,1,1,1,1
Public Class,"org.apache.pdfbox.pdmodel.interactive.annotation.PDAnnotationText",pdfbox/src/main/java/org/apache/pdfbox/pdmodel/interactive/annotation/PDAnnotationText.java,1,1,1,1,9,0,4,4,1,7,0,,0,17,,,13,1,13,106,0,0,0,13,,228,31,83,35,34,114,,,33,48,33,16,,,,,2,2,2,1,3,1,84,1,37,14,14,14,13
Public Constructor,"org.apache.pdfbox.pdmodel.interactive.annotation.PDAnnotationText.PDAnnotationText()",pdfbox/src/main/java/org/apache/pdfbox/pdmodel/interactive/annotation/PDAnnotationText.java,,,,,,,,,,,,,,,,,,,,,,,,,3,7,0,4,1,1,3,3,1,1,2,1,1,1,1,1,1,,,,,,0,,0,75,1,1,1,1
Public Constructor,"org.apache.pdfbox.pdmodel.interactive.annotation.PDAnnotationText.PDAnnotationText(COSDictionary)",pdfbox/src/main/java/org/apache/pdfbox/pdmodel/interactive/annotation/PDAnnotationText.java,,,,,,,,,,,,,,,,,,,,,,,,,3,9,0,4,1,1,5,2,1,1,2,1,1,1,1,1,1,,,,,,0,,1,25,1,1,1,1
Public Method,"org.apache.pdfbox.pdmodel.interactive.annotation.PDAnnotationText.constructAppearances()",pdfbox/src/main/java/org/apache/pdfbox/pdmodel/interactive/annotation/PDAnnotationText.java,,,,,,,,,,,,,,,,,,,,,,,,,0,5,0,5,2,1,0,1,1,1,2,1,1,1,1,1,1,,,,,,0,,0,00,1,1,1,1
Public Method,"org.apache.pdfbox.pdmodel.interactive.annotation.PDAnnotationText.constructAppearances(PDDocument)",pdfbox/src/main/java/org/apache/pdfbox/pdmodel/interactive/annotation/PDAnnotationText.java,,,,,,,,,,,,,,,,,,,,,,,,,4,13,0,13,3,5,0,2,2,3,5,2,4,2,2,2,1,,,,,,1,,0,00,2,2,2,1
Public Method,"org.apache.pdfbox.pdmodel.interactive.annotation.PDAnnotationText.getName()",pdfbox/src/main/java/org/apache/pdfbox/pdmodel/interactive/annotation/PDAnnotationText.java,,,,,,,,,,,,,,,,,,,,,,,,,3,10,0,4,1,1,6,3,1,1,2,1,1,1,1,1,1,,,,,,0,,1,50,1,1,1,1
Public Method,"org.apache.pdfbox.pdmodel.interactive.annotation.PDAnnotationText.getOpen()",pdfbox/src/main/java/org/apache/pdfbox/pdmodel/interactive/annotation/PDAnnotationText.java,,,,,,,,,,,,,,,,,,,,,,,,,0,9,0,4,1,1,5,4,1,1,2,1,1,1,1,1,1,,,,,,0,,1,25,1,1,1,1
Public Method,"org.apache.pdfbox.pdmodel.interactive.annotation.PDAnnotationText.getState()",pdfbox/src/main/java/org/apache/pdfbox/pdmodel/interactive/annotation/PDAnnotationText.java,,,,,,,,,,,,,,,,,,,,,,,,,1,9,0,4,1,1,5,3,1,1,2,1,1,1,1,1,1,,,,,,0,,1,25,1,1,1,1
Public Method,"org.apache.pdfbox.pdmodel.interactive.annotation.PDAnnotationText.getStateModel()",pdfbox/src/main/java/org/apache/pdfbox/pdmodel/interactive/annotation/PDAnnotationText.java,,,,,,,,,,,,,,,,,,,,,,,,,1,9,0,4,1,1,5,3,1,1,2,1,1,1,1,1,1,,,,,,0,,1,25,1,1,1,1
Public Method,"org.apache.pdfbox.pdmodel.interactive.annotation.PDAnnotationText.setCustomAppearanceHandler(PDAppearanceHandler)",pdfbox/src/main/java/org/apache/pdfbox/pdmodel/interactive/annotation/PDAnnotationText.java,,,,,,,,,,,,,,,,,,,,,,,,,1,9,0,4,1,1,5,1,1,1,2,1,1,1,1,1,1,,,,,,0,,1,25,1,1,1,1
Public Method,"org.apache.pdfbox.pdmodel.interactive.annotation.PDAnnotationText.setName(String)",pdfbox/src/main/java/org/apache/pdfbox/pdmodel/interactive/annotation/PDAnnotationText.java,,,,,,,,,,,,,,,,,,,,,,,,,3,10,0,4,1,1,6,2,1,1,2,1,1,1,1,1,1,,,,,,0,,1,50,1,1,1,1
Public Method,"org.apache.pdfbox.pdmodel.interactive.annotation.PDAnnotationText.setOpen(boolean)",pdfbox/src/main/java/org/apache/pdfbox/pdmodel/interactive/annotation/PDAnnotationText.java,,,,,,,,,,,,,,,,,,,,,,,,,2,9,0,4,1,1,5,3,1,1,2,1,1,1,1,1,1,,,,,,0,,1,25,1,1,1,1
Public Method,"org.apache.pdfbox.pdmodel.interactive.annotation.PDAnnotationText.setState(String)",pdfbox/src/main/java/org/apache/pdfbox/pdmodel/interactive/annotation/PDAnnotationText.java,,,,,,,,,,,,,,,,,,,,,,,,,2,9,0,4,1,1,5,2,1,1,2,1,1,1,1,1,1,,,,,,0,,1,25,1,1,1,1
Public Method,"org.apache.pdfbox.pdmodel.interactive.annotation.PDAnnotationText.setStateModel(String)",pdfbox/src/main/java/org/apache/pdfbox/pdmodel/interactive/annotation/PDAnnotationText.java,,,,,,,,,,,,,,,,,,,,,,,,,2,9,0,4,1,1,5,2,1,1,2,1,1,1,1,1,1,,,,,,0,,1,25,1,1,1,1
Public Class,"org.apache.pdfbox.pdmodel.interactive.annotation.PDAnnotationTextMarkup",pdfbox/src/main/java/org/apache/pdfbox/pdmodel/interactive/annotation/PDAnnotationTextMarkup.java,1,1,1,1,10,0,5,5,1,4,4,,0,0,,,4,0,4,97,0,0,2,2,,54,4,23,7,8,27,,,8,13,7,8,,,,,2,2,2,1,3,0,0,1,17,5,5,5,4
Protected Constructor,"org.apache.pdfbox.pdmodel.interactive.annotation.PDAnnotationTextMarkup.PDAnnotationTextMarkup(COSDictionary)",pdfbox/src/main/java/org/apache/pdfbox/pdmodel/interactive/annotation/PDAnnotationTextMarkup.java,,,,,,,,,,,,,,,,,,,,,,,,,5,9,0,4,1,1,5,2,1,1,2,1,1,1,1,1,1,,,,,,0,,1,25,1,1,1,1
Protected Constructor,"org.apache.pdfbox.pdmodel.interactive.annotation.PDAnnotationTextMarkup.PDAnnotationTextMarkup(String)",pdfbox/src/main/java/org/apache/pdfbox/pdmodel/interactive/annotation/PDAnnotationTextMarkup.java,,,,,,,,,,,,,,,,,,,,,,,,,5,12,1,5,1,2,6,3,1,2,3,1,2,1,1,1,1,,,,,,0,,1,20,1,1,1,1
Public Method,"org.apache.pdfbox.pdmodel.interactive.annotation.PDAnnotationTextMarkup.getQuadPoints()",pdfbox/src/main/java/org/apache/pdfbox/pdmodel/interactive/annotation/PDAnnotationTextMarkup.java,,,,,,,,,,,,,,,,,,,,,,,,,5,10,0,5,2,2,5,4,1,2,3,2,2,2,2,2,1,,,,,,0,,1,00,2,2,2,1
Public Final Method,"org.apache.pdfbox.pdmodel.interactive.annotation.PDAnnotationTextMarkup.setQuadPoints(float[])",pdfbox/src/main/java/org/apache/pdfbox/pdmodel/interactive/annotation/PDAnnotationTextMarkup.java,,,,,,,,,,,,,,,,,,,,,,,,,4,11,0,6,2,3,5,4,1,3,4,2,3,1,1,1,1,,,,,,0,,0,83,1,1,1,1
Public Class,"org.apache.pdfbox.pdmodel.interactive.annotation.PDAnnotationUnderline",pdfbox/src/main/java/org/apache/pdfbox/pdmodel/interactive/annotation/PDAnnotationUnderline.java,1,1,1,1,8,0,6,2,1,6,0,,0,1,,,5,1,5,102,0,0,0,5,,61,6,35,11,10,20,,,9,16,9,8,,,,,2,2,2,1,4,1,60,0,57,6,6,6,5
Public Constructor,"org.apache.pdfbox.pdmodel.interactive.annotation.PDAnnotationUnderline.PDAnnotationUnderline()",pdfbox/src/main/java/org/apache/pdfbox/pdmodel/interactive/annotation/PDAnnotationUnderline.java,,,,,,,,,,,,,,,,,,,,,,,,,1,7,0,4,1,1,3,2,1,1,2,1,1,1,1,1,1,,,,,,0,,0,75,1,1,1,1
Public Constructor,"org.apache.pdfbox.pdmodel.interactive.annotation.PDAnnotationUnderline.PDAnnotationUnderline(COSDictionary)",pdfbox/src/main/java/org/apache/pdfbox/pdmodel/interactive/annotation/PDAnnotationUnderline.java,,,,,,,,,,,,,,,,,,,,,,,,,3,9,0,4,1,1,5,2,1,1,2,1,1,1,1,1,1,,,,,,0,,1,25,1,1,1,1
Public Method,"org.apache.pdfbox.pdmodel.interactive.annotation.PDAnnotationUnderline.constructAppearances()",pdfbox/src/main/java/org/apache/pdfbox/pdmodel/interactive/annotation/PDAnnotationUnderline.java,,,,,,,,,,,,,,,,,,,,,,,,,0,5,0,5,2,1,0,1,1,1,2,1,1,1,1,1,1,,,,,,0,,0,00,1,1,1,1
Public Method,"org.apache.pdfbox.pdmodel.interactive.annotation.PDAnnotationUnderline.constructAppearances(PDDocument)",pdfbox/src/main/java/org/apache/pdfbox/pdmodel/interactive/annotation/PDAnnotationUnderline.java,,,,,,,,,,,,,,,,,,,,,,,,,3,13,0,13,3,5,0,2,2,3,5,2,4,2,2,2,1,,,,,,1,,0,00,2,2,2,1
Public Method,"org.apache.pdfbox.pdmodel.interactive.annotation.PDAnnotationUnderline.setCustomAppearanceHandler(PDAppearanceHandler)",pdfbox/src/main/java/org/apache/pdfbox/pdmodel/interactive/annotation/PDAnnotationUnderline.java,,,,,,,,,,,,,,,,,,,,,,,,,1,9,0,4,1,1,5,1,1,1,2,1,1,1,1,1,1,,,,,,0,,1,25,1,1,1,1
Public Class,"org.apache.pdfbox.pdmodel.interactive.annotation.PDAnnotationUnknown",pdfbox/src/main/java/org/apache/pdfbox/pdmodel/interactive/annotation/PDAnnotationUnknown.java,1,1,1,1,10,0,4,6,1,1,0,,0,0,,,1,0,1,70,0,0,0,1,,19,1,7,2,1,11,,,1,3,2,1,,,,,1,1,1,1,2,0,0,1,57,1,1,1,1
Public Constructor,"org.apache.pdfbox.pdmodel.interactive.annotation.PDAnnotationUnknown.PDAnnotationUnknown(COSDictionary)",pdfbox/src/main/java/org/apache/pdfbox/pdmodel/interactive/annotation/PDAnnotationUnknown.java,,,,,,,,,,,,,,,,,,,,,,,,,5,10,0,4,1,1,6,2,1,1,2,1,1,1,1,1,1,,,,,,0,,1,50,1,1,1,1
Public Class,"org.apache.pdfbox.pdmodel.interactive.annotation.PDAnnotationWidget",pdfbox/src/main/java/org/apache/pdfbox/pdmodel/interactive/annotation/PDAnnotationWidget.java,1,1,1,1,12,0,5,7,1,11,0,,0,1,,,13,0,13,82,0,0,0,13,,207,14,76,20,27,117,,,21,37,19,22,,,,,2,2,7,1,2,1,0,1,54,19,19,24,13
Public Constructor,"org.apache.pdfbox.pdmodel.interactive.annotation.PDAnnotationWidget.PDAnnotationWidget()",pdfbox/src/main/java/org/apache/pdfbox/pdmodel/interactive/annotation/PDAnnotationWidget.java,,,,,,,,,,,,,,,,,,,,,,,,,6,7,0,4,1,1,3,3,1,1,2,1,1,1,1,1,1,,,,,,0,,0,75,1,1,1,1
Public Constructor,"org.apache.pdfbox.pdmodel.interactive.annotation.PDAnnotationWidget.PDAnnotationWidget(COSDictionary)",pdfbox/src/main/java/org/apache/pdfbox/pdmodel/interactive/annotation/PDAnnotationWidget.java,,,,,,,,,,,,,,,,,,,,,,,,,6,10,0,5,1,2,5,4,1,2,3,1,2,1,1,1,1,,,,,,0,,1,00,1,1,1,1
Public Method,"org.apache.pdfbox.pdmodel.interactive.annotation.PDAnnotationWidget.getAction()",pdfbox/src/main/java/org/apache/pdfbox/pdmodel/interactive/annotation/PDAnnotationWidget.java,,,,,,,,,,,,,,,,,,,,,,,,,1,10,0,5,2,2,5,4,1,2,3,2,2,2,2,2,1,,,,,,0,,1,00,2,2,2,1
Public Method,"org.apache.pdfbox.pdmodel.interactive.annotation.PDAnnotationWidget.getActions()",pdfbox/src/main/java/org/apache/pdfbox/pdmodel/interactive/annotation/PDAnnotationWidget.java,,,,,,,,,,,,,,,,,,,,,,,,,2,11,0,5,2,2,6,4,1,2,3,2,2,2,2,2,1,,,,,,0,,1,20,2,2,2,1
Public Method,"org.apache.pdfbox.pdmodel.interactive.annotation.PDAnnotationWidget.getAppearanceCharacteristics()",pdfbox/src/main/java/org/apache/pdfbox/pdmodel/interactive/annotation/PDAnnotationWidget.java,,,,,,,,,,,,,,,,,,,,,,,,,7,10,0,5,2,2,5,4,1,2,3,2,2,2,2,2,1,,,,,,0,,1,00,2,2,2,1
Public Method,"org.apache.pdfbox.pdmodel.interactive.annotation.PDAnnotationWidget.getBorderStyle()",pdfbox/src/main/java/org/apache/pdfbox/pdmodel/interactive/annotation/PDAnnotationWidget.java,,,,,,,,,,,,,,,,,,,,,,,,,7,10,0,5,2,2,5,4,1,2,3,2,2,2,2,2,1,,,,,,0,,1,00,2,2,2,1
Public Method,"org.apache.pdfbox.pdmodel.interactive.annotation.PDAnnotationWidget.getHighlightingMode()",pdfbox/src/main/java/org/apache/pdfbox/pdmodel/interactive/annotation/PDAnnotationWidget.java,,,,,,,,,,,,,,,,,,,,,,,,,1,22,0,4,1,1,18,3,1,1,2,1,1,1,1,1,1,,,,,,0,,4,50,1,1,1,1
Public Method,"org.apache.pdfbox.pdmodel.interactive.annotation.PDAnnotationWidget.setAction(PDAction)",pdfbox/src/main/java/org/apache/pdfbox/pdmodel/interactive/annotation/PDAnnotationWidget.java,,,,,,,,,,,,,,,,,,,,,,,,,2,9,0,4,1,1,5,2,1,1,2,1,1,1,1,1,1,,,,,,0,,1,25,1,1,1,1
Public Method,"org.apache.pdfbox.pdmodel.interactive.annotation.PDAnnotationWidget.setActions(PDAnnotationAdditionalActions)",pdfbox/src/main/java/org/apache/pdfbox/pdmodel/interactive/annotation/PDAnnotationWidget.java,,,,,,,,,,,,,,,,,,,,,,,,,4,9,0,4,1,1,5,2,1,1,2,1,1,1,1,1,1,,,,,,0,,1,25,1,1,1,1
Public Method,"org.apache.pdfbox.pdmodel.interactive.annotation.PDAnnotationWidget.setAppearanceCharacteristics(PDAppearanceCharacteristicsDictionary)",pdfbox/src/main/java/org/apache/pdfbox/pdmodel/interactive/annotation/PDAnnotationWidget.java,,,,,,,,,,,,,,,,,,,,,,,,,9,10,0,5,2,1,5,2,1,1,2,1,1,1,1,1,1,,,,,,0,,1,00,1,1,1,1
Public Method,"org.apache.pdfbox.pdmodel.interactive.annotation.PDAnnotationWidget.setBorderStyle(PDBorderStyleDictionary)",pdfbox/src/main/java/org/apache/pdfbox/pdmodel/interactive/annotation/PDAnnotationWidget.java,,,,,,,,,,,,,,,,,,,,,,,,,5,10,0,4,1,1,6,2,1,1,2,1,1,1,1,1,1,,,,,,0,,1,50,1,1,1,1
Public Method,"org.apache.pdfbox.pdmodel.interactive.annotation.PDAnnotationWidget.setHighlightingMode(String)",pdfbox/src/main/java/org/apache/pdfbox/pdmodel/interactive/annotation/PDAnnotationWidget.java,,,,,,,,,,,,,,,,,,,,,,,,,2,32,0,14,1,7,18,4,2,2,4,1,3,2,2,7,1,,,,,,1,,1,29,2,2,7,1
Public Method,"org.apache.pdfbox.pdmodel.interactive.annotation.PDAnnotationWidget.setParent(PDTerminalField)",pdfbox/src/main/java/org/apache/pdfbox/pdmodel/interactive/annotation/PDAnnotationWidget.java,,,,,,,,,,,,,,,,,,,,,,,,,3,18,0,8,1,3,10,5,2,2,4,1,3,2,2,2,1,,,,,,1,,1,25,2,2,2,1
Public Class,"org.apache.pdfbox.pdmodel.interactive.annotation.PDAppearanceCharacteristicsDictionary",pdfbox/src/main/java/org/apache/pdfbox/pdmodel/interactive/annotation/PDAppearanceCharacteristicsDictionary.java,1,1,1,1,10,0,5,4,2,12,0,,0,0,,,18,1,18,30,0,1,0,17,,209,20,100,26,36,89,,,32,53,25,32,,,,,5,3,5,5,1,2,88,0,89,25,23,25,22
Public Constructor,"org.apache.pdfbox.pdmodel.interactive.annotation.PDAppearanceCharacteristicsDictionary.PDAppearanceCharacteristicsDictionary(COSDictionary)",pdfbox/src/main/java/org/apache/pdfbox/pdmodel/interactive/annotation/PDAppearanceCharacteristicsDictionary.java,,,,,,,,,,,,,,,,,,,,,,,,,9,9,0,4,1,1,5,2,1,1,2,1,1,1,1,1,1,,,,,,0,,1,25,1,1,1,1
Public Method,"org.apache.pdfbox.pdmodel.interactive.annotation.PDAppearanceCharacteristicsDictionary.getAlternateCaption()",pdfbox/src/main/java/org/apache/pdfbox/pdmodel/interactive/annotation/PDAppearanceCharacteristicsDictionary.java,,,,,,,,,,,,,,,,,,,,,,,,,1,9,0,4,1,1,5,3,1,1,2,1,1,1,1,1,1,,,,,,0,,1,25,1,1,1,1
Public Method,"org.apache.pdfbox.pdmodel.interactive.annotation.PDAppearanceCharacteristicsDictionary.getAlternateIcon()",pdfbox/src/main/java/org/apache/pdfbox/pdmodel/interactive/annotation/PDAppearanceCharacteristicsDictionary.java,,,,,,,,,,,,,,,,,,,,,,,,,1,10,0,5,2,2,5,4,1,2,3,2,2,2,2,2,1,,,,,,0,,1,00,2,2,2,1
Public Method,"org.apache.pdfbox.pdmodel.interactive.annotation.PDAppearanceCharacteristicsDictionary.getBackground()",pdfbox/src/main/java/org/apache/pdfbox/pdmodel/interactive/annotation/PDAppearanceCharacteristicsDictionary.java,,,,,,,,,,,,,,,,,,,,,,,,,6,9,0,4,1,1,5,2,1,1,2,1,1,1,1,1,1,,,,,,0,,1,25,1,1,1,1
Public Method,"org.apache.pdfbox.pdmodel.interactive.annotation.PDAppearanceCharacteristicsDictionary.getBorderColour()",pdfbox/src/main/java/org/apache/pdfbox/pdmodel/interactive/annotation/PDAppearanceCharacteristicsDictionary.java,,,,,,,,,,,,,,,,,,,,,,,,,6,9,0,4,1,1,5,2,1,1,2,1,1,1,1,1,1,,,,,,0,,1,25,1,1,1,1
Public Method,"org.apache.pdfbox.pdmodel.interactive.annotation.PDAppearanceCharacteristicsDictionary.getCOSObject()",pdfbox/src/main/java/org/apache/pdfbox/pdmodel/interactive/annotation/PDAppearanceCharacteristicsDictionary.java,,,,,,,,,,,,,,,,,,,,,,,,,15,10,0,5,2,1,5,1,1,1,2,1,1,1,1,1,1,,,,,,0,,1,00,1,1,1,1
Private Method,"org.apache.pdfbox.pdmodel.interactive.annotation.PDAppearanceCharacteristicsDictionary.getColor(COSName)",pdfbox/src/main/java/org/apache/pdfbox/pdmodel/interactive/annotation/PDAppearanceCharacteristicsDictionary.java,,,,,,,,,,,,,,,,,,,,,,,,,6,24,0,24,3,16,0,5,5,11,14,3,12,5,3,5,5,,,,,,2,,0,00,5,3,5,5
Public Method,"org.apache.pdfbox.pdmodel.interactive.annotation.PDAppearanceCharacteristicsDictionary.getNormalCaption()",pdfbox/src/main/java/org/apache/pdfbox/pdmodel/interactive/annotation/PDAppearanceCharacteristicsDictionary.java,,,,,,,,,,,,,,,,,,,,,,,,,2,9,0,4,1,1,5,3,1,1,2,1,1,1,1,1,1,,,,,,0,,1,25,1,1,1,1
Public Method,"org.apache.pdfbox.pdmodel.interactive.annotation.PDAppearanceCharacteristicsDictionary.getNormalIcon()",pdfbox/src/main/java/org/apache/pdfbox/pdmodel/interactive/annotation/PDAppearanceCharacteristicsDictionary.java,,,,,,,,,,,,,,,,,,,,,,,,,1,10,0,5,2,2,5,4,1,2,3,2,2,2,2,2,1,,,,,,0,,1,00,2,2,2,1
Public Method,"org.apache.pdfbox.pdmodel.interactive.annotation.PDAppearanceCharacteristicsDictionary.getRolloverCaption()",pdfbox/src/main/java/org/apache/pdfbox/pdmodel/interactive/annotation/PDAppearanceCharacteristicsDictionary.java,,,,,,,,,,,,,,,,,,,,,,,,,1,9,0,4,1,1,5,3,1,1,2,1,1,1,1,1,1,,,,,,0,,1,25,1,1,1,1
Public Method,"org.apache.pdfbox.pdmodel.interactive.annotation.PDAppearanceCharacteristicsDictionary.getRolloverIcon()",pdfbox/src/main/java/org/apache/pdfbox/pdmodel/interactive/annotation/PDAppearanceCharacteristicsDictionary.java,,,,,,,,,,,,,,,,,,,,,,,,,1,10,0,5,2,2,5,4,1,2,3,2,2,2,2,2,1,,,,,,0,,1,00,2,2,2,1
Public Method,"org.apache.pdfbox.pdmodel.interactive.annotation.PDAppearanceCharacteristicsDictionary.getRotation()",pdfbox/src/main/java/org/apache/pdfbox/pdmodel/interactive/annotation/PDAppearanceCharacteristicsDictionary.java,,,,,,,,,,,,,,,,,,,,,,,,,2,9,0,4,1,1,5,3,1,1,2,1,1,1,1,1,1,,,,,,0,,1,25,1,1,1,1
Public Method,"org.apache.pdfbox.pdmodel.interactive.annotation.PDAppearanceCharacteristicsDictionary.setAlternateCaption(String)",pdfbox/src/main/java/org/apache/pdfbox/pdmodel/interactive/annotation/PDAppearanceCharacteristicsDictionary.java,,,,,,,,,,,,,,,,,,,,,,,,,2,9,0,4,1,1,5,2,1,1,2,1,1,1,1,1,1,,,,,,0,,1,25,1,1,1,1
Public Method,"org.apache.pdfbox.pdmodel.interactive.annotation.PDAppearanceCharacteristicsDictionary.setBackground(PDColor)",pdfbox/src/main/java/org/apache/pdfbox/pdmodel/interactive/annotation/PDAppearanceCharacteristicsDictionary.java,,,,,,,,,,,,,,,,,,,,,,,,,8,9,0,4,1,1,5,3,1,1,2,1,1,1,1,1,1,,,,,,0,,1,25,1,1,1,1
Public Method,"org.apache.pdfbox.pdmodel.interactive.annotation.PDAppearanceCharacteristicsDictionary.setBorderColour(PDColor)",pdfbox/src/main/java/org/apache/pdfbox/pdmodel/interactive/annotation/PDAppearanceCharacteristicsDictionary.java,,,,,,,,,,,,,,,,,,,,,,,,,9,9,0,4,1,1,5,3,1,1,2,1,1,1,1,1,1,,,,,,0,,1,25,1,1,1,1
Public Method,"org.apache.pdfbox.pdmodel.interactive.annotation.PDAppearanceCharacteristicsDictionary.setNormalCaption(String)",pdfbox/src/main/java/org/apache/pdfbox/pdmodel/interactive/annotation/PDAppearanceCharacteristicsDictionary.java,,,,,,,,,,,,,,,,,,,,,,,,,4,9,0,4,1,1,5,2,1,1,2,1,1,1,1,1,1,,,,,,0,,1,25,1,1,1,1
Public Method,"org.apache.pdfbox.pdmodel.interactive.annotation.PDAppearanceCharacteristicsDictionary.setRolloverCaption(String)",pdfbox/src/main/java/org/apache/pdfbox/pdmodel/interactive/annotation/PDAppearanceCharacteristicsDictionary.java,,,,,,,,,,,,,,,,,,,,,,,,,2,9,0,4,1,1,5,2,1,1,2,1,1,1,1,1,1,,,,,,0,,1,25,1,1,1,1
Public Method,"org.apache.pdfbox.pdmodel.interactive.annotation.PDAppearanceCharacteristicsDictionary.setRotation(int)",pdfbox/src/main/java/org/apache/pdfbox/pdmodel/interactive/annotation/PDAppearanceCharacteristicsDictionary.java,,,,,,,,,,,,,,,,,,,,,,,,,2,9,0,4,1,1,5,2,1,1,2,1,1,1,1,1,1,,,,,,0,,1,25,1,1,1,1
Public Class,"org.apache.pdfbox.pdmodel.interactive.annotation.PDAppearanceDictionary",pdfbox/src/main/java/org/apache/pdfbox/pdmodel/interactive/annotation/PDAppearanceDictionary.java,1,1,1,1,9,0,4,5,2,5,0,,0,0,,,12,1,12,24,0,0,0,12,,136,12,57,18,16,67,,,17,30,17,16,,,,,2,2,2,1,1,0,0,1,18,15,15,15,12
Public Constructor,"org.apache.pdfbox.pdmodel.interactive.annotation.PDAppearanceDictionary.PDAppearanceDictionary()",pdfbox/src/main/java/org/apache/pdfbox/pdmodel/interactive/annotation/PDAppearanceDictionary.java,,,,,,,,,,,,,,,,,,,,,,,,,10,9,0,5,1,2,4,4,1,2,3,1,2,1,1,1,1,,,,,,0,,0,80,1,1,1,1
Public Constructor,"org.apache.pdfbox.pdmodel.interactive.annotation.PDAppearanceDictionary.PDAppearanceDictionary(COSDictionary)",pdfbox/src/main/java/org/apache/pdfbox/pdmodel/interactive/annotation/PDAppearanceDictionary.java,,,,,,,,,,,,,,,,,,,,,,,,,6,9,0,4,1,1,5,2,1,1,2,1,1,1,1,1,1,,,,,,0,,1,25,1,1,1,1
Public Method,"org.apache.pdfbox.pdmodel.interactive.annotation.PDAppearanceDictionary.getCOSObject()",pdfbox/src/main/java/org/apache/pdfbox/pdmodel/interactive/annotation/PDAppearanceDictionary.java,,,,,,,,,,,,,,,,,,,,,,,,,5,5,0,5,2,1,0,1,1,1,2,1,1,1,1,1,1,,,,,,0,,0,00,1,1,1,1
Public Method,"org.apache.pdfbox.pdmodel.interactive.annotation.PDAppearanceDictionary.getDownAppearance()",pdfbox/src/main/java/org/apache/pdfbox/pdmodel/interactive/annotation/PDAppearanceDictionary.java,,,,,,,,,,,,,,,,,,,,,,,,,3,12,0,5,2,2,7,4,1,2,3,2,2,2,2,2,1,,,,,,0,,1,40,2,2,2,1
Public Method,"org.apache.pdfbox.pdmodel.interactive.annotation.PDAppearanceDictionary.getNormalAppearance()",pdfbox/src/main/java/org/apache/pdfbox/pdmodel/interactive/annotation/PDAppearanceDictionary.java,,,,,,,,,,,,,,,,,,,,,,,,,16,11,0,5,2,2,6,3,1,2,3,2,2,2,2,2,1,,,,,,0,,1,20,2,2,2,1
Public Method,"org.apache.pdfbox.pdmodel.interactive.annotation.PDAppearanceDictionary.getRolloverAppearance()",pdfbox/src/main/java/org/apache/pdfbox/pdmodel/interactive/annotation/PDAppearanceDictionary.java,,,,,,,,,,,,,,,,,,,,,,,,,3,12,0,5,2,2,7,4,1,2,3,2,2,2,2,2,1,,,,,,0,,1,40,2,2,2,1
Public Method,"org.apache.pdfbox.pdmodel.interactive.annotation.PDAppearanceDictionary.setDownAppearance(PDAppearanceEntry)",pdfbox/src/main/java/org/apache/pdfbox/pdmodel/interactive/annotation/PDAppearanceDictionary.java,,,,,,,,,,,,,,,,,,,,,,,,,4,10,0,4,1,1,6,1,1,1,2,1,1,1,1,1,1,,,,,,0,,1,50,1,1,1,1
Public Method,"org.apache.pdfbox.pdmodel.interactive.annotation.PDAppearanceDictionary.setDownAppearance(PDAppearanceStream)",pdfbox/src/main/java/org/apache/pdfbox/pdmodel/interactive/annotation/PDAppearanceDictionary.java,,,,,,,,,,,,,,,,,,,,,,,,,3,9,0,4,1,1,5,1,1,1,2,1,1,1,1,1,1,,,,,,0,,1,25,1,1,1,1
Public Method,"org.apache.pdfbox.pdmodel.interactive.annotation.PDAppearanceDictionary.setNormalAppearance(PDAppearanceEntry)",pdfbox/src/main/java/org/apache/pdfbox/pdmodel/interactive/annotation/PDAppearanceDictionary.java,,,,,,,,,,,,,,,,,,,,,,,,,6,10,0,4,1,1,6,1,1,1,2,1,1,1,1,1,1,,,,,,0,,1,50,1,1,1,1
Public Method,"org.apache.pdfbox.pdmodel.interactive.annotation.PDAppearanceDictionary.setNormalAppearance(PDAppearanceStream)",pdfbox/src/main/java/org/apache/pdfbox/pdmodel/interactive/annotation/PDAppearanceDictionary.java,,,,,,,,,,,,,,,,,,,,,,,,,9,9,0,4,1,1,5,1,1,1,2,1,1,1,1,1,1,,,,,,0,,1,25,1,1,1,1
Public Method,"org.apache.pdfbox.pdmodel.interactive.annotation.PDAppearanceDictionary.setRolloverAppearance(PDAppearanceEntry)",pdfbox/src/main/java/org/apache/pdfbox/pdmodel/interactive/annotation/PDAppearanceDictionary.java,,,,,,,,,,,,,,,,,,,,,,,,,4,10,0,4,1,1,6,1,1,1,2,1,1,1,1,1,1,,,,,,0,,1,50,1,1,1,1
Public Method,"org.apache.pdfbox.pdmodel.interactive.annotation.PDAppearanceDictionary.setRolloverAppearance(PDAppearanceStream)",pdfbox/src/main/java/org/apache/pdfbox/pdmodel/interactive/annotation/PDAppearanceDictionary.java,,,,,,,,,,,,,,,,,,,,,,,,,3,9,0,4,1,1,5,1,1,1,2,1,1,1,1,1,1,,,,,,0,,1,25,1,1,1,1
Public Class,"org.apache.pdfbox.pdmodel.interactive.annotation.PDAppearanceEntry",pdfbox/src/main/java/org/apache/pdfbox/pdmodel/interactive/annotation/PDAppearanceEntry.java,1,1,1,1,10,0,6,3,2,9,0,,0,0,,,7,1,7,19,0,1,0,6,,86,9,50,13,16,27,,,13,26,13,15,,,,,4,4,4,1,1,2,14,0,54,11,11,11,7
Private Constructor,"org.apache.pdfbox.pdmodel.interactive.annotation.PDAppearanceEntry.PDAppearanceEntry()",pdfbox/src/main/java/org/apache/pdfbox/pdmodel/interactive/annotation/PDAppearanceEntry.java,,,,,,,,,,,,,,,,,,,,,,,,,0,3,0,3,1,0,0,1,1,0,1,1,0,1,1,1,1,,,,,,0,,0,00,1,1,1,1
Public Constructor,"org.apache.pdfbox.pdmodel.interactive.annotation.PDAppearanceEntry.PDAppearanceEntry(COSDictionary)",pdfbox/src/main/java/org/apache/pdfbox/pdmodel/interactive/annotation/PDAppearanceEntry.java,,,,,,,,,,,,,,,,,,,,,,,,,9,9,0,4,1,1,5,2,1,1,2,1,1,1,1,1,1,,,,,,0,,1,25,1,1,1,1
Public Method,"org.apache.pdfbox.pdmodel.interactive.annotation.PDAppearanceEntry.getAppearanceStream()",pdfbox/src/main/java/org/apache/pdfbox/pdmodel/interactive/annotation/PDAppearanceEntry.java,,,,,,,,,,,,,,,,,,,,,,,,,9,13,0,8,1,3,5,4,2,2,4,1,3,2,2,2,1,,,,,,1,,0,62,2,2,2,1
Public Method,"org.apache.pdfbox.pdmodel.interactive.annotation.PDAppearanceEntry.getCOSObject()",pdfbox/src/main/java/org/apache/pdfbox/pdmodel/interactive/annotation/PDAppearanceEntry.java,,,,,,,,,,,,,,,,,,,,,,,,,4,5,0,5,2,1,0,1,1,1,2,1,1,1,1,1,1,,,,,,0,,0,00,1,1,1,1
Public Method,"org.apache.pdfbox.pdmodel.interactive.annotation.PDAppearanceEntry.getSubDictionary()",pdfbox/src/main/java/org/apache/pdfbox/pdmodel/interactive/annotation/PDAppearanceEntry.java,,,,,,,,,,,,,,,,,,,,,,,,,4,26,2,18,4,9,6,9,6,6,11,5,8,4,4,4,1,,,,,,2,,0,33,4,4,4,1
Public Method,"org.apache.pdfbox.pdmodel.interactive.annotation.PDAppearanceEntry.isStream()",pdfbox/src/main/java/org/apache/pdfbox/pdmodel/interactive/annotation/PDAppearanceEntry.java,,,,,,,,,,,,,,,,,,,,,,,,,3,7,0,4,1,1,3,1,1,1,2,1,1,1,1,1,1,,,,,,0,,0,75,1,1,1,1
Public Method,"org.apache.pdfbox.pdmodel.interactive.annotation.PDAppearanceEntry.isSubDictionary()",pdfbox/src/main/java/org/apache/pdfbox/pdmodel/interactive/annotation/PDAppearanceEntry.java,,,,,,,,,,,,,,,,,,,,,,,,,6,7,0,4,1,1,3,1,1,1,2,1,1,1,1,1,1,,,,,,0,,0,75,1,1,1,1
Public Class,"org.apache.pdfbox.pdmodel.interactive.annotation.PDAppearanceStream",pdfbox/src/main/java/org/apache/pdfbox/pdmodel/interactive/annotation/PDAppearanceStream.java,1,1,1,1,9,0,4,5,1,2,0,,0,0,,,2,0,2,40,0,0,0,2,,29,1,11,3,2,17,,,2,5,3,2,,,,,1,1,1,1,3,0,0,1,55,2,2,2,2
Public Constructor,"org.apache.pdfbox.pdmodel.interactive.annotation.PDAppearanceStream.PDAppearanceStream(COSStream)",pdfbox/src/main/java/org/apache/pdfbox/pdmodel/interactive/annotation/PDAppearanceStream.java,,,,,,,,,,,,,,,,,,,,,,,,,7,9,0,4,1,1,5,2,1,1,2,1,1,1,1,1,1,,,,,,0,,1,25,1,1,1,1
Public Constructor,"org.apache.pdfbox.pdmodel.interactive.annotation.PDAppearanceStream.PDAppearanceStream(PDDocument)",pdfbox/src/main/java/org/apache/pdfbox/pdmodel/interactive/annotation/PDAppearanceStream.java,,,,,,,,,,,,,,,,,,,,,,,,,6,9,0,4,1,1,5,2,1,1,2,1,1,1,1,1,1,,,,,,0,,1,25,1,1,1,1
Public Class,"org.apache.pdfbox.pdmodel.interactive.annotation.PDBorderEffectDictionary",pdfbox/src/main/java/org/apache/pdfbox/pdmodel/interactive/annotation/PDBorderEffectDictionary.java,1,1,1,1,8,0,4,4,2,3,0,,0,2,,,7,1,7,19,0,0,0,7,,94,12,35,12,9,47,,,10,18,11,7,,,,,1,1,1,1,1,0,57,1,34,7,7,7,7
Public Constructor,"org.apache.pdfbox.pdmodel.interactive.annotation.PDBorderEffectDictionary.PDBorderEffectDictionary()",pdfbox/src/main/java/org/apache/pdfbox/pdmodel/interactive/annotation/PDBorderEffectDictionary.java,,,,,,,,,,,,,,,,,,,,,,,,,1,7,0,4,1,1,3,3,1,1,2,1,1,1,1,1,1,,,,,,0,,0,75,1,1,1,1
Public Constructor,"org.apache.pdfbox.pdmodel.interactive.annotation.PDBorderEffectDictionary.PDBorderEffectDictionary(COSDictionary)",pdfbox/src/main/java/org/apache/pdfbox/pdmodel/interactive/annotation/PDBorderEffectDictionary.java,,,,,,,,,,,,,,,,,,,,,,,,,5,9,0,4,1,1,5,2,1,1,2,1,1,1,1,1,1,,,,,,0,,1,25,1,1,1,1
Public Method,"org.apache.pdfbox.pdmodel.interactive.annotation.PDBorderEffectDictionary.getCOSObject()",pdfbox/src/main/java/org/apache/pdfbox/pdmodel/interactive/annotation/PDBorderEffectDictionary.java,,,,,,,,,,,,,,,,,,,,,,,,,5,10,0,5,2,1,5,1,1,1,2,1,1,1,1,1,1,,,,,,0,,1,00,1,1,1,1
Public Method,"org.apache.pdfbox.pdmodel.interactive.annotation.PDBorderEffectDictionary.getIntensity()",pdfbox/src/main/java/org/apache/pdfbox/pdmodel/interactive/annotation/PDBorderEffectDictionary.java,,,,,,,,,,,,,,,,,,,,,,,,,4,9,0,4,1,1,5,3,1,1,2,1,1,1,1,1,1,,,,,,0,,1,25,1,1,1,1
Public Method,"org.apache.pdfbox.pdmodel.interactive.annotation.PDBorderEffectDictionary.getStyle()",pdfbox/src/main/java/org/apache/pdfbox/pdmodel/interactive/annotation/PDBorderEffectDictionary.java,,,,,,,,,,,,,,,,,,,,,,,,,5,9,0,4,1,1,5,3,1,1,2,1,1,1,1,1,1,,,,,,0,,1,25,1,1,1,1
Public Method,"org.apache.pdfbox.pdmodel.interactive.annotation.PDBorderEffectDictionary.setIntensity(float)",pdfbox/src/main/java/org/apache/pdfbox/pdmodel/interactive/annotation/PDBorderEffectDictionary.java,,,,,,,,,,,,,,,,,,,,,,,,,2,9,0,4,1,1,5,2,1,1,2,1,1,1,1,1,1,,,,,,0,,1,25,1,1,1,1
Public Method,"org.apache.pdfbox.pdmodel.interactive.annotation.PDBorderEffectDictionary.setStyle(String)",pdfbox/src/main/java/org/apache/pdfbox/pdmodel/interactive/annotation/PDBorderEffectDictionary.java,,,,,,,,,,,,,,,,,,,,,,,,,2,9,0,4,1,1,5,2,1,1,2,1,1,1,1,1,1,,,,,,0,,1,25,1,1,1,1
Public Class,"org.apache.pdfbox.pdmodel.interactive.annotation.PDBorderStyleDictionary",pdfbox/src/main/java/org/apache/pdfbox/pdmodel/interactive/annotation/PDBorderStyleDictionary.java,1,1,1,1,11,0,6,5,2,8,0,,0,5,,,9,1,9,21,0,0,0,9,,156,17,64,18,24,75,,,21,34,17,18,,,,,2,2,2,1,1,1,66,1,17,12,12,12,9
Public Constructor,"org.apache.pdfbox.pdmodel.interactive.annotation.PDBorderStyleDictionary.PDBorderStyleDictionary()",pdfbox/src/main/java/org/apache/pdfbox/pdmodel/interactive/annotation/PDBorderStyleDictionary.java,,,,,,,,,,,,,,,,,,,,,,,,,6,7,0,4,1,1,3,3,1,1,2,1,1,1,1,1,1,,,,,,0,,0,75,1,1,1,1
Public Constructor,"org.apache.pdfbox.pdmodel.interactive.annotation.PDBorderStyleDictionary.PDBorderStyleDictionary(COSDictionary)",pdfbox/src/main/java/org/apache/pdfbox/pdmodel/interactive/annotation/PDBorderStyleDictionary.java,,,,,,,,,,,,,,,,,,,,,,,,,5,9,0,4,1,1,5,2,1,1,2,1,1,1,1,1,1,,,,,,0,,1,25,1,1,1,1
Public Method,"org.apache.pdfbox.pdmodel.interactive.annotation.PDBorderStyleDictionary.getCOSObject()",pdfbox/src/main/java/org/apache/pdfbox/pdmodel/interactive/annotation/PDBorderStyleDictionary.java,,,,,,,,,,,,,,,,,,,,,,,,,8,10,0,5,2,1,5,1,1,1,2,1,1,1,1,1,1,,,,,,0,,1,00,1,1,1,1
Public Method,"org.apache.pdfbox.pdmodel.interactive.annotation.PDBorderStyleDictionary.getDashStyle()",pdfbox/src/main/java/org/apache/pdfbox/pdmodel/interactive/annotation/PDBorderStyleDictionary.java,,,,,,,,,,,,,,,,,,,,,,,,,4,16,0,11,2,6,5,7,2,5,7,2,6,2,2,2,1,,,,,,1,,0,45,2,2,2,1
Public Method,"org.apache.pdfbox.pdmodel.interactive.annotation.PDBorderStyleDictionary.getStyle()",pdfbox/src/main/java/org/apache/pdfbox/pdmodel/interactive/annotation/PDBorderStyleDictionary.java,,,,,,,,,,,,,,,,,,,,,,,,,5,9,0,4,1,1,5,3,1,1,2,1,1,1,1,1,1,,,,,,0,,1,25,1,1,1,1
Public Method,"org.apache.pdfbox.pdmodel.interactive.annotation.PDBorderStyleDictionary.getWidth()",pdfbox/src/main/java/org/apache/pdfbox/pdmodel/interactive/annotation/PDBorderStyleDictionary.java,,,,,,,,,,,,,,,,,,,,,,,,,12,15,0,8,1,3,7,4,2,2,4,1,3,2,2,2,1,,,,,,1,,0,88,2,2,2,1
Public Method,"org.apache.pdfbox.pdmodel.interactive.annotation.PDBorderStyleDictionary.setDashStyle(COSArray)",pdfbox/src/main/java/org/apache/pdfbox/pdmodel/interactive/annotation/PDBorderStyleDictionary.java,,,,,,,,,,,,,,,,,,,,,,,,,3,9,0,4,1,1,5,2,1,1,2,1,1,1,1,1,1,,,,,,0,,1,25,1,1,1,1
Public Method,"org.apache.pdfbox.pdmodel.interactive.annotation.PDBorderStyleDictionary.setStyle(String)",pdfbox/src/main/java/org/apache/pdfbox/pdmodel/interactive/annotation/PDBorderStyleDictionary.java,,,,,,,,,,,,,,,,,,,,,,,,,7,9,0,4,1,1,5,2,1,1,2,1,1,1,1,1,1,,,,,,0,,1,25,1,1,1,1
Public Method,"org.apache.pdfbox.pdmodel.interactive.annotation.PDBorderStyleDictionary.setWidth(float)",pdfbox/src/main/java/org/apache/pdfbox/pdmodel/interactive/annotation/PDBorderStyleDictionary.java,,,,,,,,,,,,,,,,,,,,,,,,,8,23,0,11,1,4,12,4,2,2,4,1,3,2,2,2,1,,,,,,1,,1,09,2,2,2,1
Class,"org.apache.pdfbox.pdmodel.interactive.annotation.PDCircleAnnotationTest",pdfbox/src/test/java/org/apache/pdfbox/pdmodel/interactive/annotation/PDCircleAnnotationTest.java,1,1,1,1,8,0,8,0,1,5,0,,0,0,,,1,0,1,13,1,0,0,0,,15,0,11,4,4,4,,,3,5,3,3,,,,,1,1,1,1,1,0,0,0,36,1,1,1,1
Method,"org.apache.pdfbox.pdmodel.interactive.annotation.PDCircleAnnotationTest.createDefaultCircleAnnotation()",pdfbox/src/test/java/org/apache/pdfbox/pdmodel/interactive/annotation/PDCircleAnnotationTest.java,,,,,,,,,,,,,,,,,,,,,,,,,4,8,0,8,3,4,0,5,1,3,4,2,3,1,1,1,1,,,,,,0,,0,00,1,1,1,1
Public Class,"org.apache.pdfbox.pdmodel.interactive.annotation.PDExternalDataDictionary",pdfbox/src/main/java/org/apache/pdfbox/pdmodel/interactive/annotation/PDExternalDataDictionary.java,1,1,1,1,9,0,4,4,2,4,0,,0,0,,,6,1,6,18,0,0,0,6,,70,8,30,9,7,32,,,8,15,8,7,,,,,1,1,1,1,1,0,50,1,07,6,6,6,6
Public Constructor,"org.apache.pdfbox.pdmodel.interactive.annotation.PDExternalDataDictionary.PDExternalDataDictionary()",pdfbox/src/main/java/org/apache/pdfbox/pdmodel/interactive/annotation/PDExternalDataDictionary.java,,,,,,,,,,,,,,,,,,,,,,,,,2,8,0,5,1,2,3,4,1,2,3,1,2,1,1,1,1,,,,,,0,,0,60,1,1,1,1
Public Constructor,"org.apache.pdfbox.pdmodel.interactive.annotation.PDExternalDataDictionary.PDExternalDataDictionary(COSDictionary)",pdfbox/src/main/java/org/apache/pdfbox/pdmodel/interactive/annotation/PDExternalDataDictionary.java,,,,,,,,,,,,,,,,,,,,,,,,,2,9,0,4,1,1,5,2,1,1,2,1,1,1,1,1,1,,,,,,0,,1,25,1,1,1,1
Public Method,"org.apache.pdfbox.pdmodel.interactive.annotation.PDExternalDataDictionary.getCOSObject()",pdfbox/src/main/java/org/apache/pdfbox/pdmodel/interactive/annotation/PDExternalDataDictionary.java,,,,,,,,,,,,,,,,,,,,,,,,,4,10,0,5,2,1,5,1,1,1,2,1,1,1,1,1,1,,,,,,0,,1,00,1,1,1,1
Public Method,"org.apache.pdfbox.pdmodel.interactive.annotation.PDExternalDataDictionary.getSubtype()",pdfbox/src/main/java/org/apache/pdfbox/pdmodel/interactive/annotation/PDExternalDataDictionary.java,,,,,,,,,,,,,,,,,,,,,,,,,1,9,0,4,1,1,5,3,1,1,2,1,1,1,1,1,1,,,,,,0,,1,25,1,1,1,1
Public Method,"org.apache.pdfbox.pdmodel.interactive.annotation.PDExternalDataDictionary.getType()",pdfbox/src/main/java/org/apache/pdfbox/pdmodel/interactive/annotation/PDExternalDataDictionary.java,,,,,,,,,,,,,,,,,,,,,,,,,1,9,0,4,1,1,5,3,1,1,2,1,1,1,1,1,1,,,,,,0,,1,25,1,1,1,1
Public Method,"org.apache.pdfbox.pdmodel.interactive.annotation.PDExternalDataDictionary.setSubtype(String)",pdfbox/src/main/java/org/apache/pdfbox/pdmodel/interactive/annotation/PDExternalDataDictionary.java,,,,,,,,,,,,,,,,,,,,,,,,,2,9,0,4,1,1,5,2,1,1,2,1,1,1,1,1,1,,,,,,0,,1,25,1,1,1,1
Class,"org.apache.pdfbox.pdmodel.interactive.annotation.PDSquareAnnotationTest",pdfbox/src/test/java/org/apache/pdfbox/pdmodel/interactive/annotation/PDSquareAnnotationTest.java,1,1,1,1,25,4,19,2,1,29,0,,1,4,,,3,0,4,16,4,0,0,0,,123,23,85,30,61,15,,,58,65,26,55,,,,,1,1,1,1,1,1,25,0,18,4,4,4,4
Method,"org.apache.pdfbox.pdmodel.interactive.annotation.PDSquareAnnotationTest.createDefaultSquareAnnotation()",pdfbox/src/test/java/org/apache/pdfbox/pdmodel/interactive/annotation/PDSquareAnnotationTest.java,,,,,,,,,,,,,,,,,,,,,,,,,4,8,0,8,3,4,0,5,1,3,4,2,3,1,1,1,1,,,,,,0,,0,00,1,1,1,1
Method,"org.apache.pdfbox.pdmodel.interactive.annotation.PDSquareAnnotationTest.createWithAppearance()",pdfbox/src/test/java/org/apache/pdfbox/pdmodel/interactive/annotation/PDSquareAnnotationTest.java,,,,,,,,,,,,,,,,,,,,,,,,,2,29,7,21,8,15,1,14,1,14,16,7,14,1,1,1,1,,,,,,1,,0,05,1,1,1,1
Static Method,"org.apache.pdfbox.pdmodel.interactive.annotation.PDSquareAnnotationTest.setUp()",pdfbox/src/test/java/org/apache/pdfbox/pdmodel/interactive/annotation/PDSquareAnnotationTest.java,,,,,,,,,,,,,,,,,,,,,,,,,1,9,0,9,2,5,0,6,1,5,6,1,5,1,1,1,1,,,,,,0,,0,00,1,1,1,1
Method,"org.apache.pdfbox.pdmodel.interactive.annotation.PDSquareAnnotationTest.validateAppearance()",pdfbox/src/test/java/org/apache/pdfbox/pdmodel/interactive/annotation/PDSquareAnnotationTest.java,,,,,,,,,,,,,,,,,,,,,,,,,4,57,9,40,12,34,8,25,1,32,34,11,32,1,1,1,1,,,,,,1,,0,20,1,1,1,1
Package,"org.apache.pdfbox.pdmodel.interactive.annotation.handlers",pdfbox/src/main/java/org/apache/pdfbox/pdmodel/interactive/annotation/handlers/AnnotationBorder.java,2,2,3,1,25,1,19,4,,,,20,7,27,20,,171,18,178,,36,58,2,82,,5523,541,3851,1168,2196,1145,,,2099,2575,1100,1796,,,,,30,27,37,10,,5,,0,30,495,462,541,246
Class,"org.apache.pdfbox.pdmodel.interactive.annotation.handlers.AnnotationBorder",pdfbox/src/main/java/org/apache/pdfbox/pdmodel/interactive/annotation/handlers/AnnotationBorder.java,11,11,12,4,50,0,50,0,1,8,0,,1,0,,,0,3,1,13,1,0,0,0,,64,1,56,10,27,7,,,16,29,10,22,,,,,11,11,12,4,1,3,0,0,12,11,11,12,4
Static Method,"org.apache.pdfbox.pdmodel.interactive.annotation.handlers.AnnotationBorder.getAnnotationBorder(PDAnnotation,PDBorderStyleDictionary)",pdfbox/src/main/java/org/apache/pdfbox/pdmodel/interactive/annotation/handlers/AnnotationBorder.java,,,,,,,,,,,,,,,,,,,,,,,,,13,50,0,50,6,24,0,15,70,13,25,6,22,11,11,12,4,,,,,,3,,0,00,11,11,12,4
Class,"org.apache.pdfbox.pdmodel.interactive.annotation.handlers.CloudyBorder",pdfbox/src/main/java/org/apache/pdfbox/pdmodel/interactive/annotation/handlers/CloudyBorder.java,3,3,3,1,26,2,20,4,1,14,0,,3,5,,,35,10,38,50,8,30,0,0,,1076,120,779,236,466,177,,,401,509,229,338,,,,,20,20,25,10,1,4,84,0,23,116,115,125,54
Constructor,"org.apache.pdfbox.pdmodel.interactive.annotation.handlers.CloudyBorder.CloudyBorder(PDAppearanceContentStream,double,double,PDRectangle)",pdfbox/src/main/java/org/apache/pdfbox/pdmodel/interactive/annotation/handlers/CloudyBorder.java,,,,,,,,,,,,,,,,,,,,,,,,,8,17,0,8,2,4,9,5,1,4,5,1,4,1,1,1,1,,,,,,0,,1,12,1,1,1,1
Private Method,"org.apache.pdfbox.pdmodel.interactive.annotation.handlers.CloudyBorder.addCornerCurl(double,double,double,double,double,double,double,boolean)",pdfbox/src/main/java/org/apache/pdfbox/pdmodel/interactive/annotation/handlers/CloudyBorder.java,,,,,,,,,,,,,,,,,,,,,,,,,11,15,1,11,5,6,3,3,1,6,7,3,5,1,1,1,1,,,,,,0,,0,27,1,1,1,1
Private Method,"org.apache.pdfbox.pdmodel.interactive.annotation.handlers.CloudyBorder.addFirstIntermediateCurl(double,double,double,double,double)",pdfbox/src/main/java/org/apache/pdfbox/pdmodel/interactive/annotation/handlers/CloudyBorder.java,,,,,,,,,,,,,,,,,,,,,,,,,10,13,1,9,3,5,3,1,1,4,5,2,3,1,1,1,1,,,,,,0,,0,33,1,1,1,1
Private Method,"org.apache.pdfbox.pdmodel.interactive.annotation.handlers.CloudyBorder.applyRectDiff(PDRectangle,float)",pdfbox/src/main/java/org/apache/pdfbox/pdmodel/interactive/annotation/handlers/CloudyBorder.java,,,,,,,,,,,,,,,,,,,,,,,,,5,40,5,34,9,23,1,8,2,25,27,9,22,2,2,2,1,,,,,,1,,0,03,2,2,2,1
Private Method,"org.apache.pdfbox.pdmodel.interactive.annotation.handlers.CloudyBorder.beginOutput(double,double)",pdfbox/src/main/java/org/apache/pdfbox/pdmodel/interactive/annotation/handlers/CloudyBorder.java,,,,,,,,,,,,,,,,,,,,,,,,,5,10,0,9,1,6,1,6,1,6,7,1,6,1,1,1,1,,,,,,0,,0,11,1,1,1,1
Private Method,"org.apache.pdfbox.pdmodel.interactive.annotation.handlers.CloudyBorder.cloudyEllipseImpl(double,double,double,double)",pdfbox/src/main/java/org/apache/pdfbox/pdmodel/interactive/annotation/handlers/CloudyBorder.java,,,,,,,,,,,,,,,,,,,,,,,,,13,196,22,151,44,104,23,14,903,87,106,46,70,20,20,25,10,,,,,,4,,0,15,20,20,25,10
Private Method,"org.apache.pdfbox.pdmodel.interactive.annotation.handlers.CloudyBorder.cloudyPolygonImpl(Point2D.Double[],boolean)",pdfbox/src/main/java/org/apache/pdfbox/pdmodel/interactive/annotation/handlers/CloudyBorder.java,,,,,,,,,,,,,,,,,,,,,,,,,10,121,15,88,29,62,18,17,101,54,66,29,47,15,15,15,6,,,,,,3,,0,20,15,15,15,6
Private Method,"org.apache.pdfbox.pdmodel.interactive.annotation.handlers.CloudyBorder.cloudyRectangleImpl(double,double,double,double,boolean)",pdfbox/src/main/java/org/apache/pdfbox/pdmodel/interactive/annotation/handlers/CloudyBorder.java,,,,,,,,,,,,,,,,,,,,,,,,,9,51,4,42,5,26,5,6,4,13,17,4,13,4,4,4,1,,,,,,1,,0,12,4,4,4,1
Private Method,"org.apache.pdfbox.pdmodel.interactive.annotation.handlers.CloudyBorder.computeParamsEllipse(Point2D.Double,Point2D.Double,double,double)",pdfbox/src/main/java/org/apache/pdfbox/pdmodel/interactive/annotation/handlers/CloudyBorder.java,,,,,,,,,,,,,,,,,,,,,,,,,6,16,1,12,5,6,3,4,2,5,7,4,4,3,3,4,1,,,,,,1,,0,25,3,3,4,1
Private Method,"org.apache.pdfbox.pdmodel.interactive.annotation.handlers.CloudyBorder.computeParamsPolygon(double,double,double,double,double,double[])",pdfbox/src/main/java/org/apache/pdfbox/pdmodel/interactive/annotation/handlers/CloudyBorder.java,,,,,,,,,,,,,,,,,,,,,,,,,7,29,4,18,7,12,7,5,2,11,13,6,9,3,3,4,1,,,,,,1,,0,39,3,3,4,1
Private Static Method,"org.apache.pdfbox.pdmodel.interactive.annotation.handlers.CloudyBorder.cosine(double,double)",pdfbox/src/main/java/org/apache/pdfbox/pdmodel/interactive/annotation/handlers/CloudyBorder.java,,,,,,,,,,,,,,,,,,,,,,,,,4,8,0,8,1,3,0,2,2,2,4,1,3,2,2,2,1,,,,,,1,,0,00,2,2,2,1
Method,"org.apache.pdfbox.pdmodel.interactive.annotation.handlers.CloudyBorder.createCloudyEllipse(PDRectangle)",pdfbox/src/main/java/org/apache/pdfbox/pdmodel/interactive/annotation/handlers/CloudyBorder.java,,,,,,,,,,,,,,,,,,,,,,,,,3,19,1,10,5,7,8,8,1,7,8,5,7,1,1,1,1,,,,,,0,,0,80,1,1,1,1
Method,"org.apache.pdfbox.pdmodel.interactive.annotation.handlers.CloudyBorder.createCloudyPolygon(float[][])",pdfbox/src/main/java/org/apache/pdfbox/pdmodel/interactive/annotation/handlers/CloudyBorder.java,,,,,,,,,,,,,,,,,,,,,,,,,3,28,2,19,4,10,7,2,4,9,13,5,8,4,4,4,1,,,,,,2,,0,37,4,4,4,1
Method,"org.apache.pdfbox.pdmodel.interactive.annotation.handlers.CloudyBorder.createCloudyRectangle(PDRectangle)",pdfbox/src/main/java/org/apache/pdfbox/pdmodel/interactive/annotation/handlers/CloudyBorder.java,,,,,,,,,,,,,,,,,,,,,,,,,5,22,1,10,5,7,11,8,1,7,8,5,7,1,1,1,1,,,,,,0,,1,10,1,1,1,1
Private Method,"org.apache.pdfbox.pdmodel.interactive.annotation.handlers.CloudyBorder.curveTo(double,double,double,double,double,double)",pdfbox/src/main/java/org/apache/pdfbox/pdmodel/interactive/annotation/handlers/CloudyBorder.java,,,,,,,,,,,,,,,,,,,,,,,,,9,8,0,8,2,4,0,2,1,4,5,1,4,1,1,1,1,,,,,,0,,0,00,1,1,1,1
Private Method,"org.apache.pdfbox.pdmodel.interactive.annotation.handlers.CloudyBorder.drawBasicEllipse(double,double,double,double)",pdfbox/src/main/java/org/apache/pdfbox/pdmodel/interactive/annotation/handlers/CloudyBorder.java,,,,,,,,,,,,,,,,,,,,,,,,,6,12,0,9,6,5,3,2,1,5,6,5,3,1,1,1,1,,,,,,0,,0,33,1,1,1,1
Private Method,"org.apache.pdfbox.pdmodel.interactive.annotation.handlers.CloudyBorder.finish()",pdfbox/src/main/java/org/apache/pdfbox/pdmodel/interactive/annotation/handlers/CloudyBorder.java,,,,,,,,,,,,,,,,,,,,,,,,,6,16,1,15,2,8,0,5,4,6,9,2,7,3,3,3,1,,,,,,1,,0,00,3,3,3,1
Private Static Method,"org.apache.pdfbox.pdmodel.interactive.annotation.handlers.CloudyBorder.flattenEllipse(double,double,double,double)",pdfbox/src/main/java/org/apache/pdfbox/pdmodel/interactive/annotation/handlers/CloudyBorder.java,,,,,,,,,,,,,,,,,,,,,,,,,7,37,3,29,9,19,5,11,6,13,17,8,13,5,4,6,1,,,,,,2,,0,17,5,4,6,1
Private Method,"org.apache.pdfbox.pdmodel.interactive.annotation.handlers.CloudyBorder.getArc(double,double,double,double,double,double,ArrayList<Point2D.Double>,boolean)",pdfbox/src/main/java/org/apache/pdfbox/pdmodel/interactive/annotation/handlers/CloudyBorder.java,,,,,,,,,,,,,,,,,,,,,,,,,11,47,4,36,8,20,7,5,24,13,19,7,14,6,6,6,1,,,,,,2,,0,19,6,6,6,1
Private Method,"org.apache.pdfbox.pdmodel.interactive.annotation.handlers.CloudyBorder.getArcSegment(double,double,double,double,double,double,ArrayList<Point2D.Double>,boolean)",pdfbox/src/main/java/org/apache/pdfbox/pdmodel/interactive/annotation/handlers/CloudyBorder.java,,,,,,,,,,,,,,,,,,,,,,,,,12,68,3,56,18,34,9,6,9,25,32,17,21,7,7,7,1,,,,,,3,,0,16,7,7,7,1
Method,"org.apache.pdfbox.pdmodel.interactive.annotation.handlers.CloudyBorder.getBBox()",pdfbox/src/main/java/org/apache/pdfbox/pdmodel/interactive/annotation/handlers/CloudyBorder.java,,,,,,,,,,,,,,,,,,,,,,,,,4,10,0,4,1,1,6,2,1,1,2,1,1,1,1,1,1,,,,,,0,,1,50,1,1,1,1
Private Method,"org.apache.pdfbox.pdmodel.interactive.annotation.handlers.CloudyBorder.getEllipseCloudRadius()",pdfbox/src/main/java/org/apache/pdfbox/pdmodel/interactive/annotation/handlers/CloudyBorder.java,,,,,,,,,,,,,,,,,,,,,,,,,4,6,0,4,1,1,2,1,1,1,2,1,1,1,1,1,1,,,,,,0,,0,50,1,1,1,1
Private Method,"org.apache.pdfbox.pdmodel.interactive.annotation.handlers.CloudyBorder.getIntermediateCurlTemplate(double,double)",pdfbox/src/main/java/org/apache/pdfbox/pdmodel/interactive/annotation/handlers/CloudyBorder.java,,,,,,,,,,,,,,,,,,,,,,,,,7,16,2,11,4,7,3,5,1,6,7,3,5,1,1,1,1,,,,,,0,,0,27,1,1,1,1
Method,"org.apache.pdfbox.pdmodel.interactive.annotation.handlers.CloudyBorder.getMatrix()",pdfbox/src/main/java/org/apache/pdfbox/pdmodel/interactive/annotation/handlers/CloudyBorder.java,,,,,,,,,,,,,,,,,,,,,,,,,6,9,0,4,1,1,5,2,1,1,2,1,1,1,1,1,1,,,,,,0,,1,25,1,1,1,1
Private Method,"org.apache.pdfbox.pdmodel.interactive.annotation.handlers.CloudyBorder.getPolygonCloudRadius()",pdfbox/src/main/java/org/apache/pdfbox/pdmodel/interactive/annotation/handlers/CloudyBorder.java,,,,,,,,,,,,,,,,,,,,,,,,,3,5,0,4,1,1,1,1,1,1,2,1,1,1,1,1,1,,,,,,0,,0,25,1,1,1,1
Private Method,"org.apache.pdfbox.pdmodel.interactive.annotation.handlers.CloudyBorder.getPolygonDirection(Point2D.Double[])",pdfbox/src/main/java/org/apache/pdfbox/pdmodel/interactive/annotation/handlers/CloudyBorder.java,,,,,,,,,,,,,,,,,,,,,,,,,5,20,0,11,4,6,9,1,2,7,9,5,4,2,2,2,1,,,,,,1,,0,82,2,2,2,1
Private Method,"org.apache.pdfbox.pdmodel.interactive.annotation.handlers.CloudyBorder.getPositivePolygon(Point2D.Double[])",pdfbox/src/main/java/org/apache/pdfbox/pdmodel/interactive/annotation/handlers/CloudyBorder.java,,,,,,,,,,,,,,,,,,,,,,,,,2,12,0,7,1,2,5,2,2,1,3,1,2,2,2,2,1,,,,,,1,,0,71,2,2,2,1
Method,"org.apache.pdfbox.pdmodel.interactive.annotation.handlers.CloudyBorder.getRectDifference()",pdfbox/src/main/java/org/apache/pdfbox/pdmodel/interactive/annotation/handlers/CloudyBorder.java,,,,,,,,,,,,,,,,,,,,,,,,,10,22,3,14,7,9,5,6,2,8,10,7,7,3,3,3,1,,,,,,1,,0,36,3,3,3,1
Method,"org.apache.pdfbox.pdmodel.interactive.annotation.handlers.CloudyBorder.getRectangle()",pdfbox/src/main/java/org/apache/pdfbox/pdmodel/interactive/annotation/handlers/CloudyBorder.java,,,,,,,,,,,,,,,,,,,,,,,,,9,11,0,5,1,2,6,2,1,1,2,1,1,1,1,1,1,,,,,,0,,1,20,1,1,1,1
Private Method,"org.apache.pdfbox.pdmodel.interactive.annotation.handlers.CloudyBorder.lineTo(Point2D.Double)",pdfbox/src/main/java/org/apache/pdfbox/pdmodel/interactive/annotation/handlers/CloudyBorder.java,,,,,,,,,,,,,,,,,,,,,,,,,4,4,0,4,1,1,0,1,1,1,2,1,1,1,1,1,1,,,,,,0,,0,00,1,1,1,1
Private Method,"org.apache.pdfbox.pdmodel.interactive.annotation.handlers.CloudyBorder.lineTo(double,double)",pdfbox/src/main/java/org/apache/pdfbox/pdmodel/interactive/annotation/handlers/CloudyBorder.java,,,,,,,,,,,,,,,,,,,,,,,,,5,13,1,12,1,5,0,3,2,3,5,1,4,2,2,2,1,,,,,,1,,0,00,2,2,2,1
Private Method,"org.apache.pdfbox.pdmodel.interactive.annotation.handlers.CloudyBorder.moveTo(Point2D.Double)",pdfbox/src/main/java/org/apache/pdfbox/pdmodel/interactive/annotation/handlers/CloudyBorder.java,,,,,,,,,,,,,,,,,,,,,,,,,4,4,0,4,1,1,0,1,1,1,2,1,1,1,1,1,1,,,,,,0,,0,00,1,1,1,1
Private Method,"org.apache.pdfbox.pdmodel.interactive.annotation.handlers.CloudyBorder.moveTo(double,double)",pdfbox/src/main/java/org/apache/pdfbox/pdmodel/interactive/annotation/handlers/CloudyBorder.java,,,,,,,,,,,,,,,,,,,,,,,,,8,13,1,12,1,5,0,3,2,3,5,1,4,2,2,2,1,,,,,,1,,0,00,2,2,2,1
Private Method,"org.apache.pdfbox.pdmodel.interactive.annotation.handlers.CloudyBorder.outputCurlTemplate(Point2D.Double[],double,double)",pdfbox/src/main/java/org/apache/pdfbox/pdmodel/interactive/annotation/handlers/CloudyBorder.java,,,,,,,,,,,,,,,,,,,,,,,,,7,23,1,19,8,11,3,2,4,11,13,7,6,3,3,3,1,,,,,,1,,0,16,3,3,3,1
Private Method,"org.apache.pdfbox.pdmodel.interactive.annotation.handlers.CloudyBorder.removeZeroLengthSegments(Point2D.Double[])",pdfbox/src/main/java/org/apache/pdfbox/pdmodel/interactive/annotation/handlers/CloudyBorder.java,,,,,,,,,,,,,,,,,,,,,,,,,5,42,5,36,9,21,1,3,13,19,26,11,15,7,7,8,3,,,,,,2,,0,03,7,7,8,3
Private Method,"org.apache.pdfbox.pdmodel.interactive.annotation.handlers.CloudyBorder.reversePolygon(Point2D.Double[])",pdfbox/src/main/java/org/apache/pdfbox/pdmodel/interactive/annotation/handlers/CloudyBorder.java,,,,,,,,,,,,,,,,,,,,,,,,,3,13,0,13,6,8,0,1,2,9,11,7,4,2,2,2,1,,,,,,1,,0,00,2,2,2,1
Private Static Method,"org.apache.pdfbox.pdmodel.interactive.annotation.handlers.CloudyBorder.sine(double,double)",pdfbox/src/main/java/org/apache/pdfbox/pdmodel/interactive/annotation/handlers/CloudyBorder.java,,,,,,,,,,,,,,,,,,,,,,,,,4,8,0,8,1,3,0,2,2,2,4,1,3,2,2,2,1,,,,,,1,,0,00,2,2,2,1
Private Method,"org.apache.pdfbox.pdmodel.interactive.annotation.handlers.CloudyBorder.updateBBox(double,double)",pdfbox/src/main/java/org/apache/pdfbox/pdmodel/interactive/annotation/handlers/CloudyBorder.java,,,,,,,,,,,,,,,,,,,,,,,,,9,7,0,7,1,4,0,6,1,4,5,1,4,1,1,1,1,,,,,,0,,0,00,1,1,1,1
Public Abstract Class,"org.apache.pdfbox.pdmodel.interactive.annotation.handlers.PDAbstractAppearanceHandler",pdfbox/src/main/java/org/apache/pdfbox/pdmodel/interactive/annotation/handlers/PDAbstractAppearanceHandler.java,1,1,1,1,16,0,9,5,2,26,16,,3,4,,,25,3,28,40,18,6,2,2,,510,43,288,67,168,179,,,137,178,63,141,,,,,12,4,14,8,1,1,90,0,62,50,42,55,35
Public Constructor,"org.apache.pdfbox.pdmodel.interactive.annotation.handlers.PDAbstractAppearanceHandler.PDAbstractAppearanceHandler(PDAnnotation)",pdfbox/src/main/java/org/apache/pdfbox/pdmodel/interactive/annotation/handlers/PDAbstractAppearanceHandler.java,,,,,,,,,,,,,,,,,,,,,,,,,17,4,0,4,1,1,0,2,1,1,2,1,1,1,1,1,1,,,,,,0,,0,00,1,1,1,1
Public Constructor,"org.apache.pdfbox.pdmodel.interactive.annotation.handlers.PDAbstractAppearanceHandler.PDAbstractAppearanceHandler(PDAnnotation,PDDocument)",pdfbox/src/main/java/org/apache/pdfbox/pdmodel/interactive/annotation/handlers/PDAbstractAppearanceHandler.java,,,,,,,,,,,,,,,,,,,,,,,,,19,5,0,5,1,2,0,3,1,2,3,1,2,1,1,1,1,,,,,,0,,0,00,1,1,1,1
Method,"org.apache.pdfbox.pdmodel.interactive.annotation.handlers.PDAbstractAppearanceHandler.addRectDifferences(PDRectangle,float[])",pdfbox/src/main/java/org/apache/pdfbox/pdmodel/interactive/annotation/handlers/PDAbstractAppearanceHandler.java,,,,,,,,,,,,,,,,,,,,,,,,,4,23,1,11,1,6,11,6,2,2,4,1,3,2,2,3,1,,,,,,1,,1,00,2,2,3,1
Method,"org.apache.pdfbox.pdmodel.interactive.annotation.handlers.PDAbstractAppearanceHandler.applyRectDifferences(PDRectangle,float[])",pdfbox/src/main/java/org/apache/pdfbox/pdmodel/interactive/annotation/handlers/PDAbstractAppearanceHandler.java,,,,,,,,,,,,,,,,,,,,,,,,,5,22,0,11,1,6,11,6,2,2,4,1,3,2,2,3,1,,,,,,1,,1,00,2,2,3,1
Private Static Method,"org.apache.pdfbox.pdmodel.interactive.annotation.handlers.PDAbstractAppearanceHandler.createAngledStyles()",pdfbox/src/main/java/org/apache/pdfbox/pdmodel/interactive/annotation/handlers/PDAbstractAppearanceHandler.java,,,,,,,,,,,,,,,,,,,,,,,,,6,11,0,11,2,8,0,4,1,8,9,2,8,1,1,1,1,,,,,,0,,0,00,1,1,1,1
Protected Method,"org.apache.pdfbox.pdmodel.interactive.annotation.handlers.PDAbstractAppearanceHandler.createCOSStream()",pdfbox/src/main/java/org/apache/pdfbox/pdmodel/interactive/annotation/handlers/PDAbstractAppearanceHandler.java,,,,,,,,,,,,,,,,,,,,,,,,,6,4,0,4,1,1,0,4,1,1,2,1,1,2,2,2,1,,,,,,0,,0,00,2,2,2,1
Private Static Method,"org.apache.pdfbox.pdmodel.interactive.annotation.handlers.PDAbstractAppearanceHandler.createInteriorColorStyles()",pdfbox/src/main/java/org/apache/pdfbox/pdmodel/interactive/annotation/handlers/PDAbstractAppearanceHandler.java,,,,,,,,,,,,,,,,,,,,,,,,,5,10,0,10,2,7,0,4,1,7,8,2,7,1,1,1,1,,,,,,0,,0,00,1,1,1,1
Private Static Method,"org.apache.pdfbox.pdmodel.interactive.annotation.handlers.PDAbstractAppearanceHandler.createShortStyles()",pdfbox/src/main/java/org/apache/pdfbox/pdmodel/interactive/annotation/handlers/PDAbstractAppearanceHandler.java,,,,,,,,,,,,,,,,,,,,,,,,,5,10,0,10,2,7,0,4,1,7,8,2,7,1,1,1,1,,,,,,0,,0,00,1,1,1,1
Method,"org.apache.pdfbox.pdmodel.interactive.annotation.handlers.PDAbstractAppearanceHandler.drawArrow(PDAppearanceContentStream,float,float,float)",pdfbox/src/main/java/org/apache/pdfbox/pdmodel/interactive/annotation/handlers/PDAbstractAppearanceHandler.java,,,,,,,,,,,,,,,,,,,,,,,,,6,22,0,8,3,5,14,4,1,5,6,3,5,1,1,1,1,,,,,,0,,1,75,1,1,1,1
Method,"org.apache.pdfbox.pdmodel.interactive.annotation.handlers.PDAbstractAppearanceHandler.drawCircle(PDAppearanceContentStream,float,float,float)",pdfbox/src/main/java/org/apache/pdfbox/pdmodel/interactive/annotation/handlers/PDAbstractAppearanceHandler.java,,,,,,,,,,,,,,,,,,,,,,,,,8,21,0,10,2,7,11,3,1,7,8,2,6,1,1,1,1,,,,,,0,,1,10,1,1,1,1
Method,"org.apache.pdfbox.pdmodel.interactive.annotation.handlers.PDAbstractAppearanceHandler.drawCircle2(PDAppearanceContentStream,float,float,float)",pdfbox/src/main/java/org/apache/pdfbox/pdmodel/interactive/annotation/handlers/PDAbstractAppearanceHandler.java,,,,,,,,,,,,,,,,,,,,,,,,,8,22,0,10,2,7,12,3,1,7,8,2,6,1,1,1,1,,,,,,0,,1,20,1,1,1,1
Method,"org.apache.pdfbox.pdmodel.interactive.annotation.handlers.PDAbstractAppearanceHandler.drawDiamond(PDAppearanceContentStream,float,float,float)",pdfbox/src/main/java/org/apache/pdfbox/pdmodel/interactive/annotation/handlers/PDAbstractAppearanceHandler.java,,,,,,,,,,,,,,,,,,,,,,,,,5,18,0,8,1,5,10,3,1,5,6,1,5,1,1,1,1,,,,,,0,,1,25,1,1,1,1
Method,"org.apache.pdfbox.pdmodel.interactive.annotation.handlers.PDAbstractAppearanceHandler.drawStyle(String,PDAppearanceContentStream,float,float,float,boolean,boolean,boolean)",pdfbox/src/main/java/org/apache/pdfbox/pdmodel/interactive/annotation/handlers/PDAbstractAppearanceHandler.java,,,,,,,,,,,,,,,,,,,,,,,,,21,63,0,45,4,37,18,13,15,21,24,3,21,12,4,14,8,,,,,,1,,0,40,12,4,14,8
Method,"org.apache.pdfbox.pdmodel.interactive.annotation.handlers.PDAbstractAppearanceHandler.getAnnotation()",pdfbox/src/main/java/org/apache/pdfbox/pdmodel/interactive/annotation/handlers/PDAbstractAppearanceHandler.java,,,,,,,,,,,,,,,,,,,,,,,,,21,4,0,4,1,1,0,1,1,1,2,1,1,1,1,1,1,,,,,,0,,0,00,1,1,1,1
Method,"org.apache.pdfbox.pdmodel.interactive.annotation.handlers.PDAbstractAppearanceHandler.getAppearance()",pdfbox/src/main/java/org/apache/pdfbox/pdmodel/interactive/annotation/handlers/PDAbstractAppearanceHandler.java,,,,,,,,,,,,,,,,,,,,,,,,,4,19,0,10,2,5,9,4,2,4,6,2,5,2,2,2,1,,,,,,1,,0,90,2,2,2,1
Private Method,"org.apache.pdfbox.pdmodel.interactive.annotation.handlers.PDAbstractAppearanceHandler.getAppearanceEntryAsContentStream(PDAppearanceEntry,boolean)",pdfbox/src/main/java/org/apache/pdfbox/pdmodel/interactive/annotation/handlers/PDAbstractAppearanceHandler.java,,,,,,,,,,,,,,,,,,,,,,,,,3,16,2,13,4,7,1,7,2,6,8,3,7,2,2,2,1,,,,,,1,,0,08,2,2,2,1
Method,"org.apache.pdfbox.pdmodel.interactive.annotation.handlers.PDAbstractAppearanceHandler.getColor()",pdfbox/src/main/java/org/apache/pdfbox/pdmodel/interactive/annotation/handlers/PDAbstractAppearanceHandler.java,,,,,,,,,,,,,,,,,,,,,,,,,6,4,0,4,1,1,0,2,1,1,2,1,1,1,1,1,1,,,,,,0,,0,00,1,1,1,1
Protected Method,"org.apache.pdfbox.pdmodel.interactive.annotation.handlers.PDAbstractAppearanceHandler.getDefaultFont()",pdfbox/src/main/java/org/apache/pdfbox/pdmodel/interactive/annotation/handlers/PDAbstractAppearanceHandler.java,,,,,,,,,,,,,,,,,,,,,,,,,4,8,0,8,1,3,0,3,2,2,4,1,3,2,2,2,1,,,,,,1,,0,00,2,2,2,1
Method,"org.apache.pdfbox.pdmodel.interactive.annotation.handlers.PDAbstractAppearanceHandler.getDownAppearance()",pdfbox/src/main/java/org/apache/pdfbox/pdmodel/interactive/annotation/handlers/PDAbstractAppearanceHandler.java,,,,,,,,,,,,,,,,,,,,,,,,,0,22,2,11,3,6,9,7,2,5,7,3,6,2,2,2,1,,,,,,1,,0,82,2,2,2,1
Private Method,"org.apache.pdfbox.pdmodel.interactive.annotation.handlers.PDAbstractAppearanceHandler.getNormalAppearance()",pdfbox/src/main/java/org/apache/pdfbox/pdmodel/interactive/annotation/handlers/PDAbstractAppearanceHandler.java,,,,,,,,,,,,,,,,,,,,,,,,,1,22,2,11,3,6,9,7,2,5,7,3,6,2,2,3,1,,,,,,1,,0,82,2,2,3,1
Method,"org.apache.pdfbox.pdmodel.interactive.annotation.handlers.PDAbstractAppearanceHandler.getNormalAppearanceAsContentStream()",pdfbox/src/main/java/org/apache/pdfbox/pdmodel/interactive/annotation/handlers/PDAbstractAppearanceHandler.java,,,,,,,,,,,,,,,,,,,,,,,,,14,14,0,4,1,1,10,2,1,1,2,1,1,1,1,1,1,,,,,,0,,2,50,1,1,1,1
Method,"org.apache.pdfbox.pdmodel.interactive.annotation.handlers.PDAbstractAppearanceHandler.getNormalAppearanceAsContentStream(boolean)",pdfbox/src/main/java/org/apache/pdfbox/pdmodel/interactive/annotation/handlers/PDAbstractAppearanceHandler.java,,,,,,,,,,,,,,,,,,,,,,,,,3,16,0,5,2,2,11,3,1,2,3,2,2,1,1,1,1,,,,,,0,,2,20,1,1,1,1
Method,"org.apache.pdfbox.pdmodel.interactive.annotation.handlers.PDAbstractAppearanceHandler.getPaddedRectangle(PDRectangle,float)",pdfbox/src/main/java/org/apache/pdfbox/pdmodel/interactive/annotation/handlers/PDAbstractAppearanceHandler.java,,,,,,,,,,,,,,,,,,,,,,,,,5,14,0,5,1,2,9,6,1,1,2,1,1,1,1,1,1,,,,,,0,,1,80,1,1,1,1
Method,"org.apache.pdfbox.pdmodel.interactive.annotation.handlers.PDAbstractAppearanceHandler.getRectangle()",pdfbox/src/main/java/org/apache/pdfbox/pdmodel/interactive/annotation/handlers/PDAbstractAppearanceHandler.java,,,,,,,,,,,,,,,,,,,,,,,,,11,4,0,4,1,1,0,2,1,1,2,1,1,1,1,1,1,,,,,,0,,0,00,1,1,1,1
Method,"org.apache.pdfbox.pdmodel.interactive.annotation.handlers.PDAbstractAppearanceHandler.getRolloverAppearance()",pdfbox/src/main/java/org/apache/pdfbox/pdmodel/interactive/annotation/handlers/PDAbstractAppearanceHandler.java,,,,,,,,,,,,,,,,,,,,,,,,,0,22,2,11,3,6,9,7,2,5,7,3,6,2,2,2,1,,,,,,1,,0,82,2,2,2,1
Method,"org.apache.pdfbox.pdmodel.interactive.annotation.handlers.PDAbstractAppearanceHandler.handleBorderBox(PDAnnotationSquareCircle,float)",pdfbox/src/main/java/org/apache/pdfbox/pdmodel/interactive/annotation/handlers/PDAbstractAppearanceHandler.java,,,,,,,,,,,,,,,,,,,,,,,,,5,32,0,23,7,14,9,14,2,13,15,6,13,2,2,2,1,,,,,,1,,0,39,2,2,2,1
Method,"org.apache.pdfbox.pdmodel.interactive.annotation.handlers.PDAbstractAppearanceHandler.setOpacity(PDAppearanceContentStream,float)",pdfbox/src/main/java/org/apache/pdfbox/pdmodel/interactive/annotation/handlers/PDAbstractAppearanceHandler.java,,,,,,,,,,,,,,,,,,,,,,,,,15,11,1,10,2,5,0,4,2,4,6,2,5,2,2,2,1,,,,,,1,,0,00,2,2,2,1
Private Method,"org.apache.pdfbox.pdmodel.interactive.annotation.handlers.PDAbstractAppearanceHandler.setTransformationMatrix(PDAppearanceStream)",pdfbox/src/main/java/org/apache/pdfbox/pdmodel/interactive/annotation/handlers/PDAbstractAppearanceHandler.java,,,,,,,,,,,,,,,,,,,,,,,,,2,8,0,8,4,5,0,6,1,4,5,3,4,1,1,1,1,,,,,,0,,0,00,1,1,1,1
Public Interface,"org.apache.pdfbox.pdmodel.interactive.annotation.handlers.PDAppearanceHandler",pdfbox/src/main/java/org/apache/pdfbox/pdmodel/interactive/annotation/handlers/PDAppearanceHandler.java,1,1,1,1,6,0,6,0,0,0,1,,0,0,,,4,0,4,4,4,0,0,0,,15,3,12,5,3,0,,,6,8,5,3,,,,,1,1,1,1,0,0,0,0,00,1,1,1,1
Method,"org.apache.pdfbox.pdmodel.interactive.annotation.handlers.PDAppearanceHandler.generateAppearanceStreams()",pdfbox/src/main/java/org/apache/pdfbox/pdmodel/interactive/annotation/handlers/PDAppearanceHandler.java,,,,,,,,,,,,,,,,,,,,,,,,,16,6,0,6,1,3,0,3,1,3,4,1,3,1,1,1,1,,,,,,0,,0,00,1,1,1,1
Abstract Method,"org.apache.pdfbox.pdmodel.interactive.annotation.handlers.PDAppearanceHandler.generateDownAppearance()",pdfbox/src/main/java/org/apache/pdfbox/pdmodel/interactive/annotation/handlers/PDAppearanceHandler.java,,,,,,,,,,,,,,,,,,,,,,,,,1,1,0,1,1,0,0,0,0,1,1,1,0,0,0,0,0,,,,,,0,,0,00,0,0,0,0
Abstract Method,"org.apache.pdfbox.pdmodel.interactive.annotation.handlers.PDAppearanceHandler.generateNormalAppearance()",pdfbox/src/main/java/org/apache/pdfbox/pdmodel/interactive/annotation/handlers/PDAppearanceHandler.java,,,,,,,,,,,,,,,,,,,,,,,,,1,1,0,1,1,0,0,0,0,1,1,1,0,0,0,0,0,,,,,,0,,0,00,0,0,0,0
Abstract Method,"org.apache.pdfbox.pdmodel.interactive.annotation.handlers.PDAppearanceHandler.generateRolloverAppearance()",pdfbox/src/main/java/org/apache/pdfbox/pdmodel/interactive/annotation/handlers/PDAppearanceHandler.java,,,,,,,,,,,,,,,,,,,,,,,,,1,1,0,1,1,0,0,0,0,1,1,1,0,0,0,0,0,,,,,,0,,0,00,0,0,0,0
Public Class,"org.apache.pdfbox.pdmodel.interactive.annotation.handlers.PDCaretAppearanceHandler",pdfbox/src/main/java/org/apache/pdfbox/pdmodel/interactive/annotation/handlers/PDCaretAppearanceHandler.java,1,1,1,1,14,0,11,2,1,17,0,,0,1,,,5,0,5,45,0,0,0,5,,83,8,60,19,34,15,,,26,34,15,28,,,,,3,3,3,1,2,2,0,0,25,7,7,7,5
Public Constructor,"org.apache.pdfbox.pdmodel.interactive.annotation.handlers.PDCaretAppearanceHandler.PDCaretAppearanceHandler(PDAnnotation)",pdfbox/src/main/java/org/apache/pdfbox/pdmodel/interactive/annotation/handlers/PDCaretAppearanceHandler.java,,,,,,,,,,,,,,,,,,,,,,,,,1,4,0,4,1,1,0,2,1,1,2,1,1,1,1,1,1,,,,,,0,,0,00,1,1,1,1
Public Constructor,"org.apache.pdfbox.pdmodel.interactive.annotation.handlers.PDCaretAppearanceHandler.PDCaretAppearanceHandler(PDAnnotation,PDDocument)",pdfbox/src/main/java/org/apache/pdfbox/pdmodel/interactive/annotation/handlers/PDCaretAppearanceHandler.java,,,,,,,,,,,,,,,,,,,,,,,,,3,4,0,4,1,1,0,2,1,1,2,1,1,1,1,1,1,,,,,,0,,0,00,1,1,1,1
Public Method,"org.apache.pdfbox.pdmodel.interactive.annotation.handlers.PDCaretAppearanceHandler.generateDownAppearance()",pdfbox/src/main/java/org/apache/pdfbox/pdmodel/interactive/annotation/handlers/PDCaretAppearanceHandler.java,,,,,,,,,,,,,,,,,,,,,,,,,0,5,0,4,2,0,1,0,1,0,1,1,0,1,1,1,1,,,,,,0,,0,25,1,1,1,1
Public Method,"org.apache.pdfbox.pdmodel.interactive.annotation.handlers.PDCaretAppearanceHandler.generateNormalAppearance()",pdfbox/src/main/java/org/apache/pdfbox/pdmodel/interactive/annotation/handlers/PDCaretAppearanceHandler.java,,,,,,,,,,,,,,,,,,,,,,,,,3,52,3,41,11,31,8,30,3,23,26,9,25,3,3,3,1,,,,,,2,,0,20,3,3,3,1
Public Method,"org.apache.pdfbox.pdmodel.interactive.annotation.handlers.PDCaretAppearanceHandler.generateRolloverAppearance()",pdfbox/src/main/java/org/apache/pdfbox/pdmodel/interactive/annotation/handlers/PDCaretAppearanceHandler.java,,,,,,,,,,,,,,,,,,,,,,,,,0,5,0,4,2,0,1,0,1,0,1,1,0,1,1,1,1,,,,,,0,,0,25,1,1,1,1
Public Class,"org.apache.pdfbox.pdmodel.interactive.annotation.handlers.PDCircleAppearanceHandler",pdfbox/src/main/java/org/apache/pdfbox/pdmodel/interactive/annotation/handlers/PDCircleAppearanceHandler.java,1,1,2,1,19,1,14,3,1,22,0,,0,1,,,6,0,6,46,1,0,0,5,,136,17,89,34,51,30,,,42,54,29,46,,,,,4,4,4,4,2,2,0,0,34,11,11,12,9
Public Constructor,"org.apache.pdfbox.pdmodel.interactive.annotation.handlers.PDCircleAppearanceHandler.PDCircleAppearanceHandler(PDAnnotation)",pdfbox/src/main/java/org/apache/pdfbox/pdmodel/interactive/annotation/handlers/PDCircleAppearanceHandler.java,,,,,,,,,,,,,,,,,,,,,,,,,1,4,0,4,1,1,0,2,1,1,2,1,1,1,1,1,1,,,,,,0,,0,00,1,1,1,1
Public Constructor,"org.apache.pdfbox.pdmodel.interactive.annotation.handlers.PDCircleAppearanceHandler.PDCircleAppearanceHandler(PDAnnotation,PDDocument)",pdfbox/src/main/java/org/apache/pdfbox/pdmodel/interactive/annotation/handlers/PDCircleAppearanceHandler.java,,,,,,,,,,,,,,,,,,,,,,,,,3,4,0,4,1,1,0,2,1,1,2,1,1,1,1,1,1,,,,,,0,,0,00,1,1,1,1
Public Method,"org.apache.pdfbox.pdmodel.interactive.annotation.handlers.PDCircleAppearanceHandler.generateDownAppearance()",pdfbox/src/main/java/org/apache/pdfbox/pdmodel/interactive/annotation/handlers/PDCircleAppearanceHandler.java,,,,,,,,,,,,,,,,,,,,,,,,,0,5,0,4,2,0,1,0,1,0,1,1,0,1,1,1,1,,,,,,0,,0,25,1,1,1,1
Public Method,"org.apache.pdfbox.pdmodel.interactive.annotation.handlers.PDCircleAppearanceHandler.generateNormalAppearance()",pdfbox/src/main/java/org/apache/pdfbox/pdmodel/interactive/annotation/handlers/PDCircleAppearanceHandler.java,,,,,,,,,,,,,,,,,,,,,,,,,3,66,7,50,21,38,9,41,3,32,35,18,33,3,3,4,1,,,,,,2,,0,18,3,3,4,1
Public Method,"org.apache.pdfbox.pdmodel.interactive.annotation.handlers.PDCircleAppearanceHandler.generateRolloverAppearance()",pdfbox/src/main/java/org/apache/pdfbox/pdmodel/interactive/annotation/handlers/PDCircleAppearanceHandler.java,,,,,,,,,,,,,,,,,,,,,,,,,0,5,0,4,2,0,1,0,1,0,1,1,0,1,1,1,1,,,,,,0,,0,25,1,1,1,1
Method,"org.apache.pdfbox.pdmodel.interactive.annotation.handlers.PDCircleAppearanceHandler.getLineWidth()",pdfbox/src/main/java/org/apache/pdfbox/pdmodel/interactive/annotation/handlers/PDCircleAppearanceHandler.java,,,,,,,,,,,,,,,,,,,,,,,,,1,33,4,19,5,10,10,8,4,7,11,5,10,4,4,4,4,,,,,,2,,0,53,4,4,4,4
Public Class,"org.apache.pdfbox.pdmodel.interactive.annotation.handlers.PDFileAttachmentAppearanceHandler",pdfbox/src/main/java/org/apache/pdfbox/pdmodel/interactive/annotation/handlers/PDFileAttachmentAppearanceHandler.java,1,1,1,1,13,0,11,2,1,13,0,,0,1,,,6,0,6,46,0,1,0,5,,96,9,71,14,43,16,,,41,49,11,41,,,,,2,2,2,1,2,1,0,0,23,7,7,7,6
Public Constructor,"org.apache.pdfbox.pdmodel.interactive.annotation.handlers.PDFileAttachmentAppearanceHandler.PDFileAttachmentAppearanceHandler(PDAnnotation)",pdfbox/src/main/java/org/apache/pdfbox/pdmodel/interactive/annotation/handlers/PDFileAttachmentAppearanceHandler.java,,,,,,,,,,,,,,,,,,,,,,,,,1,4,0,4,1,1,0,2,1,1,2,1,1,1,1,1,1,,,,,,0,,0,00,1,1,1,1
Public Constructor,"org.apache.pdfbox.pdmodel.interactive.annotation.handlers.PDFileAttachmentAppearanceHandler.PDFileAttachmentAppearanceHandler(PDAnnotation,PDDocument)",pdfbox/src/main/java/org/apache/pdfbox/pdmodel/interactive/annotation/handlers/PDFileAttachmentAppearanceHandler.java,,,,,,,,,,,,,,,,,,,,,,,,,3,4,0,4,1,1,0,2,1,1,2,1,1,1,1,1,1,,,,,,0,,0,00,1,1,1,1
Private Method,"org.apache.pdfbox.pdmodel.interactive.annotation.handlers.PDFileAttachmentAppearanceHandler.drawPaperclip(PDAppearanceContentStream)",pdfbox/src/main/java/org/apache/pdfbox/pdmodel/interactive/annotation/handlers/PDFileAttachmentAppearanceHandler.java,,,,,,,,,,,,,,,,,,,,,,,,,2,39,0,31,1,28,8,5,1,28,29,1,28,1,1,1,1,,,,,,0,,0,26,1,1,1,1
Public Method,"org.apache.pdfbox.pdmodel.interactive.annotation.handlers.PDFileAttachmentAppearanceHandler.generateDownAppearance()",pdfbox/src/main/java/org/apache/pdfbox/pdmodel/interactive/annotation/handlers/PDFileAttachmentAppearanceHandler.java,,,,,,,,,,,,,,,,,,,,,,,,,0,5,0,4,2,0,1,0,1,0,1,1,0,1,1,1,1,,,,,,0,,0,25,1,1,1,1
Public Method,"org.apache.pdfbox.pdmodel.interactive.annotation.handlers.PDFileAttachmentAppearanceHandler.generateNormalAppearance()",pdfbox/src/main/java/org/apache/pdfbox/pdmodel/interactive/annotation/handlers/PDFileAttachmentAppearanceHandler.java,,,,,,,,,,,,,,,,,,,,,,,,,2,25,3,20,5,12,2,15,2,10,12,4,10,2,2,2,1,,,,,,1,,0,10,2,2,2,1
Public Method,"org.apache.pdfbox.pdmodel.interactive.annotation.handlers.PDFileAttachmentAppearanceHandler.generateRolloverAppearance()",pdfbox/src/main/java/org/apache/pdfbox/pdmodel/interactive/annotation/handlers/PDFileAttachmentAppearanceHandler.java,,,,,,,,,,,,,,,,,,,,,,,,,0,5,0,4,2,0,1,0,1,0,1,1,0,1,1,1,1,,,,,,0,,0,25,1,1,1,1
Public Class,"org.apache.pdfbox.pdmodel.interactive.annotation.handlers.PDFreeTextAppearanceHandler",pdfbox/src/main/java/org/apache/pdfbox/pdmodel/interactive/annotation/handlers/PDFreeTextAppearanceHandler.java,7,7,9,1,61,2,51,7,1,48,0,,0,2,,,7,2,7,47,0,2,0,5,,452,27,368,84,231,57,,,170,219,81,177,,,,,30,27,37,1,2,5,71,0,15,55,50,65,7
Public Constructor,"org.apache.pdfbox.pdmodel.interactive.annotation.handlers.PDFreeTextAppearanceHandler.PDFreeTextAppearanceHandler(PDAnnotation)",pdfbox/src/main/java/org/apache/pdfbox/pdmodel/interactive/annotation/handlers/PDFreeTextAppearanceHandler.java,,,,,,,,,,,,,,,,,,,,,,,,,1,4,0,4,1,1,0,2,1,1,2,1,1,1,1,1,1,,,,,,0,,0,00,1,1,1,1
Public Constructor,"org.apache.pdfbox.pdmodel.interactive.annotation.handlers.PDFreeTextAppearanceHandler.PDFreeTextAppearanceHandler(PDAnnotation,PDDocument)",pdfbox/src/main/java/org/apache/pdfbox/pdmodel/interactive/annotation/handlers/PDFreeTextAppearanceHandler.java,,,,,,,,,,,,,,,,,,,,,,,,,3,4,0,4,1,1,0,2,1,1,2,1,1,1,1,1,1,,,,,,0,,0,00,1,1,1,1
Private Method,"org.apache.pdfbox.pdmodel.interactive.annotation.handlers.PDFreeTextAppearanceHandler.extractFontDetails(PDAnnotationFreeText)",pdfbox/src/main/java/org/apache/pdfbox/pdmodel/interactive/annotation/handlers/PDFreeTextAppearanceHandler.java,,,,,,,,,,,,,,,,,,,,,,,,,7,58,1,56,9,29,1,17,66,19,30,10,28,11,11,12,1,,,,,,4,,0,02,11,11,12,1
Private Method,"org.apache.pdfbox.pdmodel.interactive.annotation.handlers.PDFreeTextAppearanceHandler.extractNonStrokingColor(PDAnnotationFreeText)",pdfbox/src/main/java/org/apache/pdfbox/pdmodel/interactive/annotation/handlers/PDFreeTextAppearanceHandler.java,,,,,,,,,,,,,,,,,,,,,,,,,11,65,2,58,9,37,5,12,22,24,32,10,28,10,8,12,1,,,,,,4,,0,09,10,8,12,1
Public Method,"org.apache.pdfbox.pdmodel.interactive.annotation.handlers.PDFreeTextAppearanceHandler.generateDownAppearance()",pdfbox/src/main/java/org/apache/pdfbox/pdmodel/interactive/annotation/handlers/PDFreeTextAppearanceHandler.java,,,,,,,,,,,,,,,,,,,,,,,,,0,5,0,4,2,0,1,0,1,0,1,1,0,1,1,1,1,,,,,,0,,0,25,1,1,1,1
Public Method,"org.apache.pdfbox.pdmodel.interactive.annotation.handlers.PDFreeTextAppearanceHandler.generateNormalAppearance()",pdfbox/src/main/java/org/apache/pdfbox/pdmodel/interactive/annotation/handlers/PDFreeTextAppearanceHandler.java,,,,,,,,,,,,,,,,,,,,,,,,,19,291,15,230,54,159,46,97,388803,121,146,52,117,30,27,37,1,,,,,,5,,0,20,30,27,37,1
Public Method,"org.apache.pdfbox.pdmodel.interactive.annotation.handlers.PDFreeTextAppearanceHandler.generateRolloverAppearance()",pdfbox/src/main/java/org/apache/pdfbox/pdmodel/interactive/annotation/handlers/PDFreeTextAppearanceHandler.java,,,,,,,,,,,,,,,,,,,,,,,,,0,5,0,4,2,0,1,0,1,0,1,1,0,1,1,1,1,,,,,,0,,0,25,1,1,1,1
Public Class,"org.apache.pdfbox.pdmodel.interactive.annotation.handlers.PDHighlightAppearanceHandler",pdfbox/src/main/java/org/apache/pdfbox/pdmodel/interactive/annotation/handlers/PDHighlightAppearanceHandler.java,3,3,5,1,36,1,30,4,1,25,0,,0,1,,,5,0,5,45,0,0,0,5,,194,14,154,31,97,26,,,68,89,29,72,,,,,14,14,21,4,2,4,0,0,17,18,18,25,8
Public Constructor,"org.apache.pdfbox.pdmodel.interactive.annotation.handlers.PDHighlightAppearanceHandler.PDHighlightAppearanceHandler(PDAnnotation)",pdfbox/src/main/java/org/apache/pdfbox/pdmodel/interactive/annotation/handlers/PDHighlightAppearanceHandler.java,,,,,,,,,,,,,,,,,,,,,,,,,1,4,0,4,1,1,0,2,1,1,2,1,1,1,1,1,1,,,,,,0,,0,00,1,1,1,1
Public Constructor,"org.apache.pdfbox.pdmodel.interactive.annotation.handlers.PDHighlightAppearanceHandler.PDHighlightAppearanceHandler(PDAnnotation,PDDocument)",pdfbox/src/main/java/org/apache/pdfbox/pdmodel/interactive/annotation/handlers/PDHighlightAppearanceHandler.java,,,,,,,,,,,,,,,,,,,,,,,,,3,4,0,4,1,1,0,2,1,1,2,1,1,1,1,1,1,,,,,,0,,0,00,1,1,1,1
Public Method,"org.apache.pdfbox.pdmodel.interactive.annotation.handlers.PDHighlightAppearanceHandler.generateDownAppearance()",pdfbox/src/main/java/org/apache/pdfbox/pdmodel/interactive/annotation/handlers/PDHighlightAppearanceHandler.java,,,,,,,,,,,,,,,,,,,,,,,,,0,5,0,4,2,0,1,0,1,0,1,1,0,1,1,1,1,,,,,,0,,0,25,1,1,1,1
Public Method,"org.apache.pdfbox.pdmodel.interactive.annotation.handlers.PDHighlightAppearanceHandler.generateNormalAppearance()",pdfbox/src/main/java/org/apache/pdfbox/pdmodel/interactive/annotation/handlers/PDHighlightAppearanceHandler.java,,,,,,,,,,,,,,,,,,,,,,,,,10,163,9,134,23,94,20,43,119,65,81,23,69,14,14,21,4,,,,,,4,,0,15,14,14,21,4
Public Method,"org.apache.pdfbox.pdmodel.interactive.annotation.handlers.PDHighlightAppearanceHandler.generateRolloverAppearance()",pdfbox/src/main/java/org/apache/pdfbox/pdmodel/interactive/annotation/handlers/PDHighlightAppearanceHandler.java,,,,,,,,,,,,,,,,,,,,,,,,,0,5,0,4,2,0,1,0,1,0,1,1,0,1,1,1,1,,,,,,0,,0,25,1,1,1,1
Public Class,"org.apache.pdfbox.pdmodel.interactive.annotation.handlers.PDInkAppearanceHandler",pdfbox/src/main/java/org/apache/pdfbox/pdmodel/interactive/annotation/handlers/PDInkAppearanceHandler.java,3,3,3,1,20,1,18,1,1,16,0,,0,1,,,5,0,5,45,0,0,0,5,,116,11,93,24,49,12,,,41,59,25,39,,,,,11,11,12,4,2,4,0,0,13,15,15,16,8
Public Constructor,"org.apache.pdfbox.pdmodel.interactive.annotation.handlers.PDInkAppearanceHandler.PDInkAppearanceHandler(PDAnnotation)",pdfbox/src/main/java/org/apache/pdfbox/pdmodel/interactive/annotation/handlers/PDInkAppearanceHandler.java,,,,,,,,,,,,,,,,,,,,,,,,,1,4,0,4,1,1,0,2,1,1,2,1,1,1,1,1,1,,,,,,0,,0,00,1,1,1,1
Public Constructor,"org.apache.pdfbox.pdmodel.interactive.annotation.handlers.PDInkAppearanceHandler.PDInkAppearanceHandler(PDAnnotation,PDDocument)",pdfbox/src/main/java/org/apache/pdfbox/pdmodel/interactive/annotation/handlers/PDInkAppearanceHandler.java,,,,,,,,,,,,,,,,,,,,,,,,,3,4,0,4,1,1,0,2,1,1,2,1,1,1,1,1,1,,,,,,0,,0,00,1,1,1,1
Public Method,"org.apache.pdfbox.pdmodel.interactive.annotation.handlers.PDInkAppearanceHandler.generateDownAppearance()",pdfbox/src/main/java/org/apache/pdfbox/pdmodel/interactive/annotation/handlers/PDInkAppearanceHandler.java,,,,,,,,,,,,,,,,,,,,,,,,,0,5,0,4,2,0,1,0,1,0,1,1,0,1,1,1,1,,,,,,0,,0,25,1,1,1,1
Public Method,"org.apache.pdfbox.pdmodel.interactive.annotation.handlers.PDInkAppearanceHandler.generateNormalAppearance()",pdfbox/src/main/java/org/apache/pdfbox/pdmodel/interactive/annotation/handlers/PDInkAppearanceHandler.java,,,,,,,,,,,,,,,,,,,,,,,,,7,86,6,74,16,46,6,29,32,38,51,19,36,11,11,12,4,,,,,,4,,0,08,11,11,12,4
Public Method,"org.apache.pdfbox.pdmodel.interactive.annotation.handlers.PDInkAppearanceHandler.generateRolloverAppearance()",pdfbox/src/main/java/org/apache/pdfbox/pdmodel/interactive/annotation/handlers/PDInkAppearanceHandler.java,,,,,,,,,,,,,,,,,,,,,,,,,0,5,0,4,2,0,1,0,1,0,1,1,0,1,1,1,1,,,,,,0,,0,25,1,1,1,1
Public Class,"org.apache.pdfbox.pdmodel.interactive.annotation.handlers.PDLineAppearanceHandler",pdfbox/src/main/java/org/apache/pdfbox/pdmodel/interactive/annotation/handlers/PDLineAppearanceHandler.java,5,5,6,1,58,5,42,10,1,21,0,,0,2,,,5,0,5,45,0,0,0,5,,307,33,217,47,131,57,,,101,129,45,106,,,,,24,24,26,4,2,3,0,0,26,28,28,30,8
Public Constructor,"org.apache.pdfbox.pdmodel.interactive.annotation.handlers.PDLineAppearanceHandler.PDLineAppearanceHandler(PDAnnotation)",pdfbox/src/main/java/org/apache/pdfbox/pdmodel/interactive/annotation/handlers/PDLineAppearanceHandler.java,,,,,,,,,,,,,,,,,,,,,,,,,1,4,0,4,1,1,0,2,1,1,2,1,1,1,1,1,1,,,,,,0,,0,00,1,1,1,1
Public Constructor,"org.apache.pdfbox.pdmodel.interactive.annotation.handlers.PDLineAppearanceHandler.PDLineAppearanceHandler(PDAnnotation,PDDocument)",pdfbox/src/main/java/org/apache/pdfbox/pdmodel/interactive/annotation/handlers/PDLineAppearanceHandler.java,,,,,,,,,,,,,,,,,,,,,,,,,3,4,0,4,1,1,0,2,1,1,2,1,1,1,1,1,1,,,,,,0,,0,00,1,1,1,1
Public Method,"org.apache.pdfbox.pdmodel.interactive.annotation.handlers.PDLineAppearanceHandler.generateDownAppearance()",pdfbox/src/main/java/org/apache/pdfbox/pdmodel/interactive/annotation/handlers/PDLineAppearanceHandler.java,,,,,,,,,,,,,,,,,,,,,,,,,0,5,0,4,2,0,1,0,1,0,1,1,0,1,1,1,1,,,,,,0,,0,25,1,1,1,1
Public Method,"org.apache.pdfbox.pdmodel.interactive.annotation.handlers.PDLineAppearanceHandler.generateNormalAppearance()",pdfbox/src/main/java/org/apache/pdfbox/pdmodel/interactive/annotation/handlers/PDLineAppearanceHandler.java,,,,,,,,,,,,,,,,,,,,,,,,,12,275,27,196,38,127,52,61,19591,97,120,38,103,24,24,26,4,,,,,,3,,0,27,24,24,26,4
Public Method,"org.apache.pdfbox.pdmodel.interactive.annotation.handlers.PDLineAppearanceHandler.generateRolloverAppearance()",pdfbox/src/main/java/org/apache/pdfbox/pdmodel/interactive/annotation/handlers/PDLineAppearanceHandler.java,,,,,,,,,,,,,,,,,,,,,,,,,0,5,0,4,2,0,1,0,1,0,1,1,0,1,1,1,1,,,,,,0,,0,25,1,1,1,1
Public Class,"org.apache.pdfbox.pdmodel.interactive.annotation.handlers.PDLinkAppearanceHandler",pdfbox/src/main/java/org/apache/pdfbox/pdmodel/interactive/annotation/handlers/PDLinkAppearanceHandler.java,3,3,3,2,24,2,18,3,1,18,0,,0,1,,,6,0,6,46,1,0,0,5,,163,18,116,25,62,29,,,46,67,23,57,,,,,12,12,12,6,2,4,0,0,25,20,20,20,14
Public Constructor,"org.apache.pdfbox.pdmodel.interactive.annotation.handlers.PDLinkAppearanceHandler.PDLinkAppearanceHandler(PDAnnotation)",pdfbox/src/main/java/org/apache/pdfbox/pdmodel/interactive/annotation/handlers/PDLinkAppearanceHandler.java,,,,,,,,,,,,,,,,,,,,,,,,,1,4,0,4,1,1,0,2,1,1,2,1,1,1,1,1,1,,,,,,0,,0,00,1,1,1,1
Public Constructor,"org.apache.pdfbox.pdmodel.interactive.annotation.handlers.PDLinkAppearanceHandler.PDLinkAppearanceHandler(PDAnnotation,PDDocument)",pdfbox/src/main/java/org/apache/pdfbox/pdmodel/interactive/annotation/handlers/PDLinkAppearanceHandler.java,,,,,,,,,,,,,,,,,,,,,,,,,3,4,0,4,1,1,0,2,1,1,2,1,1,1,1,1,1,,,,,,0,,0,00,1,1,1,1
Public Method,"org.apache.pdfbox.pdmodel.interactive.annotation.handlers.PDLinkAppearanceHandler.generateDownAppearance()",pdfbox/src/main/java/org/apache/pdfbox/pdmodel/interactive/annotation/handlers/PDLinkAppearanceHandler.java,,,,,,,,,,,,,,,,,,,,,,,,,0,5,0,4,2,0,1,0,1,0,1,1,0,1,1,1,1,,,,,,0,,0,25,1,1,1,1
Public Method,"org.apache.pdfbox.pdmodel.interactive.annotation.handlers.PDLinkAppearanceHandler.generateNormalAppearance()",pdfbox/src/main/java/org/apache/pdfbox/pdmodel/interactive/annotation/handlers/PDLinkAppearanceHandler.java,,,,,,,,,,,,,,,,,,,,,,,,,5,93,8,77,12,49,8,26,146,36,48,12,44,12,12,12,6,,,,,,4,,0,10,12,12,12,6
Public Method,"org.apache.pdfbox.pdmodel.interactive.annotation.handlers.PDLinkAppearanceHandler.generateRolloverAppearance()",pdfbox/src/main/java/org/apache/pdfbox/pdmodel/interactive/annotation/handlers/PDLinkAppearanceHandler.java,,,,,,,,,,,,,,,,,,,,,,,,,0,5,0,4,2,0,1,0,1,0,1,1,0,1,1,1,1,,,,,,0,,0,25,1,1,1,1
Method,"org.apache.pdfbox.pdmodel.interactive.annotation.handlers.PDLinkAppearanceHandler.getLineWidth()",pdfbox/src/main/java/org/apache/pdfbox/pdmodel/interactive/annotation/handlers/PDLinkAppearanceHandler.java,,,,,,,,,,,,,,,,,,,,,,,,,1,33,4,19,5,10,10,8,4,7,11,5,10,4,4,4,4,,,,,,2,,0,53,4,4,4,4
Public Class,"org.apache.pdfbox.pdmodel.interactive.annotation.handlers.PDPolygonAppearanceHandler",pdfbox/src/main/java/org/apache/pdfbox/pdmodel/interactive/annotation/handlers/PDPolygonAppearanceHandler.java,3,3,3,2,24,1,20,2,1,23,0,,0,1,,,7,0,7,47,1,1,0,5,,194,20,145,37,80,29,,,65,89,36,69,,,,,11,11,13,4,2,5,0,0,20,23,23,25,14
Public Constructor,"org.apache.pdfbox.pdmodel.interactive.annotation.handlers.PDPolygonAppearanceHandler.PDPolygonAppearanceHandler(PDAnnotation)",pdfbox/src/main/java/org/apache/pdfbox/pdmodel/interactive/annotation/handlers/PDPolygonAppearanceHandler.java,,,,,,,,,,,,,,,,,,,,,,,,,1,4,0,4,1,1,0,2,1,1,2,1,1,1,1,1,1,,,,,,0,,0,00,1,1,1,1
Public Constructor,"org.apache.pdfbox.pdmodel.interactive.annotation.handlers.PDPolygonAppearanceHandler.PDPolygonAppearanceHandler(PDAnnotation,PDDocument)",pdfbox/src/main/java/org/apache/pdfbox/pdmodel/interactive/annotation/handlers/PDPolygonAppearanceHandler.java,,,,,,,,,,,,,,,,,,,,,,,,,3,4,0,4,1,1,0,2,1,1,2,1,1,1,1,1,1,,,,,,0,,0,00,1,1,1,1
Public Method,"org.apache.pdfbox.pdmodel.interactive.annotation.handlers.PDPolygonAppearanceHandler.generateDownAppearance()",pdfbox/src/main/java/org/apache/pdfbox/pdmodel/interactive/annotation/handlers/PDPolygonAppearanceHandler.java,,,,,,,,,,,,,,,,,,,,,,,,,0,5,0,4,2,0,1,0,1,0,1,1,0,1,1,1,1,,,,,,0,,0,25,1,1,1,1
Public Method,"org.apache.pdfbox.pdmodel.interactive.annotation.handlers.PDPolygonAppearanceHandler.generateNormalAppearance()",pdfbox/src/main/java/org/apache/pdfbox/pdmodel/interactive/annotation/handlers/PDPolygonAppearanceHandler.java,,,,,,,,,,,,,,,,,,,,,,,,,6,101,9,86,20,56,6,44,23,45,56,20,45,11,11,13,3,,,,,,5,,0,07,11,11,13,3
Public Method,"org.apache.pdfbox.pdmodel.interactive.annotation.handlers.PDPolygonAppearanceHandler.generateRolloverAppearance()",pdfbox/src/main/java/org/apache/pdfbox/pdmodel/interactive/annotation/handlers/PDPolygonAppearanceHandler.java,,,,,,,,,,,,,,,,,,,,,,,,,0,5,0,4,2,0,1,0,1,0,1,1,0,1,1,1,1,,,,,,0,,0,25,1,1,1,1
Method,"org.apache.pdfbox.pdmodel.interactive.annotation.handlers.PDPolygonAppearanceHandler.getLineWidth()",pdfbox/src/main/java/org/apache/pdfbox/pdmodel/interactive/annotation/handlers/PDPolygonAppearanceHandler.java,,,,,,,,,,,,,,,,,,,,,,,,,1,33,4,19,5,10,10,8,4,7,11,5,10,4,4,4,4,,,,,,2,,0,53,4,4,4,4
Private Method,"org.apache.pdfbox.pdmodel.interactive.annotation.handlers.PDPolygonAppearanceHandler.getPathArray(PDAnnotationPolygon)",pdfbox/src/main/java/org/apache/pdfbox/pdmodel/interactive/annotation/handlers/PDPolygonAppearanceHandler.java,,,,,,,,,,,,,,,,,,,,,,,,,3,22,0,20,4,11,2,3,4,10,14,5,11,4,4,4,3,,,,,,2,,0,10,4,4,4,3
Public Class,"org.apache.pdfbox.pdmodel.interactive.annotation.handlers.PDPolylineAppearanceHandler",pdfbox/src/main/java/org/apache/pdfbox/pdmodel/interactive/annotation/handlers/PDPolylineAppearanceHandler.java,4,4,4,2,33,1,27,4,1,24,0,,0,1,,,6,0,6,46,1,0,0,5,,221,18,166,46,96,37,,,76,102,45,73,,,,,17,17,21,4,2,5,0,0,22,25,25,29,12
Public Constructor,"org.apache.pdfbox.pdmodel.interactive.annotation.handlers.PDPolylineAppearanceHandler.PDPolylineAppearanceHandler(PDAnnotation)",pdfbox/src/main/java/org/apache/pdfbox/pdmodel/interactive/annotation/handlers/PDPolylineAppearanceHandler.java,,,,,,,,,,,,,,,,,,,,,,,,,1,4,0,4,1,1,0,2,1,1,2,1,1,1,1,1,1,,,,,,0,,0,00,1,1,1,1
Public Constructor,"org.apache.pdfbox.pdmodel.interactive.annotation.handlers.PDPolylineAppearanceHandler.PDPolylineAppearanceHandler(PDAnnotation,PDDocument)",pdfbox/src/main/java/org/apache/pdfbox/pdmodel/interactive/annotation/handlers/PDPolylineAppearanceHandler.java,,,,,,,,,,,,,,,,,,,,,,,,,3,4,0,4,1,1,0,2,1,1,2,1,1,1,1,1,1,,,,,,0,,0,00,1,1,1,1
Public Method,"org.apache.pdfbox.pdmodel.interactive.annotation.handlers.PDPolylineAppearanceHandler.generateDownAppearance()",pdfbox/src/main/java/org/apache/pdfbox/pdmodel/interactive/annotation/handlers/PDPolylineAppearanceHandler.java,,,,,,,,,,,,,,,,,,,,,,,,,0,5,0,4,2,0,1,0,1,0,1,1,0,1,1,1,1,,,,,,0,,0,25,1,1,1,1
Public Method,"org.apache.pdfbox.pdmodel.interactive.annotation.handlers.PDPolylineAppearanceHandler.generateNormalAppearance()",pdfbox/src/main/java/org/apache/pdfbox/pdmodel/interactive/annotation/handlers/PDPolylineAppearanceHandler.java,,,,,,,,,,,,,,,,,,,,,,,,,10,149,7,127,33,83,15,44,257,66,83,34,60,17,17,21,4,,,,,,5,,0,12,17,17,21,4
Public Method,"org.apache.pdfbox.pdmodel.interactive.annotation.handlers.PDPolylineAppearanceHandler.generateRolloverAppearance()",pdfbox/src/main/java/org/apache/pdfbox/pdmodel/interactive/annotation/handlers/PDPolylineAppearanceHandler.java,,,,,,,,,,,,,,,,,,,,,,,,,0,5,0,4,2,0,1,0,1,0,1,1,0,1,1,1,1,,,,,,0,,0,25,1,1,1,1
Method,"org.apache.pdfbox.pdmodel.interactive.annotation.handlers.PDPolylineAppearanceHandler.getLineWidth()",pdfbox/src/main/java/org/apache/pdfbox/pdmodel/interactive/annotation/handlers/PDPolylineAppearanceHandler.java,,,,,,,,,,,,,,,,,,,,,,,,,0,33,4,19,5,10,10,8,4,7,11,5,10,4,4,4,4,,,,,,2,,0,53,4,4,4,4
Public Class,"org.apache.pdfbox.pdmodel.interactive.annotation.handlers.PDSoundAppearanceHandler",pdfbox/src/main/java/org/apache/pdfbox/pdmodel/interactive/annotation/handlers/PDSoundAppearanceHandler.java,1,1,1,1,4,0,4,0,1,3,0,,0,0,,,5,0,5,45,0,0,0,5,,30,4,23,9,2,3,,,2,8,6,2,,,,,1,1,1,1,2,0,0,0,13,5,5,5,5
Public Constructor,"org.apache.pdfbox.pdmodel.interactive.annotation.handlers.PDSoundAppearanceHandler.PDSoundAppearanceHandler(PDAnnotation)",pdfbox/src/main/java/org/apache/pdfbox/pdmodel/interactive/annotation/handlers/PDSoundAppearanceHandler.java,,,,,,,,,,,,,,,,,,,,,,,,,1,4,0,4,1,1,0,2,1,1,2,1,1,1,1,1,1,,,,,,0,,0,00,1,1,1,1
Public Constructor,"org.apache.pdfbox.pdmodel.interactive.annotation.handlers.PDSoundAppearanceHandler.PDSoundAppearanceHandler(PDAnnotation,PDDocument)",pdfbox/src/main/java/org/apache/pdfbox/pdmodel/interactive/annotation/handlers/PDSoundAppearanceHandler.java,,,,,,,,,,,,,,,,,,,,,,,,,3,4,0,4,1,1,0,2,1,1,2,1,1,1,1,1,1,,,,,,0,,0,00,1,1,1,1
Public Method,"org.apache.pdfbox.pdmodel.interactive.annotation.handlers.PDSoundAppearanceHandler.generateDownAppearance()",pdfbox/src/main/java/org/apache/pdfbox/pdmodel/interactive/annotation/handlers/PDSoundAppearanceHandler.java,,,,,,,,,,,,,,,,,,,,,,,,,0,5,0,4,2,0,1,0,1,0,1,1,0,1,1,1,1,,,,,,0,,0,25,1,1,1,1
Public Method,"org.apache.pdfbox.pdmodel.interactive.annotation.handlers.PDSoundAppearanceHandler.generateNormalAppearance()",pdfbox/src/main/java/org/apache/pdfbox/pdmodel/interactive/annotation/handlers/PDSoundAppearanceHandler.java,,,,,,,,,,,,,,,,,,,,,,,,,0,5,0,4,2,0,1,0,1,0,1,1,0,1,1,1,1,,,,,,0,,0,25,1,1,1,1
Public Method,"org.apache.pdfbox.pdmodel.interactive.annotation.handlers.PDSoundAppearanceHandler.generateRolloverAppearance()",pdfbox/src/main/java/org/apache/pdfbox/pdmodel/interactive/annotation/handlers/PDSoundAppearanceHandler.java,,,,,,,,,,,,,,,,,,,,,,,,,0,5,0,4,2,0,1,0,1,0,1,1,0,1,1,1,1,,,,,,0,,0,25,1,1,1,1
Public Class,"org.apache.pdfbox.pdmodel.interactive.annotation.handlers.PDSquareAppearanceHandler",pdfbox/src/main/java/org/apache/pdfbox/pdmodel/interactive/annotation/handlers/PDSquareAppearanceHandler.java,1,1,2,1,15,1,12,2,1,22,0,,0,1,,,6,0,6,46,1,0,0,5,,112,15,76,25,38,21,,,28,40,20,33,,,,,4,4,4,4,2,2,0,0,28,11,11,12,9
Public Constructor,"org.apache.pdfbox.pdmodel.interactive.annotation.handlers.PDSquareAppearanceHandler.PDSquareAppearanceHandler(PDAnnotation)",pdfbox/src/main/java/org/apache/pdfbox/pdmodel/interactive/annotation/handlers/PDSquareAppearanceHandler.java,,,,,,,,,,,,,,,,,,,,,,,,,1,4,0,4,1,1,0,2,1,1,2,1,1,1,1,1,1,,,,,,0,,0,00,1,1,1,1
Public Constructor,"org.apache.pdfbox.pdmodel.interactive.annotation.handlers.PDSquareAppearanceHandler.PDSquareAppearanceHandler(PDAnnotation,PDDocument)",pdfbox/src/main/java/org/apache/pdfbox/pdmodel/interactive/annotation/handlers/PDSquareAppearanceHandler.java,,,,,,,,,,,,,,,,,,,,,,,,,3,4,0,4,1,1,0,2,1,1,2,1,1,1,1,1,1,,,,,,0,,0,00,1,1,1,1
Public Method,"org.apache.pdfbox.pdmodel.interactive.annotation.handlers.PDSquareAppearanceHandler.generateDownAppearance()",pdfbox/src/main/java/org/apache/pdfbox/pdmodel/interactive/annotation/handlers/PDSquareAppearanceHandler.java,,,,,,,,,,,,,,,,,,,,,,,,,0,5,0,4,2,0,1,0,1,0,1,1,0,1,1,1,1,,,,,,0,,0,25,1,1,1,1
Public Method,"org.apache.pdfbox.pdmodel.interactive.annotation.handlers.PDSquareAppearanceHandler.generateNormalAppearance()",pdfbox/src/main/java/org/apache/pdfbox/pdmodel/interactive/annotation/handlers/PDSquareAppearanceHandler.java,,,,,,,,,,,,,,,,,,,,,,,,,3,42,5,37,12,25,0,37,3,18,21,9,20,3,3,4,1,,,,,,2,,0,00,3,3,4,1
Public Method,"org.apache.pdfbox.pdmodel.interactive.annotation.handlers.PDSquareAppearanceHandler.generateRolloverAppearance()",pdfbox/src/main/java/org/apache/pdfbox/pdmodel/interactive/annotation/handlers/PDSquareAppearanceHandler.java,,,,,,,,,,,,,,,,,,,,,,,,,0,5,0,4,2,0,1,0,1,0,1,1,0,1,1,1,1,,,,,,0,,0,25,1,1,1,1
Method,"org.apache.pdfbox.pdmodel.interactive.annotation.handlers.PDSquareAppearanceHandler.getLineWidth()",pdfbox/src/main/java/org/apache/pdfbox/pdmodel/interactive/annotation/handlers/PDSquareAppearanceHandler.java,,,,,,,,,,,,,,,,,,,,,,,,,1,33,4,19,5,10,10,8,4,7,11,5,10,4,4,4,4,,,,,,2,,0,53,4,4,4,4
Public Class,"org.apache.pdfbox.pdmodel.interactive.annotation.handlers.PDSquigglyAppearanceHandler",pdfbox/src/main/java/org/apache/pdfbox/pdmodel/interactive/annotation/handlers/PDSquigglyAppearanceHandler.java,2,2,2,1,26,1,20,3,1,28,0,,0,1,,,5,0,5,45,0,0,0,5,,143,13,108,27,67,22,,,61,76,26,61,,,,,8,8,9,4,2,4,0,0,20,12,12,13,8
Public Constructor,"org.apache.pdfbox.pdmodel.interactive.annotation.handlers.PDSquigglyAppearanceHandler.PDSquigglyAppearanceHandler(PDAnnotation)",pdfbox/src/main/java/org/apache/pdfbox/pdmodel/interactive/annotation/handlers/PDSquigglyAppearanceHandler.java,,,,,,,,,,,,,,,,,,,,,,,,,1,4,0,4,1,1,0,2,1,1,2,1,1,1,1,1,1,,,,,,0,,0,00,1,1,1,1
Public Constructor,"org.apache.pdfbox.pdmodel.interactive.annotation.handlers.PDSquigglyAppearanceHandler.PDSquigglyAppearanceHandler(PDAnnotation,PDDocument)",pdfbox/src/main/java/org/apache/pdfbox/pdmodel/interactive/annotation/handlers/PDSquigglyAppearanceHandler.java,,,,,,,,,,,,,,,,,,,,,,,,,3,4,0,4,1,1,0,2,1,1,2,1,1,1,1,1,1,,,,,,0,,0,00,1,1,1,1
Public Method,"org.apache.pdfbox.pdmodel.interactive.annotation.handlers.PDSquigglyAppearanceHandler.generateDownAppearance()",pdfbox/src/main/java/org/apache/pdfbox/pdmodel/interactive/annotation/handlers/PDSquigglyAppearanceHandler.java,,,,,,,,,,,,,,,,,,,,,,,,,0,5,0,4,2,0,1,0,1,0,1,1,0,1,1,1,1,,,,,,0,,0,25,1,1,1,1
Public Method,"org.apache.pdfbox.pdmodel.interactive.annotation.handlers.PDSquigglyAppearanceHandler.generateNormalAppearance()",pdfbox/src/main/java/org/apache/pdfbox/pdmodel/interactive/annotation/handlers/PDSquigglyAppearanceHandler.java,,,,,,,,,,,,,,,,,,,,,,,,,9,113,8,88,19,64,17,58,15,58,68,20,58,8,8,9,4,,,,,,4,,0,19,8,8,9,4
Public Method,"org.apache.pdfbox.pdmodel.interactive.annotation.handlers.PDSquigglyAppearanceHandler.generateRolloverAppearance()",pdfbox/src/main/java/org/apache/pdfbox/pdmodel/interactive/annotation/handlers/PDSquigglyAppearanceHandler.java,,,,,,,,,,,,,,,,,,,,,,,,,0,5,0,4,2,0,1,0,1,0,1,1,0,1,1,1,1,,,,,,0,,0,25,1,1,1,1
Public Class,"org.apache.pdfbox.pdmodel.interactive.annotation.handlers.PDStrikeoutAppearanceHandler",pdfbox/src/main/java/org/apache/pdfbox/pdmodel/interactive/annotation/handlers/PDStrikeoutAppearanceHandler.java,3,3,3,1,23,0,19,3,1,17,0,,0,1,,,5,0,5,45,0,0,0,5,,128,9,101,29,58,18,,,49,65,26,47,,,,,11,11,12,4,2,3,0,0,18,15,15,16,8
Public Constructor,"org.apache.pdfbox.pdmodel.interactive.annotation.handlers.PDStrikeoutAppearanceHandler.PDStrikeoutAppearanceHandler(PDAnnotation)",pdfbox/src/main/java/org/apache/pdfbox/pdmodel/interactive/annotation/handlers/PDStrikeoutAppearanceHandler.java,,,,,,,,,,,,,,,,,,,,,,,,,1,4,0,4,1,1,0,2,1,1,2,1,1,1,1,1,1,,,,,,0,,0,00,1,1,1,1
Public Constructor,"org.apache.pdfbox.pdmodel.interactive.annotation.handlers.PDStrikeoutAppearanceHandler.PDStrikeoutAppearanceHandler(PDAnnotation,PDDocument)",pdfbox/src/main/java/org/apache/pdfbox/pdmodel/interactive/annotation/handlers/PDStrikeoutAppearanceHandler.java,,,,,,,,,,,,,,,,,,,,,,,,,3,4,0,4,1,1,0,2,1,1,2,1,1,1,1,1,1,,,,,,0,,0,00,1,1,1,1
Public Method,"org.apache.pdfbox.pdmodel.interactive.annotation.handlers.PDStrikeoutAppearanceHandler.generateDownAppearance()",pdfbox/src/main/java/org/apache/pdfbox/pdmodel/interactive/annotation/handlers/PDStrikeoutAppearanceHandler.java,,,,,,,,,,,,,,,,,,,,,,,,,0,5,0,4,2,0,1,0,1,0,1,1,0,1,1,1,1,,,,,,0,,0,25,1,1,1,1
Public Method,"org.apache.pdfbox.pdmodel.interactive.annotation.handlers.PDStrikeoutAppearanceHandler.generateNormalAppearance()",pdfbox/src/main/java/org/apache/pdfbox/pdmodel/interactive/annotation/handlers/PDStrikeoutAppearanceHandler.java,,,,,,,,,,,,,,,,,,,,,,,,,7,98,4,81,21,55,13,32,47,46,57,20,44,11,11,12,4,,,,,,3,,0,16,11,11,12,4
Public Method,"org.apache.pdfbox.pdmodel.interactive.annotation.handlers.PDStrikeoutAppearanceHandler.generateRolloverAppearance()",pdfbox/src/main/java/org/apache/pdfbox/pdmodel/interactive/annotation/handlers/PDStrikeoutAppearanceHandler.java,,,,,,,,,,,,,,,,,,,,,,,,,0,5,0,4,2,0,1,0,1,0,1,1,0,1,1,1,1,,,,,,0,,0,25,1,1,1,1
Public Class,"org.apache.pdfbox.pdmodel.interactive.annotation.handlers.PDTextAppearanceHandler",pdfbox/src/main/java/org/apache/pdfbox/pdmodel/interactive/annotation/handlers/PDTextAppearanceHandler.java,2,1,2,1,28,2,22,3,1,28,0,,0,2,,,23,0,23,63,0,18,0,5,,709,89,550,94,435,84,,,398,430,74,394,,,,,20,5,20,1,2,2,0,0,15,50,31,50,23
Public Constructor,"org.apache.pdfbox.pdmodel.interactive.annotation.handlers.PDTextAppearanceHandler.PDTextAppearanceHandler(PDAnnotation)",pdfbox/src/main/java/org/apache/pdfbox/pdmodel/interactive/annotation/handlers/PDTextAppearanceHandler.java,,,,,,,,,,,,,,,,,,,,,,,,,1,4,0,4,1,1,0,2,1,1,2,1,1,1,1,1,1,,,,,,0,,0,00,1,1,1,1
Public Constructor,"org.apache.pdfbox.pdmodel.interactive.annotation.handlers.PDTextAppearanceHandler.PDTextAppearanceHandler(PDAnnotation,PDDocument)",pdfbox/src/main/java/org/apache/pdfbox/pdmodel/interactive/annotation/handlers/PDTextAppearanceHandler.java,,,,,,,,,,,,,,,,,,,,,,,,,3,4,0,4,1,1,0,2,1,1,2,1,1,1,1,1,1,,,,,,0,,0,00,1,1,1,1
Private Method,"org.apache.pdfbox.pdmodel.interactive.annotation.handlers.PDTextAppearanceHandler.addPath(PDAppearanceContentStream,GeneralPath)",pdfbox/src/main/java/org/apache/pdfbox/pdmodel/interactive/annotation/handlers/PDTextAppearanceHandler.java,,,,,,,,,,,,,,,,,,,,,,,,,15,51,0,47,10,40,4,9,7,29,32,10,24,7,3,7,1,,,,,,2,,0,09,7,3,7,1
Private Method,"org.apache.pdfbox.pdmodel.interactive.annotation.handlers.PDTextAppearanceHandler.adjustRectAndBBox(PDAnnotationText,float,float)",pdfbox/src/main/java/org/apache/pdfbox/pdmodel/interactive/annotation/handlers/PDTextAppearanceHandler.java,,,,,,,,,,,,,,,,,,,,,,,,,20,27,1,19,3,11,7,15,4,10,13,3,11,3,3,3,1,,,,,,1,,0,37,3,3,3,1
Private Method,"org.apache.pdfbox.pdmodel.interactive.annotation.handlers.PDTextAppearanceHandler.drawCheck(PDAnnotationText,PDAppearanceContentStream)",pdfbox/src/main/java/org/apache/pdfbox/pdmodel/interactive/annotation/handlers/PDTextAppearanceHandler.java,,,,,,,,,,,,,,,,,,,,,,,,,4,21,4,15,5,11,3,14,1,11,12,4,11,1,1,1,1,,,,,,0,,0,20,1,1,1,1
Private Method,"org.apache.pdfbox.pdmodel.interactive.annotation.handlers.PDTextAppearanceHandler.drawCircles(PDAnnotationText,PDAppearanceContentStream)",pdfbox/src/main/java/org/apache/pdfbox/pdmodel/interactive/annotation/handlers/PDTextAppearanceHandler.java,,,,,,,,,,,,,,,,,,,,,,,,,4,37,4,26,6,22,8,20,1,22,23,5,20,1,1,1,1,,,,,,0,,0,31,1,1,1,1
Private Method,"org.apache.pdfbox.pdmodel.interactive.annotation.handlers.PDTextAppearanceHandler.drawComment(PDAnnotationText,PDAppearanceContentStream)",pdfbox/src/main/java/org/apache/pdfbox/pdmodel/interactive/annotation/handlers/PDTextAppearanceHandler.java,,,,,,,,,,,,,,,,,,,,,,,,,4,49,6,39,3,35,4,24,1,35,36,2,35,1,1,1,1,,,,,,0,,0,10,1,1,1,1
Private Method,"org.apache.pdfbox.pdmodel.interactive.annotation.handlers.PDTextAppearanceHandler.drawCross(PDAnnotationText,PDAppearanceContentStream)",pdfbox/src/main/java/org/apache/pdfbox/pdmodel/interactive/annotation/handlers/PDTextAppearanceHandler.java,,,,,,,,,,,,,,,,,,,,,,,,,3,35,5,25,6,21,6,11,1,21,22,5,19,1,1,1,1,,,,,,0,,0,24,1,1,1,1
Private Method,"org.apache.pdfbox.pdmodel.interactive.annotation.handlers.PDTextAppearanceHandler.drawCrossHairs(PDAnnotationText,PDAppearanceContentStream)",pdfbox/src/main/java/org/apache/pdfbox/pdmodel/interactive/annotation/handlers/PDTextAppearanceHandler.java,,,,,,,,,,,,,,,,,,,,,,,,,4,21,4,15,5,11,3,14,1,11,12,4,11,1,1,1,1,,,,,,0,,0,20,1,1,1,1
Private Method,"org.apache.pdfbox.pdmodel.interactive.annotation.handlers.PDTextAppearanceHandler.drawHelp(PDAnnotationText,PDAppearanceContentStream)",pdfbox/src/main/java/org/apache/pdfbox/pdmodel/interactive/annotation/handlers/PDTextAppearanceHandler.java,,,,,,,,,,,,,,,,,,,,,,,,,5,41,5,30,6,26,7,25,1,26,27,5,26,1,1,1,1,,,,,,0,,0,23,1,1,1,1
Private Method,"org.apache.pdfbox.pdmodel.interactive.annotation.handlers.PDTextAppearanceHandler.drawInsert(PDAnnotationText,PDAppearanceContentStream)",pdfbox/src/main/java/org/apache/pdfbox/pdmodel/interactive/annotation/handlers/PDTextAppearanceHandler.java,,,,,,,,,,,,,,,,,,,,,,,,,3,14,1,13,3,9,1,10,1,9,10,2,9,1,1,1,1,,,,,,0,,0,08,1,1,1,1
Private Method,"org.apache.pdfbox.pdmodel.interactive.annotation.handlers.PDTextAppearanceHandler.drawKey(PDAnnotationText,PDAppearanceContentStream)",pdfbox/src/main/java/org/apache/pdfbox/pdmodel/interactive/annotation/handlers/PDTextAppearanceHandler.java,,,,,,,,,,,,,,,,,,,,,,,,,3,42,3,37,2,33,2,14,1,33,34,1,33,1,1,1,1,,,,,,0,,0,05,1,1,1,1
Private Method,"org.apache.pdfbox.pdmodel.interactive.annotation.handlers.PDTextAppearanceHandler.drawNewParagraph(PDAnnotationText,PDAppearanceContentStream)",pdfbox/src/main/java/org/apache/pdfbox/pdmodel/interactive/annotation/handlers/PDTextAppearanceHandler.java,,,,,,,,,,,,,,,,,,,,,,,,,4,27,3,21,2,17,4,14,1,15,16,1,15,1,1,1,1,,,,,,0,,0,19,1,1,1,1
Private Method,"org.apache.pdfbox.pdmodel.interactive.annotation.handlers.PDTextAppearanceHandler.drawNote(PDAnnotationText,PDAppearanceContentStream)",pdfbox/src/main/java/org/apache/pdfbox/pdmodel/interactive/annotation/handlers/PDTextAppearanceHandler.java,,,,,,,,,,,,,,,,,,,,,,,,,3,22,2,19,3,15,2,11,1,15,16,2,15,1,1,1,1,,,,,,0,,0,11,1,1,1,1
Private Method,"org.apache.pdfbox.pdmodel.interactive.annotation.handlers.PDTextAppearanceHandler.drawParagraph(PDAnnotationText,PDAppearanceContentStream)",pdfbox/src/main/java/org/apache/pdfbox/pdmodel/interactive/annotation/handlers/PDTextAppearanceHandler.java,,,,,,,,,,,,,,,,,,,,,,,,,5,41,5,31,6,27,6,27,1,27,28,5,27,1,1,1,1,,,,,,0,,0,19,1,1,1,1
Private Method,"org.apache.pdfbox.pdmodel.interactive.annotation.handlers.PDTextAppearanceHandler.drawRightArrow(PDAnnotationText,PDAppearanceContentStream)",pdfbox/src/main/java/org/apache/pdfbox/pdmodel/interactive/annotation/handlers/PDTextAppearanceHandler.java,,,,,,,,,,,,,,,,,,,,,,,,,5,41,5,30,6,26,7,26,1,26,27,5,26,1,1,1,1,,,,,,0,,0,23,1,1,1,1
Private Method,"org.apache.pdfbox.pdmodel.interactive.annotation.handlers.PDTextAppearanceHandler.drawRightPointer(PDAnnotationText,PDAppearanceContentStream)",pdfbox/src/main/java/org/apache/pdfbox/pdmodel/interactive/annotation/handlers/PDTextAppearanceHandler.java,,,,,,,,,,,,,,,,,,,,,,,,,4,21,4,15,5,11,3,14,1,11,12,4,11,1,1,1,1,,,,,,0,,0,20,1,1,1,1
Private Method,"org.apache.pdfbox.pdmodel.interactive.annotation.handlers.PDTextAppearanceHandler.drawStar(PDAnnotationText,PDAppearanceContentStream)",pdfbox/src/main/java/org/apache/pdfbox/pdmodel/interactive/annotation/handlers/PDTextAppearanceHandler.java,,,,,,,,,,,,,,,,,,,,,,,,,4,20,4,14,5,10,3,13,1,10,11,4,10,1,1,1,1,,,,,,0,,0,21,1,1,1,1
Private Method,"org.apache.pdfbox.pdmodel.interactive.annotation.handlers.PDTextAppearanceHandler.drawUpArrow(PDAnnotationText,PDAppearanceContentStream)",pdfbox/src/main/java/org/apache/pdfbox/pdmodel/interactive/annotation/handlers/PDTextAppearanceHandler.java,,,,,,,,,,,,,,,,,,,,,,,,,3,19,2,17,2,13,1,8,1,13,14,1,13,1,1,1,1,,,,,,0,,0,06,1,1,1,1
Private Method,"org.apache.pdfbox.pdmodel.interactive.annotation.handlers.PDTextAppearanceHandler.drawUpLeftArrow(PDAnnotationText,PDAppearanceContentStream)",pdfbox/src/main/java/org/apache/pdfbox/pdmodel/interactive/annotation/handlers/PDTextAppearanceHandler.java,,,,,,,,,,,,,,,,,,,,,,,,,3,21,3,18,2,14,1,11,1,14,15,1,14,1,1,1,1,,,,,,0,,0,06,1,1,1,1
Public Method,"org.apache.pdfbox.pdmodel.interactive.annotation.handlers.PDTextAppearanceHandler.generateDownAppearance()",pdfbox/src/main/java/org/apache/pdfbox/pdmodel/interactive/annotation/handlers/PDTextAppearanceHandler.java,,,,,,,,,,,,,,,,,,,,,,,,,0,5,0,4,2,0,1,0,1,0,1,1,0,1,1,1,1,,,,,,0,,0,25,1,1,1,1
Public Method,"org.apache.pdfbox.pdmodel.interactive.annotation.handlers.PDTextAppearanceHandler.generateNormalAppearance()",pdfbox/src/main/java/org/apache/pdfbox/pdmodel/interactive/annotation/handlers/PDTextAppearanceHandler.java,,,,,,,,,,,,,,,,,,,,,,,,,19,84,3,79,4,63,2,26,36,40,45,3,44,20,5,20,1,,,,,,2,,0,03,20,5,20,1
Public Method,"org.apache.pdfbox.pdmodel.interactive.annotation.handlers.PDTextAppearanceHandler.generateRolloverAppearance()",pdfbox/src/main/java/org/apache/pdfbox/pdmodel/interactive/annotation/handlers/PDTextAppearanceHandler.java,,,,,,,,,,,,,,,,,,,,,,,,,0,5,0,4,2,0,1,0,1,0,1,1,0,1,1,1,1,,,,,,0,,0,25,1,1,1,1
Public Class,"org.apache.pdfbox.pdmodel.interactive.annotation.handlers.PDUnderlineAppearanceHandler",pdfbox/src/main/java/org/apache/pdfbox/pdmodel/interactive/annotation/handlers/PDUnderlineAppearanceHandler.java,3,3,3,1,23,0,19,2,1,17,0,,0,1,,,5,0,5,45,0,0,0,5,,127,9,101,29,58,17,,,49,65,26,47,,,,,11,11,12,4,2,3,0,0,17,15,15,16,8
Public Constructor,"org.apache.pdfbox.pdmodel.interactive.annotation.handlers.PDUnderlineAppearanceHandler.PDUnderlineAppearanceHandler(PDAnnotation)",pdfbox/src/main/java/org/apache/pdfbox/pdmodel/interactive/annotation/handlers/PDUnderlineAppearanceHandler.java,,,,,,,,,,,,,,,,,,,,,,,,,1,4,0,4,1,1,0,2,1,1,2,1,1,1,1,1,1,,,,,,0,,0,00,1,1,1,1
Public Constructor,"org.apache.pdfbox.pdmodel.interactive.annotation.handlers.PDUnderlineAppearanceHandler.PDUnderlineAppearanceHandler(PDAnnotation,PDDocument)",pdfbox/src/main/java/org/apache/pdfbox/pdmodel/interactive/annotation/handlers/PDUnderlineAppearanceHandler.java,,,,,,,,,,,,,,,,,,,,,,,,,3,4,0,4,1,1,0,2,1,1,2,1,1,1,1,1,1,,,,,,0,,0,00,1,1,1,1
Public Method,"org.apache.pdfbox.pdmodel.interactive.annotation.handlers.PDUnderlineAppearanceHandler.generateDownAppearance()",pdfbox/src/main/java/org/apache/pdfbox/pdmodel/interactive/annotation/handlers/PDUnderlineAppearanceHandler.java,,,,,,,,,,,,,,,,,,,,,,,,,0,5,0,4,2,0,1,0,1,0,1,1,0,1,1,1,1,,,,,,0,,0,25,1,1,1,1
Public Method,"org.apache.pdfbox.pdmodel.interactive.annotation.handlers.PDUnderlineAppearanceHandler.generateNormalAppearance()",pdfbox/src/main/java/org/apache/pdfbox/pdmodel/interactive/annotation/handlers/PDUnderlineAppearanceHandler.java,,,,,,,,,,,,,,,,,,,,,,,,,7,97,4,81,21,55,12,32,47,46,57,20,44,11,11,12,4,,,,,,3,,0,15,11,11,12,4
Public Method,"org.apache.pdfbox.pdmodel.interactive.annotation.handlers.PDUnderlineAppearanceHandler.generateRolloverAppearance()",pdfbox/src/main/java/org/apache/pdfbox/pdmodel/interactive/annotation/handlers/PDUnderlineAppearanceHandler.java,,,,,,,,,,,,,,,,,,,,,,,,,0,5,0,4,2,0,1,0,1,0,1,1,0,1,1,1,1,,,,,,0,,0,25,1,1,1,1
Package,"org.apache.pdfbox.pdmodel.interactive.annotation.layout",pdfbox/src/main/java/org/apache/pdfbox/pdmodel/interactive/annotation/layout/AppearanceStyle.java,1,1,1,1,10,0,7,2,,,,9,1,4,3,,39,30,40,,19,3,1,17,,679,86,398,127,175,195,,,177,249,130,137,,,,,9,7,10,3,,5,,0,49,63,59,67,41
Public Class,"org.apache.pdfbox.pdmodel.interactive.annotation.layout.AppearanceStyle",pdfbox/src/main/java/org/apache/pdfbox/pdmodel/interactive/annotation/layout/AppearanceStyle.java,1,1,1,1,9,0,4,5,1,1,0,,0,0,,,6,3,6,18,4,0,0,2,,81,7,30,10,9,44,,,10,17,10,7,,,,,1,1,1,1,1,0,61,1,47,6,6,6,6
Method,"org.apache.pdfbox.pdmodel.interactive.annotation.layout.AppearanceStyle.getFont()",pdfbox/src/main/java/org/apache/pdfbox/pdmodel/interactive/annotation/layout/AppearanceStyle.java,,,,,,,,,,,,,,,,,,,,,,,,,2,9,0,4,1,1,5,1,1,1,2,1,1,1,1,1,1,,,,,,0,,1,25,1,1,1,1
Method,"org.apache.pdfbox.pdmodel.interactive.annotation.layout.AppearanceStyle.getFontSize()",pdfbox/src/main/java/org/apache/pdfbox/pdmodel/interactive/annotation/layout/AppearanceStyle.java,,,,,,,,,,,,,,,,,,,,,,,,,2,9,0,4,1,1,5,1,1,1,2,1,1,1,1,1,1,,,,,,0,,1,25,1,1,1,1
Method,"org.apache.pdfbox.pdmodel.interactive.annotation.layout.AppearanceStyle.getLeading()",pdfbox/src/main/java/org/apache/pdfbox/pdmodel/interactive/annotation/layout/AppearanceStyle.java,,,,,,,,,,,,,,,,,,,,,,,,,2,9,0,4,1,1,5,1,1,1,2,1,1,1,1,1,1,,,,,,0,,1,25,1,1,1,1
Public Method,"org.apache.pdfbox.pdmodel.interactive.annotation.layout.AppearanceStyle.setFont(PDFont)",pdfbox/src/main/java/org/apache/pdfbox/pdmodel/interactive/annotation/layout/AppearanceStyle.java,,,,,,,,,,,,,,,,,,,,,,,,,2,9,0,4,1,1,5,1,1,1,2,1,1,1,1,1,1,,,,,,0,,1,25,1,1,1,1
Public Method,"org.apache.pdfbox.pdmodel.interactive.annotation.layout.AppearanceStyle.setFontSize(float)",pdfbox/src/main/java/org/apache/pdfbox/pdmodel/interactive/annotation/layout/AppearanceStyle.java,,,,,,,,,,,,,,,,,,,,,,,,,2,10,0,5,1,2,5,2,1,2,3,1,2,1,1,1,1,,,,,,0,,1,00,1,1,1,1
Method,"org.apache.pdfbox.pdmodel.interactive.annotation.layout.AppearanceStyle.setLeading(float)",pdfbox/src/main/java/org/apache/pdfbox/pdmodel/interactive/annotation/layout/AppearanceStyle.java,,,,,,,,,,,,,,,,,,,,,,,,,1,9,0,4,1,1,5,1,1,1,2,1,1,1,1,1,1,,,,,,0,,1,25,1,1,1,1
Public Class,"org.apache.pdfbox.pdmodel.interactive.annotation.layout.PlainText",pdfbox/src/main/java/org/apache/pdfbox/pdmodel/interactive/annotation/layout/PlainText.java,1,1,1,1,15,0,7,7,1,5,0,,0,1,,,3,1,3,15,1,0,0,2,,261,33,152,49,67,76,,,64,95,51,59,,,,,3,3,3,1,1,2,0,0,50,6,6,6,4
Static Class,"org.apache.pdfbox.pdmodel.interactive.annotation.layout.PlainText.Line",pdfbox/src/main/java/org/apache/pdfbox/pdmodel/interactive/annotation/layout/PlainText.java,1,1,1,1,6,0,6,0,1,12,0,,0,0,,,6,2,6,18,6,0,0,0,,53,6,44,14,18,3,,,16,26,15,14,,,,,3,3,4,1,1,2,41,0,07,8,8,9,6
Method,"org.apache.pdfbox.pdmodel.interactive.annotation.layout.PlainText.Line.addWord(Word)",pdfbox/src/main/java/org/apache/pdfbox/pdmodel/interactive/annotation/layout/PlainText.java,,,,,,,,,,,,,,,,,,,,,,,,,3,4,0,4,1,1,0,1,1,1,2,1,1,1,1,1,1,,,,,,0,,0,00,1,1,1,1
Method,"org.apache.pdfbox.pdmodel.interactive.annotation.layout.PlainText.Line.calculateWidth(PDFont,float)",pdfbox/src/main/java/org/apache/pdfbox/pdmodel/interactive/annotation/layout/PlainText.java,,,,,,,,,,,,,,,,,,,,,,,,,6,19,0,19,6,12,0,11,3,9,13,7,8,3,3,4,1,,,,,,2,,0,00,3,3,4,1
Method,"org.apache.pdfbox.pdmodel.interactive.annotation.layout.PlainText.Line.getInterWordSpacing(float)",pdfbox/src/main/java/org/apache/pdfbox/pdmodel/interactive/annotation/layout/PlainText.java,,,,,,,,,,,,,,,,,,,,,,,,,4,4,0,4,1,1,0,2,1,1,2,1,1,1,1,1,1,,,,,,0,,0,00,1,1,1,1
Method,"org.apache.pdfbox.pdmodel.interactive.annotation.layout.PlainText.Line.getWidth()",pdfbox/src/main/java/org/apache/pdfbox/pdmodel/interactive/annotation/layout/PlainText.java,,,,,,,,,,,,,,,,,,,,,,,,,2,4,0,4,1,1,0,1,1,1,2,1,1,1,1,1,1,,,,,,0,,0,00,1,1,1,1
Method,"org.apache.pdfbox.pdmodel.interactive.annotation.layout.PlainText.Line.getWords()",pdfbox/src/main/java/org/apache/pdfbox/pdmodel/interactive/annotation/layout/PlainText.java,,,,,,,,,,,,,,,,,,,,,,,,,2,4,0,4,1,1,0,1,1,1,2,1,1,1,1,1,1,,,,,,0,,0,00,1,1,1,1
Method,"org.apache.pdfbox.pdmodel.interactive.annotation.layout.PlainText.Line.setWidth(float)",pdfbox/src/main/java/org/apache/pdfbox/pdmodel/interactive/annotation/layout/PlainText.java,,,,,,,,,,,,,,,,,,,,,,,,,2,4,0,4,1,1,0,1,1,1,2,1,1,1,1,1,1,,,,,,0,,0,00,1,1,1,1
Static Class,"org.apache.pdfbox.pdmodel.interactive.annotation.layout.PlainText.Paragraph",pdfbox/src/main/java/org/apache/pdfbox/pdmodel/interactive/annotation/layout/PlainText.java,2,2,2,1,23,2,15,5,1,12,0,,0,0,,,3,1,3,15,3,0,0,0,,85,11,51,17,32,23,,,30,37,17,30,,,,,4,4,5,1,1,2,0,0,45,6,6,7,3
Constructor,"org.apache.pdfbox.pdmodel.interactive.annotation.layout.PlainText.Paragraph.Paragraph(String)",pdfbox/src/main/java/org/apache/pdfbox/pdmodel/interactive/annotation/layout/PlainText.java,,,,,,,,,,,,,,,,,,,,,,,,,3,4,0,4,1,1,0,2,1,1,2,1,1,1,1,1,1,,,,,,0,,0,00,1,1,1,1
Method,"org.apache.pdfbox.pdmodel.interactive.annotation.layout.PlainText.Paragraph.getLines(PDFont,float,float)",pdfbox/src/main/java/org/apache/pdfbox/pdmodel/interactive/annotation/layout/PlainText.java,,,,,,,,,,,,,,,,,,,,,,,,,8,57,8,39,13,30,10,20,5,27,31,13,28,4,4,5,1,,,,,,2,,0,26,4,4,5,1
Method,"org.apache.pdfbox.pdmodel.interactive.annotation.layout.PlainText.Paragraph.getText()",pdfbox/src/main/java/org/apache/pdfbox/pdmodel/interactive/annotation/layout/PlainText.java,,,,,,,,,,,,,,,,,,,,,,,,,2,9,0,4,1,1,5,1,1,1,2,1,1,1,1,1,1,,,,,,0,,1,25,1,1,1,1
Public Constructor,"org.apache.pdfbox.pdmodel.interactive.annotation.layout.PlainText.PlainText(List<String>)",pdfbox/src/main/java/org/apache/pdfbox/pdmodel/interactive/annotation/layout/PlainText.java,,,,,,,,,,,,,,,,,,,,,,,,,2,13,0,5,1,2,8,5,1,2,3,1,2,1,1,1,1,,,,,,0,,1,60,2,2,2,2
Public Constructor,"org.apache.pdfbox.pdmodel.interactive.annotation.layout.PlainText.PlainText(String)",pdfbox/src/main/java/org/apache/pdfbox/pdmodel/interactive/annotation/layout/PlainText.java,,,,,,,,,,,,,,,,,,,,,,,,,4,23,0,13,2,6,10,8,3,4,8,3,6,3,3,3,1,,,,,,2,,0,77,3,3,3,1
Lambda Method,"org.apache.pdfbox.pdmodel.interactive.annotation.layout.PlainText.PlainText.(lambda_expr_1)(String (inferred))",pdfbox/src/main/java/org/apache/pdfbox/pdmodel/interactive/annotation/layout/PlainText.java,,,,,,,,,,,,,,,,,,,,,,,,,2,1,0,1,0,1,0,3,1,0,0,0,0,1,1,1,1,,,,,,0,,0,00,1,1,1,1
Static Class,"org.apache.pdfbox.pdmodel.interactive.annotation.layout.PlainText.TextAttribute",pdfbox/src/main/java/org/apache/pdfbox/pdmodel/interactive/annotation/layout/PlainText.java,1,1,1,1,4,0,4,0,1,1,0,,0,2,,,1,0,1,19,0,0,1,0,,26,4,9,4,3,13,,,3,5,4,2,,,,,1,1,1,1,1,0,0,1,44,1,1,1,1
Protected Constructor,"org.apache.pdfbox.pdmodel.interactive.annotation.layout.PlainText.TextAttribute.TextAttribute(String)",pdfbox/src/main/java/org/apache/pdfbox/pdmodel/interactive/annotation/layout/PlainText.java,,,,,,,,,,,,,,,,,,,,,,,,,1,4,0,4,1,1,0,2,1,1,2,1,1,1,1,1,1,,,,,,0,,0,00,1,1,1,1
Static Class,"org.apache.pdfbox.pdmodel.interactive.annotation.layout.PlainText.Word",pdfbox/src/main/java/org/apache/pdfbox/pdmodel/interactive/annotation/layout/PlainText.java,1,1,1,1,4,0,4,0,1,2,0,,0,0,,,4,2,4,16,4,0,0,0,,31,4,21,7,4,6,,,6,11,7,4,,,,,1,1,1,1,1,0,50,0,29,4,4,4,4
Constructor,"org.apache.pdfbox.pdmodel.interactive.annotation.layout.PlainText.Word.Word(String)",pdfbox/src/main/java/org/apache/pdfbox/pdmodel/interactive/annotation/layout/PlainText.java,,,,,,,,,,,,,,,,,,,,,,,,,2,4,0,4,1,1,0,2,1,1,2,1,1,1,1,1,1,,,,,,0,,0,00,1,1,1,1
Method,"org.apache.pdfbox.pdmodel.interactive.annotation.layout.PlainText.Word.getAttributes()",pdfbox/src/main/java/org/apache/pdfbox/pdmodel/interactive/annotation/layout/PlainText.java,,,,,,,,,,,,,,,,,,,,,,,,,3,4,0,4,1,1,0,1,1,1,2,1,1,1,1,1,1,,,,,,0,,0,00,1,1,1,1
Method,"org.apache.pdfbox.pdmodel.interactive.annotation.layout.PlainText.Word.getText()",pdfbox/src/main/java/org/apache/pdfbox/pdmodel/interactive/annotation/layout/PlainText.java,,,,,,,,,,,,,,,,,,,,,,,,,3,4,0,4,1,1,0,1,1,1,2,1,1,1,1,1,1,,,,,,0,,0,00,1,1,1,1
Method,"org.apache.pdfbox.pdmodel.interactive.annotation.layout.PlainText.Word.setAttributes(AttributedString)",pdfbox/src/main/java/org/apache/pdfbox/pdmodel/interactive/annotation/layout/PlainText.java,,,,,,,,,,,,,,,,,,,,,,,,,2,4,0,4,1,1,0,1,1,1,2,1,1,1,1,1,1,,,,,,0,,0,00,1,1,1,1
Method,"org.apache.pdfbox.pdmodel.interactive.annotation.layout.PlainText.getParagraphs()",pdfbox/src/main/java/org/apache/pdfbox/pdmodel/interactive/annotation/layout/PlainText.java,,,,,,,,,,,,,,,,,,,,,,,,,2,9,0,4,1,1,5,1,1,1,2,1,1,1,1,1,1,,,,,,0,,1,25,1,1,1,1
Public Class,"org.apache.pdfbox.pdmodel.interactive.annotation.layout.PlainTextFormatter",pdfbox/src/main/java/org/apache/pdfbox/pdmodel/interactive/annotation/layout/PlainTextFormatter.java,6,4,6,1,43,3,35,5,1,16,0,,0,1,,,3,8,3,15,0,2,0,1,,261,37,197,50,99,27,,,85,119,51,71,,,,,9,7,10,1,1,5,8,0,14,18,14,20,3
Public Static Class,"org.apache.pdfbox.pdmodel.interactive.annotation.layout.PlainTextFormatter.Builder",pdfbox/src/main/java/org/apache/pdfbox/pdmodel/interactive/annotation/layout/PlainTextFormatter.java,1,1,1,1,4,0,4,0,1,5,0,,0,0,,,9,8,9,21,0,0,0,9,,72,14,55,18,22,3,,,25,35,18,17,,,,,1,1,1,1,1,0,87,0,05,9,9,9,9
Public Constructor,"org.apache.pdfbox.pdmodel.interactive.annotation.layout.PlainTextFormatter.Builder.Builder(PDAppearanceContentStream)",pdfbox/src/main/java/org/apache/pdfbox/pdmodel/interactive/annotation/layout/PlainTextFormatter.java,,,,,,,,,,,,,,,,,,,,,,,,,1,4,0,4,1,1,0,2,1,1,2,1,1,1,1,1,1,,,,,,0,,0,00,1,1,1,1
Public Method,"org.apache.pdfbox.pdmodel.interactive.annotation.layout.PlainTextFormatter.Builder.build()",pdfbox/src/main/java/org/apache/pdfbox/pdmodel/interactive/annotation/layout/PlainTextFormatter.java,,,,,,,,,,,,,,,,,,,,,,,,,1,4,0,4,1,1,0,2,1,1,2,1,1,1,1,1,1,,,,,,0,,0,00,1,1,1,1
Public Method,"org.apache.pdfbox.pdmodel.interactive.annotation.layout.PlainTextFormatter.Builder.initialOffset(float,float)",pdfbox/src/main/java/org/apache/pdfbox/pdmodel/interactive/annotation/layout/PlainTextFormatter.java,,,,,,,,,,,,,,,,,,,,,,,,,3,6,0,6,1,3,0,3,1,3,4,1,3,1,1,1,1,,,,,,0,,0,00,1,1,1,1
Public Method,"org.apache.pdfbox.pdmodel.interactive.annotation.layout.PlainTextFormatter.Builder.style(AppearanceStyle)",pdfbox/src/main/java/org/apache/pdfbox/pdmodel/interactive/annotation/layout/PlainTextFormatter.java,,,,,,,,,,,,,,,,,,,,,,,,,2,5,0,5,1,2,0,2,1,2,3,1,2,1,1,1,1,,,,,,0,,0,00,1,1,1,1
Public Method,"org.apache.pdfbox.pdmodel.interactive.annotation.layout.PlainTextFormatter.Builder.text(PlainText)",pdfbox/src/main/java/org/apache/pdfbox/pdmodel/interactive/annotation/layout/PlainTextFormatter.java,,,,,,,,,,,,,,,,,,,,,,,,,2,5,0,5,1,2,0,2,1,2,3,1,2,1,1,1,1,,,,,,0,,0,00,1,1,1,1
Public Method,"org.apache.pdfbox.pdmodel.interactive.annotation.layout.PlainTextFormatter.Builder.textAlign(TextAlign)",pdfbox/src/main/java/org/apache/pdfbox/pdmodel/interactive/annotation/layout/PlainTextFormatter.java,,,,,,,,,,,,,,,,,,,,,,,,,1,5,0,5,1,2,0,2,1,2,3,1,2,1,1,1,1,,,,,,0,,0,00,1,1,1,1
Public Method,"org.apache.pdfbox.pdmodel.interactive.annotation.layout.PlainTextFormatter.Builder.textAlign(int)",pdfbox/src/main/java/org/apache/pdfbox/pdmodel/interactive/annotation/layout/PlainTextFormatter.java,,,,,,,,,,,,,,,,,,,,,,,,,1,5,0,5,1,2,0,3,1,2,3,1,2,1,1,1,1,,,,,,0,,0,00,1,1,1,1
Public Method,"org.apache.pdfbox.pdmodel.interactive.annotation.layout.PlainTextFormatter.Builder.width(float)",pdfbox/src/main/java/org/apache/pdfbox/pdmodel/interactive/annotation/layout/PlainTextFormatter.java,,,,,,,,,,,,,,,,,,,,,,,,,2,5,0,5,1,2,0,2,1,2,3,1,2,1,1,1,1,,,,,,0,,0,00,1,1,1,1
Public Method,"org.apache.pdfbox.pdmodel.interactive.annotation.layout.PlainTextFormatter.Builder.wrapLines(boolean)",pdfbox/src/main/java/org/apache/pdfbox/pdmodel/interactive/annotation/layout/PlainTextFormatter.java,,,,,,,,,,,,,,,,,,,,,,,,,2,5,0,5,1,2,0,2,1,2,3,1,2,1,1,1,1,,,,,,0,,0,00,1,1,1,1
Private Constructor,"org.apache.pdfbox.pdmodel.interactive.annotation.layout.PlainTextFormatter.PlainTextFormatter(Builder)",pdfbox/src/main/java/org/apache/pdfbox/pdmodel/interactive/annotation/layout/PlainTextFormatter.java,,,,,,,,,,,,,,,,,,,,,,,,,10,11,0,11,1,8,0,9,1,8,9,1,8,1,1,1,1,,,,,,0,,0,00,1,1,1,1
Enum Type,"org.apache.pdfbox.pdmodel.interactive.annotation.layout.PlainTextFormatter.TextAlign",pdfbox/src/main/java/org/apache/pdfbox/pdmodel/interactive/annotation/layout/PlainTextFormatter.java,1,1,1,1,3,0,3,0,1,1,0,,1,0,,,4,5,5,31,1,1,0,3,,28,4,24,6,6,0,,,6,12,6,6,,,,,3,3,3,3,1,2,,0,00,5,5,5,5
Private Constructor,"org.apache.pdfbox.pdmodel.interactive.annotation.layout.PlainTextFormatter.TextAlign.TextAlign(int)",pdfbox/src/main/java/org/apache/pdfbox/pdmodel/interactive/annotation/layout/PlainTextFormatter.java,,,,,,,,,,,,,,,,,,,,,,,,,1,4,0,4,1,1,0,2,1,1,2,1,1,1,1,1,1,,,,,,0,,0,00,1,1,1,1
Method,"org.apache.pdfbox.pdmodel.interactive.annotation.layout.PlainTextFormatter.TextAlign.getTextAlign()",pdfbox/src/main/java/org/apache/pdfbox/pdmodel/interactive/annotation/layout/PlainTextFormatter.java,,,,,,,,,,,,,,,,,,,,,,,,,2,4,0,4,1,1,0,1,1,1,2,1,1,1,1,1,1,,,,,,0,,0,00,1,1,1,1
Public Implicit Method,"org.apache.pdfbox.pdmodel.interactive.annotation.layout.PlainTextFormatter.TextAlign.valueOf()",pdfbox/src/main/java/org/apache/pdfbox/pdmodel/interactive/annotation/layout/PlainTextFormatter.java,,,,,,,,,,,,,,,,,,,,,,,,,,,,,,,,,,,,,,,,,,,,,,,,,0,00,0,0,0,0
Public Static Method,"org.apache.pdfbox.pdmodel.interactive.annotation.layout.PlainTextFormatter.TextAlign.valueOf(int)",pdfbox/src/main/java/org/apache/pdfbox/pdmodel/interactive/annotation/layout/PlainTextFormatter.java,,,,,,,,,,,,,,,,,,,,,,,,,3,11,0,11,1,4,0,3,3,2,6,2,4,3,3,3,3,,,,,,2,,0,00,3,3,3,3
Public Implicit Method,"org.apache.pdfbox.pdmodel.interactive.annotation.layout.PlainTextFormatter.TextAlign.values()",pdfbox/src/main/java/org/apache/pdfbox/pdmodel/interactive/annotation/layout/PlainTextFormatter.java,,,,,,,,,,,,,,,,,,,,,,,,,,,,,,,,,,,,,,,,,,,,,,,,,0,00,0,0,0,0
Public Method,"org.apache.pdfbox.pdmodel.interactive.annotation.layout.PlainTextFormatter.format()",pdfbox/src/main/java/org/apache/pdfbox/pdmodel/interactive/annotation/layout/PlainTextFormatter.java,,,,,,,,,,,,,,,,,,,,,,,,,13,52,4,43,7,28,5,10,7,13,20,6,16,8,6,9,1,,,,,,5,,0,12,8,6,9,1
Private Method,"org.apache.pdfbox.pdmodel.interactive.annotation.layout.PlainTextFormatter.processLines(List<Line>,boolean)",pdfbox/src/main/java/org/apache/pdfbox/pdmodel/interactive/annotation/layout/PlainTextFormatter.java,,,,,,,,,,,,,,,,,,,,,,,,,13,68,6,52,8,34,10,14,31,24,33,10,24,9,7,10,1,,,,,,3,,0,19,9,7,10,1
Package,"org.apache.pdfbox.pdmodel.interactive.digitalsignature",pdfbox/src/main/java/org/apache/pdfbox/pdmodel/interactive/digitalsignature/COSFilterInputStream.java,1,1,1,1,11,0,5,5,,,,12,2,23,12,,171,15,173,,3,7,0,163,,2687,229,1158,375,397,1310,,,431,671,370,350,,,,,5,5,6,1,,4,,1,13,232,232,239,172
Public Class,"org.apache.pdfbox.pdmodel.interactive.digitalsignature.COSFilterInputStream",pdfbox/src/main/java/org/apache/pdfbox/pdmodel/interactive/digitalsignature/COSFilterInputStream.java,1,1,2,1,8,0,8,0,1,6,0,,0,0,,,9,3,9,47,0,3,0,6,,97,9,81,19,32,9,,,28,44,17,30,,,,,4,4,4,1,1,3,55,0,11,15,15,19,9
Public Constructor,"org.apache.pdfbox.pdmodel.interactive.digitalsignature.COSFilterInputStream.COSFilterInputStream(InputStream,int[])",pdfbox/src/main/java/org/apache/pdfbox/pdmodel/interactive/digitalsignature/COSFilterInputStream.java,,,,,,,,,,,,,,,,,,,,,,,,,6,5,0,5,1,2,0,3,1,2,3,1,2,1,1,1,1,,,,,,0,,0,00,1,1,1,1
Public Constructor,"org.apache.pdfbox.pdmodel.interactive.digitalsignature.COSFilterInputStream.COSFilterInputStream(byte[],int[])",pdfbox/src/main/java/org/apache/pdfbox/pdmodel/interactive/digitalsignature/COSFilterInputStream.java,,,,,,,,,,,,,,,,,,,,,,,,,4,4,0,4,1,1,0,3,1,1,2,1,1,1,1,1,1,,,,,,0,,0,00,1,1,1,1
Private Method,"org.apache.pdfbox.pdmodel.interactive.digitalsignature.COSFilterInputStream.calculateRanges(int[])",pdfbox/src/main/java/org/apache/pdfbox/pdmodel/interactive/digitalsignature/COSFilterInputStream.java,,,,,,,,,,,,,,,,,,,,,,,,,3,9,0,9,1,4,0,2,2,5,7,2,5,2,2,2,1,,,,,,1,,0,00,2,2,2,1
Private Method,"org.apache.pdfbox.pdmodel.interactive.digitalsignature.COSFilterInputStream.getRemaining()",pdfbox/src/main/java/org/apache/pdfbox/pdmodel/interactive/digitalsignature/COSFilterInputStream.java,,,,,,,,,,,,,,,,,,,,,,,,,5,4,0,4,1,1,0,1,1,1,2,1,1,1,1,1,1,,,,,,0,,0,00,1,1,1,1
Private Method,"org.apache.pdfbox.pdmodel.interactive.digitalsignature.COSFilterInputStream.nextRange()",pdfbox/src/main/java/org/apache/pdfbox/pdmodel/interactive/digitalsignature/COSFilterInputStream.java,,,,,,,,,,,,,,,,,,,,,,,,,6,22,0,22,2,11,0,6,4,6,10,2,9,4,4,4,1,,,,,,3,,0,00,4,4,4,1
Public Method,"org.apache.pdfbox.pdmodel.interactive.digitalsignature.COSFilterInputStream.read()",pdfbox/src/main/java/org/apache/pdfbox/pdmodel/interactive/digitalsignature/COSFilterInputStream.java,,,,,,,,,,,,,,,,,,,,,,,,,1,11,0,11,3,5,1,5,2,4,6,2,5,2,2,4,1,,,,,,1,,0,09,2,2,4,1
Public Method,"org.apache.pdfbox.pdmodel.interactive.digitalsignature.COSFilterInputStream.read(byte[])",pdfbox/src/main/java/org/apache/pdfbox/pdmodel/interactive/digitalsignature/COSFilterInputStream.java,,,,,,,,,,,,,,,,,,,,,,,,,2,5,0,5,2,1,0,2,1,1,2,1,1,1,1,1,1,,,,,,0,,0,00,1,1,1,1
Public Method,"org.apache.pdfbox.pdmodel.interactive.digitalsignature.COSFilterInputStream.read(byte[],int,int)",pdfbox/src/main/java/org/apache/pdfbox/pdmodel/interactive/digitalsignature/COSFilterInputStream.java,,,,,,,,,,,,,,,,,,,,,,,,,5,11,0,11,3,5,1,6,2,4,6,2,5,2,2,4,1,,,,,,1,,0,09,2,2,4,1
Public Method,"org.apache.pdfbox.pdmodel.interactive.digitalsignature.COSFilterInputStream.toByteArray()",pdfbox/src/main/java/org/apache/pdfbox/pdmodel/interactive/digitalsignature/COSFilterInputStream.java,,,,,,,,,,,,,,,,,,,,,,,,,2,4,0,4,1,1,0,2,1,1,2,1,1,1,1,1,1,,,,,,0,,0,00,1,1,1,1
Public Interface,"org.apache.pdfbox.pdmodel.interactive.digitalsignature.ExternalSigningSupport",pdfbox/src/main/java/org/apache/pdfbox/pdmodel/interactive/digitalsignature/ExternalSigningSupport.java,0,0,0,0,0,0,0,0,0,2,1,,0,0,,,2,0,2,2,2,0,0,0,,18,1,5,3,0,12,,,2,3,3,0,,,,,0,0,0,0,0,0,0,2,40,0,0,0,0
Abstract Method,"org.apache.pdfbox.pdmodel.interactive.digitalsignature.ExternalSigningSupport.getContent()",pdfbox/src/main/java/org/apache/pdfbox/pdmodel/interactive/digitalsignature/ExternalSigningSupport.java,,,,,,,,,,,,,,,,,,,,,,,,,5,6,0,1,1,0,5,1,0,1,1,1,0,0,0,0,0,,,,,,0,,5,00,0,0,0,0
Abstract Method,"org.apache.pdfbox.pdmodel.interactive.digitalsignature.ExternalSigningSupport.setSignature(byte[])",pdfbox/src/main/java/org/apache/pdfbox/pdmodel/interactive/digitalsignature/ExternalSigningSupport.java,,,,,,,,,,,,,,,,,,,,,,,,,3,8,0,1,1,0,7,0,0,1,1,1,0,0,0,0,0,,,,,,0,,7,00,0,0,0,0
Public Class,"org.apache.pdfbox.pdmodel.interactive.digitalsignature.PDPropBuild",pdfbox/src/main/java/org/apache/pdfbox/pdmodel/interactive/digitalsignature/PDPropBuild.java,1,1,1,1,11,0,6,5,2,5,0,,0,0,,,9,1,9,21,0,0,0,9,,129,9,61,18,23,61,,,21,34,17,20,,,,,2,2,2,1,1,1,0,1,00,12,12,12,9
Public Constructor,"org.apache.pdfbox.pdmodel.interactive.digitalsignature.PDPropBuild.PDPropBuild()",pdfbox/src/main/java/org/apache/pdfbox/pdmodel/interactive/digitalsignature/PDPropBuild.java,,,,,,,,,,,,,,,,,,,,,,,,,1,8,0,5,1,2,4,4,1,2,3,1,2,1,1,1,1,,,,,,0,,0,80,1,1,1,1
Public Constructor,"org.apache.pdfbox.pdmodel.interactive.digitalsignature.PDPropBuild.PDPropBuild(COSDictionary)",pdfbox/src/main/java/org/apache/pdfbox/pdmodel/interactive/digitalsignature/PDPropBuild.java,,,,,,,,,,,,,,,,,,,,,,,,,3,10,0,5,1,2,6,3,1,2,3,1,2,1,1,1,1,,,,,,0,,1,20,1,1,1,1
Public Method,"org.apache.pdfbox.pdmodel.interactive.digitalsignature.PDPropBuild.getApp()",pdfbox/src/main/java/org/apache/pdfbox/pdmodel/interactive/digitalsignature/PDPropBuild.java,,,,,,,,,,,,,,,,,,,,,,,,,2,16,0,10,3,5,6,3,2,4,6,3,4,2,2,2,1,,,,,,1,,0,60,2,2,2,1
Public Method,"org.apache.pdfbox.pdmodel.interactive.digitalsignature.PDPropBuild.getCOSObject()",pdfbox/src/main/java/org/apache/pdfbox/pdmodel/interactive/digitalsignature/PDPropBuild.java,,,,,,,,,,,,,,,,,,,,,,,,,1,10,0,5,2,1,5,1,1,1,2,1,1,1,1,1,1,,,,,,0,,1,00,1,1,1,1
Public Method,"org.apache.pdfbox.pdmodel.interactive.digitalsignature.PDPropBuild.getFilter()",pdfbox/src/main/java/org/apache/pdfbox/pdmodel/interactive/digitalsignature/PDPropBuild.java,,,,,,,,,,,,,,,,,,,,,,,,,2,16,0,10,3,5,6,3,2,4,6,3,4,2,2,2,1,,,,,,1,,0,60,2,2,2,1
Public Method,"org.apache.pdfbox.pdmodel.interactive.digitalsignature.PDPropBuild.getPubSec()",pdfbox/src/main/java/org/apache/pdfbox/pdmodel/interactive/digitalsignature/PDPropBuild.java,,,,,,,,,,,,,,,,,,,,,,,,,2,16,0,10,3,5,6,3,2,4,6,3,4,2,2,2,1,,,,,,1,,0,60,2,2,2,1
Public Method,"org.apache.pdfbox.pdmodel.interactive.digitalsignature.PDPropBuild.setPDPropBuildApp(PDPropBuildDataDict)",pdfbox/src/main/java/org/apache/pdfbox/pdmodel/interactive/digitalsignature/PDPropBuild.java,,,,,,,,,,,,,,,,,,,,,,,,,3,10,0,4,1,1,6,1,1,1,2,1,1,1,1,1,1,,,,,,0,,1,50,1,1,1,1
Public Method,"org.apache.pdfbox.pdmodel.interactive.digitalsignature.PDPropBuild.setPDPropBuildFilter(PDPropBuildDataDict)",pdfbox/src/main/java/org/apache/pdfbox/pdmodel/interactive/digitalsignature/PDPropBuild.java,,,,,,,,,,,,,,,,,,,,,,,,,3,10,0,4,1,1,6,1,1,1,2,1,1,1,1,1,1,,,,,,0,,1,50,1,1,1,1
Public Method,"org.apache.pdfbox.pdmodel.interactive.digitalsignature.PDPropBuild.setPDPropBuildPubSec(PDPropBuildDataDict)",pdfbox/src/main/java/org/apache/pdfbox/pdmodel/interactive/digitalsignature/PDPropBuild.java,,,,,,,,,,,,,,,,,,,,,,,,,3,9,0,4,1,1,5,1,1,1,2,1,1,1,1,1,1,,,,,,0,,1,25,1,1,1,1
Public Class,"org.apache.pdfbox.pdmodel.interactive.digitalsignature.PDPropBuildDataDict",pdfbox/src/main/java/org/apache/pdfbox/pdmodel/interactive/digitalsignature/PDPropBuildDataDict.java,1,1,1,1,12,0,4,7,2,6,0,,0,0,,,21,1,21,33,0,0,0,21,,286,21,106,26,32,159,,,30,54,25,31,,,,,3,3,3,1,1,2,0,1,50,24,24,24,21
Public Constructor,"org.apache.pdfbox.pdmodel.interactive.digitalsignature.PDPropBuildDataDict.PDPropBuildDataDict()",pdfbox/src/main/java/org/apache/pdfbox/pdmodel/interactive/digitalsignature/PDPropBuildDataDict.java,,,,,,,,,,,,,,,,,,,,,,,,,1,9,0,5,1,2,4,4,1,2,3,1,2,1,1,1,1,,,,,,0,,0,80,1,1,1,1
Public Constructor,"org.apache.pdfbox.pdmodel.interactive.digitalsignature.PDPropBuildDataDict.PDPropBuildDataDict(COSDictionary)",pdfbox/src/main/java/org/apache/pdfbox/pdmodel/interactive/digitalsignature/PDPropBuildDataDict.java,,,,,,,,,,,,,,,,,,,,,,,,,5,11,0,5,1,2,6,3,1,2,3,1,2,1,1,1,1,,,,,,0,,1,20,1,1,1,1
Public Method,"org.apache.pdfbox.pdmodel.interactive.digitalsignature.PDPropBuildDataDict.getCOSObject()",pdfbox/src/main/java/org/apache/pdfbox/pdmodel/interactive/digitalsignature/PDPropBuildDataDict.java,,,,,,,,,,,,,,,,,,,,,,,,,1,10,0,5,2,1,5,1,1,1,2,1,1,1,1,1,1,,,,,,0,,1,00,1,1,1,1
Public Method,"org.apache.pdfbox.pdmodel.interactive.digitalsignature.PDPropBuildDataDict.getDate()",pdfbox/src/main/java/org/apache/pdfbox/pdmodel/interactive/digitalsignature/PDPropBuildDataDict.java,,,,,,,,,,,,,,,,,,,,,,,,,2,11,0,4,1,1,7,2,1,1,2,1,1,1,1,1,1,,,,,,0,,1,75,1,1,1,1
Public Method,"org.apache.pdfbox.pdmodel.interactive.digitalsignature.PDPropBuildDataDict.getMinimumRevision()",pdfbox/src/main/java/org/apache/pdfbox/pdmodel/interactive/digitalsignature/PDPropBuildDataDict.java,,,,,,,,,,,,,,,,,,,,,,,,,2,13,0,4,1,1,9,2,1,1,2,1,1,1,1,1,1,,,,,,0,,2,25,1,1,1,1
Public Method,"org.apache.pdfbox.pdmodel.interactive.digitalsignature.PDPropBuildDataDict.getName()",pdfbox/src/main/java/org/apache/pdfbox/pdmodel/interactive/digitalsignature/PDPropBuildDataDict.java,,,,,,,,,,,,,,,,,,,,,,,,,2,8,0,4,1,1,4,2,1,1,2,1,1,1,1,1,1,,,,,,0,,1,00,1,1,1,1
Public Method,"org.apache.pdfbox.pdmodel.interactive.digitalsignature.PDPropBuildDataDict.getNonEFontNoWarn()",pdfbox/src/main/java/org/apache/pdfbox/pdmodel/interactive/digitalsignature/PDPropBuildDataDict.java,,,,,,,,,,,,,,,,,,,,,,,,,2,14,0,4,1,1,10,2,1,1,2,1,1,1,1,1,1,,,,,,0,,2,50,1,1,1,1
Public Method,"org.apache.pdfbox.pdmodel.interactive.digitalsignature.PDPropBuildDataDict.getOS()",pdfbox/src/main/java/org/apache/pdfbox/pdmodel/interactive/digitalsignature/PDPropBuildDataDict.java,,,,,,,,,,,,,,,,,,,,,,,,,2,18,0,5,2,2,13,4,1,2,3,2,2,2,2,2,1,,,,,,0,,2,60,2,2,2,1
Public Method,"org.apache.pdfbox.pdmodel.interactive.digitalsignature.PDPropBuildDataDict.getPreRelease()",pdfbox/src/main/java/org/apache/pdfbox/pdmodel/interactive/digitalsignature/PDPropBuildDataDict.java,,,,,,,,,,,,,,,,,,,,,,,,,2,10,0,4,1,1,6,2,1,1,2,1,1,1,1,1,1,,,,,,0,,1,50,1,1,1,1
Public Method,"org.apache.pdfbox.pdmodel.interactive.digitalsignature.PDPropBuildDataDict.getRevision()",pdfbox/src/main/java/org/apache/pdfbox/pdmodel/interactive/digitalsignature/PDPropBuildDataDict.java,,,,,,,,,,,,,,,,,,,,,,,,,2,9,0,4,1,1,5,2,1,1,2,1,1,1,1,1,1,,,,,,0,,1,25,1,1,1,1
Public Method,"org.apache.pdfbox.pdmodel.interactive.digitalsignature.PDPropBuildDataDict.getTrustedMode()",pdfbox/src/main/java/org/apache/pdfbox/pdmodel/interactive/digitalsignature/PDPropBuildDataDict.java,,,,,,,,,,,,,,,,,,,,,,,,,2,10,0,4,1,1,6,2,1,1,2,1,1,1,1,1,1,,,,,,0,,1,50,1,1,1,1
Public Method,"org.apache.pdfbox.pdmodel.interactive.digitalsignature.PDPropBuildDataDict.getVersion()",pdfbox/src/main/java/org/apache/pdfbox/pdmodel/interactive/digitalsignature/PDPropBuildDataDict.java,,,,,,,,,,,,,,,,,,,,,,,,,1,11,0,4,1,1,7,2,1,1,2,1,1,1,1,1,1,,,,,,0,,1,75,1,1,1,1
Public Method,"org.apache.pdfbox.pdmodel.interactive.digitalsignature.PDPropBuildDataDict.setDate(String)",pdfbox/src/main/java/org/apache/pdfbox/pdmodel/interactive/digitalsignature/PDPropBuildDataDict.java,,,,,,,,,,,,,,,,,,,,,,,,,3,9,0,4,1,1,5,1,1,1,2,1,1,1,1,1,1,,,,,,0,,1,25,1,1,1,1
Public Method,"org.apache.pdfbox.pdmodel.interactive.digitalsignature.PDPropBuildDataDict.setMinimumRevision(long)",pdfbox/src/main/java/org/apache/pdfbox/pdmodel/interactive/digitalsignature/PDPropBuildDataDict.java,,,,,,,,,,,,,,,,,,,,,,,,,3,13,0,4,1,1,9,1,1,1,2,1,1,1,1,1,1,,,,,,0,,2,25,1,1,1,1
Public Method,"org.apache.pdfbox.pdmodel.interactive.digitalsignature.PDPropBuildDataDict.setName(String)",pdfbox/src/main/java/org/apache/pdfbox/pdmodel/interactive/digitalsignature/PDPropBuildDataDict.java,,,,,,,,,,,,,,,,,,,,,,,,,3,9,0,4,1,1,5,1,1,1,2,1,1,1,1,1,1,,,,,,0,,1,25,1,1,1,1
Public Method,"org.apache.pdfbox.pdmodel.interactive.digitalsignature.PDPropBuildDataDict.setNonEFontNoWarn(boolean)",pdfbox/src/main/java/org/apache/pdfbox/pdmodel/interactive/digitalsignature/PDPropBuildDataDict.java,,,,,,,,,,,,,,,,,,,,,,,,,3,21,0,4,1,1,17,1,1,1,2,1,1,1,1,1,1,,,,,,0,,4,25,1,1,1,1
Public Method,"org.apache.pdfbox.pdmodel.interactive.digitalsignature.PDPropBuildDataDict.setOS(String)",pdfbox/src/main/java/org/apache/pdfbox/pdmodel/interactive/digitalsignature/PDPropBuildDataDict.java,,,,,,,,,,,,,,,,,,,,,,,,,3,25,0,18,2,9,7,7,3,6,9,2,8,3,3,3,1,,,,,,2,,0,39,3,3,3,1
Public Method,"org.apache.pdfbox.pdmodel.interactive.digitalsignature.PDPropBuildDataDict.setPreRelease(boolean)",pdfbox/src/main/java/org/apache/pdfbox/pdmodel/interactive/digitalsignature/PDPropBuildDataDict.java,,,,,,,,,,,,,,,,,,,,,,,,,3,11,0,4,1,1,7,1,1,1,2,1,1,1,1,1,1,,,,,,0,,1,75,1,1,1,1
Public Method,"org.apache.pdfbox.pdmodel.interactive.digitalsignature.PDPropBuildDataDict.setRevision(long)",pdfbox/src/main/java/org/apache/pdfbox/pdmodel/interactive/digitalsignature/PDPropBuildDataDict.java,,,,,,,,,,,,,,,,,,,,,,,,,3,9,0,4,1,1,5,1,1,1,2,1,1,1,1,1,1,,,,,,0,,1,25,1,1,1,1
Public Method,"org.apache.pdfbox.pdmodel.interactive.digitalsignature.PDPropBuildDataDict.setTrustedMode(boolean)",pdfbox/src/main/java/org/apache/pdfbox/pdmodel/interactive/digitalsignature/PDPropBuildDataDict.java,,,,,,,,,,,,,,,,,,,,,,,,,3,9,0,4,1,1,5,1,1,1,2,1,1,1,1,1,1,,,,,,0,,1,25,1,1,1,1
Public Method,"org.apache.pdfbox.pdmodel.interactive.digitalsignature.PDPropBuildDataDict.setVersion(String)",pdfbox/src/main/java/org/apache/pdfbox/pdmodel/interactive/digitalsignature/PDPropBuildDataDict.java,,,,,,,,,,,,,,,,,,,,,,,,,2,15,0,4,1,1,11,1,1,1,2,1,1,1,1,1,1,,,,,,0,,2,75,1,1,1,1
Public Class,"org.apache.pdfbox.pdmodel.interactive.digitalsignature.PDSeedValue",pdfbox/src/main/java/org/apache/pdfbox/pdmodel/interactive/digitalsignature/PDSeedValue.java,1,1,1,1,11,0,4,6,2,13,0,,0,8,,,35,1,35,47,0,0,0,35,,483,44,185,54,67,260,,,55,96,53,51,,,,,3,3,3,1,1,2,40,1,41,46,46,46,35
Public Constructor,"org.apache.pdfbox.pdmodel.interactive.digitalsignature.PDSeedValue.PDSeedValue()",pdfbox/src/main/java/org/apache/pdfbox/pdmodel/interactive/digitalsignature/PDSeedValue.java,,,,,,,,,,,,,,,,,,,,,,,,,3,9,0,6,1,3,4,5,1,3,4,1,3,1,1,1,1,,,,,,0,,0,67,1,1,1,1
Public Constructor,"org.apache.pdfbox.pdmodel.interactive.digitalsignature.PDSeedValue.PDSeedValue(COSDictionary)",pdfbox/src/main/java/org/apache/pdfbox/pdmodel/interactive/digitalsignature/PDSeedValue.java,,,,,,,,,,,,,,,,,,,,,,,,,3,10,0,5,1,2,6,3,1,2,3,1,2,1,1,1,1,,,,,,0,,1,20,1,1,1,1
Public Method,"org.apache.pdfbox.pdmodel.interactive.digitalsignature.PDSeedValue.getCOSObject()",pdfbox/src/main/java/org/apache/pdfbox/pdmodel/interactive/digitalsignature/PDSeedValue.java,,,,,,,,,,,,,,,,,,,,,,,,,15,10,0,5,2,1,5,1,1,1,2,1,1,1,1,1,1,,,,,,0,,1,00,1,1,1,1
Public Method,"org.apache.pdfbox.pdmodel.interactive.digitalsignature.PDSeedValue.getDigestMethod()",pdfbox/src/main/java/org/apache/pdfbox/pdmodel/interactive/digitalsignature/PDSeedValue.java,,,,,,,,,,,,,,,,,,,,,,,,,2,12,0,5,2,2,7,4,1,2,3,2,2,2,2,2,1,,,,,,0,,1,40,2,2,2,1
Public Method,"org.apache.pdfbox.pdmodel.interactive.digitalsignature.PDSeedValue.getFilter()",pdfbox/src/main/java/org/apache/pdfbox/pdmodel/interactive/digitalsignature/PDSeedValue.java,,,,,,,,,,,,,,,,,,,,,,,,,2,13,0,4,1,1,9,2,1,1,2,1,1,1,1,1,1,,,,,,0,,2,25,1,1,1,1
Public Method,"org.apache.pdfbox.pdmodel.interactive.digitalsignature.PDSeedValue.getLegalAttestation()",pdfbox/src/main/java/org/apache/pdfbox/pdmodel/interactive/digitalsignature/PDSeedValue.java,,,,,,,,,,,,,,,,,,,,,,,,,2,11,0,5,2,2,6,4,1,2,3,2,2,2,2,2,1,,,,,,0,,1,20,2,2,2,1
Public Method,"org.apache.pdfbox.pdmodel.interactive.digitalsignature.PDSeedValue.getMDP()",pdfbox/src/main/java/org/apache/pdfbox/pdmodel/interactive/digitalsignature/PDSeedValue.java,,,,,,,,,,,,,,,,,,,,,,,,,2,18,0,5,2,2,13,3,1,2,3,2,2,2,2,2,1,,,,,,0,,2,60,2,2,2,1
Public Method,"org.apache.pdfbox.pdmodel.interactive.digitalsignature.PDSeedValue.getReasons()",pdfbox/src/main/java/org/apache/pdfbox/pdmodel/interactive/digitalsignature/PDSeedValue.java,,,,,,,,,,,,,,,,,,,,,,,,,2,14,0,5,2,2,9,4,1,2,3,2,2,2,2,2,1,,,,,,0,,1,80,2,2,2,1
Public Method,"org.apache.pdfbox.pdmodel.interactive.digitalsignature.PDSeedValue.getSeedValueCertificate()",pdfbox/src/main/java/org/apache/pdfbox/pdmodel/interactive/digitalsignature/PDSeedValue.java,,,,,,,,,,,,,,,,,,,,,,,,,2,11,0,5,2,2,6,3,1,2,3,2,2,2,2,2,1,,,,,,0,,1,20,2,2,2,1
Public Method,"org.apache.pdfbox.pdmodel.interactive.digitalsignature.PDSeedValue.getSubFilter()",pdfbox/src/main/java/org/apache/pdfbox/pdmodel/interactive/digitalsignature/PDSeedValue.java,,,,,,,,,,,,,,,,,,,,,,,,,2,15,0,5,2,2,10,4,1,2,3,2,2,2,2,2,1,,,,,,0,,2,00,2,2,2,1
Public Method,"org.apache.pdfbox.pdmodel.interactive.digitalsignature.PDSeedValue.getTimeStamp()",pdfbox/src/main/java/org/apache/pdfbox/pdmodel/interactive/digitalsignature/PDSeedValue.java,,,,,,,,,,,,,,,,,,,,,,,,,2,12,0,5,2,2,7,3,1,2,3,2,2,2,2,2,1,,,,,,0,,1,40,2,2,2,1
Public Method,"org.apache.pdfbox.pdmodel.interactive.digitalsignature.PDSeedValue.getV()",pdfbox/src/main/java/org/apache/pdfbox/pdmodel/interactive/digitalsignature/PDSeedValue.java,,,,,,,,,,,,,,,,,,,,,,,,,2,14,0,4,1,1,10,2,1,1,2,1,1,1,1,1,1,,,,,,0,,2,50,1,1,1,1
Public Method,"org.apache.pdfbox.pdmodel.interactive.digitalsignature.PDSeedValue.isAddRevInfoRequired()",pdfbox/src/main/java/org/apache/pdfbox/pdmodel/interactive/digitalsignature/PDSeedValue.java,,,,,,,,,,,,,,,,,,,,,,,,,2,8,0,4,1,1,4,3,1,1,2,1,1,1,1,1,1,,,,,,0,,1,00,1,1,1,1
Public Method,"org.apache.pdfbox.pdmodel.interactive.digitalsignature.PDSeedValue.isDigestMethodRequired()",pdfbox/src/main/java/org/apache/pdfbox/pdmodel/interactive/digitalsignature/PDSeedValue.java,,,,,,,,,,,,,,,,,,,,,,,,,2,8,0,4,1,1,4,3,1,1,2,1,1,1,1,1,1,,,,,,0,,1,00,1,1,1,1
Public Method,"org.apache.pdfbox.pdmodel.interactive.digitalsignature.PDSeedValue.isFilterRequired()",pdfbox/src/main/java/org/apache/pdfbox/pdmodel/interactive/digitalsignature/PDSeedValue.java,,,,,,,,,,,,,,,,,,,,,,,,,2,8,0,4,1,1,4,3,1,1,2,1,1,1,1,1,1,,,,,,0,,1,00,1,1,1,1
Public Method,"org.apache.pdfbox.pdmodel.interactive.digitalsignature.PDSeedValue.isLegalAttestationRequired()",pdfbox/src/main/java/org/apache/pdfbox/pdmodel/interactive/digitalsignature/PDSeedValue.java,,,,,,,,,,,,,,,,,,,,,,,,,2,8,0,4,1,1,4,3,1,1,2,1,1,1,1,1,1,,,,,,0,,1,00,1,1,1,1
Public Method,"org.apache.pdfbox.pdmodel.interactive.digitalsignature.PDSeedValue.isReasonRequired()",pdfbox/src/main/java/org/apache/pdfbox/pdmodel/interactive/digitalsignature/PDSeedValue.java,,,,,,,,,,,,,,,,,,,,,,,,,2,8,0,4,1,1,4,3,1,1,2,1,1,1,1,1,1,,,,,,0,,1,00,1,1,1,1
Public Method,"org.apache.pdfbox.pdmodel.interactive.digitalsignature.PDSeedValue.isSubFilterRequired()",pdfbox/src/main/java/org/apache/pdfbox/pdmodel/interactive/digitalsignature/PDSeedValue.java,,,,,,,,,,,,,,,,,,,,,,,,,2,8,0,4,1,1,4,3,1,1,2,1,1,1,1,1,1,,,,,,0,,1,00,1,1,1,1
Public Method,"org.apache.pdfbox.pdmodel.interactive.digitalsignature.PDSeedValue.isVRequired()",pdfbox/src/main/java/org/apache/pdfbox/pdmodel/interactive/digitalsignature/PDSeedValue.java,,,,,,,,,,,,,,,,,,,,,,,,,2,8,0,4,1,1,4,3,1,1,2,1,1,1,1,1,1,,,,,,0,,1,00,1,1,1,1
Public Method,"org.apache.pdfbox.pdmodel.interactive.digitalsignature.PDSeedValue.setAddRevInfoRequired(boolean)",pdfbox/src/main/java/org/apache/pdfbox/pdmodel/interactive/digitalsignature/PDSeedValue.java,,,,,,,,,,,,,,,,,,,,,,,,,3,9,0,4,1,1,5,2,1,1,2,1,1,1,1,1,1,,,,,,0,,1,25,1,1,1,1
Public Method,"org.apache.pdfbox.pdmodel.interactive.digitalsignature.PDSeedValue.setDigestMethod(List<String>)",pdfbox/src/main/java/org/apache/pdfbox/pdmodel/interactive/digitalsignature/PDSeedValue.java,,,,,,,,,,,,,,,,,,,,,,,,,4,26,0,13,1,6,13,4,3,2,6,2,4,3,3,3,1,,,,,,2,,1,00,3,3,3,1
Public Method,"org.apache.pdfbox.pdmodel.interactive.digitalsignature.PDSeedValue.setDigestMethodRequired(boolean)",pdfbox/src/main/java/org/apache/pdfbox/pdmodel/interactive/digitalsignature/PDSeedValue.java,,,,,,,,,,,,,,,,,,,,,,,,,3,9,0,4,1,1,5,2,1,1,2,1,1,1,1,1,1,,,,,,0,,1,25,1,1,1,1
Public Method,"org.apache.pdfbox.pdmodel.interactive.digitalsignature.PDSeedValue.setFilter(COSName)",pdfbox/src/main/java/org/apache/pdfbox/pdmodel/interactive/digitalsignature/PDSeedValue.java,,,,,,,,,,,,,,,,,,,,,,,,,3,9,0,4,1,1,5,1,1,1,2,1,1,1,1,1,1,,,,,,0,,1,25,1,1,1,1
Public Method,"org.apache.pdfbox.pdmodel.interactive.digitalsignature.PDSeedValue.setFilterRequired(boolean)",pdfbox/src/main/java/org/apache/pdfbox/pdmodel/interactive/digitalsignature/PDSeedValue.java,,,,,,,,,,,,,,,,,,,,,,,,,3,9,0,4,1,1,5,2,1,1,2,1,1,1,1,1,1,,,,,,0,,1,25,1,1,1,1
Public Method,"org.apache.pdfbox.pdmodel.interactive.digitalsignature.PDSeedValue.setLegalAttestation(List<String>)",pdfbox/src/main/java/org/apache/pdfbox/pdmodel/interactive/digitalsignature/PDSeedValue.java,,,,,,,,,,,,,,,,,,,,,,,,,3,12,0,5,1,2,7,2,1,1,2,1,1,1,1,1,1,,,,,,0,,1,40,1,1,1,1
Public Method,"org.apache.pdfbox.pdmodel.interactive.digitalsignature.PDSeedValue.setLegalAttestationRequired(boolean)",pdfbox/src/main/java/org/apache/pdfbox/pdmodel/interactive/digitalsignature/PDSeedValue.java,,,,,,,,,,,,,,,,,,,,,,,,,3,9,0,4,1,1,5,2,1,1,2,1,1,1,1,1,1,,,,,,0,,1,25,1,1,1,1
Public Method,"org.apache.pdfbox.pdmodel.interactive.digitalsignature.PDSeedValue.setMPD(PDSeedValueMDP)",pdfbox/src/main/java/org/apache/pdfbox/pdmodel/interactive/digitalsignature/PDSeedValue.java,,,,,,,,,,,,,,,,,,,,,,,,,3,20,0,7,1,2,13,2,2,1,3,1,2,2,2,2,1,,,,,,1,,1,86,2,2,2,1
Public Method,"org.apache.pdfbox.pdmodel.interactive.digitalsignature.PDSeedValue.setReasonRequired(boolean)",pdfbox/src/main/java/org/apache/pdfbox/pdmodel/interactive/digitalsignature/PDSeedValue.java,,,,,,,,,,,,,,,,,,,,,,,,,3,9,0,4,1,1,5,2,1,1,2,1,1,1,1,1,1,,,,,,0,,1,25,1,1,1,1
Public Method,"org.apache.pdfbox.pdmodel.interactive.digitalsignature.PDSeedValue.setReasons(List<String>)",pdfbox/src/main/java/org/apache/pdfbox/pdmodel/interactive/digitalsignature/PDSeedValue.java,,,,,,,,,,,,,,,,,,,,,,,,,3,11,0,4,1,1,7,2,1,1,2,1,1,1,1,1,1,,,,,,0,,1,75,1,1,1,1
Public Method,"org.apache.pdfbox.pdmodel.interactive.digitalsignature.PDSeedValue.setSeedValueCertificate(PDSeedValueCertificate)",pdfbox/src/main/java/org/apache/pdfbox/pdmodel/interactive/digitalsignature/PDSeedValue.java,,,,,,,,,,,,,,,,,,,,,,,,,3,10,0,4,1,1,6,1,1,1,2,1,1,1,1,1,1,,,,,,0,,1,50,1,1,1,1
Public Method,"org.apache.pdfbox.pdmodel.interactive.digitalsignature.PDSeedValue.setSubFilter(List<String>)",pdfbox/src/main/java/org/apache/pdfbox/pdmodel/interactive/digitalsignature/PDSeedValue.java,,,,,,,,,,,,,,,,,,,,,,,,,3,12,0,5,1,2,7,2,1,1,2,1,1,1,1,1,1,,,,,,0,,1,40,1,1,1,1
Public Method,"org.apache.pdfbox.pdmodel.interactive.digitalsignature.PDSeedValue.setSubFilterRequired(boolean)",pdfbox/src/main/java/org/apache/pdfbox/pdmodel/interactive/digitalsignature/PDSeedValue.java,,,,,,,,,,,,,,,,,,,,,,,,,3,9,0,4,1,1,5,2,1,1,2,1,1,1,1,1,1,,,,,,0,,1,25,1,1,1,1
Public Method,"org.apache.pdfbox.pdmodel.interactive.digitalsignature.PDSeedValue.setTimeStamp(PDSeedValueTimeStamp)",pdfbox/src/main/java/org/apache/pdfbox/pdmodel/interactive/digitalsignature/PDSeedValue.java,,,,,,,,,,,,,,,,,,,,,,,,,3,14,0,7,1,2,7,2,2,1,3,1,2,2,2,2,1,,,,,,1,,1,00,2,2,2,1
Public Method,"org.apache.pdfbox.pdmodel.interactive.digitalsignature.PDSeedValue.setV(float)",pdfbox/src/main/java/org/apache/pdfbox/pdmodel/interactive/digitalsignature/PDSeedValue.java,,,,,,,,,,,,,,,,,,,,,,,,,3,14,0,4,1,1,10,1,1,1,2,1,1,1,1,1,1,,,,,,0,,2,50,1,1,1,1
Public Method,"org.apache.pdfbox.pdmodel.interactive.digitalsignature.PDSeedValue.setVRequired(boolean)",pdfbox/src/main/java/org/apache/pdfbox/pdmodel/interactive/digitalsignature/PDSeedValue.java,,,,,,,,,,,,,,,,,,,,,,,,,3,9,0,4,1,1,5,2,1,1,2,1,1,1,1,1,1,,,,,,0,,1,25,1,1,1,1
Public Class,"org.apache.pdfbox.pdmodel.interactive.digitalsignature.PDSeedValueCertificate",pdfbox/src/main/java/org/apache/pdfbox/pdmodel/interactive/digitalsignature/PDSeedValueCertificate.java,1,1,1,1,13,0,6,6,2,15,0,,2,6,,,38,1,40,52,0,2,0,38,,607,46,288,75,121,273,,,103,169,78,113,,,,,5,5,5,1,1,4,7,0,95,65,65,65,42
Public Constructor,"org.apache.pdfbox.pdmodel.interactive.digitalsignature.PDSeedValueCertificate.PDSeedValueCertificate()",pdfbox/src/main/java/org/apache/pdfbox/pdmodel/interactive/digitalsignature/PDSeedValueCertificate.java,,,,,,,,,,,,,,,,,,,,,,,,,3,9,0,6,1,3,3,5,1,3,4,1,3,1,1,1,1,,,,,,0,,0,50,1,1,1,1
Public Constructor,"org.apache.pdfbox.pdmodel.interactive.digitalsignature.PDSeedValueCertificate.PDSeedValueCertificate(COSDictionary)",pdfbox/src/main/java/org/apache/pdfbox/pdmodel/interactive/digitalsignature/PDSeedValueCertificate.java,,,,,,,,,,,,,,,,,,,,,,,,,3,10,0,5,1,2,5,3,1,2,3,1,2,1,1,1,1,,,,,,0,,1,00,1,1,1,1
Public Method,"org.apache.pdfbox.pdmodel.interactive.digitalsignature.PDSeedValueCertificate.addIssuer(byte[])",pdfbox/src/main/java/org/apache/pdfbox/pdmodel/interactive/digitalsignature/PDSeedValueCertificate.java,,,,,,,,,,,,,,,,,,,,,,,,,3,17,0,10,2,5,7,5,2,4,6,2,5,2,2,2,1,,,,,,1,,0,70,2,2,2,1
Public Method,"org.apache.pdfbox.pdmodel.interactive.digitalsignature.PDSeedValueCertificate.addKeyUsage(String)",pdfbox/src/main/java/org/apache/pdfbox/pdmodel/interactive/digitalsignature/PDSeedValueCertificate.java,,,,,,,,,,,,,,,,,,,,,,,,,4,24,0,18,3,9,6,9,6,8,12,4,9,4,4,4,1,,,,,,2,,0,33,4,4,4,1
Public Method,"org.apache.pdfbox.pdmodel.interactive.digitalsignature.PDSeedValueCertificate.addKeyUsage(char,char,char,char,char,char,char,char,char)",pdfbox/src/main/java/org/apache/pdfbox/pdmodel/interactive/digitalsignature/PDSeedValueCertificate.java,,,,,,,,,,,,,,,,,,,,,,,,,9,30,1,16,4,11,13,4,1,11,12,2,11,1,1,1,1,,,,,,0,,0,81,1,1,1,1
Public Method,"org.apache.pdfbox.pdmodel.interactive.digitalsignature.PDSeedValueCertificate.addOID(byte[])",pdfbox/src/main/java/org/apache/pdfbox/pdmodel/interactive/digitalsignature/PDSeedValueCertificate.java,,,,,,,,,,,,,,,,,,,,,,,,,3,15,0,10,2,5,5,5,2,4,6,2,5,2,2,2,1,,,,,,1,,0,50,2,2,2,1
Public Method,"org.apache.pdfbox.pdmodel.interactive.digitalsignature.PDSeedValueCertificate.addSubject(byte[])",pdfbox/src/main/java/org/apache/pdfbox/pdmodel/interactive/digitalsignature/PDSeedValueCertificate.java,,,,,,,,,,,,,,,,,,,,,,,,,3,16,0,10,2,5,6,5,2,4,6,2,5,2,2,2,1,,,,,,1,,0,60,2,2,2,1
Private Static Method,"org.apache.pdfbox.pdmodel.interactive.digitalsignature.PDSeedValueCertificate.convertListOfByteArraysToCOSArray(List)",pdfbox/src/main/java/org/apache/pdfbox/pdmodel/interactive/digitalsignature/PDSeedValueCertificate.java,,,,,,,,,,,,,,,,,,,,,,,,,5,6,0,6,2,3,0,3,1,3,4,2,3,1,1,1,1,,,,,,0,,0,00,2,2,2,2
Lambda Method,"org.apache.pdfbox.pdmodel.interactive.digitalsignature.PDSeedValueCertificate.convertListOfByteArraysToCOSArray.(lambda_expr_1)(E (inferred))",pdfbox/src/main/java/org/apache/pdfbox/pdmodel/interactive/digitalsignature/PDSeedValueCertificate.java,,,,,,,,,,,,,,,,,,,,,,,,,1,1,0,1,0,1,0,2,1,0,0,0,0,1,1,1,1,,,,,,0,,0,00,1,1,1,1
Public Method,"org.apache.pdfbox.pdmodel.interactive.digitalsignature.PDSeedValueCertificate.getCOSObject()",pdfbox/src/main/java/org/apache/pdfbox/pdmodel/interactive/digitalsignature/PDSeedValueCertificate.java,,,,,,,,,,,,,,,,,,,,,,,,,1,10,0,5,2,1,5,1,1,1,2,1,1,1,1,1,1,,,,,,0,,1,00,1,1,1,1
Public Method,"org.apache.pdfbox.pdmodel.interactive.digitalsignature.PDSeedValueCertificate.getIssuer()",pdfbox/src/main/java/org/apache/pdfbox/pdmodel/interactive/digitalsignature/PDSeedValueCertificate.java,,,,,,,,,,,,,,,,,,,,,,,,,2,8,0,5,2,2,3,3,1,2,3,2,2,2,2,2,1,,,,,,0,,0,60,2,2,2,1
Public Method,"org.apache.pdfbox.pdmodel.interactive.digitalsignature.PDSeedValueCertificate.getKeyUsage()",pdfbox/src/main/java/org/apache/pdfbox/pdmodel/interactive/digitalsignature/PDSeedValueCertificate.java,,,,,,,,,,,,,,,,,,,,,,,,,2,33,0,17,3,8,16,5,4,5,10,4,8,4,4,4,1,,,,,,3,,0,94,4,4,4,1
Private Static Method,"org.apache.pdfbox.pdmodel.interactive.digitalsignature.PDSeedValueCertificate.getListOfByteArraysFromCOSArray(COSArray)",pdfbox/src/main/java/org/apache/pdfbox/pdmodel/interactive/digitalsignature/PDSeedValueCertificate.java,,,,,,,,,,,,,,,,,,,,,,,,,4,12,0,12,2,5,0,4,3,3,7,3,5,3,3,3,1,,,,,,2,,0,00,3,3,3,1
Public Method,"org.apache.pdfbox.pdmodel.interactive.digitalsignature.PDSeedValueCertificate.getOID()",pdfbox/src/main/java/org/apache/pdfbox/pdmodel/interactive/digitalsignature/PDSeedValueCertificate.java,,,,,,,,,,,,,,,,,,,,,,,,,2,9,0,5,2,2,4,3,1,2,3,2,2,2,2,2,1,,,,,,0,,0,80,2,2,2,1
Public Method,"org.apache.pdfbox.pdmodel.interactive.digitalsignature.PDSeedValueCertificate.getSubject()",pdfbox/src/main/java/org/apache/pdfbox/pdmodel/interactive/digitalsignature/PDSeedValueCertificate.java,,,,,,,,,,,,,,,,,,,,,,,,,2,8,0,5,2,2,3,3,1,2,3,2,2,2,2,2,1,,,,,,0,,0,60,2,2,2,1
Public Method,"org.apache.pdfbox.pdmodel.interactive.digitalsignature.PDSeedValueCertificate.getSubjectDN()",pdfbox/src/main/java/org/apache/pdfbox/pdmodel/interactive/digitalsignature/PDSeedValueCertificate.java,,,,,,,,,,,,,,,,,,,,,,,,,2,29,0,24,6,13,5,10,5,9,16,8,12,5,5,5,1,,,,,,4,,0,21,5,5,5,1
Public Method,"org.apache.pdfbox.pdmodel.interactive.digitalsignature.PDSeedValueCertificate.getURL()",pdfbox/src/main/java/org/apache/pdfbox/pdmodel/interactive/digitalsignature/PDSeedValueCertificate.java,,,,,,,,,,,,,,,,,,,,,,,,,2,7,0,4,1,1,3,2,1,1,2,1,1,1,1,1,1,,,,,,0,,0,75,1,1,1,1
Public Method,"org.apache.pdfbox.pdmodel.interactive.digitalsignature.PDSeedValueCertificate.getURLType()",pdfbox/src/main/java/org/apache/pdfbox/pdmodel/interactive/digitalsignature/PDSeedValueCertificate.java,,,,,,,,,,,,,,,,,,,,,,,,,2,19,0,4,1,1,15,2,1,1,2,1,1,1,1,1,1,,,,,,0,,3,75,1,1,1,1
Public Method,"org.apache.pdfbox.pdmodel.interactive.digitalsignature.PDSeedValueCertificate.isIssuerRequired()",pdfbox/src/main/java/org/apache/pdfbox/pdmodel/interactive/digitalsignature/PDSeedValueCertificate.java,,,,,,,,,,,,,,,,,,,,,,,,,3,8,0,4,1,1,4,2,1,1,2,1,1,1,1,1,1,,,,,,0,,1,00,1,1,1,1
Public Method,"org.apache.pdfbox.pdmodel.interactive.digitalsignature.PDSeedValueCertificate.isKeyUsageRequired()",pdfbox/src/main/java/org/apache/pdfbox/pdmodel/interactive/digitalsignature/PDSeedValueCertificate.java,,,,,,,,,,,,,,,,,,,,,,,,,3,8,0,4,1,1,4,2,1,1,2,1,1,1,1,1,1,,,,,,0,,1,00,1,1,1,1
Public Method,"org.apache.pdfbox.pdmodel.interactive.digitalsignature.PDSeedValueCertificate.isOIDRequired()",pdfbox/src/main/java/org/apache/pdfbox/pdmodel/interactive/digitalsignature/PDSeedValueCertificate.java,,,,,,,,,,,,,,,,,,,,,,,,,3,8,0,4,1,1,4,2,1,1,2,1,1,1,1,1,1,,,,,,0,,1,00,1,1,1,1
Public Method,"org.apache.pdfbox.pdmodel.interactive.digitalsignature.PDSeedValueCertificate.isSubjectDNRequired()",pdfbox/src/main/java/org/apache/pdfbox/pdmodel/interactive/digitalsignature/PDSeedValueCertificate.java,,,,,,,,,,,,,,,,,,,,,,,,,3,8,0,4,1,1,4,2,1,1,2,1,1,1,1,1,1,,,,,,0,,1,00,1,1,1,1
Public Method,"org.apache.pdfbox.pdmodel.interactive.digitalsignature.PDSeedValueCertificate.isSubjectRequired()",pdfbox/src/main/java/org/apache/pdfbox/pdmodel/interactive/digitalsignature/PDSeedValueCertificate.java,,,,,,,,,,,,,,,,,,,,,,,,,3,8,0,4,1,1,4,2,1,1,2,1,1,1,1,1,1,,,,,,0,,1,00,1,1,1,1
Public Method,"org.apache.pdfbox.pdmodel.interactive.digitalsignature.PDSeedValueCertificate.isURLRequired()",pdfbox/src/main/java/org/apache/pdfbox/pdmodel/interactive/digitalsignature/PDSeedValueCertificate.java,,,,,,,,,,,,,,,,,,,,,,,,,3,8,0,4,1,1,4,2,1,1,2,1,1,1,1,1,1,,,,,,0,,1,00,1,1,1,1
Public Method,"org.apache.pdfbox.pdmodel.interactive.digitalsignature.PDSeedValueCertificate.removeIssuer(byte[])",pdfbox/src/main/java/org/apache/pdfbox/pdmodel/interactive/digitalsignature/PDSeedValueCertificate.java,,,,,,,,,,,,,,,,,,,,,,,,,3,13,0,8,2,3,5,3,2,2,4,2,3,2,2,2,1,,,,,,1,,0,62,2,2,2,1
Public Method,"org.apache.pdfbox.pdmodel.interactive.digitalsignature.PDSeedValueCertificate.removeKeyUsage(String)",pdfbox/src/main/java/org/apache/pdfbox/pdmodel/interactive/digitalsignature/PDSeedValueCertificate.java,,,,,,,,,,,,,,,,,,,,,,,,,3,13,0,8,2,3,5,3,2,2,4,2,3,2,2,2,1,,,,,,1,,0,62,2,2,2,1
Public Method,"org.apache.pdfbox.pdmodel.interactive.digitalsignature.PDSeedValueCertificate.removeOID(byte[])",pdfbox/src/main/java/org/apache/pdfbox/pdmodel/interactive/digitalsignature/PDSeedValueCertificate.java,,,,,,,,,,,,,,,,,,,,,,,,,3,13,0,8,2,3,5,3,2,2,4,2,3,2,2,2,1,,,,,,1,,0,62,2,2,2,1
Public Method,"org.apache.pdfbox.pdmodel.interactive.digitalsignature.PDSeedValueCertificate.removeSubject(byte[])",pdfbox/src/main/java/org/apache/pdfbox/pdmodel/interactive/digitalsignature/PDSeedValueCertificate.java,,,,,,,,,,,,,,,,,,,,,,,,,3,13,0,8,2,3,5,3,2,2,4,2,3,2,2,2,1,,,,,,1,,0,62,2,2,2,1
Public Method,"org.apache.pdfbox.pdmodel.interactive.digitalsignature.PDSeedValueCertificate.setIssuer(List)",pdfbox/src/main/java/org/apache/pdfbox/pdmodel/interactive/digitalsignature/PDSeedValueCertificate.java,,,,,,,,,,,,,,,,,,,,,,,,,3,11,0,4,1,1,7,2,1,1,2,1,1,1,1,1,1,,,,,,0,,1,75,1,1,1,1
Public Method,"org.apache.pdfbox.pdmodel.interactive.digitalsignature.PDSeedValueCertificate.setIssuerRequired(boolean)",pdfbox/src/main/java/org/apache/pdfbox/pdmodel/interactive/digitalsignature/PDSeedValueCertificate.java,,,,,,,,,,,,,,,,,,,,,,,,,4,9,0,4,1,1,5,1,1,1,2,1,1,1,1,1,1,,,,,,0,,1,25,1,1,1,1
Public Method,"org.apache.pdfbox.pdmodel.interactive.digitalsignature.PDSeedValueCertificate.setKeyUsage(List<String>)",pdfbox/src/main/java/org/apache/pdfbox/pdmodel/interactive/digitalsignature/PDSeedValueCertificate.java,,,,,,,,,,,,,,,,,,,,,,,,,3,25,0,5,1,2,20,2,1,1,2,1,1,1,1,1,1,,,,,,0,,4,00,1,1,1,1
Public Method,"org.apache.pdfbox.pdmodel.interactive.digitalsignature.PDSeedValueCertificate.setKeyUsageRequired(boolean)",pdfbox/src/main/java/org/apache/pdfbox/pdmodel/interactive/digitalsignature/PDSeedValueCertificate.java,,,,,,,,,,,,,,,,,,,,,,,,,4,9,0,4,1,1,5,1,1,1,2,1,1,1,1,1,1,,,,,,0,,1,25,1,1,1,1
Public Method,"org.apache.pdfbox.pdmodel.interactive.digitalsignature.PDSeedValueCertificate.setOID(List)",pdfbox/src/main/java/org/apache/pdfbox/pdmodel/interactive/digitalsignature/PDSeedValueCertificate.java,,,,,,,,,,,,,,,,,,,,,,,,,3,11,0,4,1,1,7,2,1,1,2,1,1,1,1,1,1,,,,,,0,,1,75,1,1,1,1
Public Method,"org.apache.pdfbox.pdmodel.interactive.digitalsignature.PDSeedValueCertificate.setOIDRequired(boolean)",pdfbox/src/main/java/org/apache/pdfbox/pdmodel/interactive/digitalsignature/PDSeedValueCertificate.java,,,,,,,,,,,,,,,,,,,,,,,,,4,9,0,4,1,1,5,1,1,1,2,1,1,1,1,1,1,,,,,,0,,1,25,1,1,1,1
Public Method,"org.apache.pdfbox.pdmodel.interactive.digitalsignature.PDSeedValueCertificate.setSubject(List)",pdfbox/src/main/java/org/apache/pdfbox/pdmodel/interactive/digitalsignature/PDSeedValueCertificate.java,,,,,,,,,,,,,,,,,,,,,,,,,3,13,0,4,1,1,9,2,1,1,2,1,1,1,1,1,1,,,,,,0,,2,25,1,1,1,1
Public Method,"org.apache.pdfbox.pdmodel.interactive.digitalsignature.PDSeedValueCertificate.setSubjectDN(List<Map<String,String>>)",pdfbox/src/main/java/org/apache/pdfbox/pdmodel/interactive/digitalsignature/PDSeedValueCertificate.java,,,,,,,,,,,,,,,,,,,,,,,,,4,19,0,11,3,6,8,6,2,5,8,4,6,2,2,2,1,,,,,,1,,0,73,3,3,3,2
Lambda Method,"org.apache.pdfbox.pdmodel.interactive.digitalsignature.PDSeedValueCertificate.setSubjectDN.(lambda_expr_1)(String (inferred),String (inferred))",pdfbox/src/main/java/org/apache/pdfbox/pdmodel/interactive/digitalsignature/PDSeedValueCertificate.java,,,,,,,,,,,,,,,,,,,,,,,,,2,1,0,1,0,1,0,3,1,0,0,0,0,1,1,1,1,,,,,,0,,0,00,1,1,1,1
Public Method,"org.apache.pdfbox.pdmodel.interactive.digitalsignature.PDSeedValueCertificate.setSubjectDNRequired(boolean)",pdfbox/src/main/java/org/apache/pdfbox/pdmodel/interactive/digitalsignature/PDSeedValueCertificate.java,,,,,,,,,,,,,,,,,,,,,,,,,4,9,0,4,1,1,5,1,1,1,2,1,1,1,1,1,1,,,,,,0,,1,25,1,1,1,1
Public Method,"org.apache.pdfbox.pdmodel.interactive.digitalsignature.PDSeedValueCertificate.setSubjectRequired(boolean)",pdfbox/src/main/java/org/apache/pdfbox/pdmodel/interactive/digitalsignature/PDSeedValueCertificate.java,,,,,,,,,,,,,,,,,,,,,,,,,4,9,0,4,1,1,5,1,1,1,2,1,1,1,1,1,1,,,,,,0,,1,25,1,1,1,1
Public Method,"org.apache.pdfbox.pdmodel.interactive.digitalsignature.PDSeedValueCertificate.setURL(String)",pdfbox/src/main/java/org/apache/pdfbox/pdmodel/interactive/digitalsignature/PDSeedValueCertificate.java,,,,,,,,,,,,,,,,,,,,,,,,,3,9,0,4,1,1,5,1,1,1,2,1,1,1,1,1,1,,,,,,0,,1,25,1,1,1,1
Public Method,"org.apache.pdfbox.pdmodel.interactive.digitalsignature.PDSeedValueCertificate.setURLRequired(boolean)",pdfbox/src/main/java/org/apache/pdfbox/pdmodel/interactive/digitalsignature/PDSeedValueCertificate.java,,,,,,,,,,,,,,,,,,,,,,,,,4,9,0,4,1,1,5,1,1,1,2,1,1,1,1,1,1,,,,,,0,,1,25,1,1,1,1
Public Method,"org.apache.pdfbox.pdmodel.interactive.digitalsignature.PDSeedValueCertificate.setURLType(String)",pdfbox/src/main/java/org/apache/pdfbox/pdmodel/interactive/digitalsignature/PDSeedValueCertificate.java,,,,,,,,,,,,,,,,,,,,,,,,,3,24,0,4,1,1,20,1,1,1,2,1,1,1,1,1,1,,,,,,0,,5,00,1,1,1,1
Public Class,"org.apache.pdfbox.pdmodel.interactive.digitalsignature.PDSeedValueMDP",pdfbox/src/main/java/org/apache/pdfbox/pdmodel/interactive/digitalsignature/PDSeedValueMDP.java,1,1,1,1,9,0,5,4,1,4,0,,0,0,,,5,1,5,17,0,0,0,5,,64,5,30,7,9,29,,,9,16,7,9,,,,,2,2,3,1,1,1,0,0,97,6,6,7,5
Public Constructor,"org.apache.pdfbox.pdmodel.interactive.digitalsignature.PDSeedValueMDP.PDSeedValueMDP()",pdfbox/src/main/java/org/apache/pdfbox/pdmodel/interactive/digitalsignature/PDSeedValueMDP.java,,,,,,,,,,,,,,,,,,,,,,,,,1,8,0,5,1,2,3,4,1,2,3,1,2,1,1,1,1,,,,,,0,,0,60,1,1,1,1
Public Constructor,"org.apache.pdfbox.pdmodel.interactive.digitalsignature.PDSeedValueMDP.PDSeedValueMDP(COSDictionary)",pdfbox/src/main/java/org/apache/pdfbox/pdmodel/interactive/digitalsignature/PDSeedValueMDP.java,,,,,,,,,,,,,,,,,,,,,,,,,3,10,0,5,1,2,5,3,1,2,3,1,2,1,1,1,1,,,,,,0,,1,00,1,1,1,1
Public Method,"org.apache.pdfbox.pdmodel.interactive.digitalsignature.PDSeedValueMDP.getCOSObject()",pdfbox/src/main/java/org/apache/pdfbox/pdmodel/interactive/digitalsignature/PDSeedValueMDP.java,,,,,,,,,,,,,,,,,,,,,,,,,2,9,0,4,1,1,5,1,1,1,2,1,1,1,1,1,1,,,,,,0,,1,25,1,1,1,1
Public Method,"org.apache.pdfbox.pdmodel.interactive.digitalsignature.PDSeedValueMDP.getP()",pdfbox/src/main/java/org/apache/pdfbox/pdmodel/interactive/digitalsignature/PDSeedValueMDP.java,,,,,,,,,,,,,,,,,,,,,,,,,2,9,0,4,1,1,5,2,1,1,2,1,1,1,1,1,1,,,,,,0,,1,25,1,1,1,1
Public Method,"org.apache.pdfbox.pdmodel.interactive.digitalsignature.PDSeedValueMDP.setP(int)",pdfbox/src/main/java/org/apache/pdfbox/pdmodel/interactive/digitalsignature/PDSeedValueMDP.java,,,,,,,,,,,,,,,,,,,,,,,,,3,13,0,8,1,3,5,2,2,2,4,1,3,2,2,3,1,,,,,,1,,0,62,2,2,3,1
Public Class,"org.apache.pdfbox.pdmodel.interactive.digitalsignature.PDSeedValueTimeStamp",pdfbox/src/main/java/org/apache/pdfbox/pdmodel/interactive/digitalsignature/PDSeedValueTimeStamp.java,1,1,1,1,8,0,4,4,1,4,0,,0,0,,,7,1,7,19,0,0,0,7,,79,7,34,9,9,38,,,10,18,9,9,,,,,2,2,2,1,1,0,0,1,12,8,8,8,7
Public Constructor,"org.apache.pdfbox.pdmodel.interactive.digitalsignature.PDSeedValueTimeStamp.PDSeedValueTimeStamp()",pdfbox/src/main/java/org/apache/pdfbox/pdmodel/interactive/digitalsignature/PDSeedValueTimeStamp.java,,,,,,,,,,,,,,,,,,,,,,,,,1,8,0,5,1,2,3,4,1,2,3,1,2,1,1,1,1,,,,,,0,,0,60,1,1,1,1
Public Constructor,"org.apache.pdfbox.pdmodel.interactive.digitalsignature.PDSeedValueTimeStamp.PDSeedValueTimeStamp(COSDictionary)",pdfbox/src/main/java/org/apache/pdfbox/pdmodel/interactive/digitalsignature/PDSeedValueTimeStamp.java,,,,,,,,,,,,,,,,,,,,,,,,,3,10,0,5,1,2,5,3,1,2,3,1,2,1,1,1,1,,,,,,0,,1,00,1,1,1,1
Public Method,"org.apache.pdfbox.pdmodel.interactive.digitalsignature.PDSeedValueTimeStamp.getCOSObject()",pdfbox/src/main/java/org/apache/pdfbox/pdmodel/interactive/digitalsignature/PDSeedValueTimeStamp.java,,,,,,,,,,,,,,,,,,,,,,,,,2,9,0,4,1,1,5,1,1,1,2,1,1,1,1,1,1,,,,,,0,,1,25,1,1,1,1
Public Method,"org.apache.pdfbox.pdmodel.interactive.digitalsignature.PDSeedValueTimeStamp.getURL()",pdfbox/src/main/java/org/apache/pdfbox/pdmodel/interactive/digitalsignature/PDSeedValueTimeStamp.java,,,,,,,,,,,,,,,,,,,,,,,,,2,9,0,4,1,1,5,2,1,1,2,1,1,1,1,1,1,,,,,,0,,1,25,1,1,1,1
Public Method,"org.apache.pdfbox.pdmodel.interactive.digitalsignature.PDSeedValueTimeStamp.isTimestampRequired()",pdfbox/src/main/java/org/apache/pdfbox/pdmodel/interactive/digitalsignature/PDSeedValueTimeStamp.java,,,,,,,,,,,,,,,,,,,,,,,,,2,9,0,4,1,1,5,2,1,1,2,1,1,1,1,1,1,,,,,,0,,1,25,1,1,1,1
Public Method,"org.apache.pdfbox.pdmodel.interactive.digitalsignature.PDSeedValueTimeStamp.setTimestampRequired(boolean)",pdfbox/src/main/java/org/apache/pdfbox/pdmodel/interactive/digitalsignature/PDSeedValueTimeStamp.java,,,,,,,,,,,,,,,,,,,,,,,,,3,9,0,4,1,1,5,1,1,1,2,1,1,2,2,2,1,,,,,,0,,1,25,2,2,2,1
Public Method,"org.apache.pdfbox.pdmodel.interactive.digitalsignature.PDSeedValueTimeStamp.setURL(String)",pdfbox/src/main/java/org/apache/pdfbox/pdmodel/interactive/digitalsignature/PDSeedValueTimeStamp.java,,,,,,,,,,,,,,,,,,,,,,,,,3,8,0,4,1,1,4,1,1,1,2,1,1,1,1,1,1,,,,,,0,,1,00,1,1,1,1
Public Class,"org.apache.pdfbox.pdmodel.interactive.digitalsignature.PDSignature",pdfbox/src/main/java/org/apache/pdfbox/pdmodel/interactive/digitalsignature/PDSignature.java,1,1,1,1,12,0,6,5,2,15,0,,0,8,,,29,1,29,41,0,1,0,28,,432,41,194,58,79,197,,,72,114,59,65,,,,,4,4,6,1,1,2,17,1,02,38,38,40,29
Public Constructor,"org.apache.pdfbox.pdmodel.interactive.digitalsignature.PDSignature.PDSignature()",pdfbox/src/main/java/org/apache/pdfbox/pdmodel/interactive/digitalsignature/PDSignature.java,,,,,,,,,,,,,,,,,,,,,,,,,13,8,0,5,1,2,3,4,1,2,3,1,2,1,1,1,1,,,,,,0,,0,60,1,1,1,1
Public Constructor,"org.apache.pdfbox.pdmodel.interactive.digitalsignature.PDSignature.PDSignature(COSDictionary)",pdfbox/src/main/java/org/apache/pdfbox/pdmodel/interactive/digitalsignature/PDSignature.java,,,,,,,,,,,,,,,,,,,,,,,,,5,9,0,4,1,1,5,2,1,1,2,1,1,1,1,1,1,,,,,,0,,1,25,1,1,1,1
Public Method,"org.apache.pdfbox.pdmodel.interactive.digitalsignature.PDSignature.getByteRange()",pdfbox/src/main/java/org/apache/pdfbox/pdmodel/interactive/digitalsignature/PDSignature.java,,,,,,,,,,,,,,,,,,,,,,,,,14,19,0,14,3,7,5,4,3,7,10,4,8,3,3,3,1,,,,,,1,,0,36,3,3,3,1
Public Method,"org.apache.pdfbox.pdmodel.interactive.digitalsignature.PDSignature.getCOSObject()",pdfbox/src/main/java/org/apache/pdfbox/pdmodel/interactive/digitalsignature/PDSignature.java,,,,,,,,,,,,,,,,,,,,,,,,,7,10,0,5,2,1,5,1,1,1,2,1,1,1,1,1,1,,,,,,0,,1,00,1,1,1,1
Public Method,"org.apache.pdfbox.pdmodel.interactive.digitalsignature.PDSignature.getContactInfo()",pdfbox/src/main/java/org/apache/pdfbox/pdmodel/interactive/digitalsignature/PDSignature.java,,,,,,,,,,,,,,,,,,,,,,,,,2,10,0,4,1,1,6,2,1,1,2,1,1,1,1,1,1,,,,,,0,,1,50,1,1,1,1
Public Method,"org.apache.pdfbox.pdmodel.interactive.digitalsignature.PDSignature.getContents()",pdfbox/src/main/java/org/apache/pdfbox/pdmodel/interactive/digitalsignature/PDSignature.java,,,,,,,,,,,,,,,,,,,,,,,,,7,15,0,9,2,4,6,3,2,3,5,2,4,2,2,2,1,,,,,,1,,0,67,2,2,2,1
Public Method,"org.apache.pdfbox.pdmodel.interactive.digitalsignature.PDSignature.getContents(InputStream)",pdfbox/src/main/java/org/apache/pdfbox/pdmodel/interactive/digitalsignature/PDSignature.java,,,,,,,,,,,,,,,,,,,,,,,,,4,16,1,7,4,4,8,4,1,4,5,4,2,1,1,1,1,,,,,,0,,1,14,1,1,1,1
Public Method,"org.apache.pdfbox.pdmodel.interactive.digitalsignature.PDSignature.getContents(byte[])",pdfbox/src/main/java/org/apache/pdfbox/pdmodel/interactive/digitalsignature/PDSignature.java,,,,,,,,,,,,,,,,,,,,,,,,,4,16,1,7,4,4,8,4,1,4,5,4,2,1,1,1,1,,,,,,0,,1,14,1,1,1,1
Private Method,"org.apache.pdfbox.pdmodel.interactive.digitalsignature.PDSignature.getConvertedContents(InputStream)",pdfbox/src/main/java/org/apache/pdfbox/pdmodel/interactive/digitalsignature/PDSignature.java,,,,,,,,,,,,,,,,,,,,,,,,,3,26,1,23,6,13,2,8,5,11,15,6,10,4,4,6,1,,,,,,2,,0,09,4,4,6,1
Public Method,"org.apache.pdfbox.pdmodel.interactive.digitalsignature.PDSignature.getFilter()",pdfbox/src/main/java/org/apache/pdfbox/pdmodel/interactive/digitalsignature/PDSignature.java,,,,,,,,,,,,,,,,,,,,,,,,,2,8,0,4,1,1,4,2,1,1,2,1,1,1,1,1,1,,,,,,0,,1,00,1,1,1,1
Public Method,"org.apache.pdfbox.pdmodel.interactive.digitalsignature.PDSignature.getLocation()",pdfbox/src/main/java/org/apache/pdfbox/pdmodel/interactive/digitalsignature/PDSignature.java,,,,,,,,,,,,,,,,,,,,,,,,,2,9,0,4,1,1,5,2,1,1,2,1,1,1,1,1,1,,,,,,0,,1,25,1,1,1,1
Public Method,"org.apache.pdfbox.pdmodel.interactive.digitalsignature.PDSignature.getName()",pdfbox/src/main/java/org/apache/pdfbox/pdmodel/interactive/digitalsignature/PDSignature.java,,,,,,,,,,,,,,,,,,,,,,,,,3,11,0,4,1,1,7,2,1,1,2,1,1,1,1,1,1,,,,,,0,,1,75,1,1,1,1
Public Method,"org.apache.pdfbox.pdmodel.interactive.digitalsignature.PDSignature.getPropBuild()",pdfbox/src/main/java/org/apache/pdfbox/pdmodel/interactive/digitalsignature/PDSignature.java,,,,,,,,,,,,,,,,,,,,,,,,,2,15,0,10,3,5,5,3,2,4,6,3,4,2,2,2,1,,,,,,1,,0,50,2,2,2,1
Public Method,"org.apache.pdfbox.pdmodel.interactive.digitalsignature.PDSignature.getReason()",pdfbox/src/main/java/org/apache/pdfbox/pdmodel/interactive/digitalsignature/PDSignature.java,,,,,,,,,,,,,,,,,,,,,,,,,3,9,0,4,1,1,5,2,1,1,2,1,1,1,1,1,1,,,,,,0,,1,25,1,1,1,1
Public Method,"org.apache.pdfbox.pdmodel.interactive.digitalsignature.PDSignature.getSignDate()",pdfbox/src/main/java/org/apache/pdfbox/pdmodel/interactive/digitalsignature/PDSignature.java,,,,,,,,,,,,,,,,,,,,,,,,,6,9,0,4,1,1,5,2,1,1,2,1,1,1,1,1,1,,,,,,0,,1,25,1,1,1,1
Public Method,"org.apache.pdfbox.pdmodel.interactive.digitalsignature.PDSignature.getSignedContent(InputStream)",pdfbox/src/main/java/org/apache/pdfbox/pdmodel/interactive/digitalsignature/PDSignature.java,,,,,,,,,,,,,,,,,,,,,,,,,2,18,0,7,1,2,11,4,1,1,3,1,2,1,1,1,1,,,,,,1,,1,57,1,1,1,1
Public Method,"org.apache.pdfbox.pdmodel.interactive.digitalsignature.PDSignature.getSignedContent(byte[])",pdfbox/src/main/java/org/apache/pdfbox/pdmodel/interactive/digitalsignature/PDSignature.java,,,,,,,,,,,,,,,,,,,,,,,,,3,18,0,7,1,2,11,4,1,1,3,1,2,1,1,1,1,,,,,,1,,1,57,1,1,1,1
Public Method,"org.apache.pdfbox.pdmodel.interactive.digitalsignature.PDSignature.getSubFilter()",pdfbox/src/main/java/org/apache/pdfbox/pdmodel/interactive/digitalsignature/PDSignature.java,,,,,,,,,,,,,,,,,,,,,,,,,4,9,0,4,1,1,5,2,1,1,2,1,1,1,1,1,1,,,,,,0,,1,25,1,1,1,1
Public Method,"org.apache.pdfbox.pdmodel.interactive.digitalsignature.PDSignature.setByteRange(int[])",pdfbox/src/main/java/org/apache/pdfbox/pdmodel/interactive/digitalsignature/PDSignature.java,,,,,,,,,,,,,,,,,,,,,,,,,7,20,1,14,2,7,5,5,3,5,9,3,7,3,3,3,1,,,,,,1,,0,36,3,3,3,1
Public Method,"org.apache.pdfbox.pdmodel.interactive.digitalsignature.PDSignature.setContactInfo(String)",pdfbox/src/main/java/org/apache/pdfbox/pdmodel/interactive/digitalsignature/PDSignature.java,,,,,,,,,,,,,,,,,,,,,,,,,3,10,0,4,1,1,6,1,1,1,2,1,1,1,1,1,1,,,,,,0,,1,50,1,1,1,1
Public Method,"org.apache.pdfbox.pdmodel.interactive.digitalsignature.PDSignature.setContents(byte[])",pdfbox/src/main/java/org/apache/pdfbox/pdmodel/interactive/digitalsignature/PDSignature.java,,,,,,,,,,,,,,,,,,,,,,,,,4,11,0,6,2,3,5,3,1,3,4,2,3,1,1,1,1,,,,,,0,,0,83,1,1,1,1
Public Method,"org.apache.pdfbox.pdmodel.interactive.digitalsignature.PDSignature.setFilter(COSName)",pdfbox/src/main/java/org/apache/pdfbox/pdmodel/interactive/digitalsignature/PDSignature.java,,,,,,,,,,,,,,,,,,,,,,,,,8,9,0,4,1,1,5,1,1,1,2,1,1,1,1,1,1,,,,,,0,,1,25,1,1,1,1
Public Method,"org.apache.pdfbox.pdmodel.interactive.digitalsignature.PDSignature.setLocation(String)",pdfbox/src/main/java/org/apache/pdfbox/pdmodel/interactive/digitalsignature/PDSignature.java,,,,,,,,,,,,,,,,,,,,,,,,,6,9,0,4,1,1,5,1,1,1,2,1,1,1,1,1,1,,,,,,0,,1,25,1,1,1,1
Public Method,"org.apache.pdfbox.pdmodel.interactive.digitalsignature.PDSignature.setName(String)",pdfbox/src/main/java/org/apache/pdfbox/pdmodel/interactive/digitalsignature/PDSignature.java,,,,,,,,,,,,,,,,,,,,,,,,,8,11,0,4,1,1,7,1,1,1,2,1,1,1,1,1,1,,,,,,0,,1,75,1,1,1,1
Public Method,"org.apache.pdfbox.pdmodel.interactive.digitalsignature.PDSignature.setPropBuild(PDPropBuild)",pdfbox/src/main/java/org/apache/pdfbox/pdmodel/interactive/digitalsignature/PDSignature.java,,,,,,,,,,,,,,,,,,,,,,,,,3,9,0,4,1,1,5,1,1,1,2,1,1,1,1,1,1,,,,,,0,,1,25,1,1,1,1
Public Method,"org.apache.pdfbox.pdmodel.interactive.digitalsignature.PDSignature.setReason(String)",pdfbox/src/main/java/org/apache/pdfbox/pdmodel/interactive/digitalsignature/PDSignature.java,,,,,,,,,,,,,,,,,,,,,,,,,6,9,0,4,1,1,5,1,1,1,2,1,1,1,1,1,1,,,,,,0,,1,25,1,1,1,1
Public Method,"org.apache.pdfbox.pdmodel.interactive.digitalsignature.PDSignature.setSignDate(Calendar)",pdfbox/src/main/java/org/apache/pdfbox/pdmodel/interactive/digitalsignature/PDSignature.java,,,,,,,,,,,,,,,,,,,,,,,,,7,9,0,4,1,1,5,1,1,1,2,1,1,1,1,1,1,,,,,,0,,1,25,1,1,1,1
Public Method,"org.apache.pdfbox.pdmodel.interactive.digitalsignature.PDSignature.setSubFilter(COSName)",pdfbox/src/main/java/org/apache/pdfbox/pdmodel/interactive/digitalsignature/PDSignature.java,,,,,,,,,,,,,,,,,,,,,,,,,8,9,0,4,1,1,5,1,1,1,2,1,1,1,1,1,1,,,,,,0,,1,25,1,1,1,1
Public Method,"org.apache.pdfbox.pdmodel.interactive.digitalsignature.PDSignature.setType(COSName)",pdfbox/src/main/java/org/apache/pdfbox/pdmodel/interactive/digitalsignature/PDSignature.java,,,,,,,,,,,,,,,,,,,,,,,,,4,9,0,4,1,1,5,1,1,1,2,1,1,1,1,1,1,,,,,,0,,1,25,1,1,1,1
Public Interface,"org.apache.pdfbox.pdmodel.interactive.digitalsignature.SignatureInterface",pdfbox/src/main/java/org/apache/pdfbox/pdmodel/interactive/digitalsignature/SignatureInterface.java,0,0,0,0,0,0,0,0,0,2,2,,0,0,,,1,0,1,1,1,0,0,0,,10,0,4,2,0,6,,,1,2,2,0,,,,,0,0,0,0,0,0,0,1,50,0,0,0,0
Abstract Method,"org.apache.pdfbox.pdmodel.interactive.digitalsignature.SignatureInterface.sign(InputStream)",pdfbox/src/main/java/org/apache/pdfbox/pdmodel/interactive/digitalsignature/SignatureInterface.java,,,,,,,,,,,,,,,,,,,,,,,,,1,7,0,1,1,0,6,1,0,1,1,1,0,0,0,0,0,,,,,,0,,6,00,0,0,0,0
Public Class,"org.apache.pdfbox.pdmodel.interactive.digitalsignature.SignatureOptions",pdfbox/src/main/java/org/apache/pdfbox/pdmodel/interactive/digitalsignature/SignatureOptions.java,1,1,1,1,10,0,5,5,2,11,0,,0,1,,,11,4,11,23,0,1,0,10,,144,13,71,19,21,60,,,19,35,18,18,,,,,3,3,3,1,1,2,77,0,85,14,14,14,11
Public Constructor,"org.apache.pdfbox.pdmodel.interactive.digitalsignature.SignatureOptions.SignatureOptions()",pdfbox/src/main/java/org/apache/pdfbox/pdmodel/interactive/digitalsignature/SignatureOptions.java,,,,,,,,,,,,,,,,,,,,,,,,,5,7,0,4,1,1,3,2,1,1,2,1,1,1,1,1,1,,,,,,0,,0,75,1,1,1,1
Public Method,"org.apache.pdfbox.pdmodel.interactive.digitalsignature.SignatureOptions.close()",pdfbox/src/main/java/org/apache/pdfbox/pdmodel/interactive/digitalsignature/SignatureOptions.java,,,,,,,,,,,,,,,,,,,,,,,,,2,25,0,18,2,6,7,2,4,2,6,1,5,3,3,3,1,,,,,,2,,0,39,3,3,3,1
Public Method,"org.apache.pdfbox.pdmodel.interactive.digitalsignature.SignatureOptions.getPage()",pdfbox/src/main/java/org/apache/pdfbox/pdmodel/interactive/digitalsignature/SignatureOptions.java,,,,,,,,,,,,,,,,,,,,,,,,,2,9,0,4,1,1,5,1,1,1,2,1,1,1,1,1,1,,,,,,0,,1,25,1,1,1,1
Public Method,"org.apache.pdfbox.pdmodel.interactive.digitalsignature.SignatureOptions.getPreferredSignatureSize()",pdfbox/src/main/java/org/apache/pdfbox/pdmodel/interactive/digitalsignature/SignatureOptions.java,,,,,,,,,,,,,,,,,,,,,,,,,2,9,0,4,1,1,5,1,1,1,2,1,1,1,1,1,1,,,,,,0,,1,25,1,1,1,1
Public Method,"org.apache.pdfbox.pdmodel.interactive.digitalsignature.SignatureOptions.getVisualSignature()",pdfbox/src/main/java/org/apache/pdfbox/pdmodel/interactive/digitalsignature/SignatureOptions.java,,,,,,,,,,,,,,,,,,,,,,,,,2,9,0,4,1,1,5,1,1,1,2,1,1,1,1,1,1,,,,,,0,,1,25,1,1,1,1
Private Method,"org.apache.pdfbox.pdmodel.interactive.digitalsignature.SignatureOptions.initFromRandomAccessRead(RandomAccessRead)",pdfbox/src/main/java/org/apache/pdfbox/pdmodel/interactive/digitalsignature/SignatureOptions.java,,,,,,,,,,,,,,,,,,,,,,,,,4,6,0,6,2,3,0,5,1,3,4,2,3,1,1,1,1,,,,,,0,,0,00,1,1,1,1
Public Method,"org.apache.pdfbox.pdmodel.interactive.digitalsignature.SignatureOptions.setPage(int)",pdfbox/src/main/java/org/apache/pdfbox/pdmodel/interactive/digitalsignature/SignatureOptions.java,,,,,,,,,,,,,,,,,,,,,,,,,3,9,0,4,1,1,5,1,1,1,2,1,1,1,1,1,1,,,,,,0,,1,25,1,1,1,1
Public Method,"org.apache.pdfbox.pdmodel.interactive.digitalsignature.SignatureOptions.setPreferredSignatureSize(int)",pdfbox/src/main/java/org/apache/pdfbox/pdmodel/interactive/digitalsignature/SignatureOptions.java,,,,,,,,,,,,,,,,,,,,,,,,,2,12,0,7,1,2,5,1,2,1,3,1,2,2,2,2,1,,,,,,1,,0,71,2,2,2,1
Public Method,"org.apache.pdfbox.pdmodel.interactive.digitalsignature.SignatureOptions.setVisualSignature(File)",pdfbox/src/main/java/org/apache/pdfbox/pdmodel/interactive/digitalsignature/SignatureOptions.java,,,,,,,,,,,,,,,,,,,,,,,,,1,10,0,4,1,1,6,2,1,1,2,1,1,1,1,1,1,,,,,,0,,1,50,1,1,1,1
Public Method,"org.apache.pdfbox.pdmodel.interactive.digitalsignature.SignatureOptions.setVisualSignature(InputStream)",pdfbox/src/main/java/org/apache/pdfbox/pdmodel/interactive/digitalsignature/SignatureOptions.java,,,,,,,,,,,,,,,,,,,,,,,,,4,10,0,4,1,1,6,2,1,1,2,1,1,1,1,1,1,,,,,,0,,1,50,1,1,1,1
Public Method,"org.apache.pdfbox.pdmodel.interactive.digitalsignature.SignatureOptions.setVisualSignature(PDVisibleSigProperties)",pdfbox/src/main/java/org/apache/pdfbox/pdmodel/interactive/digitalsignature/SignatureOptions.java,,,,,,,,,,,,,,,,,,,,,,,,,1,12,0,4,1,1,8,2,1,1,2,1,1,1,1,1,1,,,,,,0,,2,00,1,1,1,1
Public Class,"org.apache.pdfbox.pdmodel.interactive.digitalsignature.SigningSupport",pdfbox/src/main/java/org/apache/pdfbox/pdmodel/interactive/digitalsignature/SigningSupport.java,1,1,1,1,4,0,4,0,3,4,0,,0,0,,,4,1,4,16,0,0,0,4,,32,4,23,9,4,5,,,5,10,6,4,,,,,1,1,1,1,1,0,0,0,22,4,4,4,4
Public Constructor,"org.apache.pdfbox.pdmodel.interactive.digitalsignature.SigningSupport.SigningSupport(COSWriter)",pdfbox/src/main/java/org/apache/pdfbox/pdmodel/interactive/digitalsignature/SigningSupport.java,,,,,,,,,,,,,,,,,,,,,,,,,2,4,0,4,1,1,0,2,1,1,2,1,1,1,1,1,1,,,,,,0,,0,00,1,1,1,1
Public Method,"org.apache.pdfbox.pdmodel.interactive.digitalsignature.SigningSupport.close()",pdfbox/src/main/java/org/apache/pdfbox/pdmodel/interactive/digitalsignature/SigningSupport.java,,,,,,,,,,,,,,,,,,,,,,,,,0,5,0,5,2,1,0,1,1,1,2,1,1,1,1,1,1,,,,,,0,,0,00,1,1,1,1
Public Method,"org.apache.pdfbox.pdmodel.interactive.digitalsignature.SigningSupport.getContent()",pdfbox/src/main/java/org/apache/pdfbox/pdmodel/interactive/digitalsignature/SigningSupport.java,,,,,,,,,,,,,,,,,,,,,,,,,1,5,0,5,2,1,0,2,1,1,2,1,1,1,1,1,1,,,,,,0,,0,00,1,1,1,1
Public Method,"org.apache.pdfbox.pdmodel.interactive.digitalsignature.SigningSupport.setSignature(byte[])",pdfbox/src/main/java/org/apache/pdfbox/pdmodel/interactive/digitalsignature/SigningSupport.java,,,,,,,,,,,,,,,,,,,,,,,,,2,5,0,5,2,1,0,1,1,1,2,1,1,1,1,1,1,,,,,,0,,0,00,1,1,1,1
Package,"org.apache.pdfbox.pdmodel.interactive.digitalsignature.visible",pdfbox/src/main/java/org/apache/pdfbox/pdmodel/interactive/digitalsignature/visible/PDFTemplateBuilder.java,1,1,1,1,10,0,6,4,,,,6,0,2,6,,177,49,177,,29,8,1,139,,2246,225,1122,455,406,899,,,555,717,387,386,,,,,5,2,5,1,,1,,0,80,154,151,154,148
Public Interface,"org.apache.pdfbox.pdmodel.interactive.digitalsignature.visible.PDFTemplateBuilder",pdfbox/src/main/java/org/apache/pdfbox/pdmodel/interactive/digitalsignature/visible/PDFTemplateBuilder.java,0,0,0,0,0,0,0,0,0,17,1,,0,0,,,29,0,29,29,29,0,0,0,,249,28,46,44,0,175,,,29,30,30,0,,,,,0,0,0,0,0,0,0,3,80,0,0,0,0
Abstract Method,"org.apache.pdfbox.pdmodel.interactive.digitalsignature.visible.PDFTemplateBuilder.closeTemplate(PDDocument)",pdfbox/src/main/java/org/apache/pdfbox/pdmodel/interactive/digitalsignature/visible/PDFTemplateBuilder.java,,,,,,,,,,,,,,,,,,,,,,,,,0,7,0,1,1,0,6,0,0,1,1,1,0,0,0,0,0,,,,,,0,,6,00,0,0,0,0
Abstract Method,"org.apache.pdfbox.pdmodel.interactive.digitalsignature.visible.PDFTemplateBuilder.createAcroForm(PDDocument)",pdfbox/src/main/java/org/apache/pdfbox/pdmodel/interactive/digitalsignature/visible/PDFTemplateBuilder.java,,,,,,,,,,,,,,,,,,,,,,,,,1,6,0,1,1,0,5,0,0,1,1,1,0,0,0,0,0,,,,,,0,,5,00,0,0,0,0
Abstract Method,"org.apache.pdfbox.pdmodel.interactive.digitalsignature.visible.PDFTemplateBuilder.createAcroFormDictionary(PDAcroForm,PDSignatureField)",pdfbox/src/main/java/org/apache/pdfbox/pdmodel/interactive/digitalsignature/visible/PDFTemplateBuilder.java,,,,,,,,,,,,,,,,,,,,,,,,,1,9,0,2,2,0,7,0,0,1,1,1,0,0,0,0,0,,,,,,0,,3,50,0,0,0,0
Abstract Method,"org.apache.pdfbox.pdmodel.interactive.digitalsignature.visible.PDFTemplateBuilder.createAffineTransform(AffineTransform)",pdfbox/src/main/java/org/apache/pdfbox/pdmodel/interactive/digitalsignature/visible/PDFTemplateBuilder.java,,,,,,,,,,,,,,,,,,,,,,,,,1,5,0,1,1,0,4,0,0,1,1,1,0,0,0,0,0,,,,,,0,,4,00,0,0,0,0
Abstract Method,"org.apache.pdfbox.pdmodel.interactive.digitalsignature.visible.PDFTemplateBuilder.createAppearanceDictionary(PDFormXObject,PDSignatureField)",pdfbox/src/main/java/org/apache/pdfbox/pdmodel/interactive/digitalsignature/visible/PDFTemplateBuilder.java,,,,,,,,,,,,,,,,,,,,,,,,,1,9,0,2,2,0,7,0,0,1,1,1,0,0,0,0,0,,,,,,0,,3,50,0,0,0,0
Abstract Method,"org.apache.pdfbox.pdmodel.interactive.digitalsignature.visible.PDFTemplateBuilder.createBackgroundLayerForm(PDResources,PDRectangle)",pdfbox/src/main/java/org/apache/pdfbox/pdmodel/interactive/digitalsignature/visible/PDFTemplateBuilder.java,,,,,,,,,,,,,,,,,,,,,,,,,1,9,0,2,2,0,7,0,0,1,1,1,0,0,0,0,0,,,,,,0,,3,50,0,0,0,0
Abstract Method,"org.apache.pdfbox.pdmodel.interactive.digitalsignature.visible.PDFTemplateBuilder.createFormatterRectangle(int[])",pdfbox/src/main/java/org/apache/pdfbox/pdmodel/interactive/digitalsignature/visible/PDFTemplateBuilder.java,,,,,,,,,,,,,,,,,,,,,,,,,1,8,0,1,1,0,7,0,0,1,1,1,0,0,0,0,0,,,,,,0,,7,00,0,0,0,0
Abstract Method,"org.apache.pdfbox.pdmodel.interactive.digitalsignature.visible.PDFTemplateBuilder.createHolderForm(PDResources,PDStream,PDRectangle)",pdfbox/src/main/java/org/apache/pdfbox/pdmodel/interactive/digitalsignature/visible/PDFTemplateBuilder.java,,,,,,,,,,,,,,,,,,,,,,,,,1,9,0,2,2,0,7,0,0,1,1,1,0,0,0,0,0,,,,,,0,,3,50,0,0,0,0
Abstract Method,"org.apache.pdfbox.pdmodel.interactive.digitalsignature.visible.PDFTemplateBuilder.createHolderFormResources()",pdfbox/src/main/java/org/apache/pdfbox/pdmodel/interactive/digitalsignature/visible/PDFTemplateBuilder.java,,,,,,,,,,,,,,,,,,,,,,,,,1,4,0,1,1,0,3,0,0,1,1,1,0,0,0,0,0,,,,,,0,,3,00,0,0,0,0
Abstract Method,"org.apache.pdfbox.pdmodel.interactive.digitalsignature.visible.PDFTemplateBuilder.createHolderFormStream(PDDocument)",pdfbox/src/main/java/org/apache/pdfbox/pdmodel/interactive/digitalsignature/visible/PDFTemplateBuilder.java,,,,,,,,,,,,,,,,,,,,,,,,,1,5,0,1,1,0,4,0,0,1,1,1,0,0,0,0,0,,,,,,0,,4,00,0,0,0,0
Abstract Method,"org.apache.pdfbox.pdmodel.interactive.digitalsignature.visible.PDFTemplateBuilder.createImageForm(PDResources,PDResources,PDStream,PDRectangle,AffineTransform,PDImageXObject)",pdfbox/src/main/java/org/apache/pdfbox/pdmodel/interactive/digitalsignature/visible/PDFTemplateBuilder.java,,,,,,,,,,,,,,,,,,,,,,,,,1,14,0,3,3,0,11,0,0,1,1,1,0,0,0,0,0,,,,,,0,,3,67,0,0,0,0
Abstract Method,"org.apache.pdfbox.pdmodel.interactive.digitalsignature.visible.PDFTemplateBuilder.createImageFormResources()",pdfbox/src/main/java/org/apache/pdfbox/pdmodel/interactive/digitalsignature/visible/PDFTemplateBuilder.java,,,,,,,,,,,,,,,,,,,,,,,,,1,4,0,1,1,0,3,0,0,1,1,1,0,0,0,0,0,,,,,,0,,3,00,0,0,0,0
Abstract Method,"org.apache.pdfbox.pdmodel.interactive.digitalsignature.visible.PDFTemplateBuilder.createImageFormStream(PDDocument)",pdfbox/src/main/java/org/apache/pdfbox/pdmodel/interactive/digitalsignature/visible/PDFTemplateBuilder.java,,,,,,,,,,,,,,,,,,,,,,,,,1,5,0,1,1,0,4,0,0,1,1,1,0,0,0,0,0,,,,,,0,,4,00,0,0,0,0
Abstract Method,"org.apache.pdfbox.pdmodel.interactive.digitalsignature.visible.PDFTemplateBuilder.createInnerForm(PDResources,PDStream,PDRectangle)",pdfbox/src/main/java/org/apache/pdfbox/pdmodel/interactive/digitalsignature/visible/PDFTemplateBuilder.java,,,,,,,,,,,,,,,,,,,,,,,,,1,7,0,1,1,0,6,0,0,1,1,1,0,0,0,0,0,,,,,,0,,6,00,0,0,0,0
Abstract Method,"org.apache.pdfbox.pdmodel.interactive.digitalsignature.visible.PDFTemplateBuilder.createInnerFormResource()",pdfbox/src/main/java/org/apache/pdfbox/pdmodel/interactive/digitalsignature/visible/PDFTemplateBuilder.java,,,,,,,,,,,,,,,,,,,,,,,,,1,4,0,1,1,0,3,0,0,1,1,1,0,0,0,0,0,,,,,,0,,3,00,0,0,0,0
Abstract Method,"org.apache.pdfbox.pdmodel.interactive.digitalsignature.visible.PDFTemplateBuilder.createInnerFormStream(PDDocument)",pdfbox/src/main/java/org/apache/pdfbox/pdmodel/interactive/digitalsignature/visible/PDFTemplateBuilder.java,,,,,,,,,,,,,,,,,,,,,,,,,1,5,0,1,1,0,4,0,0,1,1,1,0,0,0,0,0,,,,,,0,,4,00,0,0,0,0
Abstract Method,"org.apache.pdfbox.pdmodel.interactive.digitalsignature.visible.PDFTemplateBuilder.createPage(PDVisibleSignDesigner)",pdfbox/src/main/java/org/apache/pdfbox/pdmodel/interactive/digitalsignature/visible/PDFTemplateBuilder.java,,,,,,,,,,,,,,,,,,,,,,,,,1,6,0,1,1,0,5,0,0,1,1,1,0,0,0,0,0,,,,,,0,,5,00,0,0,0,0
Abstract Method,"org.apache.pdfbox.pdmodel.interactive.digitalsignature.visible.PDFTemplateBuilder.createProcSetArray()",pdfbox/src/main/java/org/apache/pdfbox/pdmodel/interactive/digitalsignature/visible/PDFTemplateBuilder.java,,,,,,,,,,,,,,,,,,,,,,,,,1,4,0,1,1,0,3,0,0,1,1,1,0,0,0,0,0,,,,,,0,,3,00,0,0,0,0
Abstract Method,"org.apache.pdfbox.pdmodel.interactive.digitalsignature.visible.PDFTemplateBuilder.createSignature(PDSignatureField,PDPage,String)",pdfbox/src/main/java/org/apache/pdfbox/pdmodel/interactive/digitalsignature/visible/PDFTemplateBuilder.java,,,,,,,,,,,,,,,,,,,,,,,,,1,13,0,2,2,0,11,0,0,1,1,1,0,0,0,0,0,,,,,,0,,5,50,0,0,0,0
Abstract Method,"org.apache.pdfbox.pdmodel.interactive.digitalsignature.visible.PDFTemplateBuilder.createSignatureField(PDAcroForm)",pdfbox/src/main/java/org/apache/pdfbox/pdmodel/interactive/digitalsignature/visible/PDFTemplateBuilder.java,,,,,,,,,,,,,,,,,,,,,,,,,1,7,0,1,1,0,6,0,0,1,1,1,0,0,0,0,0,,,,,,0,,6,00,0,0,0,0
Abstract Method,"org.apache.pdfbox.pdmodel.interactive.digitalsignature.visible.PDFTemplateBuilder.createSignatureImage(PDDocument,BufferedImage)",pdfbox/src/main/java/org/apache/pdfbox/pdmodel/interactive/digitalsignature/visible/PDFTemplateBuilder.java,,,,,,,,,,,,,,,,,,,,,,,,,1,7,0,1,1,0,6,0,0,1,1,1,0,0,0,0,0,,,,,,0,,6,00,0,0,0,0
Abstract Method,"org.apache.pdfbox.pdmodel.interactive.digitalsignature.visible.PDFTemplateBuilder.createSignatureRectangle(PDSignatureField,PDVisibleSignDesigner)",pdfbox/src/main/java/org/apache/pdfbox/pdmodel/interactive/digitalsignature/visible/PDFTemplateBuilder.java,,,,,,,,,,,,,,,,,,,,,,,,,1,9,0,2,2,0,7,0,0,1,1,1,0,0,0,0,0,,,,,,0,,3,50,0,0,0,0
Abstract Method,"org.apache.pdfbox.pdmodel.interactive.digitalsignature.visible.PDFTemplateBuilder.createTemplate(PDPage)",pdfbox/src/main/java/org/apache/pdfbox/pdmodel/interactive/digitalsignature/visible/PDFTemplateBuilder.java,,,,,,,,,,,,,,,,,,,,,,,,,1,7,0,1,1,0,6,0,0,1,1,1,0,0,0,0,0,,,,,,0,,6,00,0,0,0,0
Abstract Method,"org.apache.pdfbox.pdmodel.interactive.digitalsignature.visible.PDFTemplateBuilder.createVisualSignature(PDDocument)",pdfbox/src/main/java/org/apache/pdfbox/pdmodel/interactive/digitalsignature/visible/PDFTemplateBuilder.java,,,,,,,,,,,,,,,,,,,,,,,,,1,6,0,1,1,0,5,0,0,1,1,1,0,0,0,0,0,,,,,,0,,5,00,0,0,0,0
Abstract Method,"org.apache.pdfbox.pdmodel.interactive.digitalsignature.visible.PDFTemplateBuilder.createWidgetDictionary(PDSignatureField,PDResources)",pdfbox/src/main/java/org/apache/pdfbox/pdmodel/interactive/digitalsignature/visible/PDFTemplateBuilder.java,,,,,,,,,,,,,,,,,,,,,,,,,1,9,0,2,2,0,7,0,0,1,1,1,0,0,0,0,0,,,,,,0,,3,50,0,0,0,0
Abstract Method,"org.apache.pdfbox.pdmodel.interactive.digitalsignature.visible.PDFTemplateBuilder.getStructure()",pdfbox/src/main/java/org/apache/pdfbox/pdmodel/interactive/digitalsignature/visible/PDFTemplateBuilder.java,,,,,,,,,,,,,,,,,,,,,,,,,2,5,0,1,1,0,4,1,0,1,1,1,0,0,0,0,0,,,,,,0,,4,00,0,0,0,0
Abstract Method,"org.apache.pdfbox.pdmodel.interactive.digitalsignature.visible.PDFTemplateBuilder.injectAppearanceStreams(PDStream,PDStream,PDStream,COSName,COSName,COSName,PDVisibleSignDesigner)",pdfbox/src/main/java/org/apache/pdfbox/pdmodel/interactive/digitalsignature/visible/PDFTemplateBuilder.java,,,,,,,,,,,,,,,,,,,,,,,,,1,15,0,3,3,0,12,0,0,1,1,1,0,0,0,0,0,,,,,,0,,4,00,0,0,0,0
Abstract Method,"org.apache.pdfbox.pdmodel.interactive.digitalsignature.visible.PDFTemplateBuilder.injectProcSetArray(PDFormXObject,PDPage,PDResources,PDResources,PDResources,COSArray)",pdfbox/src/main/java/org/apache/pdfbox/pdmodel/interactive/digitalsignature/visible/PDFTemplateBuilder.java,,,,,,,,,,,,,,,,,,,,,,,,,1,13,0,3,3,0,10,0,0,1,1,1,0,0,0,0,0,,,,,,0,,3,33,0,0,0,0
Abstract Method,"org.apache.pdfbox.pdmodel.interactive.digitalsignature.visible.PDFTemplateBuilder.insertInnerFormToHolderResources(PDFormXObject,PDResources)",pdfbox/src/main/java/org/apache/pdfbox/pdmodel/interactive/digitalsignature/visible/PDFTemplateBuilder.java,,,,,,,,,,,,,,,,,,,,,,,,,1,7,0,2,2,0,5,0,0,1,1,1,0,0,0,0,0,,,,,,0,,2,50,0,0,0,0
Public Class,"org.apache.pdfbox.pdmodel.interactive.digitalsignature.visible.PDFTemplateCreator",pdfbox/src/main/java/org/apache/pdfbox/pdmodel/interactive/digitalsignature/visible/PDFTemplateCreator.java,1,1,1,1,28,1,18,9,1,22,0,,0,1,,,4,1,4,16,0,1,0,3,,127,8,77,24,57,42,,,53,60,24,54,,,,,1,1,1,1,1,1,25,0,55,4,4,4,4
Public Constructor,"org.apache.pdfbox.pdmodel.interactive.digitalsignature.visible.PDFTemplateCreator.PDFTemplateCreator(PDFTemplateBuilder)",pdfbox/src/main/java/org/apache/pdfbox/pdmodel/interactive/digitalsignature/visible/PDFTemplateCreator.java,,,,,,,,,,,,,,,,,,,,,,,,,2,9,0,4,1,1,5,2,1,1,2,1,1,1,1,1,1,,,,,,0,,1,25,1,1,1,1
Public Method,"org.apache.pdfbox.pdmodel.interactive.digitalsignature.visible.PDFTemplateCreator.buildPDF(PDVisibleSignDesigner)",pdfbox/src/main/java/org/apache/pdfbox/pdmodel/interactive/digitalsignature/visible/PDFTemplateCreator.java,,,,,,,,,,,,,,,,,,,,,,,,,4,87,4,55,17,50,28,55,1,46,48,17,47,1,1,1,1,,,,,,1,,0,51,1,1,1,1
Public Method,"org.apache.pdfbox.pdmodel.interactive.digitalsignature.visible.PDFTemplateCreator.getPdfStructure()",pdfbox/src/main/java/org/apache/pdfbox/pdmodel/interactive/digitalsignature/visible/PDFTemplateCreator.java,,,,,,,,,,,,,,,,,,,,,,,,,1,8,0,4,1,1,4,2,1,1,2,1,1,1,1,1,1,,,,,,0,,1,00,1,1,1,1
Private Method,"org.apache.pdfbox.pdmodel.interactive.digitalsignature.visible.PDFTemplateCreator.getVisualSignatureAsStream(COSDocument)",pdfbox/src/main/java/org/apache/pdfbox/pdmodel/interactive/digitalsignature/visible/PDFTemplateCreator.java,,,,,,,,,,,,,,,,,,,,,,,,,2,9,0,9,2,4,0,6,1,3,5,2,4,1,1,1,1,,,,,,1,,0,00,1,1,1,1
Public Class,"org.apache.pdfbox.pdmodel.interactive.digitalsignature.visible.PDFTemplateStructure",pdfbox/src/main/java/org/apache/pdfbox/pdmodel/interactive/digitalsignature/visible/PDFTemplateStructure.java,1,1,1,1,8,0,4,4,1,17,0,,0,0,,,54,27,54,66,0,0,0,54,,551,55,246,82,54,250,,,81,136,82,54,,,,,1,1,1,1,1,0,96,1,02,54,54,54,54
Public Method,"org.apache.pdfbox.pdmodel.interactive.digitalsignature.visible.PDFTemplateStructure.getAcroForm()",pdfbox/src/main/java/org/apache/pdfbox/pdmodel/interactive/digitalsignature/visible/PDFTemplateStructure.java,,,,,,,,,,,,,,,,,,,,,,,,,2,8,0,4,1,1,4,1,1,1,2,1,1,1,1,1,1,,,,,,0,,1,00,1,1,1,1
Public Method,"org.apache.pdfbox.pdmodel.interactive.digitalsignature.visible.PDFTemplateStructure.getAcroFormDictionary()",pdfbox/src/main/java/org/apache/pdfbox/pdmodel/interactive/digitalsignature/visible/PDFTemplateStructure.java,,,,,,,,,,,,,,,,,,,,,,,,,1,9,0,4,1,1,5,1,1,1,2,1,1,1,1,1,1,,,,,,0,,1,25,1,1,1,1
Public Method,"org.apache.pdfbox.pdmodel.interactive.digitalsignature.visible.PDFTemplateStructure.getAcroFormFields()",pdfbox/src/main/java/org/apache/pdfbox/pdmodel/interactive/digitalsignature/visible/PDFTemplateStructure.java,,,,,,,,,,,,,,,,,,,,,,,,,1,8,0,4,1,1,4,1,1,1,2,1,1,1,1,1,1,,,,,,0,,1,00,1,1,1,1
Public Method,"org.apache.pdfbox.pdmodel.interactive.digitalsignature.visible.PDFTemplateStructure.getAffineTransform()",pdfbox/src/main/java/org/apache/pdfbox/pdmodel/interactive/digitalsignature/visible/PDFTemplateStructure.java,,,,,,,,,,,,,,,,,,,,,,,,,2,8,0,4,1,1,4,1,1,1,2,1,1,1,1,1,1,,,,,,0,,1,00,1,1,1,1
Public Method,"org.apache.pdfbox.pdmodel.interactive.digitalsignature.visible.PDFTemplateStructure.getAppearanceDictionary()",pdfbox/src/main/java/org/apache/pdfbox/pdmodel/interactive/digitalsignature/visible/PDFTemplateStructure.java,,,,,,,,,,,,,,,,,,,,,,,,,1,9,0,4,1,1,5,1,1,1,2,1,1,1,1,1,1,,,,,,0,,1,25,1,1,1,1
Public Method,"org.apache.pdfbox.pdmodel.interactive.digitalsignature.visible.PDFTemplateStructure.getFormatterRectangle()",pdfbox/src/main/java/org/apache/pdfbox/pdmodel/interactive/digitalsignature/visible/PDFTemplateStructure.java,,,,,,,,,,,,,,,,,,,,,,,,,3,8,0,4,1,1,4,1,1,1,2,1,1,1,1,1,1,,,,,,0,,1,00,1,1,1,1
Public Method,"org.apache.pdfbox.pdmodel.interactive.digitalsignature.visible.PDFTemplateStructure.getHolderForm()",pdfbox/src/main/java/org/apache/pdfbox/pdmodel/interactive/digitalsignature/visible/PDFTemplateStructure.java,,,,,,,,,,,,,,,,,,,,,,,,,2,11,0,4,1,1,7,1,1,1,2,1,1,1,1,1,1,,,,,,0,,1,75,1,1,1,1
Public Method,"org.apache.pdfbox.pdmodel.interactive.digitalsignature.visible.PDFTemplateStructure.getHolderFormResources()",pdfbox/src/main/java/org/apache/pdfbox/pdmodel/interactive/digitalsignature/visible/PDFTemplateStructure.java,,,,,,,,,,,,,,,,,,,,,,,,,2,8,0,4,1,1,4,1,1,1,2,1,1,1,1,1,1,,,,,,0,,1,00,1,1,1,1
Public Method,"org.apache.pdfbox.pdmodel.interactive.digitalsignature.visible.PDFTemplateStructure.getHolderFormStream()",pdfbox/src/main/java/org/apache/pdfbox/pdmodel/interactive/digitalsignature/visible/PDFTemplateStructure.java,,,,,,,,,,,,,,,,,,,,,,,,,3,8,0,4,1,1,4,1,1,1,2,1,1,1,1,1,1,,,,,,0,,1,00,1,1,1,1
Public Method,"org.apache.pdfbox.pdmodel.interactive.digitalsignature.visible.PDFTemplateStructure.getImage()",pdfbox/src/main/java/org/apache/pdfbox/pdmodel/interactive/digitalsignature/visible/PDFTemplateStructure.java,,,,,,,,,,,,,,,,,,,,,,,,,2,8,0,4,1,1,4,1,1,1,2,1,1,1,1,1,1,,,,,,0,,1,00,1,1,1,1
Public Method,"org.apache.pdfbox.pdmodel.interactive.digitalsignature.visible.PDFTemplateStructure.getImageForm()",pdfbox/src/main/java/org/apache/pdfbox/pdmodel/interactive/digitalsignature/visible/PDFTemplateStructure.java,,,,,,,,,,,,,,,,,,,,,,,,,1,10,0,4,1,1,6,1,1,1,2,1,1,1,1,1,1,,,,,,0,,1,50,1,1,1,1
Public Method,"org.apache.pdfbox.pdmodel.interactive.digitalsignature.visible.PDFTemplateStructure.getImageFormName()",pdfbox/src/main/java/org/apache/pdfbox/pdmodel/interactive/digitalsignature/visible/PDFTemplateStructure.java,,,,,,,,,,,,,,,,,,,,,,,,,2,8,0,4,1,1,4,1,1,1,2,1,1,1,1,1,1,,,,,,0,,1,00,1,1,1,1
Public Method,"org.apache.pdfbox.pdmodel.interactive.digitalsignature.visible.PDFTemplateStructure.getImageFormResources()",pdfbox/src/main/java/org/apache/pdfbox/pdmodel/interactive/digitalsignature/visible/PDFTemplateStructure.java,,,,,,,,,,,,,,,,,,,,,,,,,2,8,0,4,1,1,4,1,1,1,2,1,1,1,1,1,1,,,,,,0,,1,00,1,1,1,1
Public Method,"org.apache.pdfbox.pdmodel.interactive.digitalsignature.visible.PDFTemplateStructure.getImageFormStream()",pdfbox/src/main/java/org/apache/pdfbox/pdmodel/interactive/digitalsignature/visible/PDFTemplateStructure.java,,,,,,,,,,,,,,,,,,,,,,,,,3,8,0,4,1,1,4,1,1,1,2,1,1,1,1,1,1,,,,,,0,,1,00,1,1,1,1
Public Method,"org.apache.pdfbox.pdmodel.interactive.digitalsignature.visible.PDFTemplateStructure.getImageName()",pdfbox/src/main/java/org/apache/pdfbox/pdmodel/interactive/digitalsignature/visible/PDFTemplateStructure.java,,,,,,,,,,,,,,,,,,,,,,,,,2,8,0,4,1,1,4,1,1,1,2,1,1,1,1,1,1,,,,,,0,,1,00,1,1,1,1
Public Method,"org.apache.pdfbox.pdmodel.interactive.digitalsignature.visible.PDFTemplateStructure.getInnerForm()",pdfbox/src/main/java/org/apache/pdfbox/pdmodel/interactive/digitalsignature/visible/PDFTemplateStructure.java,,,,,,,,,,,,,,,,,,,,,,,,,2,11,0,4,1,1,7,1,1,1,2,1,1,1,1,1,1,,,,,,0,,1,75,1,1,1,1
Public Method,"org.apache.pdfbox.pdmodel.interactive.digitalsignature.visible.PDFTemplateStructure.getInnerFormName()",pdfbox/src/main/java/org/apache/pdfbox/pdmodel/interactive/digitalsignature/visible/PDFTemplateStructure.java,,,,,,,,,,,,,,,,,,,,,,,,,2,8,0,4,1,1,4,1,1,1,2,1,1,1,1,1,1,,,,,,0,,1,00,1,1,1,1
Public Method,"org.apache.pdfbox.pdmodel.interactive.digitalsignature.visible.PDFTemplateStructure.getInnerFormResources()",pdfbox/src/main/java/org/apache/pdfbox/pdmodel/interactive/digitalsignature/visible/PDFTemplateStructure.java,,,,,,,,,,,,,,,,,,,,,,,,,2,8,0,4,1,1,4,1,1,1,2,1,1,1,1,1,1,,,,,,0,,1,00,1,1,1,1
Public Method,"org.apache.pdfbox.pdmodel.interactive.digitalsignature.visible.PDFTemplateStructure.getInnerFormStream()",pdfbox/src/main/java/org/apache/pdfbox/pdmodel/interactive/digitalsignature/visible/PDFTemplateStructure.java,,,,,,,,,,,,,,,,,,,,,,,,,3,8,0,4,1,1,4,1,1,1,2,1,1,1,1,1,1,,,,,,0,,1,00,1,1,1,1
Public Method,"org.apache.pdfbox.pdmodel.interactive.digitalsignature.visible.PDFTemplateStructure.getPage()",pdfbox/src/main/java/org/apache/pdfbox/pdmodel/interactive/digitalsignature/visible/PDFTemplateStructure.java,,,,,,,,,,,,,,,,,,,,,,,,,2,8,0,4,1,1,4,1,1,1,2,1,1,1,1,1,1,,,,,,0,,1,00,1,1,1,1
Public Method,"org.apache.pdfbox.pdmodel.interactive.digitalsignature.visible.PDFTemplateStructure.getPdSignature()",pdfbox/src/main/java/org/apache/pdfbox/pdmodel/interactive/digitalsignature/visible/PDFTemplateStructure.java,,,,,,,,,,,,,,,,,,,,,,,,,1,8,0,4,1,1,4,1,1,1,2,1,1,1,1,1,1,,,,,,0,,1,00,1,1,1,1
Public Method,"org.apache.pdfbox.pdmodel.interactive.digitalsignature.visible.PDFTemplateStructure.getProcSet()",pdfbox/src/main/java/org/apache/pdfbox/pdmodel/interactive/digitalsignature/visible/PDFTemplateStructure.java,,,,,,,,,,,,,,,,,,,,,,,,,2,8,0,4,1,1,4,1,1,1,2,1,1,1,1,1,1,,,,,,0,,1,00,1,1,1,1
Public Method,"org.apache.pdfbox.pdmodel.interactive.digitalsignature.visible.PDFTemplateStructure.getSignatureField()",pdfbox/src/main/java/org/apache/pdfbox/pdmodel/interactive/digitalsignature/visible/PDFTemplateStructure.java,,,,,,,,,,,,,,,,,,,,,,,,,2,8,0,4,1,1,4,1,1,1,2,1,1,1,1,1,1,,,,,,0,,1,00,1,1,1,1
Public Method,"org.apache.pdfbox.pdmodel.interactive.digitalsignature.visible.PDFTemplateStructure.getSignatureRectangle()",pdfbox/src/main/java/org/apache/pdfbox/pdmodel/interactive/digitalsignature/visible/PDFTemplateStructure.java,,,,,,,,,,,,,,,,,,,,,,,,,1,8,0,4,1,1,4,1,1,1,2,1,1,1,1,1,1,,,,,,0,,1,00,1,1,1,1
Public Method,"org.apache.pdfbox.pdmodel.interactive.digitalsignature.visible.PDFTemplateStructure.getTemplate()",pdfbox/src/main/java/org/apache/pdfbox/pdmodel/interactive/digitalsignature/visible/PDFTemplateStructure.java,,,,,,,,,,,,,,,,,,,,,,,,,4,10,0,4,1,1,6,1,1,1,2,1,1,1,1,1,1,,,,,,0,,1,50,1,1,1,1
Public Method,"org.apache.pdfbox.pdmodel.interactive.digitalsignature.visible.PDFTemplateStructure.getVisualSignature()",pdfbox/src/main/java/org/apache/pdfbox/pdmodel/interactive/digitalsignature/visible/PDFTemplateStructure.java,,,,,,,,,,,,,,,,,,,,,,,,,2,9,0,4,1,1,5,1,1,1,2,1,1,1,1,1,1,,,,,,0,,1,25,1,1,1,1
Public Method,"org.apache.pdfbox.pdmodel.interactive.digitalsignature.visible.PDFTemplateStructure.getWidgetDictionary()",pdfbox/src/main/java/org/apache/pdfbox/pdmodel/interactive/digitalsignature/visible/PDFTemplateStructure.java,,,,,,,,,,,,,,,,,,,,,,,,,1,9,0,4,1,1,5,1,1,1,2,1,1,1,1,1,1,,,,,,0,,1,25,1,1,1,1
Public Method,"org.apache.pdfbox.pdmodel.interactive.digitalsignature.visible.PDFTemplateStructure.setAcroForm(PDAcroForm)",pdfbox/src/main/java/org/apache/pdfbox/pdmodel/interactive/digitalsignature/visible/PDFTemplateStructure.java,,,,,,,,,,,,,,,,,,,,,,,,,2,8,0,4,1,1,4,1,1,1,2,1,1,1,1,1,1,,,,,,0,,1,00,1,1,1,1
Public Method,"org.apache.pdfbox.pdmodel.interactive.digitalsignature.visible.PDFTemplateStructure.setAcroFormDictionary(COSDictionary)",pdfbox/src/main/java/org/apache/pdfbox/pdmodel/interactive/digitalsignature/visible/PDFTemplateStructure.java,,,,,,,,,,,,,,,,,,,,,,,,,2,10,0,4,1,1,6,1,1,1,2,1,1,1,1,1,1,,,,,,0,,1,50,1,1,1,1
Public Method,"org.apache.pdfbox.pdmodel.interactive.digitalsignature.visible.PDFTemplateStructure.setAcroFormFields(List<PDField>)",pdfbox/src/main/java/org/apache/pdfbox/pdmodel/interactive/digitalsignature/visible/PDFTemplateStructure.java,,,,,,,,,,,,,,,,,,,,,,,,,2,8,0,4,1,1,4,1,1,1,2,1,1,1,1,1,1,,,,,,0,,1,00,1,1,1,1
Public Method,"org.apache.pdfbox.pdmodel.interactive.digitalsignature.visible.PDFTemplateStructure.setAffineTransform(AffineTransform)",pdfbox/src/main/java/org/apache/pdfbox/pdmodel/interactive/digitalsignature/visible/PDFTemplateStructure.java,,,,,,,,,,,,,,,,,,,,,,,,,2,8,0,4,1,1,4,1,1,1,2,1,1,1,1,1,1,,,,,,0,,1,00,1,1,1,1
Public Method,"org.apache.pdfbox.pdmodel.interactive.digitalsignature.visible.PDFTemplateStructure.setAppearanceDictionary(PDAppearanceDictionary)",pdfbox/src/main/java/org/apache/pdfbox/pdmodel/interactive/digitalsignature/visible/PDFTemplateStructure.java,,,,,,,,,,,,,,,,,,,,,,,,,2,9,0,4,1,1,5,1,1,1,2,1,1,1,1,1,1,,,,,,0,,1,25,1,1,1,1
Public Method,"org.apache.pdfbox.pdmodel.interactive.digitalsignature.visible.PDFTemplateStructure.setFormatterRectangle(PDRectangle)",pdfbox/src/main/java/org/apache/pdfbox/pdmodel/interactive/digitalsignature/visible/PDFTemplateStructure.java,,,,,,,,,,,,,,,,,,,,,,,,,2,8,0,4,1,1,4,1,1,1,2,1,1,1,1,1,1,,,,,,0,,1,00,1,1,1,1
Public Method,"org.apache.pdfbox.pdmodel.interactive.digitalsignature.visible.PDFTemplateStructure.setHolderForm(PDFormXObject)",pdfbox/src/main/java/org/apache/pdfbox/pdmodel/interactive/digitalsignature/visible/PDFTemplateStructure.java,,,,,,,,,,,,,,,,,,,,,,,,,2,8,0,4,1,1,4,1,1,1,2,1,1,1,1,1,1,,,,,,0,,1,00,1,1,1,1
Public Method,"org.apache.pdfbox.pdmodel.interactive.digitalsignature.visible.PDFTemplateStructure.setHolderFormResources(PDResources)",pdfbox/src/main/java/org/apache/pdfbox/pdmodel/interactive/digitalsignature/visible/PDFTemplateStructure.java,,,,,,,,,,,,,,,,,,,,,,,,,2,8,0,4,1,1,4,1,1,1,2,1,1,1,1,1,1,,,,,,0,,1,00,1,1,1,1
Public Method,"org.apache.pdfbox.pdmodel.interactive.digitalsignature.visible.PDFTemplateStructure.setHolderFormStream(PDStream)",pdfbox/src/main/java/org/apache/pdfbox/pdmodel/interactive/digitalsignature/visible/PDFTemplateStructure.java,,,,,,,,,,,,,,,,,,,,,,,,,2,8,0,4,1,1,4,1,1,1,2,1,1,1,1,1,1,,,,,,0,,1,00,1,1,1,1
Public Method,"org.apache.pdfbox.pdmodel.interactive.digitalsignature.visible.PDFTemplateStructure.setImage(PDImageXObject)",pdfbox/src/main/java/org/apache/pdfbox/pdmodel/interactive/digitalsignature/visible/PDFTemplateStructure.java,,,,,,,,,,,,,,,,,,,,,,,,,2,8,0,4,1,1,4,1,1,1,2,1,1,1,1,1,1,,,,,,0,,1,00,1,1,1,1
Public Method,"org.apache.pdfbox.pdmodel.interactive.digitalsignature.visible.PDFTemplateStructure.setImageForm(PDFormXObject)",pdfbox/src/main/java/org/apache/pdfbox/pdmodel/interactive/digitalsignature/visible/PDFTemplateStructure.java,,,,,,,,,,,,,,,,,,,,,,,,,2,13,0,4,1,1,9,1,1,1,2,1,1,1,1,1,1,,,,,,0,,2,25,1,1,1,1
Public Method,"org.apache.pdfbox.pdmodel.interactive.digitalsignature.visible.PDFTemplateStructure.setImageFormName(COSName)",pdfbox/src/main/java/org/apache/pdfbox/pdmodel/interactive/digitalsignature/visible/PDFTemplateStructure.java,,,,,,,,,,,,,,,,,,,,,,,,,2,8,0,4,1,1,4,1,1,1,2,1,1,1,1,1,1,,,,,,0,,1,00,1,1,1,1
Public Method,"org.apache.pdfbox.pdmodel.interactive.digitalsignature.visible.PDFTemplateStructure.setImageFormResources(PDResources)",pdfbox/src/main/java/org/apache/pdfbox/pdmodel/interactive/digitalsignature/visible/PDFTemplateStructure.java,,,,,,,,,,,,,,,,,,,,,,,,,2,8,0,4,1,1,4,1,1,1,2,1,1,1,1,1,1,,,,,,0,,1,00,1,1,1,1
Public Method,"org.apache.pdfbox.pdmodel.interactive.digitalsignature.visible.PDFTemplateStructure.setImageFormStream(PDStream)",pdfbox/src/main/java/org/apache/pdfbox/pdmodel/interactive/digitalsignature/visible/PDFTemplateStructure.java,,,,,,,,,,,,,,,,,,,,,,,,,2,8,0,4,1,1,4,1,1,1,2,1,1,1,1,1,1,,,,,,0,,1,00,1,1,1,1
Public Method,"org.apache.pdfbox.pdmodel.interactive.digitalsignature.visible.PDFTemplateStructure.setImageName(COSName)",pdfbox/src/main/java/org/apache/pdfbox/pdmodel/interactive/digitalsignature/visible/PDFTemplateStructure.java,,,,,,,,,,,,,,,,,,,,,,,,,2,8,0,4,1,1,4,1,1,1,2,1,1,1,1,1,1,,,,,,0,,1,00,1,1,1,1
Public Method,"org.apache.pdfbox.pdmodel.interactive.digitalsignature.visible.PDFTemplateStructure.setInnerForm(PDFormXObject)",pdfbox/src/main/java/org/apache/pdfbox/pdmodel/interactive/digitalsignature/visible/PDFTemplateStructure.java,,,,,,,,,,,,,,,,,,,,,,,,,2,9,0,4,1,1,5,1,1,1,2,1,1,1,1,1,1,,,,,,0,,1,25,1,1,1,1
Public Method,"org.apache.pdfbox.pdmodel.interactive.digitalsignature.visible.PDFTemplateStructure.setInnerFormName(COSName)",pdfbox/src/main/java/org/apache/pdfbox/pdmodel/interactive/digitalsignature/visible/PDFTemplateStructure.java,,,,,,,,,,,,,,,,,,,,,,,,,2,8,0,4,1,1,4,1,1,1,2,1,1,1,1,1,1,,,,,,0,,1,00,1,1,1,1
Public Method,"org.apache.pdfbox.pdmodel.interactive.digitalsignature.visible.PDFTemplateStructure.setInnerFormResources(PDResources)",pdfbox/src/main/java/org/apache/pdfbox/pdmodel/interactive/digitalsignature/visible/PDFTemplateStructure.java,,,,,,,,,,,,,,,,,,,,,,,,,2,8,0,4,1,1,4,1,1,1,2,1,1,1,1,1,1,,,,,,0,,1,00,1,1,1,1
Public Method,"org.apache.pdfbox.pdmodel.interactive.digitalsignature.visible.PDFTemplateStructure.setInnterFormStream(PDStream)",pdfbox/src/main/java/org/apache/pdfbox/pdmodel/interactive/digitalsignature/visible/PDFTemplateStructure.java,,,,,,,,,,,,,,,,,,,,,,,,,2,8,0,4,1,1,4,1,1,1,2,1,1,1,1,1,1,,,,,,0,,1,00,1,1,1,1
Public Method,"org.apache.pdfbox.pdmodel.interactive.digitalsignature.visible.PDFTemplateStructure.setPage(PDPage)",pdfbox/src/main/java/org/apache/pdfbox/pdmodel/interactive/digitalsignature/visible/PDFTemplateStructure.java,,,,,,,,,,,,,,,,,,,,,,,,,2,8,0,4,1,1,4,1,1,1,2,1,1,1,1,1,1,,,,,,0,,1,00,1,1,1,1
Public Method,"org.apache.pdfbox.pdmodel.interactive.digitalsignature.visible.PDFTemplateStructure.setPdSignature(PDSignature)",pdfbox/src/main/java/org/apache/pdfbox/pdmodel/interactive/digitalsignature/visible/PDFTemplateStructure.java,,,,,,,,,,,,,,,,,,,,,,,,,2,8,0,4,1,1,4,1,1,1,2,1,1,1,1,1,1,,,,,,0,,1,00,1,1,1,1
Public Method,"org.apache.pdfbox.pdmodel.interactive.digitalsignature.visible.PDFTemplateStructure.setProcSet(COSArray)",pdfbox/src/main/java/org/apache/pdfbox/pdmodel/interactive/digitalsignature/visible/PDFTemplateStructure.java,,,,,,,,,,,,,,,,,,,,,,,,,2,8,0,4,1,1,4,1,1,1,2,1,1,1,1,1,1,,,,,,0,,1,00,1,1,1,1
Public Method,"org.apache.pdfbox.pdmodel.interactive.digitalsignature.visible.PDFTemplateStructure.setSignatureField(PDSignatureField)",pdfbox/src/main/java/org/apache/pdfbox/pdmodel/interactive/digitalsignature/visible/PDFTemplateStructure.java,,,,,,,,,,,,,,,,,,,,,,,,,2,8,0,4,1,1,4,1,1,1,2,1,1,1,1,1,1,,,,,,0,,1,00,1,1,1,1
Public Method,"org.apache.pdfbox.pdmodel.interactive.digitalsignature.visible.PDFTemplateStructure.setSignatureRectangle(PDRectangle)",pdfbox/src/main/java/org/apache/pdfbox/pdmodel/interactive/digitalsignature/visible/PDFTemplateStructure.java,,,,,,,,,,,,,,,,,,,,,,,,,2,8,0,4,1,1,4,1,1,1,2,1,1,1,1,1,1,,,,,,0,,1,00,1,1,1,1
Public Method,"org.apache.pdfbox.pdmodel.interactive.digitalsignature.visible.PDFTemplateStructure.setTemplate(PDDocument)",pdfbox/src/main/java/org/apache/pdfbox/pdmodel/interactive/digitalsignature/visible/PDFTemplateStructure.java,,,,,,,,,,,,,,,,,,,,,,,,,2,10,0,4,1,1,6,1,1,1,2,1,1,1,1,1,1,,,,,,0,,1,50,1,1,1,1
Public Method,"org.apache.pdfbox.pdmodel.interactive.digitalsignature.visible.PDFTemplateStructure.setVisualSignature(COSDocument)",pdfbox/src/main/java/org/apache/pdfbox/pdmodel/interactive/digitalsignature/visible/PDFTemplateStructure.java,,,,,,,,,,,,,,,,,,,,,,,,,2,10,0,4,1,1,6,1,1,1,2,1,1,1,1,1,1,,,,,,0,,1,50,1,1,1,1
Public Method,"org.apache.pdfbox.pdmodel.interactive.digitalsignature.visible.PDFTemplateStructure.setWidgetDictionary(COSDictionary)",pdfbox/src/main/java/org/apache/pdfbox/pdmodel/interactive/digitalsignature/visible/PDFTemplateStructure.java,,,,,,,,,,,,,,,,,,,,,,,,,2,9,0,4,1,1,5,1,1,1,2,1,1,1,1,1,1,,,,,,0,,1,25,1,1,1,1
Public Class,"org.apache.pdfbox.pdmodel.interactive.digitalsignature.visible.PDVisibleSigBuilder",pdfbox/src/main/java/org/apache/pdfbox/pdmodel/interactive/digitalsignature/visible/PDVisibleSigBuilder.java,1,1,1,1,10,0,9,0,2,39,0,,0,1,,,31,1,31,43,0,0,0,31,,359,43,297,112,152,19,,,148,181,65,148,,,,,2,2,2,1,1,1,6,0,06,32,32,32,31
Public Constructor,"org.apache.pdfbox.pdmodel.interactive.digitalsignature.visible.PDVisibleSigBuilder.PDVisibleSigBuilder()",pdfbox/src/main/java/org/apache/pdfbox/pdmodel/interactive/digitalsignature/visible/PDVisibleSigBuilder.java,,,,,,,,,,,,,,,,,,,,,,,,,2,8,0,5,1,2,3,3,1,2,3,1,2,1,1,1,1,,,,,,0,,0,60,1,1,1,1
Public Method,"org.apache.pdfbox.pdmodel.interactive.digitalsignature.visible.PDVisibleSigBuilder.appendRawCommands(OutputStream,String)",pdfbox/src/main/java/org/apache/pdfbox/pdmodel/interactive/digitalsignature/visible/PDVisibleSigBuilder.java,,,,,,,,,,,,,,,,,,,,,,,,,4,5,0,5,1,2,0,3,1,2,3,1,2,1,1,1,1,,,,,,0,,0,00,1,1,1,1
Public Method,"org.apache.pdfbox.pdmodel.interactive.digitalsignature.visible.PDVisibleSigBuilder.closeTemplate(PDDocument)",pdfbox/src/main/java/org/apache/pdfbox/pdmodel/interactive/digitalsignature/visible/PDVisibleSigBuilder.java,,,,,,,,,,,,,,,,,,,,,,,,,2,6,0,6,2,2,0,2,1,2,3,1,2,1,1,1,1,,,,,,0,,0,00,1,1,1,1
Public Method,"org.apache.pdfbox.pdmodel.interactive.digitalsignature.visible.PDVisibleSigBuilder.createAcroForm(PDDocument)",pdfbox/src/main/java/org/apache/pdfbox/pdmodel/interactive/digitalsignature/visible/PDVisibleSigBuilder.java,,,,,,,,,,,,,,,,,,,,,,,,,3,8,0,8,3,4,0,5,1,4,5,2,4,1,1,1,1,,,,,,0,,0,00,1,1,1,1
Public Method,"org.apache.pdfbox.pdmodel.interactive.digitalsignature.visible.PDVisibleSigBuilder.createAcroFormDictionary(PDAcroForm,PDSignatureField)",pdfbox/src/main/java/org/apache/pdfbox/pdmodel/interactive/digitalsignature/visible/PDVisibleSigBuilder.java,,,,,,,,,,,,,,,,,,,,,,,,,4,17,0,16,6,10,1,10,1,10,11,3,10,1,1,1,1,,,,,,0,,0,06,1,1,1,1
Public Method,"org.apache.pdfbox.pdmodel.interactive.digitalsignature.visible.PDVisibleSigBuilder.createAffineTransform(AffineTransform)",pdfbox/src/main/java/org/apache/pdfbox/pdmodel/interactive/digitalsignature/visible/PDVisibleSigBuilder.java,,,,,,,,,,,,,,,,,,,,,,,,,3,6,0,6,2,2,0,2,1,2,3,1,2,1,1,1,1,,,,,,0,,0,00,1,1,1,1
Public Method,"org.apache.pdfbox.pdmodel.interactive.digitalsignature.visible.PDVisibleSigBuilder.createAppearanceDictionary(PDFormXObject,PDSignatureField)",pdfbox/src/main/java/org/apache/pdfbox/pdmodel/interactive/digitalsignature/visible/PDVisibleSigBuilder.java,,,,,,,,,,,,,,,,,,,,,,,,,4,15,3,12,5,7,0,11,1,7,8,3,7,1,1,1,1,,,,,,0,,0,00,1,1,1,1
Public Method,"org.apache.pdfbox.pdmodel.interactive.digitalsignature.visible.PDVisibleSigBuilder.createBackgroundLayerForm(PDResources,PDRectangle)",pdfbox/src/main/java/org/apache/pdfbox/pdmodel/interactive/digitalsignature/visible/PDVisibleSigBuilder.java,,,,,,,,,,,,,,,,,,,,,,,,,4,12,0,11,4,6,1,11,1,6,7,2,6,1,1,1,1,,,,,,0,,0,09,1,1,1,1
Public Method,"org.apache.pdfbox.pdmodel.interactive.digitalsignature.visible.PDVisibleSigBuilder.createFormatterRectangle(int[])",pdfbox/src/main/java/org/apache/pdfbox/pdmodel/interactive/digitalsignature/visible/PDVisibleSigBuilder.java,,,,,,,,,,,,,,,,,,,,,,,,,3,12,1,11,3,7,0,9,1,7,8,2,7,1,1,1,1,,,,,,0,,0,00,1,1,1,1
Public Method,"org.apache.pdfbox.pdmodel.interactive.digitalsignature.visible.PDVisibleSigBuilder.createHolderForm(PDResources,PDStream,PDRectangle)",pdfbox/src/main/java/org/apache/pdfbox/pdmodel/interactive/digitalsignature/visible/PDVisibleSigBuilder.java,,,,,,,,,,,,,,,,,,,,,,,,,5,12,1,11,4,6,0,6,1,6,7,2,6,1,1,1,1,,,,,,0,,0,00,1,1,1,1
Public Method,"org.apache.pdfbox.pdmodel.interactive.digitalsignature.visible.PDVisibleSigBuilder.createHolderFormResources()",pdfbox/src/main/java/org/apache/pdfbox/pdmodel/interactive/digitalsignature/visible/PDVisibleSigBuilder.java,,,,,,,,,,,,,,,,,,,,,,,,,2,8,1,7,3,3,0,3,1,3,4,2,3,1,1,1,1,,,,,,0,,0,00,1,1,1,1
Public Method,"org.apache.pdfbox.pdmodel.interactive.digitalsignature.visible.PDVisibleSigBuilder.createHolderFormStream(PDDocument)",pdfbox/src/main/java/org/apache/pdfbox/pdmodel/interactive/digitalsignature/visible/PDVisibleSigBuilder.java,,,,,,,,,,,,,,,,,,,,,,,,,3,7,0,7,3,3,0,3,1,3,4,2,3,1,1,1,1,,,,,,0,,0,00,1,1,1,1
Public Method,"org.apache.pdfbox.pdmodel.interactive.digitalsignature.visible.PDVisibleSigBuilder.createImageForm(PDResources,PDResources,PDStream,PDRectangle,AffineTransform,PDImageXObject)",pdfbox/src/main/java/org/apache/pdfbox/pdmodel/interactive/digitalsignature/visible/PDVisibleSigBuilder.java,,,,,,,,,,,,,,,,,,,,,,,,,8,21,2,19,7,13,0,14,1,13,14,4,13,1,1,1,1,,,,,,0,,0,00,1,1,1,1
Public Method,"org.apache.pdfbox.pdmodel.interactive.digitalsignature.visible.PDVisibleSigBuilder.createImageFormResources()",pdfbox/src/main/java/org/apache/pdfbox/pdmodel/interactive/digitalsignature/visible/PDVisibleSigBuilder.java,,,,,,,,,,,,,,,,,,,,,,,,,2,7,0,7,3,3,0,3,1,3,4,2,3,1,1,1,1,,,,,,0,,0,00,1,1,1,1
Public Method,"org.apache.pdfbox.pdmodel.interactive.digitalsignature.visible.PDVisibleSigBuilder.createImageFormStream(PDDocument)",pdfbox/src/main/java/org/apache/pdfbox/pdmodel/interactive/digitalsignature/visible/PDVisibleSigBuilder.java,,,,,,,,,,,,,,,,,,,,,,,,,3,7,0,7,3,3,0,3,1,3,4,2,3,1,1,1,1,,,,,,0,,0,00,1,1,1,1
Public Method,"org.apache.pdfbox.pdmodel.interactive.digitalsignature.visible.PDVisibleSigBuilder.createInnerForm(PDResources,PDStream,PDRectangle)",pdfbox/src/main/java/org/apache/pdfbox/pdmodel/interactive/digitalsignature/visible/PDVisibleSigBuilder.java,,,,,,,,,,,,,,,,,,,,,,,,,5,11,0,11,4,6,0,6,1,6,7,2,6,1,1,1,1,,,,,,0,,0,00,1,1,1,1
Public Method,"org.apache.pdfbox.pdmodel.interactive.digitalsignature.visible.PDVisibleSigBuilder.createInnerFormResource()",pdfbox/src/main/java/org/apache/pdfbox/pdmodel/interactive/digitalsignature/visible/PDVisibleSigBuilder.java,,,,,,,,,,,,,,,,,,,,,,,,,2,8,0,8,3,4,0,3,1,3,4,2,3,1,1,1,1,,,,,,0,,0,00,1,1,1,1
Public Method,"org.apache.pdfbox.pdmodel.interactive.digitalsignature.visible.PDVisibleSigBuilder.createInnerFormStream(PDDocument)",pdfbox/src/main/java/org/apache/pdfbox/pdmodel/interactive/digitalsignature/visible/PDVisibleSigBuilder.java,,,,,,,,,,,,,,,,,,,,,,,,,3,8,0,8,3,4,0,3,1,3,4,2,3,1,1,1,1,,,,,,0,,0,00,1,1,1,1
Public Method,"org.apache.pdfbox.pdmodel.interactive.digitalsignature.visible.PDVisibleSigBuilder.createPage(PDVisibleSignDesigner)",pdfbox/src/main/java/org/apache/pdfbox/pdmodel/interactive/digitalsignature/visible/PDVisibleSigBuilder.java,,,,,,,,,,,,,,,,,,,,,,,,,3,8,0,8,4,4,0,6,1,3,4,2,3,1,1,1,1,,,,,,0,,0,00,1,1,1,1
Public Method,"org.apache.pdfbox.pdmodel.interactive.digitalsignature.visible.PDVisibleSigBuilder.createProcSetArray()",pdfbox/src/main/java/org/apache/pdfbox/pdmodel/interactive/digitalsignature/visible/PDVisibleSigBuilder.java,,,,,,,,,,,,,,,,,,,,,,,,,2,12,0,12,3,8,0,5,1,8,9,2,8,1,1,1,1,,,,,,0,,0,00,1,1,1,1
Public Method,"org.apache.pdfbox.pdmodel.interactive.digitalsignature.visible.PDVisibleSigBuilder.createSignature(PDSignatureField,PDPage,String)",pdfbox/src/main/java/org/apache/pdfbox/pdmodel/interactive/digitalsignature/visible/PDVisibleSigBuilder.java,,,,,,,,,,,,,,,,,,,,,,,,,5,16,0,16,5,9,0,11,2,8,10,3,9,2,2,2,1,,,,,,1,,0,00,2,2,2,1
Public Method,"org.apache.pdfbox.pdmodel.interactive.digitalsignature.visible.PDVisibleSigBuilder.createSignatureField(PDAcroForm)",pdfbox/src/main/java/org/apache/pdfbox/pdmodel/interactive/digitalsignature/visible/PDVisibleSigBuilder.java,,,,,,,,,,,,,,,,,,,,,,,,,3,7,0,7,3,3,0,3,1,3,4,2,3,1,1,1,1,,,,,,0,,0,00,1,1,1,1
Public Method,"org.apache.pdfbox.pdmodel.interactive.digitalsignature.visible.PDVisibleSigBuilder.createSignatureImage(PDDocument,BufferedImage)",pdfbox/src/main/java/org/apache/pdfbox/pdmodel/interactive/digitalsignature/visible/PDVisibleSigBuilder.java,,,,,,,,,,,,,,,,,,,,,,,,,4,6,0,6,2,2,0,3,1,2,3,1,2,1,1,1,1,,,,,,0,,0,00,1,1,1,1
Public Method,"org.apache.pdfbox.pdmodel.interactive.digitalsignature.visible.PDVisibleSigBuilder.createSignatureRectangle(PDSignatureField,PDVisibleSignDesigner)",pdfbox/src/main/java/org/apache/pdfbox/pdmodel/interactive/digitalsignature/visible/PDVisibleSigBuilder.java,,,,,,,,,,,,,,,,,,,,,,,,,4,15,1,14,4,9,0,15,1,8,9,2,8,1,1,1,1,,,,,,0,,0,00,1,1,1,1
Public Method,"org.apache.pdfbox.pdmodel.interactive.digitalsignature.visible.PDVisibleSigBuilder.createTemplate(PDPage)",pdfbox/src/main/java/org/apache/pdfbox/pdmodel/interactive/digitalsignature/visible/PDVisibleSigBuilder.java,,,,,,,,,,,,,,,,,,,,,,,,,2,14,0,7,3,3,7,3,1,3,4,2,3,1,1,1,1,,,,,,0,,1,00,1,1,1,1
Public Method,"org.apache.pdfbox.pdmodel.interactive.digitalsignature.visible.PDVisibleSigBuilder.createVisualSignature(PDDocument)",pdfbox/src/main/java/org/apache/pdfbox/pdmodel/interactive/digitalsignature/visible/PDVisibleSigBuilder.java,,,,,,,,,,,,,,,,,,,,,,,,,3,6,0,6,2,2,0,3,1,2,3,1,2,1,1,1,1,,,,,,0,,0,00,1,1,1,1
Public Method,"org.apache.pdfbox.pdmodel.interactive.digitalsignature.visible.PDVisibleSigBuilder.createWidgetDictionary(PDSignatureField,PDResources)",pdfbox/src/main/java/org/apache/pdfbox/pdmodel/interactive/digitalsignature/visible/PDVisibleSigBuilder.java,,,,,,,,,,,,,,,,,,,,,,,,,5,11,1,10,4,5,0,8,1,5,6,2,5,1,1,1,1,,,,,,0,,0,00,1,1,1,1
Public Method,"org.apache.pdfbox.pdmodel.interactive.digitalsignature.visible.PDVisibleSigBuilder.getStructure()",pdfbox/src/main/java/org/apache/pdfbox/pdmodel/interactive/digitalsignature/visible/PDVisibleSigBuilder.java,,,,,,,,,,,,,,,,,,,,,,,,,2,5,0,5,2,1,0,1,1,1,2,1,1,1,1,1,1,,,,,,0,,0,00,1,1,1,1
Public Method,"org.apache.pdfbox.pdmodel.interactive.digitalsignature.visible.PDVisibleSigBuilder.injectAppearanceStreams(PDStream,PDStream,PDStream,COSName,COSName,COSName,PDVisibleSignDesigner)",pdfbox/src/main/java/org/apache/pdfbox/pdmodel/interactive/digitalsignature/visible/PDVisibleSigBuilder.java,,,,,,,,,,,,,,,,,,,,,,,,,5,19,2,16,10,9,1,11,1,9,10,6,9,1,1,1,1,,,,,,0,,0,06,1,1,1,1
Public Method,"org.apache.pdfbox.pdmodel.interactive.digitalsignature.visible.PDVisibleSigBuilder.injectProcSetArray(PDFormXObject,PDPage,PDResources,PDResources,PDResources,COSArray)",pdfbox/src/main/java/org/apache/pdfbox/pdmodel/interactive/digitalsignature/visible/PDVisibleSigBuilder.java,,,,,,,,,,,,,,,,,,,,,,,,,8,12,0,12,4,6,0,5,1,6,7,1,6,1,1,1,1,,,,,,0,,0,00,1,1,1,1
Public Method,"org.apache.pdfbox.pdmodel.interactive.digitalsignature.visible.PDVisibleSigBuilder.insertInnerFormToHolderResources(PDFormXObject,PDResources)",pdfbox/src/main/java/org/apache/pdfbox/pdmodel/interactive/digitalsignature/visible/PDVisibleSigBuilder.java,,,,,,,,,,,,,,,,,,,,,,,,,5,8,0,8,3,3,0,3,1,3,4,1,3,1,1,1,1,,,,,,0,,0,00,1,1,1,1
Public Class,"org.apache.pdfbox.pdmodel.interactive.digitalsignature.visible.PDVisibleSigProperties",pdfbox/src/main/java/org/apache/pdfbox/pdmodel/interactive/digitalsignature/visible/PDVisibleSigProperties.java,1,1,1,1,9,0,4,4,1,7,0,,0,0,,,17,8,17,29,0,0,0,17,,189,18,88,28,26,83,,,34,52,28,26,,,,,1,1,1,1,1,0,88,0,94,17,17,17,17
Public Method,"org.apache.pdfbox.pdmodel.interactive.digitalsignature.visible.PDVisibleSigProperties.buildSignature()",pdfbox/src/main/java/org/apache/pdfbox/pdmodel/interactive/digitalsignature/visible/PDVisibleSigProperties.java,,,,,,,,,,,,,,,,,,,,,,,,,1,11,0,6,3,3,5,5,1,3,4,3,3,1,1,1,1,,,,,,0,,0,83,1,1,1,1
Public Method,"org.apache.pdfbox.pdmodel.interactive.digitalsignature.visible.PDVisibleSigProperties.getPage()",pdfbox/src/main/java/org/apache/pdfbox/pdmodel/interactive/digitalsignature/visible/PDVisibleSigProperties.java,,,,,,,,,,,,,,,,,,,,,,,,,2,8,0,4,1,1,4,1,1,1,2,1,1,1,1,1,1,,,,,,0,,1,00,1,1,1,1
Public Method,"org.apache.pdfbox.pdmodel.interactive.digitalsignature.visible.PDVisibleSigProperties.getPdVisibleSignature()",pdfbox/src/main/java/org/apache/pdfbox/pdmodel/interactive/digitalsignature/visible/PDVisibleSigProperties.java,,,,,,,,,,,,,,,,,,,,,,,,,2,8,0,4,1,1,4,1,1,1,2,1,1,1,1,1,1,,,,,,0,,1,00,1,1,1,1
Public Method,"org.apache.pdfbox.pdmodel.interactive.digitalsignature.visible.PDVisibleSigProperties.getPreferredSize()",pdfbox/src/main/java/org/apache/pdfbox/pdmodel/interactive/digitalsignature/visible/PDVisibleSigProperties.java,,,,,,,,,,,,,,,,,,,,,,,,,1,9,0,4,1,1,5,1,1,1,2,1,1,1,1,1,1,,,,,,0,,1,25,1,1,1,1
Public Method,"org.apache.pdfbox.pdmodel.interactive.digitalsignature.visible.PDVisibleSigProperties.getSignatureReason()",pdfbox/src/main/java/org/apache/pdfbox/pdmodel/interactive/digitalsignature/visible/PDVisibleSigProperties.java,,,,,,,,,,,,,,,,,,,,,,,,,2,8,0,4,1,1,4,1,1,1,2,1,1,1,1,1,1,,,,,,0,,1,00,1,1,1,1
Public Method,"org.apache.pdfbox.pdmodel.interactive.digitalsignature.visible.PDVisibleSigProperties.getSignerLocation()",pdfbox/src/main/java/org/apache/pdfbox/pdmodel/interactive/digitalsignature/visible/PDVisibleSigProperties.java,,,,,,,,,,,,,,,,,,,,,,,,,2,8,0,4,1,1,4,1,1,1,2,1,1,1,1,1,1,,,,,,0,,1,00,1,1,1,1
Public Method,"org.apache.pdfbox.pdmodel.interactive.digitalsignature.visible.PDVisibleSigProperties.getSignerName()",pdfbox/src/main/java/org/apache/pdfbox/pdmodel/interactive/digitalsignature/visible/PDVisibleSigProperties.java,,,,,,,,,,,,,,,,,,,,,,,,,2,8,0,4,1,1,4,1,1,1,2,1,1,1,1,1,1,,,,,,0,,1,00,1,1,1,1
Public Method,"org.apache.pdfbox.pdmodel.interactive.digitalsignature.visible.PDVisibleSigProperties.getVisibleSignature()",pdfbox/src/main/java/org/apache/pdfbox/pdmodel/interactive/digitalsignature/visible/PDVisibleSigProperties.java,,,,,,,,,,,,,,,,,,,,,,,,,3,8,0,4,1,1,4,1,1,1,2,1,1,1,1,1,1,,,,,,0,,1,00,1,1,1,1
Public Method,"org.apache.pdfbox.pdmodel.interactive.digitalsignature.visible.PDVisibleSigProperties.isVisualSignEnabled()",pdfbox/src/main/java/org/apache/pdfbox/pdmodel/interactive/digitalsignature/visible/PDVisibleSigProperties.java,,,,,,,,,,,,,,,,,,,,,,,,,2,8,0,4,1,1,4,1,1,1,2,1,1,1,1,1,1,,,,,,0,,1,00,1,1,1,1
Public Method,"org.apache.pdfbox.pdmodel.interactive.digitalsignature.visible.PDVisibleSigProperties.page(int)",pdfbox/src/main/java/org/apache/pdfbox/pdmodel/interactive/digitalsignature/visible/PDVisibleSigProperties.java,,,,,,,,,,,,,,,,,,,,,,,,,2,10,0,5,1,2,5,2,1,2,3,1,2,1,1,1,1,,,,,,0,,1,00,1,1,1,1
Public Method,"org.apache.pdfbox.pdmodel.interactive.digitalsignature.visible.PDVisibleSigProperties.preferredSize(int)",pdfbox/src/main/java/org/apache/pdfbox/pdmodel/interactive/digitalsignature/visible/PDVisibleSigProperties.java,,,,,,,,,,,,,,,,,,,,,,,,,2,11,0,5,1,2,6,2,1,2,3,1,2,1,1,1,1,,,,,,0,,1,20,1,1,1,1
Public Method,"org.apache.pdfbox.pdmodel.interactive.digitalsignature.visible.PDVisibleSigProperties.setPdVisibleSignature(PDVisibleSignDesigner)",pdfbox/src/main/java/org/apache/pdfbox/pdmodel/interactive/digitalsignature/visible/PDVisibleSigProperties.java,,,,,,,,,,,,,,,,,,,,,,,,,3,10,0,5,1,2,5,2,1,2,3,1,2,1,1,1,1,,,,,,0,,1,00,1,1,1,1
Public Method,"org.apache.pdfbox.pdmodel.interactive.digitalsignature.visible.PDVisibleSigProperties.setVisibleSignature(InputStream)",pdfbox/src/main/java/org/apache/pdfbox/pdmodel/interactive/digitalsignature/visible/PDVisibleSigProperties.java,,,,,,,,,,,,,,,,,,,,,,,,,2,8,0,4,1,1,4,1,1,1,2,1,1,1,1,1,1,,,,,,0,,1,00,1,1,1,1
Public Method,"org.apache.pdfbox.pdmodel.interactive.digitalsignature.visible.PDVisibleSigProperties.signatureReason(String)",pdfbox/src/main/java/org/apache/pdfbox/pdmodel/interactive/digitalsignature/visible/PDVisibleSigProperties.java,,,,,,,,,,,,,,,,,,,,,,,,,3,10,0,5,1,2,5,2,1,2,3,1,2,1,1,1,1,,,,,,0,,1,00,1,1,1,1
Public Method,"org.apache.pdfbox.pdmodel.interactive.digitalsignature.visible.PDVisibleSigProperties.signerLocation(String)",pdfbox/src/main/java/org/apache/pdfbox/pdmodel/interactive/digitalsignature/visible/PDVisibleSigProperties.java,,,,,,,,,,,,,,,,,,,,,,,,,3,10,0,5,1,2,5,2,1,2,3,1,2,1,1,1,1,,,,,,0,,1,00,1,1,1,1
Public Method,"org.apache.pdfbox.pdmodel.interactive.digitalsignature.visible.PDVisibleSigProperties.signerName(String)",pdfbox/src/main/java/org/apache/pdfbox/pdmodel/interactive/digitalsignature/visible/PDVisibleSigProperties.java,,,,,,,,,,,,,,,,,,,,,,,,,3,10,0,5,1,2,5,2,1,2,3,1,2,1,1,1,1,,,,,,0,,1,00,1,1,1,1
Public Method,"org.apache.pdfbox.pdmodel.interactive.digitalsignature.visible.PDVisibleSigProperties.visualSignEnabled(boolean)",pdfbox/src/main/java/org/apache/pdfbox/pdmodel/interactive/digitalsignature/visible/PDVisibleSigProperties.java,,,,,,,,,,,,,,,,,,,,,,,,,3,10,0,5,1,2,5,2,1,2,3,1,2,1,1,1,1,,,,,,0,,1,00,1,1,1,1
Public Class,"org.apache.pdfbox.pdmodel.interactive.digitalsignature.visible.PDVisibleSignDesigner",pdfbox/src/main/java/org/apache/pdfbox/pdmodel/interactive/digitalsignature/visible/PDVisibleSignDesigner.java,1,1,1,1,11,0,6,5,1,17,0,,0,0,,,42,12,42,54,0,7,1,34,,556,55,271,68,117,230,,,113,161,61,104,,,,,5,2,5,1,1,1,91,0,85,47,44,47,42
Public Constructor,"org.apache.pdfbox.pdmodel.interactive.digitalsignature.visible.PDVisibleSignDesigner.PDVisibleSignDesigner(InputStream)",pdfbox/src/main/java/org/apache/pdfbox/pdmodel/interactive/digitalsignature/visible/PDVisibleSignDesigner.java,,,,,,,,,,,,,,,,,,,,,,,,,2,11,0,4,1,1,7,2,1,1,2,1,1,1,1,1,1,,,,,,0,,1,75,1,1,1,1
Public Constructor,"org.apache.pdfbox.pdmodel.interactive.digitalsignature.visible.PDVisibleSignDesigner.PDVisibleSignDesigner(InputStream,BufferedImage,int)",pdfbox/src/main/java/org/apache/pdfbox/pdmodel/interactive/digitalsignature/visible/PDVisibleSignDesigner.java,,,,,,,,,,,,,,,,,,,,,,,,,3,17,1,6,2,2,10,3,1,2,3,1,2,1,1,1,1,,,,,,0,,1,67,1,1,1,1
Public Constructor,"org.apache.pdfbox.pdmodel.interactive.digitalsignature.visible.PDVisibleSignDesigner.PDVisibleSignDesigner(InputStream,InputStream,int)",pdfbox/src/main/java/org/apache/pdfbox/pdmodel/interactive/digitalsignature/visible/PDVisibleSignDesigner.java,,,,,,,,,,,,,,,,,,,,,,,,,3,17,1,6,2,2,10,3,1,2,3,1,2,1,1,1,1,,,,,,0,,1,67,1,1,1,1
Public Constructor,"org.apache.pdfbox.pdmodel.interactive.digitalsignature.visible.PDVisibleSignDesigner.PDVisibleSignDesigner(PDDocument,BufferedImage,int)",pdfbox/src/main/java/org/apache/pdfbox/pdmodel/interactive/digitalsignature/visible/PDVisibleSignDesigner.java,,,,,,,,,,,,,,,,,,,,,,,,,3,12,0,5,1,2,7,3,1,2,3,1,2,1,1,1,1,,,,,,0,,1,40,1,1,1,1
Public Constructor,"org.apache.pdfbox.pdmodel.interactive.digitalsignature.visible.PDVisibleSignDesigner.PDVisibleSignDesigner(PDDocument,InputStream,int)",pdfbox/src/main/java/org/apache/pdfbox/pdmodel/interactive/digitalsignature/visible/PDVisibleSignDesigner.java,,,,,,,,,,,,,,,,,,,,,,,,,4,13,0,5,1,2,8,3,1,2,3,1,2,1,1,1,1,,,,,,0,,1,60,1,1,1,1
Public Constructor,"org.apache.pdfbox.pdmodel.interactive.digitalsignature.visible.PDVisibleSignDesigner.PDVisibleSignDesigner(String,BufferedImage,int)",pdfbox/src/main/java/org/apache/pdfbox/pdmodel/interactive/digitalsignature/visible/PDVisibleSignDesigner.java,,,,,,,,,,,,,,,,,,,,,,,,,3,17,1,6,2,2,10,3,1,2,3,1,2,1,1,1,1,,,,,,0,,1,67,1,1,1,1
Public Constructor,"org.apache.pdfbox.pdmodel.interactive.digitalsignature.visible.PDVisibleSignDesigner.PDVisibleSignDesigner(String,InputStream,int)",pdfbox/src/main/java/org/apache/pdfbox/pdmodel/interactive/digitalsignature/visible/PDVisibleSignDesigner.java,,,,,,,,,,,,,,,,,,,,,,,,,3,13,0,5,2,1,8,3,1,1,2,1,1,1,1,1,1,,,,,,0,,1,60,1,1,1,1
Public Constructor,"org.apache.pdfbox.pdmodel.interactive.digitalsignature.visible.PDVisibleSignDesigner.PDVisibleSignDesigner(String,InputStream,int,MemoryUsageSetting)",pdfbox/src/main/java/org/apache/pdfbox/pdmodel/interactive/digitalsignature/visible/PDVisibleSignDesigner.java,,,,,,,,,,,,,,,,,,,,,,,,,5,19,1,7,3,2,11,3,1,2,3,1,2,1,1,1,1,,,,,,0,,1,57,1,1,1,1
Public Method,"org.apache.pdfbox.pdmodel.interactive.digitalsignature.visible.PDVisibleSignDesigner.adjustForRotation()",pdfbox/src/main/java/org/apache/pdfbox/pdmodel/interactive/digitalsignature/visible/PDVisibleSignDesigner.java,,,,,,,,,,,,,,,,,,,,,,,,,8,52,8,37,4,32,7,6,4,24,26,4,22,5,2,5,1,,,,,,1,,0,19,5,2,5,1
Private Method,"org.apache.pdfbox.pdmodel.interactive.digitalsignature.visible.PDVisibleSignDesigner.calculatePageSize(PDDocument,int)",pdfbox/src/main/java/org/apache/pdfbox/pdmodel/interactive/digitalsignature/visible/PDVisibleSignDesigner.java,,,,,,,,,,,,,,,,,,,,,,,,,6,22,1,13,3,8,8,10,2,7,9,3,8,2,2,2,1,,,,,,1,,0,62,2,2,2,1
Private Method,"org.apache.pdfbox.pdmodel.interactive.digitalsignature.visible.PDVisibleSignDesigner.calculatePageSizeFromFile(String,int)",pdfbox/src/main/java/org/apache/pdfbox/pdmodel/interactive/digitalsignature/visible/PDVisibleSignDesigner.java,,,,,,,,,,,,,,,,,,,,,,,,,3,5,0,5,2,2,0,2,1,2,3,2,2,1,1,1,1,,,,,,0,,0,00,1,1,1,1
Private Method,"org.apache.pdfbox.pdmodel.interactive.digitalsignature.visible.PDVisibleSignDesigner.calculatePageSizeFromFile(String,int,MemoryUsageSetting)",pdfbox/src/main/java/org/apache/pdfbox/pdmodel/interactive/digitalsignature/visible/PDVisibleSignDesigner.java,,,,,,,,,,,,,,,,,,,,,,,,,5,9,0,8,2,2,1,3,1,1,3,1,2,1,1,1,1,,,,,,1,,0,12,1,1,1,1
Private Method,"org.apache.pdfbox.pdmodel.interactive.digitalsignature.visible.PDVisibleSignDesigner.calculatePageSizeFromStream(InputStream,int)",pdfbox/src/main/java/org/apache/pdfbox/pdmodel/interactive/digitalsignature/visible/PDVisibleSignDesigner.java,,,,,,,,,,,,,,,,,,,,,,,,,4,8,0,7,1,2,1,2,1,1,3,1,2,1,1,1,1,,,,,,1,,0,14,1,1,1,1
Public Method,"org.apache.pdfbox.pdmodel.interactive.digitalsignature.visible.PDVisibleSignDesigner.coordinates(float,float)",pdfbox/src/main/java/org/apache/pdfbox/pdmodel/interactive/digitalsignature/visible/PDVisibleSignDesigner.java,,,,,,,,,,,,,,,,,,,,,,,,,2,12,0,6,1,3,6,3,1,3,4,1,3,1,1,1,1,,,,,,0,,1,00,1,1,1,1
Public Method,"org.apache.pdfbox.pdmodel.interactive.digitalsignature.visible.PDVisibleSignDesigner.formatterRectangleParameters(int[])",pdfbox/src/main/java/org/apache/pdfbox/pdmodel/interactive/digitalsignature/visible/PDVisibleSignDesigner.java,,,,,,,,,,,,,,,,,,,,,,,,,1,11,0,5,1,2,6,2,1,2,3,1,2,1,1,1,1,,,,,,0,,1,20,1,1,1,1
Public Method,"org.apache.pdfbox.pdmodel.interactive.digitalsignature.visible.PDVisibleSignDesigner.getFormatterRectangleParameters()",pdfbox/src/main/java/org/apache/pdfbox/pdmodel/interactive/digitalsignature/visible/PDVisibleSignDesigner.java,,,,,,,,,,,,,,,,,,,,,,,,,2,8,0,4,1,1,4,1,1,1,2,1,1,1,1,1,1,,,,,,0,,1,00,1,1,1,1
Public Method,"org.apache.pdfbox.pdmodel.interactive.digitalsignature.visible.PDVisibleSignDesigner.getHeight()",pdfbox/src/main/java/org/apache/pdfbox/pdmodel/interactive/digitalsignature/visible/PDVisibleSignDesigner.java,,,,,,,,,,,,,,,,,,,,,,,,,2,8,0,4,1,1,4,1,1,1,2,1,1,1,1,1,1,,,,,,0,,1,00,1,1,1,1
Public Method,"org.apache.pdfbox.pdmodel.interactive.digitalsignature.visible.PDVisibleSignDesigner.getImage()",pdfbox/src/main/java/org/apache/pdfbox/pdmodel/interactive/digitalsignature/visible/PDVisibleSignDesigner.java,,,,,,,,,,,,,,,,,,,,,,,,,2,8,0,4,1,1,4,1,1,1,2,1,1,1,1,1,1,,,,,,0,,1,00,1,1,1,1
Public Method,"org.apache.pdfbox.pdmodel.interactive.digitalsignature.visible.PDVisibleSignDesigner.getImageSizeInPercents()",pdfbox/src/main/java/org/apache/pdfbox/pdmodel/interactive/digitalsignature/visible/PDVisibleSignDesigner.java,,,,,,,,,,,,,,,,,,,,,,,,,1,8,0,4,1,1,4,1,1,1,2,1,1,1,1,1,1,,,,,,0,,1,00,1,1,1,1
Public Method,"org.apache.pdfbox.pdmodel.interactive.digitalsignature.visible.PDVisibleSignDesigner.getPageHeight()",pdfbox/src/main/java/org/apache/pdfbox/pdmodel/interactive/digitalsignature/visible/PDVisibleSignDesigner.java,,,,,,,,,,,,,,,,,,,,,,,,,3,8,0,4,1,1,4,1,1,1,2,1,1,1,1,1,1,,,,,,0,,1,00,1,1,1,1
Public Method,"org.apache.pdfbox.pdmodel.interactive.digitalsignature.visible.PDVisibleSignDesigner.getPageWidth()",pdfbox/src/main/java/org/apache/pdfbox/pdmodel/interactive/digitalsignature/visible/PDVisibleSignDesigner.java,,,,,,,,,,,,,,,,,,,,,,,,,2,8,0,4,1,1,4,1,1,1,2,1,1,1,1,1,1,,,,,,0,,1,00,1,1,1,1
Public Method,"org.apache.pdfbox.pdmodel.interactive.digitalsignature.visible.PDVisibleSignDesigner.getSignatureFieldName()",pdfbox/src/main/java/org/apache/pdfbox/pdmodel/interactive/digitalsignature/visible/PDVisibleSignDesigner.java,,,,,,,,,,,,,,,,,,,,,,,,,1,8,0,4,1,1,4,1,1,1,2,1,1,1,1,1,1,,,,,,0,,1,00,1,1,1,1
Public Method,"org.apache.pdfbox.pdmodel.interactive.digitalsignature.visible.PDVisibleSignDesigner.getSignatureText()",pdfbox/src/main/java/org/apache/pdfbox/pdmodel/interactive/digitalsignature/visible/PDVisibleSignDesigner.java,,,,,,,,,,,,,,,,,,,,,,,,,0,8,0,4,1,1,4,2,1,1,2,1,1,1,1,1,1,,,,,,0,,1,00,1,1,1,1
Protected Method,"org.apache.pdfbox.pdmodel.interactive.digitalsignature.visible.PDVisibleSignDesigner.getTemplateHeight()",pdfbox/src/main/java/org/apache/pdfbox/pdmodel/interactive/digitalsignature/visible/PDVisibleSignDesigner.java,,,,,,,,,,,,,,,,,,,,,,,,,1,8,0,4,1,1,4,2,1,1,2,1,1,1,1,1,1,,,,,,0,,1,00,1,1,1,1
Public Method,"org.apache.pdfbox.pdmodel.interactive.digitalsignature.visible.PDVisibleSignDesigner.getTransform()",pdfbox/src/main/java/org/apache/pdfbox/pdmodel/interactive/digitalsignature/visible/PDVisibleSignDesigner.java,,,,,,,,,,,,,,,,,,,,,,,,,2,7,0,4,1,1,3,1,1,1,2,1,1,1,1,1,1,,,,,,0,,0,75,1,1,1,1
Public Method,"org.apache.pdfbox.pdmodel.interactive.digitalsignature.visible.PDVisibleSignDesigner.getWidth()",pdfbox/src/main/java/org/apache/pdfbox/pdmodel/interactive/digitalsignature/visible/PDVisibleSignDesigner.java,,,,,,,,,,,,,,,,,,,,,,,,,2,8,0,4,1,1,4,1,1,1,2,1,1,1,1,1,1,,,,,,0,,1,00,1,1,1,1
Public Method,"org.apache.pdfbox.pdmodel.interactive.digitalsignature.visible.PDVisibleSignDesigner.getxAxis()",pdfbox/src/main/java/org/apache/pdfbox/pdmodel/interactive/digitalsignature/visible/PDVisibleSignDesigner.java,,,,,,,,,,,,,,,,,,,,,,,,,2,8,0,4,1,1,4,1,1,1,2,1,1,1,1,1,1,,,,,,0,,1,00,1,1,1,1
Public Method,"org.apache.pdfbox.pdmodel.interactive.digitalsignature.visible.PDVisibleSignDesigner.getyAxis()",pdfbox/src/main/java/org/apache/pdfbox/pdmodel/interactive/digitalsignature/visible/PDVisibleSignDesigner.java,,,,,,,,,,,,,,,,,,,,,,,,,2,8,0,4,1,1,4,1,1,1,2,1,1,1,1,1,1,,,,,,0,,1,00,1,1,1,1
Public Method,"org.apache.pdfbox.pdmodel.interactive.digitalsignature.visible.PDVisibleSignDesigner.height(float)",pdfbox/src/main/java/org/apache/pdfbox/pdmodel/interactive/digitalsignature/visible/PDVisibleSignDesigner.java,,,,,,,,,,,,,,,,,,,,,,,,,1,11,0,6,1,3,5,3,1,3,4,1,3,1,1,1,1,,,,,,0,,0,83,1,1,1,1
Public Method,"org.apache.pdfbox.pdmodel.interactive.digitalsignature.visible.PDVisibleSignDesigner.imageSizeInPercents(float)",pdfbox/src/main/java/org/apache/pdfbox/pdmodel/interactive/digitalsignature/visible/PDVisibleSignDesigner.java,,,,,,,,,,,,,,,,,,,,,,,,,1,8,0,4,1,1,4,1,1,1,2,1,1,1,1,1,1,,,,,,0,,1,00,1,1,1,1
Private Method,"org.apache.pdfbox.pdmodel.interactive.digitalsignature.visible.PDVisibleSignDesigner.pageHeight(float)",pdfbox/src/main/java/org/apache/pdfbox/pdmodel/interactive/digitalsignature/visible/PDVisibleSignDesigner.java,,,,,,,,,,,,,,,,,,,,,,,,,2,10,0,5,1,2,5,2,1,2,3,1,2,1,1,1,1,,,,,,0,,1,00,1,1,1,1
Public Method,"org.apache.pdfbox.pdmodel.interactive.digitalsignature.visible.PDVisibleSignDesigner.pageWidth(float)",pdfbox/src/main/java/org/apache/pdfbox/pdmodel/interactive/digitalsignature/visible/PDVisibleSignDesigner.java,,,,,,,,,,,,,,,,,,,,,,,,,1,10,0,5,1,2,5,2,1,2,3,1,2,1,1,1,1,,,,,,0,,1,00,1,1,1,1
Private Method,"org.apache.pdfbox.pdmodel.interactive.digitalsignature.visible.PDVisibleSignDesigner.readImageStream(InputStream)",pdfbox/src/main/java/org/apache/pdfbox/pdmodel/interactive/digitalsignature/visible/PDVisibleSignDesigner.java,,,,,,,,,,,,,,,,,,,,,,,,,6,11,0,5,1,2,6,3,1,2,3,1,2,1,1,1,1,,,,,,0,,1,20,1,1,1,1
Private Method,"org.apache.pdfbox.pdmodel.interactive.digitalsignature.visible.PDVisibleSignDesigner.setImage(BufferedImage)",pdfbox/src/main/java/org/apache/pdfbox/pdmodel/interactive/digitalsignature/visible/PDVisibleSignDesigner.java,,,,,,,,,,,,,,,,,,,,,,,,,5,13,0,8,1,5,5,6,1,5,6,1,5,1,1,1,1,,,,,,0,,0,62,1,1,1,1
Public Method,"org.apache.pdfbox.pdmodel.interactive.digitalsignature.visible.PDVisibleSignDesigner.signatureFieldName(String)",pdfbox/src/main/java/org/apache/pdfbox/pdmodel/interactive/digitalsignature/visible/PDVisibleSignDesigner.java,,,,,,,,,,,,,,,,,,,,,,,,,1,10,0,5,1,2,5,2,1,2,3,1,2,1,1,1,1,,,,,,0,,1,00,1,1,1,1
Public Method,"org.apache.pdfbox.pdmodel.interactive.digitalsignature.visible.PDVisibleSignDesigner.signatureImage(String)",pdfbox/src/main/java/org/apache/pdfbox/pdmodel/interactive/digitalsignature/visible/PDVisibleSignDesigner.java,,,,,,,,,,,,,,,,,,,,,,,,,1,15,0,8,1,3,7,4,1,2,4,1,3,1,1,1,1,,,,,,1,,0,88,1,1,1,1
Public Method,"org.apache.pdfbox.pdmodel.interactive.digitalsignature.visible.PDVisibleSignDesigner.signatureText(String)",pdfbox/src/main/java/org/apache/pdfbox/pdmodel/interactive/digitalsignature/visible/PDVisibleSignDesigner.java,,,,,,,,,,,,,,,,,,,,,,,,,0,9,0,4,1,1,5,2,1,1,2,1,1,1,1,1,1,,,,,,0,,1,25,1,1,1,1
Public Method,"org.apache.pdfbox.pdmodel.interactive.digitalsignature.visible.PDVisibleSignDesigner.transform(AffineTransform)",pdfbox/src/main/java/org/apache/pdfbox/pdmodel/interactive/digitalsignature/visible/PDVisibleSignDesigner.java,,,,,,,,,,,,,,,,,,,,,,,,,1,10,0,5,1,2,5,3,1,2,3,1,2,1,1,1,1,,,,,,0,,1,00,1,1,1,1
Public Method,"org.apache.pdfbox.pdmodel.interactive.digitalsignature.visible.PDVisibleSignDesigner.width(float)",pdfbox/src/main/java/org/apache/pdfbox/pdmodel/interactive/digitalsignature/visible/PDVisibleSignDesigner.java,,,,,,,,,,,,,,,,,,,,,,,,,1,11,0,6,1,3,5,3,1,3,4,1,3,1,1,1,1,,,,,,0,,0,83,1,1,1,1
Public Method,"org.apache.pdfbox.pdmodel.interactive.digitalsignature.visible.PDVisibleSignDesigner.xAxis(float)",pdfbox/src/main/java/org/apache/pdfbox/pdmodel/interactive/digitalsignature/visible/PDVisibleSignDesigner.java,,,,,,,,,,,,,,,,,,,,,,,,,3,10,0,5,1,2,5,2,1,2,3,1,2,1,1,1,1,,,,,,0,,1,00,1,1,1,1
Public Method,"org.apache.pdfbox.pdmodel.interactive.digitalsignature.visible.PDVisibleSignDesigner.yAxis(float)",pdfbox/src/main/java/org/apache/pdfbox/pdmodel/interactive/digitalsignature/visible/PDVisibleSignDesigner.java,,,,,,,,,,,,,,,,,,,,,,,,,3,10,0,5,1,2,5,2,1,2,3,1,2,1,1,1,1,,,,,,0,,1,00,1,1,1,1
Public Method,"org.apache.pdfbox.pdmodel.interactive.digitalsignature.visible.PDVisibleSignDesigner.zoom(float)",pdfbox/src/main/java/org/apache/pdfbox/pdmodel/interactive/digitalsignature/visible/PDVisibleSignDesigner.java,,,,,,,,,,,,,,,,,,,,,,,,,5,14,0,8,1,5,6,5,1,5,6,1,5,1,1,1,1,,,,,,0,,0,75,1,1,1,1
Package,"org.apache.pdfbox.pdmodel.interactive.documentnavigation",,0,0,0,0,0,0,0,0,,,,0,0,0,0,,0,0,0,,0,0,0,0,,0,0,0,0,0,0,,,0,0,0,0,,,,,0,0,0,0,,0,,0,00,0,0,0,0
Package,"org.apache.pdfbox.pdmodel.interactive.documentnavigation.destination",pdfbox/src/main/java/org/apache/pdfbox/pdmodel/interactive/documentnavigation/destination/PDDestination.java,1,1,1,1,13,0,8,5,,,,8,1,8,8,,50,2,51,,0,1,2,48,,1040,80,488,119,184,472,,,162,252,117,143,,,,,13,6,15,4,,2,,0,97,89,82,92,56
Public Abstract Class,"org.apache.pdfbox.pdmodel.interactive.documentnavigation.destination.PDDestination",pdfbox/src/main/java/org/apache/pdfbox/pdmodel/interactive/documentnavigation/destination/PDDestination.java,13,6,15,1,62,0,51,11,2,12,4,,1,0,,,0,0,1,13,0,0,0,1,,72,2,54,6,36,16,,,19,26,6,22,,,,,13,6,15,1,1,2,0,0,30,13,6,15,1
Public Static Method,"org.apache.pdfbox.pdmodel.interactive.documentnavigation.destination.PDDestination.create(COSBase)",pdfbox/src/main/java/org/apache/pdfbox/pdmodel/interactive/documentnavigation/destination/PDDestination.java,,,,,,,,,,,,,,,,,,,,,,,,,19,62,0,51,5,36,11,12,10,19,25,5,22,13,6,15,1,,,,,,2,,0,22,13,6,15,1
Public Class,"org.apache.pdfbox.pdmodel.interactive.documentnavigation.destination.PDNamedDestination",pdfbox/src/main/java/org/apache/pdfbox/pdmodel/interactive/documentnavigation/destination/PDNamedDestination.java,1,1,1,1,11,0,6,5,1,6,0,,0,0,,,7,1,7,20,0,0,0,7,,97,8,48,11,14,41,,,11,22,10,12,,,,,3,3,3,1,2,1,14,0,85,10,10,10,7
Public Constructor,"org.apache.pdfbox.pdmodel.interactive.documentnavigation.destination.PDNamedDestination.PDNamedDestination()",pdfbox/src/main/java/org/apache/pdfbox/pdmodel/interactive/documentnavigation/destination/PDNamedDestination.java,,,,,,,,,,,,,,,,,,,,,,,,,0,7,0,3,1,0,4,1,1,0,1,1,0,1,1,1,1,,,,,,0,,1,33,1,1,1,1
Public Constructor,"org.apache.pdfbox.pdmodel.interactive.documentnavigation.destination.PDNamedDestination.PDNamedDestination(COSName)",pdfbox/src/main/java/org/apache/pdfbox/pdmodel/interactive/documentnavigation/destination/PDNamedDestination.java,,,,,,,,,,,,,,,,,,,,,,,,,2,9,0,4,1,1,5,2,1,1,2,1,1,1,1,1,1,,,,,,0,,1,25,1,1,1,1
Public Constructor,"org.apache.pdfbox.pdmodel.interactive.documentnavigation.destination.PDNamedDestination.PDNamedDestination(COSString)",pdfbox/src/main/java/org/apache/pdfbox/pdmodel/interactive/documentnavigation/destination/PDNamedDestination.java,,,,,,,,,,,,,,,,,,,,,,,,,3,9,0,4,1,1,5,2,1,1,2,1,1,1,1,1,1,,,,,,0,,1,25,1,1,1,1
Public Constructor,"org.apache.pdfbox.pdmodel.interactive.documentnavigation.destination.PDNamedDestination.PDNamedDestination(String)",pdfbox/src/main/java/org/apache/pdfbox/pdmodel/interactive/documentnavigation/destination/PDNamedDestination.java,,,,,,,,,,,,,,,,,,,,,,,,,1,9,0,4,1,1,5,3,1,1,2,1,1,1,1,1,1,,,,,,0,,1,25,1,1,1,1
Public Method,"org.apache.pdfbox.pdmodel.interactive.documentnavigation.destination.PDNamedDestination.getCOSObject()",pdfbox/src/main/java/org/apache/pdfbox/pdmodel/interactive/documentnavigation/destination/PDNamedDestination.java,,,,,,,,,,,,,,,,,,,,,,,,,1,10,0,5,2,1,5,1,1,1,2,1,1,1,1,1,1,,,,,,0,,1,00,1,1,1,1
Public Method,"org.apache.pdfbox.pdmodel.interactive.documentnavigation.destination.PDNamedDestination.getNamedDestination()",pdfbox/src/main/java/org/apache/pdfbox/pdmodel/interactive/documentnavigation/destination/PDNamedDestination.java,,,,,,,,,,,,,,,,,,,,,,,,,2,19,1,13,2,6,5,3,3,4,7,2,5,3,3,3,1,,,,,,1,,0,38,3,3,3,1
Public Method,"org.apache.pdfbox.pdmodel.interactive.documentnavigation.destination.PDNamedDestination.setNamedDestination(String)",pdfbox/src/main/java/org/apache/pdfbox/pdmodel/interactive/documentnavigation/destination/PDNamedDestination.java,,,,,,,,,,,,,,,,,,,,,,,,,1,18,0,11,1,4,7,2,2,2,4,1,3,2,2,2,1,,,,,,1,,0,64,2,2,2,1
Public Abstract Class,"org.apache.pdfbox.pdmodel.interactive.documentnavigation.destination.PDPageDestination",pdfbox/src/main/java/org/apache/pdfbox/pdmodel/interactive/documentnavigation/destination/PDPageDestination.java,2,2,2,1,14,0,9,5,1,8,5,,0,0,,,9,1,9,22,0,1,2,6,,156,10,88,21,36,58,,,26,46,20,31,,,,,4,4,5,4,2,2,11,0,66,19,19,20,14
Protected Constructor,"org.apache.pdfbox.pdmodel.interactive.documentnavigation.destination.PDPageDestination.PDPageDestination()",pdfbox/src/main/java/org/apache/pdfbox/pdmodel/interactive/documentnavigation/destination/PDPageDestination.java,,,,,,,,,,,,,,,,,,,,,,,,,0,8,0,4,1,1,4,3,1,1,2,1,1,1,1,1,1,,,,,,0,,1,00,1,1,1,1
Protected Constructor,"org.apache.pdfbox.pdmodel.interactive.documentnavigation.destination.PDPageDestination.PDPageDestination(COSArray)",pdfbox/src/main/java/org/apache/pdfbox/pdmodel/interactive/documentnavigation/destination/PDPageDestination.java,,,,,,,,,,,,,,,,,,,,,,,,,6,9,0,4,1,1,5,2,1,1,2,1,1,1,1,1,1,,,,,,0,,1,25,1,1,1,1
Public Method,"org.apache.pdfbox.pdmodel.interactive.documentnavigation.destination.PDPageDestination.getCOSObject()",pdfbox/src/main/java/org/apache/pdfbox/pdmodel/interactive/documentnavigation/destination/PDPageDestination.java,,,,,,,,,,,,,,,,,,,,,,,,,3,10,0,5,2,1,5,1,1,1,2,1,1,1,1,1,1,,,,,,0,,1,00,1,1,1,1
Public Method,"org.apache.pdfbox.pdmodel.interactive.documentnavigation.destination.PDPageDestination.getPage()",pdfbox/src/main/java/org/apache/pdfbox/pdmodel/interactive/documentnavigation/destination/PDPageDestination.java,,,,,,,,,,,,,,,,,,,,,,,,,4,21,0,13,3,6,8,4,3,4,7,3,5,3,3,3,1,,,,,,2,,0,62,3,3,3,1
Public Method,"org.apache.pdfbox.pdmodel.interactive.documentnavigation.destination.PDPageDestination.getPageNumber()",pdfbox/src/main/java/org/apache/pdfbox/pdmodel/interactive/documentnavigation/destination/PDPageDestination.java,,,,,,,,,,,,,,,,,,,,,,,,,2,21,0,13,3,6,8,4,3,4,7,3,5,3,3,3,1,,,,,,2,,0,62,3,3,3,1
Private Method,"org.apache.pdfbox.pdmodel.interactive.documentnavigation.destination.PDPageDestination.indexOfPageTree(COSDictionary)",pdfbox/src/main/java/org/apache/pdfbox/pdmodel/interactive/documentnavigation/destination/PDPageDestination.java,,,,,,,,,,,,,,,,,,,,,,,,,7,21,0,20,4,11,1,8,6,7,11,4,9,4,4,5,3,,,,,,2,,0,05,4,4,5,3
Public Method,"org.apache.pdfbox.pdmodel.interactive.documentnavigation.destination.PDPageDestination.retrievePageNumber()",pdfbox/src/main/java/org/apache/pdfbox/pdmodel/interactive/documentnavigation/destination/PDPageDestination.java,,,,,,,,,,,,,,,,,,,,,,,,,4,24,0,17,3,8,7,5,4,5,9,3,7,4,4,4,4,,,,,,2,,0,41,4,4,4,4
Public Method,"org.apache.pdfbox.pdmodel.interactive.documentnavigation.destination.PDPageDestination.setPage(PDPage)",pdfbox/src/main/java/org/apache/pdfbox/pdmodel/interactive/documentnavigation/destination/PDPageDestination.java,,,,,,,,,,,,,,,,,,,,,,,,,8,9,0,4,1,1,5,1,1,1,2,1,1,1,1,1,1,,,,,,0,,1,25,1,1,1,1
Public Method,"org.apache.pdfbox.pdmodel.interactive.documentnavigation.destination.PDPageDestination.setPageNumber(int)",pdfbox/src/main/java/org/apache/pdfbox/pdmodel/interactive/documentnavigation/destination/PDPageDestination.java,,,,,,,,,,,,,,,,,,,,,,,,,2,10,0,4,1,1,6,1,1,1,2,1,1,1,1,1,1,,,,,,0,,1,50,1,1,1,1
Public Class,"org.apache.pdfbox.pdmodel.interactive.documentnavigation.destination.PDPageFitDestination",pdfbox/src/main/java/org/apache/pdfbox/pdmodel/interactive/documentnavigation/destination/PDPageFitDestination.java,1,1,1,1,11,0,6,4,1,2,0,,0,2,,,4,0,4,26,0,0,0,4,,66,5,30,7,11,31,,,9,15,7,8,,,,,2,2,2,1,3,1,0,1,03,5,5,5,4
Public Constructor,"org.apache.pdfbox.pdmodel.interactive.documentnavigation.destination.PDPageFitDestination.PDPageFitDestination()",pdfbox/src/main/java/org/apache/pdfbox/pdmodel/interactive/documentnavigation/destination/PDPageFitDestination.java,,,,,,,,,,,,,,,,,,,,,,,,,3,10,1,5,1,2,4,3,1,2,3,1,2,1,1,1,1,,,,,,0,,0,80,1,1,1,1
Public Constructor,"org.apache.pdfbox.pdmodel.interactive.documentnavigation.destination.PDPageFitDestination.PDPageFitDestination(COSArray)",pdfbox/src/main/java/org/apache/pdfbox/pdmodel/interactive/documentnavigation/destination/PDPageFitDestination.java,,,,,,,,,,,,,,,,,,,,,,,,,2,9,0,4,1,1,5,2,1,1,2,1,1,1,1,1,1,,,,,,0,,1,25,1,1,1,1
Public Method,"org.apache.pdfbox.pdmodel.interactive.documentnavigation.destination.PDPageFitDestination.fitBoundingBox()",pdfbox/src/main/java/org/apache/pdfbox/pdmodel/interactive/documentnavigation/destination/PDPageFitDestination.java,,,,,,,,,,,,,,,,,,,,,,,,,2,9,0,4,1,1,5,3,1,1,2,1,1,1,1,1,1,,,,,,0,,1,25,1,1,1,1
Public Method,"org.apache.pdfbox.pdmodel.interactive.documentnavigation.destination.PDPageFitDestination.setFitBoundingBox(boolean)",pdfbox/src/main/java/org/apache/pdfbox/pdmodel/interactive/documentnavigation/destination/PDPageFitDestination.java,,,,,,,,,,,,,,,,,,,,,,,,,4,17,0,12,1,5,5,2,2,3,5,1,4,2,2,2,1,,,,,,1,,0,42,2,2,2,1
Public Class,"org.apache.pdfbox.pdmodel.interactive.documentnavigation.destination.PDPageFitHeightDestination",pdfbox/src/main/java/org/apache/pdfbox/pdmodel/interactive/documentnavigation/destination/PDPageFitHeightDestination.java,1,1,1,1,12,0,6,5,1,2,0,,0,2,,,6,0,6,28,0,0,0,6,,95,7,46,9,17,42,,,13,22,9,13,,,,,2,2,2,1,3,1,0,0,91,8,8,8,6
Public Constructor,"org.apache.pdfbox.pdmodel.interactive.documentnavigation.destination.PDPageFitHeightDestination.PDPageFitHeightDestination()",pdfbox/src/main/java/org/apache/pdfbox/pdmodel/interactive/documentnavigation/destination/PDPageFitHeightDestination.java,,,,,,,,,,,,,,,,,,,,,,,,,2,10,1,5,1,2,4,3,1,2,3,1,2,1,1,1,1,,,,,,0,,0,80,1,1,1,1
Public Constructor,"org.apache.pdfbox.pdmodel.interactive.documentnavigation.destination.PDPageFitHeightDestination.PDPageFitHeightDestination(COSArray)",pdfbox/src/main/java/org/apache/pdfbox/pdmodel/interactive/documentnavigation/destination/PDPageFitHeightDestination.java,,,,,,,,,,,,,,,,,,,,,,,,,2,9,0,4,1,1,5,2,1,1,2,1,1,1,1,1,1,,,,,,0,,1,25,1,1,1,1
Public Method,"org.apache.pdfbox.pdmodel.interactive.documentnavigation.destination.PDPageFitHeightDestination.fitBoundingBox()",pdfbox/src/main/java/org/apache/pdfbox/pdmodel/interactive/documentnavigation/destination/PDPageFitHeightDestination.java,,,,,,,,,,,,,,,,,,,,,,,,,2,9,0,4,1,1,5,3,1,1,2,1,1,1,1,1,1,,,,,,0,,1,25,1,1,1,1
Public Method,"org.apache.pdfbox.pdmodel.interactive.documentnavigation.destination.PDPageFitHeightDestination.getLeft()",pdfbox/src/main/java/org/apache/pdfbox/pdmodel/interactive/documentnavigation/destination/PDPageFitHeightDestination.java,,,,,,,,,,,,,,,,,,,,,,,,,1,10,0,4,1,1,6,2,1,1,2,1,1,1,1,1,1,,,,,,0,,1,50,1,1,1,1
Public Method,"org.apache.pdfbox.pdmodel.interactive.documentnavigation.destination.PDPageFitHeightDestination.setFitBoundingBox(boolean)",pdfbox/src/main/java/org/apache/pdfbox/pdmodel/interactive/documentnavigation/destination/PDPageFitHeightDestination.java,,,,,,,,,,,,,,,,,,,,,,,,,4,17,0,12,1,5,5,2,2,3,5,1,4,2,2,2,1,,,,,,1,,0,42,2,2,2,1
Public Method,"org.apache.pdfbox.pdmodel.interactive.documentnavigation.destination.PDPageFitHeightDestination.setLeft(int)",pdfbox/src/main/java/org/apache/pdfbox/pdmodel/interactive/documentnavigation/destination/PDPageFitHeightDestination.java,,,,,,,,,,,,,,,,,,,,,,,,,2,17,0,12,1,5,5,3,2,3,5,1,4,2,2,2,1,,,,,,1,,0,42,2,2,2,1
Public Class,"org.apache.pdfbox.pdmodel.interactive.documentnavigation.destination.PDPageFitRectangleDestination",pdfbox/src/main/java/org/apache/pdfbox/pdmodel/interactive/documentnavigation/destination/PDPageFitRectangleDestination.java,1,1,1,1,12,0,7,5,1,2,0,,0,1,,,10,0,10,32,0,0,0,10,,151,12,77,12,28,62,,,20,35,12,23,,,,,2,2,2,1,3,1,0,0,81,14,14,14,10
Public Constructor,"org.apache.pdfbox.pdmodel.interactive.documentnavigation.destination.PDPageFitRectangleDestination.PDPageFitRectangleDestination()",pdfbox/src/main/java/org/apache/pdfbox/pdmodel/interactive/documentnavigation/destination/PDPageFitRectangleDestination.java,,,,,,,,,,,,,,,,,,,,,,,,,2,10,1,5,1,2,4,3,1,2,3,1,2,1,1,1,1,,,,,,0,,0,80,1,1,1,1
Public Constructor,"org.apache.pdfbox.pdmodel.interactive.documentnavigation.destination.PDPageFitRectangleDestination.PDPageFitRectangleDestination(COSArray)",pdfbox/src/main/java/org/apache/pdfbox/pdmodel/interactive/documentnavigation/destination/PDPageFitRectangleDestination.java,,,,,,,,,,,,,,,,,,,,,,,,,2,9,0,4,1,1,5,2,1,1,2,1,1,1,1,1,1,,,,,,0,,1,25,1,1,1,1
Public Method,"org.apache.pdfbox.pdmodel.interactive.documentnavigation.destination.PDPageFitRectangleDestination.getBottom()",pdfbox/src/main/java/org/apache/pdfbox/pdmodel/interactive/documentnavigation/destination/PDPageFitRectangleDestination.java,,,,,,,,,,,,,,,,,,,,,,,,,1,10,0,4,1,1,6,2,1,1,2,1,1,1,1,1,1,,,,,,0,,1,50,1,1,1,1
Public Method,"org.apache.pdfbox.pdmodel.interactive.documentnavigation.destination.PDPageFitRectangleDestination.getLeft()",pdfbox/src/main/java/org/apache/pdfbox/pdmodel/interactive/documentnavigation/destination/PDPageFitRectangleDestination.java,,,,,,,,,,,,,,,,,,,,,,,,,1,10,0,4,1,1,6,2,1,1,2,1,1,1,1,1,1,,,,,,0,,1,50,1,1,1,1
Public Method,"org.apache.pdfbox.pdmodel.interactive.documentnavigation.destination.PDPageFitRectangleDestination.getRight()",pdfbox/src/main/java/org/apache/pdfbox/pdmodel/interactive/documentnavigation/destination/PDPageFitRectangleDestination.java,,,,,,,,,,,,,,,,,,,,,,,,,1,10,0,4,1,1,6,2,1,1,2,1,1,1,1,1,1,,,,,,0,,1,50,1,1,1,1
Public Method,"org.apache.pdfbox.pdmodel.interactive.documentnavigation.destination.PDPageFitRectangleDestination.getTop()",pdfbox/src/main/java/org/apache/pdfbox/pdmodel/interactive/documentnavigation/destination/PDPageFitRectangleDestination.java,,,,,,,,,,,,,,,,,,,,,,,,,1,10,0,4,1,1,6,2,1,1,2,1,1,1,1,1,1,,,,,,0,,1,50,1,1,1,1
Public Method,"org.apache.pdfbox.pdmodel.interactive.documentnavigation.destination.PDPageFitRectangleDestination.setBottom(int)",pdfbox/src/main/java/org/apache/pdfbox/pdmodel/interactive/documentnavigation/destination/PDPageFitRectangleDestination.java,,,,,,,,,,,,,,,,,,,,,,,,,2,17,0,12,1,5,5,3,2,3,5,1,4,2,2,2,1,,,,,,1,,0,42,2,2,2,1
Public Method,"org.apache.pdfbox.pdmodel.interactive.documentnavigation.destination.PDPageFitRectangleDestination.setLeft(int)",pdfbox/src/main/java/org/apache/pdfbox/pdmodel/interactive/documentnavigation/destination/PDPageFitRectangleDestination.java,,,,,,,,,,,,,,,,,,,,,,,,,2,17,0,12,1,5,5,3,2,3,5,1,4,2,2,2,1,,,,,,1,,0,42,2,2,2,1
Public Method,"org.apache.pdfbox.pdmodel.interactive.documentnavigation.destination.PDPageFitRectangleDestination.setRight(int)",pdfbox/src/main/java/org/apache/pdfbox/pdmodel/interactive/documentnavigation/destination/PDPageFitRectangleDestination.java,,,,,,,,,,,,,,,,,,,,,,,,,2,17,0,12,1,5,5,3,2,3,5,1,4,2,2,2,1,,,,,,1,,0,42,2,2,2,1
Public Method,"org.apache.pdfbox.pdmodel.interactive.documentnavigation.destination.PDPageFitRectangleDestination.setTop(int)",pdfbox/src/main/java/org/apache/pdfbox/pdmodel/interactive/documentnavigation/destination/PDPageFitRectangleDestination.java,,,,,,,,,,,,,,,,,,,,,,,,,2,17,0,12,1,5,5,3,2,3,5,1,4,2,2,2,1,,,,,,1,,0,42,2,2,2,1
Public Class,"org.apache.pdfbox.pdmodel.interactive.documentnavigation.destination.PDPageFitWidthDestination",pdfbox/src/main/java/org/apache/pdfbox/pdmodel/interactive/documentnavigation/destination/PDPageFitWidthDestination.java,1,1,1,1,12,0,6,5,1,2,0,,0,2,,,6,0,6,28,0,0,0,6,,97,9,46,9,17,42,,,13,22,9,13,,,,,2,2,2,1,3,1,0,0,91,8,8,8,6
Public Constructor,"org.apache.pdfbox.pdmodel.interactive.documentnavigation.destination.PDPageFitWidthDestination.PDPageFitWidthDestination()",pdfbox/src/main/java/org/apache/pdfbox/pdmodel/interactive/documentnavigation/destination/PDPageFitWidthDestination.java,,,,,,,,,,,,,,,,,,,,,,,,,4,10,1,5,1,2,4,3,1,2,3,1,2,1,1,1,1,,,,,,0,,0,80,1,1,1,1
Public Constructor,"org.apache.pdfbox.pdmodel.interactive.documentnavigation.destination.PDPageFitWidthDestination.PDPageFitWidthDestination(COSArray)",pdfbox/src/main/java/org/apache/pdfbox/pdmodel/interactive/documentnavigation/destination/PDPageFitWidthDestination.java,,,,,,,,,,,,,,,,,,,,,,,,,2,9,0,4,1,1,5,2,1,1,2,1,1,1,1,1,1,,,,,,0,,1,25,1,1,1,1
Public Method,"org.apache.pdfbox.pdmodel.interactive.documentnavigation.destination.PDPageFitWidthDestination.fitBoundingBox()",pdfbox/src/main/java/org/apache/pdfbox/pdmodel/interactive/documentnavigation/destination/PDPageFitWidthDestination.java,,,,,,,,,,,,,,,,,,,,,,,,,2,9,0,4,1,1,5,3,1,1,2,1,1,1,1,1,1,,,,,,0,,1,25,1,1,1,1
Public Method,"org.apache.pdfbox.pdmodel.interactive.documentnavigation.destination.PDPageFitWidthDestination.getTop()",pdfbox/src/main/java/org/apache/pdfbox/pdmodel/interactive/documentnavigation/destination/PDPageFitWidthDestination.java,,,,,,,,,,,,,,,,,,,,,,,,,1,10,0,4,1,1,6,2,1,1,2,1,1,1,1,1,1,,,,,,0,,1,50,1,1,1,1
Public Method,"org.apache.pdfbox.pdmodel.interactive.documentnavigation.destination.PDPageFitWidthDestination.setFitBoundingBox(boolean)",pdfbox/src/main/java/org/apache/pdfbox/pdmodel/interactive/documentnavigation/destination/PDPageFitWidthDestination.java,,,,,,,,,,,,,,,,,,,,,,,,,4,17,0,12,1,5,5,2,2,3,5,1,4,2,2,2,1,,,,,,1,,0,42,2,2,2,1
Public Method,"org.apache.pdfbox.pdmodel.interactive.documentnavigation.destination.PDPageFitWidthDestination.setTop(int)",pdfbox/src/main/java/org/apache/pdfbox/pdmodel/interactive/documentnavigation/destination/PDPageFitWidthDestination.java,,,,,,,,,,,,,,,,,,,,,,,,,2,17,0,12,1,5,5,3,2,3,5,1,4,2,2,2,1,,,,,,1,,0,42,2,2,2,1
Public Class,"org.apache.pdfbox.pdmodel.interactive.documentnavigation.destination.PDPageXYZDestination",pdfbox/src/main/java/org/apache/pdfbox/pdmodel/interactive/documentnavigation/destination/PDPageXYZDestination.java,1,1,1,1,13,0,7,5,1,6,0,,0,1,,,8,0,8,30,0,0,0,8,,126,8,66,11,25,52,,,18,31,11,21,,,,,2,2,2,1,3,1,0,0,79,12,12,12,8
Public Constructor,"org.apache.pdfbox.pdmodel.interactive.documentnavigation.destination.PDPageXYZDestination.PDPageXYZDestination()",pdfbox/src/main/java/org/apache/pdfbox/pdmodel/interactive/documentnavigation/destination/PDPageXYZDestination.java,,,,,,,,,,,,,,,,,,,,,,,,,3,9,0,5,1,2,4,3,1,2,3,1,2,1,1,1,1,,,,,,0,,0,80,1,1,1,1
Public Constructor,"org.apache.pdfbox.pdmodel.interactive.documentnavigation.destination.PDPageXYZDestination.PDPageXYZDestination(COSArray)",pdfbox/src/main/java/org/apache/pdfbox/pdmodel/interactive/documentnavigation/destination/PDPageXYZDestination.java,,,,,,,,,,,,,,,,,,,,,,,,,2,9,0,4,1,1,5,2,1,1,2,1,1,1,1,1,1,,,,,,0,,1,25,1,1,1,1
Public Method,"org.apache.pdfbox.pdmodel.interactive.documentnavigation.destination.PDPageXYZDestination.getLeft()",pdfbox/src/main/java/org/apache/pdfbox/pdmodel/interactive/documentnavigation/destination/PDPageXYZDestination.java,,,,,,,,,,,,,,,,,,,,,,,,,1,10,0,4,1,1,6,2,1,1,2,1,1,1,1,1,1,,,,,,0,,1,50,1,1,1,1
Public Method,"org.apache.pdfbox.pdmodel.interactive.documentnavigation.destination.PDPageXYZDestination.getTop()",pdfbox/src/main/java/org/apache/pdfbox/pdmodel/interactive/documentnavigation/destination/PDPageXYZDestination.java,,,,,,,,,,,,,,,,,,,,,,,,,1,10,0,4,1,1,6,2,1,1,2,1,1,1,1,1,1,,,,,,0,,1,50,1,1,1,1
Public Method,"org.apache.pdfbox.pdmodel.interactive.documentnavigation.destination.PDPageXYZDestination.getZoom()",pdfbox/src/main/java/org/apache/pdfbox/pdmodel/interactive/documentnavigation/destination/PDPageXYZDestination.java,,,,,,,,,,,,,,,,,,,,,,,,,1,15,0,9,2,4,6,3,2,3,5,2,4,2,2,2,1,,,,,,1,,0,67,2,2,2,1
Public Method,"org.apache.pdfbox.pdmodel.interactive.documentnavigation.destination.PDPageXYZDestination.setLeft(int)",pdfbox/src/main/java/org/apache/pdfbox/pdmodel/interactive/documentnavigation/destination/PDPageXYZDestination.java,,,,,,,,,,,,,,,,,,,,,,,,,2,17,0,12,1,5,5,3,2,3,5,1,4,2,2,2,1,,,,,,1,,0,42,2,2,2,1
Public Method,"org.apache.pdfbox.pdmodel.interactive.documentnavigation.destination.PDPageXYZDestination.setTop(int)",pdfbox/src/main/java/org/apache/pdfbox/pdmodel/interactive/documentnavigation/destination/PDPageXYZDestination.java,,,,,,,,,,,,,,,,,,,,,,,,,2,17,0,12,1,5,5,3,2,3,5,1,4,2,2,2,1,,,,,,1,,0,42,2,2,2,1
Public Method,"org.apache.pdfbox.pdmodel.interactive.documentnavigation.destination.PDPageXYZDestination.setZoom(float)",pdfbox/src/main/java/org/apache/pdfbox/pdmodel/interactive/documentnavigation/destination/PDPageXYZDestination.java,,,,,,,,,,,,,,,,,,,,,,,,,2,17,0,12,1,5,5,4,2,3,5,1,4,2,2,2,1,,,,,,1,,0,42,2,2,2,1
Package,"org.apache.pdfbox.pdmodel.interactive.documentnavigation.outline",pdfbox/src/main/java/org/apache/pdfbox/pdmodel/interactive/documentnavigation/outline/PDDocumentOutline.java,1,1,1,1,10,0,8,2,,,,8,0,2,8,,107,7,107,,59,3,0,45,,1550,132,1012,297,482,406,,,506,653,244,469,,,,,9,9,9,4,,2,,0,40,145,145,147,120
Public Final Class,"org.apache.pdfbox.pdmodel.interactive.documentnavigation.outline.PDDocumentOutline",pdfbox/src/main/java/org/apache/pdfbox/pdmodel/interactive/documentnavigation/outline/PDDocumentOutline.java,1,1,1,1,6,0,4,2,1,3,0,,0,0,,,5,0,5,46,0,0,0,5,,45,5,25,9,4,15,,,4,10,6,4,,,,,1,1,1,1,3,0,0,0,60,5,5,5,5
Public Constructor,"org.apache.pdfbox.pdmodel.interactive.documentnavigation.outline.PDDocumentOutline.PDDocumentOutline()",pdfbox/src/main/java/org/apache/pdfbox/pdmodel/interactive/documentnavigation/outline/PDDocumentOutline.java,,,,,,,,,,,,,,,,,,,,,,,,,6,7,0,4,1,1,3,4,1,1,2,1,1,1,1,1,1,,,,,,0,,0,75,1,1,1,1
Public Constructor,"org.apache.pdfbox.pdmodel.interactive.documentnavigation.outline.PDDocumentOutline.PDDocumentOutline(COSDictionary)",pdfbox/src/main/java/org/apache/pdfbox/pdmodel/interactive/documentnavigation/outline/PDDocumentOutline.java,,,,,,,,,,,,,,,,,,,,,,,,,6,10,0,5,1,2,5,5,1,2,3,1,2,1,1,1,1,,,,,,0,,1,00,1,1,1,1
Public Method,"org.apache.pdfbox.pdmodel.interactive.documentnavigation.outline.PDDocumentOutline.closeNode()",pdfbox/src/main/java/org/apache/pdfbox/pdmodel/interactive/documentnavigation/outline/PDDocumentOutline.java,,,,,,,,,,,,,,,,,,,,,,,,,0,5,0,4,2,0,1,0,1,0,1,1,0,1,1,1,1,,,,,,0,,0,25,1,1,1,1
Public Method,"org.apache.pdfbox.pdmodel.interactive.documentnavigation.outline.PDDocumentOutline.isNodeOpen()",pdfbox/src/main/java/org/apache/pdfbox/pdmodel/interactive/documentnavigation/outline/PDDocumentOutline.java,,,,,,,,,,,,,,,,,,,,,,,,,0,5,0,5,2,1,0,1,1,1,2,1,1,1,1,1,1,,,,,,0,,0,00,1,1,1,1
Public Method,"org.apache.pdfbox.pdmodel.interactive.documentnavigation.outline.PDDocumentOutline.openNode()",pdfbox/src/main/java/org/apache/pdfbox/pdmodel/interactive/documentnavigation/outline/PDDocumentOutline.java,,,,,,,,,,,,,,,,,,,,,,,,,1,5,0,4,2,0,1,0,1,0,1,1,0,1,1,1,1,,,,,,0,,0,25,1,1,1,1
Class,"org.apache.pdfbox.pdmodel.interactive.documentnavigation.outline.PDDocumentOutlineTest",pdfbox/src/test/java/org/apache/pdfbox/pdmodel/interactive/documentnavigation/outline/PDDocumentOutlineTest.java,1,1,1,1,16,0,15,1,1,4,0,,0,0,,,2,0,2,14,2,0,0,0,,41,1,33,10,22,7,,,21,24,8,21,,,,,1,1,1,1,1,0,0,0,21,2,2,2,2
Method,"org.apache.pdfbox.pdmodel.interactive.documentnavigation.outline.PDDocumentOutlineTest.outlinesCount()",pdfbox/src/test/java/org/apache/pdfbox/pdmodel/interactive/documentnavigation/outline/PDDocumentOutlineTest.java,,,,,,,,,,,,,,,,,,,,,,,,,0,17,0,17,4,13,0,6,1,13,14,3,13,1,1,1,1,,,,,,0,,0,00,1,1,1,1
Method,"org.apache.pdfbox.pdmodel.interactive.documentnavigation.outline.PDDocumentOutlineTest.outlinesCountShouldNotBeNegative()",pdfbox/src/test/java/org/apache/pdfbox/pdmodel/interactive/documentnavigation/outline/PDDocumentOutlineTest.java,,,,,,,,,,,,,,,,,,,,,,,,,0,16,0,13,5,9,3,6,1,8,9,4,8,1,1,1,1,,,,,,0,,0,23,1,1,1,1
Public Final Class,"org.apache.pdfbox.pdmodel.interactive.documentnavigation.outline.PDOutlineItem",pdfbox/src/main/java/org/apache/pdfbox/pdmodel/interactive/documentnavigation/outline/PDOutlineItem.java,1,1,1,1,12,0,7,5,1,20,0,,0,2,,,25,0,25,66,2,0,0,23,,361,28,192,41,84,141,,,69,109,41,79,,,,,9,9,9,4,3,2,0,0,73,40,40,40,28
Public Constructor,"org.apache.pdfbox.pdmodel.interactive.documentnavigation.outline.PDOutlineItem.PDOutlineItem()",pdfbox/src/main/java/org/apache/pdfbox/pdmodel/interactive/documentnavigation/outline/PDOutlineItem.java,,,,,,,,,,,,,,,,,,,,,,,,,39,7,0,4,1,1,3,2,1,1,2,1,1,1,1,1,1,,,,,,0,,0,75,1,1,1,1
Public Constructor,"org.apache.pdfbox.pdmodel.interactive.documentnavigation.outline.PDOutlineItem.PDOutlineItem(COSDictionary)",pdfbox/src/main/java/org/apache/pdfbox/pdmodel/interactive/documentnavigation/outline/PDOutlineItem.java,,,,,,,,,,,,,,,,,,,,,,,,,4,9,0,4,1,1,5,2,1,1,2,1,1,1,1,1,1,,,,,,0,,1,25,1,1,1,1
Public Method,"org.apache.pdfbox.pdmodel.interactive.documentnavigation.outline.PDOutlineItem.findDestinationPage(PDDocument)",pdfbox/src/main/java/org/apache/pdfbox/pdmodel/interactive/documentnavigation/outline/PDOutlineItem.java,,,,,,,,,,,,,,,,,,,,,,,,,4,58,2,43,6,22,13,10,33,13,22,6,20,9,9,9,4,,,,,,2,,0,30,9,9,9,4
Public Method,"org.apache.pdfbox.pdmodel.interactive.documentnavigation.outline.PDOutlineItem.getAction()",pdfbox/src/main/java/org/apache/pdfbox/pdmodel/interactive/documentnavigation/outline/PDOutlineItem.java,,,,,,,,,,,,,,,,,,,,,,,,,3,9,0,4,1,1,5,4,1,1,2,1,1,1,1,1,1,,,,,,0,,1,25,1,1,1,1
Public Method,"org.apache.pdfbox.pdmodel.interactive.documentnavigation.outline.PDOutlineItem.getDestination()",pdfbox/src/main/java/org/apache/pdfbox/pdmodel/interactive/documentnavigation/outline/PDOutlineItem.java,,,,,,,,,,,,,,,,,,,,,,,,,5,10,0,4,1,1,6,4,1,1,2,1,1,1,1,1,1,,,,,,0,,1,50,1,1,1,1
Public Method,"org.apache.pdfbox.pdmodel.interactive.documentnavigation.outline.PDOutlineItem.getNextSibling()",pdfbox/src/main/java/org/apache/pdfbox/pdmodel/interactive/documentnavigation/outline/PDOutlineItem.java,,,,,,,,,,,,,,,,,,,,,,,,,19,7,0,4,1,1,3,2,1,1,2,1,1,1,1,1,1,,,,,,0,,0,75,1,1,1,1
Public Method,"org.apache.pdfbox.pdmodel.interactive.documentnavigation.outline.PDOutlineItem.getPreviousSibling()",pdfbox/src/main/java/org/apache/pdfbox/pdmodel/interactive/documentnavigation/outline/PDOutlineItem.java,,,,,,,,,,,,,,,,,,,,,,,,,14,9,0,4,1,1,5,2,1,1,2,1,1,1,1,1,1,,,,,,0,,1,25,1,1,1,1
Public Method,"org.apache.pdfbox.pdmodel.interactive.documentnavigation.outline.PDOutlineItem.getStructureElement()",pdfbox/src/main/java/org/apache/pdfbox/pdmodel/interactive/documentnavigation/outline/PDOutlineItem.java,,,,,,,,,,,,,,,,,,,,,,,,,1,10,0,5,2,2,5,4,1,2,3,2,2,2,2,2,1,,,,,,0,,1,00,2,2,2,1
Public Method,"org.apache.pdfbox.pdmodel.interactive.documentnavigation.outline.PDOutlineItem.getTextColor()",pdfbox/src/main/java/org/apache/pdfbox/pdmodel/interactive/documentnavigation/outline/PDOutlineItem.java,,,,,,,,,,,,,,,,,,,,,,,,,2,17,0,11,2,6,6,8,2,5,7,2,6,2,2,2,1,,,,,,1,,0,55,2,2,2,1
Public Method,"org.apache.pdfbox.pdmodel.interactive.documentnavigation.outline.PDOutlineItem.getTitle()",pdfbox/src/main/java/org/apache/pdfbox/pdmodel/interactive/documentnavigation/outline/PDOutlineItem.java,,,,,,,,,,,,,,,,,,,,,,,,,4,9,0,4,1,1,5,3,1,1,2,1,1,1,1,1,1,,,,,,0,,1,25,1,1,1,1
Public Method,"org.apache.pdfbox.pdmodel.interactive.documentnavigation.outline.PDOutlineItem.insertSiblingAfter(PDOutlineItem)",pdfbox/src/main/java/org/apache/pdfbox/pdmodel/interactive/documentnavigation/outline/PDOutlineItem.java,,,,,,,,,,,,,,,,,,,,,,,,,14,26,0,19,3,12,7,8,3,10,13,3,12,3,3,3,1,,,,,,1,,0,37,3,3,3,1
Public Method,"org.apache.pdfbox.pdmodel.interactive.documentnavigation.outline.PDOutlineItem.insertSiblingBefore(PDOutlineItem)",pdfbox/src/main/java/org/apache/pdfbox/pdmodel/interactive/documentnavigation/outline/PDOutlineItem.java,,,,,,,,,,,,,,,,,,,,,,,,,8,26,0,19,3,12,7,8,3,10,13,3,12,3,3,3,1,,,,,,1,,0,37,3,3,3,1
Public Method,"org.apache.pdfbox.pdmodel.interactive.documentnavigation.outline.PDOutlineItem.isBold()",pdfbox/src/main/java/org/apache/pdfbox/pdmodel/interactive/documentnavigation/outline/PDOutlineItem.java,,,,,,,,,,,,,,,,,,,,,,,,,2,9,0,4,1,1,5,3,1,1,2,1,1,1,1,1,1,,,,,,0,,1,25,1,1,1,1
Public Method,"org.apache.pdfbox.pdmodel.interactive.documentnavigation.outline.PDOutlineItem.isItalic()",pdfbox/src/main/java/org/apache/pdfbox/pdmodel/interactive/documentnavigation/outline/PDOutlineItem.java,,,,,,,,,,,,,,,,,,,,,,,,,2,9,0,4,1,1,5,3,1,1,2,1,1,1,1,1,1,,,,,,0,,1,25,1,1,1,1
Public Method,"org.apache.pdfbox.pdmodel.interactive.documentnavigation.outline.PDOutlineItem.setAction(PDAction)",pdfbox/src/main/java/org/apache/pdfbox/pdmodel/interactive/documentnavigation/outline/PDOutlineItem.java,,,,,,,,,,,,,,,,,,,,,,,,,2,9,0,4,1,1,5,2,1,1,2,1,1,1,1,1,1,,,,,,0,,1,25,1,1,1,1
Public Method,"org.apache.pdfbox.pdmodel.interactive.documentnavigation.outline.PDOutlineItem.setBold(boolean)",pdfbox/src/main/java/org/apache/pdfbox/pdmodel/interactive/documentnavigation/outline/PDOutlineItem.java,,,,,,,,,,,,,,,,,,,,,,,,,3,9,0,4,1,1,5,2,1,1,2,1,1,1,1,1,1,,,,,,0,,1,25,1,1,1,1
Public Method,"org.apache.pdfbox.pdmodel.interactive.documentnavigation.outline.PDOutlineItem.setDestination(PDDestination)",pdfbox/src/main/java/org/apache/pdfbox/pdmodel/interactive/documentnavigation/outline/PDOutlineItem.java,,,,,,,,,,,,,,,,,,,,,,,,,4,9,0,4,1,1,5,2,1,1,2,1,1,1,1,1,1,,,,,,0,,1,25,1,1,1,1
Public Method,"org.apache.pdfbox.pdmodel.interactive.documentnavigation.outline.PDOutlineItem.setDestination(PDPage)",pdfbox/src/main/java/org/apache/pdfbox/pdmodel/interactive/documentnavigation/outline/PDOutlineItem.java,,,,,,,,,,,,,,,,,,,,,,,,,1,15,0,10,2,5,5,3,2,4,6,2,4,2,2,2,1,,,,,,1,,0,50,2,2,2,1
Public Method,"org.apache.pdfbox.pdmodel.interactive.documentnavigation.outline.PDOutlineItem.setItalic(boolean)",pdfbox/src/main/java/org/apache/pdfbox/pdmodel/interactive/documentnavigation/outline/PDOutlineItem.java,,,,,,,,,,,,,,,,,,,,,,,,,3,9,0,4,1,1,5,2,1,1,2,1,1,1,1,1,1,,,,,,0,,1,25,1,1,1,1
Method,"org.apache.pdfbox.pdmodel.interactive.documentnavigation.outline.PDOutlineItem.setNextSibling(PDOutlineNode)",pdfbox/src/main/java/org/apache/pdfbox/pdmodel/interactive/documentnavigation/outline/PDOutlineItem.java,,,,,,,,,,,,,,,,,,,,,,,,,7,9,0,4,1,1,5,2,1,1,2,1,1,1,1,1,1,,,,,,0,,1,25,1,1,1,1
Method,"org.apache.pdfbox.pdmodel.interactive.documentnavigation.outline.PDOutlineItem.setPreviousSibling(PDOutlineNode)",pdfbox/src/main/java/org/apache/pdfbox/pdmodel/interactive/documentnavigation/outline/PDOutlineItem.java,,,,,,,,,,,,,,,,,,,,,,,,,6,9,0,4,1,1,5,2,1,1,2,1,1,1,1,1,1,,,,,,0,,1,25,1,1,1,1
Public Method,"org.apache.pdfbox.pdmodel.interactive.documentnavigation.outline.PDOutlineItem.setStructureElement(PDStructureElement)",pdfbox/src/main/java/org/apache/pdfbox/pdmodel/interactive/documentnavigation/outline/PDOutlineItem.java,,,,,,,,,,,,,,,,,,,,,,,,,2,9,0,4,1,1,5,2,1,1,2,1,1,1,1,1,1,,,,,,0,,1,25,1,1,1,1
Public Method,"org.apache.pdfbox.pdmodel.interactive.documentnavigation.outline.PDOutlineItem.setTextColor(Color)",pdfbox/src/main/java/org/apache/pdfbox/pdmodel/interactive/documentnavigation/outline/PDOutlineItem.java,,,,,,,,,,,,,,,,,,,,,,,,,2,13,0,8,2,5,5,8,1,5,6,2,5,1,1,1,1,,,,,,0,,0,62,1,1,1,1
Public Method,"org.apache.pdfbox.pdmodel.interactive.documentnavigation.outline.PDOutlineItem.setTextColor(PDColor)",pdfbox/src/main/java/org/apache/pdfbox/pdmodel/interactive/documentnavigation/outline/PDOutlineItem.java,,,,,,,,,,,,,,,,,,,,,,,,,2,9,0,4,1,1,5,3,1,1,2,1,1,1,1,1,1,,,,,,0,,1,25,1,1,1,1
Public Method,"org.apache.pdfbox.pdmodel.interactive.documentnavigation.outline.PDOutlineItem.setTitle(String)",pdfbox/src/main/java/org/apache/pdfbox/pdmodel/interactive/documentnavigation/outline/PDOutlineItem.java,,,,,,,,,,,,,,,,,,,,,,,,,3,9,0,4,1,1,5,2,1,1,2,1,1,1,1,1,1,,,,,,0,,1,25,1,1,1,1
Class,"org.apache.pdfbox.pdmodel.interactive.documentnavigation.outline.PDOutlineItemIterator",pdfbox/src/main/java/org/apache/pdfbox/pdmodel/interactive/documentnavigation/outline/PDOutlineItemIterator.java,2,2,2,1,10,0,10,0,2,5,0,,0,0,,,4,2,4,16,1,0,0,3,,55,4,45,11,15,6,,,12,21,8,14,,,,,3,3,4,3,1,1,37,0,13,8,8,9,6
Constructor,"org.apache.pdfbox.pdmodel.interactive.documentnavigation.outline.PDOutlineItemIterator.PDOutlineItemIterator(PDOutlineItem)",pdfbox/src/main/java/org/apache/pdfbox/pdmodel/interactive/documentnavigation/outline/PDOutlineItemIterator.java,,,,,,,,,,,,,,,,,,,,,,,,,6,4,0,4,1,1,0,2,1,1,2,1,1,1,1,1,1,,,,,,0,,0,00,1,1,1,1
Public Method,"org.apache.pdfbox.pdmodel.interactive.documentnavigation.outline.PDOutlineItemIterator.hasNext()",pdfbox/src/main/java/org/apache/pdfbox/pdmodel/interactive/documentnavigation/outline/PDOutlineItemIterator.java,,,,,,,,,,,,,,,,,,,,,,,,,6,14,0,14,3,6,0,3,3,4,7,2,6,3,3,4,3,,,,,,1,,0,00,3,3,4,3
Public Method,"org.apache.pdfbox.pdmodel.interactive.documentnavigation.outline.PDOutlineItemIterator.next()",pdfbox/src/main/java/org/apache/pdfbox/pdmodel/interactive/documentnavigation/outline/PDOutlineItemIterator.java,,,,,,,,,,,,,,,,,,,,,,,,,4,17,0,17,2,7,0,5,4,4,7,1,6,3,3,3,1,,,,,,1,,0,00,3,3,3,1
Public Method,"org.apache.pdfbox.pdmodel.interactive.documentnavigation.outline.PDOutlineItemIterator.remove()",pdfbox/src/main/java/org/apache/pdfbox/pdmodel/interactive/documentnavigation/outline/PDOutlineItemIterator.java,,,,,,,,,,,,,,,,,,,,,,,,,1,5,0,5,2,1,0,1,1,1,2,1,1,1,1,1,1,,,,,,0,,0,00,1,1,1,1
Class,"org.apache.pdfbox.pdmodel.interactive.documentnavigation.outline.PDOutlineItemIteratorTest",pdfbox/src/test/java/org/apache/pdfbox/pdmodel/interactive/documentnavigation/outline/PDOutlineItemIteratorTest.java,1,1,1,1,8,0,8,0,1,5,0,,0,0,,,4,0,4,16,4,0,0,0,,45,4,37,16,18,4,,,18,23,12,18,,,,,1,1,1,1,1,0,0,0,11,5,5,5,5
Method,"org.apache.pdfbox.pdmodel.interactive.documentnavigation.outline.PDOutlineItemIteratorTest.multipleItem()",pdfbox/src/test/java/org/apache/pdfbox/pdmodel/interactive/documentnavigation/outline/PDOutlineItemIteratorTest.java,,,,,,,,,,,,,,,,,,,,,,,,,0,13,0,13,5,9,0,8,1,9,10,4,9,1,1,1,1,,,,,,0,,0,00,1,1,1,1
Method,"org.apache.pdfbox.pdmodel.interactive.documentnavigation.outline.PDOutlineItemIteratorTest.noChildren()",pdfbox/src/test/java/org/apache/pdfbox/pdmodel/interactive/documentnavigation/outline/PDOutlineItemIteratorTest.java,,,,,,,,,,,,,,,,,,,,,,,,,0,6,0,6,3,2,0,3,1,2,3,2,2,1,1,1,1,,,,,,0,,0,00,1,1,1,1
Method,"org.apache.pdfbox.pdmodel.interactive.documentnavigation.outline.PDOutlineItemIteratorTest.removeUnsupported()",pdfbox/src/test/java/org/apache/pdfbox/pdmodel/interactive/documentnavigation/outline/PDOutlineItemIteratorTest.java,,,,,,,,,,,,,,,,,,,,,,,,,1,6,0,6,3,2,0,3,1,2,3,2,2,1,1,1,1,,,,,,0,,0,00,2,2,2,2
Lambda Method,"org.apache.pdfbox.pdmodel.interactive.documentnavigation.outline.PDOutlineItemIteratorTest.removeUnsupported.(lambda_expr_1)()",pdfbox/src/test/java/org/apache/pdfbox/pdmodel/interactive/documentnavigation/outline/PDOutlineItemIteratorTest.java,,,,,,,,,,,,,,,,,,,,,,,,,0,1,0,1,0,1,0,2,1,0,0,0,0,1,1,1,1,,,,,,0,,0,00,1,1,1,1
Method,"org.apache.pdfbox.pdmodel.interactive.documentnavigation.outline.PDOutlineItemIteratorTest.singleItem()",pdfbox/src/test/java/org/apache/pdfbox/pdmodel/interactive/documentnavigation/outline/PDOutlineItemIteratorTest.java,,,,,,,,,,,,,,,,,,,,,,,,,0,9,0,9,4,5,0,7,1,5,6,3,5,1,1,1,1,,,,,,0,,0,00,1,1,1,1
Class,"org.apache.pdfbox.pdmodel.interactive.documentnavigation.outline.PDOutlineItemTest",pdfbox/src/test/java/org/apache/pdfbox/pdmodel/interactive/documentnavigation/outline/PDOutlineItemTest.java,1,1,1,1,9,0,9,0,1,6,0,,0,0,,,15,4,15,27,14,0,0,1,,168,15,149,41,82,4,,,86,102,26,82,,,,,1,1,1,1,1,0,26,0,03,17,17,17,17
Method,"org.apache.pdfbox.pdmodel.interactive.documentnavigation.outline.PDOutlineItemTest.cannotInsertSiblingAfterAList()",pdfbox/src/test/java/org/apache/pdfbox/pdmodel/interactive/documentnavigation/outline/PDOutlineItemTest.java,,,,,,,,,,,,,,,,,,,,,,,,,1,8,0,8,3,4,0,3,1,4,5,2,4,1,1,1,1,,,,,,0,,0,00,2,2,2,2
Lambda Method,"org.apache.pdfbox.pdmodel.interactive.documentnavigation.outline.PDOutlineItemTest.cannotInsertSiblingAfterAList.(lambda_expr_1)()",pdfbox/src/test/java/org/apache/pdfbox/pdmodel/interactive/documentnavigation/outline/PDOutlineItemTest.java,,,,,,,,,,,,,,,,,,,,,,,,,1,1,0,1,0,1,0,2,1,0,0,0,0,1,1,1,1,,,,,,0,,0,00,1,1,1,1
Method,"org.apache.pdfbox.pdmodel.interactive.documentnavigation.outline.PDOutlineItemTest.cannotInsertSiblingBeforeAList()",pdfbox/src/test/java/org/apache/pdfbox/pdmodel/interactive/documentnavigation/outline/PDOutlineItemTest.java,,,,,,,,,,,,,,,,,,,,,,,,,1,8,0,8,3,4,0,3,1,4,5,2,4,1,1,1,1,,,,,,0,,0,00,2,2,2,2
Lambda Method,"org.apache.pdfbox.pdmodel.interactive.documentnavigation.outline.PDOutlineItemTest.cannotInsertSiblingBeforeAList.(lambda_expr_1)()",pdfbox/src/test/java/org/apache/pdfbox/pdmodel/interactive/documentnavigation/outline/PDOutlineItemTest.java,,,,,,,,,,,,,,,,,,,,,,,,,1,1,0,1,0,1,0,2,1,0,0,0,0,1,1,1,1,,,,,,0,,0,00,1,1,1,1
Method,"org.apache.pdfbox.pdmodel.interactive.documentnavigation.outline.PDOutlineItemTest.insertSiblingAfter_ClosedChildToClosedParent()",pdfbox/src/test/java/org/apache/pdfbox/pdmodel/interactive/documentnavigation/outline/PDOutlineItemTest.java,,,,,,,,,,,,,,,,,,,,,,,,,4,9,0,9,2,5,0,5,1,5,6,1,5,1,1,1,1,,,,,,0,,0,00,1,1,1,1
Method,"org.apache.pdfbox.pdmodel.interactive.documentnavigation.outline.PDOutlineItemTest.insertSiblingAfter_ClosedChildToOpenParent()",pdfbox/src/test/java/org/apache/pdfbox/pdmodel/interactive/documentnavigation/outline/PDOutlineItemTest.java,,,,,,,,,,,,,,,,,,,,,,,,,4,10,0,10,2,6,0,6,1,6,7,1,6,1,1,1,1,,,,,,0,,0,00,1,1,1,1
Method,"org.apache.pdfbox.pdmodel.interactive.documentnavigation.outline.PDOutlineItemTest.insertSiblingAfter_OpenChildToClosedParent()",pdfbox/src/test/java/org/apache/pdfbox/pdmodel/interactive/documentnavigation/outline/PDOutlineItemTest.java,,,,,,,,,,,,,,,,,,,,,,,,,4,10,0,10,2,6,0,6,1,6,7,1,6,1,1,1,1,,,,,,0,,0,00,1,1,1,1
Method,"org.apache.pdfbox.pdmodel.interactive.documentnavigation.outline.PDOutlineItemTest.insertSiblingAfter_OpenChildToOpenParent()",pdfbox/src/test/java/org/apache/pdfbox/pdmodel/interactive/documentnavigation/outline/PDOutlineItemTest.java,,,,,,,,,,,,,,,,,,,,,,,,,4,11,0,11,2,7,0,6,1,7,8,1,7,1,1,1,1,,,,,,0,,0,00,1,1,1,1
Method,"org.apache.pdfbox.pdmodel.interactive.documentnavigation.outline.PDOutlineItemTest.insertSiblingBefore_ClosedChildToClosedParent()",pdfbox/src/test/java/org/apache/pdfbox/pdmodel/interactive/documentnavigation/outline/PDOutlineItemTest.java,,,,,,,,,,,,,,,,,,,,,,,,,4,9,0,9,2,5,0,5,1,5,6,1,5,1,1,1,1,,,,,,0,,0,00,1,1,1,1
Method,"org.apache.pdfbox.pdmodel.interactive.documentnavigation.outline.PDOutlineItemTest.insertSiblingBefore_ClosedChildToOpenParent()",pdfbox/src/test/java/org/apache/pdfbox/pdmodel/interactive/documentnavigation/outline/PDOutlineItemTest.java,,,,,,,,,,,,,,,,,,,,,,,,,4,10,0,10,2,6,0,6,1,6,7,1,6,1,1,1,1,,,,,,0,,0,00,1,1,1,1
Method,"org.apache.pdfbox.pdmodel.interactive.documentnavigation.outline.PDOutlineItemTest.insertSiblingBefore_OpenChildToClosedParent()",pdfbox/src/test/java/org/apache/pdfbox/pdmodel/interactive/documentnavigation/outline/PDOutlineItemTest.java,,,,,,,,,,,,,,,,,,,,,,,,,4,10,0,10,2,6,0,6,1,6,7,1,6,1,1,1,1,,,,,,0,,0,00,1,1,1,1
Method,"org.apache.pdfbox.pdmodel.interactive.documentnavigation.outline.PDOutlineItemTest.insertSiblingBefore_OpenChildToOpenParent()",pdfbox/src/test/java/org/apache/pdfbox/pdmodel/interactive/documentnavigation/outline/PDOutlineItemTest.java,,,,,,,,,,,,,,,,,,,,,,,,,4,11,0,11,2,7,0,6,1,7,8,1,7,1,1,1,1,,,,,,0,,0,00,1,1,1,1
Method,"org.apache.pdfbox.pdmodel.interactive.documentnavigation.outline.PDOutlineItemTest.insertSiblingBottom()",pdfbox/src/test/java/org/apache/pdfbox/pdmodel/interactive/documentnavigation/outline/PDOutlineItemTest.java,,,,,,,,,,,,,,,,,,,,,,,,,2,9,0,9,3,5,0,5,1,5,6,2,5,1,1,1,1,,,,,,0,,0,00,1,1,1,1
Method,"org.apache.pdfbox.pdmodel.interactive.documentnavigation.outline.PDOutlineItemTest.insertSiblingBottomNoParent()",pdfbox/src/test/java/org/apache/pdfbox/pdmodel/interactive/documentnavigation/outline/PDOutlineItemTest.java,,,,,,,,,,,,,,,,,,,,,,,,,2,8,0,8,3,4,0,5,1,4,5,2,4,1,1,1,1,,,,,,0,,0,00,1,1,1,1
Method,"org.apache.pdfbox.pdmodel.interactive.documentnavigation.outline.PDOutlineItemTest.insertSiblingTop()",pdfbox/src/test/java/org/apache/pdfbox/pdmodel/interactive/documentnavigation/outline/PDOutlineItemTest.java,,,,,,,,,,,,,,,,,,,,,,,,,2,9,0,9,3,5,0,5,1,5,6,2,5,1,1,1,1,,,,,,0,,0,00,1,1,1,1
Method,"org.apache.pdfbox.pdmodel.interactive.documentnavigation.outline.PDOutlineItemTest.insertSiblingTopNoParent()",pdfbox/src/test/java/org/apache/pdfbox/pdmodel/interactive/documentnavigation/outline/PDOutlineItemTest.java,,,,,,,,,,,,,,,,,,,,,,,,,2,8,0,8,3,4,0,5,1,4,5,2,4,1,1,1,1,,,,,,0,,0,00,1,1,1,1
Public Method,"org.apache.pdfbox.pdmodel.interactive.documentnavigation.outline.PDOutlineItemTest.setUp()",pdfbox/src/test/java/org/apache/pdfbox/pdmodel/interactive/documentnavigation/outline/PDOutlineItemTest.java,,,,,,,,,,,,,,,,,,,,,,,,,4,12,0,12,2,8,0,6,1,8,9,1,8,1,1,1,1,,,,,,0,,0,00,1,1,1,1
Public Abstract Class,"org.apache.pdfbox.pdmodel.interactive.documentnavigation.outline.PDOutlineNode",pdfbox/src/main/java/org/apache/pdfbox/pdmodel/interactive/documentnavigation/outline/PDOutlineNode.java,1,1,1,1,10,0,6,3,1,7,2,,0,0,,,24,0,24,41,9,3,0,12,,282,24,162,32,61,96,,,48,83,32,57,,,,,3,3,3,3,2,2,0,0,59,36,36,37,27
Public Constructor,"org.apache.pdfbox.pdmodel.interactive.documentnavigation.outline.PDOutlineNode.PDOutlineNode()",pdfbox/src/main/java/org/apache/pdfbox/pdmodel/interactive/documentnavigation/outline/PDOutlineNode.java,,,,,,,,,,,,,,,,,,,,,,,,,1,6,0,3,1,0,3,1,1,0,1,1,0,1,1,1,1,,,,,,0,,1,00,1,1,1,1
Public Constructor,"org.apache.pdfbox.pdmodel.interactive.documentnavigation.outline.PDOutlineNode.PDOutlineNode(COSDictionary)",pdfbox/src/main/java/org/apache/pdfbox/pdmodel/interactive/documentnavigation/outline/PDOutlineNode.java,,,,,,,,,,,,,,,,,,,,,,,,,3,7,0,4,1,1,3,2,1,1,2,1,1,1,1,1,1,,,,,,0,,0,75,1,1,1,1
Public Method,"org.apache.pdfbox.pdmodel.interactive.documentnavigation.outline.PDOutlineNode.addFirst(PDOutlineItem)",pdfbox/src/main/java/org/apache/pdfbox/pdmodel/interactive/documentnavigation/outline/PDOutlineNode.java,,,,,,,,,,,,,,,,,,,,,,,,,9,13,0,6,1,3,7,3,1,3,4,1,3,1,1,1,1,,,,,,0,,1,17,1,1,1,1
Public Method,"org.apache.pdfbox.pdmodel.interactive.documentnavigation.outline.PDOutlineNode.addLast(PDOutlineItem)",pdfbox/src/main/java/org/apache/pdfbox/pdmodel/interactive/documentnavigation/outline/PDOutlineNode.java,,,,,,,,,,,,,,,,,,,,,,,,,21,13,0,6,1,3,7,3,1,3,4,1,3,1,1,1,1,,,,,,0,,1,17,1,1,1,1
Private Method,"org.apache.pdfbox.pdmodel.interactive.documentnavigation.outline.PDOutlineNode.append(PDOutlineItem)",pdfbox/src/main/java/org/apache/pdfbox/pdmodel/interactive/documentnavigation/outline/PDOutlineNode.java,,,,,,,,,,,,,,,,,,,,,,,,,2,21,0,15,2,8,6,7,2,6,8,2,7,2,2,2,1,,,,,,1,,0,40,2,2,2,1
Public Method,"org.apache.pdfbox.pdmodel.interactive.documentnavigation.outline.PDOutlineNode.children()",pdfbox/src/main/java/org/apache/pdfbox/pdmodel/interactive/documentnavigation/outline/PDOutlineNode.java,,,,,,,,,,,,,,,,,,,,,,,,,6,7,0,4,1,1,3,1,1,1,2,1,1,1,1,1,1,,,,,,0,,0,75,2,2,2,2
Lambda Method,"org.apache.pdfbox.pdmodel.interactive.documentnavigation.outline.PDOutlineNode.children.(lambda_expr_1)()",pdfbox/src/main/java/org/apache/pdfbox/pdmodel/interactive/documentnavigation/outline/PDOutlineNode.java,,,,,,,,,,,,,,,,,,,,,,,,,0,1,0,1,0,1,0,3,1,0,0,0,0,1,1,1,1,,,,,,0,,0,00,1,1,1,1
Public Method,"org.apache.pdfbox.pdmodel.interactive.documentnavigation.outline.PDOutlineNode.closeNode()",pdfbox/src/main/java/org/apache/pdfbox/pdmodel/interactive/documentnavigation/outline/PDOutlineNode.java,,,,,,,,,,,,,,,,,,,,,,,,,3,11,0,7,1,2,4,2,2,1,3,1,2,2,2,2,1,,,,,,1,,0,57,2,2,2,1
Public Method,"org.apache.pdfbox.pdmodel.interactive.documentnavigation.outline.PDOutlineNode.getFirstChild()",pdfbox/src/main/java/org/apache/pdfbox/pdmodel/interactive/documentnavigation/outline/PDOutlineNode.java,,,,,,,,,,,,,,,,,,,,,,,,,23,7,0,4,1,1,3,2,1,1,2,1,1,1,1,1,1,,,,,,0,,0,75,1,1,1,1
Public Method,"org.apache.pdfbox.pdmodel.interactive.documentnavigation.outline.PDOutlineNode.getLastChild()",pdfbox/src/main/java/org/apache/pdfbox/pdmodel/interactive/documentnavigation/outline/PDOutlineNode.java,,,,,,,,,,,,,,,,,,,,,,,,,17,7,0,4,1,1,3,2,1,1,2,1,1,1,1,1,1,,,,,,0,,0,75,1,1,1,1
Public Method,"org.apache.pdfbox.pdmodel.interactive.documentnavigation.outline.PDOutlineNode.getOpenCount()",pdfbox/src/main/java/org/apache/pdfbox/pdmodel/interactive/documentnavigation/outline/PDOutlineNode.java,,,,,,,,,,,,,,,,,,,,,,,,,30,11,0,4,1,1,7,3,1,1,2,1,1,1,1,1,1,,,,,,0,,1,75,1,1,1,1
Method,"org.apache.pdfbox.pdmodel.interactive.documentnavigation.outline.PDOutlineNode.getOutlineItem(COSName)",pdfbox/src/main/java/org/apache/pdfbox/pdmodel/interactive/documentnavigation/outline/PDOutlineNode.java,,,,,,,,,,,,,,,,,,,,,,,,,5,5,0,5,2,2,0,4,1,2,3,2,2,2,2,2,1,,,,,,0,,0,00,2,2,2,1
Method,"org.apache.pdfbox.pdmodel.interactive.documentnavigation.outline.PDOutlineNode.getParent()",pdfbox/src/main/java/org/apache/pdfbox/pdmodel/interactive/documentnavigation/outline/PDOutlineNode.java,,,,,,,,,,,,,,,,,,,,,,,,,7,16,0,13,2,6,3,7,3,4,7,2,6,3,3,3,3,,,,,,2,,0,23,3,3,3,3
Public Method,"org.apache.pdfbox.pdmodel.interactive.documentnavigation.outline.PDOutlineNode.hasChildren()",pdfbox/src/main/java/org/apache/pdfbox/pdmodel/interactive/documentnavigation/outline/PDOutlineNode.java,,,,,,,,,,,,,,,,,,,,,,,,,3,7,0,4,1,1,3,3,1,1,2,1,1,1,1,1,1,,,,,,0,,0,75,1,1,1,1
Public Method,"org.apache.pdfbox.pdmodel.interactive.documentnavigation.outline.PDOutlineNode.isNodeOpen()",pdfbox/src/main/java/org/apache/pdfbox/pdmodel/interactive/documentnavigation/outline/PDOutlineNode.java,,,,,,,,,,,,,,,,,,,,,,,,,8,7,0,4,1,1,3,2,1,1,2,1,1,1,1,1,1,,,,,,0,,0,75,1,1,1,1
Public Method,"org.apache.pdfbox.pdmodel.interactive.documentnavigation.outline.PDOutlineNode.openNode()",pdfbox/src/main/java/org/apache/pdfbox/pdmodel/interactive/documentnavigation/outline/PDOutlineNode.java,,,,,,,,,,,,,,,,,,,,,,,,,21,12,0,7,1,2,5,2,2,1,3,1,2,2,2,2,1,,,,,,1,,0,71,2,2,2,1
Private Method,"org.apache.pdfbox.pdmodel.interactive.documentnavigation.outline.PDOutlineNode.prepend(PDOutlineItem)",pdfbox/src/main/java/org/apache/pdfbox/pdmodel/interactive/documentnavigation/outline/PDOutlineNode.java,,,,,,,,,,,,,,,,,,,,,,,,,2,21,0,15,2,8,6,7,2,6,8,2,7,2,2,2,1,,,,,,1,,0,40,2,2,2,1
Method,"org.apache.pdfbox.pdmodel.interactive.documentnavigation.outline.PDOutlineNode.requireSingleNode(PDOutlineItem)",pdfbox/src/main/java/org/apache/pdfbox/pdmodel/interactive/documentnavigation/outline/PDOutlineNode.java,,,,,,,,,,,,,,,,,,,,,,,,,5,12,0,7,1,2,5,3,2,1,3,1,2,2,2,3,1,,,,,,1,,0,71,2,2,3,1
Method,"org.apache.pdfbox.pdmodel.interactive.documentnavigation.outline.PDOutlineNode.setFirstChild(PDOutlineNode)",pdfbox/src/main/java/org/apache/pdfbox/pdmodel/interactive/documentnavigation/outline/PDOutlineNode.java,,,,,,,,,,,,,,,,,,,,,,,,,5,9,0,4,1,1,5,2,1,1,2,1,1,1,1,1,1,,,,,,0,,1,25,1,1,1,1
Method,"org.apache.pdfbox.pdmodel.interactive.documentnavigation.outline.PDOutlineNode.setLastChild(PDOutlineNode)",pdfbox/src/main/java/org/apache/pdfbox/pdmodel/interactive/documentnavigation/outline/PDOutlineNode.java,,,,,,,,,,,,,,,,,,,,,,,,,5,9,0,4,1,1,5,2,1,1,2,1,1,1,1,1,1,,,,,,0,,1,25,1,1,1,1
Method,"org.apache.pdfbox.pdmodel.interactive.documentnavigation.outline.PDOutlineNode.setOpenCount(int)",pdfbox/src/main/java/org/apache/pdfbox/pdmodel/interactive/documentnavigation/outline/PDOutlineNode.java,,,,,,,,,,,,,,,,,,,,,,,,,4,9,0,4,1,1,5,2,1,1,2,1,1,1,1,1,1,,,,,,0,,1,25,1,1,1,1
Method,"org.apache.pdfbox.pdmodel.interactive.documentnavigation.outline.PDOutlineNode.setParent(PDOutlineNode)",pdfbox/src/main/java/org/apache/pdfbox/pdmodel/interactive/documentnavigation/outline/PDOutlineNode.java,,,,,,,,,,,,,,,,,,,,,,,,,6,4,0,4,1,1,0,2,1,1,2,1,1,1,1,1,1,,,,,,0,,0,00,1,1,1,1
Private Method,"org.apache.pdfbox.pdmodel.interactive.documentnavigation.outline.PDOutlineNode.switchNodeCount()",pdfbox/src/main/java/org/apache/pdfbox/pdmodel/interactive/documentnavigation/outline/PDOutlineNode.java,,,,,,,,,,,,,,,,,,,,,,,,,2,6,0,6,2,3,0,3,1,3,4,2,3,1,1,1,1,,,,,,0,,0,00,1,1,1,1
Method,"org.apache.pdfbox.pdmodel.interactive.documentnavigation.outline.PDOutlineNode.updateParentOpenCount(int)",pdfbox/src/main/java/org/apache/pdfbox/pdmodel/interactive/documentnavigation/outline/PDOutlineNode.java,,,,,,,,,,,,,,,,,,,,,,,,,3,21,0,16,2,7,5,4,3,4,7,2,6,3,3,3,1,,,,,,2,,0,31,3,3,3,1
Method,"org.apache.pdfbox.pdmodel.interactive.documentnavigation.outline.PDOutlineNode.updateParentOpenCountForAddedChild(PDOutlineItem)",pdfbox/src/main/java/org/apache/pdfbox/pdmodel/interactive/documentnavigation/outline/PDOutlineNode.java,,,,,,,,,,,,,,,,,,,,,,,,,5,9,0,9,2,4,0,3,2,3,5,2,3,2,2,2,1,,,,,,1,,0,00,2,2,2,1
Class,"org.apache.pdfbox.pdmodel.interactive.documentnavigation.outline.PDOutlineNodeTest",pdfbox/src/test/java/org/apache/pdfbox/pdmodel/interactive/documentnavigation/outline/PDOutlineNodeTest.java,1,1,1,1,11,0,11,0,1,7,0,,0,0,,,28,1,28,40,27,0,0,1,,350,29,316,84,196,5,,,195,228,58,194,,,,,2,2,2,1,1,1,14,0,02,32,32,32,30
Method,"org.apache.pdfbox.pdmodel.interactive.documentnavigation.outline.PDOutlineNodeTest.addFirstClosedChildToClosedParent()",pdfbox/src/test/java/org/apache/pdfbox/pdmodel/interactive/documentnavigation/outline/PDOutlineNodeTest.java,,,,,,,,,,,,,,,,,,,,,,,,,1,14,0,14,3,10,0,7,1,10,11,2,10,1,1,1,1,,,,,,0,,0,00,1,1,1,1
Method,"org.apache.pdfbox.pdmodel.interactive.documentnavigation.outline.PDOutlineNodeTest.addFirstClosedChildToOpenParent()",pdfbox/src/test/java/org/apache/pdfbox/pdmodel/interactive/documentnavigation/outline/PDOutlineNodeTest.java,,,,,,,,,,,,,,,,,,,,,,,,,1,15,0,15,3,11,0,8,1,11,12,2,11,1,1,1,1,,,,,,0,,0,00,1,1,1,1
Method,"org.apache.pdfbox.pdmodel.interactive.documentnavigation.outline.PDOutlineNodeTest.addFirstOpenChildToClosedParent()",pdfbox/src/test/java/org/apache/pdfbox/pdmodel/interactive/documentnavigation/outline/PDOutlineNodeTest.java,,,,,,,,,,,,,,,,,,,,,,,,,1,15,0,15,3,11,0,8,1,11,12,2,11,1,1,1,1,,,,,,0,,0,00,1,1,1,1
Method,"org.apache.pdfbox.pdmodel.interactive.documentnavigation.outline.PDOutlineNodeTest.addFirstOpenChildToOpenParent()",pdfbox/src/test/java/org/apache/pdfbox/pdmodel/interactive/documentnavigation/outline/PDOutlineNodeTest.java,,,,,,,,,,,,,,,,,,,,,,,,,1,16,0,16,3,12,0,8,1,12,13,2,12,1,1,1,1,,,,,,0,,0,00,1,1,1,1
Method,"org.apache.pdfbox.pdmodel.interactive.documentnavigation.outline.PDOutlineNodeTest.addFirstSingleChild()",pdfbox/src/test/java/org/apache/pdfbox/pdmodel/interactive/documentnavigation/outline/PDOutlineNodeTest.java,,,,,,,,,,,,,,,,,,,,,,,,,1,8,0,8,3,4,0,5,1,4,5,2,4,1,1,1,1,,,,,,0,,0,00,1,1,1,1
Method,"org.apache.pdfbox.pdmodel.interactive.documentnavigation.outline.PDOutlineNodeTest.addLastClosedChildToClosedParent()",pdfbox/src/test/java/org/apache/pdfbox/pdmodel/interactive/documentnavigation/outline/PDOutlineNodeTest.java,,,,,,,,,,,,,,,,,,,,,,,,,1,14,0,14,3,10,0,7,1,10,11,2,10,1,1,1,1,,,,,,0,,0,00,1,1,1,1
Method,"org.apache.pdfbox.pdmodel.interactive.documentnavigation.outline.PDOutlineNodeTest.addLastClosedChildToOpenParent()",pdfbox/src/test/java/org/apache/pdfbox/pdmodel/interactive/documentnavigation/outline/PDOutlineNodeTest.java,,,,,,,,,,,,,,,,,,,,,,,,,1,15,0,15,3,11,0,8,1,11,12,2,11,1,1,1,1,,,,,,0,,0,00,1,1,1,1
Method,"org.apache.pdfbox.pdmodel.interactive.documentnavigation.outline.PDOutlineNodeTest.addLastOpenChildToClosedParent()",pdfbox/src/test/java/org/apache/pdfbox/pdmodel/interactive/documentnavigation/outline/PDOutlineNodeTest.java,,,,,,,,,,,,,,,,,,,,,,,,,1,15,0,15,3,11,0,8,1,11,12,2,11,1,1,1,1,,,,,,0,,0,00,1,1,1,1
Method,"org.apache.pdfbox.pdmodel.interactive.documentnavigation.outline.PDOutlineNodeTest.addLastOpenChildToOpenParent()",pdfbox/src/test/java/org/apache/pdfbox/pdmodel/interactive/documentnavigation/outline/PDOutlineNodeTest.java,,,,,,,,,,,,,,,,,,,,,,,,,1,16,0,16,3,12,0,8,1,12,13,2,12,1,1,1,1,,,,,,0,,0,00,1,1,1,1
Method,"org.apache.pdfbox.pdmodel.interactive.documentnavigation.outline.PDOutlineNodeTest.addLastSingleChild()",pdfbox/src/test/java/org/apache/pdfbox/pdmodel/interactive/documentnavigation/outline/PDOutlineNodeTest.java,,,,,,,,,,,,,,,,,,,,,,,,,1,8,0,8,3,4,0,5,1,4,5,2,4,1,1,1,1,,,,,,0,,0,00,1,1,1,1
Method,"org.apache.pdfbox.pdmodel.interactive.documentnavigation.outline.PDOutlineNodeTest.cannotAddFirstAList()",pdfbox/src/test/java/org/apache/pdfbox/pdmodel/interactive/documentnavigation/outline/PDOutlineNodeTest.java,,,,,,,,,,,,,,,,,,,,,,,,,1,8,0,8,3,4,0,3,1,4,5,2,4,1,1,1,1,,,,,,0,,0,00,2,2,2,2
Lambda Method,"org.apache.pdfbox.pdmodel.interactive.documentnavigation.outline.PDOutlineNodeTest.cannotAddFirstAList.(lambda_expr_1)()",pdfbox/src/test/java/org/apache/pdfbox/pdmodel/interactive/documentnavigation/outline/PDOutlineNodeTest.java,,,,,,,,,,,,,,,,,,,,,,,,,1,1,0,1,0,1,0,2,1,0,0,0,0,1,1,1,1,,,,,,0,,0,00,1,1,1,1
Method,"org.apache.pdfbox.pdmodel.interactive.documentnavigation.outline.PDOutlineNodeTest.cannotAddLastAList()",pdfbox/src/test/java/org/apache/pdfbox/pdmodel/interactive/documentnavigation/outline/PDOutlineNodeTest.java,,,,,,,,,,,,,,,,,,,,,,,,,1,8,0,8,3,4,0,3,1,4,5,2,4,1,1,1,1,,,,,,0,,0,00,2,2,2,2
Lambda Method,"org.apache.pdfbox.pdmodel.interactive.documentnavigation.outline.PDOutlineNodeTest.cannotAddLastAList.(lambda_expr_1)()",pdfbox/src/test/java/org/apache/pdfbox/pdmodel/interactive/documentnavigation/outline/PDOutlineNodeTest.java,,,,,,,,,,,,,,,,,,,,,,,,,1,1,0,1,0,1,0,2,1,0,0,0,0,1,1,1,1,,,,,,0,,0,00,1,1,1,1
Method,"org.apache.pdfbox.pdmodel.interactive.documentnavigation.outline.PDOutlineNodeTest.closeAlreadyClosedRootNode()",pdfbox/src/test/java/org/apache/pdfbox/pdmodel/interactive/documentnavigation/outline/PDOutlineNodeTest.java,,,,,,,,,,,,,,,,,,,,,,,,,1,14,0,14,3,10,0,8,1,10,11,2,10,1,1,1,1,,,,,,0,,0,00,1,1,1,1
Method,"org.apache.pdfbox.pdmodel.interactive.documentnavigation.outline.PDOutlineNodeTest.closeNodeWithClosedParent()",pdfbox/src/test/java/org/apache/pdfbox/pdmodel/interactive/documentnavigation/outline/PDOutlineNodeTest.java,,,,,,,,,,,,,,,,,,,,,,,,,1,14,0,14,3,10,0,6,1,10,11,2,10,1,1,1,1,,,,,,0,,0,00,1,1,1,1
Method,"org.apache.pdfbox.pdmodel.interactive.documentnavigation.outline.PDOutlineNodeTest.closeNodeWithOpendParent()",pdfbox/src/test/java/org/apache/pdfbox/pdmodel/interactive/documentnavigation/outline/PDOutlineNodeTest.java,,,,,,,,,,,,,,,,,,,,,,,,,1,15,0,15,3,11,0,6,1,11,12,2,11,1,1,1,1,,,,,,0,,0,00,1,1,1,1
Method,"org.apache.pdfbox.pdmodel.interactive.documentnavigation.outline.PDOutlineNodeTest.equalsNode()",pdfbox/src/test/java/org/apache/pdfbox/pdmodel/interactive/documentnavigation/outline/PDOutlineNodeTest.java,,,,,,,,,,,,,,,,,,,,,,,,,1,6,0,6,2,2,0,5,1,2,3,1,2,1,1,1,1,,,,,,0,,0,00,1,1,1,1
Method,"org.apache.pdfbox.pdmodel.interactive.documentnavigation.outline.PDOutlineNodeTest.getParent()",pdfbox/src/test/java/org/apache/pdfbox/pdmodel/interactive/documentnavigation/outline/PDOutlineNodeTest.java,,,,,,,,,,,,,,,,,,,,,,,,,1,11,0,11,4,7,0,6,1,7,8,3,7,1,1,1,1,,,,,,0,,0,00,1,1,1,1
Method,"org.apache.pdfbox.pdmodel.interactive.documentnavigation.outline.PDOutlineNodeTest.iterator()",pdfbox/src/test/java/org/apache/pdfbox/pdmodel/interactive/documentnavigation/outline/PDOutlineNodeTest.java,,,,,,,,,,,,,,,,,,,,,,,,,1,15,0,15,5,9,0,6,2,8,11,5,8,2,2,2,1,,,,,,1,,0,00,2,2,2,1
Method,"org.apache.pdfbox.pdmodel.interactive.documentnavigation.outline.PDOutlineNodeTest.iteratorNoChildre()",pdfbox/src/test/java/org/apache/pdfbox/pdmodel/interactive/documentnavigation/outline/PDOutlineNodeTest.java,,,,,,,,,,,,,,,,,,,,,,,,,0,10,0,10,3,4,0,3,2,3,6,3,3,2,2,2,1,,,,,,1,,0,00,2,2,2,1
Method,"org.apache.pdfbox.pdmodel.interactive.documentnavigation.outline.PDOutlineNodeTest.nodeClosedByDefault()",pdfbox/src/test/java/org/apache/pdfbox/pdmodel/interactive/documentnavigation/outline/PDOutlineNodeTest.java,,,,,,,,,,,,,,,,,,,,,,,,,1,8,0,8,3,4,0,6,1,4,5,2,4,1,1,1,1,,,,,,0,,0,00,1,1,1,1
Method,"org.apache.pdfbox.pdmodel.interactive.documentnavigation.outline.PDOutlineNodeTest.nullFirstChild()",pdfbox/src/test/java/org/apache/pdfbox/pdmodel/interactive/documentnavigation/outline/PDOutlineNodeTest.java,,,,,,,,,,,,,,,,,,,,,,,,,1,5,0,5,2,1,0,2,1,1,2,1,1,1,1,1,1,,,,,,0,,0,00,1,1,1,1
Method,"org.apache.pdfbox.pdmodel.interactive.documentnavigation.outline.PDOutlineNodeTest.nullLastChild()",pdfbox/src/test/java/org/apache/pdfbox/pdmodel/interactive/documentnavigation/outline/PDOutlineNodeTest.java,,,,,,,,,,,,,,,,,,,,,,,,,1,5,0,5,2,1,0,2,1,1,2,1,1,1,1,1,1,,,,,,0,,0,00,1,1,1,1
Method,"org.apache.pdfbox.pdmodel.interactive.documentnavigation.outline.PDOutlineNodeTest.openAlreadyOpenedRootNode()",pdfbox/src/test/java/org/apache/pdfbox/pdmodel/interactive/documentnavigation/outline/PDOutlineNodeTest.java,,,,,,,,,,,,,,,,,,,,,,,,,1,13,0,13,3,9,0,7,1,9,10,2,9,1,1,1,1,,,,,,0,,0,00,1,1,1,1
Method,"org.apache.pdfbox.pdmodel.interactive.documentnavigation.outline.PDOutlineNodeTest.openLeaf()",pdfbox/src/test/java/org/apache/pdfbox/pdmodel/interactive/documentnavigation/outline/PDOutlineNodeTest.java,,,,,,,,,,,,,,,,,,,,,,,,,1,8,0,8,3,4,0,5,1,4,5,2,4,1,1,1,1,,,,,,0,,0,00,1,1,1,1
Method,"org.apache.pdfbox.pdmodel.interactive.documentnavigation.outline.PDOutlineNodeTest.openNodeAndAppend()",pdfbox/src/test/java/org/apache/pdfbox/pdmodel/interactive/documentnavigation/outline/PDOutlineNodeTest.java,,,,,,,,,,,,,,,,,,,,,,,,,0,5,0,4,2,0,1,0,1,0,1,1,0,1,1,1,1,,,,,,0,,0,25,1,1,1,1
Method,"org.apache.pdfbox.pdmodel.interactive.documentnavigation.outline.PDOutlineNodeTest.openNodeWithClosedParent()",pdfbox/src/test/java/org/apache/pdfbox/pdmodel/interactive/documentnavigation/outline/PDOutlineNodeTest.java,,,,,,,,,,,,,,,,,,,,,,,,,1,13,0,13,3,9,0,5,1,9,10,2,9,1,1,1,1,,,,,,0,,0,00,1,1,1,1
Method,"org.apache.pdfbox.pdmodel.interactive.documentnavigation.outline.PDOutlineNodeTest.openNodeWithOpendParent()",pdfbox/src/test/java/org/apache/pdfbox/pdmodel/interactive/documentnavigation/outline/PDOutlineNodeTest.java,,,,,,,,,,,,,,,,,,,,,,,,,1,14,0,14,3,10,0,5,1,10,11,2,10,1,1,1,1,,,,,,0,,0,00,1,1,1,1
Public Method,"org.apache.pdfbox.pdmodel.interactive.documentnavigation.outline.PDOutlineNodeTest.setUp()",pdfbox/src/test/java/org/apache/pdfbox/pdmodel/interactive/documentnavigation/outline/PDOutlineNodeTest.java,,,,,,,,,,,,,,,,,,,,,,,,,0,5,0,5,2,1,0,2,1,1,2,1,1,1,1,1,1,,,,,,0,,0,00,1,1,1,1
Package,"org.apache.pdfbox.pdmodel.interactive.form",pdfbox/src/main/java/org/apache/pdfbox/pdmodel/interactive/form/AppearanceGeneratorHelper.java,1,1,1,1,15,0,10,4,,,,54,19,78,45,,448,81,467,,186,64,5,212,,10377,1156,5955,2078,2722,3311,,,2851,3777,1930,2385,,,,,12,12,13,9,,5,,0,56,826,815,881,562
Class,"org.apache.pdfbox.pdmodel.interactive.form.AcroFormsRotationTest",pdfbox/src/test/java/org/apache/pdfbox/pdmodel/interactive/form/AcroFormsRotationTest.java,1,1,1,1,23,1,18,3,1,14,0,,0,4,,,3,2,3,15,1,0,0,2,,85,11,65,16,46,9,,,45,50,12,42,,,,,2,2,2,1,1,1,16,0,14,4,4,4,3
Method,"org.apache.pdfbox.pdmodel.interactive.form.AcroFormsRotationTest.fillFields()",pdfbox/src/test/java/org/apache/pdfbox/pdmodel/interactive/form/AcroFormsRotationTest.java,,,,,,,,,,,,,,,,,,,,,,,,,7,57,5,43,4,37,9,8,2,35,37,3,36,2,2,2,1,,,,,,1,,0,21,2,2,2,1
Public Method,"org.apache.pdfbox.pdmodel.interactive.form.AcroFormsRotationTest.setUp()",pdfbox/src/test/java/org/apache/pdfbox/pdmodel/interactive/form/AcroFormsRotationTest.java,,,,,,,,,,,,,,,,,,,,,,,,,4,7,0,7,2,3,0,7,1,3,4,1,3,1,1,1,1,,,,,,0,,0,00,1,1,1,1
Public Method,"org.apache.pdfbox.pdmodel.interactive.form.AcroFormsRotationTest.tearDown()",pdfbox/src/test/java/org/apache/pdfbox/pdmodel/interactive/form/AcroFormsRotationTest.java,,,,,,,,,,,,,,,,,,,,,,,,,1,5,0,5,2,1,0,1,1,1,2,1,1,1,1,1,1,,,,,,0,,0,00,1,1,1,1
Class,"org.apache.pdfbox.pdmodel.interactive.form.AlignmentTest",pdfbox/src/test/java/org/apache/pdfbox/pdmodel/interactive/form/AlignmentTest.java,1,1,1,1,26,6,19,0,1,14,0,,0,4,,,3,2,3,15,1,0,0,2,,92,23,67,15,48,2,,,49,54,12,46,,,,,2,2,2,1,1,1,16,0,03,4,4,4,3
Method,"org.apache.pdfbox.pdmodel.interactive.form.AlignmentTest.fillFields()",pdfbox/src/test/java/org/apache/pdfbox/pdmodel/interactive/form/AlignmentTest.java,,,,,,,,,,,,,,,,,,,,,,,,,7,66,18,46,4,40,2,7,2,39,41,3,40,2,2,2,1,,,,,,1,,0,04,2,2,2,1
Public Method,"org.apache.pdfbox.pdmodel.interactive.form.AlignmentTest.setUp()",pdfbox/src/test/java/org/apache/pdfbox/pdmodel/interactive/form/AlignmentTest.java,,,,,,,,,,,,,,,,,,,,,,,,,4,7,0,7,2,3,0,7,1,3,4,1,3,1,1,1,1,,,,,,0,,0,00,1,1,1,1
Public Method,"org.apache.pdfbox.pdmodel.interactive.form.AlignmentTest.tearDown()",pdfbox/src/test/java/org/apache/pdfbox/pdmodel/interactive/form/AlignmentTest.java,,,,,,,,,,,,,,,,,,,,,,,,,1,5,0,5,2,1,0,1,1,1,2,1,1,1,1,1,1,,,,,,0,,0,00,1,1,1,1
Class,"org.apache.pdfbox.pdmodel.interactive.form.AppearanceGeneratorHelper",pdfbox/src/main/java/org/apache/pdfbox/pdmodel/interactive/form/AppearanceGeneratorHelper.java,3,3,4,1,34,3,25,6,1,67,0,,1,9,,,24,3,25,37,1,23,0,1,,955,115,640,161,388,200,,,276,383,154,319,,,,,12,12,13,6,1,5,69,0,31,98,96,112,43
Constructor,"org.apache.pdfbox.pdmodel.interactive.form.AppearanceGeneratorHelper.AppearanceGeneratorHelper(PDVariableText)",pdfbox/src/main/java/org/apache/pdfbox/pdmodel/interactive/form/AppearanceGeneratorHelper.java,,,,,,,,,,,,,,,,,,,,,,,,,5,22,1,15,1,8,6,9,2,4,6,1,5,2,2,2,1,,,,,,1,,0,40,2,2,2,1
Private Method,"org.apache.pdfbox.pdmodel.interactive.form.AppearanceGeneratorHelper.applyPadding(PDRectangle,float)",pdfbox/src/main/java/org/apache/pdfbox/pdmodel/interactive/form/AppearanceGeneratorHelper.java,,,,,,,,,,,,,,,,,,,,,,,,,6,13,0,7,1,4,6,6,1,1,2,1,1,1,1,1,1,,,,,,0,,0,86,1,1,1,1
Private Method,"org.apache.pdfbox.pdmodel.interactive.form.AppearanceGeneratorHelper.calculateFontSize(PDFont,PDRectangle)",pdfbox/src/main/java/org/apache/pdfbox/pdmodel/interactive/form/AppearanceGeneratorHelper.java,,,,,,,,,,,,,,,,,,,,,,,,,8,71,7,50,16,31,14,22,9,22,31,16,25,8,8,8,6,,,,,,5,,0,28,8,8,8,6
Private Method,"org.apache.pdfbox.pdmodel.interactive.form.AppearanceGeneratorHelper.calculateMatrix(PDRectangle,int)",pdfbox/src/main/java/org/apache/pdfbox/pdmodel/interactive/form/AppearanceGeneratorHelper.java,,,,,,,,,,,,,,,,,,,,,,,,,3,25,0,25,3,18,0,7,5,12,15,3,13,5,3,5,1,,,,,,1,,0,00,5,3,5,1
Private Method,"org.apache.pdfbox.pdmodel.interactive.form.AppearanceGeneratorHelper.getFormattedValue(String)",pdfbox/src/main/java/org/apache/pdfbox/pdmodel/interactive/form/AppearanceGeneratorHelper.java,,,,,,,,,,,,,,,,,,,,,,,,,4,22,0,20,4,11,2,7,4,7,11,4,10,4,4,4,4,,,,,,2,,0,10,4,4,4,4
Private Method,"org.apache.pdfbox.pdmodel.interactive.form.AppearanceGeneratorHelper.getTextAlign(PDAnnotationWidget)",pdfbox/src/main/java/org/apache/pdfbox/pdmodel/interactive/form/AppearanceGeneratorHelper.java,,,,,,,,,,,,,,,,,,,,,,,,,4,5,0,4,1,1,1,4,1,1,2,1,1,1,1,1,1,,,,,,0,,0,25,1,1,1,1
Private Method,"org.apache.pdfbox.pdmodel.interactive.form.AppearanceGeneratorHelper.getWidgetDefaultAppearanceString(PDAnnotationWidget)",pdfbox/src/main/java/org/apache/pdfbox/pdmodel/interactive/form/AppearanceGeneratorHelper.java,,,,,,,,,,,,,,,,,,,,,,,,,4,6,0,6,3,3,0,6,1,3,4,3,3,1,1,1,1,,,,,,0,,0,00,1,1,1,1
Private Method,"org.apache.pdfbox.pdmodel.interactive.form.AppearanceGeneratorHelper.initializeAppearanceContent(PDAnnotationWidget,PDAppearanceCharacteristicsDictionary,PDAppearanceStream)",pdfbox/src/main/java/org/apache/pdfbox/pdmodel/interactive/form/AppearanceGeneratorHelper.java,,,,,,,,,,,,,,,,,,,,,,,,,5,61,4,44,10,25,13,22,25,17,25,8,23,7,7,9,1,,,,,,4,,0,30,7,7,9,1
Private Method,"org.apache.pdfbox.pdmodel.interactive.form.AppearanceGeneratorHelper.insertGeneratedAppearance(PDAnnotationWidget,PDAppearanceStream,OutputStream)",pdfbox/src/main/java/org/apache/pdfbox/pdmodel/interactive/form/AppearanceGeneratorHelper.java,,,,,,,,,,,,,,,,,,,,,,,,,9,155,21,112,23,76,22,57,768,50,63,20,57,12,12,13,1,,,,,,4,,0,20,12,12,13,1
Private Method,"org.apache.pdfbox.pdmodel.interactive.form.AppearanceGeneratorHelper.insertGeneratedCombAppearance(PDAppearanceContentStream,PDAppearanceStream,PDFont,float)",pdfbox/src/main/java/org/apache/pdfbox/pdmodel/interactive/form/AppearanceGeneratorHelper.java,,,,,,,,,,,,,,,,,,,,,,,,,8,52,9,33,14,23,10,16,6,21,25,13,21,4,4,4,1,,,,,,1,,0,30,4,4,4,1
Private Method,"org.apache.pdfbox.pdmodel.interactive.form.AppearanceGeneratorHelper.insertGeneratedListboxAppearance(PDAppearanceContentStream,PDAppearanceStream,PDRectangle,PDFont,float)",pdfbox/src/main/java/org/apache/pdfbox/pdmodel/interactive/form/AppearanceGeneratorHelper.java,,,,,,,,,,,,,,,,,,,,,,,,,12,55,10,45,12,27,0,20,20,22,29,12,26,7,7,8,1,,,,,,2,,0,00,7,7,8,1
Private Method,"org.apache.pdfbox.pdmodel.interactive.form.AppearanceGeneratorHelper.insertGeneratedListboxSelectionHighlight(PDAppearanceContentStream,PDAppearanceStream,PDFont,float)",pdfbox/src/main/java/org/apache/pdfbox/pdmodel/interactive/form/AppearanceGeneratorHelper.java,,,,,,,,,,,,,,,,,,,,,,,,,8,40,6,29,9,19,5,20,6,13,19,10,15,4,4,6,1,,,,,,2,,0,17,4,4,6,1
Private Method,"org.apache.pdfbox.pdmodel.interactive.form.AppearanceGeneratorHelper.isMultiLine()",pdfbox/src/main/java/org/apache/pdfbox/pdmodel/interactive/form/AppearanceGeneratorHelper.java,,,,,,,,,,,,,,,,,,,,,,,,,3,4,0,4,1,1,0,2,1,1,2,1,1,1,1,2,1,,,,,,0,,0,00,1,1,2,1
Private Static Method,"org.apache.pdfbox.pdmodel.interactive.form.AppearanceGeneratorHelper.isValidAppearanceStream(PDAppearanceEntry)",pdfbox/src/main/java/org/apache/pdfbox/pdmodel/interactive/form/AppearanceGeneratorHelper.java,,,,,,,,,,,,,,,,,,,,,,,,,2,17,0,17,2,8,0,7,4,5,9,2,8,4,4,5,4,,,,,,1,,0,00,4,4,5,4
Private Method,"org.apache.pdfbox.pdmodel.interactive.form.AppearanceGeneratorHelper.prepareNormalAppearanceStream(PDAnnotationWidget)",pdfbox/src/main/java/org/apache/pdfbox/pdmodel/interactive/form/AppearanceGeneratorHelper.java,,,,,,,,,,,,,,,,,,,,,,,,,3,23,3,18,8,13,2,22,2,12,14,8,13,2,2,2,1,,,,,,1,,0,11,2,2,2,1
Private Method,"org.apache.pdfbox.pdmodel.interactive.form.AppearanceGeneratorHelper.resolveBoundingBox(PDAnnotationWidget,PDAppearanceStream)",pdfbox/src/main/java/org/apache/pdfbox/pdmodel/interactive/form/AppearanceGeneratorHelper.java,,,,,,,,,,,,,,,,,,,,,,,,,4,17,0,10,3,4,7,4,2,3,5,2,4,2,2,2,1,,,,,,1,,0,70,2,2,2,1
Private Method,"org.apache.pdfbox.pdmodel.interactive.form.AppearanceGeneratorHelper.resolveCapHeight(PDFont)",pdfbox/src/main/java/org/apache/pdfbox/pdmodel/interactive/form/AppearanceGeneratorHelper.java,,,,,,,,,,,,,,,,,,,,,,,,,2,3,0,3,1,1,0,3,1,1,2,1,1,1,1,1,1,,,,,,0,,0,00,1,1,1,1
Private Method,"org.apache.pdfbox.pdmodel.interactive.form.AppearanceGeneratorHelper.resolveDescent(PDFont)",pdfbox/src/main/java/org/apache/pdfbox/pdmodel/interactive/form/AppearanceGeneratorHelper.java,,,,,,,,,,,,,,,,,,,,,,,,,2,3,0,3,1,1,0,3,1,1,2,1,1,1,1,1,1,,,,,,0,,0,00,1,1,1,1
Private Method,"org.apache.pdfbox.pdmodel.interactive.form.AppearanceGeneratorHelper.resolveGlyphHeight(PDFont,int)",pdfbox/src/main/java/org/apache/pdfbox/pdmodel/interactive/form/AppearanceGeneratorHelper.java,,,,,,,,,,,,,,,,,,,,,,,,,5,41,1,31,9,25,9,27,12,18,25,9,20,7,7,7,1,,,,,,3,,0,29,7,7,7,1
Private Method,"org.apache.pdfbox.pdmodel.interactive.form.AppearanceGeneratorHelper.resolveRotation(PDAnnotationWidget)",pdfbox/src/main/java/org/apache/pdfbox/pdmodel/interactive/form/AppearanceGeneratorHelper.java,,,,,,,,,,,,,,,,,,,,,,,,,2,10,0,9,2,4,1,3,2,3,5,2,4,2,2,2,1,,,,,,1,,0,11,2,2,2,1
Private Method,"org.apache.pdfbox.pdmodel.interactive.form.AppearanceGeneratorHelper.setAppearanceContent(PDAnnotationWidget,PDAppearanceStream)",pdfbox/src/main/java/org/apache/pdfbox/pdmodel/interactive/form/AppearanceGeneratorHelper.java,,,,,,,,,,,,,,,,,,,,,,,,,7,47,4,31,6,17,12,13,4,12,16,5,15,3,3,3,1,,,,,,2,,0,39,3,3,3,1
Public Method,"org.apache.pdfbox.pdmodel.interactive.form.AppearanceGeneratorHelper.setAppearanceValue(String)",pdfbox/src/main/java/org/apache/pdfbox/pdmodel/interactive/form/AppearanceGeneratorHelper.java,,,,,,,,,,,,,,,,,,,,,,,,,10,88,12,53,8,30,23,27,130,22,32,8,28,9,9,11,4,,,,,,2,,0,43,9,9,11,4
Private Method,"org.apache.pdfbox.pdmodel.interactive.form.AppearanceGeneratorHelper.shallComb()",pdfbox/src/main/java/org/apache/pdfbox/pdmodel/interactive/form/AppearanceGeneratorHelper.java,,,,,,,,,,,,,,,,,,,,,,,,,2,20,0,8,1,5,12,5,1,1,2,1,1,1,1,5,1,,,,,,0,,1,50,1,1,5,1
Private Method,"org.apache.pdfbox.pdmodel.interactive.form.AppearanceGeneratorHelper.validateAndEnsureAcroFormResources()",pdfbox/src/main/java/org/apache/pdfbox/pdmodel/interactive/form/AppearanceGeneratorHelper.java,,,,,,,,,,,,,,,,,,,,,,,,,5,47,2,41,8,22,4,13,18,11,21,8,18,8,8,8,5,,,,,,4,,0,10,8,8,8,5
Private Method,"org.apache.pdfbox.pdmodel.interactive.form.AppearanceGeneratorHelper.writeToStream(byte[],PDAppearanceStream)",pdfbox/src/main/java/org/apache/pdfbox/pdmodel/interactive/form/AppearanceGeneratorHelper.java,,,,,,,,,,,,,,,,,,,,,,,,,4,12,0,7,1,2,5,3,1,1,3,1,2,1,1,1,1,,,,,,1,,0,71,1,1,1,1
Class,"org.apache.pdfbox.pdmodel.interactive.form.AppearanceStyle",pdfbox/src/main/java/org/apache/pdfbox/pdmodel/interactive/form/AppearanceStyle.java,1,1,1,1,9,0,4,5,1,1,0,,0,0,,,6,3,6,18,6,0,0,0,,81,7,30,10,9,44,,,10,17,10,7,,,,,1,1,1,1,1,0,61,1,47,6,6,6,6
Method,"org.apache.pdfbox.pdmodel.interactive.form.AppearanceStyle.getFont()",pdfbox/src/main/java/org/apache/pdfbox/pdmodel/interactive/form/AppearanceStyle.java,,,,,,,,,,,,,,,,,,,,,,,,,2,9,0,4,1,1,5,1,1,1,2,1,1,1,1,1,1,,,,,,0,,1,25,1,1,1,1
Method,"org.apache.pdfbox.pdmodel.interactive.form.AppearanceStyle.getFontSize()",pdfbox/src/main/java/org/apache/pdfbox/pdmodel/interactive/form/AppearanceStyle.java,,,,,,,,,,,,,,,,,,,,,,,,,2,9,0,4,1,1,5,1,1,1,2,1,1,1,1,1,1,,,,,,0,,1,25,1,1,1,1
Method,"org.apache.pdfbox.pdmodel.interactive.form.AppearanceStyle.getLeading()",pdfbox/src/main/java/org/apache/pdfbox/pdmodel/interactive/form/AppearanceStyle.java,,,,,,,,,,,,,,,,,,,,,,,,,2,9,0,4,1,1,5,1,1,1,2,1,1,1,1,1,1,,,,,,0,,1,25,1,1,1,1
Method,"org.apache.pdfbox.pdmodel.interactive.form.AppearanceStyle.setFont(PDFont)",pdfbox/src/main/java/org/apache/pdfbox/pdmodel/interactive/form/AppearanceStyle.java,,,,,,,,,,,,,,,,,,,,,,,,,2,9,0,4,1,1,5,1,1,1,2,1,1,1,1,1,1,,,,,,0,,1,25,1,1,1,1
Method,"org.apache.pdfbox.pdmodel.interactive.form.AppearanceStyle.setFontSize(float)",pdfbox/src/main/java/org/apache/pdfbox/pdmodel/interactive/form/AppearanceStyle.java,,,,,,,,,,,,,,,,,,,,,,,,,2,10,0,5,1,2,5,2,1,2,3,1,2,1,1,1,1,,,,,,0,,1,00,1,1,1,1
Method,"org.apache.pdfbox.pdmodel.interactive.form.AppearanceStyle.setLeading(float)",pdfbox/src/main/java/org/apache/pdfbox/pdmodel/interactive/form/AppearanceStyle.java,,,,,,,,,,,,,,,,,,,,,,,,,2,9,0,4,1,1,5,1,1,1,2,1,1,1,1,1,1,,,,,,0,,1,25,1,1,1,1
Class,"org.apache.pdfbox.pdmodel.interactive.form.CombAlignmentTest",pdfbox/src/test/java/org/apache/pdfbox/pdmodel/interactive/form/CombAlignmentTest.java,1,1,1,1,14,0,13,1,1,13,0,,0,4,,,2,0,2,14,2,0,0,0,,42,2,33,12,18,7,,,15,20,10,15,,,,,2,2,2,1,1,2,0,0,21,3,3,3,2
Method,"org.apache.pdfbox.pdmodel.interactive.form.CombAlignmentTest.setUp()",pdfbox/src/test/java/org/apache/pdfbox/pdmodel/interactive/form/CombAlignmentTest.java,,,,,,,,,,,,,,,,,,,,,,,,,1,5,0,5,2,1,0,1,1,1,2,1,1,1,1,1,1,,,,,,0,,0,00,1,1,1,1
Method,"org.apache.pdfbox.pdmodel.interactive.form.CombAlignmentTest.testCombFields()",pdfbox/src/test/java/org/apache/pdfbox/pdmodel/interactive/form/CombAlignmentTest.java,,,,,,,,,,,,,,,,,,,,,,,,,5,23,0,21,5,13,2,10,2,10,13,4,12,2,2,2,1,,,,,,2,,0,10,2,2,2,1
Class,"org.apache.pdfbox.pdmodel.interactive.form.ControlCharacterTest",pdfbox/src/test/java/org/apache/pdfbox/pdmodel/interactive/form/ControlCharacterTest.java,1,1,1,1,9,0,8,0,1,25,0,,1,2,,,6,2,7,19,3,2,0,2,,109,12,65,28,33,35,,,23,31,21,20,,,,,1,1,1,1,1,0,57,0,54,11,11,11,11
Method,"org.apache.pdfbox.pdmodel.interactive.form.ControlCharacterTest.characterNUL()",pdfbox/src/test/java/org/apache/pdfbox/pdmodel/interactive/form/ControlCharacterTest.java,,,,,,,,,,,,,,,,,,,,,,,,,2,6,0,6,3,2,0,2,1,2,3,2,2,1,1,1,1,,,,,,0,,0,00,2,2,2,2
Lambda Method,"org.apache.pdfbox.pdmodel.interactive.form.ControlCharacterTest.characterNUL.(lambda_expr_1)()",pdfbox/src/test/java/org/apache/pdfbox/pdmodel/interactive/form/ControlCharacterTest.java,,,,,,,,,,,,,,,,,,,,,,,,,0,1,0,1,0,1,0,2,1,0,0,0,0,1,1,1,1,,,,,,0,,0,00,1,1,1,1
Method,"org.apache.pdfbox.pdmodel.interactive.form.ControlCharacterTest.characterTAB()",pdfbox/src/test/java/org/apache/pdfbox/pdmodel/interactive/form/ControlCharacterTest.java,,,,,,,,,,,,,,,,,,,,,,,,,2,9,1,8,4,4,0,4,1,4,5,3,4,1,1,1,1,,,,,,0,,0,00,2,2,2,2
Lambda Method,"org.apache.pdfbox.pdmodel.interactive.form.ControlCharacterTest.characterTAB.(lambda_expr_1)(String (inferred))",pdfbox/src/test/java/org/apache/pdfbox/pdmodel/interactive/form/ControlCharacterTest.java,,,,,,,,,,,,,,,,,,,,,,,,,1,1,0,1,0,1,0,2,1,0,0,0,0,1,1,1,1,,,,,,0,,0,00,1,1,1,1
Private Method,"org.apache.pdfbox.pdmodel.interactive.form.ControlCharacterTest.getStringsFromStream(PDField)",pdfbox/src/test/java/org/apache/pdfbox/pdmodel/interactive/form/ControlCharacterTest.java,,,,,,,,,,,,,,,,,,,,,,,,,5,16,2,11,5,8,6,11,1,4,5,4,4,1,1,1,1,,,,,,0,,0,55,3,3,3,3
Lambda Method,"org.apache.pdfbox.pdmodel.interactive.form.ControlCharacterTest.getStringsFromStream.(lambda_expr_1)(Object (inferred))",pdfbox/src/test/java/org/apache/pdfbox/pdmodel/interactive/form/ControlCharacterTest.java,,,,,,,,,,,,,,,,,,,,,,,,,1,1,0,1,0,1,0,1,1,0,0,0,0,1,1,1,1,,,,,,0,,0,00,1,1,1,1
Lambda Method,"org.apache.pdfbox.pdmodel.interactive.form.ControlCharacterTest.getStringsFromStream.(lambda_expr_2)(Object (inferred))",pdfbox/src/test/java/org/apache/pdfbox/pdmodel/interactive/form/ControlCharacterTest.java,,,,,,,,,,,,,,,,,,,,,,,,,1,1,0,1,0,1,0,3,1,0,0,0,0,1,1,1,1,,,,,,0,,0,00,1,1,1,1
Private Static Method,"org.apache.pdfbox.pdmodel.interactive.form.ControlCharacterTest.provideParameters()",pdfbox/src/test/java/org/apache/pdfbox/pdmodel/interactive/form/ControlCharacterTest.java,,,,,,,,,,,,,,,,,,,,,,,,,0,12,0,12,1,9,0,3,1,1,2,1,1,1,1,1,1,,,,,,0,,0,00,1,1,1,1
Public Method,"org.apache.pdfbox.pdmodel.interactive.form.ControlCharacterTest.setUp()",pdfbox/src/test/java/org/apache/pdfbox/pdmodel/interactive/form/ControlCharacterTest.java,,,,,,,,,,,,,,,,,,,,,,,,,3,6,0,6,2,2,0,6,1,2,3,1,2,1,1,1,1,,,,,,0,,0,00,1,1,1,1
Public Method,"org.apache.pdfbox.pdmodel.interactive.form.ControlCharacterTest.tearDown()",pdfbox/src/test/java/org/apache/pdfbox/pdmodel/interactive/form/ControlCharacterTest.java,,,,,,,,,,,,,,,,,,,,,,,,,1,5,0,5,2,1,0,1,1,1,2,1,1,1,1,1,1,,,,,,0,,0,00,1,1,1,1
Method,"org.apache.pdfbox.pdmodel.interactive.form.ControlCharacterTest.testCharacter(String,String)",pdfbox/src/test/java/org/apache/pdfbox/pdmodel/interactive/form/ControlCharacterTest.java,,,,,,,,,,,,,,,,,,,,,,,,,3,12,2,10,6,5,0,4,1,5,6,4,5,1,1,1,1,,,,,,0,,0,00,1,1,1,1
Public Final Class,"org.apache.pdfbox.pdmodel.interactive.form.FieldUtils",pdfbox/src/main/java/org/apache/pdfbox/pdmodel/interactive/form/FieldUtils.java,2,2,3,1,18,0,10,7,1,9,0,,4,2,,,1,0,5,17,4,1,0,0,,141,11,82,20,30,48,,,26,46,21,30,,,,,8,8,10,3,1,4,0,0,59,13,13,15,7
Private Constructor,"org.apache.pdfbox.pdmodel.interactive.form.FieldUtils.FieldUtils()",pdfbox/src/main/java/org/apache/pdfbox/pdmodel/interactive/form/FieldUtils.java,,,,,,,,,,,,,,,,,,,,,,,,,0,6,0,3,1,0,3,1,1,0,1,1,0,1,1,1,1,,,,,,0,,1,00,1,1,1,1
Static Class,"org.apache.pdfbox.pdmodel.interactive.form.FieldUtils.KeyValue",pdfbox/src/main/java/org/apache/pdfbox/pdmodel/interactive/form/FieldUtils.java,1,1,1,1,4,0,4,0,1,2,0,,0,0,,,4,2,4,16,1,0,0,3,,35,4,23,8,5,8,,,7,12,7,5,,,,,1,1,1,1,1,0,25,0,35,4,4,4,4
Constructor,"org.apache.pdfbox.pdmodel.interactive.form.FieldUtils.KeyValue.KeyValue(String,String)",pdfbox/src/main/java/org/apache/pdfbox/pdmodel/interactive/form/FieldUtils.java,,,,,,,,,,,,,,,,,,,,,,,,,2,5,0,5,1,2,0,3,1,2,3,1,2,1,1,1,1,,,,,,0,,0,00,1,1,1,1
Public Method,"org.apache.pdfbox.pdmodel.interactive.form.FieldUtils.KeyValue.getKey()",pdfbox/src/main/java/org/apache/pdfbox/pdmodel/interactive/form/FieldUtils.java,,,,,,,,,,,,,,,,,,,,,,,,,2,4,0,4,1,1,0,1,1,1,2,1,1,1,1,1,1,,,,,,0,,0,00,1,1,1,1
Public Method,"org.apache.pdfbox.pdmodel.interactive.form.FieldUtils.KeyValue.getValue()",pdfbox/src/main/java/org/apache/pdfbox/pdmodel/interactive/form/FieldUtils.java,,,,,,,,,,,,,,,,,,,,,,,,,2,4,0,4,1,1,0,1,1,1,2,1,1,1,1,1,1,,,,,,0,,0,00,1,1,1,1
Public Method,"org.apache.pdfbox.pdmodel.interactive.form.FieldUtils.KeyValue.toString()",pdfbox/src/main/java/org/apache/pdfbox/pdmodel/interactive/form/FieldUtils.java,,,,,,,,,,,,,,,,,,,,,,,,,2,5,0,5,2,1,0,1,1,1,2,1,1,1,1,1,1,,,,,,0,,0,00,1,1,1,1
Static Method,"org.apache.pdfbox.pdmodel.interactive.form.FieldUtils.getPairableItems(COSBase,int)",pdfbox/src/main/java/org/apache/pdfbox/pdmodel/interactive/form/FieldUtils.java,,,,,,,,,,,,,,,,,,,,,,,,,4,52,1,34,4,17,17,9,14,10,19,5,16,8,8,10,3,,,,,,4,,0,50,8,8,10,3
Static Method,"org.apache.pdfbox.pdmodel.interactive.form.FieldUtils.sortByKey(List<KeyValue>)",pdfbox/src/main/java/org/apache/pdfbox/pdmodel/interactive/form/FieldUtils.java,,,,,,,,,,,,,,,,,,,,,,,,,2,9,0,4,1,1,5,1,1,1,2,1,1,1,1,1,1,,,,,,0,,1,25,1,1,1,1
Static Method,"org.apache.pdfbox.pdmodel.interactive.form.FieldUtils.sortByValue(List<KeyValue>)",pdfbox/src/main/java/org/apache/pdfbox/pdmodel/interactive/form/FieldUtils.java,,,,,,,,,,,,,,,,,,,,,,,,,3,9,0,4,1,1,5,1,1,1,2,1,1,1,1,1,1,,,,,,0,,1,25,1,1,1,1
Static Method,"org.apache.pdfbox.pdmodel.interactive.form.FieldUtils.toKeyValueList(List<String>,List<String>)",pdfbox/src/main/java/org/apache/pdfbox/pdmodel/interactive/form/FieldUtils.java,,,,,,,,,,,,,,,,,,,,,,,,,3,16,0,9,2,4,7,5,2,5,7,3,5,2,2,2,1,,,,,,1,,0,78,2,2,2,1
Class,"org.apache.pdfbox.pdmodel.interactive.form.HandleDifferentDALevelsTest",pdfbox/src/test/java/org/apache/pdfbox/pdmodel/interactive/form/HandleDifferentDALevelsTest.java,1,1,1,1,11,0,10,0,1,20,0,,0,3,,,7,2,7,19,3,2,0,2,,96,13,80,36,41,3,,,39,54,34,39,,,,,3,3,3,1,1,1,57,0,04,12,12,12,7
Method,"org.apache.pdfbox.pdmodel.interactive.form.HandleDifferentDALevelsTest.checkDifferentLayout()",pdfbox/src/test/java/org/apache/pdfbox/pdmodel/interactive/form/HandleDifferentDALevelsTest.java,,,,,,,,,,,,,,,,,,,,,,,,,1,14,0,14,8,8,0,10,2,7,10,8,7,3,3,3,1,,,,,,1,,0,00,3,3,3,1
Method,"org.apache.pdfbox.pdmodel.interactive.form.HandleDifferentDALevelsTest.checkSameLayout()",pdfbox/src/test/java/org/apache/pdfbox/pdmodel/interactive/form/HandleDifferentDALevelsTest.java,,,,,,,,,,,,,,,,,,,,,,,,,1,12,0,12,6,6,0,9,2,5,8,6,6,2,2,2,1,,,,,,1,,0,00,2,2,2,1
Method,"org.apache.pdfbox.pdmodel.interactive.form.HandleDifferentDALevelsTest.checkSingleAnnotation()",pdfbox/src/test/java/org/apache/pdfbox/pdmodel/interactive/form/HandleDifferentDALevelsTest.java,,,,,,,,,,,,,,,,,,,,,,,,,1,12,0,12,6,6,0,9,2,5,8,6,6,2,2,2,1,,,,,,1,,0,00,2,2,2,1
Private Method,"org.apache.pdfbox.pdmodel.interactive.form.HandleDifferentDALevelsTest.getFontSettingFromDA(PDAnnotationWidget)",pdfbox/src/test/java/org/apache/pdfbox/pdmodel/interactive/form/HandleDifferentDALevelsTest.java,,,,,,,,,,,,,,,,,,,,,,,,,3,9,0,9,2,4,0,5,2,3,5,2,4,2,2,2,1,,,,,,1,,0,00,2,2,2,1
Private Method,"org.apache.pdfbox.pdmodel.interactive.form.HandleDifferentDALevelsTest.getFontSettingFromDA(PDTextField)",pdfbox/src/test/java/org/apache/pdfbox/pdmodel/interactive/form/HandleDifferentDALevelsTest.java,,,,,,,,,,,,,,,,,,,,,,,,,4,6,0,5,2,2,1,4,1,2,3,2,2,1,1,1,1,,,,,,0,,0,20,1,1,1,1
Public Method,"org.apache.pdfbox.pdmodel.interactive.form.HandleDifferentDALevelsTest.setUp()",pdfbox/src/test/java/org/apache/pdfbox/pdmodel/interactive/form/HandleDifferentDALevelsTest.java,,,,,,,,,,,,,,,,,,,,,,,,,5,21,5,15,4,11,1,10,1,11,12,3,11,1,1,1,1,,,,,,0,,0,07,1,1,1,1
Public Method,"org.apache.pdfbox.pdmodel.interactive.form.HandleDifferentDALevelsTest.tearDown()",pdfbox/src/test/java/org/apache/pdfbox/pdmodel/interactive/form/HandleDifferentDALevelsTest.java,,,,,,,,,,,,,,,,,,,,,,,,,1,5,0,5,2,1,0,1,1,1,2,1,1,1,1,1,1,,,,,,0,,0,00,1,1,1,1
Class,"org.apache.pdfbox.pdmodel.interactive.form.MultilineFieldsTest",pdfbox/src/test/java/org/apache/pdfbox/pdmodel/interactive/form/MultilineFieldsTest.java,2,2,2,1,21,3,17,0,1,23,0,,0,4,,,7,2,7,19,3,2,0,2,,174,36,132,45,85,6,,,80,96,40,82,,,,,4,4,6,4,1,3,64,0,05,14,14,16,10
Method,"org.apache.pdfbox.pdmodel.interactive.form.MultilineFieldsTest.fillFields()",pdfbox/src/test/java/org/apache/pdfbox/pdmodel/interactive/form/MultilineFieldsTest.java,,,,,,,,,,,,,,,,,,,,,,,,,7,48,12,34,4,28,2,7,2,27,29,3,28,2,2,2,1,,,,,,1,,0,06,2,2,2,1
Private Method,"org.apache.pdfbox.pdmodel.interactive.form.MultilineFieldsTest.getFontSizeFromAppearanceStream(PDField)",pdfbox/src/test/java/org/apache/pdfbox/pdmodel/interactive/form/MultilineFieldsTest.java,,,,,,,,,,,,,,,,,,,,,,,,,2,21,2,19,4,10,0,9,4,7,11,4,10,4,4,6,4,,,,,,3,,0,00,4,4,6,4
Private Method,"org.apache.pdfbox.pdmodel.interactive.form.MultilineFieldsTest.getTextLinesFromAppearanceStream(PDField)",pdfbox/src/test/java/org/apache/pdfbox/pdmodel/interactive/form/MultilineFieldsTest.java,,,,,,,,,,,,,,,,,,,,,,,,,2,19,3,16,5,9,0,9,3,7,10,5,9,3,3,3,1,,,,,,2,,0,00,3,3,3,1
Public Method,"org.apache.pdfbox.pdmodel.interactive.form.MultilineFieldsTest.setUp()",pdfbox/src/test/java/org/apache/pdfbox/pdmodel/interactive/form/MultilineFieldsTest.java,,,,,,,,,,,,,,,,,,,,,,,,,4,7,0,7,2,3,0,7,1,3,4,1,3,1,1,1,1,,,,,,0,,0,00,1,1,1,1
Public Method,"org.apache.pdfbox.pdmodel.interactive.form.MultilineFieldsTest.tearDown()",pdfbox/src/test/java/org/apache/pdfbox/pdmodel/interactive/form/MultilineFieldsTest.java,,,,,,,,,,,,,,,,,,,,,,,,,1,5,0,5,2,1,0,1,1,1,2,1,1,1,1,1,1,,,,,,0,,0,00,1,1,1,1
Method,"org.apache.pdfbox.pdmodel.interactive.form.MultilineFieldsTest.testMultilineAuto()",pdfbox/src/test/java/org/apache/pdfbox/pdmodel/interactive/form/MultilineFieldsTest.java,,,,,,,,,,,,,,,,,,,,,,,,,1,29,6,22,12,18,1,8,1,18,19,11,18,1,1,1,1,,,,,,0,,0,05,1,1,1,1
Method,"org.apache.pdfbox.pdmodel.interactive.form.MultilineFieldsTest.testMultilineBreak()",pdfbox/src/test/java/org/apache/pdfbox/pdmodel/interactive/form/MultilineFieldsTest.java,,,,,,,,,,,,,,,,,,,,,,,,,1,21,1,19,8,11,1,12,2,11,14,8,11,2,2,2,1,,,,,,2,,0,05,2,2,2,1
Public Final Class,"org.apache.pdfbox.pdmodel.interactive.form.PDAcroForm",pdfbox/src/main/java/org/apache/pdfbox/pdmodel/interactive/form/PDAcroForm.java,2,2,2,1,16,0,9,5,2,47,0,,0,3,,,41,4,41,53,1,6,0,34,,722,75,398,88,173,249,,,131,229,101,162,,,,,10,10,12,4,1,4,79,0,63,84,84,90,48
Public Constructor,"org.apache.pdfbox.pdmodel.interactive.form.PDAcroForm.PDAcroForm(PDDocument)",pdfbox/src/main/java/org/apache/pdfbox/pdmodel/interactive/form/PDAcroForm.java,,,,,,,,,,,,,,,,,,,,,,,,,28,11,0,6,1,3,5,6,1,3,4,1,3,1,1,1,1,,,,,,0,,0,83,1,1,1,1
Public Constructor,"org.apache.pdfbox.pdmodel.interactive.form.PDAcroForm.PDAcroForm(PDDocument,COSDictionary)",pdfbox/src/main/java/org/apache/pdfbox/pdmodel/interactive/form/PDAcroForm.java,,,,,,,,,,,,,,,,,,,,,,,,,4,11,0,5,1,2,6,3,1,2,3,1,2,1,1,1,1,,,,,,0,,1,20,1,1,1,1
Private Method,"org.apache.pdfbox.pdmodel.interactive.form.PDAcroForm.buildPagesWidgetsMap(List<PDField>)",pdfbox/src/main/java/org/apache/pdfbox/pdmodel/interactive/form/PDAcroForm.java,,,,,,,,,,,,,,,,,,,,,,,,,4,43,4,37,5,18,2,8,20,10,22,9,16,8,8,8,1,,,,,,3,,0,05,8,8,8,1
Public Method,"org.apache.pdfbox.pdmodel.interactive.form.PDAcroForm.exportFDF()",pdfbox/src/main/java/org/apache/pdfbox/pdmodel/interactive/form/PDAcroForm.java,,,,,,,,,,,,,,,,,,,,,,,,,3,28,3,19,6,12,6,14,4,10,14,7,12,3,3,3,1,,,,,,1,,0,32,3,3,3,1
Private Method,"org.apache.pdfbox.pdmodel.interactive.form.PDAcroForm.fillPagesAnnotationMap(Map<COSDictionary,Set<COSDictionary>>,PDPage,PDAnnotationWidget)",pdfbox/src/main/java/org/apache/pdfbox/pdmodel/interactive/form/PDAcroForm.java,,,,,,,,,,,,,,,,,,,,,,,,,4,15,0,15,4,7,0,6,2,5,7,3,6,2,2,2,1,,,,,,1,,0,00,2,2,2,1
Public Method,"org.apache.pdfbox.pdmodel.interactive.form.PDAcroForm.flatten()",pdfbox/src/main/java/org/apache/pdfbox/pdmodel/interactive/form/PDAcroForm.java,,,,,,,,,,,,,,,,,,,,,,,,,6,30,1,14,2,7,15,6,3,5,9,3,7,3,3,3,1,,,,,,1,,1,07,3,3,3,1
Public Method,"org.apache.pdfbox.pdmodel.interactive.form.PDAcroForm.flatten(List<PDField>,boolean)",pdfbox/src/main/java/org/apache/pdfbox/pdmodel/interactive/form/PDAcroForm.java,,,,,,,,,,,,,,,,,,,,,,,,,11,102,16,59,8,36,27,29,43,23,36,10,32,10,10,12,3,,,,,,4,,0,46,10,10,12,3
Public Method,"org.apache.pdfbox.pdmodel.interactive.form.PDAcroForm.getCOSObject()",pdfbox/src/main/java/org/apache/pdfbox/pdmodel/interactive/form/PDAcroForm.java,,,,,,,,,,,,,,,,,,,,,,,,,14,5,0,5,2,1,0,1,1,1,2,1,1,1,1,1,1,,,,,,0,,0,00,1,1,1,1
Public Method,"org.apache.pdfbox.pdmodel.interactive.form.PDAcroForm.getDefaultAppearance()",pdfbox/src/main/java/org/apache/pdfbox/pdmodel/interactive/form/PDAcroForm.java,,,,,,,,,,,,,,,,,,,,,,,,,6,9,0,4,1,1,5,2,1,1,2,1,1,1,1,1,1,,,,,,0,,1,25,1,1,1,1
Public Method,"org.apache.pdfbox.pdmodel.interactive.form.PDAcroForm.getDefaultResources()",pdfbox/src/main/java/org/apache/pdfbox/pdmodel/interactive/form/PDAcroForm.java,,,,,,,,,,,,,,,,,,,,,,,,,15,10,0,5,2,2,5,4,1,2,3,2,2,2,2,2,1,,,,,,0,,1,00,2,2,2,1
Method,"org.apache.pdfbox.pdmodel.interactive.form.PDAcroForm.getDocument()",pdfbox/src/main/java/org/apache/pdfbox/pdmodel/interactive/form/PDAcroForm.java,,,,,,,,,,,,,,,,,,,,,,,,,2,9,0,4,1,1,5,1,1,1,2,1,1,1,1,1,1,,,,,,0,,1,25,1,1,1,1
Public Method,"org.apache.pdfbox.pdmodel.interactive.form.PDAcroForm.getField(String)",pdfbox/src/main/java/org/apache/pdfbox/pdmodel/interactive/form/PDAcroForm.java,,,,,,,,,,,,,,,,,,,,,,,,,67,25,2,15,1,6,8,5,4,3,8,2,6,4,4,4,4,,,,,,2,,0,53,4,4,4,4
Public Method,"org.apache.pdfbox.pdmodel.interactive.form.PDAcroForm.getFieldIterator()",pdfbox/src/main/java/org/apache/pdfbox/pdmodel/interactive/form/PDAcroForm.java,,,,,,,,,,,,,,,,,,,,,,,,,1,7,0,4,1,1,3,3,1,1,2,1,1,1,1,1,1,,,,,,0,,0,75,1,1,1,1
Public Method,"org.apache.pdfbox.pdmodel.interactive.form.PDAcroForm.getFieldTree()",pdfbox/src/main/java/org/apache/pdfbox/pdmodel/interactive/form/PDAcroForm.java,,,,,,,,,,,,,,,,,,,,,,,,,14,7,0,4,1,1,3,2,1,1,2,1,1,1,1,1,1,,,,,,0,,0,75,1,1,1,1
Public Method,"org.apache.pdfbox.pdmodel.interactive.form.PDAcroForm.getFields()",pdfbox/src/main/java/org/apache/pdfbox/pdmodel/interactive/form/PDAcroForm.java,,,,,,,,,,,,,,,,,,,,,,,,,36,35,0,22,5,11,13,9,5,9,14,6,12,5,5,5,1,,,,,,3,,0,59,5,5,5,1
Public Method,"org.apache.pdfbox.pdmodel.interactive.form.PDAcroForm.getNeedAppearances()",pdfbox/src/main/java/org/apache/pdfbox/pdmodel/interactive/form/PDAcroForm.java,,,,,,,,,,,,,,,,,,,,,,,,,8,10,0,4,1,1,6,2,1,1,2,1,1,1,1,1,1,,,,,,0,,1,50,1,1,1,1
Public Method,"org.apache.pdfbox.pdmodel.interactive.form.PDAcroForm.getQ()",pdfbox/src/main/java/org/apache/pdfbox/pdmodel/interactive/form/PDAcroForm.java,,,,,,,,,,,,,,,,,,,,,,,,,2,15,0,4,1,1,11,2,1,1,2,1,1,1,1,1,1,,,,,,0,,2,75,1,1,1,1
Public Method,"org.apache.pdfbox.pdmodel.interactive.form.PDAcroForm.getScriptingHandler()",pdfbox/src/main/java/org/apache/pdfbox/pdmodel/interactive/form/PDAcroForm.java,,,,,,,,,,,,,,,,,,,,,,,,,2,9,0,4,1,1,5,1,1,1,2,1,1,1,1,1,1,,,,,,0,,1,25,1,1,1,1
Private Method,"org.apache.pdfbox.pdmodel.interactive.form.PDAcroForm.getTransformedAppearanceBBox(PDAppearanceStream)",pdfbox/src/main/java/org/apache/pdfbox/pdmodel/interactive/form/PDAcroForm.java,,,,,,,,,,,,,,,,,,,,,,,,,2,16,0,7,4,4,9,5,1,4,5,4,4,1,1,1,1,,,,,,0,,1,29,1,1,1,1
Public Method,"org.apache.pdfbox.pdmodel.interactive.form.PDAcroForm.getXFA()",pdfbox/src/main/java/org/apache/pdfbox/pdmodel/interactive/form/PDAcroForm.java,,,,,,,,,,,,,,,,,,,,,,,,,2,10,0,5,2,2,5,3,1,2,3,2,2,2,2,2,1,,,,,,0,,1,00,2,2,2,1
Public Method,"org.apache.pdfbox.pdmodel.interactive.form.PDAcroForm.hasXFA()",pdfbox/src/main/java/org/apache/pdfbox/pdmodel/interactive/form/PDAcroForm.java,,,,,,,,,,,,,,,,,,,,,,,,,3,9,0,4,1,1,5,2,1,1,2,1,1,1,1,1,1,,,,,,0,,1,25,1,1,1,1
Public Method,"org.apache.pdfbox.pdmodel.interactive.form.PDAcroForm.importFDF(FDFDocument)",pdfbox/src/main/java/org/apache/pdfbox/pdmodel/interactive/form/PDAcroForm.java,,,,,,,,,,,,,,,,,,,,,,,,,4,24,0,16,4,7,8,6,4,4,9,5,6,4,4,4,1,,,,,,3,,0,50,4,4,4,1
Public Method,"org.apache.pdfbox.pdmodel.interactive.form.PDAcroForm.isAppendOnly()",pdfbox/src/main/java/org/apache/pdfbox/pdmodel/interactive/form/PDAcroForm.java,,,,,,,,,,,,,,,,,,,,,,,,,4,9,0,4,1,1,5,2,1,1,2,1,1,1,1,1,1,,,,,,0,,1,25,1,1,1,1
Public Method,"org.apache.pdfbox.pdmodel.interactive.form.PDAcroForm.isCachingFields()",pdfbox/src/main/java/org/apache/pdfbox/pdmodel/interactive/form/PDAcroForm.java,,,,,,,,,,,,,,,,,,,,,,,,,1,9,0,4,1,1,5,1,1,1,2,1,1,1,1,1,1,,,,,,0,,1,25,1,1,1,1
Public Method,"org.apache.pdfbox.pdmodel.interactive.form.PDAcroForm.isSignaturesExist()",pdfbox/src/main/java/org/apache/pdfbox/pdmodel/interactive/form/PDAcroForm.java,,,,,,,,,,,,,,,,,,,,,,,,,4,9,0,4,1,1,5,2,1,1,2,1,1,1,1,1,1,,,,,,0,,1,25,1,1,1,1
Private Method,"org.apache.pdfbox.pdmodel.interactive.form.PDAcroForm.isVisibleAnnotation(PDAnnotation)",pdfbox/src/main/java/org/apache/pdfbox/pdmodel/interactive/form/PDAcroForm.java,,,,,,,,,,,,,,,,,,,,,,,,,2,14,0,14,3,7,0,7,3,5,8,3,7,3,3,6,3,,,,,,1,,0,00,3,3,6,3
Public Method,"org.apache.pdfbox.pdmodel.interactive.form.PDAcroForm.refreshAppearances()",pdfbox/src/main/java/org/apache/pdfbox/pdmodel/interactive/form/PDAcroForm.java,,,,,,,,,,,,,,,,,,,,,,,,,2,16,0,10,1,3,6,2,3,1,5,2,3,3,3,3,1,,,,,,2,,0,60,3,3,3,1
Public Method,"org.apache.pdfbox.pdmodel.interactive.form.PDAcroForm.refreshAppearances(List<PDField>)",pdfbox/src/main/java/org/apache/pdfbox/pdmodel/interactive/form/PDAcroForm.java,,,,,,,,,,,,,,,,,,,,,,,,,2,17,0,10,1,3,7,1,3,1,5,2,3,3,3,3,1,,,,,,2,,0,70,3,3,3,1
Private Method,"org.apache.pdfbox.pdmodel.interactive.form.PDAcroForm.removeFields(List<PDField>)",pdfbox/src/main/java/org/apache/pdfbox/pdmodel/interactive/form/PDAcroForm.java,,,,,,,,,,,,,,,,,,,,,,,,,5,18,0,16,2,6,2,4,3,4,8,3,5,3,3,3,1,,,,,,2,,0,12,3,3,3,1
Private Method,"org.apache.pdfbox.pdmodel.interactive.form.PDAcroForm.resolveTransformationMatrix(PDAnnotation,PDAppearanceStream)",pdfbox/src/main/java/org/apache/pdfbox/pdmodel/interactive/form/PDAcroForm.java,,,,,,,,,,,,,,,,,,,,,,,,,3,12,1,9,4,6,2,14,1,6,7,4,6,1,1,1,1,,,,,,0,,0,22,1,1,1,1
Public Method,"org.apache.pdfbox.pdmodel.interactive.form.PDAcroForm.setAppendOnly(boolean)",pdfbox/src/main/java/org/apache/pdfbox/pdmodel/interactive/form/PDAcroForm.java,,,,,,,,,,,,,,,,,,,,,,,,,7,9,0,4,1,1,5,1,1,1,2,1,1,1,1,1,1,,,,,,0,,1,25,1,1,1,1
Public Method,"org.apache.pdfbox.pdmodel.interactive.form.PDAcroForm.setCacheFields(boolean)",pdfbox/src/main/java/org/apache/pdfbox/pdmodel/interactive/form/PDAcroForm.java,,,,,,,,,,,,,,,,,,,,,,,,,4,24,1,15,1,6,8,5,3,3,7,2,5,3,3,3,1,,,,,,2,,0,53,3,3,3,1
Public Method,"org.apache.pdfbox.pdmodel.interactive.form.PDAcroForm.setDefaultAppearance(String)",pdfbox/src/main/java/org/apache/pdfbox/pdmodel/interactive/form/PDAcroForm.java,,,,,,,,,,,,,,,,,,,,,,,,,10,9,0,4,1,1,5,1,1,1,2,1,1,1,1,1,1,,,,,,0,,1,25,1,1,1,1
Public Method,"org.apache.pdfbox.pdmodel.interactive.form.PDAcroForm.setDefaultResources(PDResources)",pdfbox/src/main/java/org/apache/pdfbox/pdmodel/interactive/form/PDAcroForm.java,,,,,,,,,,,,,,,,,,,,,,,,,12,9,0,4,1,1,5,1,1,1,2,1,1,1,1,1,1,,,,,,0,,1,25,1,1,1,1
Public Method,"org.apache.pdfbox.pdmodel.interactive.form.PDAcroForm.setFields(List<PDField>)",pdfbox/src/main/java/org/apache/pdfbox/pdmodel/interactive/form/PDAcroForm.java,,,,,,,,,,,,,,,,,,,,,,,,,6,9,0,4,1,1,5,2,1,1,2,1,1,1,1,1,1,,,,,,0,,1,25,1,1,1,1
Public Method,"org.apache.pdfbox.pdmodel.interactive.form.PDAcroForm.setNeedAppearances(Boolean)",pdfbox/src/main/java/org/apache/pdfbox/pdmodel/interactive/form/PDAcroForm.java,,,,,,,,,,,,,,,,,,,,,,,,,6,10,0,4,1,1,6,1,1,1,2,1,1,1,1,1,1,,,,,,0,,1,50,1,1,1,1
Public Method,"org.apache.pdfbox.pdmodel.interactive.form.PDAcroForm.setQ(int)",pdfbox/src/main/java/org/apache/pdfbox/pdmodel/interactive/form/PDAcroForm.java,,,,,,,,,,,,,,,,,,,,,,,,,3,10,0,4,1,1,6,1,1,1,2,1,1,1,1,1,1,,,,,,0,,1,50,1,1,1,1
Public Method,"org.apache.pdfbox.pdmodel.interactive.form.PDAcroForm.setScriptingHandler(ScriptingHandler)",pdfbox/src/main/java/org/apache/pdfbox/pdmodel/interactive/form/PDAcroForm.java,,,,,,,,,,,,,,,,,,,,,,,,,1,9,0,4,1,1,5,1,1,1,2,1,1,1,1,1,1,,,,,,0,,1,25,1,1,1,1
Public Method,"org.apache.pdfbox.pdmodel.interactive.form.PDAcroForm.setSignaturesExist(boolean)",pdfbox/src/main/java/org/apache/pdfbox/pdmodel/interactive/form/PDAcroForm.java,,,,,,,,,,,,,,,,,,,,,,,,,7,9,0,4,1,1,5,1,1,1,2,1,1,1,1,1,1,,,,,,0,,1,25,1,1,1,1
Public Method,"org.apache.pdfbox.pdmodel.interactive.form.PDAcroForm.setXFA(PDXFAResource)",pdfbox/src/main/java/org/apache/pdfbox/pdmodel/interactive/form/PDAcroForm.java,,,,,,,,,,,,,,,,,,,,,,,,,3,9,0,4,1,1,5,1,1,1,2,1,1,1,1,1,1,,,,,,0,,1,25,1,1,1,1
Public Method,"org.apache.pdfbox.pdmodel.interactive.form.PDAcroForm.xfaIsDynamic()",pdfbox/src/main/java/org/apache/pdfbox/pdmodel/interactive/form/PDAcroForm.java,,,,,,,,,,,,,,,,,,,,,,,,,3,9,0,4,1,1,5,4,1,1,2,1,1,1,1,2,1,,,,,,0,,1,25,1,1,2,1
Class,"org.apache.pdfbox.pdmodel.interactive.form.PDAcroFormFlattenTest",pdfbox/src/test/java/org/apache/pdfbox/pdmodel/interactive/form/PDAcroFormFlattenTest.java,1,1,1,1,25,4,15,7,1,25,0,,5,2,,,3,0,8,20,4,4,0,0,,243,42,128,50,66,86,,,53,69,32,55,,,,,2,2,2,1,1,2,0,0,67,12,12,13,9
Private Static Method,"org.apache.pdfbox.pdmodel.interactive.form.PDAcroFormFlattenTest.flattenAndCompare(String,String)",pdfbox/src/test/java/org/apache/pdfbox/pdmodel/interactive/form/PDAcroFormFlattenTest.java,,,,,,,,,,,,,,,,,,,,,,,,,5,29,3,24,3,15,2,16,2,11,14,3,13,2,2,2,1,,,,,,1,,0,08,2,2,2,1
Method,"org.apache.pdfbox.pdmodel.interactive.form.PDAcroFormFlattenTest.flattenSingleField()",pdfbox/src/test/java/org/apache/pdfbox/pdmodel/interactive/form/PDAcroFormFlattenTest.java,,,,,,,,,,,,,,,,,,,,,,,,,0,23,4,15,9,11,4,13,1,11,12,8,10,1,1,1,1,,,,,,0,,0,27,1,1,1,1
Method,"org.apache.pdfbox.pdmodel.interactive.form.PDAcroFormFlattenTest.flattenTestPDFBOX5254()",pdfbox/src/test/java/org/apache/pdfbox/pdmodel/interactive/form/PDAcroFormFlattenTest.java,,,,,,,,,,,,,,,,,,,,,,,,,3,34,3,29,6,19,3,16,2,13,16,5,13,2,2,2,1,,,,,,1,,0,10,2,2,2,1
Private Static Method,"org.apache.pdfbox.pdmodel.interactive.form.PDAcroFormFlattenTest.generateSamples(String,String)",pdfbox/src/test/java/org/apache/pdfbox/pdmodel/interactive/form/PDAcroFormFlattenTest.java,,,,,,,,,,,,,,,,,,,,,,,,,5,20,3,17,7,10,1,10,2,10,13,8,10,2,2,2,1,,,,,,2,,0,06,2,2,2,1
Private Static Method,"org.apache.pdfbox.pdmodel.interactive.form.PDAcroFormFlattenTest.getFromUrl(String,String)",pdfbox/src/test/java/org/apache/pdfbox/pdmodel/interactive/form/PDAcroFormFlattenTest.java,,,,,,,,,,,,,,,,,,,,,,,,,5,7,0,7,1,2,0,5,1,1,3,1,2,1,1,1,1,,,,,,1,,0,00,1,1,1,1
Private Static Method,"org.apache.pdfbox.pdmodel.interactive.form.PDAcroFormFlattenTest.removeAllRenditions(File)",pdfbox/src/test/java/org/apache/pdfbox/pdmodel/interactive/form/PDAcroFormFlattenTest.java,,,,,,,,,,,,,,,,,,,,,,,,,5,8,1,7,3,4,0,4,1,2,3,2,2,1,1,1,1,,,,,,0,,0,00,2,2,3,2
Lambda Method,"org.apache.pdfbox.pdmodel.interactive.form.PDAcroFormFlattenTest.removeAllRenditions.(lambda_expr_1)(File,String)",pdfbox/src/test/java/org/apache/pdfbox/pdmodel/interactive/form/PDAcroFormFlattenTest.java,,,,,,,,,,,,,,,,,,,,,,,,,2,2,0,2,0,2,0,5,1,0,0,0,0,1,1,2,1,,,,,,0,,0,00,1,1,2,1
Static Method,"org.apache.pdfbox.pdmodel.interactive.form.PDAcroFormFlattenTest.setUp()",pdfbox/src/test/java/org/apache/pdfbox/pdmodel/interactive/form/PDAcroFormFlattenTest.java,,,,,,,,,,,,,,,,,,,,,,,,,2,6,0,6,2,2,0,1,1,2,3,1,2,1,1,1,1,,,,,,0,,0,00,1,1,1,1
Method,"org.apache.pdfbox.pdmodel.interactive.form.PDAcroFormFlattenTest.testFlatten(String,String)",pdfbox/src/test/java/org/apache/pdfbox/pdmodel/interactive/form/PDAcroFormFlattenTest.java,,,,,,,,,,,,,,,,,,,,,,,,,2,75,19,17,15,1,50,1,1,1,2,1,1,1,1,1,1,,,,,,0,,2,94,1,1,1,1
Class,"org.apache.pdfbox.pdmodel.interactive.form.PDAcroFormFromAnnotsTest",pdfbox/src/test/java/org/apache/pdfbox/pdmodel/interactive/form/PDAcroFormFromAnnotsTest.java,1,1,1,1,35,3,23,10,1,22,0,,0,0,,,7,0,7,19,7,0,0,0,,279,36,177,72,99,77,,,78,108,66,80,,,,,3,3,3,1,1,3,0,0,44,17,17,17,11
Class,"org.apache.pdfbox.pdmodel.interactive.form.PDAcroFormFromAnnotsTest.CreateFieldsFixup",pdfbox/src/test/java/org/apache/pdfbox/pdmodel/interactive/form/PDAcroFormFromAnnotsTest.java,1,1,1,1,4,0,4,0,1,3,0,,0,0,,,2,0,2,15,1,0,0,1,,13,2,11,4,2,0,,,2,5,3,2,,,,,1,1,1,1,2,0,0,0,00,2,2,2,2
Constructor,"org.apache.pdfbox.pdmodel.interactive.form.PDAcroFormFromAnnotsTest.CreateFieldsFixup.CreateFieldsFixup(PDDocument)",pdfbox/src/test/java/org/apache/pdfbox/pdmodel/interactive/form/PDAcroFormFromAnnotsTest.java,,,,,,,,,,,,,,,,,,,,,,,,,4,4,0,4,1,1,0,2,1,1,2,1,1,1,1,1,1,,,,,,0,,0,00,1,1,1,1
Public Method,"org.apache.pdfbox.pdmodel.interactive.form.PDAcroFormFromAnnotsTest.CreateFieldsFixup.apply()",pdfbox/src/test/java/org/apache/pdfbox/pdmodel/interactive/form/PDAcroFormFromAnnotsTest.java,,,,,,,,,,,,,,,,,,,,,,,,,1,5,1,4,2,1,0,2,1,1,2,1,1,1,1,1,1,,,,,,0,,0,00,1,1,1,1
Method,"org.apache.pdfbox.pdmodel.interactive.form.PDAcroFormFromAnnotsTest.testFromAnnots3891CreateFields()",pdfbox/src/test/java/org/apache/pdfbox/pdmodel/interactive/form/PDAcroFormFromAnnotsTest.java,,,,,,,,,,,,,,,,,,,,,,,,,3,50,7,32,12,20,13,20,4,16,23,13,17,3,3,3,1,,,,,,2,,0,41,4,4,4,2
Lambda Method,"org.apache.pdfbox.pdmodel.interactive.form.PDAcroFormFromAnnotsTest.testFromAnnots3891CreateFields.(lambda_expr_1)(String (inferred))",pdfbox/src/test/java/org/apache/pdfbox/pdmodel/interactive/form/PDAcroFormFromAnnotsTest.java,,,,,,,,,,,,,,,,,,,,,,,,,1,1,0,1,0,1,0,3,1,0,0,0,0,1,1,1,1,,,,,,0,,0,00,1,1,1,1
Method,"org.apache.pdfbox.pdmodel.interactive.form.PDAcroFormFromAnnotsTest.testFromAnnots3891DontCreateFields()",pdfbox/src/test/java/org/apache/pdfbox/pdmodel/interactive/form/PDAcroFormFromAnnotsTest.java,,,,,,,,,,,,,,,,,,,,,,,,,2,24,2,14,7,8,9,11,1,7,9,6,7,1,1,1,1,,,,,,1,,0,64,1,1,1,1
Method,"org.apache.pdfbox.pdmodel.interactive.form.PDAcroFormFromAnnotsTest.testFromAnnots3891NullField()",pdfbox/src/test/java/org/apache/pdfbox/pdmodel/interactive/form/PDAcroFormFromAnnotsTest.java,,,,,,,,,,,,,,,,,,,,,,,,,1,16,1,10,4,4,6,5,1,3,5,3,3,1,1,1,1,,,,,,1,,0,60,2,2,2,2
Lambda Method,"org.apache.pdfbox.pdmodel.interactive.form.PDAcroFormFromAnnotsTest.testFromAnnots3891NullField.(lambda_expr_1)()",pdfbox/src/test/java/org/apache/pdfbox/pdmodel/interactive/form/PDAcroFormFromAnnotsTest.java,,,,,,,,,,,,,,,,,,,,,,,,,0,1,0,1,0,1,0,3,1,0,0,0,0,1,1,1,1,,,,,,0,,0,00,1,1,1,1
Method,"org.apache.pdfbox.pdmodel.interactive.form.PDAcroFormFromAnnotsTest.testFromAnnots3891ValidateFont()",pdfbox/src/test/java/org/apache/pdfbox/pdmodel/interactive/form/PDAcroFormFromAnnotsTest.java,,,,,,,,,,,,,,,,,,,,,,,,,2,62,4,47,14,27,13,10,4,17,24,13,21,3,3,3,1,,,,,,3,,0,28,7,7,7,3
Lambda Method,"org.apache.pdfbox.pdmodel.interactive.form.PDAcroFormFromAnnotsTest.testFromAnnots3891ValidateFont.(lambda_expr_1)(COSName (inferred))",pdfbox/src/test/java/org/apache/pdfbox/pdmodel/interactive/form/PDAcroFormFromAnnotsTest.java,,,,,,,,,,,,,,,,,,,,,,,,,1,12,0,11,1,6,1,7,2,3,4,1,4,2,2,2,1,,,,,,0,,0,09,2,2,2,1
Lambda Method,"org.apache.pdfbox.pdmodel.interactive.form.PDAcroFormFromAnnotsTest.testFromAnnots3891ValidateFont.(lambda_expr_2)(COSName (inferred))",pdfbox/src/test/java/org/apache/pdfbox/pdmodel/interactive/form/PDAcroFormFromAnnotsTest.java,,,,,,,,,,,,,,,,,,,,,,,,,1,12,0,11,2,6,1,7,2,3,4,2,4,2,2,2,1,,,,,,0,,0,09,2,2,2,1
Method,"org.apache.pdfbox.pdmodel.interactive.form.PDAcroFormFromAnnotsTest.testFromAnnots4985CorrectionMode()",pdfbox/src/test/java/org/apache/pdfbox/pdmodel/interactive/form/PDAcroFormFromAnnotsTest.java,,,,,,,,,,,,,,,,,,,,,,,,,2,34,4,22,11,14,10,12,1,12,15,10,11,1,1,1,1,,,,,,1,,0,45,1,1,1,1
Method,"org.apache.pdfbox.pdmodel.interactive.form.PDAcroFormFromAnnotsTest.testFromAnnots4985DefaultMode()",pdfbox/src/test/java/org/apache/pdfbox/pdmodel/interactive/form/PDAcroFormFromAnnotsTest.java,,,,,,,,,,,,,,,,,,,,,,,,,2,34,4,22,11,14,10,12,1,12,15,10,11,1,1,1,1,,,,,,1,,0,45,1,1,1,1
Method,"org.apache.pdfbox.pdmodel.interactive.form.PDAcroFormFromAnnotsTest.testFromAnnots4985WithoutCorrectionMode()",pdfbox/src/test/java/org/apache/pdfbox/pdmodel/interactive/form/PDAcroFormFromAnnotsTest.java,,,,,,,,,,,,,,,,,,,,,,,,,2,27,3,16,8,10,9,11,1,9,11,7,8,1,1,1,1,,,,,,1,,0,56,1,1,1,1
Class,"org.apache.pdfbox.pdmodel.interactive.form.PDAcroFormGenerateAppearancesTest",pdfbox/src/test/java/org/apache/pdfbox/pdmodel/interactive/form/PDAcroFormGenerateAppearancesTest.java,1,1,1,1,22,3,16,6,1,10,0,,0,0,,,1,0,1,13,1,0,0,0,,26,3,20,10,4,6,,,2,5,3,3,,,,,1,1,1,1,1,1,0,0,30,2,2,2,2
Method,"org.apache.pdfbox.pdmodel.interactive.form.PDAcroFormGenerateAppearancesTest.testGetAcroForm(String)",pdfbox/src/test/java/org/apache/pdfbox/pdmodel/interactive/form/PDAcroFormGenerateAppearancesTest.java,,,,,,,,,,,,,,,,,,,,,,,,,2,22,3,16,8,4,6,5,1,2,4,2,3,1,1,1,1,,,,,,1,,0,38,2,2,2,2
Lambda Method,"org.apache.pdfbox.pdmodel.interactive.form.PDAcroFormGenerateAppearancesTest.testGetAcroForm.(lambda_expr_1)()",pdfbox/src/test/java/org/apache/pdfbox/pdmodel/interactive/form/PDAcroFormGenerateAppearancesTest.java,,,,,,,,,,,,,,,,,,,,,,,,,0,1,0,1,0,1,0,2,1,0,0,0,0,1,1,1,1,,,,,,0,,0,00,1,1,1,1
Class,"org.apache.pdfbox.pdmodel.interactive.form.PDAcroFormTest",pdfbox/src/test/java/org/apache/pdfbox/pdmodel/interactive/form/PDAcroFormTest.java,1,1,1,1,23,2,18,3,1,36,0,,0,2,,,14,2,14,26,10,2,0,2,,378,56,263,74,160,61,,,138,175,65,151,,,,,5,5,5,1,1,4,75,0,23,26,26,26,17
Private Method,"org.apache.pdfbox.pdmodel.interactive.form.PDAcroFormTest.countWidgets(PDDocument)",pdfbox/src/test/java/org/apache/pdfbox/pdmodel/interactive/form/PDAcroFormTest.java,,,,,,,,,,,,,,,,,,,,,,,,,2,22,0,21,2,8,1,3,5,3,10,4,6,5,5,5,1,,,,,,4,,0,05,5,5,5,1
Private Method,"org.apache.pdfbox.pdmodel.interactive.form.PDAcroFormTest.createAcroFormWithMissingResourceInformation()",pdfbox/src/test/java/org/apache/pdfbox/pdmodel/interactive/form/PDAcroFormTest.java,,,,,,,,,,,,,,,,,,,,,,,,,3,29,6,21,6,16,3,20,1,14,16,6,15,1,1,1,1,,,,,,1,,0,14,1,1,1,1
Public Method,"org.apache.pdfbox.pdmodel.interactive.form.PDAcroFormTest.setUp()",pdfbox/src/test/java/org/apache/pdfbox/pdmodel/interactive/form/PDAcroFormTest.java,,,,,,,,,,,,,,,,,,,,,,,,,2,7,0,7,2,3,0,6,1,3,4,1,3,1,1,1,1,,,,,,0,,0,00,1,1,1,1
Public Method,"org.apache.pdfbox.pdmodel.interactive.form.PDAcroFormTest.tearDown()",pdfbox/src/test/java/org/apache/pdfbox/pdmodel/interactive/form/PDAcroFormTest.java,,,,,,,,,,,,,,,,,,,,,,,,,1,5,0,5,2,1,0,1,1,1,2,1,1,1,1,1,1,,,,,,0,,0,00,1,1,1,1
Method,"org.apache.pdfbox.pdmodel.interactive.form.PDAcroFormTest.testAcroFormDefaultFonts()",pdfbox/src/test/java/org/apache/pdfbox/pdmodel/interactive/form/PDAcroFormTest.java,,,,,,,,,,,,,,,,,,,,,,,,,5,57,3,47,14,39,7,22,1,37,40,13,37,1,1,1,1,,,,,,1,,0,15,1,1,1,1
Method,"org.apache.pdfbox.pdmodel.interactive.form.PDAcroFormTest.testAcroFormProperties()",pdfbox/src/test/java/org/apache/pdfbox/pdmodel/interactive/form/PDAcroFormTest.java,,,,,,,,,,,,,,,,,,,,,,,,,1,7,0,7,2,3,0,5,1,3,4,1,3,1,1,1,1,,,,,,0,,0,00,1,1,1,1
Method,"org.apache.pdfbox.pdmodel.interactive.form.PDAcroFormTest.testAddMissingInformationOnAcroFormAccess()",pdfbox/src/test/java/org/apache/pdfbox/pdmodel/interactive/form/PDAcroFormTest.java,,,,,,,,,,,,,,,,,,,,,,,,,1,33,4,25,6,15,4,12,2,12,15,5,14,2,2,2,1,,,,,,2,,0,16,2,2,2,1
Method,"org.apache.pdfbox.pdmodel.interactive.form.PDAcroFormTest.testBadDA()",pdfbox/src/test/java/org/apache/pdfbox/pdmodel/interactive/form/PDAcroFormTest.java,,,,,,,,,,,,,,,,,,,,,,,,,2,36,6,23,7,17,7,20,1,15,17,6,16,1,1,1,1,,,,,,1,,0,30,2,2,2,2
Lambda Method,"org.apache.pdfbox.pdmodel.interactive.form.PDAcroFormTest.testBadDA.(lambda_expr_1)()",pdfbox/src/test/java/org/apache/pdfbox/pdmodel/interactive/form/PDAcroFormTest.java,,,,,,,,,,,,,,,,,,,,,,,,,0,1,0,1,0,1,0,2,1,0,0,0,0,1,1,1,1,,,,,,0,,0,00,1,1,1,1
Method,"org.apache.pdfbox.pdmodel.interactive.form.PDAcroFormTest.testDontAddMissingInformationOnDocumentLoad()",pdfbox/src/test/java/org/apache/pdfbox/pdmodel/interactive/form/PDAcroFormTest.java,,,,,,,,,,,,,,,,,,,,,,,,,4,25,2,21,6,11,2,7,2,8,11,5,10,2,2,2,1,,,,,,2,,0,10,2,2,2,1
Method,"org.apache.pdfbox.pdmodel.interactive.form.PDAcroFormTest.testFieldsEntry()",pdfbox/src/test/java/org/apache/pdfbox/pdmodel/interactive/form/PDAcroFormTest.java,,,,,,,,,,,,,,,,,,,,,,,,,2,22,4,11,2,7,7,8,1,7,8,1,7,1,1,1,1,,,,,,0,,0,64,1,1,1,1
Method,"org.apache.pdfbox.pdmodel.interactive.form.PDAcroFormTest.testFlatten()",pdfbox/src/test/java/org/apache/pdfbox/pdmodel/interactive/form/PDAcroFormTest.java,,,,,,,,,,,,,,,,,,,,,,,,,3,18,1,15,3,7,2,12,2,5,8,2,7,2,2,2,1,,,,,,1,,0,13,2,2,2,1
Method,"org.apache.pdfbox.pdmodel.interactive.form.PDAcroFormTest.testFlattenSpecificFieldsOnly()",pdfbox/src/test/java/org/apache/pdfbox/pdmodel/interactive/form/PDAcroFormTest.java,,,,,,,,,,,,,,,,,,,,,,,,,2,28,6,22,9,16,0,13,1,15,17,8,16,1,1,1,1,,,,,,1,,0,00,1,1,1,1
Method,"org.apache.pdfbox.pdmodel.interactive.form.PDAcroFormTest.testFlattenWidgetNoRef()",pdfbox/src/test/java/org/apache/pdfbox/pdmodel/interactive/form/PDAcroFormTest.java,,,,,,,,,,,,,,,,,,,,,,,,,4,27,3,21,4,11,3,19,4,8,13,4,11,3,3,3,1,,,,,,2,,0,14,4,4,4,2
Lambda Method,"org.apache.pdfbox.pdmodel.interactive.form.PDAcroFormTest.testFlattenWidgetNoRef.(lambda_expr_1)(PDAnnotationWidget (inferred))",pdfbox/src/test/java/org/apache/pdfbox/pdmodel/interactive/form/PDAcroFormTest.java,,,,,,,,,,,,,,,,,,,,,,,,,2,1,0,1,0,1,0,3,1,0,0,0,0,1,1,1,1,,,,,,0,,0,00,1,1,1,1
Method,"org.apache.pdfbox.pdmodel.interactive.form.PDAcroFormTest.testIllegalFieldsDefinition()",pdfbox/src/test/java/org/apache/pdfbox/pdmodel/interactive/form/PDAcroFormTest.java,,,,,,,,,,,,,,,,,,,,,,,,,1,17,2,10,4,4,6,5,1,3,5,3,3,1,1,1,1,,,,,,1,,0,60,2,2,2,2
Lambda Method,"org.apache.pdfbox.pdmodel.interactive.form.PDAcroFormTest.testIllegalFieldsDefinition.(lambda_expr_1)()",pdfbox/src/test/java/org/apache/pdfbox/pdmodel/interactive/form/PDAcroFormTest.java,,,,,,,,,,,,,,,,,,,,,,,,,0,1,0,1,0,1,0,2,1,0,0,0,0,1,1,1,1,,,,,,0,,0,00,1,1,1,1
Public Abstract Class,"org.apache.pdfbox.pdmodel.interactive.form.PDButton",pdfbox/src/main/java/org/apache/pdfbox/pdmodel/interactive/form/PDButton.java,2,2,2,1,18,0,12,5,1,22,3,,0,3,,,19,0,19,73,4,4,0,11,,412,33,244,48,109,135,,,70,120,48,93,,,,,5,5,6,5,3,4,0,0,55,46,46,51,31
Constructor,"org.apache.pdfbox.pdmodel.interactive.form.PDButton.PDButton(PDAcroForm)",pdfbox/src/main/java/org/apache/pdfbox/pdmodel/interactive/form/PDButton.java,,,,,,,,,,,,,,,,,,,,,,,,,6,10,0,5,1,2,5,4,1,2,3,1,2,1,1,1,1,,,,,,0,,1,00,1,1,1,1
Constructor,"org.apache.pdfbox.pdmodel.interactive.form.PDButton.PDButton(PDAcroForm,COSDictionary,PDNonTerminalField)",pdfbox/src/main/java/org/apache/pdfbox/pdmodel/interactive/form/PDButton.java,,,,,,,,,,,,,,,,,,,,,,,,,6,11,0,4,1,1,7,2,1,1,2,1,1,1,1,1,1,,,,,,0,,1,75,1,1,1,1
Method,"org.apache.pdfbox.pdmodel.interactive.form.PDButton.checkValue(String)",pdfbox/src/main/java/org/apache/pdfbox/pdmodel/interactive/form/PDButton.java,,,,,,,,,,,,,,,,,,,,,,,,,4,16,0,10,2,5,6,7,2,2,4,2,3,2,2,3,1,,,,,,1,,0,60,2,2,3,1
Method,"org.apache.pdfbox.pdmodel.interactive.form.PDButton.constructAppearances()",pdfbox/src/main/java/org/apache/pdfbox/pdmodel/interactive/form/PDButton.java,,,,,,,,,,,,,,,,,,,,,,,,,0,26,0,22,4,9,4,8,4,4,8,3,7,4,4,4,1,,,,,,3,,0,18,4,4,4,1
Public Method,"org.apache.pdfbox.pdmodel.interactive.form.PDButton.getDefaultValue()",pdfbox/src/main/java/org/apache/pdfbox/pdmodel/interactive/form/PDButton.java,,,,,,,,,,,,,,,,,,,,,,,,,3,17,0,12,2,5,5,3,2,3,5,2,4,2,2,2,1,,,,,,1,,0,42,2,2,2,1
Public Method,"org.apache.pdfbox.pdmodel.interactive.form.PDButton.getExportValues()",pdfbox/src/main/java/org/apache/pdfbox/pdmodel/interactive/form/PDButton.java,,,,,,,,,,,,,,,,,,,,,,,,,11,33,1,13,2,6,19,6,3,4,7,2,6,3,3,3,3,,,,,,1,,1,46,3,3,3,3
Private Method,"org.apache.pdfbox.pdmodel.interactive.form.PDButton.getOnValue(int)",pdfbox/src/main/java/org/apache/pdfbox/pdmodel/interactive/form/PDButton.java,,,,,,,,,,,,,,,,,,,,,,,,,2,9,0,9,2,4,0,5,2,3,5,2,4,2,2,2,1,,,,,,1,,0,00,2,2,2,1
Private Method,"org.apache.pdfbox.pdmodel.interactive.form.PDButton.getOnValueForWidget(PDAnnotationWidget)",pdfbox/src/main/java/org/apache/pdfbox/pdmodel/interactive/form/PDButton.java,,,,,,,,,,,,,,,,,,,,,,,,,4,20,0,20,4,9,0,7,5,5,11,5,9,5,5,5,5,,,,,,4,,0,00,5,5,5,5
Public Method,"org.apache.pdfbox.pdmodel.interactive.form.PDButton.getOnValues()",pdfbox/src/main/java/org/apache/pdfbox/pdmodel/interactive/form/PDButton.java,,,,,,,,,,,,,,,,,,,,,,,,,5,28,1,16,4,9,11,8,3,7,11,5,9,3,3,3,1,,,,,,1,,0,69,3,3,3,1
Public Method,"org.apache.pdfbox.pdmodel.interactive.form.PDButton.getValue()",pdfbox/src/main/java/org/apache/pdfbox/pdmodel/interactive/form/PDButton.java,,,,,,,,,,,,,,,,,,,,,,,,,18,39,0,29,5,14,10,8,5,8,13,5,12,5,5,6,5,,,,,,4,,0,34,5,5,6,5
Public Method,"org.apache.pdfbox.pdmodel.interactive.form.PDButton.getValueAsString()",pdfbox/src/main/java/org/apache/pdfbox/pdmodel/interactive/form/PDButton.java,,,,,,,,,,,,,,,,,,,,,,,,,2,5,0,5,2,1,0,2,1,1,2,1,1,1,1,1,1,,,,,,0,,0,00,1,1,1,1
Public Method,"org.apache.pdfbox.pdmodel.interactive.form.PDButton.isPushButton()",pdfbox/src/main/java/org/apache/pdfbox/pdmodel/interactive/form/PDButton.java,,,,,,,,,,,,,,,,,,,,,,,,,5,9,0,4,1,1,5,3,1,1,2,1,1,1,1,1,1,,,,,,0,,1,25,1,1,1,1
Public Method,"org.apache.pdfbox.pdmodel.interactive.form.PDButton.isRadioButton()",pdfbox/src/main/java/org/apache/pdfbox/pdmodel/interactive/form/PDButton.java,,,,,,,,,,,,,,,,,,,,,,,,,5,9,0,4,1,1,5,3,1,1,2,1,1,1,1,1,1,,,,,,0,,1,25,1,1,1,1
Public Method,"org.apache.pdfbox.pdmodel.interactive.form.PDButton.setDefaultValue(String)",pdfbox/src/main/java/org/apache/pdfbox/pdmodel/interactive/form/PDButton.java,,,,,,,,,,,,,,,,,,,,,,,,,3,11,0,5,1,2,6,3,1,2,3,1,2,1,1,1,1,,,,,,0,,1,20,1,1,1,1
Public Method,"org.apache.pdfbox.pdmodel.interactive.form.PDButton.setExportValues(List<String>)",pdfbox/src/main/java/org/apache/pdfbox/pdmodel/interactive/form/PDButton.java,,,,,,,,,,,,,,,,,,,,,,,,,5,19,0,13,2,5,6,5,2,4,6,2,4,2,2,3,1,,,,,,1,,0,46,2,2,3,1
Public Method,"org.apache.pdfbox.pdmodel.interactive.form.PDButton.setValue(String)",pdfbox/src/main/java/org/apache/pdfbox/pdmodel/interactive/form/PDButton.java,,,,,,,,,,,,,,,,,,,,,,,,,18,25,2,14,2,6,9,6,2,4,6,1,5,2,2,2,1,,,,,,1,,0,64,2,2,2,1
Public Method,"org.apache.pdfbox.pdmodel.interactive.form.PDButton.setValue(int)",pdfbox/src/main/java/org/apache/pdfbox/pdmodel/interactive/form/PDButton.java,,,,,,,,,,,,,,,,,,,,,,,,,4,23,2,11,1,6,10,8,2,3,5,1,4,2,2,4,1,,,,,,1,,0,91,2,2,4,1
Private Method,"org.apache.pdfbox.pdmodel.interactive.form.PDButton.updateByOption(String)",pdfbox/src/main/java/org/apache/pdfbox/pdmodel/interactive/form/PDButton.java,,,,,,,,,,,,,,,,,,,,,,,,,4,28,3,21,4,10,4,9,6,6,10,4,9,4,4,4,1,,,,,,2,,0,19,4,4,4,1
Private Method,"org.apache.pdfbox.pdmodel.interactive.form.PDButton.updateByValue(String)",pdfbox/src/main/java/org/apache/pdfbox/pdmodel/interactive/form/PDButton.java,,,,,,,,,,,,,,,,,,,,,,,,,7,22,0,21,3,10,1,9,5,6,11,4,9,4,4,4,3,,,,,,2,,0,05,4,4,4,3
Class,"org.apache.pdfbox.pdmodel.interactive.form.PDButtonTest",pdfbox/src/test/java/org/apache/pdfbox/pdmodel/interactive/form/PDButtonTest.java,1,1,1,1,15,1,11,2,1,28,0,,0,3,,,21,4,21,33,19,0,0,2,,363,53,261,71,162,49,,,146,170,50,143,,,,,2,2,2,1,1,1,72,0,19,30,30,30,28
Method,"org.apache.pdfbox.pdmodel.interactive.form.PDButtonTest.createCheckBox()",pdfbox/src/test/java/org/apache/pdfbox/pdmodel/interactive/form/PDButtonTest.java,,,,,,,,,,,,,,,,,,,,,,,,,2,10,1,9,3,5,0,8,1,5,6,2,5,1,1,1,1,,,,,,0,,0,00,1,1,1,1
Method,"org.apache.pdfbox.pdmodel.interactive.form.PDButtonTest.createPushButton()",pdfbox/src/test/java/org/apache/pdfbox/pdmodel/interactive/form/PDButtonTest.java,,,,,,,,,,,,,,,,,,,,,,,,,2,10,1,9,3,5,0,9,1,5,6,2,5,1,1,1,1,,,,,,0,,0,00,1,1,1,1
Method,"org.apache.pdfbox.pdmodel.interactive.form.PDButtonTest.createRadioButton()",pdfbox/src/test/java/org/apache/pdfbox/pdmodel/interactive/form/PDButtonTest.java,,,,,,,,,,,,,,,,,,,,,,,,,2,10,1,9,3,5,0,9,1,5,6,2,5,1,1,1,1,,,,,,0,,0,00,1,1,1,1
Method,"org.apache.pdfbox.pdmodel.interactive.form.PDButtonTest.retrieveAcrobatCheckBoxProperties()",pdfbox/src/test/java/org/apache/pdfbox/pdmodel/interactive/form/PDButtonTest.java,,,,,,,,,,,,,,,,,,,,,,,,,1,9,0,9,3,5,0,8,1,5,6,2,5,1,1,1,1,,,,,,0,,0,00,1,1,1,1
Method,"org.apache.pdfbox.pdmodel.interactive.form.PDButtonTest.retrieveAcrobatRadioButtonProperties()",pdfbox/src/test/java/org/apache/pdfbox/pdmodel/interactive/form/PDButtonTest.java,,,,,,,,,,,,,,,,,,,,,,,,,1,9,0,9,3,5,0,7,1,5,6,2,5,1,1,1,1,,,,,,0,,0,00,1,1,1,1
Method,"org.apache.pdfbox.pdmodel.interactive.form.PDButtonTest.setAbstractedCheckboxGroupInvalidValue()",pdfbox/src/test/java/org/apache/pdfbox/pdmodel/interactive/form/PDButtonTest.java,,,,,,,,,,,,,,,,,,,,,,,,,2,7,0,6,3,2,1,2,1,2,3,2,2,1,1,1,1,,,,,,0,,0,17,2,2,2,2
Lambda Method,"org.apache.pdfbox.pdmodel.interactive.form.PDButtonTest.setAbstractedCheckboxGroupInvalidValue.(lambda_expr_1)()",pdfbox/src/test/java/org/apache/pdfbox/pdmodel/interactive/form/PDButtonTest.java,,,,,,,,,,,,,,,,,,,,,,,,,0,1,0,1,0,1,0,2,1,0,0,0,0,1,1,1,1,,,,,,0,,0,00,1,1,1,1
Method,"org.apache.pdfbox.pdmodel.interactive.form.PDButtonTest.setAbstractedCheckboxInvalidValue()",pdfbox/src/test/java/org/apache/pdfbox/pdmodel/interactive/form/PDButtonTest.java,,,,,,,,,,,,,,,,,,,,,,,,,2,7,0,6,3,2,1,2,1,2,3,2,2,1,1,1,1,,,,,,0,,0,17,2,2,2,2
Lambda Method,"org.apache.pdfbox.pdmodel.interactive.form.PDButtonTest.setAbstractedCheckboxInvalidValue.(lambda_expr_1)()",pdfbox/src/test/java/org/apache/pdfbox/pdmodel/interactive/form/PDButtonTest.java,,,,,,,,,,,,,,,,,,,,,,,,,0,1,0,1,0,1,0,2,1,0,0,0,0,1,1,1,1,,,,,,0,,0,00,1,1,1,1
Method,"org.apache.pdfbox.pdmodel.interactive.form.PDButtonTest.setAbstractedRadioButtonInvalidValue()",pdfbox/src/test/java/org/apache/pdfbox/pdmodel/interactive/form/PDButtonTest.java,,,,,,,,,,,,,,,,,,,,,,,,,2,7,0,6,3,2,1,2,1,2,3,2,2,1,1,1,1,,,,,,0,,0,17,2,2,2,2
Lambda Method,"org.apache.pdfbox.pdmodel.interactive.form.PDButtonTest.setAbstractedRadioButtonInvalidValue.(lambda_expr_1)()",pdfbox/src/test/java/org/apache/pdfbox/pdmodel/interactive/form/PDButtonTest.java,,,,,,,,,,,,,,,,,,,,,,,,,0,1,0,1,0,1,0,2,1,0,0,0,0,1,1,1,1,,,,,,0,,0,00,1,1,1,1
Method,"org.apache.pdfbox.pdmodel.interactive.form.PDButtonTest.setCheckboxGroupInvalidValue()",pdfbox/src/test/java/org/apache/pdfbox/pdmodel/interactive/form/PDButtonTest.java,,,,,,,,,,,,,,,,,,,,,,,,,2,7,0,6,3,2,1,2,1,2,3,2,2,1,1,1,1,,,,,,0,,0,17,2,2,2,2
Lambda Method,"org.apache.pdfbox.pdmodel.interactive.form.PDButtonTest.setCheckboxGroupInvalidValue.(lambda_expr_1)()",pdfbox/src/test/java/org/apache/pdfbox/pdmodel/interactive/form/PDButtonTest.java,,,,,,,,,,,,,,,,,,,,,,,,,0,1,0,1,0,1,0,2,1,0,0,0,0,1,1,1,1,,,,,,0,,0,00,1,1,1,1
Method,"org.apache.pdfbox.pdmodel.interactive.form.PDButtonTest.setCheckboxInvalidValue()",pdfbox/src/test/java/org/apache/pdfbox/pdmodel/interactive/form/PDButtonTest.java,,,,,,,,,,,,,,,,,,,,,,,,,2,7,0,6,3,2,1,2,1,2,3,2,2,1,1,1,1,,,,,,0,,0,17,2,2,2,2
Lambda Method,"org.apache.pdfbox.pdmodel.interactive.form.PDButtonTest.setCheckboxInvalidValue.(lambda_expr_1)()",pdfbox/src/test/java/org/apache/pdfbox/pdmodel/interactive/form/PDButtonTest.java,,,,,,,,,,,,,,,,,,,,,,,,,0,1,0,1,0,1,0,2,1,0,0,0,0,1,1,1,1,,,,,,0,,0,00,1,1,1,1
Method,"org.apache.pdfbox.pdmodel.interactive.form.PDButtonTest.setRadioButtonInvalidValue()",pdfbox/src/test/java/org/apache/pdfbox/pdmodel/interactive/form/PDButtonTest.java,,,,,,,,,,,,,,,,,,,,,,,,,2,7,0,6,3,2,1,2,1,2,3,2,2,1,1,1,1,,,,,,0,,0,17,2,2,2,2
Lambda Method,"org.apache.pdfbox.pdmodel.interactive.form.PDButtonTest.setRadioButtonInvalidValue.(lambda_expr_1)()",pdfbox/src/test/java/org/apache/pdfbox/pdmodel/interactive/form/PDButtonTest.java,,,,,,,,,,,,,,,,,,,,,,,,,0,1,0,1,0,1,0,2,1,0,0,0,0,1,1,1,1,,,,,,0,,0,00,1,1,1,1
Public Method,"org.apache.pdfbox.pdmodel.interactive.form.PDButtonTest.setUp()",pdfbox/src/test/java/org/apache/pdfbox/pdmodel/interactive/form/PDButtonTest.java,,,,,,,,,,,,,,,,,,,,,,,,,4,9,1,8,2,4,0,10,1,4,5,1,4,1,1,1,1,,,,,,0,,0,00,1,1,1,1
Method,"org.apache.pdfbox.pdmodel.interactive.form.PDButtonTest.setValueForAbstractedAcrobatCheckBox()",pdfbox/src/test/java/org/apache/pdfbox/pdmodel/interactive/form/PDButtonTest.java,,,,,,,,,,,,,,,,,,,,,,,,,4,15,2,13,3,9,0,9,1,9,10,2,9,1,1,1,1,,,,,,0,,0,00,1,1,1,1
Method,"org.apache.pdfbox.pdmodel.interactive.form.PDButtonTest.setValueForAbstractedAcrobatRadioButton()",pdfbox/src/test/java/org/apache/pdfbox/pdmodel/interactive/form/PDButtonTest.java,,,,,,,,,,,,,,,,,,,,,,,,,3,23,2,17,3,13,4,9,1,9,10,2,9,1,1,1,1,,,,,,0,,0,24,1,1,1,1
Method,"org.apache.pdfbox.pdmodel.interactive.form.PDButtonTest.setValueForAbstractedCheckBoxGroup()",pdfbox/src/test/java/org/apache/pdfbox/pdmodel/interactive/form/PDButtonTest.java,,,,,,,,,,,,,,,,,,,,,,,,,1,28,4,17,3,13,7,8,1,13,14,2,13,1,1,1,1,,,,,,0,,0,41,1,1,1,1
Public Method,"org.apache.pdfbox.pdmodel.interactive.form.PDButtonTest.tearDown()",pdfbox/src/test/java/org/apache/pdfbox/pdmodel/interactive/form/PDButtonTest.java,,,,,,,,,,,,,,,,,,,,,,,,,2,6,0,6,2,2,0,1,1,2,3,1,2,1,1,1,1,,,,,,0,,0,00,1,1,1,1
Method,"org.apache.pdfbox.pdmodel.interactive.form.PDButtonTest.testAcrobatCheckBoxGroupProperties()",pdfbox/src/test/java/org/apache/pdfbox/pdmodel/interactive/form/PDButtonTest.java,,,,,,,,,,,,,,,,,,,,,,,,,1,41,6,28,3,24,7,16,1,24,25,2,24,1,1,1,1,,,,,,0,,0,25,1,1,1,1
Method,"org.apache.pdfbox.pdmodel.interactive.form.PDButtonTest.testAcrobatCheckBoxProperties()",pdfbox/src/test/java/org/apache/pdfbox/pdmodel/interactive/form/PDButtonTest.java,,,,,,,,,,,,,,,,,,,,,,,,,4,27,5,22,3,18,0,12,1,18,19,2,18,1,1,1,1,,,,,,0,,0,00,1,1,1,1
Method,"org.apache.pdfbox.pdmodel.interactive.form.PDButtonTest.testAcrobatRadioButtonProperties()",pdfbox/src/test/java/org/apache/pdfbox/pdmodel/interactive/form/PDButtonTest.java,,,,,,,,,,,,,,,,,,,,,,,,,3,23,2,17,3,13,4,9,1,9,10,2,9,1,1,1,1,,,,,,0,,0,24,1,1,1,1
Method,"org.apache.pdfbox.pdmodel.interactive.form.PDButtonTest.testOptionsAndNamesNotNumbers()",pdfbox/src/test/java/org/apache/pdfbox/pdmodel/interactive/form/PDButtonTest.java,,,,,,,,,,,,,,,,,,,,,,,,,3,36,2,24,4,16,10,17,2,9,11,3,10,2,2,2,1,,,,,,1,,0,42,2,2,2,1
Method,"org.apache.pdfbox.pdmodel.interactive.form.PDButtonTest.testRadioButtonWithOptions()",pdfbox/src/test/java/org/apache/pdfbox/pdmodel/interactive/form/PDButtonTest.java,,,,,,,,,,,,,,,,,,,,,,,,,3,26,1,18,4,10,7,11,2,5,7,3,6,2,2,2,1,,,,,,1,,0,39,3,3,3,2
Lambda Method,"org.apache.pdfbox.pdmodel.interactive.form.PDButtonTest.testRadioButtonWithOptions.(lambda_expr_1)(PDAnnotationWidget (inferred))",pdfbox/src/test/java/org/apache/pdfbox/pdmodel/interactive/form/PDButtonTest.java,,,,,,,,,,,,,,,,,,,,,,,,,3,3,0,3,0,3,0,4,1,0,0,0,0,1,1,1,1,,,,,,0,,0,00,1,1,1,1
Public Final Class,"org.apache.pdfbox.pdmodel.interactive.form.PDCheckBox",pdfbox/src/main/java/org/apache/pdfbox/pdmodel/interactive/form/PDCheckBox.java,1,1,1,1,13,0,6,6,1,13,0,,0,0,,,6,0,6,79,1,0,0,5,,95,6,44,11,15,45,,,11,23,12,15,,,,,5,5,5,5,4,4,0,1,02,10,10,10,10
Public Constructor,"org.apache.pdfbox.pdmodel.interactive.form.PDCheckBox.PDCheckBox(PDAcroForm)",pdfbox/src/main/java/org/apache/pdfbox/pdmodel/interactive/form/PDCheckBox.java,,,,,,,,,,,,,,,,,,,,,,,,,5,9,0,4,1,1,5,2,1,1,2,1,1,1,1,1,1,,,,,,0,,1,25,1,1,1,1
Constructor,"org.apache.pdfbox.pdmodel.interactive.form.PDCheckBox.PDCheckBox(PDAcroForm,COSDictionary,PDNonTerminalField)",pdfbox/src/main/java/org/apache/pdfbox/pdmodel/interactive/form/PDCheckBox.java,,,,,,,,,,,,,,,,,,,,,,,,,4,11,0,4,1,1,7,2,1,1,2,1,1,1,1,1,1,,,,,,0,,1,75,1,1,1,1
Public Method,"org.apache.pdfbox.pdmodel.interactive.form.PDCheckBox.check()",pdfbox/src/main/java/org/apache/pdfbox/pdmodel/interactive/form/PDCheckBox.java,,,,,,,,,,,,,,,,,,,,,,,,,4,9,0,4,1,1,5,2,1,1,2,1,1,1,1,1,1,,,,,,0,,1,25,1,1,1,1
Public Method,"org.apache.pdfbox.pdmodel.interactive.form.PDCheckBox.getOnValue()",pdfbox/src/main/java/org/apache/pdfbox/pdmodel/interactive/form/PDCheckBox.java,,,,,,,,,,,,,,,,,,,,,,,,,8,33,1,21,5,10,11,9,5,6,12,6,10,5,5,5,5,,,,,,4,,0,52,5,5,5,5
Public Method,"org.apache.pdfbox.pdmodel.interactive.form.PDCheckBox.isChecked()",pdfbox/src/main/java/org/apache/pdfbox/pdmodel/interactive/form/PDCheckBox.java,,,,,,,,,,,,,,,,,,,,,,,,,3,10,0,4,1,1,6,4,1,1,2,1,1,1,1,1,1,,,,,,0,,1,50,1,1,1,1
Public Method,"org.apache.pdfbox.pdmodel.interactive.form.PDCheckBox.unCheck()",pdfbox/src/main/java/org/apache/pdfbox/pdmodel/interactive/form/PDCheckBox.java,,,,,,,,,,,,,,,,,,,,,,,,,3,9,0,4,1,1,5,2,1,1,2,1,1,1,1,1,1,,,,,,0,,1,25,1,1,1,1
Public Abstract Class,"org.apache.pdfbox.pdmodel.interactive.form.PDChoice",pdfbox/src/main/java/org/apache/pdfbox/pdmodel/interactive/form/PDChoice.java,1,1,1,1,15,0,7,7,1,17,2,,0,5,,,28,0,28,94,2,2,0,24,,459,35,213,46,87,211,,,67,110,45,74,,,,,5,5,8,3,4,3,0,0,99,42,42,48,29
Public Constructor,"org.apache.pdfbox.pdmodel.interactive.form.PDChoice.PDChoice(PDAcroForm)",pdfbox/src/main/java/org/apache/pdfbox/pdmodel/interactive/form/PDChoice.java,,,,,,,,,,,,,,,,,,,,,,,,,5,10,0,5,1,2,5,4,1,2,3,1,2,1,1,1,1,,,,,,0,,1,00,1,1,1,1
Constructor,"org.apache.pdfbox.pdmodel.interactive.form.PDChoice.PDChoice(PDAcroForm,COSDictionary,PDNonTerminalField)",pdfbox/src/main/java/org/apache/pdfbox/pdmodel/interactive/form/PDChoice.java,,,,,,,,,,,,,,,,,,,,,,,,,5,11,0,4,1,1,7,2,1,1,2,1,1,1,1,1,1,,,,,,0,,1,75,1,1,1,1
Abstract Method,"org.apache.pdfbox.pdmodel.interactive.form.PDChoice.constructAppearances()",pdfbox/src/main/java/org/apache/pdfbox/pdmodel/interactive/form/PDChoice.java,,,,,,,,,,,,,,,,,,,,,,,,,0,2,0,2,2,0,0,0,0,1,1,1,0,0,0,0,0,,,,,,0,,0,00,0,0,0,0
Public Method,"org.apache.pdfbox.pdmodel.interactive.form.PDChoice.getDefaultValue()",pdfbox/src/main/java/org/apache/pdfbox/pdmodel/interactive/form/PDChoice.java,,,,,,,,,,,,,,,,,,,,,,,,,1,10,0,4,1,1,6,2,1,1,2,1,1,1,1,1,1,,,,,,0,,1,50,1,1,1,1
Public Method,"org.apache.pdfbox.pdmodel.interactive.form.PDChoice.getOptions()",pdfbox/src/main/java/org/apache/pdfbox/pdmodel/interactive/form/PDChoice.java,,,,,,,,,,,,,,,,,,,,,,,,,11,22,0,5,2,2,17,4,1,2,3,2,2,1,1,1,1,,,,,,0,,3,40,1,1,1,1
Public Method,"org.apache.pdfbox.pdmodel.interactive.form.PDChoice.getOptionsDisplayValues()",pdfbox/src/main/java/org/apache/pdfbox/pdmodel/interactive/form/PDChoice.java,,,,,,,,,,,,,,,,,,,,,,,,,6,17,0,5,2,2,12,4,1,2,3,2,2,1,1,1,1,,,,,,0,,2,40,1,1,1,1
Public Method,"org.apache.pdfbox.pdmodel.interactive.form.PDChoice.getOptionsExportValues()",pdfbox/src/main/java/org/apache/pdfbox/pdmodel/interactive/form/PDChoice.java,,,,,,,,,,,,,,,,,,,,,,,,,4,16,0,4,1,1,12,2,1,1,2,1,1,1,1,1,1,,,,,,0,,3,00,1,1,1,1
Public Method,"org.apache.pdfbox.pdmodel.interactive.form.PDChoice.getSelectedOptionsIndex()",pdfbox/src/main/java/org/apache/pdfbox/pdmodel/interactive/form/PDChoice.java,,,,,,,,,,,,,,,,,,,,,,,,,2,16,0,5,2,2,11,5,1,2,3,2,2,2,2,2,1,,,,,,0,,2,20,2,2,2,1
Public Method,"org.apache.pdfbox.pdmodel.interactive.form.PDChoice.getValue()",pdfbox/src/main/java/org/apache/pdfbox/pdmodel/interactive/form/PDChoice.java,,,,,,,,,,,,,,,,,,,,,,,,,6,10,0,4,1,1,6,2,1,1,2,1,1,1,1,1,1,,,,,,0,,1,50,1,1,1,1
Public Method,"org.apache.pdfbox.pdmodel.interactive.form.PDChoice.getValueAsString()",pdfbox/src/main/java/org/apache/pdfbox/pdmodel/interactive/form/PDChoice.java,,,,,,,,,,,,,,,,,,,,,,,,,0,5,0,5,2,1,0,4,1,1,2,1,1,1,1,1,1,,,,,,0,,0,00,1,1,1,1
Private Method,"org.apache.pdfbox.pdmodel.interactive.form.PDChoice.getValueFor(COSName)",pdfbox/src/main/java/org/apache/pdfbox/pdmodel/interactive/form/PDChoice.java,,,,,,,,,,,,,,,,,,,,,,,,,3,16,0,13,2,6,3,7,3,4,7,2,6,3,3,3,3,,,,,,1,,0,23,3,3,3,3
Public Method,"org.apache.pdfbox.pdmodel.interactive.form.PDChoice.isCombo()",pdfbox/src/main/java/org/apache/pdfbox/pdmodel/interactive/form/PDChoice.java,,,,,,,,,,,,,,,,,,,,,,,,,4,9,0,4,1,1,5,3,1,1,2,1,1,1,1,1,1,,,,,,0,,1,25,1,1,1,1
Public Method,"org.apache.pdfbox.pdmodel.interactive.form.PDChoice.isCommitOnSelChange()",pdfbox/src/main/java/org/apache/pdfbox/pdmodel/interactive/form/PDChoice.java,,,,,,,,,,,,,,,,,,,,,,,,,2,9,0,4,1,1,5,3,1,1,2,1,1,1,1,1,1,,,,,,0,,1,25,1,1,1,1
Public Method,"org.apache.pdfbox.pdmodel.interactive.form.PDChoice.isDoNotSpellCheck()",pdfbox/src/main/java/org/apache/pdfbox/pdmodel/interactive/form/PDChoice.java,,,,,,,,,,,,,,,,,,,,,,,,,2,9,0,4,1,1,5,3,1,1,2,1,1,1,1,1,1,,,,,,0,,1,25,1,1,1,1
Public Method,"org.apache.pdfbox.pdmodel.interactive.form.PDChoice.isMultiSelect()",pdfbox/src/main/java/org/apache/pdfbox/pdmodel/interactive/form/PDChoice.java,,,,,,,,,,,,,,,,,,,,,,,,,4,9,0,4,1,1,5,3,1,1,2,1,1,1,1,1,1,,,,,,0,,1,25,1,1,1,1
Public Method,"org.apache.pdfbox.pdmodel.interactive.form.PDChoice.isSort()",pdfbox/src/main/java/org/apache/pdfbox/pdmodel/interactive/form/PDChoice.java,,,,,,,,,,,,,,,,,,,,,,,,,4,15,0,4,1,1,11,3,1,1,2,1,1,1,1,1,1,,,,,,0,,2,75,1,1,1,1
Public Method,"org.apache.pdfbox.pdmodel.interactive.form.PDChoice.setCombo(boolean)",pdfbox/src/main/java/org/apache/pdfbox/pdmodel/interactive/form/PDChoice.java,,,,,,,,,,,,,,,,,,,,,,,,,4,9,0,4,1,1,5,2,1,1,2,1,1,1,1,1,1,,,,,,0,,1,25,1,1,1,1
Public Method,"org.apache.pdfbox.pdmodel.interactive.form.PDChoice.setCommitOnSelChange(boolean)",pdfbox/src/main/java/org/apache/pdfbox/pdmodel/interactive/form/PDChoice.java,,,,,,,,,,,,,,,,,,,,,,,,,3,9,0,4,1,1,5,2,1,1,2,1,1,1,1,1,1,,,,,,0,,1,25,1,1,1,1
Public Method,"org.apache.pdfbox.pdmodel.interactive.form.PDChoice.setDefaultValue(String)",pdfbox/src/main/java/org/apache/pdfbox/pdmodel/interactive/form/PDChoice.java,,,,,,,,,,,,,,,,,,,,,,,,,2,9,0,4,1,1,5,2,1,1,2,1,1,1,1,1,1,,,,,,0,,1,25,1,1,1,1
Public Method,"org.apache.pdfbox.pdmodel.interactive.form.PDChoice.setDoNotSpellCheck(boolean)",pdfbox/src/main/java/org/apache/pdfbox/pdmodel/interactive/form/PDChoice.java,,,,,,,,,,,,,,,,,,,,,,,,,3,9,0,4,1,1,5,2,1,1,2,1,1,1,1,1,1,,,,,,0,,1,25,1,1,1,1
Public Method,"org.apache.pdfbox.pdmodel.interactive.form.PDChoice.setMultiSelect(boolean)",pdfbox/src/main/java/org/apache/pdfbox/pdmodel/interactive/form/PDChoice.java,,,,,,,,,,,,,,,,,,,,,,,,,5,9,0,4,1,1,5,2,1,1,2,1,1,1,1,1,1,,,,,,0,,1,25,1,1,1,1
Public Method,"org.apache.pdfbox.pdmodel.interactive.form.PDChoice.setOptions(List<String>)",pdfbox/src/main/java/org/apache/pdfbox/pdmodel/interactive/form/PDChoice.java,,,,,,,,,,,,,,,,,,,,,,,,,6,31,0,16,1,7,15,7,3,3,6,1,5,3,3,4,1,,,,,,2,,0,94,3,3,4,1
Public Method,"org.apache.pdfbox.pdmodel.interactive.form.PDChoice.setOptions(List<String>,List<String>)",pdfbox/src/main/java/org/apache/pdfbox/pdmodel/interactive/form/PDChoice.java,,,,,,,,,,,,,,,,,,,,,,,,,7,52,2,32,4,17,18,15,6,12,17,5,15,5,5,8,1,,,,,,3,,0,56,5,5,8,1
Public Method,"org.apache.pdfbox.pdmodel.interactive.form.PDChoice.setSelectedOptionsIndex(List<Integer>)",pdfbox/src/main/java/org/apache/pdfbox/pdmodel/interactive/form/PDChoice.java,,,,,,,,,,,,,,,,,,,,,,,,,4,29,0,16,1,7,13,7,3,3,6,1,5,3,3,4,1,,,,,,2,,0,81,3,3,4,1
Public Method,"org.apache.pdfbox.pdmodel.interactive.form.PDChoice.setSort(boolean)",pdfbox/src/main/java/org/apache/pdfbox/pdmodel/interactive/form/PDChoice.java,,,,,,,,,,,,,,,,,,,,,,,,,4,10,0,4,1,1,6,2,1,1,2,1,1,1,1,1,1,,,,,,0,,1,50,1,1,1,1
Public Method,"org.apache.pdfbox.pdmodel.interactive.form.PDChoice.setValue(List<String>)",pdfbox/src/main/java/org/apache/pdfbox/pdmodel/interactive/form/PDChoice.java,,,,,,,,,,,,,,,,,,,,,,,,,7,29,0,23,1,12,6,11,5,7,11,1,10,4,4,5,1,,,,,,2,,0,26,4,4,5,1
Public Method,"org.apache.pdfbox.pdmodel.interactive.form.PDChoice.setValue(String)",pdfbox/src/main/java/org/apache/pdfbox/pdmodel/interactive/form/PDChoice.java,,,,,,,,,,,,,,,,,,,,,,,,,4,16,2,7,2,3,7,4,1,3,4,1,3,1,1,1,1,,,,,,0,,1,00,1,1,1,1
Private Method,"org.apache.pdfbox.pdmodel.interactive.form.PDChoice.updateSelectedOptionsIndex(List<String>)",pdfbox/src/main/java/org/apache/pdfbox/pdmodel/interactive/form/PDChoice.java,,,,,,,,,,,,,,,,,,,,,,,,,2,17,2,11,3,6,4,6,2,5,8,4,6,2,2,2,1,,,,,,1,,0,36,2,2,2,1
Class,"org.apache.pdfbox.pdmodel.interactive.form.PDChoiceTest",pdfbox/src/test/java/org/apache/pdfbox/pdmodel/interactive/form/PDChoiceTest.java,1,1,1,1,15,2,11,2,1,15,0,,0,0,,,6,3,6,18,5,0,0,1,,114,20,75,26,45,19,,,48,55,20,45,,,,,1,1,1,1,1,0,38,0,25,6,6,6,6
Method,"org.apache.pdfbox.pdmodel.interactive.form.PDChoiceTest.createComboBox()",pdfbox/src/test/java/org/apache/pdfbox/pdmodel/interactive/form/PDChoiceTest.java,,,,,,,,,,,,,,,,,,,,,,,,,2,9,1,8,3,4,0,7,1,4,5,2,4,1,1,1,1,,,,,,0,,0,00,1,1,1,1
Method,"org.apache.pdfbox.pdmodel.interactive.form.PDChoiceTest.createListBox()",pdfbox/src/test/java/org/apache/pdfbox/pdmodel/interactive/form/PDChoiceTest.java,,,,,,,,,,,,,,,,,,,,,,,,,2,9,1,8,3,4,0,7,1,4,5,2,4,1,1,1,1,,,,,,0,,0,00,1,1,1,1
Method,"org.apache.pdfbox.pdmodel.interactive.form.PDChoiceTest.getOptionsFromCOSArray()",pdfbox/src/test/java/org/apache/pdfbox/pdmodel/interactive/form/PDChoiceTest.java,,,,,,,,,,,,,,,,,,,,,,,,,3,27,5,17,5,13,5,8,1,13,14,4,13,1,1,1,1,,,,,,0,,0,29,1,1,1,1
Method,"org.apache.pdfbox.pdmodel.interactive.form.PDChoiceTest.getOptionsFromMixed()",pdfbox/src/test/java/org/apache/pdfbox/pdmodel/interactive/form/PDChoiceTest.java,,,,,,,,,,,,,,,,,,,,,,,,,3,25,5,15,5,11,5,8,1,11,12,4,11,1,1,1,1,,,,,,0,,0,33,1,1,1,1
Method,"org.apache.pdfbox.pdmodel.interactive.form.PDChoiceTest.getOptionsFromStrings()",pdfbox/src/test/java/org/apache/pdfbox/pdmodel/interactive/form/PDChoiceTest.java,,,,,,,,,,,,,,,,,,,,,,,,,3,15,2,11,4,7,2,8,1,7,8,3,7,1,1,1,1,,,,,,0,,0,18,1,1,1,1
Public Method,"org.apache.pdfbox.pdmodel.interactive.form.PDChoiceTest.setUp()",pdfbox/src/test/java/org/apache/pdfbox/pdmodel/interactive/form/PDChoiceTest.java,,,,,,,,,,,,,,,,,,,,,,,,,2,10,0,10,2,6,0,7,1,6,7,1,6,1,1,1,1,,,,,,0,,0,00,1,1,1,1
Public Final Class,"org.apache.pdfbox.pdmodel.interactive.form.PDComboBox",pdfbox/src/main/java/org/apache/pdfbox/pdmodel/interactive/form/PDComboBox.java,1,1,1,1,11,0,6,4,1,8,0,,0,1,,,5,0,5,99,2,0,0,3,,70,6,36,10,12,28,,,11,18,9,10,,,,,2,2,2,1,5,1,0,0,78,6,6,6,5
Public Constructor,"org.apache.pdfbox.pdmodel.interactive.form.PDComboBox.PDComboBox(PDAcroForm)",pdfbox/src/main/java/org/apache/pdfbox/pdmodel/interactive/form/PDComboBox.java,,,,,,,,,,,,,,,,,,,,,,,,,5,10,0,5,1,2,5,3,1,2,3,1,2,1,1,1,1,,,,,,0,,1,00,1,1,1,1
Constructor,"org.apache.pdfbox.pdmodel.interactive.form.PDComboBox.PDComboBox(PDAcroForm,COSDictionary,PDNonTerminalField)",pdfbox/src/main/java/org/apache/pdfbox/pdmodel/interactive/form/PDComboBox.java,,,,,,,,,,,,,,,,,,,,,,,,,4,11,0,4,1,1,7,2,1,1,2,1,1,1,1,1,1,,,,,,0,,1,75,1,1,1,1
Method,"org.apache.pdfbox.pdmodel.interactive.form.PDComboBox.constructAppearances()",pdfbox/src/main/java/org/apache/pdfbox/pdmodel/interactive/form/PDComboBox.java,,,,,,,,,,,,,,,,,,,,,,,,,0,16,1,15,4,6,0,5,2,5,7,3,5,2,2,2,1,,,,,,1,,0,00,2,2,2,1
Public Method,"org.apache.pdfbox.pdmodel.interactive.form.PDComboBox.isEdit()",pdfbox/src/main/java/org/apache/pdfbox/pdmodel/interactive/form/PDComboBox.java,,,,,,,,,,,,,,,,,,,,,,,,,2,9,0,4,1,1,5,3,1,1,2,1,1,1,1,1,1,,,,,,0,,1,25,1,1,1,1
Public Method,"org.apache.pdfbox.pdmodel.interactive.form.PDComboBox.setEdit(boolean)",pdfbox/src/main/java/org/apache/pdfbox/pdmodel/interactive/form/PDComboBox.java,,,,,,,,,,,,,,,,,,,,,,,,,3,9,0,4,1,1,5,2,1,1,2,1,1,1,1,1,1,,,,,,0,,1,25,1,1,1,1
Class,"org.apache.pdfbox.pdmodel.interactive.form.PDDefaultAppearanceString",pdfbox/src/main/java/org/apache/pdfbox/pdmodel/interactive/form/PDDefaultAppearanceString.java,2,1,2,1,16,0,10,5,1,25,0,,0,1,,,15,5,15,27,10,4,0,1,,285,26,164,34,81,95,,,61,91,34,67,,,,,5,5,5,3,1,2,85,0,58,34,29,34,17
Constructor,"org.apache.pdfbox.pdmodel.interactive.form.PDDefaultAppearanceString.PDDefaultAppearanceString(COSString,PDResources)",pdfbox/src/main/java/org/apache/pdfbox/pdmodel/interactive/form/PDDefaultAppearanceString.java,,,,,,,,,,,,,,,,,,,,,,,,,7,23,2,14,1,7,7,5,4,4,7,1,6,3,3,3,1,,,,,,1,,0,50,3,3,3,1
Method,"org.apache.pdfbox.pdmodel.interactive.form.PDDefaultAppearanceString.copyNeededResourcesTo(PDAppearanceStream)",pdfbox/src/main/java/org/apache/pdfbox/pdmodel/interactive/form/PDDefaultAppearanceString.java,,,,,,,,,,,,,,,,,,,,,,,,,3,21,2,13,2,6,6,6,4,4,7,2,6,3,3,3,1,,,,,,1,,0,46,3,3,3,1
Method,"org.apache.pdfbox.pdmodel.interactive.form.PDDefaultAppearanceString.getFont()",pdfbox/src/main/java/org/apache/pdfbox/pdmodel/interactive/form/PDDefaultAppearanceString.java,,,,,,,,,,,,,,,,,,,,,,,,,5,7,0,4,1,1,3,1,1,1,2,1,1,1,1,1,1,,,,,,0,,0,75,1,1,1,1
Method,"org.apache.pdfbox.pdmodel.interactive.form.PDDefaultAppearanceString.getFontColor()",pdfbox/src/main/java/org/apache/pdfbox/pdmodel/interactive/form/PDDefaultAppearanceString.java,,,,,,,,,,,,,,,,,,,,,,,,,3,7,0,4,1,1,3,1,1,1,2,1,1,1,1,1,1,,,,,,0,,0,75,1,1,1,1
Method,"org.apache.pdfbox.pdmodel.interactive.form.PDDefaultAppearanceString.getFontName()",pdfbox/src/main/java/org/apache/pdfbox/pdmodel/interactive/form/PDDefaultAppearanceString.java,,,,,,,,,,,,,,,,,,,,,,,,,2,9,0,4,1,1,5,1,1,1,2,1,1,1,1,1,1,,,,,,0,,1,25,1,1,1,1
Public Method,"org.apache.pdfbox.pdmodel.interactive.form.PDDefaultAppearanceString.getFontSize()",pdfbox/src/main/java/org/apache/pdfbox/pdmodel/interactive/form/PDDefaultAppearanceString.java,,,,,,,,,,,,,,,,,,,,,,,,,5,7,0,4,1,1,3,1,1,1,2,1,1,1,1,1,1,,,,,,0,,0,75,1,1,1,1
Private Method,"org.apache.pdfbox.pdmodel.interactive.form.PDDefaultAppearanceString.processAppearanceStringOperators(byte[])",pdfbox/src/main/java/org/apache/pdfbox/pdmodel/interactive/form/PDDefaultAppearanceString.java,,,,,,,,,,,,,,,,,,,,,,,,,2,25,0,19,4,10,6,5,3,7,10,4,9,3,3,3,1,,,,,,2,,0,32,3,3,3,1
Private Method,"org.apache.pdfbox.pdmodel.interactive.form.PDDefaultAppearanceString.processOperator(Operator,List<COSBase>)",pdfbox/src/main/java/org/apache/pdfbox/pdmodel/interactive/form/PDDefaultAppearanceString.java,,,,,,,,,,,,,,,,,,,,,,,,,7,23,0,16,1,11,7,3,3,5,7,1,6,5,2,5,1,,,,,,1,,0,44,5,2,5,1
Private Method,"org.apache.pdfbox.pdmodel.interactive.form.PDDefaultAppearanceString.processSetFont(List<COSBase>)",pdfbox/src/main/java/org/apache/pdfbox/pdmodel/interactive/form/PDDefaultAppearanceString.java,,,,,,,,,,,,,,,,,,,,,,,,,3,37,3,27,6,16,7,11,8,12,17,6,15,5,5,5,3,,,,,,1,,0,26,5,5,5,3
Private Method,"org.apache.pdfbox.pdmodel.interactive.form.PDDefaultAppearanceString.processSetFontColor(List<COSBase>)",pdfbox/src/main/java/org/apache/pdfbox/pdmodel/interactive/form/PDDefaultAppearanceString.java,,,,,,,,,,,,,,,,,,,,,,,,,5,30,1,21,3,15,8,8,4,11,13,3,11,4,2,4,1,,,,,,1,,0,38,4,2,4,1
Method,"org.apache.pdfbox.pdmodel.interactive.form.PDDefaultAppearanceString.setFont(PDFont)",pdfbox/src/main/java/org/apache/pdfbox/pdmodel/interactive/form/PDDefaultAppearanceString.java,,,,,,,,,,,,,,,,,,,,,,,,,2,9,0,4,1,1,5,1,1,1,2,1,1,1,1,1,1,,,,,,0,,1,25,1,1,1,1
Method,"org.apache.pdfbox.pdmodel.interactive.form.PDDefaultAppearanceString.setFontColor(PDColor)",pdfbox/src/main/java/org/apache/pdfbox/pdmodel/interactive/form/PDDefaultAppearanceString.java,,,,,,,,,,,,,,,,,,,,,,,,,2,9,0,4,1,1,5,1,1,1,2,1,1,1,1,1,1,,,,,,0,,1,25,1,1,1,1
Method,"org.apache.pdfbox.pdmodel.interactive.form.PDDefaultAppearanceString.setFontName(COSName)",pdfbox/src/main/java/org/apache/pdfbox/pdmodel/interactive/form/PDDefaultAppearanceString.java,,,,,,,,,,,,,,,,,,,,,,,,,2,9,0,4,1,1,5,1,1,1,2,1,1,1,1,1,1,,,,,,0,,1,25,1,1,1,1
Method,"org.apache.pdfbox.pdmodel.interactive.form.PDDefaultAppearanceString.setFontSize(float)",pdfbox/src/main/java/org/apache/pdfbox/pdmodel/interactive/form/PDDefaultAppearanceString.java,,,,,,,,,,,,,,,,,,,,,,,,,2,9,0,4,1,1,5,1,1,1,2,1,1,1,1,1,1,,,,,,0,,1,25,1,1,1,1
Method,"org.apache.pdfbox.pdmodel.interactive.form.PDDefaultAppearanceString.writeTo(PDAppearanceContentStream,float)",pdfbox/src/main/java/org/apache/pdfbox/pdmodel/interactive/form/PDDefaultAppearanceString.java,,,,,,,,,,,,,,,,,,,,,,,,,3,21,1,13,2,6,7,6,4,4,7,2,6,3,3,3,1,,,,,,1,,0,54,3,3,3,1
Class,"org.apache.pdfbox.pdmodel.interactive.form.PDDefaultAppearanceStringTest",pdfbox/src/test/java/org/apache/pdfbox/pdmodel/interactive/form/PDDefaultAppearanceStringTest.java,1,1,1,1,9,0,8,0,1,12,0,,0,0,,,4,3,4,16,3,0,0,1,,50,6,41,16,19,3,,,20,25,12,17,,,,,1,1,1,1,1,0,50,0,07,6,6,6,6
Public Method,"org.apache.pdfbox.pdmodel.interactive.form.PDDefaultAppearanceStringTest.setUp()",pdfbox/src/test/java/org/apache/pdfbox/pdmodel/interactive/form/PDDefaultAppearanceStringTest.java,,,,,,,,,,,,,,,,,,,,,,,,,3,9,0,7,2,3,2,6,1,3,4,1,3,1,1,1,1,,,,,,0,,0,29,1,1,1,1
Method,"org.apache.pdfbox.pdmodel.interactive.form.PDDefaultAppearanceStringTest.testFontResourceUnavailable()",pdfbox/src/test/java/org/apache/pdfbox/pdmodel/interactive/form/PDDefaultAppearanceStringTest.java,,,,,,,,,,,,,,,,,,,,,,,,,1,8,0,8,3,4,0,2,1,3,4,2,3,1,1,1,1,,,,,,0,,0,00,2,2,2,2
Lambda Method,"org.apache.pdfbox.pdmodel.interactive.form.PDDefaultAppearanceStringTest.testFontResourceUnavailable.(lambda_expr_1)()",pdfbox/src/test/java/org/apache/pdfbox/pdmodel/interactive/form/PDDefaultAppearanceStringTest.java,,,,,,,,,,,,,,,,,,,,,,,,,1,3,0,3,0,2,0,2,1,1,1,0,1,1,1,1,1,,,,,,0,,0,00,1,1,1,1
Method,"org.apache.pdfbox.pdmodel.interactive.form.PDDefaultAppearanceStringTest.testParseDAString()",pdfbox/src/test/java/org/apache/pdfbox/pdmodel/interactive/form/PDDefaultAppearanceStringTest.java,,,,,,,,,,,,,,,,,,,,,,,,,4,14,2,12,4,8,0,9,1,8,9,3,8,1,1,1,1,,,,,,0,,0,00,1,1,1,1
Method,"org.apache.pdfbox.pdmodel.interactive.form.PDDefaultAppearanceStringTest.testWrongNumberOfColorArguments()",pdfbox/src/test/java/org/apache/pdfbox/pdmodel/interactive/form/PDDefaultAppearanceStringTest.java,,,,,,,,,,,,,,,,,,,,,,,,,1,8,0,8,3,4,0,2,1,3,4,2,3,1,1,1,1,,,,,,0,,0,00,2,2,2,2
Lambda Method,"org.apache.pdfbox.pdmodel.interactive.form.PDDefaultAppearanceStringTest.testWrongNumberOfColorArguments.(lambda_expr_1)()",pdfbox/src/test/java/org/apache/pdfbox/pdmodel/interactive/form/PDDefaultAppearanceStringTest.java,,,,,,,,,,,,,,,,,,,,,,,,,1,3,0,3,0,2,0,2,1,1,1,0,1,1,1,1,1,,,,,,0,,0,00,1,1,1,1
Public Abstract Class,"org.apache.pdfbox.pdmodel.interactive.form.PDField",pdfbox/src/main/java/org/apache/pdfbox/pdmodel/interactive/form/PDField.java,1,1,1,1,14,0,8,5,2,20,2,,1,3,,,30,3,31,43,6,0,1,24,,446,38,220,54,87,188,,,73,117,53,74,,,,,10,10,12,3,1,4,64,0,85,45,45,49,27
Constructor,"org.apache.pdfbox.pdmodel.interactive.form.PDField.PDField(PDAcroForm)",pdfbox/src/main/java/org/apache/pdfbox/pdmodel/interactive/form/PDField.java,,,,,,,,,,,,,,,,,,,,,,,,,3,9,0,4,1,1,5,3,1,1,2,1,1,1,1,1,1,,,,,,0,,1,25,1,1,1,1
Constructor,"org.apache.pdfbox.pdmodel.interactive.form.PDField.PDField(PDAcroForm,COSDictionary,PDNonTerminalField)",pdfbox/src/main/java/org/apache/pdfbox/pdmodel/interactive/form/PDField.java,,,,,,,,,,,,,,,,,,,,,,,,,6,12,0,6,1,3,6,4,1,3,4,1,3,1,1,1,1,,,,,,0,,1,00,1,1,1,1
Abstract Method,"org.apache.pdfbox.pdmodel.interactive.form.PDField.exportFDF()",pdfbox/src/main/java/org/apache/pdfbox/pdmodel/interactive/form/PDField.java,,,,,,,,,,,,,,,,,,,,,,,,,2,4,0,1,1,0,3,1,0,1,1,1,0,0,0,0,0,,,,,,0,,3,00,0,0,0,0
Method,"org.apache.pdfbox.pdmodel.interactive.form.PDField.findKid(String[],int)",pdfbox/src/main/java/org/apache/pdfbox/pdmodel/interactive/form/PDField.java,,,,,,,,,,,,,,,,,,,,,,,,,7,31,0,22,4,11,9,7,5,8,13,5,10,5,5,7,1,,,,,,4,,0,41,5,5,7,1
Static Method,"org.apache.pdfbox.pdmodel.interactive.form.PDField.fromDictionary(PDAcroForm,COSDictionary,PDNonTerminalField)",pdfbox/src/main/java/org/apache/pdfbox/pdmodel/interactive/form/PDField.java,,,,,,,,,,,,,,,,,,,,,,,,,6,12,0,4,1,1,8,2,1,1,2,1,1,1,1,1,1,,,,,,0,,2,00,1,1,1,1
Public Method,"org.apache.pdfbox.pdmodel.interactive.form.PDField.getAcroForm()",pdfbox/src/main/java/org/apache/pdfbox/pdmodel/interactive/form/PDField.java,,,,,,,,,,,,,,,,,,,,,,,,,8,9,0,4,1,1,5,1,1,1,2,1,1,1,1,1,1,,,,,,0,,1,25,1,1,1,1
Public Method,"org.apache.pdfbox.pdmodel.interactive.form.PDField.getActions()",pdfbox/src/main/java/org/apache/pdfbox/pdmodel/interactive/form/PDField.java,,,,,,,,,,,,,,,,,,,,,,,,,5,11,0,5,2,2,6,3,1,2,3,2,2,2,2,2,1,,,,,,0,,1,20,2,2,2,1
Public Method,"org.apache.pdfbox.pdmodel.interactive.form.PDField.getAlternateFieldName()",pdfbox/src/main/java/org/apache/pdfbox/pdmodel/interactive/form/PDField.java,,,,,,,,,,,,,,,,,,,,,,,,,2,11,0,4,1,1,7,2,1,1,2,1,1,1,1,1,1,,,,,,0,,1,75,1,1,1,1
Public Method,"org.apache.pdfbox.pdmodel.interactive.form.PDField.getCOSObject()",pdfbox/src/main/java/org/apache/pdfbox/pdmodel/interactive/form/PDField.java,,,,,,,,,,,,,,,,,,,,,,,,,115,10,0,5,2,1,5,1,1,1,2,1,1,1,1,1,1,,,,,,0,,1,00,1,1,1,1
Public Abstract Method,"org.apache.pdfbox.pdmodel.interactive.form.PDField.getFieldFlags()",pdfbox/src/main/java/org/apache/pdfbox/pdmodel/interactive/form/PDField.java,,,,,,,,,,,,,,,,,,,,,,,,,1,6,0,1,1,0,5,1,0,1,1,1,0,0,0,0,0,,,,,,0,,5,00,0,0,0,0
Public Abstract Method,"org.apache.pdfbox.pdmodel.interactive.form.PDField.getFieldType()",pdfbox/src/main/java/org/apache/pdfbox/pdmodel/interactive/form/PDField.java,,,,,,,,,,,,,,,,,,,,,,,,,1,8,0,1,1,0,7,1,0,1,1,1,0,0,0,0,0,,,,,,0,,7,00,0,0,0,0
Public Method,"org.apache.pdfbox.pdmodel.interactive.form.PDField.getFullyQualifiedName()",pdfbox/src/main/java/org/apache/pdfbox/pdmodel/interactive/form/PDField.java,,,,,,,,,,,,,,,,,,,,,,,,,18,22,0,17,3,8,5,2,3,5,8,3,7,4,4,4,1,,,,,,2,,0,29,4,4,4,1
Protected Method,"org.apache.pdfbox.pdmodel.interactive.form.PDField.getInheritableAttribute(COSName)",pdfbox/src/main/java/org/apache/pdfbox/pdmodel/interactive/form/PDField.java,,,,,,,,,,,,,,,,,,,,,,,,,14,21,0,15,1,6,6,4,3,3,6,1,5,3,3,3,3,,,,,,1,,0,40,3,3,3,3
Public Method,"org.apache.pdfbox.pdmodel.interactive.form.PDField.getMappingName()",pdfbox/src/main/java/org/apache/pdfbox/pdmodel/interactive/form/PDField.java,,,,,,,,,,,,,,,,,,,,,,,,,2,12,0,4,1,1,8,2,1,1,2,1,1,1,1,1,1,,,,,,0,,2,00,1,1,1,1
Public Method,"org.apache.pdfbox.pdmodel.interactive.form.PDField.getParent()",pdfbox/src/main/java/org/apache/pdfbox/pdmodel/interactive/form/PDField.java,,,,,,,,,,,,,,,,,,,,,,,,,4,9,0,4,1,1,5,1,1,1,2,1,1,1,1,1,1,,,,,,0,,1,25,1,1,1,1
Public Method,"org.apache.pdfbox.pdmodel.interactive.form.PDField.getPartialName()",pdfbox/src/main/java/org/apache/pdfbox/pdmodel/interactive/form/PDField.java,,,,,,,,,,,,,,,,,,,,,,,,,10,9,0,4,1,1,5,2,1,1,2,1,1,1,1,1,1,,,,,,0,,1,25,1,1,1,1
Public Abstract Method,"org.apache.pdfbox.pdmodel.interactive.form.PDField.getValueAsString()",pdfbox/src/main/java/org/apache/pdfbox/pdmodel/interactive/form/PDField.java,,,,,,,,,,,,,,,,,,,,,,,,,6,6,0,1,1,0,5,1,0,1,1,1,0,0,0,0,0,,,,,,0,,5,00,0,0,0,0
Public Abstract Method,"org.apache.pdfbox.pdmodel.interactive.form.PDField.getWidgets()",pdfbox/src/main/java/org/apache/pdfbox/pdmodel/interactive/form/PDField.java,,,,,,,,,,,,,,,,,,,,,,,,,15,12,0,1,1,0,11,1,0,1,1,1,0,0,0,0,0,,,,,,0,,11,00,0,0,0,0
Method,"org.apache.pdfbox.pdmodel.interactive.form.PDField.importFDF(FDFField)",pdfbox/src/main/java/org/apache/pdfbox/pdmodel/interactive/form/PDField.java,,,,,,,,,,,,,,,,,,,,,,,,,6,76,5,56,9,31,15,14,35,20,30,9,26,10,10,12,1,,,,,,2,,0,27,10,10,12,1
Public Method,"org.apache.pdfbox.pdmodel.interactive.form.PDField.isNoExport()",pdfbox/src/main/java/org/apache/pdfbox/pdmodel/interactive/form/PDField.java,,,,,,,,,,,,,,,,,,,,,,,,,3,8,0,4,1,1,4,2,1,1,2,1,1,1,1,1,1,,,,,,0,,1,00,1,1,1,1
Public Method,"org.apache.pdfbox.pdmodel.interactive.form.PDField.isReadOnly()",pdfbox/src/main/java/org/apache/pdfbox/pdmodel/interactive/form/PDField.java,,,,,,,,,,,,,,,,,,,,,,,,,3,8,0,4,1,1,4,2,1,1,2,1,1,1,1,1,1,,,,,,0,,1,00,1,1,1,1
Public Method,"org.apache.pdfbox.pdmodel.interactive.form.PDField.isRequired()",pdfbox/src/main/java/org/apache/pdfbox/pdmodel/interactive/form/PDField.java,,,,,,,,,,,,,,,,,,,,,,,,,3,8,0,4,1,1,4,2,1,1,2,1,1,1,1,1,1,,,,,,0,,1,00,1,1,1,1
Public Method,"org.apache.pdfbox.pdmodel.interactive.form.PDField.setAlternateFieldName(String)",pdfbox/src/main/java/org/apache/pdfbox/pdmodel/interactive/form/PDField.java,,,,,,,,,,,,,,,,,,,,,,,,,3,12,0,4,1,1,8,1,1,1,2,1,1,1,1,1,1,,,,,,0,,2,00,1,1,1,1
Public Method,"org.apache.pdfbox.pdmodel.interactive.form.PDField.setFieldFlags(int)",pdfbox/src/main/java/org/apache/pdfbox/pdmodel/interactive/form/PDField.java,,,,,,,,,,,,,,,,,,,,,,,,,4,9,0,4,1,1,5,1,1,1,2,1,1,1,1,1,1,,,,,,0,,1,25,1,1,1,1
Public Method,"org.apache.pdfbox.pdmodel.interactive.form.PDField.setMappingName(String)",pdfbox/src/main/java/org/apache/pdfbox/pdmodel/interactive/form/PDField.java,,,,,,,,,,,,,,,,,,,,,,,,,3,9,0,4,1,1,5,1,1,1,2,1,1,1,1,1,1,,,,,,0,,1,25,1,1,1,1
Public Method,"org.apache.pdfbox.pdmodel.interactive.form.PDField.setNoExport(boolean)",pdfbox/src/main/java/org/apache/pdfbox/pdmodel/interactive/form/PDField.java,,,,,,,,,,,,,,,,,,,,,,,,,4,9,0,4,1,1,5,1,1,1,2,1,1,1,1,1,1,,,,,,0,,1,25,1,1,1,1
Public Method,"org.apache.pdfbox.pdmodel.interactive.form.PDField.setPartialName(String)",pdfbox/src/main/java/org/apache/pdfbox/pdmodel/interactive/form/PDField.java,,,,,,,,,,,,,,,,,,,,,,,,,15,15,0,9,1,4,6,3,2,2,4,1,3,2,2,2,1,,,,,,1,,0,67,2,2,2,1
Public Method,"org.apache.pdfbox.pdmodel.interactive.form.PDField.setReadOnly(boolean)",pdfbox/src/main/java/org/apache/pdfbox/pdmodel/interactive/form/PDField.java,,,,,,,,,,,,,,,,,,,,,,,,,4,9,0,4,1,1,5,1,1,1,2,1,1,1,1,1,1,,,,,,0,,1,25,1,1,1,1
Public Method,"org.apache.pdfbox.pdmodel.interactive.form.PDField.setRequired(boolean)",pdfbox/src/main/java/org/apache/pdfbox/pdmodel/interactive/form/PDField.java,,,,,,,,,,,,,,,,,,,,,,,,,4,10,0,4,1,1,6,1,1,1,2,1,1,1,1,1,1,,,,,,0,,1,50,1,1,1,1
Public Abstract Method,"org.apache.pdfbox.pdmodel.interactive.form.PDField.setValue(String)",pdfbox/src/main/java/org/apache/pdfbox/pdmodel/interactive/form/PDField.java,,,,,,,,,,,,,,,,,,,,,,,,,16,8,0,1,1,0,7,0,0,1,1,1,0,0,0,0,0,,,,,,0,,7,00,0,0,0,0
Public Method,"org.apache.pdfbox.pdmodel.interactive.form.PDField.toString()",pdfbox/src/main/java/org/apache/pdfbox/pdmodel/interactive/form/PDField.java,,,,,,,,,,,,,,,,,,,,,,,,,1,6,0,6,2,2,0,5,1,1,2,1,1,1,1,1,1,,,,,,0,,0,00,1,1,1,1
Public Final Class,"org.apache.pdfbox.pdmodel.interactive.form.PDFieldFactory",pdfbox/src/main/java/org/apache/pdfbox/pdmodel/interactive/form/PDFieldFactory.java,3,3,4,3,20,0,16,3,1,17,0,,4,4,,,1,0,5,17,0,4,0,1,,116,8,89,19,39,19,,,26,44,18,33,,,,,9,9,11,9,1,4,0,0,21,18,18,20,15
Private Constructor,"org.apache.pdfbox.pdmodel.interactive.form.PDFieldFactory.PDFieldFactory()",pdfbox/src/main/java/org/apache/pdfbox/pdmodel/interactive/form/PDFieldFactory.java,,,,,,,,,,,,,,,,,,,,,,,,,0,3,0,3,1,0,0,1,1,0,1,1,0,1,1,1,1,,,,,,0,,0,00,1,1,1,1
Private Static Method,"org.apache.pdfbox.pdmodel.interactive.form.PDFieldFactory.createButtonSubType(PDAcroForm,COSDictionary,PDNonTerminalField)",pdfbox/src/main/java/org/apache/pdfbox/pdmodel/interactive/form/PDFieldFactory.java,,,,,,,,,,,,,,,,,,,,,,,,,7,20,0,17,3,7,3,5,3,4,7,2,6,3,3,3,3,,,,,,1,,0,18,3,3,3,3
Private Static Method,"org.apache.pdfbox.pdmodel.interactive.form.PDFieldFactory.createChoiceSubType(PDAcroForm,COSDictionary,PDNonTerminalField)",pdfbox/src/main/java/org/apache/pdfbox/pdmodel/interactive/form/PDFieldFactory.java,,,,,,,,,,,,,,,,,,,,,,,,,6,13,0,13,3,5,0,4,2,3,5,2,4,2,2,2,1,,,,,,1,,0,00,2,2,2,1
Public Static Method,"org.apache.pdfbox.pdmodel.interactive.form.PDFieldFactory.createField(PDAcroForm,COSDictionary,PDNonTerminalField)",pdfbox/src/main/java/org/apache/pdfbox/pdmodel/interactive/form/PDFieldFactory.java,,,,,,,,,,,,,,,,,,,,,,,,,12,54,2,39,4,18,13,13,21,11,20,5,18,9,9,11,9,,,,,,4,,0,33,9,9,11,9
Private Static Method,"org.apache.pdfbox.pdmodel.interactive.form.PDFieldFactory.findFieldType(COSDictionary)",pdfbox/src/main/java/org/apache/pdfbox/pdmodel/interactive/form/PDFieldFactory.java,,,,,,,,,,,,,,,,,,,,,,,,,5,10,0,10,3,5,0,3,2,4,6,3,5,3,3,3,1,,,,,,1,,0,00,3,3,3,1
Public Class,"org.apache.pdfbox.pdmodel.interactive.form.PDFieldTree",pdfbox/src/main/java/org/apache/pdfbox/pdmodel/interactive/form/PDFieldTree.java,1,1,1,1,10,0,6,4,2,8,0,,0,1,,,2,1,2,14,0,0,0,2,,99,11,72,20,25,16,,,18,35,17,23,,,,,2,2,2,1,1,1,0,0,22,3,3,3,2
Private Static Final Class,"org.apache.pdfbox.pdmodel.interactive.form.PDFieldTree.FieldIterator",pdfbox/src/main/java/org/apache/pdfbox/pdmodel/interactive/form/PDFieldTree.java,2,2,2,1,9,0,9,0,2,16,0,,0,0,,,5,2,5,17,0,2,0,3,,66,7,54,14,20,5,,,13,26,12,18,,,,,4,4,4,1,1,3,60,0,09,10,10,10,5
Private Constructor,"org.apache.pdfbox.pdmodel.interactive.form.PDFieldTree.FieldIterator.FieldIterator(PDAcroForm)",pdfbox/src/main/java/org/apache/pdfbox/pdmodel/interactive/form/PDFieldTree.java,,,,,,,,,,,,,,,,,,,,,,,,,2,8,0,8,2,3,0,3,2,2,5,3,3,2,2,2,1,,,,,,1,,0,00,2,2,2,1
Private Method,"org.apache.pdfbox.pdmodel.interactive.form.PDFieldTree.FieldIterator.enqueueKids(PDField)",pdfbox/src/main/java/org/apache/pdfbox/pdmodel/interactive/form/PDFieldTree.java,,,,,,,,,,,,,,,,,,,,,,,,,5,21,0,21,2,10,0,7,4,5,10,3,8,4,4,4,1,,,,,,3,,0,00,4,4,4,1
Public Method,"org.apache.pdfbox.pdmodel.interactive.form.PDFieldTree.FieldIterator.hasNext()",pdfbox/src/main/java/org/apache/pdfbox/pdmodel/interactive/form/PDFieldTree.java,,,,,,,,,,,,,,,,,,,,,,,,,2,5,0,5,2,1,0,2,1,1,2,1,1,1,1,1,1,,,,,,0,,0,00,1,1,1,1
Public Method,"org.apache.pdfbox.pdmodel.interactive.form.PDFieldTree.FieldIterator.next()",pdfbox/src/main/java/org/apache/pdfbox/pdmodel/interactive/form/PDFieldTree.java,,,,,,,,,,,,,,,,,,,,,,,,,1,10,1,9,2,3,0,4,2,2,4,1,3,2,2,2,1,,,,,,1,,0,00,2,2,2,1
Public Method,"org.apache.pdfbox.pdmodel.interactive.form.PDFieldTree.FieldIterator.remove()",pdfbox/src/main/java/org/apache/pdfbox/pdmodel/interactive/form/PDFieldTree.java,,,,,,,,,,,,,,,,,,,,,,,,,0,5,0,5,2,1,0,1,1,1,2,1,1,1,1,1,1,,,,,,0,,0,00,1,1,1,1
Public Constructor,"org.apache.pdfbox.pdmodel.interactive.form.PDFieldTree.PDFieldTree(PDAcroForm)",pdfbox/src/main/java/org/apache/pdfbox/pdmodel/interactive/form/PDFieldTree.java,,,,,,,,,,,,,,,,,,,,,,,,,3,13,0,8,1,3,5,3,2,2,4,1,3,2,2,2,1,,,,,,1,,0,62,2,2,2,1
Public Method,"org.apache.pdfbox.pdmodel.interactive.form.PDFieldTree.iterator()",pdfbox/src/main/java/org/apache/pdfbox/pdmodel/interactive/form/PDFieldTree.java,,,,,,,,,,,,,,,,,,,,,,,,,2,8,0,5,2,1,3,2,1,1,2,1,1,1,1,1,1,,,,,,0,,0,60,1,1,1,1
Class,"org.apache.pdfbox.pdmodel.interactive.form.PDFieldTreeTest",pdfbox/src/test/java/org/apache/pdfbox/pdmodel/interactive/form/PDFieldTreeTest.java,2,2,2,1,23,1,17,6,1,11,0,,0,0,,,1,0,1,13,1,0,0,0,,31,2,20,7,9,10,,,6,11,7,6,,,,,2,2,2,1,1,2,0,0,50,2,2,2,1
Method,"org.apache.pdfbox.pdmodel.interactive.form.PDFieldTreeTest.test5044()",pdfbox/src/test/java/org/apache/pdfbox/pdmodel/interactive/form/PDFieldTreeTest.java,,,,,,,,,,,,,,,,,,,,,,,,,0,23,1,17,6,9,6,7,2,6,10,6,6,2,2,2,1,,,,,,2,,0,35,2,2,2,1
Public Final Class,"org.apache.pdfbox.pdmodel.interactive.form.PDListBox",pdfbox/src/main/java/org/apache/pdfbox/pdmodel/interactive/form/PDListBox.java,1,1,1,1,10,0,6,4,1,8,0,,0,0,,,5,0,5,99,2,0,0,3,,65,4,33,8,9,28,,,8,15,7,8,,,,,2,2,2,1,5,1,0,0,85,6,6,6,5
Public Constructor,"org.apache.pdfbox.pdmodel.interactive.form.PDListBox.PDListBox(PDAcroForm)",pdfbox/src/main/java/org/apache/pdfbox/pdmodel/interactive/form/PDListBox.java,,,,,,,,,,,,,,,,,,,,,,,,,3,9,0,4,1,1,5,2,1,1,2,1,1,1,1,1,1,,,,,,0,,1,25,1,1,1,1
Constructor,"org.apache.pdfbox.pdmodel.interactive.form.PDListBox.PDListBox(PDAcroForm,COSDictionary,PDNonTerminalField)",pdfbox/src/main/java/org/apache/pdfbox/pdmodel/interactive/form/PDListBox.java,,,,,,,,,,,,,,,,,,,,,,,,,4,11,0,4,1,1,7,2,1,1,2,1,1,1,1,1,1,,,,,,0,,1,75,1,1,1,1
Method,"org.apache.pdfbox.pdmodel.interactive.form.PDListBox.constructAppearances()",pdfbox/src/main/java/org/apache/pdfbox/pdmodel/interactive/form/PDListBox.java,,,,,,,,,,,,,,,,,,,,,,,,,0,7,0,7,3,2,0,2,1,3,4,2,2,1,1,1,1,,,,,,0,,0,00,1,1,1,1
Public Method,"org.apache.pdfbox.pdmodel.interactive.form.PDListBox.getTopIndex()",pdfbox/src/main/java/org/apache/pdfbox/pdmodel/interactive/form/PDListBox.java,,,,,,,,,,,,,,,,,,,,,,,,,3,9,0,4,1,1,5,3,1,1,2,1,1,1,1,1,1,,,,,,0,,1,25,1,1,1,1
Public Method,"org.apache.pdfbox.pdmodel.interactive.form.PDListBox.setTopIndex(Integer)",pdfbox/src/main/java/org/apache/pdfbox/pdmodel/interactive/form/PDListBox.java,,,,,,,,,,,,,,,,,,,,,,,,,3,16,0,11,1,4,5,3,2,2,4,1,3,2,2,2,1,,,,,,1,,0,45,2,2,2,1
Public Class,"org.apache.pdfbox.pdmodel.interactive.form.PDNonTerminalField",pdfbox/src/main/java/org/apache/pdfbox/pdmodel/interactive/form/PDNonTerminalField.java,1,1,1,1,13,0,8,5,1,15,0,,0,1,,,15,0,15,58,3,0,0,12,,230,19,124,37,49,87,,,43,71,34,51,,,,,6,6,6,5,2,3,0,0,70,26,26,27,19
Public Constructor,"org.apache.pdfbox.pdmodel.interactive.form.PDNonTerminalField.PDNonTerminalField(PDAcroForm)",pdfbox/src/main/java/org/apache/pdfbox/pdmodel/interactive/form/PDNonTerminalField.java,,,,,,,,,,,,,,,,,,,,,,,,,1,9,0,4,1,1,5,2,1,1,2,1,1,1,1,1,1,,,,,,0,,1,25,1,1,1,1
Constructor,"org.apache.pdfbox.pdmodel.interactive.form.PDNonTerminalField.PDNonTerminalField(PDAcroForm,COSDictionary,PDNonTerminalField)",pdfbox/src/main/java/org/apache/pdfbox/pdmodel/interactive/form/PDNonTerminalField.java,,,,,,,,,,,,,,,,,,,,,,,,,4,11,0,4,1,1,7,2,1,1,2,1,1,1,1,1,1,,,,,,0,,1,75,1,1,1,1
Method,"org.apache.pdfbox.pdmodel.interactive.form.PDNonTerminalField.exportFDF()",pdfbox/src/main/java/org/apache/pdfbox/pdmodel/interactive/form/PDNonTerminalField.java,,,,,,,,,,,,,,,,,,,,,,,,,0,17,2,15,5,9,0,12,2,8,11,5,9,2,2,2,1,,,,,,1,,0,00,2,2,2,1
Public Method,"org.apache.pdfbox.pdmodel.interactive.form.PDNonTerminalField.getChildren()",pdfbox/src/main/java/org/apache/pdfbox/pdmodel/interactive/form/PDNonTerminalField.java,,,,,,,,,,,,,,,,,,,,,,,,,7,36,1,27,5,14,8,11,7,11,17,6,15,6,6,6,5,,,,,,3,,0,30,6,6,6,5
Public Method,"org.apache.pdfbox.pdmodel.interactive.form.PDNonTerminalField.getDefaultValue()",pdfbox/src/main/java/org/apache/pdfbox/pdmodel/interactive/form/PDNonTerminalField.java,,,,,,,,,,,,,,,,,,,,,,,,,1,11,0,4,1,1,7,3,1,1,2,1,1,1,1,1,1,,,,,,0,,1,75,1,1,1,1
Public Method,"org.apache.pdfbox.pdmodel.interactive.form.PDNonTerminalField.getFieldFlags()",pdfbox/src/main/java/org/apache/pdfbox/pdmodel/interactive/form/PDNonTerminalField.java,,,,,,,,,,,,,,,,,,,,,,,,,2,6,0,5,2,1,1,3,1,1,2,1,1,1,1,1,1,,,,,,0,,0,20,1,1,1,1
Public Method,"org.apache.pdfbox.pdmodel.interactive.form.PDNonTerminalField.getFieldType()",pdfbox/src/main/java/org/apache/pdfbox/pdmodel/interactive/form/PDNonTerminalField.java,,,,,,,,,,,,,,,,,,,,,,,,,2,11,0,5,2,1,6,3,1,1,2,1,1,1,1,1,1,,,,,,0,,1,20,1,1,1,1
Public Method,"org.apache.pdfbox.pdmodel.interactive.form.PDNonTerminalField.getValue()",pdfbox/src/main/java/org/apache/pdfbox/pdmodel/interactive/form/PDNonTerminalField.java,,,,,,,,,,,,,,,,,,,,,,,,,2,10,0,4,1,1,6,3,1,1,2,1,1,1,1,1,1,,,,,,0,,1,50,1,1,1,1
Public Method,"org.apache.pdfbox.pdmodel.interactive.form.PDNonTerminalField.getValueAsString()",pdfbox/src/main/java/org/apache/pdfbox/pdmodel/interactive/form/PDNonTerminalField.java,,,,,,,,,,,,,,,,,,,,,,,,,1,12,0,6,3,2,6,4,1,2,3,2,2,2,2,2,1,,,,,,0,,1,00,2,2,2,1
Public Method,"org.apache.pdfbox.pdmodel.interactive.form.PDNonTerminalField.getWidgets()",pdfbox/src/main/java/org/apache/pdfbox/pdmodel/interactive/form/PDNonTerminalField.java,,,,,,,,,,,,,,,,,,,,,,,,,0,5,0,5,2,1,0,2,1,1,2,1,1,1,1,1,1,,,,,,0,,0,00,1,1,1,1
Method,"org.apache.pdfbox.pdmodel.interactive.form.PDNonTerminalField.importFDF(FDFField)",pdfbox/src/main/java/org/apache/pdfbox/pdmodel/interactive/form/PDNonTerminalField.java,,,,,,,,,,,,,,,,,,,,,,,,,1,24,1,23,6,11,0,8,5,9,15,7,12,5,5,6,1,,,,,,3,,0,00,5,5,6,1
Public Method,"org.apache.pdfbox.pdmodel.interactive.form.PDNonTerminalField.setChildren(List<PDField>)",pdfbox/src/main/java/org/apache/pdfbox/pdmodel/interactive/form/PDNonTerminalField.java,,,,,,,,,,,,,,,,,,,,,,,,,2,10,0,5,2,2,5,3,1,2,3,2,2,1,1,1,1,,,,,,0,,1,00,1,1,1,1
Public Method,"org.apache.pdfbox.pdmodel.interactive.form.PDNonTerminalField.setDefaultValue(COSBase)",pdfbox/src/main/java/org/apache/pdfbox/pdmodel/interactive/form/PDNonTerminalField.java,,,,,,,,,,,,,,,,,,,,,,,,,2,12,0,4,1,1,8,2,1,1,2,1,1,1,1,1,1,,,,,,0,,2,00,1,1,1,1
Public Method,"org.apache.pdfbox.pdmodel.interactive.form.PDNonTerminalField.setValue(COSBase)",pdfbox/src/main/java/org/apache/pdfbox/pdmodel/interactive/form/PDNonTerminalField.java,,,,,,,,,,,,,,,,,,,,,,,,,2,14,0,4,1,1,10,2,1,1,2,1,1,1,1,1,1,,,,,,0,,2,50,1,1,1,1
Public Method,"org.apache.pdfbox.pdmodel.interactive.form.PDNonTerminalField.setValue(String)",pdfbox/src/main/java/org/apache/pdfbox/pdmodel/interactive/form/PDNonTerminalField.java,,,,,,,,,,,,,,,,,,,,,,,,,2,13,0,5,2,1,8,2,1,1,2,1,1,1,1,1,1,,,,,,0,,1,60,1,1,1,1
Public Class,"org.apache.pdfbox.pdmodel.interactive.form.PDPushButton",pdfbox/src/main/java/org/apache/pdfbox/pdmodel/interactive/form/PDPushButton.java,1,1,1,1,6,0,5,1,1,11,0,,0,0,,,9,0,9,82,2,0,0,7,,76,8,49,17,10,19,,,9,20,10,10,,,,,2,2,3,1,4,1,0,0,39,10,10,11,9
Public Constructor,"org.apache.pdfbox.pdmodel.interactive.form.PDPushButton.PDPushButton(PDAcroForm)",pdfbox/src/main/java/org/apache/pdfbox/pdmodel/interactive/form/PDPushButton.java,,,,,,,,,,,,,,,,,,,,,,,,,5,10,0,5,1,2,5,4,1,2,3,1,2,1,1,1,1,,,,,,0,,1,00,1,1,1,1
Constructor,"org.apache.pdfbox.pdmodel.interactive.form.PDPushButton.PDPushButton(PDAcroForm,COSDictionary,PDNonTerminalField)",pdfbox/src/main/java/org/apache/pdfbox/pdmodel/interactive/form/PDPushButton.java,,,,,,,,,,,,,,,,,,,,,,,,,4,11,0,4,1,1,7,2,1,1,2,1,1,1,1,1,1,,,,,,0,,1,75,1,1,1,1
Method,"org.apache.pdfbox.pdmodel.interactive.form.PDPushButton.constructAppearances()",pdfbox/src/main/java/org/apache/pdfbox/pdmodel/interactive/form/PDPushButton.java,,,,,,,,,,,,,,,,,,,,,,,,,0,5,0,4,2,0,1,0,1,0,1,1,0,1,1,1,1,,,,,,0,,0,25,1,1,1,1
Public Method,"org.apache.pdfbox.pdmodel.interactive.form.PDPushButton.getDefaultValue()",pdfbox/src/main/java/org/apache/pdfbox/pdmodel/interactive/form/PDPushButton.java,,,,,,,,,,,,,,,,,,,,,,,,,0,5,0,5,2,1,0,1,1,1,2,1,1,1,1,1,1,,,,,,0,,0,00,1,1,1,1
Public Method,"org.apache.pdfbox.pdmodel.interactive.form.PDPushButton.getExportValues()",pdfbox/src/main/java/org/apache/pdfbox/pdmodel/interactive/form/PDPushButton.java,,,,,,,,,,,,,,,,,,,,,,,,,0,5,0,5,2,1,0,2,1,1,2,1,1,1,1,1,1,,,,,,0,,0,00,1,1,1,1
Public Method,"org.apache.pdfbox.pdmodel.interactive.form.PDPushButton.getOnValues()",pdfbox/src/main/java/org/apache/pdfbox/pdmodel/interactive/form/PDPushButton.java,,,,,,,,,,,,,,,,,,,,,,,,,0,5,0,5,2,1,0,2,1,1,2,1,1,1,1,1,1,,,,,,0,,0,00,1,1,1,1
Public Method,"org.apache.pdfbox.pdmodel.interactive.form.PDPushButton.getValue()",pdfbox/src/main/java/org/apache/pdfbox/pdmodel/interactive/form/PDPushButton.java,,,,,,,,,,,,,,,,,,,,,,,,,1,5,0,5,2,1,0,1,1,1,2,1,1,1,1,1,1,,,,,,0,,0,00,1,1,1,1
Public Method,"org.apache.pdfbox.pdmodel.interactive.form.PDPushButton.getValueAsString()",pdfbox/src/main/java/org/apache/pdfbox/pdmodel/interactive/form/PDPushButton.java,,,,,,,,,,,,,,,,,,,,,,,,,0,5,0,5,2,1,0,2,1,1,2,1,1,1,1,1,1,,,,,,0,,0,00,1,1,1,1
Public Method,"org.apache.pdfbox.pdmodel.interactive.form.PDPushButton.setExportValues(List<String>)",pdfbox/src/main/java/org/apache/pdfbox/pdmodel/interactive/form/PDPushButton.java,,,,,,,,,,,,,,,,,,,,,,,,,1,8,0,8,2,2,0,2,2,1,3,1,2,2,2,3,1,,,,,,1,,0,00,2,2,3,1
Public Final Class,"org.apache.pdfbox.pdmodel.interactive.form.PDRadioButton",pdfbox/src/main/java/org/apache/pdfbox/pdmodel/interactive/form/PDRadioButton.java,1,1,1,1,17,0,9,8,1,10,0,,0,1,,,6,0,6,79,1,0,0,5,,122,6,59,14,26,57,,,20,34,16,22,,,,,4,4,4,3,4,3,0,0,97,11,11,11,8
Public Constructor,"org.apache.pdfbox.pdmodel.interactive.form.PDRadioButton.PDRadioButton(PDAcroForm)",pdfbox/src/main/java/org/apache/pdfbox/pdmodel/interactive/form/PDRadioButton.java,,,,,,,,,,,,,,,,,,,,,,,,,6,10,0,5,1,2,5,4,1,2,3,1,2,1,1,1,1,,,,,,0,,1,00,1,1,1,1
Constructor,"org.apache.pdfbox.pdmodel.interactive.form.PDRadioButton.PDRadioButton(PDAcroForm,COSDictionary,PDNonTerminalField)",pdfbox/src/main/java/org/apache/pdfbox/pdmodel/interactive/form/PDRadioButton.java,,,,,,,,,,,,,,,,,,,,,,,,,4,11,0,4,1,1,7,2,1,1,2,1,1,1,1,1,1,,,,,,0,,1,75,1,1,1,1
Public Method,"org.apache.pdfbox.pdmodel.interactive.form.PDRadioButton.getSelectedExportValues()",pdfbox/src/main/java/org/apache/pdfbox/pdmodel/interactive/form/PDRadioButton.java,,,,,,,,,,,,,,,,,,,,,,,,,4,39,0,25,6,14,14,9,4,10,15,7,12,4,4,4,1,,,,,,3,,0,56,4,4,4,1
Public Method,"org.apache.pdfbox.pdmodel.interactive.form.PDRadioButton.getSelectedIndex()",pdfbox/src/main/java/org/apache/pdfbox/pdmodel/interactive/form/PDRadioButton.java,,,,,,,,,,,,,,,,,,,,,,,,,4,24,0,13,2,6,11,4,3,4,8,3,5,3,3,3,3,,,,,,2,,0,85,3,3,3,3
Public Method,"org.apache.pdfbox.pdmodel.interactive.form.PDRadioButton.isRadiosInUnison()",pdfbox/src/main/java/org/apache/pdfbox/pdmodel/interactive/form/PDRadioButton.java,,,,,,,,,,,,,,,,,,,,,,,,,7,8,0,4,1,1,4,3,1,1,2,1,1,1,1,1,1,,,,,,0,,1,00,1,1,1,1
Public Method,"org.apache.pdfbox.pdmodel.interactive.form.PDRadioButton.setRadiosInUnison(boolean)",pdfbox/src/main/java/org/apache/pdfbox/pdmodel/interactive/form/PDRadioButton.java,,,,,,,,,,,,,,,,,,,,,,,,,3,12,0,4,1,1,8,2,1,1,2,1,1,1,1,1,1,,,,,,0,,2,00,1,1,1,1
Public Class,"org.apache.pdfbox.pdmodel.interactive.form.PDSignatureField",pdfbox/src/main/java/org/apache/pdfbox/pdmodel/interactive/form/PDSignatureField.java,1,1,1,1,12,0,6,5,1,21,0,,0,1,,,13,0,13,67,2,1,0,10,,181,15,93,26,40,73,,,30,48,23,32,,,,,3,3,7,3,3,2,0,0,78,22,22,26,16
Public Constructor,"org.apache.pdfbox.pdmodel.interactive.form.PDSignatureField.PDSignatureField(PDAcroForm)",pdfbox/src/main/java/org/apache/pdfbox/pdmodel/interactive/form/PDSignatureField.java,,,,,,,,,,,,,,,,,,,,,,,,,9,13,0,8,1,5,5,10,1,5,6,1,5,1,1,1,1,,,,,,0,,0,62,1,1,1,1
Constructor,"org.apache.pdfbox.pdmodel.interactive.form.PDSignatureField.PDSignatureField(PDAcroForm,COSDictionary,PDNonTerminalField)",pdfbox/src/main/java/org/apache/pdfbox/pdmodel/interactive/form/PDSignatureField.java,,,,,,,,,,,,,,,,,,,,,,,,,4,11,0,4,1,1,7,2,1,1,2,1,1,1,1,1,1,,,,,,0,,1,75,1,1,1,1
Method,"org.apache.pdfbox.pdmodel.interactive.form.PDSignatureField.constructAppearances()",pdfbox/src/main/java/org/apache/pdfbox/pdmodel/interactive/form/PDSignatureField.java,,,,,,,,,,,,,,,,,,,,,,,,,1,21,1,18,3,10,2,9,3,3,6,2,5,3,3,7,3,,,,,,2,,0,11,3,3,7,3
Private Method,"org.apache.pdfbox.pdmodel.interactive.form.PDSignatureField.generatePartialName()",pdfbox/src/main/java/org/apache/pdfbox/pdmodel/interactive/form/PDSignatureField.java,,,,,,,,,,,,,,,,,,,,,,,,,2,17,0,12,4,7,5,6,2,6,8,4,5,2,2,2,1,,,,,,1,,0,42,3,3,3,2
Lambda Method,"org.apache.pdfbox.pdmodel.interactive.form.PDSignatureField.generatePartialName.(lambda_expr_1)(PDField (inferred))",pdfbox/src/main/java/org/apache/pdfbox/pdmodel/interactive/form/PDSignatureField.java,,,,,,,,,,,,,,,,,,,,,,,,,1,1,0,1,0,1,0,3,1,0,0,0,0,1,1,1,1,,,,,,0,,0,00,1,1,1,1
Public Method,"org.apache.pdfbox.pdmodel.interactive.form.PDSignatureField.getDefaultValue()",pdfbox/src/main/java/org/apache/pdfbox/pdmodel/interactive/form/PDSignatureField.java,,,,,,,,,,,,,,,,,,,,,,,,,1,10,0,5,2,2,5,4,1,2,3,2,2,2,2,2,1,,,,,,0,,1,00,2,2,2,1
Public Method,"org.apache.pdfbox.pdmodel.interactive.form.PDSignatureField.getSeedValue()",pdfbox/src/main/java/org/apache/pdfbox/pdmodel/interactive/form/PDSignatureField.java,,,,,,,,,,,,,,,,,,,,,,,,,1,12,0,5,2,2,7,4,1,2,3,2,2,2,2,2,1,,,,,,0,,1,40,2,2,2,1
Public Method,"org.apache.pdfbox.pdmodel.interactive.form.PDSignatureField.getSignature()",pdfbox/src/main/java/org/apache/pdfbox/pdmodel/interactive/form/PDSignatureField.java,,,,,,,,,,,,,,,,,,,,,,,,,3,10,0,4,1,1,6,2,1,1,2,1,1,1,1,1,1,,,,,,0,,1,50,1,1,1,1
Public Method,"org.apache.pdfbox.pdmodel.interactive.form.PDSignatureField.getValue()",pdfbox/src/main/java/org/apache/pdfbox/pdmodel/interactive/form/PDSignatureField.java,,,,,,,,,,,,,,,,,,,,,,,,,3,10,0,5,2,2,5,4,1,2,3,2,2,2,2,2,1,,,,,,0,,1,00,2,2,2,1
Public Method,"org.apache.pdfbox.pdmodel.interactive.form.PDSignatureField.getValueAsString()",pdfbox/src/main/java/org/apache/pdfbox/pdmodel/interactive/form/PDSignatureField.java,,,,,,,,,,,,,,,,,,,,,,,,,0,6,0,6,3,2,0,3,1,2,3,2,2,2,2,2,1,,,,,,0,,0,00,2,2,2,1
Public Method,"org.apache.pdfbox.pdmodel.interactive.form.PDSignatureField.setDefaultValue(PDSignature)",pdfbox/src/main/java/org/apache/pdfbox/pdmodel/interactive/form/PDSignatureField.java,,,,,,,,,,,,,,,,,,,,,,,,,2,9,0,4,1,1,5,2,1,1,2,1,1,1,1,1,1,,,,,,0,,1,25,1,1,1,1
Public Method,"org.apache.pdfbox.pdmodel.interactive.form.PDSignatureField.setSeedValue(PDSeedValue)",pdfbox/src/main/java/org/apache/pdfbox/pdmodel/interactive/form/PDSignatureField.java,,,,,,,,,,,,,,,,,,,,,,,,,2,14,0,7,1,2,7,2,2,1,3,1,2,2,2,2,1,,,,,,1,,1,00,2,2,2,1
Public Method,"org.apache.pdfbox.pdmodel.interactive.form.PDSignatureField.setValue(PDSignature)",pdfbox/src/main/java/org/apache/pdfbox/pdmodel/interactive/form/PDSignatureField.java,,,,,,,,,,,,,,,,,,,,,,,,,4,10,0,5,1,2,5,3,1,2,3,1,2,1,1,1,1,,,,,,0,,1,00,1,1,1,1
Public Method,"org.apache.pdfbox.pdmodel.interactive.form.PDSignatureField.setValue(String)",pdfbox/src/main/java/org/apache/pdfbox/pdmodel/interactive/form/PDSignatureField.java,,,,,,,,,,,,,,,,,,,,,,,,,1,14,0,6,2,2,8,1,1,1,2,1,1,1,1,1,1,,,,,,0,,1,33,1,1,1,1
Class,"org.apache.pdfbox.pdmodel.interactive.form.PDSignatureFieldTest",pdfbox/src/test/java/org/apache/pdfbox/pdmodel/interactive/form/PDSignatureFieldTest.java,1,1,1,1,12,1,9,1,1,19,0,,0,0,,,4,2,4,16,3,0,0,1,,62,8,43,16,22,11,,,23,28,12,21,,,,,1,1,1,1,1,0,50,0,26,5,5,5,5
Method,"org.apache.pdfbox.pdmodel.interactive.form.PDSignatureFieldTest.createDefaultSignatureField()",pdfbox/src/test/java/org/apache/pdfbox/pdmodel/interactive/form/PDSignatureFieldTest.java,,,,,,,,,,,,,,,,,,,,,,,,,6,19,4,14,4,10,1,12,1,10,11,3,10,1,1,1,1,,,,,,0,,0,07,1,1,1,1
Public Method,"org.apache.pdfbox.pdmodel.interactive.form.PDSignatureFieldTest.setUp()",pdfbox/src/test/java/org/apache/pdfbox/pdmodel/interactive/form/PDSignatureFieldTest.java,,,,,,,,,,,,,,,,,,,,,,,,,1,6,0,6,2,2,0,4,1,2,3,1,2,1,1,1,1,,,,,,0,,0,00,1,1,1,1
Method,"org.apache.pdfbox.pdmodel.interactive.form.PDSignatureFieldTest.setValueForAbstractedSignatureField()",pdfbox/src/test/java/org/apache/pdfbox/pdmodel/interactive/form/PDSignatureFieldTest.java,,,,,,,,,,,,,,,,,,,,,,,,,2,9,0,9,3,5,0,3,1,4,5,2,4,1,1,1,1,,,,,,0,,0,00,2,2,2,2
Lambda Method,"org.apache.pdfbox.pdmodel.interactive.form.PDSignatureFieldTest.setValueForAbstractedSignatureField.(lambda_expr_1)()",pdfbox/src/test/java/org/apache/pdfbox/pdmodel/interactive/form/PDSignatureFieldTest.java,,,,,,,,,,,,,,,,,,,,,,,,,0,3,0,3,0,2,0,2,1,1,1,0,1,1,1,1,1,,,,,,0,,0,00,1,1,1,1
Method,"org.apache.pdfbox.pdmodel.interactive.form.PDSignatureFieldTest.testGetContents()",pdfbox/src/test/java/org/apache/pdfbox/pdmodel/interactive/form/PDSignatureFieldTest.java,,,,,,,,,,,,,,,,,,,,,,,,,1,15,0,9,4,5,6,8,1,5,6,3,5,1,1,1,1,,,,,,0,,0,67,1,1,1,1
Public Abstract Class,"org.apache.pdfbox.pdmodel.interactive.form.PDTerminalField",pdfbox/src/main/java/org/apache/pdfbox/pdmodel/interactive/form/PDTerminalField.java,2,2,2,1,16,0,11,4,1,17,3,,0,0,,,11,0,11,54,3,0,2,6,,190,14,115,30,50,61,,,40,65,28,48,,,,,5,5,5,1,2,3,0,0,53,22,22,23,10
Protected Constructor,"org.apache.pdfbox.pdmodel.interactive.form.PDTerminalField.PDTerminalField(PDAcroForm)",pdfbox/src/main/java/org/apache/pdfbox/pdmodel/interactive/form/PDTerminalField.java,,,,,,,,,,,,,,,,,,,,,,,,,4,9,0,4,1,1,5,2,1,1,2,1,1,1,1,1,1,,,,,,0,,1,25,1,1,1,1
Constructor,"org.apache.pdfbox.pdmodel.interactive.form.PDTerminalField.PDTerminalField(PDAcroForm,COSDictionary,PDNonTerminalField)",pdfbox/src/main/java/org/apache/pdfbox/pdmodel/interactive/form/PDTerminalField.java,,,,,,,,,,,,,,,,,,,,,,,,,6,11,0,4,1,1,7,2,1,1,2,1,1,1,1,1,1,,,,,,0,,1,75,1,1,1,1
Protected Final Method,"org.apache.pdfbox.pdmodel.interactive.form.PDTerminalField.applyChange()",pdfbox/src/main/java/org/apache/pdfbox/pdmodel/interactive/form/PDTerminalField.java,,,,,,,,,,,,,,,,,,,,,,,,,6,10,0,4,1,1,6,1,1,1,2,1,1,1,1,1,1,,,,,,0,,1,50,1,1,1,1
Abstract Method,"org.apache.pdfbox.pdmodel.interactive.form.PDTerminalField.constructAppearances()",pdfbox/src/main/java/org/apache/pdfbox/pdmodel/interactive/form/PDTerminalField.java,,,,,,,,,,,,,,,,,,,,,,,,,3,7,0,1,1,0,6,0,0,1,1,1,0,0,0,0,0,,,,,,0,,6,00,0,0,0,0
Method,"org.apache.pdfbox.pdmodel.interactive.form.PDTerminalField.exportFDF()",pdfbox/src/main/java/org/apache/pdfbox/pdmodel/interactive/form/PDTerminalField.java,,,,,,,,,,,,,,,,,,,,,,,,,1,12,2,8,3,4,2,7,1,4,5,2,4,1,1,1,1,,,,,,0,,0,25,1,1,1,1
Public Method,"org.apache.pdfbox.pdmodel.interactive.form.PDTerminalField.getFieldFlags()",pdfbox/src/main/java/org/apache/pdfbox/pdmodel/interactive/form/PDTerminalField.java,,,,,,,,,,,,,,,,,,,,,,,,,1,15,0,15,4,7,0,6,3,5,8,3,6,3,3,3,1,,,,,,1,,0,00,3,3,3,1
Public Method,"org.apache.pdfbox.pdmodel.interactive.form.PDTerminalField.getFieldType()",pdfbox/src/main/java/org/apache/pdfbox/pdmodel/interactive/form/PDTerminalField.java,,,,,,,,,,,,,,,,,,,,,,,,,7,10,0,10,3,4,0,5,2,3,5,2,4,2,2,3,1,,,,,,1,,0,00,2,2,3,1
Public Method,"org.apache.pdfbox.pdmodel.interactive.form.PDTerminalField.getWidgets()",pdfbox/src/main/java/org/apache/pdfbox/pdmodel/interactive/form/PDTerminalField.java,,,,,,,,,,,,,,,,,,,,,,,,,44,32,0,22,5,10,10,8,5,8,13,5,11,5,5,5,1,,,,,,3,,0,45,5,5,5,1
Public Method,"org.apache.pdfbox.pdmodel.interactive.form.PDTerminalField.importFDF(FDFField)",pdfbox/src/main/java/org/apache/pdfbox/pdmodel/interactive/form/PDTerminalField.java,,,,,,,,,,,,,,,,,,,,,,,,,1,42,2,31,7,17,9,7,6,12,18,7,15,5,5,5,1,,,,,,3,,0,29,5,5,5,1
Public Method,"org.apache.pdfbox.pdmodel.interactive.form.PDTerminalField.setActions(PDFormFieldAdditionalActions)",pdfbox/src/main/java/org/apache/pdfbox/pdmodel/interactive/form/PDTerminalField.java,,,,,,,,,,,,,,,,,,,,,,,,,2,9,0,4,1,1,5,2,1,1,2,1,1,1,1,1,1,,,,,,0,,1,25,1,1,1,1
Public Method,"org.apache.pdfbox.pdmodel.interactive.form.PDTerminalField.setWidgets(List<PDAnnotationWidget>)",pdfbox/src/main/java/org/apache/pdfbox/pdmodel/interactive/form/PDTerminalField.java,,,,,,,,,,,,,,,,,,,,,,,,,6,14,0,9,2,4,5,5,2,3,6,3,4,2,2,2,1,,,,,,1,,0,56,2,2,2,1
Public Final Class,"org.apache.pdfbox.pdmodel.interactive.form.PDTextField",pdfbox/src/main/java/org/apache/pdfbox/pdmodel/interactive/form/PDTextField.java,1,1,1,1,8,0,4,4,1,8,0,,0,7,,,24,0,24,90,2,0,0,22,,242,24,113,36,34,105,,,35,60,33,27,,,,,1,1,1,1,4,0,0,0,93,24,24,24,24
Public Constructor,"org.apache.pdfbox.pdmodel.interactive.form.PDTextField.PDTextField(PDAcroForm)",pdfbox/src/main/java/org/apache/pdfbox/pdmodel/interactive/form/PDTextField.java,,,,,,,,,,,,,,,,,,,,,,,,,12,10,0,5,1,2,5,4,1,2,3,1,2,1,1,1,1,,,,,,0,,1,00,1,1,1,1
Constructor,"org.apache.pdfbox.pdmodel.interactive.form.PDTextField.PDTextField(PDAcroForm,COSDictionary,PDNonTerminalField)",pdfbox/src/main/java/org/apache/pdfbox/pdmodel/interactive/form/PDTextField.java,,,,,,,,,,,,,,,,,,,,,,,,,4,11,0,4,1,1,7,2,1,1,2,1,1,1,1,1,1,,,,,,0,,1,75,1,1,1,1
Method,"org.apache.pdfbox.pdmodel.interactive.form.PDTextField.constructAppearances()",pdfbox/src/main/java/org/apache/pdfbox/pdmodel/interactive/form/PDTextField.java,,,,,,,,,,,,,,,,,,,,,,,,,0,7,0,7,3,2,0,3,1,3,4,2,2,1,1,1,1,,,,,,0,,0,00,1,1,1,1
Public Method,"org.apache.pdfbox.pdmodel.interactive.form.PDTextField.doNotScroll()",pdfbox/src/main/java/org/apache/pdfbox/pdmodel/interactive/form/PDTextField.java,,,,,,,,,,,,,,,,,,,,,,,,,3,7,0,4,1,1,3,3,1,1,2,1,1,1,1,1,1,,,,,,0,,0,75,1,1,1,1
Public Method,"org.apache.pdfbox.pdmodel.interactive.form.PDTextField.doNotSpellCheck()",pdfbox/src/main/java/org/apache/pdfbox/pdmodel/interactive/form/PDTextField.java,,,,,,,,,,,,,,,,,,,,,,,,,2,7,0,4,1,1,3,3,1,1,2,1,1,1,1,1,1,,,,,,0,,0,75,1,1,1,1
Public Method,"org.apache.pdfbox.pdmodel.interactive.form.PDTextField.getDefaultValue()",pdfbox/src/main/java/org/apache/pdfbox/pdmodel/interactive/form/PDTextField.java,,,,,,,,,,,,,,,,,,,,,,,,,2,9,0,4,1,1,5,3,1,1,2,1,1,1,1,1,1,,,,,,0,,1,25,1,1,1,1
Public Method,"org.apache.pdfbox.pdmodel.interactive.form.PDTextField.getMaxLen()",pdfbox/src/main/java/org/apache/pdfbox/pdmodel/interactive/form/PDTextField.java,,,,,,,,,,,,,,,,,,,,,,,,,2,9,0,4,1,1,5,3,1,1,2,1,1,1,1,1,1,,,,,,0,,1,25,1,1,1,1
Public Method,"org.apache.pdfbox.pdmodel.interactive.form.PDTextField.getValue()",pdfbox/src/main/java/org/apache/pdfbox/pdmodel/interactive/form/PDTextField.java,,,,,,,,,,,,,,,,,,,,,,,,,8,9,0,4,1,1,5,3,1,1,2,1,1,1,1,1,1,,,,,,0,,1,25,1,1,1,1
Public Method,"org.apache.pdfbox.pdmodel.interactive.form.PDTextField.getValueAsString()",pdfbox/src/main/java/org/apache/pdfbox/pdmodel/interactive/form/PDTextField.java,,,,,,,,,,,,,,,,,,,,,,,,,0,5,0,5,2,1,0,2,1,1,2,1,1,1,1,1,1,,,,,,0,,0,00,1,1,1,1
Public Method,"org.apache.pdfbox.pdmodel.interactive.form.PDTextField.isComb()",pdfbox/src/main/java/org/apache/pdfbox/pdmodel/interactive/form/PDTextField.java,,,,,,,,,,,,,,,,,,,,,,,,,4,7,0,4,1,1,3,3,1,1,2,1,1,1,1,1,1,,,,,,0,,0,75,1,1,1,1
Public Method,"org.apache.pdfbox.pdmodel.interactive.form.PDTextField.isFileSelect()",pdfbox/src/main/java/org/apache/pdfbox/pdmodel/interactive/form/PDTextField.java,,,,,,,,,,,,,,,,,,,,,,,,,3,7,0,4,1,1,3,3,1,1,2,1,1,1,1,1,1,,,,,,0,,0,75,1,1,1,1
Public Method,"org.apache.pdfbox.pdmodel.interactive.form.PDTextField.isMultiline()",pdfbox/src/main/java/org/apache/pdfbox/pdmodel/interactive/form/PDTextField.java,,,,,,,,,,,,,,,,,,,,,,,,,6,7,0,4,1,1,3,3,1,1,2,1,1,1,1,1,1,,,,,,0,,0,75,1,1,1,1
Public Method,"org.apache.pdfbox.pdmodel.interactive.form.PDTextField.isPassword()",pdfbox/src/main/java/org/apache/pdfbox/pdmodel/interactive/form/PDTextField.java,,,,,,,,,,,,,,,,,,,,,,,,,3,7,0,4,1,1,3,3,1,1,2,1,1,1,1,1,1,,,,,,0,,0,75,1,1,1,1
Public Method,"org.apache.pdfbox.pdmodel.interactive.form.PDTextField.isRichText()",pdfbox/src/main/java/org/apache/pdfbox/pdmodel/interactive/form/PDTextField.java,,,,,,,,,,,,,,,,,,,,,,,,,2,7,0,4,1,1,3,3,1,1,2,1,1,1,1,1,1,,,,,,0,,0,75,1,1,1,1
Public Method,"org.apache.pdfbox.pdmodel.interactive.form.PDTextField.setComb(boolean)",pdfbox/src/main/java/org/apache/pdfbox/pdmodel/interactive/form/PDTextField.java,,,,,,,,,,,,,,,,,,,,,,,,,4,9,0,4,1,1,5,2,1,1,2,1,1,1,1,1,1,,,,,,0,,1,25,1,1,1,1
Public Method,"org.apache.pdfbox.pdmodel.interactive.form.PDTextField.setDefaultValue(String)",pdfbox/src/main/java/org/apache/pdfbox/pdmodel/interactive/form/PDTextField.java,,,,,,,,,,,,,,,,,,,,,,,,,2,9,0,4,1,1,5,2,1,1,2,1,1,1,1,1,1,,,,,,0,,1,25,1,1,1,1
Public Method,"org.apache.pdfbox.pdmodel.interactive.form.PDTextField.setDoNotScroll(boolean)",pdfbox/src/main/java/org/apache/pdfbox/pdmodel/interactive/form/PDTextField.java,,,,,,,,,,,,,,,,,,,,,,,,,4,9,0,4,1,1,5,2,1,1,2,1,1,1,1,1,1,,,,,,0,,1,25,1,1,1,1
Public Method,"org.apache.pdfbox.pdmodel.interactive.form.PDTextField.setDoNotSpellCheck(boolean)",pdfbox/src/main/java/org/apache/pdfbox/pdmodel/interactive/form/PDTextField.java,,,,,,,,,,,,,,,,,,,,,,,,,3,9,0,4,1,1,5,2,1,1,2,1,1,1,1,1,1,,,,,,0,,1,25,1,1,1,1
Public Method,"org.apache.pdfbox.pdmodel.interactive.form.PDTextField.setFileSelect(boolean)",pdfbox/src/main/java/org/apache/pdfbox/pdmodel/interactive/form/PDTextField.java,,,,,,,,,,,,,,,,,,,,,,,,,3,9,0,4,1,1,5,2,1,1,2,1,1,1,1,1,1,,,,,,0,,1,25,1,1,1,1
Public Method,"org.apache.pdfbox.pdmodel.interactive.form.PDTextField.setMaxLen(int)",pdfbox/src/main/java/org/apache/pdfbox/pdmodel/interactive/form/PDTextField.java,,,,,,,,,,,,,,,,,,,,,,,,,2,9,0,4,1,1,5,2,1,1,2,1,1,1,1,1,1,,,,,,0,,1,25,1,1,1,1
Public Method,"org.apache.pdfbox.pdmodel.interactive.form.PDTextField.setMultiline(boolean)",pdfbox/src/main/java/org/apache/pdfbox/pdmodel/interactive/form/PDTextField.java,,,,,,,,,,,,,,,,,,,,,,,,,3,9,0,4,1,1,5,2,1,1,2,1,1,1,1,1,1,,,,,,0,,1,25,1,1,1,1
Public Method,"org.apache.pdfbox.pdmodel.interactive.form.PDTextField.setPassword(boolean)",pdfbox/src/main/java/org/apache/pdfbox/pdmodel/interactive/form/PDTextField.java,,,,,,,,,,,,,,,,,,,,,,,,,3,9,0,4,1,1,5,2,1,1,2,1,1,1,1,1,1,,,,,,0,,1,25,1,1,1,1
Public Method,"org.apache.pdfbox.pdmodel.interactive.form.PDTextField.setRichText(boolean)",pdfbox/src/main/java/org/apache/pdfbox/pdmodel/interactive/form/PDTextField.java,,,,,,,,,,,,,,,,,,,,,,,,,3,9,0,4,1,1,5,2,1,1,2,1,1,1,1,1,1,,,,,,0,,1,25,1,1,1,1
Public Method,"org.apache.pdfbox.pdmodel.interactive.form.PDTextField.setValue(String)",pdfbox/src/main/java/org/apache/pdfbox/pdmodel/interactive/form/PDTextField.java,,,,,,,,,,,,,,,,,,,,,,,,,15,12,0,6,2,2,6,3,1,2,3,1,2,1,1,1,1,,,,,,0,,1,00,1,1,1,1
Class,"org.apache.pdfbox.pdmodel.interactive.form.PDTextFieldTest",pdfbox/src/test/java/org/apache/pdfbox/pdmodel/interactive/form/PDTextFieldTest.java,1,1,1,1,9,1,8,0,1,12,0,,0,0,,,3,2,3,15,2,0,0,1,,42,9,29,12,12,4,,,14,18,9,12,,,,,1,1,1,1,1,0,33,0,14,3,3,3,3
Method,"org.apache.pdfbox.pdmodel.interactive.form.PDTextFieldTest.createDefaultTextField()",pdfbox/src/test/java/org/apache/pdfbox/pdmodel/interactive/form/PDTextFieldTest.java,,,,,,,,,,,,,,,,,,,,,,,,,2,8,1,7,3,3,0,5,1,3,4,2,3,1,1,1,1,,,,,,0,,0,00,1,1,1,1
Method,"org.apache.pdfbox.pdmodel.interactive.form.PDTextFieldTest.createWidgetForGet()",pdfbox/src/test/java/org/apache/pdfbox/pdmodel/interactive/form/PDTextFieldTest.java,,,,,,,,,,,,,,,,,,,,,,,,,5,15,4,11,4,7,0,9,1,7,8,3,7,1,1,1,1,,,,,,0,,0,00,1,1,1,1
Public Method,"org.apache.pdfbox.pdmodel.interactive.form.PDTextFieldTest.setUp()",pdfbox/src/test/java/org/apache/pdfbox/pdmodel/interactive/form/PDTextFieldTest.java,,,,,,,,,,,,,,,,,,,,,,,,,1,6,0,6,2,2,0,4,1,2,3,1,2,1,1,1,1,,,,,,0,,0,00,1,1,1,1
Public Abstract Class,"org.apache.pdfbox.pdmodel.interactive.form.PDVariableText",pdfbox/src/main/java/org/apache/pdfbox/pdmodel/interactive/form/PDVariableText.java,1,1,1,1,17,0,7,9,1,12,2,,0,3,,,12,0,12,66,3,0,1,8,,228,14,96,23,38,118,,,30,50,23,31,,,,,3,3,3,3,3,1,0,1,23,19,19,19,14
Constructor,"org.apache.pdfbox.pdmodel.interactive.form.PDVariableText.PDVariableText(PDAcroForm)",pdfbox/src/main/java/org/apache/pdfbox/pdmodel/interactive/form/PDVariableText.java,,,,,,,,,,,,,,,,,,,,,,,,,3,9,0,4,1,1,5,2,1,1,2,1,1,1,1,1,1,,,,,,0,,1,25,1,1,1,1
Constructor,"org.apache.pdfbox.pdmodel.interactive.form.PDVariableText.PDVariableText(PDAcroForm,COSDictionary,PDNonTerminalField)",pdfbox/src/main/java/org/apache/pdfbox/pdmodel/interactive/form/PDVariableText.java,,,,,,,,,,,,,,,,,,,,,,,,,5,11,0,4,1,1,7,2,1,1,2,1,1,1,1,1,1,,,,,,0,,1,75,1,1,1,1
Public Method,"org.apache.pdfbox.pdmodel.interactive.form.PDVariableText.getDefaultAppearance()",pdfbox/src/main/java/org/apache/pdfbox/pdmodel/interactive/form/PDVariableText.java,,,,,,,,,,,,,,,,,,,,,,,,,6,21,0,11,3,5,10,3,2,5,7,3,5,2,2,2,1,,,,,,1,,0,91,2,2,2,1
Method,"org.apache.pdfbox.pdmodel.interactive.form.PDVariableText.getDefaultAppearanceString()",pdfbox/src/main/java/org/apache/pdfbox/pdmodel/interactive/form/PDVariableText.java,,,,,,,,,,,,,,,,,,,,,,,,,2,21,0,11,4,6,10,5,2,5,7,4,5,2,2,2,1,,,,,,1,,0,91,2,2,2,1
Public Method,"org.apache.pdfbox.pdmodel.interactive.form.PDVariableText.getDefaultStyleString()",pdfbox/src/main/java/org/apache/pdfbox/pdmodel/interactive/form/PDVariableText.java,,,,,,,,,,,,,,,,,,,,,,,,,2,12,0,4,1,1,8,3,1,1,2,1,1,1,1,1,1,,,,,,0,,2,00,1,1,1,1
Public Method,"org.apache.pdfbox.pdmodel.interactive.form.PDVariableText.getQ()",pdfbox/src/main/java/org/apache/pdfbox/pdmodel/interactive/form/PDVariableText.java,,,,,,,,,,,,,,,,,,,,,,,,,4,24,2,10,3,5,12,3,2,4,6,3,4,2,2,2,1,,,,,,1,,1,20,2,2,2,1
Public Method,"org.apache.pdfbox.pdmodel.interactive.form.PDVariableText.getRichTextValue()",pdfbox/src/main/java/org/apache/pdfbox/pdmodel/interactive/form/PDVariableText.java,,,,,,,,,,,,,,,,,,,,,,,,,2,9,0,4,1,1,5,3,1,1,2,1,1,1,1,1,1,,,,,,0,,1,25,1,1,1,1
Protected Final Method,"org.apache.pdfbox.pdmodel.interactive.form.PDVariableText.getStringOrStream(COSBase)",pdfbox/src/main/java/org/apache/pdfbox/pdmodel/interactive/form/PDVariableText.java,,,,,,,,,,,,,,,,,,,,,,,,,4,20,0,12,1,5,8,3,3,3,6,1,5,3,3,3,3,,,,,,1,,0,67,3,3,3,3
Public Method,"org.apache.pdfbox.pdmodel.interactive.form.PDVariableText.setDefaultAppearance(String)",pdfbox/src/main/java/org/apache/pdfbox/pdmodel/interactive/form/PDVariableText.java,,,,,,,,,,,,,,,,,,,,,,,,,7,24,0,4,1,1,20,2,1,1,2,1,1,1,1,1,1,,,,,,0,,5,00,1,1,1,1
Public Method,"org.apache.pdfbox.pdmodel.interactive.form.PDVariableText.setDefaultStyleString(String)",pdfbox/src/main/java/org/apache/pdfbox/pdmodel/interactive/form/PDVariableText.java,,,,,,,,,,,,,,,,,,,,,,,,,2,18,0,11,1,4,7,4,2,2,4,1,3,2,2,2,1,,,,,,1,,0,64,2,2,2,1
Public Method,"org.apache.pdfbox.pdmodel.interactive.form.PDVariableText.setQ(int)",pdfbox/src/main/java/org/apache/pdfbox/pdmodel/interactive/form/PDVariableText.java,,,,,,,,,,,,,,,,,,,,,,,,,3,9,0,4,1,1,5,2,1,1,2,1,1,1,1,1,1,,,,,,0,,1,25,1,1,1,1
Public Method,"org.apache.pdfbox.pdmodel.interactive.form.PDVariableText.setRichTextValue(String)",pdfbox/src/main/java/org/apache/pdfbox/pdmodel/interactive/form/PDVariableText.java,,,,,,,,,,,,,,,,,,,,,,,,,2,26,0,11,1,4,15,4,2,2,4,1,3,2,2,2,1,,,,,,1,,1,36,2,2,2,1
Public Final Class,"org.apache.pdfbox.pdmodel.interactive.form.PDXFAResource",pdfbox/src/main/java/org/apache/pdfbox/pdmodel/interactive/form/PDXFAResource.java,1,1,1,1,14,0,8,6,2,12,0,,2,0,,,4,1,6,18,0,2,0,4,,107,8,52,10,17,48,,,13,26,10,17,,,,,3,3,3,3,1,3,50,0,92,10,10,10,8
Public Constructor,"org.apache.pdfbox.pdmodel.interactive.form.PDXFAResource.PDXFAResource(COSBase)",pdfbox/src/main/java/org/apache/pdfbox/pdmodel/interactive/form/PDXFAResource.java,,,,,,,,,,,,,,,,,,,,,,,,,2,9,0,4,1,1,5,2,1,1,2,1,1,1,1,1,1,,,,,,0,,1,25,1,1,1,1
Public Method,"org.apache.pdfbox.pdmodel.interactive.form.PDXFAResource.getBytes()",pdfbox/src/main/java/org/apache/pdfbox/pdmodel/interactive/form/PDXFAResource.java,,,,,,,,,,,,,,,,,,,,,,,,,2,30,0,12,1,5,18,5,3,3,6,1,5,3,3,3,3,,,,,,1,,1,50,3,3,3,3
Private Static Method,"org.apache.pdfbox.pdmodel.interactive.form.PDXFAResource.getBytesFromPacket(COSArray)",pdfbox/src/main/java/org/apache/pdfbox/pdmodel/interactive/form/PDXFAResource.java,,,,,,,,,,,,,,,,,,,,,,,,,2,15,0,15,2,6,0,8,3,5,9,3,7,3,3,3,1,,,,,,3,,0,00,3,3,3,1
Private Static Method,"org.apache.pdfbox.pdmodel.interactive.form.PDXFAResource.getBytesFromStream(COSStream)",pdfbox/src/main/java/org/apache/pdfbox/pdmodel/interactive/form/PDXFAResource.java,,,,,,,,,,,,,,,,,,,,,,,,,3,7,0,7,1,2,0,3,1,1,3,1,2,1,1,1,1,,,,,,1,,0,00,1,1,1,1
Public Method,"org.apache.pdfbox.pdmodel.interactive.form.PDXFAResource.getCOSObject()",pdfbox/src/main/java/org/apache/pdfbox/pdmodel/interactive/form/PDXFAResource.java,,,,,,,,,,,,,,,,,,,,,,,,,2,8,0,5,2,1,3,1,1,1,2,1,1,1,1,1,1,,,,,,0,,0,60,1,1,1,1
Public Method,"org.apache.pdfbox.pdmodel.interactive.form.PDXFAResource.getDocument()",pdfbox/src/main/java/org/apache/pdfbox/pdmodel/interactive/form/PDXFAResource.java,,,,,,,,,,,,,,,,,,,,,,,,,0,15,0,5,1,2,11,4,1,1,2,1,1,1,1,1,1,,,,,,0,,2,20,1,1,1,1
Class,"org.apache.pdfbox.pdmodel.interactive.form.PlainText",pdfbox/src/main/java/org/apache/pdfbox/pdmodel/interactive/form/PlainText.java,2,2,2,1,17,0,10,7,1,5,0,,0,1,,,3,1,3,15,3,0,0,0,,300,37,186,53,87,77,,,77,113,55,75,,,,,4,4,4,1,1,3,0,0,41,7,7,7,4
Static Class,"org.apache.pdfbox.pdmodel.interactive.form.PlainText.Line",pdfbox/src/main/java/org/apache/pdfbox/pdmodel/interactive/form/PlainText.java,1,1,1,1,6,0,6,0,1,12,0,,0,0,,,6,2,6,18,6,0,0,0,,53,6,44,14,18,3,,,16,26,15,14,,,,,3,3,4,1,1,2,41,0,07,8,8,9,6
Method,"org.apache.pdfbox.pdmodel.interactive.form.PlainText.Line.addWord(Word)",pdfbox/src/main/java/org/apache/pdfbox/pdmodel/interactive/form/PlainText.java,,,,,,,,,,,,,,,,,,,,,,,,,3,4,0,4,1,1,0,1,1,1,2,1,1,1,1,1,1,,,,,,0,,0,00,1,1,1,1
Method,"org.apache.pdfbox.pdmodel.interactive.form.PlainText.Line.calculateWidth(PDFont,float)",pdfbox/src/main/java/org/apache/pdfbox/pdmodel/interactive/form/PlainText.java,,,,,,,,,,,,,,,,,,,,,,,,,6,19,0,19,6,12,0,11,3,9,13,7,8,3,3,4,1,,,,,,2,,0,00,3,3,4,1
Method,"org.apache.pdfbox.pdmodel.interactive.form.PlainText.Line.getInterWordSpacing(float)",pdfbox/src/main/java/org/apache/pdfbox/pdmodel/interactive/form/PlainText.java,,,,,,,,,,,,,,,,,,,,,,,,,4,4,0,4,1,1,0,2,1,1,2,1,1,1,1,1,1,,,,,,0,,0,00,1,1,1,1
Method,"org.apache.pdfbox.pdmodel.interactive.form.PlainText.Line.getWidth()",pdfbox/src/main/java/org/apache/pdfbox/pdmodel/interactive/form/PlainText.java,,,,,,,,,,,,,,,,,,,,,,,,,2,4,0,4,1,1,0,1,1,1,2,1,1,1,1,1,1,,,,,,0,,0,00,1,1,1,1
Method,"org.apache.pdfbox.pdmodel.interactive.form.PlainText.Line.getWords()",pdfbox/src/main/java/org/apache/pdfbox/pdmodel/interactive/form/PlainText.java,,,,,,,,,,,,,,,,,,,,,,,,,3,4,0,4,1,1,0,1,1,1,2,1,1,1,1,1,1,,,,,,0,,0,00,1,1,1,1
Method,"org.apache.pdfbox.pdmodel.interactive.form.PlainText.Line.setWidth(float)",pdfbox/src/main/java/org/apache/pdfbox/pdmodel/interactive/form/PlainText.java,,,,,,,,,,,,,,,,,,,,,,,,,2,4,0,4,1,1,0,1,1,1,2,1,1,1,1,1,1,,,,,,0,,0,00,1,1,1,1
Static Class,"org.apache.pdfbox.pdmodel.interactive.form.PlainText.Paragraph",pdfbox/src/main/java/org/apache/pdfbox/pdmodel/interactive/form/PlainText.java,3,3,4,2,33,4,24,5,1,12,0,,0,0,,,3,1,3,15,3,0,0,0,,116,15,77,21,48,24,,,41,52,21,43,,,,,8,8,11,5,1,4,0,0,31,10,10,13,7
Constructor,"org.apache.pdfbox.pdmodel.interactive.form.PlainText.Paragraph.Paragraph(String)",pdfbox/src/main/java/org/apache/pdfbox/pdmodel/interactive/form/PlainText.java,,,,,,,,,,,,,,,,,,,,,,,,,3,4,0,4,1,1,0,2,1,1,2,1,1,1,1,1,1,,,,,,0,,0,00,1,1,1,1
Method,"org.apache.pdfbox.pdmodel.interactive.form.PlainText.Paragraph.getLines(PDFont,float,float)",pdfbox/src/main/java/org/apache/pdfbox/pdmodel/interactive/form/PlainText.java,,,,,,,,,,,,,,,,,,,,,,,,,9,88,12,65,17,46,11,22,33,38,46,17,41,8,8,11,5,,,,,,4,,0,17,8,8,11,5
Method,"org.apache.pdfbox.pdmodel.interactive.form.PlainText.Paragraph.getText()",pdfbox/src/main/java/org/apache/pdfbox/pdmodel/interactive/form/PlainText.java,,,,,,,,,,,,,,,,,,,,,,,,,2,9,0,4,1,1,5,1,1,1,2,1,1,1,1,1,1,,,,,,0,,1,25,1,1,1,1
Constructor,"org.apache.pdfbox.pdmodel.interactive.form.PlainText.PlainText(List<String>)",pdfbox/src/main/java/org/apache/pdfbox/pdmodel/interactive/form/PlainText.java,,,,,,,,,,,,,,,,,,,,,,,,,2,13,0,5,1,2,8,5,1,2,3,1,2,1,1,1,1,,,,,,0,,1,60,2,2,2,2
Constructor,"org.apache.pdfbox.pdmodel.interactive.form.PlainText.PlainText(String)",pdfbox/src/main/java/org/apache/pdfbox/pdmodel/interactive/form/PlainText.java,,,,,,,,,,,,,,,,,,,,,,,,,11,31,0,21,2,10,10,8,4,6,11,3,9,4,4,4,1,,,,,,3,,0,48,4,4,4,1
Lambda Method,"org.apache.pdfbox.pdmodel.interactive.form.PlainText.PlainText.(lambda_expr_1)(String (inferred))",pdfbox/src/main/java/org/apache/pdfbox/pdmodel/interactive/form/PlainText.java,,,,,,,,,,,,,,,,,,,,,,,,,2,1,0,1,0,1,0,3,1,0,0,0,0,1,1,1,1,,,,,,0,,0,00,1,1,1,1
Static Class,"org.apache.pdfbox.pdmodel.interactive.form.PlainText.TextAttribute",pdfbox/src/main/java/org/apache/pdfbox/pdmodel/interactive/form/PlainText.java,1,1,1,1,4,0,4,0,1,1,0,,0,2,,,1,0,1,19,0,0,1,0,,26,4,9,4,3,13,,,3,5,4,2,,,,,1,1,1,1,1,0,0,1,44,1,1,1,1
Protected Constructor,"org.apache.pdfbox.pdmodel.interactive.form.PlainText.TextAttribute.TextAttribute(String)",pdfbox/src/main/java/org/apache/pdfbox/pdmodel/interactive/form/PlainText.java,,,,,,,,,,,,,,,,,,,,,,,,,1,4,0,4,1,1,0,2,1,1,2,1,1,1,1,1,1,,,,,,0,,0,00,1,1,1,1
Static Class,"org.apache.pdfbox.pdmodel.interactive.form.PlainText.Word",pdfbox/src/main/java/org/apache/pdfbox/pdmodel/interactive/form/PlainText.java,1,1,1,1,4,0,4,0,1,2,0,,0,0,,,4,2,4,16,4,0,0,0,,31,4,21,7,4,6,,,6,11,7,4,,,,,1,1,1,1,1,0,50,0,29,4,4,4,4
Constructor,"org.apache.pdfbox.pdmodel.interactive.form.PlainText.Word.Word(String)",pdfbox/src/main/java/org/apache/pdfbox/pdmodel/interactive/form/PlainText.java,,,,,,,,,,,,,,,,,,,,,,,,,2,4,0,4,1,1,0,2,1,1,2,1,1,1,1,1,1,,,,,,0,,0,00,1,1,1,1
Method,"org.apache.pdfbox.pdmodel.interactive.form.PlainText.Word.getAttributes()",pdfbox/src/main/java/org/apache/pdfbox/pdmodel/interactive/form/PlainText.java,,,,,,,,,,,,,,,,,,,,,,,,,3,4,0,4,1,1,0,1,1,1,2,1,1,1,1,1,1,,,,,,0,,0,00,1,1,1,1
Method,"org.apache.pdfbox.pdmodel.interactive.form.PlainText.Word.getText()",pdfbox/src/main/java/org/apache/pdfbox/pdmodel/interactive/form/PlainText.java,,,,,,,,,,,,,,,,,,,,,,,,,3,4,0,4,1,1,0,1,1,1,2,1,1,1,1,1,1,,,,,,0,,0,00,1,1,1,1
Method,"org.apache.pdfbox.pdmodel.interactive.form.PlainText.Word.setAttributes(AttributedString)",pdfbox/src/main/java/org/apache/pdfbox/pdmodel/interactive/form/PlainText.java,,,,,,,,,,,,,,,,,,,,,,,,,2,4,0,4,1,1,0,1,1,1,2,1,1,1,1,1,1,,,,,,0,,0,00,1,1,1,1
Method,"org.apache.pdfbox.pdmodel.interactive.form.PlainText.getParagraphs()",pdfbox/src/main/java/org/apache/pdfbox/pdmodel/interactive/form/PlainText.java,,,,,,,,,,,,,,,,,,,,,,,,,9,9,0,4,1,1,5,1,1,1,2,1,1,1,1,1,1,,,,,,0,,1,25,1,1,1,1
Class,"org.apache.pdfbox.pdmodel.interactive.form.PlainTextFormatter",pdfbox/src/main/java/org/apache/pdfbox/pdmodel/interactive/form/PlainTextFormatter.java,6,4,6,1,43,3,35,5,1,16,0,,0,1,,,3,8,3,15,0,2,0,1,,261,37,197,50,99,27,,,85,119,51,71,,,,,9,7,10,1,1,5,8,0,14,18,14,20,3
Static Class,"org.apache.pdfbox.pdmodel.interactive.form.PlainTextFormatter.Builder",pdfbox/src/main/java/org/apache/pdfbox/pdmodel/interactive/form/PlainTextFormatter.java,1,1,1,1,4,0,4,0,1,5,0,,0,0,,,9,8,9,21,9,0,0,0,,72,14,55,18,22,3,,,25,35,18,17,,,,,1,1,1,1,1,0,87,0,05,9,9,9,9
Constructor,"org.apache.pdfbox.pdmodel.interactive.form.PlainTextFormatter.Builder.Builder(PDAppearanceContentStream)",pdfbox/src/main/java/org/apache/pdfbox/pdmodel/interactive/form/PlainTextFormatter.java,,,,,,,,,,,,,,,,,,,,,,,,,1,4,0,4,1,1,0,2,1,1,2,1,1,1,1,1,1,,,,,,0,,0,00,1,1,1,1
Method,"org.apache.pdfbox.pdmodel.interactive.form.PlainTextFormatter.Builder.build()",pdfbox/src/main/java/org/apache/pdfbox/pdmodel/interactive/form/PlainTextFormatter.java,,,,,,,,,,,,,,,,,,,,,,,,,1,4,0,4,1,1,0,2,1,1,2,1,1,1,1,1,1,,,,,,0,,0,00,1,1,1,1
Method,"org.apache.pdfbox.pdmodel.interactive.form.PlainTextFormatter.Builder.initialOffset(float,float)",pdfbox/src/main/java/org/apache/pdfbox/pdmodel/interactive/form/PlainTextFormatter.java,,,,,,,,,,,,,,,,,,,,,,,,,3,6,0,6,1,3,0,3,1,3,4,1,3,1,1,1,1,,,,,,0,,0,00,1,1,1,1
Method,"org.apache.pdfbox.pdmodel.interactive.form.PlainTextFormatter.Builder.style(AppearanceStyle)",pdfbox/src/main/java/org/apache/pdfbox/pdmodel/interactive/form/PlainTextFormatter.java,,,,,,,,,,,,,,,,,,,,,,,,,2,5,0,5,1,2,0,2,1,2,3,1,2,1,1,1,1,,,,,,0,,0,00,1,1,1,1
Method,"org.apache.pdfbox.pdmodel.interactive.form.PlainTextFormatter.Builder.text(PlainText)",pdfbox/src/main/java/org/apache/pdfbox/pdmodel/interactive/form/PlainTextFormatter.java,,,,,,,,,,,,,,,,,,,,,,,,,2,5,0,5,1,2,0,2,1,2,3,1,2,1,1,1,1,,,,,,0,,0,00,1,1,1,1
Method,"org.apache.pdfbox.pdmodel.interactive.form.PlainTextFormatter.Builder.textAlign(TextAlign)",pdfbox/src/main/java/org/apache/pdfbox/pdmodel/interactive/form/PlainTextFormatter.java,,,,,,,,,,,,,,,,,,,,,,,,,1,5,0,5,1,2,0,2,1,2,3,1,2,1,1,1,1,,,,,,0,,0,00,1,1,1,1
Method,"org.apache.pdfbox.pdmodel.interactive.form.PlainTextFormatter.Builder.textAlign(int)",pdfbox/src/main/java/org/apache/pdfbox/pdmodel/interactive/form/PlainTextFormatter.java,,,,,,,,,,,,,,,,,,,,,,,,,2,5,0,5,1,2,0,3,1,2,3,1,2,1,1,1,1,,,,,,0,,0,00,1,1,1,1
Method,"org.apache.pdfbox.pdmodel.interactive.form.PlainTextFormatter.Builder.width(float)",pdfbox/src/main/java/org/apache/pdfbox/pdmodel/interactive/form/PlainTextFormatter.java,,,,,,,,,,,,,,,,,,,,,,,,,2,5,0,5,1,2,0,2,1,2,3,1,2,1,1,1,1,,,,,,0,,0,00,1,1,1,1
Method,"org.apache.pdfbox.pdmodel.interactive.form.PlainTextFormatter.Builder.wrapLines(boolean)",pdfbox/src/main/java/org/apache/pdfbox/pdmodel/interactive/form/PlainTextFormatter.java,,,,,,,,,,,,,,,,,,,,,,,,,2,5,0,5,1,2,0,2,1,2,3,1,2,1,1,1,1,,,,,,0,,0,00,1,1,1,1
Private Constructor,"org.apache.pdfbox.pdmodel.interactive.form.PlainTextFormatter.PlainTextFormatter(Builder)",pdfbox/src/main/java/org/apache/pdfbox/pdmodel/interactive/form/PlainTextFormatter.java,,,,,,,,,,,,,,,,,,,,,,,,,10,11,0,11,1,8,0,9,1,8,9,1,8,1,1,1,1,,,,,,0,,0,00,1,1,1,1
Enum Type,"org.apache.pdfbox.pdmodel.interactive.form.PlainTextFormatter.TextAlign",pdfbox/src/main/java/org/apache/pdfbox/pdmodel/interactive/form/PlainTextFormatter.java,1,1,1,1,3,0,3,0,1,1,0,,1,0,,,4,5,5,31,1,1,0,3,,28,4,24,6,6,0,,,6,12,6,6,,,,,3,3,3,3,1,2,,0,00,5,5,5,5
Private Constructor,"org.apache.pdfbox.pdmodel.interactive.form.PlainTextFormatter.TextAlign.TextAlign(int)",pdfbox/src/main/java/org/apache/pdfbox/pdmodel/interactive/form/PlainTextFormatter.java,,,,,,,,,,,,,,,,,,,,,,,,,1,4,0,4,1,1,0,2,1,1,2,1,1,1,1,1,1,,,,,,0,,0,00,1,1,1,1
Method,"org.apache.pdfbox.pdmodel.interactive.form.PlainTextFormatter.TextAlign.getTextAlign()",pdfbox/src/main/java/org/apache/pdfbox/pdmodel/interactive/form/PlainTextFormatter.java,,,,,,,,,,,,,,,,,,,,,,,,,2,4,0,4,1,1,0,1,1,1,2,1,1,1,1,1,1,,,,,,0,,0,00,1,1,1,1
Public Implicit Method,"org.apache.pdfbox.pdmodel.interactive.form.PlainTextFormatter.TextAlign.valueOf()",pdfbox/src/main/java/org/apache/pdfbox/pdmodel/interactive/form/PlainTextFormatter.java,,,,,,,,,,,,,,,,,,,,,,,,,,,,,,,,,,,,,,,,,,,,,,,,,0,00,0,0,0,0
Public Static Method,"org.apache.pdfbox.pdmodel.interactive.form.PlainTextFormatter.TextAlign.valueOf(int)",pdfbox/src/main/java/org/apache/pdfbox/pdmodel/interactive/form/PlainTextFormatter.java,,,,,,,,,,,,,,,,,,,,,,,,,3,11,0,11,1,4,0,3,3,2,6,2,4,3,3,3,3,,,,,,2,,0,00,3,3,3,3
Public Implicit Method,"org.apache.pdfbox.pdmodel.interactive.form.PlainTextFormatter.TextAlign.values()",pdfbox/src/main/java/org/apache/pdfbox/pdmodel/interactive/form/PlainTextFormatter.java,,,,,,,,,,,,,,,,,,,,,,,,,,,,,,,,,,,,,,,,,,,,,,,,,0,00,0,0,0,0
Public Method,"org.apache.pdfbox.pdmodel.interactive.form.PlainTextFormatter.format()",pdfbox/src/main/java/org/apache/pdfbox/pdmodel/interactive/form/PlainTextFormatter.java,,,,,,,,,,,,,,,,,,,,,,,,,13,52,4,43,7,28,5,10,7,13,20,6,16,8,6,9,1,,,,,,5,,0,12,8,6,9,1
Private Method,"org.apache.pdfbox.pdmodel.interactive.form.PlainTextFormatter.processLines(List<Line>,boolean)",pdfbox/src/main/java/org/apache/pdfbox/pdmodel/interactive/form/PlainTextFormatter.java,,,,,,,,,,,,,,,,,,,,,,,,,13,68,6,52,8,34,10,14,31,24,33,10,24,9,7,10,1,,,,,,3,,0,19,9,7,10,1
Class,"org.apache.pdfbox.pdmodel.interactive.form.PlainTextTest",pdfbox/src/test/java/org/apache/pdfbox/pdmodel/interactive/form/PlainTextTest.java,1,1,1,1,6,0,6,0,1,3,0,,0,0,,,6,0,6,18,6,0,0,0,,52,7,39,19,12,6,,,12,19,13,12,,,,,1,1,1,1,1,0,0,0,15,6,6,6,6
Method,"org.apache.pdfbox.pdmodel.interactive.form.PlainTextTest.characterCR()",pdfbox/src/test/java/org/apache/pdfbox/pdmodel/interactive/form/PlainTextTest.java,,,,,,,,,,,,,,,,,,,,,,,,,0,6,0,6,3,2,0,4,1,2,3,2,2,1,1,1,1,,,,,,0,,0,00,1,1,1,1
Method,"org.apache.pdfbox.pdmodel.interactive.form.PlainTextTest.characterCRLF()",pdfbox/src/test/java/org/apache/pdfbox/pdmodel/interactive/form/PlainTextTest.java,,,,,,,,,,,,,,,,,,,,,,,,,0,6,0,6,3,2,0,4,1,2,3,2,2,1,1,1,1,,,,,,0,,0,00,1,1,1,1
Method,"org.apache.pdfbox.pdmodel.interactive.form.PlainTextTest.characterLF()",pdfbox/src/test/java/org/apache/pdfbox/pdmodel/interactive/form/PlainTextTest.java,,,,,,,,,,,,,,,,,,,,,,,,,0,6,0,6,3,2,0,4,1,2,3,2,2,1,1,1,1,,,,,,0,,0,00,1,1,1,1
Method,"org.apache.pdfbox.pdmodel.interactive.form.PlainTextTest.characterLFCR()",pdfbox/src/test/java/org/apache/pdfbox/pdmodel/interactive/form/PlainTextTest.java,,,,,,,,,,,,,,,,,,,,,,,,,0,6,0,6,3,2,0,4,1,2,3,2,2,1,1,1,1,,,,,,0,,0,00,1,1,1,1
Method,"org.apache.pdfbox.pdmodel.interactive.form.PlainTextTest.characterUnicodeLinebreak()",pdfbox/src/test/java/org/apache/pdfbox/pdmodel/interactive/form/PlainTextTest.java,,,,,,,,,,,,,,,,,,,,,,,,,0,6,0,6,3,2,0,4,1,2,3,2,2,1,1,1,1,,,,,,0,,0,00,1,1,1,1
Method,"org.apache.pdfbox.pdmodel.interactive.form.PlainTextTest.characterUnicodeParagraphbreak()",pdfbox/src/test/java/org/apache/pdfbox/pdmodel/interactive/form/PlainTextTest.java,,,,,,,,,,,,,,,,,,,,,,,,,0,6,0,6,3,2,0,4,1,2,3,2,2,1,1,1,1,,,,,,0,,0,00,1,1,1,1
Public Interface,"org.apache.pdfbox.pdmodel.interactive.form.ScriptingHandler",pdfbox/src/main/java/org/apache/pdfbox/pdmodel/interactive/form/ScriptingHandler.java,0,0,0,0,0,0,0,0,0,2,0,,0,0,,,4,0,4,4,4,0,0,0,,38,3,7,5,0,28,,,4,5,5,0,,,,,0,0,0,0,0,0,0,4,00,0,0,0,0
Abstract Method,"org.apache.pdfbox.pdmodel.interactive.form.ScriptingHandler.calculate(PDActionJavaScript,String)",pdfbox/src/main/java/org/apache/pdfbox/pdmodel/interactive/form/ScriptingHandler.java,,,,,,,,,,,,,,,,,,,,,,,,,0,8,0,1,1,0,7,1,0,1,1,1,0,0,0,0,0,,,,,,0,,7,00,0,0,0,0
Abstract Method,"org.apache.pdfbox.pdmodel.interactive.form.ScriptingHandler.format(PDActionJavaScript,String)",pdfbox/src/main/java/org/apache/pdfbox/pdmodel/interactive/form/ScriptingHandler.java,,,,,,,,,,,,,,,,,,,,,,,,,1,8,0,1,1,0,7,1,0,1,1,1,0,0,0,0,0,,,,,,0,,7,00,0,0,0,0
Abstract Method,"org.apache.pdfbox.pdmodel.interactive.form.ScriptingHandler.keyboard(PDActionJavaScript,String)",pdfbox/src/main/java/org/apache/pdfbox/pdmodel/interactive/form/ScriptingHandler.java,,,,,,,,,,,,,,,,,,,,,,,,,0,8,0,1,1,0,7,1,0,1,1,1,0,0,0,0,0,,,,,,0,,7,00,0,0,0,0
Abstract Method,"org.apache.pdfbox.pdmodel.interactive.form.ScriptingHandler.validate(PDActionJavaScript,String)",pdfbox/src/main/java/org/apache/pdfbox/pdmodel/interactive/form/ScriptingHandler.java,,,,,,,,,,,,,,,,,,,,,,,,,0,8,0,1,1,0,7,1,0,1,1,1,0,0,0,0,0,,,,,,0,,7,00,0,0,0,0
Class,"org.apache.pdfbox.pdmodel.interactive.form.TestCheckBox",pdfbox/src/test/java/org/apache/pdfbox/pdmodel/interactive/form/TestCheckBox.java,1,1,1,1,40,3,28,9,1,22,0,,0,0,,,2,0,2,14,2,0,0,0,,87,8,59,18,45,22,,,43,48,16,45,,,,,1,1,1,1,1,1,0,0,37,2,2,2,2
Method,"org.apache.pdfbox.pdmodel.interactive.form.TestCheckBox.testCheckBoxNoAppearance()",pdfbox/src/test/java/org/apache/pdfbox/pdmodel/interactive/form/TestCheckBox.java,,,,,,,,,,,,,,,,,,,,,,,,,2,37,0,32,10,26,7,31,1,25,27,9,26,1,1,1,1,,,,,,1,,0,22,1,1,1,1
Method,"org.apache.pdfbox.pdmodel.interactive.form.TestCheckBox.testCheckboxPDModel()",pdfbox/src/test/java/org/apache/pdfbox/pdmodel/interactive/form/TestCheckBox.java,,,,,,,,,,,,,,,,,,,,,,,,,1,43,6,25,7,19,12,19,1,18,20,6,19,1,1,1,1,,,,,,1,,0,48,1,1,1,1
Class,"org.apache.pdfbox.pdmodel.interactive.form.TestFields",pdfbox/src/test/java/org/apache/pdfbox/pdmodel/interactive/form/TestFields.java,1,1,1,1,43,5,27,10,1,19,0,,0,1,,,3,0,3,15,3,0,0,0,,146,22,86,15,65,38,,,58,65,12,60,,,,,1,1,1,1,1,1,0,0,44,3,3,3,3
Method,"org.apache.pdfbox.pdmodel.interactive.form.TestFields.testAcroFormsBasicFields()",pdfbox/src/test/java/org/apache/pdfbox/pdmodel/interactive/form/TestFields.java,,,,,,,,,,,,,,,,,,,,,,,,,3,58,6,38,4,32,14,21,1,27,29,3,28,1,1,1,1,,,,,,1,,0,37,1,1,1,1
Method,"org.apache.pdfbox.pdmodel.interactive.form.TestFields.testFlags()",pdfbox/src/test/java/org/apache/pdfbox/pdmodel/interactive/form/TestFields.java,,,,,,,,,,,,,,,,,,,,,,,,,0,46,6,30,4,24,10,9,1,23,25,3,24,1,1,1,1,,,,,,1,,0,33,1,1,1,1
Method,"org.apache.pdfbox.pdmodel.interactive.form.TestFields.testWidgetMissingRect()",pdfbox/src/test/java/org/apache/pdfbox/pdmodel/interactive/form/TestFields.java,,,,,,,,,,,,,,,,,,,,,,,,,3,26,4,14,5,8,8,13,1,7,9,4,8,1,1,1,1,,,,,,1,,0,57,1,1,1,1
Class,"org.apache.pdfbox.pdmodel.interactive.form.TestListBox",pdfbox/src/test/java/org/apache/pdfbox/pdmodel/interactive/form/TestListBox.java,1,1,1,1,17,2,12,3,1,31,0,,0,0,,,11,4,11,23,11,0,0,0,,221,36,138,42,88,48,,,90,102,29,85,,,,,1,1,1,1,1,0,47,0,35,13,13,13,13
Method,"org.apache.pdfbox.pdmodel.interactive.form.TestListBox.setUp()",pdfbox/src/test/java/org/apache/pdfbox/pdmodel/interactive/form/TestListBox.java,,,,,,,,,,,,,,,,,,,,,,,,,7,50,10,29,9,25,11,23,1,25,26,8,24,1,1,1,1,,,,,,0,,0,38,1,1,1,1
Method,"org.apache.pdfbox.pdmodel.interactive.form.TestListBox.tearDown()",pdfbox/src/test/java/org/apache/pdfbox/pdmodel/interactive/form/TestListBox.java,,,,,,,,,,,,,,,,,,,,,,,,,1,5,0,5,2,1,0,1,1,1,2,1,1,1,1,1,1,,,,,,0,,0,00,1,1,1,1
Method,"org.apache.pdfbox.pdmodel.interactive.form.TestListBox.testEmptyOptionsNotNull()",pdfbox/src/test/java/org/apache/pdfbox/pdmodel/interactive/form/TestListBox.java,,,,,,,,,,,,,,,,,,,,,,,,,3,12,1,9,2,5,2,9,1,5,6,1,5,1,1,1,1,,,,,,0,,0,22,1,1,1,1
Method,"org.apache.pdfbox.pdmodel.interactive.form.TestListBox.testExceptionForDifferentNumberOfEntries()",pdfbox/src/test/java/org/apache/pdfbox/pdmodel/interactive/form/TestListBox.java,,,,,,,,,,,,,,,,,,,,,,,,,2,14,2,9,4,5,3,4,1,4,5,2,4,1,1,1,1,,,,,,0,,0,33,2,2,2,2
Lambda Method,"org.apache.pdfbox.pdmodel.interactive.form.TestListBox.testExceptionForDifferentNumberOfEntries.(lambda_expr_1)()",pdfbox/src/test/java/org/apache/pdfbox/pdmodel/interactive/form/TestListBox.java,,,,,,,,,,,,,,,,,,,,,,,,,3,3,0,3,1,2,0,2,1,1,1,0,1,1,1,1,1,,,,,,0,,0,00,1,1,1,1
Method,"org.apache.pdfbox.pdmodel.interactive.form.TestListBox.testExportValuesGetterSetter()",pdfbox/src/test/java/org/apache/pdfbox/pdmodel/interactive/form/TestListBox.java,,,,,,,,,,,,,,,,,,,,,,,,,3,26,3,18,4,14,6,15,1,14,15,3,14,1,1,1,1,,,,,,0,,0,33,1,1,1,1
Method,"org.apache.pdfbox.pdmodel.interactive.form.TestListBox.testFieldValueSetterGetter()",pdfbox/src/test/java/org/apache/pdfbox/pdmodel/interactive/form/TestListBox.java,,,,,,,,,,,,,,,,,,,,,,,,,4,24,3,17,4,13,4,13,1,13,14,3,13,1,1,1,1,,,,,,0,,0,24,1,1,1,1
Method,"org.apache.pdfbox.pdmodel.interactive.form.TestListBox.testMultiselect()",pdfbox/src/test/java/org/apache/pdfbox/pdmodel/interactive/form/TestListBox.java,,,,,,,,,,,,,,,,,,,,,,,,,3,21,4,12,4,8,5,6,1,7,8,2,7,1,1,1,1,,,,,,0,,0,42,2,2,2,2
Lambda Method,"org.apache.pdfbox.pdmodel.interactive.form.TestListBox.testMultiselect.(lambda_expr_1)()",pdfbox/src/test/java/org/apache/pdfbox/pdmodel/interactive/form/TestListBox.java,,,,,,,,,,,,,,,,,,,,,,,,,2,3,0,3,1,2,0,2,1,1,1,0,1,1,1,1,1,,,,,,0,,0,00,1,1,1,1
Method,"org.apache.pdfbox.pdmodel.interactive.form.TestListBox.testNoNullsReturned()",pdfbox/src/test/java/org/apache/pdfbox/pdmodel/interactive/form/TestListBox.java,,,,,,,,,,,,,,,,,,,,,,,,,1,8,0,6,2,2,2,3,1,2,3,1,2,1,1,1,1,,,,,,0,,0,33,1,1,1,1
Method,"org.apache.pdfbox.pdmodel.interactive.form.TestListBox.testOptIsRemovedForNull()",pdfbox/src/test/java/org/apache/pdfbox/pdmodel/interactive/form/TestListBox.java,,,,,,,,,,,,,,,,,,,,,,,,,3,12,0,9,2,5,3,8,1,5,6,1,5,1,1,1,1,,,,,,0,,0,33,1,1,1,1
Method,"org.apache.pdfbox.pdmodel.interactive.form.TestListBox.testSetExportAndDisplay()",pdfbox/src/test/java/org/apache/pdfbox/pdmodel/interactive/form/TestListBox.java,,,,,,,,,,,,,,,,,,,,,,,,,3,8,0,7,2,3,1,4,1,3,4,1,3,1,1,1,1,,,,,,0,,0,14,1,1,1,1
Method,"org.apache.pdfbox.pdmodel.interactive.form.TestListBox.testSortOption()",pdfbox/src/test/java/org/apache/pdfbox/pdmodel/interactive/form/TestListBox.java,,,,,,,,,,,,,,,,,,,,,,,,,3,14,1,11,2,7,2,5,1,7,8,1,7,1,1,1,1,,,,,,0,,0,18,1,1,1,1
Class,"org.apache.pdfbox.pdmodel.interactive.form.TestRadioButtons",pdfbox/src/test/java/org/apache/pdfbox/pdmodel/interactive/form/TestRadioButtons.java,1,1,1,1,31,3,20,8,1,26,0,,0,0,,,9,0,9,21,9,0,0,0,,300,37,188,61,129,83,,,108,128,51,107,,,,,2,2,2,1,1,2,0,0,44,12,12,12,11
Method,"org.apache.pdfbox.pdmodel.interactive.form.TestRadioButtons.testPDFBox3656ByInvalidExportValue()",pdfbox/src/test/java/org/apache/pdfbox/pdmodel/interactive/form/TestRadioButtons.java,,,,,,,,,,,,,,,,,,,,,,,,,1,34,5,21,9,15,9,16,1,12,14,7,11,1,1,1,1,,,,,,1,,0,43,2,2,2,2
Lambda Method,"org.apache.pdfbox.pdmodel.interactive.form.TestRadioButtons.testPDFBox3656ByInvalidExportValue.(lambda_expr_1)()",pdfbox/src/test/java/org/apache/pdfbox/pdmodel/interactive/form/TestRadioButtons.java,,,,,,,,,,,,,,,,,,,,,,,,,0,3,0,3,1,2,0,2,1,1,1,0,1,1,1,1,1,,,,,,0,,0,00,1,1,1,1
Method,"org.apache.pdfbox.pdmodel.interactive.form.TestRadioButtons.testPDFBox3656ByInvalidIndex()",pdfbox/src/test/java/org/apache/pdfbox/pdmodel/interactive/form/TestRadioButtons.java,,,,,,,,,,,,,,,,,,,,,,,,,1,38,6,21,9,15,12,16,1,12,14,7,11,1,1,1,1,,,,,,1,,0,57,2,2,2,2
Lambda Method,"org.apache.pdfbox.pdmodel.interactive.form.TestRadioButtons.testPDFBox3656ByInvalidIndex.(lambda_expr_1)()",pdfbox/src/test/java/org/apache/pdfbox/pdmodel/interactive/form/TestRadioButtons.java,,,,,,,,,,,,,,,,,,,,,,,,,0,3,0,3,1,2,0,2,1,1,1,0,1,1,1,1,1,,,,,,0,,0,00,1,1,1,1
Method,"org.apache.pdfbox.pdmodel.interactive.form.TestRadioButtons.testPDFBox3656ByValidExportValue()",pdfbox/src/test/java/org/apache/pdfbox/pdmodel/interactive/form/TestRadioButtons.java,,,,,,,,,,,,,,,,,,,,,,,,,0,27,1,16,5,10,11,11,1,7,9,4,7,1,1,1,1,,,,,,1,,0,69,1,1,1,1
Method,"org.apache.pdfbox.pdmodel.interactive.form.TestRadioButtons.testPDFBox3656ByValidIndex()",pdfbox/src/test/java/org/apache/pdfbox/pdmodel/interactive/form/TestRadioButtons.java,,,,,,,,,,,,,,,,,,,,,,,,,0,27,1,16,5,10,11,11,1,7,9,4,7,1,1,1,1,,,,,,1,,0,69,1,1,1,1
Method,"org.apache.pdfbox.pdmodel.interactive.form.TestRadioButtons.testPDFBox3656NotInUnison()",pdfbox/src/test/java/org/apache/pdfbox/pdmodel/interactive/form/TestRadioButtons.java,,,,,,,,,,,,,,,,,,,,,,,,,0,19,2,12,5,6,6,8,1,4,6,4,4,1,1,1,1,,,,,,1,,0,50,1,1,1,1
Method,"org.apache.pdfbox.pdmodel.interactive.form.TestRadioButtons.testPDFBox4617IndexForSetByIndex()",pdfbox/src/test/java/org/apache/pdfbox/pdmodel/interactive/form/TestRadioButtons.java,,,,,,,,,,,,,,,,,,,,,,,,,0,21,1,15,5,9,6,10,1,6,8,4,6,1,1,1,1,,,,,,1,,0,40,1,1,1,1
Method,"org.apache.pdfbox.pdmodel.interactive.form.TestRadioButtons.testPDFBox4617IndexForSetByOption()",pdfbox/src/test/java/org/apache/pdfbox/pdmodel/interactive/form/TestRadioButtons.java,,,,,,,,,,,,,,,,,,,,,,,,,0,19,1,13,5,7,6,9,1,5,7,4,5,1,1,1,1,,,,,,1,,0,46,1,1,1,1
Method,"org.apache.pdfbox.pdmodel.interactive.form.TestRadioButtons.testPDFBox4617IndexNoneSelected()",pdfbox/src/test/java/org/apache/pdfbox/pdmodel/interactive/form/TestRadioButtons.java,,,,,,,,,,,,,,,,,,,,,,,,,0,18,1,12,5,6,6,8,1,4,6,4,4,1,1,1,1,,,,,,1,,0,50,1,1,1,1
Method,"org.apache.pdfbox.pdmodel.interactive.form.TestRadioButtons.testRadioButtonPDModel()",pdfbox/src/test/java/org/apache/pdfbox/pdmodel/interactive/form/TestRadioButtons.java,,,,,,,,,,,,,,,,,,,,,,,,,2,83,11,59,12,51,13,33,2,51,54,12,52,2,2,2,1,,,,,,2,,0,22,2,2,2,1
Package,"org.apache.pdfbox.pdmodel.interactive.measurement",pdfbox/src/main/java/org/apache/pdfbox/pdmodel/interactive/measurement/PDMeasureDictionary.java,1,1,1,1,11,0,6,4,,,,4,0,10,4,,60,3,60,,0,0,2,58,,900,82,416,132,150,402,,,154,244,135,137,,,,,3,3,6,1,,2,,0,97,83,83,89,60
Public Class,"org.apache.pdfbox.pdmodel.interactive.measurement.PDMeasureDictionary",pdfbox/src/main/java/org/apache/pdfbox/pdmodel/interactive/measurement/PDMeasureDictionary.java,1,1,1,1,9,0,4,4,2,5,1,,0,1,,,6,1,6,18,0,0,2,4,,75,9,32,10,9,34,,,9,16,9,7,,,,,1,1,1,1,1,0,50,1,06,6,6,6,6
Protected Constructor,"org.apache.pdfbox.pdmodel.interactive.measurement.PDMeasureDictionary.PDMeasureDictionary()",pdfbox/src/main/java/org/apache/pdfbox/pdmodel/interactive/measurement/PDMeasureDictionary.java,,,,,,,,,,,,,,,,,,,,,,,,,2,8,0,5,1,2,3,5,1,2,3,1,2,1,1,1,1,,,,,,0,,0,60,1,1,1,1
Public Constructor,"org.apache.pdfbox.pdmodel.interactive.measurement.PDMeasureDictionary.PDMeasureDictionary(COSDictionary)",pdfbox/src/main/java/org/apache/pdfbox/pdmodel/interactive/measurement/PDMeasureDictionary.java,,,,,,,,,,,,,,,,,,,,,,,,,3,9,0,4,1,1,5,2,1,1,2,1,1,1,1,1,1,,,,,,0,,1,25,1,1,1,1
Public Method,"org.apache.pdfbox.pdmodel.interactive.measurement.PDMeasureDictionary.getCOSObject()",pdfbox/src/main/java/org/apache/pdfbox/pdmodel/interactive/measurement/PDMeasureDictionary.java,,,,,,,,,,,,,,,,,,,,,,,,,22,10,0,5,2,1,5,1,1,1,2,1,1,1,1,1,1,,,,,,0,,1,00,1,1,1,1
Public Method,"org.apache.pdfbox.pdmodel.interactive.measurement.PDMeasureDictionary.getSubtype()",pdfbox/src/main/java/org/apache/pdfbox/pdmodel/interactive/measurement/PDMeasureDictionary.java,,,,,,,,,,,,,,,,,,,,,,,,,2,9,0,5,1,2,4,3,1,1,2,1,1,1,1,1,1,,,,,,0,,0,80,1,1,1,1
Public Method,"org.apache.pdfbox.pdmodel.interactive.measurement.PDMeasureDictionary.getType()",pdfbox/src/main/java/org/apache/pdfbox/pdmodel/interactive/measurement/PDMeasureDictionary.java,,,,,,,,,,,,,,,,,,,,,,,,,1,10,0,4,1,1,6,1,1,1,2,1,1,1,1,1,1,,,,,,0,,1,50,1,1,1,1
Protected Method,"org.apache.pdfbox.pdmodel.interactive.measurement.PDMeasureDictionary.setSubtype(String)",pdfbox/src/main/java/org/apache/pdfbox/pdmodel/interactive/measurement/PDMeasureDictionary.java,,,,,,,,,,,,,,,,,,,,,,,,,3,8,0,4,1,1,4,2,1,1,2,1,1,1,1,1,1,,,,,,0,,1,00,1,1,1,1
Public Class,"org.apache.pdfbox.pdmodel.interactive.measurement.PDNumberFormatDictionary",pdfbox/src/main/java/org/apache/pdfbox/pdmodel/interactive/measurement/PDNumberFormatDictionary.java,1,1,1,1,9,0,4,4,2,5,0,,0,7,,,24,1,24,36,0,0,0,24,,302,29,129,34,44,144,,,35,62,33,29,,,,,2,2,6,1,1,1,87,1,12,26,26,32,24
Public Constructor,"org.apache.pdfbox.pdmodel.interactive.measurement.PDNumberFormatDictionary.PDNumberFormatDictionary()",pdfbox/src/main/java/org/apache/pdfbox/pdmodel/interactive/measurement/PDNumberFormatDictionary.java,,,,,,,,,,,,,,,,,,,,,,,,,3,8,0,5,1,2,3,4,1,2,3,1,2,1,1,1,1,,,,,,0,,0,60,1,1,1,1
Public Constructor,"org.apache.pdfbox.pdmodel.interactive.measurement.PDNumberFormatDictionary.PDNumberFormatDictionary(COSDictionary)",pdfbox/src/main/java/org/apache/pdfbox/pdmodel/interactive/measurement/PDNumberFormatDictionary.java,,,,,,,,,,,,,,,,,,,,,,,,,7,9,0,4,1,1,5,2,1,1,2,1,1,1,1,1,1,,,,,,0,,1,25,1,1,1,1
Public Method,"org.apache.pdfbox.pdmodel.interactive.measurement.PDNumberFormatDictionary.getCOSObject()",pdfbox/src/main/java/org/apache/pdfbox/pdmodel/interactive/measurement/PDNumberFormatDictionary.java,,,,,,,,,,,,,,,,,,,,,,,,,21,10,0,5,2,1,5,1,1,1,2,1,1,1,1,1,1,,,,,,0,,1,00,1,1,1,1
Public Method,"org.apache.pdfbox.pdmodel.interactive.measurement.PDNumberFormatDictionary.getConversionFactor()",pdfbox/src/main/java/org/apache/pdfbox/pdmodel/interactive/measurement/PDNumberFormatDictionary.java,,,,,,,,,,,,,,,,,,,,,,,,,0,9,0,4,1,1,5,3,1,1,2,1,1,1,1,1,1,,,,,,0,,1,25,1,1,1,1
Public Method,"org.apache.pdfbox.pdmodel.interactive.measurement.PDNumberFormatDictionary.getDecimalSeparator()",pdfbox/src/main/java/org/apache/pdfbox/pdmodel/interactive/measurement/PDNumberFormatDictionary.java,,,,,,,,,,,,,,,,,,,,,,,,,0,9,0,4,1,1,5,3,1,1,2,1,1,1,1,1,1,,,,,,0,,1,25,1,1,1,1
Public Method,"org.apache.pdfbox.pdmodel.interactive.measurement.PDNumberFormatDictionary.getDenominator()",pdfbox/src/main/java/org/apache/pdfbox/pdmodel/interactive/measurement/PDNumberFormatDictionary.java,,,,,,,,,,,,,,,,,,,,,,,,,0,9,0,4,1,1,5,3,1,1,2,1,1,1,1,1,1,,,,,,0,,1,25,1,1,1,1
Public Method,"org.apache.pdfbox.pdmodel.interactive.measurement.PDNumberFormatDictionary.getFractionalDisplay()",pdfbox/src/main/java/org/apache/pdfbox/pdmodel/interactive/measurement/PDNumberFormatDictionary.java,,,,,,,,,,,,,,,,,,,,,,,,,1,9,0,4,1,1,5,3,1,1,2,1,1,1,1,1,1,,,,,,0,,1,25,1,1,1,1
Public Method,"org.apache.pdfbox.pdmodel.interactive.measurement.PDNumberFormatDictionary.getLabelPositionToValue()",pdfbox/src/main/java/org/apache/pdfbox/pdmodel/interactive/measurement/PDNumberFormatDictionary.java,,,,,,,,,,,,,,,,,,,,,,,,,1,9,0,4,1,1,5,3,1,1,2,1,1,1,1,1,1,,,,,,0,,1,25,1,1,1,1
Public Method,"org.apache.pdfbox.pdmodel.interactive.measurement.PDNumberFormatDictionary.getLabelPrefixString()",pdfbox/src/main/java/org/apache/pdfbox/pdmodel/interactive/measurement/PDNumberFormatDictionary.java,,,,,,,,,,,,,,,,,,,,,,,,,0,8,0,4,1,1,4,3,1,1,2,1,1,1,1,1,1,,,,,,0,,1,00,1,1,1,1
Public Method,"org.apache.pdfbox.pdmodel.interactive.measurement.PDNumberFormatDictionary.getLabelSuffixString()",pdfbox/src/main/java/org/apache/pdfbox/pdmodel/interactive/measurement/PDNumberFormatDictionary.java,,,,,,,,,,,,,,,,,,,,,,,,,0,9,0,4,1,1,5,3,1,1,2,1,1,1,1,1,1,,,,,,0,,1,25,1,1,1,1
Public Method,"org.apache.pdfbox.pdmodel.interactive.measurement.PDNumberFormatDictionary.getThousandsSeparator()",pdfbox/src/main/java/org/apache/pdfbox/pdmodel/interactive/measurement/PDNumberFormatDictionary.java,,,,,,,,,,,,,,,,,,,,,,,,,0,9,0,4,1,1,5,3,1,1,2,1,1,1,1,1,1,,,,,,0,,1,25,1,1,1,1
Public Method,"org.apache.pdfbox.pdmodel.interactive.measurement.PDNumberFormatDictionary.getType()",pdfbox/src/main/java/org/apache/pdfbox/pdmodel/interactive/measurement/PDNumberFormatDictionary.java,,,,,,,,,,,,,,,,,,,,,,,,,1,10,0,4,1,1,6,1,1,1,2,1,1,1,1,1,1,,,,,,0,,1,50,1,1,1,1
Public Method,"org.apache.pdfbox.pdmodel.interactive.measurement.PDNumberFormatDictionary.getUnits()",pdfbox/src/main/java/org/apache/pdfbox/pdmodel/interactive/measurement/PDNumberFormatDictionary.java,,,,,,,,,,,,,,,,,,,,,,,,,0,9,0,4,1,1,5,3,1,1,2,1,1,1,1,1,1,,,,,,0,,1,25,1,1,1,1
Public Method,"org.apache.pdfbox.pdmodel.interactive.measurement.PDNumberFormatDictionary.isFD()",pdfbox/src/main/java/org/apache/pdfbox/pdmodel/interactive/measurement/PDNumberFormatDictionary.java,,,,,,,,,,,,,,,,,,,,,,,,,0,9,0,4,1,1,5,3,1,1,2,1,1,1,1,1,1,,,,,,0,,1,25,1,1,1,1
Public Method,"org.apache.pdfbox.pdmodel.interactive.measurement.PDNumberFormatDictionary.setConversionFactor(float)",pdfbox/src/main/java/org/apache/pdfbox/pdmodel/interactive/measurement/PDNumberFormatDictionary.java,,,,,,,,,,,,,,,,,,,,,,,,,1,9,0,4,1,1,5,2,1,1,2,1,1,1,1,1,1,,,,,,0,,1,25,1,1,1,1
Public Method,"org.apache.pdfbox.pdmodel.interactive.measurement.PDNumberFormatDictionary.setDecimalSeparator(String)",pdfbox/src/main/java/org/apache/pdfbox/pdmodel/interactive/measurement/PDNumberFormatDictionary.java,,,,,,,,,,,,,,,,,,,,,,,,,1,9,0,4,1,1,5,2,1,1,2,1,1,1,1,1,1,,,,,,0,,1,25,1,1,1,1
Public Method,"org.apache.pdfbox.pdmodel.interactive.measurement.PDNumberFormatDictionary.setDenominator(int)",pdfbox/src/main/java/org/apache/pdfbox/pdmodel/interactive/measurement/PDNumberFormatDictionary.java,,,,,,,,,,,,,,,,,,,,,,,,,1,9,0,4,1,1,5,2,1,1,2,1,1,1,1,1,1,,,,,,0,,1,25,1,1,1,1
Public Method,"org.apache.pdfbox.pdmodel.interactive.measurement.PDNumberFormatDictionary.setFD(boolean)",pdfbox/src/main/java/org/apache/pdfbox/pdmodel/interactive/measurement/PDNumberFormatDictionary.java,,,,,,,,,,,,,,,,,,,,,,,,,1,9,0,4,1,1,5,2,1,1,2,1,1,1,1,1,1,,,,,,0,,1,25,1,1,1,1
Public Method,"org.apache.pdfbox.pdmodel.interactive.measurement.PDNumberFormatDictionary.setFractionalDisplay(String)",pdfbox/src/main/java/org/apache/pdfbox/pdmodel/interactive/measurement/PDNumberFormatDictionary.java,,,,,,,,,,,,,,,,,,,,,,,,,5,21,0,15,1,8,6,4,2,2,4,1,3,2,2,6,1,,,,,,1,,0,40,2,2,6,1
Public Method,"org.apache.pdfbox.pdmodel.interactive.measurement.PDNumberFormatDictionary.setLabelPositionToValue(String)",pdfbox/src/main/java/org/apache/pdfbox/pdmodel/interactive/measurement/PDNumberFormatDictionary.java,,,,,,,,,,,,,,,,,,,,,,,,,3,19,0,13,1,6,6,4,2,2,4,1,3,2,2,4,1,,,,,,1,,0,46,2,2,4,1
Public Method,"org.apache.pdfbox.pdmodel.interactive.measurement.PDNumberFormatDictionary.setLabelPrefixString(String)",pdfbox/src/main/java/org/apache/pdfbox/pdmodel/interactive/measurement/PDNumberFormatDictionary.java,,,,,,,,,,,,,,,,,,,,,,,,,1,8,0,4,1,1,4,2,1,1,2,1,1,1,1,1,1,,,,,,0,,1,00,1,1,1,1
Public Method,"org.apache.pdfbox.pdmodel.interactive.measurement.PDNumberFormatDictionary.setLabelSuffixString(String)",pdfbox/src/main/java/org/apache/pdfbox/pdmodel/interactive/measurement/PDNumberFormatDictionary.java,,,,,,,,,,,,,,,,,,,,,,,,,1,9,0,4,1,1,5,2,1,1,2,1,1,1,1,1,1,,,,,,0,,1,25,1,1,1,1
Public Method,"org.apache.pdfbox.pdmodel.interactive.measurement.PDNumberFormatDictionary.setThousandsSeparator(String)",pdfbox/src/main/java/org/apache/pdfbox/pdmodel/interactive/measurement/PDNumberFormatDictionary.java,,,,,,,,,,,,,,,,,,,,,,,,,1,9,0,4,1,1,5,2,1,1,2,1,1,1,1,1,1,,,,,,0,,1,25,1,1,1,1
Public Method,"org.apache.pdfbox.pdmodel.interactive.measurement.PDNumberFormatDictionary.setUnits(String)",pdfbox/src/main/java/org/apache/pdfbox/pdmodel/interactive/measurement/PDNumberFormatDictionary.java,,,,,,,,,,,,,,,,,,,,,,,,,1,9,0,4,1,1,5,2,1,1,2,1,1,1,1,1,1,,,,,,0,,1,25,1,1,1,1
Public Class,"org.apache.pdfbox.pdmodel.interactive.measurement.PDRectlinearMeasureDictionary",pdfbox/src/main/java/org/apache/pdfbox/pdmodel/interactive/measurement/PDRectlinearMeasureDictionary.java,1,1,1,1,14,0,9,4,1,5,0,,0,1,,,20,0,20,38,0,0,0,20,,316,22,189,54,84,105,,,78,123,60,89,,,,,3,3,3,1,2,2,0,0,56,39,39,39,20
Public Constructor,"org.apache.pdfbox.pdmodel.interactive.measurement.PDRectlinearMeasureDictionary.PDRectlinearMeasureDictionary()",pdfbox/src/main/java/org/apache/pdfbox/pdmodel/interactive/measurement/PDRectlinearMeasureDictionary.java,,,,,,,,,,,,,,,,,,,,,,,,,1,7,0,4,1,1,3,2,1,1,2,1,1,1,1,1,1,,,,,,0,,0,75,1,1,1,1
Public Constructor,"org.apache.pdfbox.pdmodel.interactive.measurement.PDRectlinearMeasureDictionary.PDRectlinearMeasureDictionary(COSDictionary)",pdfbox/src/main/java/org/apache/pdfbox/pdmodel/interactive/measurement/PDRectlinearMeasureDictionary.java,,,,,,,,,,,,,,,,,,,,,,,,,1,9,0,4,1,1,5,2,1,1,2,1,1,1,1,1,1,,,,,,0,,1,25,1,1,1,1
Public Method,"org.apache.pdfbox.pdmodel.interactive.measurement.PDRectlinearMeasureDictionary.getAngles()",pdfbox/src/main/java/org/apache/pdfbox/pdmodel/interactive/measurement/PDRectlinearMeasureDictionary.java,,,,,,,,,,,,,,,,,,,,,,,,,1,21,0,16,5,8,5,6,3,8,11,5,9,3,3,3,1,,,,,,2,,0,31,3,3,3,1
Public Method,"org.apache.pdfbox.pdmodel.interactive.measurement.PDRectlinearMeasureDictionary.getAreas()",pdfbox/src/main/java/org/apache/pdfbox/pdmodel/interactive/measurement/PDRectlinearMeasureDictionary.java,,,,,,,,,,,,,,,,,,,,,,,,,1,21,0,16,5,8,5,6,3,8,11,5,9,3,3,3,1,,,,,,2,,0,31,3,3,3,1
Public Method,"org.apache.pdfbox.pdmodel.interactive.measurement.PDRectlinearMeasureDictionary.getCYX()",pdfbox/src/main/java/org/apache/pdfbox/pdmodel/interactive/measurement/PDRectlinearMeasureDictionary.java,,,,,,,,,,,,,,,,,,,,,,,,,1,9,0,4,1,1,5,3,1,1,2,1,1,1,1,1,1,,,,,,0,,1,25,1,1,1,1
Public Method,"org.apache.pdfbox.pdmodel.interactive.measurement.PDRectlinearMeasureDictionary.getChangeXs()",pdfbox/src/main/java/org/apache/pdfbox/pdmodel/interactive/measurement/PDRectlinearMeasureDictionary.java,,,,,,,,,,,,,,,,,,,,,,,,,1,21,0,16,5,8,5,6,3,8,11,5,9,3,3,3,1,,,,,,2,,0,31,3,3,3,1
Public Method,"org.apache.pdfbox.pdmodel.interactive.measurement.PDRectlinearMeasureDictionary.getChangeYs()",pdfbox/src/main/java/org/apache/pdfbox/pdmodel/interactive/measurement/PDRectlinearMeasureDictionary.java,,,,,,,,,,,,,,,,,,,,,,,,,1,21,0,16,5,8,5,6,3,8,11,5,9,3,3,3,1,,,,,,2,,0,31,3,3,3,1
Public Method,"org.apache.pdfbox.pdmodel.interactive.measurement.PDRectlinearMeasureDictionary.getCoordSystemOrigin()",pdfbox/src/main/java/org/apache/pdfbox/pdmodel/interactive/measurement/PDRectlinearMeasureDictionary.java,,,,,,,,,,,,,,,,,,,,,,,,,1,10,0,5,2,2,5,4,1,2,3,2,2,2,2,2,1,,,,,,0,,1,00,2,2,2,1
Public Method,"org.apache.pdfbox.pdmodel.interactive.measurement.PDRectlinearMeasureDictionary.getDistances()",pdfbox/src/main/java/org/apache/pdfbox/pdmodel/interactive/measurement/PDRectlinearMeasureDictionary.java,,,,,,,,,,,,,,,,,,,,,,,,,1,21,0,16,5,8,5,6,3,8,11,5,9,3,3,3,1,,,,,,2,,0,31,3,3,3,1
Public Method,"org.apache.pdfbox.pdmodel.interactive.measurement.PDRectlinearMeasureDictionary.getLineSloaps()",pdfbox/src/main/java/org/apache/pdfbox/pdmodel/interactive/measurement/PDRectlinearMeasureDictionary.java,,,,,,,,,,,,,,,,,,,,,,,,,1,21,0,16,5,8,5,6,3,8,11,5,9,3,3,3,1,,,,,,2,,0,31,3,3,3,1
Public Method,"org.apache.pdfbox.pdmodel.interactive.measurement.PDRectlinearMeasureDictionary.getScaleRatio()",pdfbox/src/main/java/org/apache/pdfbox/pdmodel/interactive/measurement/PDRectlinearMeasureDictionary.java,,,,,,,,,,,,,,,,,,,,,,,,,1,9,0,4,1,1,5,3,1,1,2,1,1,1,1,1,1,,,,,,0,,1,25,1,1,1,1
Public Method,"org.apache.pdfbox.pdmodel.interactive.measurement.PDRectlinearMeasureDictionary.setAngles(PDNumberFormatDictionary[])",pdfbox/src/main/java/org/apache/pdfbox/pdmodel/interactive/measurement/PDRectlinearMeasureDictionary.java,,,,,,,,,,,,,,,,,,,,,,,,,2,14,0,9,2,4,5,4,2,3,6,3,4,2,2,2,1,,,,,,1,,0,56,2,2,2,1
Public Method,"org.apache.pdfbox.pdmodel.interactive.measurement.PDRectlinearMeasureDictionary.setAreas(PDNumberFormatDictionary[])",pdfbox/src/main/java/org/apache/pdfbox/pdmodel/interactive/measurement/PDRectlinearMeasureDictionary.java,,,,,,,,,,,,,,,,,,,,,,,,,2,14,0,9,2,4,5,4,2,3,6,3,4,2,2,2,1,,,,,,1,,0,56,2,2,2,1
Public Method,"org.apache.pdfbox.pdmodel.interactive.measurement.PDRectlinearMeasureDictionary.setCYX(float)",pdfbox/src/main/java/org/apache/pdfbox/pdmodel/interactive/measurement/PDRectlinearMeasureDictionary.java,,,,,,,,,,,,,,,,,,,,,,,,,2,9,0,4,1,1,5,2,1,1,2,1,1,1,1,1,1,,,,,,0,,1,25,1,1,1,1
Public Method,"org.apache.pdfbox.pdmodel.interactive.measurement.PDRectlinearMeasureDictionary.setChangeXs(PDNumberFormatDictionary[])",pdfbox/src/main/java/org/apache/pdfbox/pdmodel/interactive/measurement/PDRectlinearMeasureDictionary.java,,,,,,,,,,,,,,,,,,,,,,,,,2,14,0,9,2,4,5,4,2,3,6,3,4,2,2,2,1,,,,,,1,,0,56,2,2,2,1
Public Method,"org.apache.pdfbox.pdmodel.interactive.measurement.PDRectlinearMeasureDictionary.setChangeYs(PDNumberFormatDictionary[])",pdfbox/src/main/java/org/apache/pdfbox/pdmodel/interactive/measurement/PDRectlinearMeasureDictionary.java,,,,,,,,,,,,,,,,,,,,,,,,,2,14,0,9,2,4,5,4,2,3,6,3,4,2,2,2,1,,,,,,1,,0,56,2,2,2,1
Public Method,"org.apache.pdfbox.pdmodel.interactive.measurement.PDRectlinearMeasureDictionary.setCoordSystemOrigin(float[])",pdfbox/src/main/java/org/apache/pdfbox/pdmodel/interactive/measurement/PDRectlinearMeasureDictionary.java,,,,,,,,,,,,,,,,,,,,,,,,,2,11,0,6,2,3,5,4,1,3,4,2,3,1,1,1,1,,,,,,0,,0,83,1,1,1,1
Public Method,"org.apache.pdfbox.pdmodel.interactive.measurement.PDRectlinearMeasureDictionary.setDistances(PDNumberFormatDictionary[])",pdfbox/src/main/java/org/apache/pdfbox/pdmodel/interactive/measurement/PDRectlinearMeasureDictionary.java,,,,,,,,,,,,,,,,,,,,,,,,,2,14,0,9,2,4,5,4,2,3,6,3,4,2,2,2,1,,,,,,1,,0,56,2,2,2,1
Public Method,"org.apache.pdfbox.pdmodel.interactive.measurement.PDRectlinearMeasureDictionary.setLineSloaps(PDNumberFormatDictionary[])",pdfbox/src/main/java/org/apache/pdfbox/pdmodel/interactive/measurement/PDRectlinearMeasureDictionary.java,,,,,,,,,,,,,,,,,,,,,,,,,2,14,0,9,2,4,5,4,2,3,6,3,4,2,2,2,1,,,,,,1,,0,56,2,2,2,1
Public Method,"org.apache.pdfbox.pdmodel.interactive.measurement.PDRectlinearMeasureDictionary.setScaleRatio(String)",pdfbox/src/main/java/org/apache/pdfbox/pdmodel/interactive/measurement/PDRectlinearMeasureDictionary.java,,,,,,,,,,,,,,,,,,,,,,,,,2,9,0,4,1,1,5,2,1,1,2,1,1,1,1,1,1,,,,,,0,,1,25,1,1,1,1
Public Class,"org.apache.pdfbox.pdmodel.interactive.measurement.PDViewportDictionary",pdfbox/src/main/java/org/apache/pdfbox/pdmodel/interactive/measurement/PDViewportDictionary.java,1,1,1,1,9,0,4,4,2,7,0,,0,1,,,10,1,10,22,0,0,0,10,,117,14,48,16,13,55,,,14,25,15,12,,,,,2,2,2,1,1,0,70,1,15,12,12,12,10
Public Constructor,"org.apache.pdfbox.pdmodel.interactive.measurement.PDViewportDictionary.PDViewportDictionary()",pdfbox/src/main/java/org/apache/pdfbox/pdmodel/interactive/measurement/PDViewportDictionary.java,,,,,,,,,,,,,,,,,,,,,,,,,0,7,0,4,1,1,3,3,1,1,2,1,1,1,1,1,1,,,,,,0,,0,75,1,1,1,1
Public Constructor,"org.apache.pdfbox.pdmodel.interactive.measurement.PDViewportDictionary.PDViewportDictionary(COSDictionary)",pdfbox/src/main/java/org/apache/pdfbox/pdmodel/interactive/measurement/PDViewportDictionary.java,,,,,,,,,,,,,,,,,,,,,,,,,2,9,0,4,1,1,5,2,1,1,2,1,1,1,1,1,1,,,,,,0,,1,25,1,1,1,1
Public Method,"org.apache.pdfbox.pdmodel.interactive.measurement.PDViewportDictionary.getBBox()",pdfbox/src/main/java/org/apache/pdfbox/pdmodel/interactive/measurement/PDViewportDictionary.java,,,,,,,,,,,,,,,,,,,,,,,,,1,10,0,5,2,2,5,4,1,2,3,2,2,2,2,2,1,,,,,,0,,1,00,2,2,2,1
Public Method,"org.apache.pdfbox.pdmodel.interactive.measurement.PDViewportDictionary.getCOSObject()",pdfbox/src/main/java/org/apache/pdfbox/pdmodel/interactive/measurement/PDViewportDictionary.java,,,,,,,,,,,,,,,,,,,,,,,,,7,10,0,5,2,1,5,1,1,1,2,1,1,1,1,1,1,,,,,,0,,1,00,1,1,1,1
Public Method,"org.apache.pdfbox.pdmodel.interactive.measurement.PDViewportDictionary.getMeasure()",pdfbox/src/main/java/org/apache/pdfbox/pdmodel/interactive/measurement/PDViewportDictionary.java,,,,,,,,,,,,,,,,,,,,,,,,,1,10,0,5,2,2,5,4,1,2,3,2,2,2,2,2,1,,,,,,0,,1,00,2,2,2,1
Public Method,"org.apache.pdfbox.pdmodel.interactive.measurement.PDViewportDictionary.getName()",pdfbox/src/main/java/org/apache/pdfbox/pdmodel/interactive/measurement/PDViewportDictionary.java,,,,,,,,,,,,,,,,,,,,,,,,,1,9,0,4,1,1,5,3,1,1,2,1,1,1,1,1,1,,,,,,0,,1,25,1,1,1,1
Public Method,"org.apache.pdfbox.pdmodel.interactive.measurement.PDViewportDictionary.getType()",pdfbox/src/main/java/org/apache/pdfbox/pdmodel/interactive/measurement/PDViewportDictionary.java,,,,,,,,,,,,,,,,,,,,,,,,,1,9,0,4,1,1,5,1,1,1,2,1,1,1,1,1,1,,,,,,0,,1,25,1,1,1,1
Public Method,"org.apache.pdfbox.pdmodel.interactive.measurement.PDViewportDictionary.setBBox(PDRectangle)",pdfbox/src/main/java/org/apache/pdfbox/pdmodel/interactive/measurement/PDViewportDictionary.java,,,,,,,,,,,,,,,,,,,,,,,,,2,9,0,4,1,1,5,2,1,1,2,1,1,1,1,1,1,,,,,,0,,1,25,1,1,1,1
Public Method,"org.apache.pdfbox.pdmodel.interactive.measurement.PDViewportDictionary.setMeasure(PDMeasureDictionary)",pdfbox/src/main/java/org/apache/pdfbox/pdmodel/interactive/measurement/PDViewportDictionary.java,,,,,,,,,,,,,,,,,,,,,,,,,2,9,0,4,1,1,5,2,1,1,2,1,1,1,1,1,1,,,,,,0,,1,25,1,1,1,1
Public Method,"org.apache.pdfbox.pdmodel.interactive.measurement.PDViewportDictionary.setName(String)",pdfbox/src/main/java/org/apache/pdfbox/pdmodel/interactive/measurement/PDViewportDictionary.java,,,,,,,,,,,,,,,,,,,,,,,,,2,9,0,4,1,1,5,2,1,1,2,1,1,1,1,1,1,,,,,,0,,1,25,1,1,1,1
Package,"org.apache.pdfbox.pdmodel.interactive.pagenavigation",pdfbox/src/main/java/org/apache/pdfbox/pdmodel/interactive/pagenavigation/PDThread.java,0,0,0,0,7,0,4,3,,,,10,0,0,9,,59,25,59,,11,1,2,45,,841,77,360,145,107,404,,,145,206,120,103,,,,,2,2,2,1,,1,,1,12,58,58,58,51
Public Class,"org.apache.pdfbox.pdmodel.interactive.pagenavigation.PDThread",pdfbox/src/main/java/org/apache/pdfbox/pdmodel/interactive/pagenavigation/PDThread.java,1,1,1,1,10,0,5,5,2,5,0,,0,0,,,7,1,7,19,0,0,0,7,,92,11,40,12,12,41,,,12,21,11,12,,,,,2,2,2,1,1,1,0,1,02,10,10,10,7
Public Constructor,"org.apache.pdfbox.pdmodel.interactive.pagenavigation.PDThread.PDThread()",pdfbox/src/main/java/org/apache/pdfbox/pdmodel/interactive/pagenavigation/PDThread.java,,,,,,,,,,,,,,,,,,,,,,,,,3,9,0,5,1,2,4,4,1,2,3,1,2,1,1,1,1,,,,,,0,,0,80,1,1,1,1
Public Constructor,"org.apache.pdfbox.pdmodel.interactive.pagenavigation.PDThread.PDThread(COSDictionary)",pdfbox/src/main/java/org/apache/pdfbox/pdmodel/interactive/pagenavigation/PDThread.java,,,,,,,,,,,,,,,,,,,,,,,,,3,9,0,4,1,1,5,2,1,1,2,1,1,1,1,1,1,,,,,,0,,1,25,1,1,1,1
Public Method,"org.apache.pdfbox.pdmodel.interactive.pagenavigation.PDThread.getCOSObject()",pdfbox/src/main/java/org/apache/pdfbox/pdmodel/interactive/pagenavigation/PDThread.java,,,,,,,,,,,,,,,,,,,,,,,,,1,10,0,5,2,1,5,1,1,1,2,1,1,1,1,1,1,,,,,,0,,1,00,1,1,1,1
Public Method,"org.apache.pdfbox.pdmodel.interactive.pagenavigation.PDThread.getFirstBead()",pdfbox/src/main/java/org/apache/pdfbox/pdmodel/interactive/pagenavigation/PDThread.java,,,,,,,,,,,,,,,,,,,,,,,,,2,11,0,5,2,2,6,3,1,2,3,2,2,2,2,2,1,,,,,,0,,1,20,2,2,2,1
Public Method,"org.apache.pdfbox.pdmodel.interactive.pagenavigation.PDThread.getThreadInfo()",pdfbox/src/main/java/org/apache/pdfbox/pdmodel/interactive/pagenavigation/PDThread.java,,,,,,,,,,,,,,,,,,,,,,,,,2,10,0,5,2,2,5,3,1,2,3,2,2,2,2,2,1,,,,,,0,,1,00,2,2,2,1
Public Method,"org.apache.pdfbox.pdmodel.interactive.pagenavigation.PDThread.setFirstBead(PDThreadBead)",pdfbox/src/main/java/org/apache/pdfbox/pdmodel/interactive/pagenavigation/PDThread.java,,,,,,,,,,,,,,,,,,,,,,,,,3,14,0,8,1,3,6,2,2,2,4,1,3,2,2,2,1,,,,,,1,,0,75,2,2,2,1
Public Method,"org.apache.pdfbox.pdmodel.interactive.pagenavigation.PDThread.setThreadInfo(PDDocumentInformation)",pdfbox/src/main/java/org/apache/pdfbox/pdmodel/interactive/pagenavigation/PDThread.java,,,,,,,,,,,,,,,,,,,,,,,,,3,9,0,4,1,1,5,1,1,1,2,1,1,1,1,1,1,,,,,,0,,1,25,1,1,1,1
Public Class,"org.apache.pdfbox.pdmodel.interactive.pagenavigation.PDThreadBead",pdfbox/src/main/java/org/apache/pdfbox/pdmodel/interactive/pagenavigation/PDThreadBead.java,1,1,1,1,10,0,4,5,2,7,0,,0,0,,,14,1,14,26,0,0,2,12,,168,16,71,21,24,81,,,25,40,20,24,,,,,2,2,2,1,1,0,7,1,14,17,17,17,14
Public Constructor,"org.apache.pdfbox.pdmodel.interactive.pagenavigation.PDThreadBead.PDThreadBead()",pdfbox/src/main/java/org/apache/pdfbox/pdmodel/interactive/pagenavigation/PDThreadBead.java,,,,,,,,,,,,,,,,,,,,,,,,,3,11,0,7,1,4,4,6,1,4,5,1,4,1,1,1,1,,,,,,0,,0,57,1,1,1,1
Public Constructor,"org.apache.pdfbox.pdmodel.interactive.pagenavigation.PDThreadBead.PDThreadBead(COSDictionary)",pdfbox/src/main/java/org/apache/pdfbox/pdmodel/interactive/pagenavigation/PDThreadBead.java,,,,,,,,,,,,,,,,,,,,,,,,,5,9,0,4,1,1,5,2,1,1,2,1,1,1,1,1,1,,,,,,0,,1,25,1,1,1,1
Public Method,"org.apache.pdfbox.pdmodel.interactive.pagenavigation.PDThreadBead.appendBead(PDThreadBead)",pdfbox/src/main/java/org/apache/pdfbox/pdmodel/interactive/pagenavigation/PDThreadBead.java,,,,,,,,,,,,,,,,,,,,,,,,,1,14,0,8,2,5,6,3,1,5,6,2,5,1,1,1,1,,,,,,0,,0,75,1,1,1,1
Public Method,"org.apache.pdfbox.pdmodel.interactive.pagenavigation.PDThreadBead.getCOSObject()",pdfbox/src/main/java/org/apache/pdfbox/pdmodel/interactive/pagenavigation/PDThreadBead.java,,,,,,,,,,,,,,,,,,,,,,,,,1,10,0,5,2,1,5,1,1,1,2,1,1,1,1,1,1,,,,,,0,,1,00,1,1,1,1
Public Method,"org.apache.pdfbox.pdmodel.interactive.pagenavigation.PDThreadBead.getNextBead()",pdfbox/src/main/java/org/apache/pdfbox/pdmodel/interactive/pagenavigation/PDThreadBead.java,,,,,,,,,,,,,,,,,,,,,,,,,3,10,0,4,1,1,6,3,1,1,2,1,1,1,1,1,1,,,,,,0,,1,50,1,1,1,1
Public Method,"org.apache.pdfbox.pdmodel.interactive.pagenavigation.PDThreadBead.getPage()",pdfbox/src/main/java/org/apache/pdfbox/pdmodel/interactive/pagenavigation/PDThreadBead.java,,,,,,,,,,,,,,,,,,,,,,,,,2,10,0,5,2,2,5,3,1,2,3,2,2,2,2,2,1,,,,,,0,,1,00,2,2,2,1
Public Method,"org.apache.pdfbox.pdmodel.interactive.pagenavigation.PDThreadBead.getPreviousBead()",pdfbox/src/main/java/org/apache/pdfbox/pdmodel/interactive/pagenavigation/PDThreadBead.java,,,,,,,,,,,,,,,,,,,,,,,,,2,10,0,4,1,1,6,3,1,1,2,1,1,1,1,1,1,,,,,,0,,1,50,1,1,1,1
Public Method,"org.apache.pdfbox.pdmodel.interactive.pagenavigation.PDThreadBead.getRectangle()",pdfbox/src/main/java/org/apache/pdfbox/pdmodel/interactive/pagenavigation/PDThreadBead.java,,,,,,,,,,,,,,,,,,,,,,,,,5,10,0,5,2,2,5,3,1,2,3,2,2,2,2,2,1,,,,,,0,,1,00,2,2,2,1
Public Method,"org.apache.pdfbox.pdmodel.interactive.pagenavigation.PDThreadBead.getThread()",pdfbox/src/main/java/org/apache/pdfbox/pdmodel/interactive/pagenavigation/PDThreadBead.java,,,,,,,,,,,,,,,,,,,,,,,,,2,11,0,5,2,2,6,3,1,2,3,2,2,2,2,2,1,,,,,,0,,1,20,2,2,2,1
Protected Final Method,"org.apache.pdfbox.pdmodel.interactive.pagenavigation.PDThreadBead.setNextBead(PDThreadBead)",pdfbox/src/main/java/org/apache/pdfbox/pdmodel/interactive/pagenavigation/PDThreadBead.java,,,,,,,,,,,,,,,,,,,,,,,,,5,9,0,4,1,1,5,1,1,1,2,1,1,1,1,1,1,,,,,,0,,1,25,1,1,1,1
Public Method,"org.apache.pdfbox.pdmodel.interactive.pagenavigation.PDThreadBead.setPage(PDPage)",pdfbox/src/main/java/org/apache/pdfbox/pdmodel/interactive/pagenavigation/PDThreadBead.java,,,,,,,,,,,,,,,,,,,,,,,,,3,11,0,4,1,1,7,1,1,1,2,1,1,1,1,1,1,,,,,,0,,1,75,1,1,1,1
Protected Final Method,"org.apache.pdfbox.pdmodel.interactive.pagenavigation.PDThreadBead.setPreviousBead(PDThreadBead)",pdfbox/src/main/java/org/apache/pdfbox/pdmodel/interactive/pagenavigation/PDThreadBead.java,,,,,,,,,,,,,,,,,,,,,,,,,5,9,0,4,1,1,5,1,1,1,2,1,1,1,1,1,1,,,,,,0,,1,25,1,1,1,1
Public Method,"org.apache.pdfbox.pdmodel.interactive.pagenavigation.PDThreadBead.setRectangle(PDRectangle)",pdfbox/src/main/java/org/apache/pdfbox/pdmodel/interactive/pagenavigation/PDThreadBead.java,,,,,,,,,,,,,,,,,,,,,,,,,3,9,0,4,1,1,5,1,1,1,2,1,1,1,1,1,1,,,,,,0,,1,25,1,1,1,1
Public Method,"org.apache.pdfbox.pdmodel.interactive.pagenavigation.PDThreadBead.setThread(PDThread)",pdfbox/src/main/java/org/apache/pdfbox/pdmodel/interactive/pagenavigation/PDThreadBead.java,,,,,,,,,,,,,,,,,,,,,,,,,4,10,0,4,1,1,6,1,1,1,2,1,1,1,1,1,1,,,,,,0,,1,50,1,1,1,1
Public Final Class,"org.apache.pdfbox.pdmodel.interactive.pagenavigation.PDTransition",pdfbox/src/main/java/org/apache/pdfbox/pdmodel/interactive/pagenavigation/PDTransition.java,1,1,1,1,8,0,4,4,1,12,0,,0,0,,,16,0,16,33,0,0,0,16,,163,16,74,18,21,73,,,20,38,18,21,,,,,2,2,2,1,2,1,0,0,99,17,17,17,16
Public Constructor,"org.apache.pdfbox.pdmodel.interactive.pagenavigation.PDTransition.PDTransition()",pdfbox/src/main/java/org/apache/pdfbox/pdmodel/interactive/pagenavigation/PDTransition.java,,,,,,,,,,,,,,,,,,,,,,,,,9,7,0,4,1,1,3,2,1,1,2,1,1,1,1,1,1,,,,,,0,,0,75,1,1,1,1
Public Constructor,"org.apache.pdfbox.pdmodel.interactive.pagenavigation.PDTransition.PDTransition(COSDictionary)",pdfbox/src/main/java/org/apache/pdfbox/pdmodel/interactive/pagenavigation/PDTransition.java,,,,,,,,,,,,,,,,,,,,,,,,,3,9,0,4,1,1,5,2,1,1,2,1,1,1,1,1,1,,,,,,0,,1,25,1,1,1,1
Public Constructor,"org.apache.pdfbox.pdmodel.interactive.pagenavigation.PDTransition.PDTransition(PDTransitionStyle)",pdfbox/src/main/java/org/apache/pdfbox/pdmodel/interactive/pagenavigation/PDTransition.java,,,,,,,,,,,,,,,,,,,,,,,,,7,11,0,6,1,3,5,6,1,3,4,1,3,1,1,1,1,,,,,,0,,0,83,1,1,1,1
Public Method,"org.apache.pdfbox.pdmodel.interactive.pagenavigation.PDTransition.getDimension()",pdfbox/src/main/java/org/apache/pdfbox/pdmodel/interactive/pagenavigation/PDTransition.java,,,,,,,,,,,,,,,,,,,,,,,,,4,9,0,4,1,1,5,4,1,1,2,1,1,1,1,1,1,,,,,,0,,1,25,1,1,1,1
Public Method,"org.apache.pdfbox.pdmodel.interactive.pagenavigation.PDTransition.getDirection()",pdfbox/src/main/java/org/apache/pdfbox/pdmodel/interactive/pagenavigation/PDTransition.java,,,,,,,,,,,,,,,,,,,,,,,,,7,14,0,9,2,4,5,3,2,3,5,2,4,2,2,2,1,,,,,,1,,0,56,2,2,2,1
Public Method,"org.apache.pdfbox.pdmodel.interactive.pagenavigation.PDTransition.getDuration()",pdfbox/src/main/java/org/apache/pdfbox/pdmodel/interactive/pagenavigation/PDTransition.java,,,,,,,,,,,,,,,,,,,,,,,,,4,7,0,4,1,1,3,3,1,1,2,1,1,1,1,1,1,,,,,,0,,0,75,1,1,1,1
Public Method,"org.apache.pdfbox.pdmodel.interactive.pagenavigation.PDTransition.getFlyScale()",pdfbox/src/main/java/org/apache/pdfbox/pdmodel/interactive/pagenavigation/PDTransition.java,,,,,,,,,,,,,,,,,,,,,,,,,3,8,0,4,1,1,4,3,1,1,2,1,1,1,1,1,1,,,,,,0,,1,00,1,1,1,1
Public Method,"org.apache.pdfbox.pdmodel.interactive.pagenavigation.PDTransition.getMotion()",pdfbox/src/main/java/org/apache/pdfbox/pdmodel/interactive/pagenavigation/PDTransition.java,,,,,,,,,,,,,,,,,,,,,,,,,4,9,0,4,1,1,5,4,1,1,2,1,1,1,1,1,1,,,,,,0,,1,25,1,1,1,1
Public Method,"org.apache.pdfbox.pdmodel.interactive.pagenavigation.PDTransition.getStyle()",pdfbox/src/main/java/org/apache/pdfbox/pdmodel/interactive/pagenavigation/PDTransition.java,,,,,,,,,,,,,,,,,,,,,,,,,7,8,0,4,1,1,4,4,1,1,2,1,1,1,1,1,1,,,,,,0,,1,00,1,1,1,1
Public Method,"org.apache.pdfbox.pdmodel.interactive.pagenavigation.PDTransition.isFlyAreaOpaque()",pdfbox/src/main/java/org/apache/pdfbox/pdmodel/interactive/pagenavigation/PDTransition.java,,,,,,,,,,,,,,,,,,,,,,,,,3,8,0,4,1,1,4,3,1,1,2,1,1,1,1,1,1,,,,,,0,,1,00,1,1,1,1
Public Method,"org.apache.pdfbox.pdmodel.interactive.pagenavigation.PDTransition.setDimension(PDTransitionDimension)",pdfbox/src/main/java/org/apache/pdfbox/pdmodel/interactive/pagenavigation/PDTransition.java,,,,,,,,,,,,,,,,,,,,,,,,,3,8,0,4,1,1,4,3,1,1,2,1,1,1,1,1,1,,,,,,0,,1,00,1,1,1,1
Public Method,"org.apache.pdfbox.pdmodel.interactive.pagenavigation.PDTransition.setDirection(PDTransitionDirection)",pdfbox/src/main/java/org/apache/pdfbox/pdmodel/interactive/pagenavigation/PDTransition.java,,,,,,,,,,,,,,,,,,,,,,,,,5,9,0,4,1,1,5,3,1,1,2,1,1,1,1,1,1,,,,,,0,,1,25,1,1,1,1
Public Method,"org.apache.pdfbox.pdmodel.interactive.pagenavigation.PDTransition.setDuration(float)",pdfbox/src/main/java/org/apache/pdfbox/pdmodel/interactive/pagenavigation/PDTransition.java,,,,,,,,,,,,,,,,,,,,,,,,,3,7,0,4,1,1,3,3,1,1,2,1,1,1,1,1,1,,,,,,0,,0,75,1,1,1,1
Public Method,"org.apache.pdfbox.pdmodel.interactive.pagenavigation.PDTransition.setFlyAreaOpaque(boolean)",pdfbox/src/main/java/org/apache/pdfbox/pdmodel/interactive/pagenavigation/PDTransition.java,,,,,,,,,,,,,,,,,,,,,,,,,3,8,0,4,1,1,4,3,1,1,2,1,1,1,1,1,1,,,,,,0,,1,00,1,1,1,1
Public Method,"org.apache.pdfbox.pdmodel.interactive.pagenavigation.PDTransition.setFlyScale(float)",pdfbox/src/main/java/org/apache/pdfbox/pdmodel/interactive/pagenavigation/PDTransition.java,,,,,,,,,,,,,,,,,,,,,,,,,4,8,0,4,1,1,4,3,1,1,2,1,1,1,1,1,1,,,,,,0,,1,00,1,1,1,1
Public Method,"org.apache.pdfbox.pdmodel.interactive.pagenavigation.PDTransition.setMotion(PDTransitionMotion)",pdfbox/src/main/java/org/apache/pdfbox/pdmodel/interactive/pagenavigation/PDTransition.java,,,,,,,,,,,,,,,,,,,,,,,,,3,8,0,4,1,1,4,3,1,1,2,1,1,1,1,1,1,,,,,,0,,1,00,1,1,1,1
Public Enum Type,"org.apache.pdfbox.pdmodel.interactive.pagenavigation.PDTransitionDimension",pdfbox/src/main/java/org/apache/pdfbox/pdmodel/interactive/pagenavigation/PDTransitionDimension.java,0,0,0,0,0,0,0,0,1,1,0,,0,0,,,2,2,2,28,0,0,0,2,,19,1,5,3,0,13,,,0,1,1,0,,,,,0,0,0,0,1,0,,2,60,0,0,0,0
Public Implicit Method,"org.apache.pdfbox.pdmodel.interactive.pagenavigation.PDTransitionDimension.valueOf()",pdfbox/src/main/java/org/apache/pdfbox/pdmodel/interactive/pagenavigation/PDTransitionDimension.java,,,,,,,,,,,,,,,,,,,,,,,,,,,,,,,,,,,,,,,,,,,,,,,,,0,00,0,0,0,0
Public Implicit Method,"org.apache.pdfbox.pdmodel.interactive.pagenavigation.PDTransitionDimension.values()",pdfbox/src/main/java/org/apache/pdfbox/pdmodel/interactive/pagenavigation/PDTransitionDimension.java,,,,,,,,,,,,,,,,,,,,,,,,,,,,,,,,,,,,,,,,,,,,,,,,,0,00,0,0,0,0
Public Enum Type,"org.apache.pdfbox.pdmodel.interactive.pagenavigation.PDTransitionDirection",pdfbox/src/main/java/org/apache/pdfbox/pdmodel/interactive/pagenavigation/PDTransitionDirection.java,0,0,0,0,2,0,2,0,1,3,1,,0,0,,,4,7,4,30,0,1,0,3,,51,3,24,12,3,24,,,5,8,5,3,,,,,1,1,1,1,1,0,,1,00,2,2,2,2
Anonymous Class,"org.apache.pdfbox.pdmodel.interactive.pagenavigation.PDTransitionDirection.(Anon_1)",pdfbox/src/main/java/org/apache/pdfbox/pdmodel/interactive/pagenavigation/PDTransitionDirection.java,1,1,1,1,5,0,5,0,1,3,0,,0,0,,,1,0,1,31,0,0,0,1,,6,0,6,2,1,0,,,1,2,1,1,,,,,1,1,1,1,2,0,0,0,00,1,1,1,1
Public Method,"org.apache.pdfbox.pdmodel.interactive.pagenavigation.PDTransitionDirection.(Anon_1).getCOSBase()",pdfbox/src/main/java/org/apache/pdfbox/pdmodel/interactive/pagenavigation/PDTransitionDirection.java,,,,,,,,,,,,,,,,,,,,,,,,,1,5,0,5,2,1,0,1,1,1,2,1,1,1,1,1,1,,,,,,0,,0,00,1,1,1,1
Private Constructor,"org.apache.pdfbox.pdmodel.interactive.pagenavigation.PDTransitionDirection.PDTransitionDirection(int)",pdfbox/src/main/java/org/apache/pdfbox/pdmodel/interactive/pagenavigation/PDTransitionDirection.java,,,,,,,,,,,,,,,,,,,,,,,,,1,4,0,4,1,1,0,2,1,1,2,1,1,1,1,1,1,,,,,,0,,0,00,1,1,1,1
Public Method,"org.apache.pdfbox.pdmodel.interactive.pagenavigation.PDTransitionDirection.getCOSBase()",pdfbox/src/main/java/org/apache/pdfbox/pdmodel/interactive/pagenavigation/PDTransitionDirection.java,,,,,,,,,,,,,,,,,,,,,,,,,5,7,0,4,1,1,3,2,1,1,2,1,1,1,1,1,1,,,,,,0,,0,75,1,1,1,1
Public Implicit Method,"org.apache.pdfbox.pdmodel.interactive.pagenavigation.PDTransitionDirection.valueOf()",pdfbox/src/main/java/org/apache/pdfbox/pdmodel/interactive/pagenavigation/PDTransitionDirection.java,,,,,,,,,,,,,,,,,,,,,,,,,,,,,,,,,,,,,,,,,,,,,,,,,0,00,0,0,0,0
Public Implicit Method,"org.apache.pdfbox.pdmodel.interactive.pagenavigation.PDTransitionDirection.values()",pdfbox/src/main/java/org/apache/pdfbox/pdmodel/interactive/pagenavigation/PDTransitionDirection.java,,,,,,,,,,,,,,,,,,,,,,,,,,,,,,,,,,,,,,,,,,,,,,,,,0,00,0,0,0,0
Class,"org.apache.pdfbox.pdmodel.interactive.pagenavigation.PDTransitionDirectionTest",pdfbox/src/test/java/org/apache/pdfbox/pdmodel/interactive/pagenavigation/PDTransitionDirectionTest.java,1,1,1,1,14,0,14,0,1,4,0,,0,0,,,1,0,1,13,1,0,0,0,,23,2,17,3,10,4,,,6,8,2,6,,,,,1,1,1,1,1,0,0,0,24,1,1,1,1
Method,"org.apache.pdfbox.pdmodel.interactive.pagenavigation.PDTransitionDirectionTest.getCOSBase()",pdfbox/src/test/java/org/apache/pdfbox/pdmodel/interactive/pagenavigation/PDTransitionDirectionTest.java,,,,,,,,,,,,,,,,,,,,,,,,,7,14,0,14,2,10,0,3,1,6,7,1,6,1,1,1,1,,,,,,0,,0,00,1,1,1,1
Public Enum Type,"org.apache.pdfbox.pdmodel.interactive.pagenavigation.PDTransitionMotion",pdfbox/src/main/java/org/apache/pdfbox/pdmodel/interactive/pagenavigation/PDTransitionMotion.java,0,0,0,0,0,0,0,0,1,1,0,,0,0,,,2,2,2,28,0,0,0,2,,18,0,5,3,0,13,,,0,1,1,0,,,,,0,0,0,0,1,0,,2,60,0,0,0,0
Public Implicit Method,"org.apache.pdfbox.pdmodel.interactive.pagenavigation.PDTransitionMotion.valueOf()",pdfbox/src/main/java/org/apache/pdfbox/pdmodel/interactive/pagenavigation/PDTransitionMotion.java,,,,,,,,,,,,,,,,,,,,,,,,,,,,,,,,,,,,,,,,,,,,,,,,,0,00,0,0,0,0
Public Implicit Method,"org.apache.pdfbox.pdmodel.interactive.pagenavigation.PDTransitionMotion.values()",pdfbox/src/main/java/org/apache/pdfbox/pdmodel/interactive/pagenavigation/PDTransitionMotion.java,,,,,,,,,,,,,,,,,,,,,,,,,,,,,,,,,,,,,,,,,,,,,,,,,0,00,0,0,0,0
Public Enum Type,"org.apache.pdfbox.pdmodel.interactive.pagenavigation.PDTransitionStyle",pdfbox/src/main/java/org/apache/pdfbox/pdmodel/interactive/pagenavigation/PDTransitionStyle.java,0,0,0,0,0,0,0,0,1,1,0,,0,0,,,2,12,2,28,0,0,0,2,,11,0,4,2,0,7,,,0,1,1,0,,,,,0,0,0,0,1,0,,1,75,0,0,0,0
Public Implicit Method,"org.apache.pdfbox.pdmodel.interactive.pagenavigation.PDTransitionStyle.valueOf()",pdfbox/src/main/java/org/apache/pdfbox/pdmodel/interactive/pagenavigation/PDTransitionStyle.java,,,,,,,,,,,,,,,,,,,,,,,,,,,,,,,,,,,,,,,,,,,,,,,,,0,00,0,0,0,0
Public Implicit Method,"org.apache.pdfbox.pdmodel.interactive.pagenavigation.PDTransitionStyle.values()",pdfbox/src/main/java/org/apache/pdfbox/pdmodel/interactive/pagenavigation/PDTransitionStyle.java,,,,,,,,,,,,,,,,,,,,,,,,,,,,,,,,,,,,,,,,,,,,,,,,,0,00,0,0,0,0
Class,"org.apache.pdfbox.pdmodel.interactive.pagenavigation.PDTransitionTest",pdfbox/src/test/java/org/apache/pdfbox/pdmodel/interactive/pagenavigation/PDTransitionTest.java,1,1,1,1,7,0,7,0,1,12,0,,0,0,,,10,0,10,22,10,0,0,0,,94,10,80,31,37,4,,,37,48,21,37,,,,,1,1,1,1,1,0,0,0,05,10,10,10,10
Method,"org.apache.pdfbox.pdmodel.interactive.pagenavigation.PDTransitionTest.defaultStyle()",pdfbox/src/test/java/org/apache/pdfbox/pdmodel/interactive/pagenavigation/PDTransitionTest.java,,,,,,,,,,,,,,,,,,,,,,,,,3,7,0,7,3,3,0,6,1,3,4,2,3,1,1,1,1,,,,,,0,,0,00,1,1,1,1
Method,"org.apache.pdfbox.pdmodel.interactive.pagenavigation.PDTransitionTest.defaultValues()",pdfbox/src/test/java/org/apache/pdfbox/pdmodel/interactive/pagenavigation/PDTransitionTest.java,,,,,,,,,,,,,,,,,,,,,,,,,4,12,0,12,3,8,0,12,1,8,9,2,8,1,1,1,1,,,,,,0,,0,00,1,1,1,1
Method,"org.apache.pdfbox.pdmodel.interactive.pagenavigation.PDTransitionTest.dimension()",pdfbox/src/test/java/org/apache/pdfbox/pdmodel/interactive/pagenavigation/PDTransitionTest.java,,,,,,,,,,,,,,,,,,,,,,,,,1,7,0,7,3,3,0,5,1,3,4,2,3,1,1,1,1,,,,,,0,,0,00,1,1,1,1
Method,"org.apache.pdfbox.pdmodel.interactive.pagenavigation.PDTransitionTest.directionNone()",pdfbox/src/test/java/org/apache/pdfbox/pdmodel/interactive/pagenavigation/PDTransitionTest.java,,,,,,,,,,,,,,,,,,,,,,,,,2,8,0,8,3,4,0,6,1,4,5,2,4,1,1,1,1,,,,,,0,,0,00,1,1,1,1
Method,"org.apache.pdfbox.pdmodel.interactive.pagenavigation.PDTransitionTest.directionNumber()",pdfbox/src/test/java/org/apache/pdfbox/pdmodel/interactive/pagenavigation/PDTransitionTest.java,,,,,,,,,,,,,,,,,,,,,,,,,2,8,0,8,3,4,0,6,1,4,5,2,4,1,1,1,1,,,,,,0,,0,00,1,1,1,1
Method,"org.apache.pdfbox.pdmodel.interactive.pagenavigation.PDTransitionTest.duration()",pdfbox/src/test/java/org/apache/pdfbox/pdmodel/interactive/pagenavigation/PDTransitionTest.java,,,,,,,,,,,,,,,,,,,,,,,,,0,7,0,7,3,3,0,4,1,3,4,2,3,1,1,1,1,,,,,,0,,0,00,1,1,1,1
Method,"org.apache.pdfbox.pdmodel.interactive.pagenavigation.PDTransitionTest.flyArea()",pdfbox/src/test/java/org/apache/pdfbox/pdmodel/interactive/pagenavigation/PDTransitionTest.java,,,,,,,,,,,,,,,,,,,,,,,,,0,7,0,7,3,3,0,4,1,3,4,2,3,1,1,1,1,,,,,,0,,0,00,1,1,1,1
Method,"org.apache.pdfbox.pdmodel.interactive.pagenavigation.PDTransitionTest.flyScale()",pdfbox/src/test/java/org/apache/pdfbox/pdmodel/interactive/pagenavigation/PDTransitionTest.java,,,,,,,,,,,,,,,,,,,,,,,,,0,7,0,7,3,3,0,4,1,3,4,2,3,1,1,1,1,,,,,,0,,0,00,1,1,1,1
Method,"org.apache.pdfbox.pdmodel.interactive.pagenavigation.PDTransitionTest.getStyle()",pdfbox/src/test/java/org/apache/pdfbox/pdmodel/interactive/pagenavigation/PDTransitionTest.java,,,,,,,,,,,,,,,,,,,,,,,,,3,7,0,7,3,3,0,6,1,3,4,2,3,1,1,1,1,,,,,,0,,0,00,1,1,1,1
Method,"org.apache.pdfbox.pdmodel.interactive.pagenavigation.PDTransitionTest.motion()",pdfbox/src/test/java/org/apache/pdfbox/pdmodel/interactive/pagenavigation/PDTransitionTest.java,,,,,,,,,,,,,,,,,,,,,,,,,1,7,0,7,3,3,0,5,1,3,4,2,3,1,1,1,1,,,,,,0,,0,00,1,1,1,1
Package,"org.apache.pdfbox.pdmodel.interactive.viewerpreferences",pdfbox/src/main/java/org/apache/pdfbox/pdmodel/interactive/viewerpreferences/PDViewerPreferences.java,0,0,0,0,6,0,3,3,,,,6,0,0,1,,40,17,40,,0,0,0,40,,434,39,161,58,31,234,,,35,71,41,30,,,,,1,1,1,1,,0,,1,45,30,30,30,30
Public Class,"org.apache.pdfbox.pdmodel.interactive.viewerpreferences.PDViewerPreferences",pdfbox/src/main/java/org/apache/pdfbox/pdmodel/interactive/viewerpreferences/PDViewerPreferences.java,1,1,1,1,9,0,4,5,2,10,0,,0,0,,,30,1,30,42,0,0,0,30,,411,36,157,54,31,218,,,31,67,37,30,,,,,1,1,1,1,1,0,0,1,39,30,30,30,30
Public Enum Type,"org.apache.pdfbox.pdmodel.interactive.viewerpreferences.PDViewerPreferences.BOUNDARY",pdfbox/src/main/java/org/apache/pdfbox/pdmodel/interactive/viewerpreferences/PDViewerPreferences.java,0,0,0,0,0,0,0,0,1,1,0,,0,0,,,2,5,2,28,0,0,0,2,,26,0,8,6,0,18,,,0,1,1,0,,,,,0,0,0,0,1,0,,2,25,0,0,0,0
Public Implicit Method,"org.apache.pdfbox.pdmodel.interactive.viewerpreferences.PDViewerPreferences.BOUNDARY.valueOf()",pdfbox/src/main/java/org/apache/pdfbox/pdmodel/interactive/viewerpreferences/PDViewerPreferences.java,,,,,,,,,,,,,,,,,,,,,,,,,,,,,,,,,,,,,,,,,,,,,,,,,0,00,0,0,0,0
Public Implicit Method,"org.apache.pdfbox.pdmodel.interactive.viewerpreferences.PDViewerPreferences.BOUNDARY.values()",pdfbox/src/main/java/org/apache/pdfbox/pdmodel/interactive/viewerpreferences/PDViewerPreferences.java,,,,,,,,,,,,,,,,,,,,,,,,,,,,,,,,,,,,,,,,,,,,,,,,,0,00,0,0,0,0
Public Enum Type,"org.apache.pdfbox.pdmodel.interactive.viewerpreferences.PDViewerPreferences.DUPLEX",pdfbox/src/main/java/org/apache/pdfbox/pdmodel/interactive/viewerpreferences/PDViewerPreferences.java,0,0,0,0,0,0,0,0,1,1,0,,0,0,,,2,3,2,28,0,0,0,2,,18,0,6,4,0,12,,,0,1,1,0,,,,,0,0,0,0,1,0,,2,00,0,0,0,0
Public Implicit Method,"org.apache.pdfbox.pdmodel.interactive.viewerpreferences.PDViewerPreferences.DUPLEX.valueOf()",pdfbox/src/main/java/org/apache/pdfbox/pdmodel/interactive/viewerpreferences/PDViewerPreferences.java,,,,,,,,,,,,,,,,,,,,,,,,,,,,,,,,,,,,,,,,,,,,,,,,,0,00,0,0,0,0
Public Implicit Method,"org.apache.pdfbox.pdmodel.interactive.viewerpreferences.PDViewerPreferences.DUPLEX.values()",pdfbox/src/main/java/org/apache/pdfbox/pdmodel/interactive/viewerpreferences/PDViewerPreferences.java,,,,,,,,,,,,,,,,,,,,,,,,,,,,,,,,,,,,,,,,,,,,,,,,,0,00,0,0,0,0
Public Enum Type,"org.apache.pdfbox.pdmodel.interactive.viewerpreferences.PDViewerPreferences.NON_FULL_SCREEN_PAGE_MODE",pdfbox/src/main/java/org/apache/pdfbox/pdmodel/interactive/viewerpreferences/PDViewerPreferences.java,0,0,0,0,0,0,0,0,1,1,0,,0,0,,,2,4,2,28,0,0,0,2,,22,0,7,5,0,15,,,0,1,1,0,,,,,0,0,0,0,1,0,,2,14,0,0,0,0
Public Implicit Method,"org.apache.pdfbox.pdmodel.interactive.viewerpreferences.PDViewerPreferences.NON_FULL_SCREEN_PAGE_MODE.valueOf()",pdfbox/src/main/java/org/apache/pdfbox/pdmodel/interactive/viewerpreferences/PDViewerPreferences.java,,,,,,,,,,,,,,,,,,,,,,,,,,,,,,,,,,,,,,,,,,,,,,,,,0,00,0,0,0,0
Public Implicit Method,"org.apache.pdfbox.pdmodel.interactive.viewerpreferences.PDViewerPreferences.NON_FULL_SCREEN_PAGE_MODE.values()",pdfbox/src/main/java/org/apache/pdfbox/pdmodel/interactive/viewerpreferences/PDViewerPreferences.java,,,,,,,,,,,,,,,,,,,,,,,,,,,,,,,,,,,,,,,,,,,,,,,,,0,00,0,0,0,0
Public Constructor,"org.apache.pdfbox.pdmodel.interactive.viewerpreferences.PDViewerPreferences.PDViewerPreferences(COSDictionary)",pdfbox/src/main/java/org/apache/pdfbox/pdmodel/interactive/viewerpreferences/PDViewerPreferences.java,,,,,,,,,,,,,,,,,,,,,,,,,3,9,0,4,1,1,5,2,1,1,2,1,1,1,1,1,1,,,,,,0,,1,25,1,1,1,1
Public Enum Type,"org.apache.pdfbox.pdmodel.interactive.viewerpreferences.PDViewerPreferences.PRINT_SCALING",pdfbox/src/main/java/org/apache/pdfbox/pdmodel/interactive/viewerpreferences/PDViewerPreferences.java,0,0,0,0,0,0,0,0,1,1,0,,0,0,,,2,2,2,28,0,0,0,2,,14,0,5,3,0,9,,,0,1,1,0,,,,,0,0,0,0,1,0,,1,80,0,0,0,0
Public Implicit Method,"org.apache.pdfbox.pdmodel.interactive.viewerpreferences.PDViewerPreferences.PRINT_SCALING.valueOf()",pdfbox/src/main/java/org/apache/pdfbox/pdmodel/interactive/viewerpreferences/PDViewerPreferences.java,,,,,,,,,,,,,,,,,,,,,,,,,,,,,,,,,,,,,,,,,,,,,,,,,0,00,0,0,0,0
Public Implicit Method,"org.apache.pdfbox.pdmodel.interactive.viewerpreferences.PDViewerPreferences.PRINT_SCALING.values()",pdfbox/src/main/java/org/apache/pdfbox/pdmodel/interactive/viewerpreferences/PDViewerPreferences.java,,,,,,,,,,,,,,,,,,,,,,,,,,,,,,,,,,,,,,,,,,,,,,,,,0,00,0,0,0,0
Public Enum Type,"org.apache.pdfbox.pdmodel.interactive.viewerpreferences.PDViewerPreferences.READING_DIRECTION",pdfbox/src/main/java/org/apache/pdfbox/pdmodel/interactive/viewerpreferences/PDViewerPreferences.java,0,0,0,0,0,0,0,0,1,1,0,,0,0,,,2,2,2,28,0,0,0,2,,14,0,5,3,0,9,,,0,1,1,0,,,,,0,0,0,0,1,0,,1,80,0,0,0,0
Public Implicit Method,"org.apache.pdfbox.pdmodel.interactive.viewerpreferences.PDViewerPreferences.READING_DIRECTION.valueOf()",pdfbox/src/main/java/org/apache/pdfbox/pdmodel/interactive/viewerpreferences/PDViewerPreferences.java,,,,,,,,,,,,,,,,,,,,,,,,,,,,,,,,,,,,,,,,,,,,,,,,,0,00,0,0,0,0
Public Implicit Method,"org.apache.pdfbox.pdmodel.interactive.viewerpreferences.PDViewerPreferences.READING_DIRECTION.values()",pdfbox/src/main/java/org/apache/pdfbox/pdmodel/interactive/viewerpreferences/PDViewerPreferences.java,,,,,,,,,,,,,,,,,,,,,,,,,,,,,,,,,,,,,,,,,,,,,,,,,0,00,0,0,0,0
Public Method,"org.apache.pdfbox.pdmodel.interactive.viewerpreferences.PDViewerPreferences.centerWindow()",pdfbox/src/main/java/org/apache/pdfbox/pdmodel/interactive/viewerpreferences/PDViewerPreferences.java,,,,,,,,,,,,,,,,,,,,,,,,,3,9,0,4,1,1,5,2,1,1,2,1,1,1,1,1,1,,,,,,0,,1,25,1,1,1,1
Public Method,"org.apache.pdfbox.pdmodel.interactive.viewerpreferences.PDViewerPreferences.displayDocTitle()",pdfbox/src/main/java/org/apache/pdfbox/pdmodel/interactive/viewerpreferences/PDViewerPreferences.java,,,,,,,,,,,,,,,,,,,,,,,,,3,9,0,4,1,1,5,2,1,1,2,1,1,1,1,1,1,,,,,,0,,1,25,1,1,1,1
Public Method,"org.apache.pdfbox.pdmodel.interactive.viewerpreferences.PDViewerPreferences.fitWindow()",pdfbox/src/main/java/org/apache/pdfbox/pdmodel/interactive/viewerpreferences/PDViewerPreferences.java,,,,,,,,,,,,,,,,,,,,,,,,,3,9,0,4,1,1,5,2,1,1,2,1,1,1,1,1,1,,,,,,0,,1,25,1,1,1,1
Public Method,"org.apache.pdfbox.pdmodel.interactive.viewerpreferences.PDViewerPreferences.getCOSObject()",pdfbox/src/main/java/org/apache/pdfbox/pdmodel/interactive/viewerpreferences/PDViewerPreferences.java,,,,,,,,,,,,,,,,,,,,,,,,,2,10,0,5,2,1,5,1,1,1,2,1,1,1,1,1,1,,,,,,0,,1,00,1,1,1,1
Public Method,"org.apache.pdfbox.pdmodel.interactive.viewerpreferences.PDViewerPreferences.getDuplex()",pdfbox/src/main/java/org/apache/pdfbox/pdmodel/interactive/viewerpreferences/PDViewerPreferences.java,,,,,,,,,,,,,,,,,,,,,,,,,4,9,0,4,1,1,5,2,1,1,2,1,1,1,1,1,1,,,,,,0,,1,25,1,1,1,1
Public Method,"org.apache.pdfbox.pdmodel.interactive.viewerpreferences.PDViewerPreferences.getNonFullScreenPageMode()",pdfbox/src/main/java/org/apache/pdfbox/pdmodel/interactive/viewerpreferences/PDViewerPreferences.java,,,,,,,,,,,,,,,,,,,,,,,,,3,10,0,5,1,2,5,3,1,1,2,1,1,1,1,1,1,,,,,,0,,1,00,1,1,1,1
Public Method,"org.apache.pdfbox.pdmodel.interactive.viewerpreferences.PDViewerPreferences.getPrintArea()",pdfbox/src/main/java/org/apache/pdfbox/pdmodel/interactive/viewerpreferences/PDViewerPreferences.java,,,,,,,,,,,,,,,,,,,,,,,,,3,9,0,4,1,1,5,3,1,1,2,1,1,1,1,1,1,,,,,,0,,1,25,1,1,1,1
Public Method,"org.apache.pdfbox.pdmodel.interactive.viewerpreferences.PDViewerPreferences.getPrintClip()",pdfbox/src/main/java/org/apache/pdfbox/pdmodel/interactive/viewerpreferences/PDViewerPreferences.java,,,,,,,,,,,,,,,,,,,,,,,,,3,9,0,4,1,1,5,3,1,1,2,1,1,1,1,1,1,,,,,,0,,1,25,1,1,1,1
Public Method,"org.apache.pdfbox.pdmodel.interactive.viewerpreferences.PDViewerPreferences.getPrintScaling()",pdfbox/src/main/java/org/apache/pdfbox/pdmodel/interactive/viewerpreferences/PDViewerPreferences.java,,,,,,,,,,,,,,,,,,,,,,,,,3,9,0,4,1,1,5,3,1,1,2,1,1,1,1,1,1,,,,,,0,,1,25,1,1,1,1
Public Method,"org.apache.pdfbox.pdmodel.interactive.viewerpreferences.PDViewerPreferences.getReadingDirection()",pdfbox/src/main/java/org/apache/pdfbox/pdmodel/interactive/viewerpreferences/PDViewerPreferences.java,,,,,,,,,,,,,,,,,,,,,,,,,3,9,0,4,1,1,5,3,1,1,2,1,1,1,1,1,1,,,,,,0,,1,25,1,1,1,1
Public Method,"org.apache.pdfbox.pdmodel.interactive.viewerpreferences.PDViewerPreferences.getViewArea()",pdfbox/src/main/java/org/apache/pdfbox/pdmodel/interactive/viewerpreferences/PDViewerPreferences.java,,,,,,,,,,,,,,,,,,,,,,,,,3,9,0,4,1,1,5,3,1,1,2,1,1,1,1,1,1,,,,,,0,,1,25,1,1,1,1
Public Method,"org.apache.pdfbox.pdmodel.interactive.viewerpreferences.PDViewerPreferences.getViewClip()",pdfbox/src/main/java/org/apache/pdfbox/pdmodel/interactive/viewerpreferences/PDViewerPreferences.java,,,,,,,,,,,,,,,,,,,,,,,,,3,9,0,4,1,1,5,3,1,1,2,1,1,1,1,1,1,,,,,,0,,1,25,1,1,1,1
Public Method,"org.apache.pdfbox.pdmodel.interactive.viewerpreferences.PDViewerPreferences.hideMenubar()",pdfbox/src/main/java/org/apache/pdfbox/pdmodel/interactive/viewerpreferences/PDViewerPreferences.java,,,,,,,,,,,,,,,,,,,,,,,,,3,9,0,4,1,1,5,2,1,1,2,1,1,1,1,1,1,,,,,,0,,1,25,1,1,1,1
Public Method,"org.apache.pdfbox.pdmodel.interactive.viewerpreferences.PDViewerPreferences.hideToolbar()",pdfbox/src/main/java/org/apache/pdfbox/pdmodel/interactive/viewerpreferences/PDViewerPreferences.java,,,,,,,,,,,,,,,,,,,,,,,,,3,9,0,4,1,1,5,2,1,1,2,1,1,1,1,1,1,,,,,,0,,1,25,1,1,1,1
Public Method,"org.apache.pdfbox.pdmodel.interactive.viewerpreferences.PDViewerPreferences.hideWindowUI()",pdfbox/src/main/java/org/apache/pdfbox/pdmodel/interactive/viewerpreferences/PDViewerPreferences.java,,,,,,,,,,,,,,,,,,,,,,,,,3,9,0,4,1,1,5,2,1,1,2,1,1,1,1,1,1,,,,,,0,,1,25,1,1,1,1
Public Method,"org.apache.pdfbox.pdmodel.interactive.viewerpreferences.PDViewerPreferences.setCenterWindow(boolean)",pdfbox/src/main/java/org/apache/pdfbox/pdmodel/interactive/viewerpreferences/PDViewerPreferences.java,,,,,,,,,,,,,,,,,,,,,,,,,4,9,0,4,1,1,5,1,1,1,2,1,1,1,1,1,1,,,,,,0,,1,25,1,1,1,1
Public Method,"org.apache.pdfbox.pdmodel.interactive.viewerpreferences.PDViewerPreferences.setDisplayDocTitle(boolean)",pdfbox/src/main/java/org/apache/pdfbox/pdmodel/interactive/viewerpreferences/PDViewerPreferences.java,,,,,,,,,,,,,,,,,,,,,,,,,4,9,0,4,1,1,5,1,1,1,2,1,1,1,1,1,1,,,,,,0,,1,25,1,1,1,1
Public Method,"org.apache.pdfbox.pdmodel.interactive.viewerpreferences.PDViewerPreferences.setDuplex(DUPLEX)",pdfbox/src/main/java/org/apache/pdfbox/pdmodel/interactive/viewerpreferences/PDViewerPreferences.java,,,,,,,,,,,,,,,,,,,,,,,,,3,9,0,4,1,1,5,2,1,1,2,1,1,1,1,1,1,,,,,,0,,1,25,1,1,1,1
Public Method,"org.apache.pdfbox.pdmodel.interactive.viewerpreferences.PDViewerPreferences.setFitWindow(boolean)",pdfbox/src/main/java/org/apache/pdfbox/pdmodel/interactive/viewerpreferences/PDViewerPreferences.java,,,,,,,,,,,,,,,,,,,,,,,,,4,9,0,4,1,1,5,1,1,1,2,1,1,1,1,1,1,,,,,,0,,1,25,1,1,1,1
Public Method,"org.apache.pdfbox.pdmodel.interactive.viewerpreferences.PDViewerPreferences.setHideMenubar(boolean)",pdfbox/src/main/java/org/apache/pdfbox/pdmodel/interactive/viewerpreferences/PDViewerPreferences.java,,,,,,,,,,,,,,,,,,,,,,,,,4,9,0,4,1,1,5,1,1,1,2,1,1,1,1,1,1,,,,,,0,,1,25,1,1,1,1
Public Method,"org.apache.pdfbox.pdmodel.interactive.viewerpreferences.PDViewerPreferences.setHideToolbar(boolean)",pdfbox/src/main/java/org/apache/pdfbox/pdmodel/interactive/viewerpreferences/PDViewerPreferences.java,,,,,,,,,,,,,,,,,,,,,,,,,4,9,0,4,1,1,5,1,1,1,2,1,1,1,1,1,1,,,,,,0,,1,25,1,1,1,1
Public Method,"org.apache.pdfbox.pdmodel.interactive.viewerpreferences.PDViewerPreferences.setHideWindowUI(boolean)",pdfbox/src/main/java/org/apache/pdfbox/pdmodel/interactive/viewerpreferences/PDViewerPreferences.java,,,,,,,,,,,,,,,,,,,,,,,,,4,9,0,4,1,1,5,1,1,1,2,1,1,1,1,1,1,,,,,,0,,1,25,1,1,1,1
Public Method,"org.apache.pdfbox.pdmodel.interactive.viewerpreferences.PDViewerPreferences.setNonFullScreenPageMode(NON_FULL_SCREEN_PAGE_MODE)",pdfbox/src/main/java/org/apache/pdfbox/pdmodel/interactive/viewerpreferences/PDViewerPreferences.java,,,,,,,,,,,,,,,,,,,,,,,,,3,9,0,4,1,1,5,2,1,1,2,1,1,1,1,1,1,,,,,,0,,1,25,1,1,1,1
Public Method,"org.apache.pdfbox.pdmodel.interactive.viewerpreferences.PDViewerPreferences.setPrintArea(BOUNDARY)",pdfbox/src/main/java/org/apache/pdfbox/pdmodel/interactive/viewerpreferences/PDViewerPreferences.java,,,,,,,,,,,,,,,,,,,,,,,,,3,9,0,4,1,1,5,2,1,1,2,1,1,1,1,1,1,,,,,,0,,1,25,1,1,1,1
Public Method,"org.apache.pdfbox.pdmodel.interactive.viewerpreferences.PDViewerPreferences.setPrintClip(BOUNDARY)",pdfbox/src/main/java/org/apache/pdfbox/pdmodel/interactive/viewerpreferences/PDViewerPreferences.java,,,,,,,,,,,,,,,,,,,,,,,,,3,9,0,4,1,1,5,2,1,1,2,1,1,1,1,1,1,,,,,,0,,1,25,1,1,1,1
Public Method,"org.apache.pdfbox.pdmodel.interactive.viewerpreferences.PDViewerPreferences.setPrintScaling(PRINT_SCALING)",pdfbox/src/main/java/org/apache/pdfbox/pdmodel/interactive/viewerpreferences/PDViewerPreferences.java,,,,,,,,,,,,,,,,,,,,,,,,,3,9,0,4,1,1,5,2,1,1,2,1,1,1,1,1,1,,,,,,0,,1,25,1,1,1,1
Public Method,"org.apache.pdfbox.pdmodel.interactive.viewerpreferences.PDViewerPreferences.setReadingDirection(READING_DIRECTION)",pdfbox/src/main/java/org/apache/pdfbox/pdmodel/interactive/viewerpreferences/PDViewerPreferences.java,,,,,,,,,,,,,,,,,,,,,,,,,3,9,0,4,1,1,5,2,1,1,2,1,1,1,1,1,1,,,,,,0,,1,25,1,1,1,1
Public Method,"org.apache.pdfbox.pdmodel.interactive.viewerpreferences.PDViewerPreferences.setViewArea(BOUNDARY)",pdfbox/src/main/java/org/apache/pdfbox/pdmodel/interactive/viewerpreferences/PDViewerPreferences.java,,,,,,,,,,,,,,,,,,,,,,,,,3,9,0,4,1,1,5,2,1,1,2,1,1,1,1,1,1,,,,,,0,,1,25,1,1,1,1
Public Method,"org.apache.pdfbox.pdmodel.interactive.viewerpreferences.PDViewerPreferences.setViewClip(BOUNDARY)",pdfbox/src/main/java/org/apache/pdfbox/pdmodel/interactive/viewerpreferences/PDViewerPreferences.java,,,,,,,,,,,,,,,,,,,,,,,,,3,9,0,4,1,1,5,2,1,1,2,1,1,1,1,1,1,,,,,,0,,1,25,1,1,1,1
Package,"org.apache.pdfbox.preflight",preflight/src/main/java/org/apache/pdfbox/preflight/Format.java,1,1,1,1,12,0,9,2,,,,18,11,232,15,,113,37,124,,18,5,0,101,,3233,311,1758,718,865,1176,,,901,1166,700,573,,,,,24,24,24,7,,5,,0,67,243,243,255,144
Public Class,"org.apache.pdfbox.preflight.Benchmark",preflight/src/test/java/org/apache/pdfbox/preflight/Benchmark.java,7,7,7,1,66,8,55,4,1,20,0,,1,0,,,0,0,1,13,0,0,0,1,,90,9,58,15,38,24,,,35,44,18,39,,,,,7,7,7,1,1,3,0,0,41,7,7,7,1
Public Static Method,"org.apache.pdfbox.preflight.Benchmark.main(String[])",preflight/src/test/java/org/apache/pdfbox/preflight/Benchmark.java,,,,,,,,,,,,,,,,,,,,,,,,,4,66,8,55,14,38,4,26,24,35,43,17,39,7,7,7,1,,,,,,3,,0,07,7,7,7,1
Public Enum Type,"org.apache.pdfbox.preflight.Format",preflight/src/main/java/org/apache/pdfbox/preflight/Format.java,0,0,0,0,2,0,2,0,1,1,0,,0,0,,,4,3,4,30,0,1,0,3,,37,4,13,5,2,20,,,4,6,4,2,,,,,1,1,1,1,1,0,,1,54,2,2,2,2
Private Constructor,"org.apache.pdfbox.preflight.Format.Format(String)",preflight/src/main/java/org/apache/pdfbox/preflight/Format.java,,,,,,,,,,,,,,,,,,,,,,,,,1,4,0,4,1,1,0,2,1,1,2,1,1,1,1,1,1,,,,,,0,,0,00,1,1,1,1
Public Method,"org.apache.pdfbox.preflight.Format.getFname()",preflight/src/main/java/org/apache/pdfbox/preflight/Format.java,,,,,,,,,,,,,,,,,,,,,,,,,2,4,0,4,1,1,0,1,1,1,2,1,1,1,1,1,1,,,,,,0,,0,00,1,1,1,1
Public Implicit Method,"org.apache.pdfbox.preflight.Format.valueOf()",preflight/src/main/java/org/apache/pdfbox/preflight/Format.java,,,,,,,,,,,,,,,,,,,,,,,,,,,,,,,,,,,,,,,,,,,,,,,,,0,00,0,0,0,0
Public Implicit Method,"org.apache.pdfbox.preflight.Format.values()",preflight/src/main/java/org/apache/pdfbox/preflight/Format.java,,,,,,,,,,,,,,,,,,,,,,,,,,,,,,,,,,,,,,,,,,,,,,,,,0,00,0,0,0,0
Public Class,"org.apache.pdfbox.preflight.PreflightConfiguration",preflight/src/main/java/org/apache/pdfbox/preflight/PreflightConfiguration.java,1,1,1,1,8,0,7,1,1,34,0,,1,19,,,19,8,20,32,0,0,0,20,,273,36,173,50,87,65,,,78,105,50,58,,,,,5,5,5,5,1,1,85,0,38,26,26,26,24
Public Static Method,"org.apache.pdfbox.preflight.PreflightConfiguration.createPdfA1BConfiguration()",preflight/src/main/java/org/apache/pdfbox/preflight/PreflightConfiguration.java,,,,,,,,,,,,,,,,,,,,,,,,,32,31,4,27,2,24,0,6,1,24,25,2,24,1,1,1,1,,,,,,0,,0,00,1,1,1,1
Public Method,"org.apache.pdfbox.preflight.PreflightConfiguration.getActionFact()",preflight/src/main/java/org/apache/pdfbox/preflight/PreflightConfiguration.java,,,,,,,,,,,,,,,,,,,,,,,,,2,4,0,4,1,1,0,1,1,1,2,1,1,1,1,1,1,,,,,,0,,0,00,1,1,1,1
Public Method,"org.apache.pdfbox.preflight.PreflightConfiguration.getAnnotFact()",preflight/src/main/java/org/apache/pdfbox/preflight/PreflightConfiguration.java,,,,,,,,,,,,,,,,,,,,,,,,,2,4,0,4,1,1,0,1,1,1,2,1,1,1,1,1,1,,,,,,0,,0,00,1,1,1,1
Public Method,"org.apache.pdfbox.preflight.PreflightConfiguration.getColorSpaceHelperFact()",preflight/src/main/java/org/apache/pdfbox/preflight/PreflightConfiguration.java,,,,,,,,,,,,,,,,,,,,,,,,,7,4,0,4,1,1,0,1,1,1,2,1,1,1,1,1,1,,,,,,0,,0,00,1,1,1,1
Public Method,"org.apache.pdfbox.preflight.PreflightConfiguration.getInstanceOfProcess(String)",preflight/src/main/java/org/apache/pdfbox/preflight/PreflightConfiguration.java,,,,,,,,,,,,,,,,,,,,,,,,,17,41,1,30,2,15,10,7,7,7,12,2,10,5,5,5,5,,,,,,1,,0,33,5,5,5,5
Public Method,"org.apache.pdfbox.preflight.PreflightConfiguration.getMaxErrors()",preflight/src/main/java/org/apache/pdfbox/preflight/PreflightConfiguration.java,,,,,,,,,,,,,,,,,,,,,,,,,2,9,0,4,1,1,5,1,1,1,2,1,1,1,1,1,1,,,,,,0,,1,25,1,1,1,1
Public Method,"org.apache.pdfbox.preflight.PreflightConfiguration.getPageValidationProcessNames()",preflight/src/main/java/org/apache/pdfbox/preflight/PreflightConfiguration.java,,,,,,,,,,,,,,,,,,,,,,,,,1,4,0,4,1,1,0,2,1,1,2,1,1,1,1,1,1,,,,,,0,,0,00,1,1,1,1
Public Method,"org.apache.pdfbox.preflight.PreflightConfiguration.getProcessNames()",preflight/src/main/java/org/apache/pdfbox/preflight/PreflightConfiguration.java,,,,,,,,,,,,,,,,,,,,,,,,,2,4,0,4,1,1,0,2,1,1,2,1,1,1,1,1,1,,,,,,0,,0,00,1,1,1,1
Public Method,"org.apache.pdfbox.preflight.PreflightConfiguration.isErrorOnMissingProcess()",preflight/src/main/java/org/apache/pdfbox/preflight/PreflightConfiguration.java,,,,,,,,,,,,,,,,,,,,,,,,,1,4,0,4,1,1,0,1,1,1,2,1,1,1,1,1,1,,,,,,0,,0,00,1,1,1,1
Public Method,"org.apache.pdfbox.preflight.PreflightConfiguration.isLazyValidation()",preflight/src/main/java/org/apache/pdfbox/preflight/PreflightConfiguration.java,,,,,,,,,,,,,,,,,,,,,,,,,3,4,0,4,1,1,0,1,1,1,2,1,1,1,1,1,1,,,,,,0,,0,00,1,1,1,1
Public Method,"org.apache.pdfbox.preflight.PreflightConfiguration.removePageProcess(String)",preflight/src/main/java/org/apache/pdfbox/preflight/PreflightConfiguration.java,,,,,,,,,,,,,,,,,,,,,,,,,5,4,0,4,1,1,0,1,1,1,2,1,1,1,1,1,1,,,,,,0,,0,00,1,1,1,1
Public Method,"org.apache.pdfbox.preflight.PreflightConfiguration.removeProcess(String)",preflight/src/main/java/org/apache/pdfbox/preflight/PreflightConfiguration.java,,,,,,,,,,,,,,,,,,,,,,,,,5,4,0,4,1,1,0,1,1,1,2,1,1,1,1,1,1,,,,,,0,,0,00,1,1,1,1
Public Method,"org.apache.pdfbox.preflight.PreflightConfiguration.replacePageProcess(String,Class<? extends ValidationProcess>)",preflight/src/main/java/org/apache/pdfbox/preflight/PreflightConfiguration.java,,,,,,,,,,,,,,,,,,,,,,,,,5,11,0,11,1,4,0,2,2,2,4,1,3,2,2,2,1,,,,,,1,,0,00,2,2,2,1
Public Method,"org.apache.pdfbox.preflight.PreflightConfiguration.replaceProcess(String,Class<? extends ValidationProcess>)",preflight/src/main/java/org/apache/pdfbox/preflight/PreflightConfiguration.java,,,,,,,,,,,,,,,,,,,,,,,,,6,11,0,11,1,4,0,2,2,2,4,1,3,2,2,2,1,,,,,,1,,0,00,2,2,2,1
Public Method,"org.apache.pdfbox.preflight.PreflightConfiguration.setActionFact(ActionManagerFactory)",preflight/src/main/java/org/apache/pdfbox/preflight/PreflightConfiguration.java,,,,,,,,,,,,,,,,,,,,,,,,,1,4,0,4,1,1,0,1,1,1,2,1,1,1,1,1,1,,,,,,0,,0,00,1,1,1,1
Public Method,"org.apache.pdfbox.preflight.PreflightConfiguration.setAnnotFact(AnnotationValidatorFactory)",preflight/src/main/java/org/apache/pdfbox/preflight/PreflightConfiguration.java,,,,,,,,,,,,,,,,,,,,,,,,,1,4,0,4,1,1,0,1,1,1,2,1,1,1,1,1,1,,,,,,0,,0,00,1,1,1,1
Public Method,"org.apache.pdfbox.preflight.PreflightConfiguration.setColorSpaceHelperFact(ColorSpaceHelperFactory)",preflight/src/main/java/org/apache/pdfbox/preflight/PreflightConfiguration.java,,,,,,,,,,,,,,,,,,,,,,,,,1,4,0,4,1,1,0,1,1,1,2,1,1,1,1,1,1,,,,,,0,,0,00,1,1,1,1
Public Method,"org.apache.pdfbox.preflight.PreflightConfiguration.setErrorOnMissingProcess(boolean)",preflight/src/main/java/org/apache/pdfbox/preflight/PreflightConfiguration.java,,,,,,,,,,,,,,,,,,,,,,,,,4,4,0,4,1,1,0,1,1,1,2,1,1,1,1,1,1,,,,,,0,,0,00,1,1,1,1
Public Method,"org.apache.pdfbox.preflight.PreflightConfiguration.setLazyValidation(boolean)",preflight/src/main/java/org/apache/pdfbox/preflight/PreflightConfiguration.java,,,,,,,,,,,,,,,,,,,,,,,,,1,4,0,4,1,1,0,1,1,1,2,1,1,1,1,1,1,,,,,,0,,0,00,1,1,1,1
Public Method,"org.apache.pdfbox.preflight.PreflightConfiguration.setMaxErrors(int)",preflight/src/main/java/org/apache/pdfbox/preflight/PreflightConfiguration.java,,,,,,,,,,,,,,,,,,,,,,,,,1,9,0,4,1,1,5,1,1,1,2,1,1,1,1,1,1,,,,,,0,,1,25,1,1,1,1
Public Class,"org.apache.pdfbox.preflight.PreflightConstants",preflight/src/main/java/org/apache/pdfbox/preflight/PreflightConstants.java,1,1,1,1,3,0,3,0,1,1,0,,0,210,,,1,0,1,13,0,1,0,0,,765,57,216,212,210,492,,,210,212,212,0,,,,,1,1,1,1,1,0,0,2,28,1,1,1,1
Private Constructor,"org.apache.pdfbox.preflight.PreflightConstants.PreflightConstants()",preflight/src/main/java/org/apache/pdfbox/preflight/PreflightConstants.java,,,,,,,,,,,,,,,,,,,,,,,,,0,3,0,3,1,0,0,1,1,0,1,1,0,1,1,1,1,,,,,,0,,0,00,1,1,1,1
Public Class,"org.apache.pdfbox.preflight.PreflightContext",preflight/src/main/java/org/apache/pdfbox/preflight/PreflightContext.java,1,1,1,1,6,0,4,2,2,19,0,,0,0,,,27,11,27,39,0,0,0,27,,270,37,125,41,37,108,,,40,68,40,31,,,,,1,1,1,1,1,0,90,0,86,27,27,27,27
Public Constructor,"org.apache.pdfbox.preflight.PreflightContext.PreflightContext()",preflight/src/main/java/org/apache/pdfbox/preflight/PreflightContext.java,,,,,,,,,,,,,,,,,,,,,,,,,2,7,0,4,1,1,3,2,1,1,2,1,1,1,1,1,1,,,,,,0,,0,75,1,1,1,1
Public Constructor,"org.apache.pdfbox.preflight.PreflightContext.PreflightContext(PreflightConfiguration)",preflight/src/main/java/org/apache/pdfbox/preflight/PreflightContext.java,,,,,,,,,,,,,,,,,,,,,,,,,1,4,0,4,1,1,0,2,1,1,2,1,1,1,1,1,1,,,,,,0,,0,00,1,1,1,1
Public Method,"org.apache.pdfbox.preflight.PreflightContext.addFontContainer(COSBase,FontContainer<?>)",preflight/src/main/java/org/apache/pdfbox/preflight/PreflightContext.java,,,,,,,,,,,,,,,,,,,,,,,,,4,10,0,4,1,1,6,1,1,1,2,1,1,1,1,1,1,,,,,,0,,1,50,1,1,1,1
Public Method,"org.apache.pdfbox.preflight.PreflightContext.addToProcessedSet(COSObjectable)",preflight/src/main/java/org/apache/pdfbox/preflight/PreflightContext.java,,,,,,,,,,,,,,,,,,,,,,,,,3,9,0,4,1,1,5,1,1,1,2,1,1,1,1,1,1,,,,,,0,,1,25,1,1,1,1
Public Method,"org.apache.pdfbox.preflight.PreflightContext.addValidationError(ValidationError)",preflight/src/main/java/org/apache/pdfbox/preflight/PreflightContext.java,,,,,,,,,,,,,,,,,,,,,,,,,97,11,0,6,2,3,5,2,1,3,4,2,2,1,1,1,1,,,,,,0,,0,83,1,1,1,1
Public Method,"org.apache.pdfbox.preflight.PreflightContext.addValidationErrors(List<ValidationError>)",preflight/src/main/java/org/apache/pdfbox/preflight/PreflightContext.java,,,,,,,,,,,,,,,,,,,,,,,,,4,9,0,4,1,1,5,1,1,1,2,1,1,1,1,1,1,,,,,,0,,1,25,1,1,1,1
Public Method,"org.apache.pdfbox.preflight.PreflightContext.close()",preflight/src/main/java/org/apache/pdfbox/preflight/PreflightContext.java,,,,,,,,,,,,,,,,,,,,,,,,,1,8,0,5,2,1,3,1,1,1,2,1,1,1,1,1,1,,,,,,0,,0,60,1,1,1,1
Public Method,"org.apache.pdfbox.preflight.PreflightContext.getConfig()",preflight/src/main/java/org/apache/pdfbox/preflight/PreflightContext.java,,,,,,,,,,,,,,,,,,,,,,,,,13,4,0,4,1,1,0,1,1,1,2,1,1,1,1,1,1,,,,,,0,,0,00,1,1,1,1
Public Method,"org.apache.pdfbox.preflight.PreflightContext.getCurrentPageNumber()",preflight/src/main/java/org/apache/pdfbox/preflight/PreflightContext.java,,,,,,,,,,,,,,,,,,,,,,,,,1,7,0,4,1,1,3,1,1,1,2,1,1,1,1,1,1,,,,,,0,,0,75,1,1,1,1
Public Method,"org.apache.pdfbox.preflight.PreflightContext.getDocument()",preflight/src/main/java/org/apache/pdfbox/preflight/PreflightContext.java,,,,,,,,,,,,,,,,,,,,,,,,,15,7,0,4,1,1,3,1,1,1,2,1,1,1,1,1,1,,,,,,0,,0,75,1,1,1,1
Public Method,"org.apache.pdfbox.preflight.PreflightContext.getFileLen()",preflight/src/main/java/org/apache/pdfbox/preflight/PreflightContext.java,,,,,,,,,,,,,,,,,,,,,,,,,2,4,0,4,1,1,0,1,1,1,2,1,1,1,1,1,1,,,,,,0,,0,00,1,1,1,1
Public Method,"org.apache.pdfbox.preflight.PreflightContext.getFontContainer(COSBase)",preflight/src/main/java/org/apache/pdfbox/preflight/PreflightContext.java,,,,,,,,,,,,,,,,,,,,,,,,,5,11,0,4,1,1,7,2,1,1,2,1,1,1,1,1,1,,,,,,0,,1,75,1,1,1,1
Public Method,"org.apache.pdfbox.preflight.PreflightContext.getIccProfileWrapper()",preflight/src/main/java/org/apache/pdfbox/preflight/PreflightContext.java,,,,,,,,,,,,,,,,,,,,,,,,,3,7,0,4,1,1,3,1,1,1,2,1,1,1,1,1,1,,,,,,0,,0,75,1,1,1,1
Public Method,"org.apache.pdfbox.preflight.PreflightContext.getMetadata()",preflight/src/main/java/org/apache/pdfbox/preflight/PreflightContext.java,,,,,,,,,,,,,,,,,,,,,,,,,1,7,0,4,1,1,3,1,1,1,2,1,1,1,1,1,1,,,,,,0,,0,75,1,1,1,1
Public Method,"org.apache.pdfbox.preflight.PreflightContext.getValidationPath()",preflight/src/main/java/org/apache/pdfbox/preflight/PreflightContext.java,,,,,,,,,,,,,,,,,,,,,,,,,15,4,0,4,1,1,0,1,1,1,2,1,1,1,1,1,1,,,,,,0,,0,00,1,1,1,1
Public Method,"org.apache.pdfbox.preflight.PreflightContext.getXrefTrailerResolver()",preflight/src/main/java/org/apache/pdfbox/preflight/PreflightContext.java,,,,,,,,,,,,,,,,,,,,,,,,,3,4,0,4,1,1,0,1,1,1,2,1,1,1,1,1,1,,,,,,0,,0,00,1,1,1,1
Public Method,"org.apache.pdfbox.preflight.PreflightContext.isIccProfileAlreadySearched()",preflight/src/main/java/org/apache/pdfbox/preflight/PreflightContext.java,,,,,,,,,,,,,,,,,,,,,,,,,2,4,0,4,1,1,0,1,1,1,2,1,1,1,1,1,1,,,,,,0,,0,00,1,1,1,1
Public Method,"org.apache.pdfbox.preflight.PreflightContext.isInProcessedSet(COSObjectable)",preflight/src/main/java/org/apache/pdfbox/preflight/PreflightContext.java,,,,,,,,,,,,,,,,,,,,,,,,,3,10,0,4,1,1,6,2,1,1,2,1,1,1,1,1,1,,,,,,0,,1,50,1,1,1,1
Public Method,"org.apache.pdfbox.preflight.PreflightContext.setConfig(PreflightConfiguration)",preflight/src/main/java/org/apache/pdfbox/preflight/PreflightContext.java,,,,,,,,,,,,,,,,,,,,,,,,,3,4,0,4,1,1,0,1,1,1,2,1,1,1,1,1,1,,,,,,0,,0,00,1,1,1,1
Public Method,"org.apache.pdfbox.preflight.PreflightContext.setCurrentPageNumber(Integer)",preflight/src/main/java/org/apache/pdfbox/preflight/PreflightContext.java,,,,,,,,,,,,,,,,,,,,,,,,,2,9,0,4,1,1,5,1,1,1,2,1,1,1,1,1,1,,,,,,0,,1,25,1,1,1,1
Public Method,"org.apache.pdfbox.preflight.PreflightContext.setDocument(PreflightDocument)",preflight/src/main/java/org/apache/pdfbox/preflight/PreflightContext.java,,,,,,,,,,,,,,,,,,,,,,,,,3,9,0,4,1,1,5,1,1,1,2,1,1,1,1,1,1,,,,,,0,,1,25,1,1,1,1
Public Method,"org.apache.pdfbox.preflight.PreflightContext.setFileLen(long)",preflight/src/main/java/org/apache/pdfbox/preflight/PreflightContext.java,,,,,,,,,,,,,,,,,,,,,,,,,2,4,0,4,1,1,0,1,1,1,2,1,1,1,1,1,1,,,,,,0,,0,00,1,1,1,1
Public Method,"org.apache.pdfbox.preflight.PreflightContext.setIccProfileAlreadySearched(boolean)",preflight/src/main/java/org/apache/pdfbox/preflight/PreflightContext.java,,,,,,,,,,,,,,,,,,,,,,,,,2,4,0,4,1,1,0,1,1,1,2,1,1,1,1,1,1,,,,,,0,,0,00,1,1,1,1
Public Method,"org.apache.pdfbox.preflight.PreflightContext.setIccProfileWrapper(ICCProfileWrapper)",preflight/src/main/java/org/apache/pdfbox/preflight/PreflightContext.java,,,,,,,,,,,,,,,,,,,,,,,,,2,8,0,4,1,1,4,1,1,1,2,1,1,1,1,1,1,,,,,,0,,1,00,1,1,1,1
Public Method,"org.apache.pdfbox.preflight.PreflightContext.setMetadata(XMPMetadata)",preflight/src/main/java/org/apache/pdfbox/preflight/PreflightContext.java,,,,,,,,,,,,,,,,,,,,,,,,,2,8,0,4,1,1,4,1,1,1,2,1,1,1,1,1,1,,,,,,0,,1,00,1,1,1,1
Public Method,"org.apache.pdfbox.preflight.PreflightContext.setValidationPath(PreflightPath)",preflight/src/main/java/org/apache/pdfbox/preflight/PreflightContext.java,,,,,,,,,,,,,,,,,,,,,,,,,1,4,0,4,1,1,0,1,1,1,2,1,1,1,1,1,1,,,,,,0,,0,00,1,1,1,1
Public Method,"org.apache.pdfbox.preflight.PreflightContext.setXrefTrailerResolver(XrefTrailerResolver)",preflight/src/main/java/org/apache/pdfbox/preflight/PreflightContext.java,,,,,,,,,,,,,,,,,,,,,,,,,2,4,0,4,1,1,0,1,1,1,2,1,1,1,1,1,1,,,,,,0,,0,00,1,1,1,1
Public Class,"org.apache.pdfbox.preflight.PreflightDocument",preflight/src/main/java/org/apache/pdfbox/preflight/PreflightDocument.java,1,1,1,1,11,0,5,5,1,12,0,,0,0,,,9,4,9,77,0,0,0,9,,141,13,57,15,18,71,,,18,32,16,18,,,,,2,2,2,1,2,1,69,1,25,13,13,13,9
Public Constructor,"org.apache.pdfbox.preflight.PreflightDocument.PreflightDocument(COSDocument,Format)",preflight/src/main/java/org/apache/pdfbox/preflight/PreflightDocument.java,,,,,,,,,,,,,,,,,,,,,,,,,3,10,0,4,1,1,6,2,1,1,2,1,1,1,1,1,1,,,,,,0,,1,50,1,1,1,1
Public Constructor,"org.apache.pdfbox.preflight.PreflightDocument.PreflightDocument(COSDocument,Format,PreflightConfiguration)",preflight/src/main/java/org/apache/pdfbox/preflight/PreflightDocument.java,,,,,,,,,,,,,,,,,,,,,,,,,5,15,0,6,1,3,9,5,1,3,4,1,3,2,2,2,1,,,,,,0,,1,50,2,2,2,1
Public Method,"org.apache.pdfbox.preflight.PreflightDocument.addValidationError(ValidationError)",preflight/src/main/java/org/apache/pdfbox/preflight/PreflightDocument.java,,,,,,,,,,,,,,,,,,,,,,,,,3,12,0,7,1,2,5,1,2,1,3,1,2,2,2,2,1,,,,,,1,,0,71,2,2,2,1
Public Method,"org.apache.pdfbox.preflight.PreflightDocument.addValidationErrors(List<ValidationError>)",preflight/src/main/java/org/apache/pdfbox/preflight/PreflightDocument.java,,,,,,,,,,,,,,,,,,,,,,,,,3,12,0,7,1,2,5,1,2,1,3,1,2,2,2,2,1,,,,,,1,,0,71,2,2,2,1
Public Method,"org.apache.pdfbox.preflight.PreflightDocument.getContext()",preflight/src/main/java/org/apache/pdfbox/preflight/PreflightDocument.java,,,,,,,,,,,,,,,,,,,,,,,,,1,9,0,4,1,1,5,1,1,1,2,1,1,1,1,1,1,,,,,,0,,1,25,1,1,1,1
Public Method,"org.apache.pdfbox.preflight.PreflightDocument.getSpecification()",preflight/src/main/java/org/apache/pdfbox/preflight/PreflightDocument.java,,,,,,,,,,,,,,,,,,,,,,,,,2,9,0,4,1,1,5,1,1,1,2,1,1,1,1,1,1,,,,,,0,,1,25,1,1,1,1
Public Method,"org.apache.pdfbox.preflight.PreflightDocument.getValidationErrors()",preflight/src/main/java/org/apache/pdfbox/preflight/PreflightDocument.java,,,,,,,,,,,,,,,,,,,,,,,,,4,9,0,4,1,1,5,3,1,1,2,1,1,1,1,1,1,,,,,,0,,1,25,1,1,1,1
Public Method,"org.apache.pdfbox.preflight.PreflightDocument.setContext(PreflightContext)",preflight/src/main/java/org/apache/pdfbox/preflight/PreflightDocument.java,,,,,,,,,,,,,,,,,,,,,,,,,3,9,0,4,1,1,5,1,1,1,2,1,1,1,1,1,1,,,,,,0,,1,25,1,1,1,1
Public Method,"org.apache.pdfbox.preflight.PreflightDocument.validate()",preflight/src/main/java/org/apache/pdfbox/preflight/PreflightDocument.java,,,,,,,,,,,,,,,,,,,,,,,,,4,16,0,10,2,5,6,4,2,4,7,3,5,2,2,2,1,,,,,,1,,0,60,2,2,2,1
Public Class,"org.apache.pdfbox.preflight.PreflightPath",preflight/src/main/java/org/apache/pdfbox/preflight/PreflightPath.java,1,1,1,1,8,0,6,1,1,4,0,,0,0,,,10,2,10,22,0,0,0,10,,130,12,71,20,25,47,,,23,37,16,25,,,,,3,3,3,3,1,2,35,0,66,14,14,17,12
Public Method,"org.apache.pdfbox.preflight.PreflightPath.clear()",preflight/src/main/java/org/apache/pdfbox/preflight/PreflightPath.java,,,,,,,,,,,,,,,,,,,,,,,,,3,5,0,5,1,2,0,1,1,2,3,1,2,1,1,1,1,,,,,,0,,0,00,1,1,1,1
Public Generic Method,"org.apache.pdfbox.preflight.PreflightPath.getClosestPathElement(Class<T>)",preflight/src/main/java/org/apache/pdfbox/preflight/PreflightPath.java,,,,,,,,,,,,,,,,,,,,,,,,,6,4,0,4,1,1,0,3,1,1,2,1,1,1,1,1,1,,,,,,0,,0,00,1,1,1,1
TypeVariable,"org.apache.pdfbox.preflight.PreflightPath.getClosestPathElement.T",preflight/src/main/java/org/apache/pdfbox/preflight/PreflightPath.java,0,0,0,0,0,0,0,0,1,0,0,,0,0,,,0,0,0,0,0,0,0,0,,0,0,0,0,0,0,,,0,0,0,0,,,,,0,0,0,0,1,0,0,0,00,0,0,0,0
Public Generic Method,"org.apache.pdfbox.preflight.PreflightPath.getClosestTypePosition(Class<T>)",preflight/src/main/java/org/apache/pdfbox/preflight/PreflightPath.java,,,,,,,,,,,,,,,,,,,,,,,,,6,17,0,11,1,4,6,4,3,4,6,2,5,3,3,3,3,,,,,,2,,0,55,3,3,3,3
TypeVariable,"org.apache.pdfbox.preflight.PreflightPath.getClosestTypePosition.T",preflight/src/main/java/org/apache/pdfbox/preflight/PreflightPath.java,0,0,0,0,0,0,0,0,1,0,0,,0,0,,,0,0,0,0,0,0,0,0,,0,0,0,0,0,0,,,0,0,0,0,,,,,0,0,0,0,1,0,0,0,00,0,0,0,0
Public Generic Method,"org.apache.pdfbox.preflight.PreflightPath.getPathElement(int,Class<T>)",preflight/src/main/java/org/apache/pdfbox/preflight/PreflightPath.java,,,,,,,,,,,,,,,,,,,,,,,,,5,16,0,9,2,3,7,3,2,2,4,1,3,2,2,3,1,,,,,,1,,0,78,2,2,3,1
TypeVariable,"org.apache.pdfbox.preflight.PreflightPath.getPathElement.T",preflight/src/main/java/org/apache/pdfbox/preflight/PreflightPath.java,0,0,0,0,0,0,0,0,1,0,0,,0,0,,,0,0,0,0,0,0,0,0,,0,0,0,0,0,0,,,0,0,0,0,,,,,0,0,0,0,1,0,0,0,00,0,0,0,0
Public Method,"org.apache.pdfbox.preflight.PreflightPath.isEmpty()",preflight/src/main/java/org/apache/pdfbox/preflight/PreflightPath.java,,,,,,,,,,,,,,,,,,,,,,,,,12,4,0,4,1,1,0,2,1,1,2,1,1,1,1,1,1,,,,,,0,,0,00,1,1,1,1
Public Method,"org.apache.pdfbox.preflight.PreflightPath.isExpectedType(Class<?>)",preflight/src/main/java/org/apache/pdfbox/preflight/PreflightPath.java,,,,,,,,,,,,,,,,,,,,,,,,,12,6,0,6,3,2,0,4,1,2,3,2,2,1,1,3,1,,,,,,0,,0,00,1,1,3,1
Public Method,"org.apache.pdfbox.preflight.PreflightPath.peek()",preflight/src/main/java/org/apache/pdfbox/preflight/PreflightPath.java,,,,,,,,,,,,,,,,,,,,,,,,,12,9,0,4,1,1,5,2,1,1,2,1,1,1,1,1,1,,,,,,0,,1,25,1,1,1,1
Public Method,"org.apache.pdfbox.preflight.PreflightPath.pop()",preflight/src/main/java/org/apache/pdfbox/preflight/PreflightPath.java,,,,,,,,,,,,,,,,,,,,,,,,,4,5,0,5,1,2,0,2,1,2,3,1,2,1,1,1,1,,,,,,0,,0,00,1,1,1,1
Public Method,"org.apache.pdfbox.preflight.PreflightPath.pushObject(Object)",preflight/src/main/java/org/apache/pdfbox/preflight/PreflightPath.java,,,,,,,,,,,,,,,,,,,,,,,,,6,12,0,12,3,6,0,3,2,5,7,2,5,2,2,2,1,,,,,,1,,0,00,2,2,2,1
Public Method,"org.apache.pdfbox.preflight.PreflightPath.size()",preflight/src/main/java/org/apache/pdfbox/preflight/PreflightPath.java,,,,,,,,,,,,,,,,,,,,,,,,,4,4,0,4,1,1,0,2,1,1,2,1,1,1,1,1,1,,,,,,0,,0,00,1,1,1,1
Class,"org.apache.pdfbox.preflight.TestInvalidDirectory",preflight/src/test/java/org/apache/pdfbox/preflight/TestInvalidDirectory.java,5,5,5,1,28,0,25,2,1,12,0,,1,0,,,1,0,2,14,1,0,0,1,,80,1,54,11,27,25,,,17,29,10,24,,,,,8,8,8,1,1,3,0,0,46,10,10,10,2
Public Static Method,"org.apache.pdfbox.preflight.TestInvalidDirectory.initializeParameters()",preflight/src/test/java/org/apache/pdfbox/preflight/TestInvalidDirectory.java,,,,,,,,,,,,,,,,,,,,,,,,,2,45,0,40,6,23,5,13,40,14,23,7,20,8,8,8,1,,,,,,3,,0,12,8,8,8,1
Method,"org.apache.pdfbox.preflight.TestInvalidDirectory.validate(File)",preflight/src/test/java/org/apache/pdfbox/preflight/TestInvalidDirectory.java,,,,,,,,,,,,,,,,,,,,,,,,,2,11,0,11,4,4,0,4,2,3,5,2,4,2,2,2,1,,,,,,1,,0,00,2,2,2,1
Class,"org.apache.pdfbox.preflight.TestIsartorBavaria",preflight/src/test/java/org/apache/pdfbox/preflight/TestIsartorBavaria.java,7,7,8,2,47,1,44,2,1,28,0,,3,3,,,1,0,4,16,1,0,0,3,,219,11,183,43,101,29,,,68,107,46,88,,,,,15,15,16,5,1,5,25,0,16,30,30,34,8
Public Static Method,"org.apache.pdfbox.preflight.TestIsartorBavaria.afterClass()",preflight/src/test/java/org/apache/pdfbox/preflight/TestIsartorBavaria.java,,,,,,,,,,,,,,,,,,,,,,,,,1,8,0,8,2,2,0,1,2,1,3,1,2,2,2,2,1,,,,,,1,,0,00,2,2,2,1
Public Static Method,"org.apache.pdfbox.preflight.TestIsartorBavaria.beforeClass()",preflight/src/test/java/org/apache/pdfbox/preflight/TestIsartorBavaria.java,,,,,,,,,,,,,,,,,,,,,,,,,0,22,0,22,4,10,0,8,4,6,10,3,9,4,4,5,1,,,,,,2,,0,00,4,4,5,1
Public Static Method,"org.apache.pdfbox.preflight.TestIsartorBavaria.initializeParameters()",preflight/src/test/java/org/apache/pdfbox/preflight/TestIsartorBavaria.java,,,,,,,,,,,,,,,,,,,,,,,,,3,71,4,65,20,40,5,26,24,29,40,22,37,9,9,11,1,,,,,,5,,0,08,9,9,11,1
Method,"org.apache.pdfbox.preflight.TestIsartorBavaria.validate(File,Set<String>)",preflight/src/test/java/org/apache/pdfbox/preflight/TestIsartorBavaria.java,,,,,,,,,,,,,,,,,,,,,,,,,3,88,3,82,13,47,4,27,86,29,50,16,40,15,15,16,5,,,,,,5,,0,05,15,15,16,5
Class,"org.apache.pdfbox.preflight.TestPDFBox3741",preflight/src/test/java/org/apache/pdfbox/preflight/TestPDFBox3741.java,1,1,1,1,16,0,9,7,1,7,0,,0,0,,,1,0,1,13,1,0,0,0,,23,0,12,5,5,11,,,4,6,3,4,,,,,1,1,1,1,1,0,0,0,92,1,1,1,1
Method,"org.apache.pdfbox.preflight.TestPDFBox3741.testPDFBox3741()",preflight/src/test/java/org/apache/pdfbox/preflight/TestPDFBox3741.java,,,,,,,,,,,,,,,,,,,,,,,,,0,16,0,9,4,5,7,9,1,4,5,2,4,1,1,1,1,,,,,,0,,0,78,1,1,1,1
Class,"org.apache.pdfbox.preflight.TestPreflightConfiguration",preflight/src/test/java/org/apache/pdfbox/preflight/TestPreflightConfiguration.java,1,1,1,1,9,0,9,0,1,13,0,,0,0,,,11,0,11,23,11,0,0,0,,148,14,114,43,55,20,,,49,65,32,48,,,,,1,1,1,1,1,0,0,0,18,17,17,17,17
Static Class,"org.apache.pdfbox.preflight.TestPreflightConfiguration.MockProcess",preflight/src/test/java/org/apache/pdfbox/preflight/TestPreflightConfiguration.java,1,1,1,1,3,0,3,0,2,2,1,,0,0,,,1,0,1,13,0,0,0,1,,6,0,6,2,0,0,,,0,2,2,0,,,,,1,1,1,1,1,0,0,0,00,1,1,1,1
Public Method,"org.apache.pdfbox.preflight.TestPreflightConfiguration.MockProcess.validate(PreflightContext)",preflight/src/test/java/org/apache/pdfbox/preflight/TestPreflightConfiguration.java,,,,,,,,,,,,,,,,,,,,,,,,,0,3,0,3,1,0,0,0,1,0,1,1,0,1,1,1,1,,,,,,0,,0,00,1,1,1,1
Static Class,"org.apache.pdfbox.preflight.TestPreflightConfiguration.MockProcess2",preflight/src/test/java/org/apache/pdfbox/preflight/TestPreflightConfiguration.java,1,1,1,1,3,0,3,0,1,2,0,,0,0,,,1,0,1,14,0,0,0,1,,6,0,6,2,0,0,,,0,2,2,0,,,,,1,1,1,1,2,0,0,0,00,1,1,1,1
Public Method,"org.apache.pdfbox.preflight.TestPreflightConfiguration.MockProcess2.validate(PreflightContext)",preflight/src/test/java/org/apache/pdfbox/preflight/TestPreflightConfiguration.java,,,,,,,,,,,,,,,,,,,,,,,,,0,3,0,3,1,0,0,0,1,0,1,1,0,1,1,1,1,,,,,,0,,0,00,1,1,1,1
Method,"org.apache.pdfbox.preflight.TestPreflightConfiguration.testGetMissingValidationPageProcess()",preflight/src/test/java/org/apache/pdfbox/preflight/TestPreflightConfiguration.java,,,,,,,,,,,,,,,,,,,,,,,,,2,9,0,9,3,5,0,3,1,4,5,2,4,1,1,1,1,,,,,,0,,0,00,2,2,2,2
Lambda Method,"org.apache.pdfbox.preflight.TestPreflightConfiguration.testGetMissingValidationPageProcess.(lambda_expr_1)()",preflight/src/test/java/org/apache/pdfbox/preflight/TestPreflightConfiguration.java,,,,,,,,,,,,,,,,,,,,,,,,,1,3,0,3,0,2,0,2,1,1,1,0,1,1,1,1,1,,,,,,0,,0,00,1,1,1,1
Method,"org.apache.pdfbox.preflight.TestPreflightConfiguration.testGetMissingValidationPageProcess2()",preflight/src/test/java/org/apache/pdfbox/preflight/TestPreflightConfiguration.java,,,,,,,,,,,,,,,,,,,,,,,,,2,9,0,9,3,5,0,3,1,4,5,2,4,1,1,1,1,,,,,,0,,0,00,2,2,2,2
Lambda Method,"org.apache.pdfbox.preflight.TestPreflightConfiguration.testGetMissingValidationPageProcess2.(lambda_expr_1)()",preflight/src/test/java/org/apache/pdfbox/preflight/TestPreflightConfiguration.java,,,,,,,,,,,,,,,,,,,,,,,,,1,3,0,3,0,2,0,2,1,1,1,0,1,1,1,1,1,,,,,,0,,0,00,1,1,1,1
Method,"org.apache.pdfbox.preflight.TestPreflightConfiguration.testGetMissingValidationProcess()",preflight/src/test/java/org/apache/pdfbox/preflight/TestPreflightConfiguration.java,,,,,,,,,,,,,,,,,,,,,,,,,2,9,0,9,3,5,0,3,1,4,5,2,4,1,1,1,1,,,,,,0,,0,00,2,2,2,2
Lambda Method,"org.apache.pdfbox.preflight.TestPreflightConfiguration.testGetMissingValidationProcess.(lambda_expr_1)()",preflight/src/test/java/org/apache/pdfbox/preflight/TestPreflightConfiguration.java,,,,,,,,,,,,,,,,,,,,,,,,,1,3,0,3,0,2,0,2,1,1,1,0,1,1,1,1,1,,,,,,0,,0,00,1,1,1,1
Method,"org.apache.pdfbox.preflight.TestPreflightConfiguration.testGetMissingValidationProcess2()",preflight/src/test/java/org/apache/pdfbox/preflight/TestPreflightConfiguration.java,,,,,,,,,,,,,,,,,,,,,,,,,2,9,0,9,3,5,0,3,1,4,5,2,4,1,1,1,1,,,,,,0,,0,00,2,2,2,2
Lambda Method,"org.apache.pdfbox.preflight.TestPreflightConfiguration.testGetMissingValidationProcess2.(lambda_expr_1)()",preflight/src/test/java/org/apache/pdfbox/preflight/TestPreflightConfiguration.java,,,,,,,,,,,,,,,,,,,,,,,,,1,3,0,3,0,2,0,2,1,1,1,0,1,1,1,1,1,,,,,,0,,0,00,1,1,1,1
Method,"org.apache.pdfbox.preflight.TestPreflightConfiguration.testGetValidationPageProcess()",preflight/src/test/java/org/apache/pdfbox/preflight/TestPreflightConfiguration.java,,,,,,,,,,,,,,,,,,,,,,,,,1,8,0,8,4,4,0,4,1,4,5,3,4,1,1,1,1,,,,,,0,,0,00,1,1,1,1
Method,"org.apache.pdfbox.preflight.TestPreflightConfiguration.testGetValidationPageProcess_noError()",preflight/src/test/java/org/apache/pdfbox/preflight/TestPreflightConfiguration.java,,,,,,,,,,,,,,,,,,,,,,,,,1,10,0,10,4,6,0,6,1,6,7,3,6,1,1,1,1,,,,,,0,,0,00,1,1,1,1
Method,"org.apache.pdfbox.preflight.TestPreflightConfiguration.testGetValidationProcess()",preflight/src/test/java/org/apache/pdfbox/preflight/TestPreflightConfiguration.java,,,,,,,,,,,,,,,,,,,,,,,,,1,8,0,8,4,4,0,4,1,4,5,3,4,1,1,1,1,,,,,,0,,0,00,1,1,1,1
Method,"org.apache.pdfbox.preflight.TestPreflightConfiguration.testGetValidationProcess_MissingProcess()",preflight/src/test/java/org/apache/pdfbox/preflight/TestPreflightConfiguration.java,,,,,,,,,,,,,,,,,,,,,,,,,1,8,0,8,3,4,0,2,1,3,4,2,3,1,1,1,1,,,,,,0,,0,00,2,2,2,2
Lambda Method,"org.apache.pdfbox.preflight.TestPreflightConfiguration.testGetValidationProcess_MissingProcess.(lambda_expr_1)()",preflight/src/test/java/org/apache/pdfbox/preflight/TestPreflightConfiguration.java,,,,,,,,,,,,,,,,,,,,,,,,,0,3,0,3,0,2,0,2,1,1,1,0,1,1,1,1,1,,,,,,0,,0,00,1,1,1,1
Method,"org.apache.pdfbox.preflight.TestPreflightConfiguration.testGetValidationProcess_MissingProcess_NoError()",preflight/src/test/java/org/apache/pdfbox/preflight/TestPreflightConfiguration.java,,,,,,,,,,,,,,,,,,,,,,,,,1,9,0,9,3,5,0,3,1,4,5,2,4,1,1,1,1,,,,,,0,,0,00,2,2,2,2
Lambda Method,"org.apache.pdfbox.preflight.TestPreflightConfiguration.testGetValidationProcess_MissingProcess_NoError.(lambda_expr_1)()",preflight/src/test/java/org/apache/pdfbox/preflight/TestPreflightConfiguration.java,,,,,,,,,,,,,,,,,,,,,,,,,0,3,0,3,0,2,0,2,1,1,1,0,1,1,1,1,1,,,,,,0,,0,00,1,1,1,1
Method,"org.apache.pdfbox.preflight.TestPreflightConfiguration.testGetValidationProcess_noError()",preflight/src/test/java/org/apache/pdfbox/preflight/TestPreflightConfiguration.java,,,,,,,,,,,,,,,,,,,,,,,,,1,10,0,10,4,6,0,6,1,6,7,3,6,1,1,1,1,,,,,,0,,0,00,1,1,1,1
Method,"org.apache.pdfbox.preflight.TestPreflightConfiguration.testReplaceValidationProcess()",preflight/src/test/java/org/apache/pdfbox/preflight/TestPreflightConfiguration.java,,,,,,,,,,,,,,,,,,,,,,,,,0,12,2,10,4,6,0,5,1,6,7,3,5,1,1,1,1,,,,,,0,,0,00,1,1,1,1
Class,"org.apache.pdfbox.preflight.TestPreflightPath",preflight/src/test/java/org/apache/pdfbox/preflight/TestPreflightPath.java,1,1,1,1,28,6,22,0,1,5,0,,0,0,,,2,0,2,14,2,0,0,0,,82,15,47,10,36,20,,,36,39,8,36,,,,,1,1,1,1,1,0,0,0,43,2,2,2,2
Method,"org.apache.pdfbox.preflight.TestPreflightPath.test()",preflight/src/test/java/org/apache/pdfbox/preflight/TestPreflightPath.java,,,,,,,,,,,,,,,,,,,,,,,,,0,49,12,37,6,33,0,13,1,33,34,5,33,1,1,1,1,,,,,,0,,0,00,1,1,1,1
Method,"org.apache.pdfbox.preflight.TestPreflightPath.testPush()",preflight/src/test/java/org/apache/pdfbox/preflight/TestPreflightPath.java,,,,,,,,,,,,,,,,,,,,,,,,,0,7,0,7,3,3,0,3,1,3,4,2,3,1,1,1,1,,,,,,0,,0,00,1,1,1,1
Class,"org.apache.pdfbox.preflight.TestValidDirectory",preflight/src/test/java/org/apache/pdfbox/preflight/TestValidDirectory.java,5,5,5,1,28,0,25,2,1,12,0,,1,0,,,1,0,2,14,1,0,0,1,,80,1,54,11,27,25,,,17,29,10,24,,,,,8,8,8,1,1,3,0,0,46,10,10,10,2
Public Static Method,"org.apache.pdfbox.preflight.TestValidDirectory.initializeParameters()",preflight/src/test/java/org/apache/pdfbox/preflight/TestValidDirectory.java,,,,,,,,,,,,,,,,,,,,,,,,,2,45,0,40,6,23,5,13,40,14,23,7,20,8,8,8,1,,,,,,3,,0,12,8,8,8,1
Method,"org.apache.pdfbox.preflight.TestValidDirectory.validate(File)",preflight/src/test/java/org/apache/pdfbox/preflight/TestValidDirectory.java,,,,,,,,,,,,,,,,,,,,,,,,,2,11,0,11,4,4,0,4,2,3,5,2,4,2,2,2,1,,,,,,1,,0,00,2,2,2,1
Public Class,"org.apache.pdfbox.preflight.ValidationResult",preflight/src/main/java/org/apache/pdfbox/preflight/ValidationResult.java,1,1,1,1,10,0,5,4,1,5,0,,0,0,,,10,3,10,22,1,0,0,9,,458,33,263,39,109,162,,,74,134,37,99,,,,,2,2,2,1,1,1,56,0,62,14,14,14,10
Public Static Class,"org.apache.pdfbox.preflight.ValidationResult.ValidationError",preflight/src/main/java/org/apache/pdfbox/preflight/ValidationResult.java,3,3,3,1,17,0,13,3,1,8,0,,0,0,,,14,6,14,26,0,0,0,14,,301,20,201,25,88,80,,,57,102,23,80,,,,,24,24,24,7,1,2,76,0,40,45,45,49,20
Public Constructor,"org.apache.pdfbox.preflight.ValidationResult.ValidationError.ValidationError(String)",preflight/src/main/java/org/apache/pdfbox/preflight/ValidationResult.java,,,,,,,,,,,,,,,,,,,,,,,,,35,107,0,101,1,50,6,6,24,26,50,1,49,24,24,24,1,,,,,,1,,0,06,24,24,24,1
Public Constructor,"org.apache.pdfbox.preflight.ValidationResult.ValidationError.ValidationError(String,String)",preflight/src/main/java/org/apache/pdfbox/preflight/ValidationResult.java,,,,,,,,,,,,,,,,,,,,,,,,,157,11,0,4,1,1,7,2,1,1,2,1,1,1,1,1,1,,,,,,0,,1,75,1,1,1,1
Public Constructor,"org.apache.pdfbox.preflight.ValidationResult.ValidationError.ValidationError(String,String,Throwable)",preflight/src/main/java/org/apache/pdfbox/preflight/ValidationResult.java,,,,,,,,,,,,,,,,,,,,,,,,,30,20,0,12,2,7,8,12,2,6,8,2,7,3,3,3,1,,,,,,1,,0,67,3,3,3,1
Public Method,"org.apache.pdfbox.preflight.ValidationResult.ValidationError.equals(Object)",preflight/src/main/java/org/apache/pdfbox/preflight/ValidationResult.java,,,,,,,,,,,,,,,,,,,,,,,,,5,36,0,34,3,16,2,3,7,8,15,2,13,7,7,11,7,,,,,,2,,0,06,7,7,11,7
Public Method,"org.apache.pdfbox.preflight.ValidationResult.ValidationError.getCause()",preflight/src/main/java/org/apache/pdfbox/preflight/ValidationResult.java,,,,,,,,,,,,,,,,,,,,,,,,,1,11,0,4,1,1,7,1,1,1,2,1,1,1,1,1,1,,,,,,0,,1,75,1,1,1,1
Public Method,"org.apache.pdfbox.preflight.ValidationResult.ValidationError.getDetails()",preflight/src/main/java/org/apache/pdfbox/preflight/ValidationResult.java,,,,,,,,,,,,,,,,,,,,,,,,,7,7,0,4,1,1,3,1,1,1,2,1,1,1,1,1,1,,,,,,0,,0,75,1,1,1,1
Public Method,"org.apache.pdfbox.preflight.ValidationResult.ValidationError.getErrorCode()",preflight/src/main/java/org/apache/pdfbox/preflight/ValidationResult.java,,,,,,,,,,,,,,,,,,,,,,,,,11,7,0,4,1,1,3,1,1,1,2,1,1,1,1,1,1,,,,,,0,,0,75,1,1,1,1
Public Method,"org.apache.pdfbox.preflight.ValidationResult.ValidationError.getPageNumber()",preflight/src/main/java/org/apache/pdfbox/preflight/ValidationResult.java,,,,,,,,,,,,,,,,,,,,,,,,,3,7,0,4,1,1,3,1,1,1,2,1,1,1,1,1,1,,,,,,0,,0,75,1,1,1,1
Public Method,"org.apache.pdfbox.preflight.ValidationResult.ValidationError.getThrowable()",preflight/src/main/java/org/apache/pdfbox/preflight/ValidationResult.java,,,,,,,,,,,,,,,,,,,,,,,,,1,10,0,4,1,1,6,1,1,1,2,1,1,1,1,1,1,,,,,,0,,1,50,1,1,1,1
Public Method,"org.apache.pdfbox.preflight.ValidationResult.ValidationError.hashCode()",preflight/src/main/java/org/apache/pdfbox/preflight/ValidationResult.java,,,,,,,,,,,,,,,,,,,,,,,,,1,5,0,5,2,1,0,2,1,1,2,1,1,1,1,1,1,,,,,,0,,0,00,1,1,1,1
Public Method,"org.apache.pdfbox.preflight.ValidationResult.ValidationError.isWarning()",preflight/src/main/java/org/apache/pdfbox/preflight/ValidationResult.java,,,,,,,,,,,,,,,,,,,,,,,,,2,4,0,4,1,1,0,1,1,1,2,1,1,1,1,1,1,,,,,,0,,0,00,1,1,1,1
Public Method,"org.apache.pdfbox.preflight.ValidationResult.ValidationError.setDetails(String)",preflight/src/main/java/org/apache/pdfbox/preflight/ValidationResult.java,,,,,,,,,,,,,,,,,,,,,,,,,1,9,0,4,1,1,5,1,1,1,2,1,1,1,1,1,1,,,,,,0,,1,25,1,1,1,1
Public Method,"org.apache.pdfbox.preflight.ValidationResult.ValidationError.setPageNumber(Integer)",preflight/src/main/java/org/apache/pdfbox/preflight/ValidationResult.java,,,,,,,,,,,,,,,,,,,,,,,,,2,9,0,4,1,1,5,1,1,1,2,1,1,1,1,1,1,,,,,,0,,1,25,1,1,1,1
Public Method,"org.apache.pdfbox.preflight.ValidationResult.ValidationError.setWarning(boolean)",preflight/src/main/java/org/apache/pdfbox/preflight/ValidationResult.java,,,,,,,,,,,,,,,,,,,,,,,,,4,4,0,4,1,1,0,1,1,1,2,1,1,1,1,1,1,,,,,,0,,0,00,1,1,1,1
Public Constructor,"org.apache.pdfbox.preflight.ValidationResult.ValidationResult(List<ValidationError>)",preflight/src/main/java/org/apache/pdfbox/preflight/ValidationResult.java,,,,,,,,,,,,,,,,,,,,,,,,,1,12,0,5,1,2,7,3,1,2,3,1,2,1,1,1,1,,,,,,0,,1,40,1,1,1,1
Public Constructor,"org.apache.pdfbox.preflight.ValidationResult.ValidationResult(ValidationError)",preflight/src/main/java/org/apache/pdfbox/preflight/ValidationResult.java,,,,,,,,,,,,,,,,,,,,,,,,,2,15,0,8,1,3,7,3,2,2,4,1,3,2,2,2,1,,,,,,1,,0,88,2,2,2,1
Public Constructor,"org.apache.pdfbox.preflight.ValidationResult.ValidationResult(boolean)",preflight/src/main/java/org/apache/pdfbox/preflight/ValidationResult.java,,,,,,,,,,,,,,,,,,,,,,,,,6,9,0,4,1,1,5,2,1,1,2,1,1,1,1,1,1,,,,,,0,,1,25,1,1,1,1
Public Method,"org.apache.pdfbox.preflight.ValidationResult.addError(ValidationError)",preflight/src/main/java/org/apache/pdfbox/preflight/ValidationResult.java,,,,,,,,,,,,,,,,,,,,,,,,,8,13,0,8,1,3,5,3,2,2,4,1,3,2,2,2,1,,,,,,1,,0,62,2,2,2,1
Public Method,"org.apache.pdfbox.preflight.ValidationResult.addErrors(List<ValidationError>)",preflight/src/main/java/org/apache/pdfbox/preflight/ValidationResult.java,,,,,,,,,,,,,,,,,,,,,,,,,3,12,0,7,1,2,5,1,2,1,3,1,2,2,2,2,1,,,,,,1,,0,71,2,2,2,1
Public Method,"org.apache.pdfbox.preflight.ValidationResult.getErrorsList()",preflight/src/main/java/org/apache/pdfbox/preflight/ValidationResult.java,,,,,,,,,,,,,,,,,,,,,,,,,12,7,0,4,1,1,3,1,1,1,2,1,1,1,1,1,1,,,,,,0,,0,75,1,1,1,1
Public Method,"org.apache.pdfbox.preflight.ValidationResult.getXmpMetaData()",preflight/src/main/java/org/apache/pdfbox/preflight/ValidationResult.java,,,,,,,,,,,,,,,,,,,,,,,,,1,7,0,4,1,1,3,1,1,1,2,1,1,1,1,1,1,,,,,,0,,0,75,1,1,1,1
Public Method,"org.apache.pdfbox.preflight.ValidationResult.isValid()",preflight/src/main/java/org/apache/pdfbox/preflight/ValidationResult.java,,,,,,,,,,,,,,,,,,,,,,,,,13,7,0,4,1,1,3,1,1,1,2,1,1,1,1,1,1,,,,,,0,,0,75,1,1,1,1
Public Method,"org.apache.pdfbox.preflight.ValidationResult.mergeResult(ValidationResult)",preflight/src/main/java/org/apache/pdfbox/preflight/ValidationResult.java,,,,,,,,,,,,,,,,,,,,,,,,,2,14,0,8,1,3,6,4,2,2,4,1,3,2,2,2,1,,,,,,1,,0,75,2,2,2,1
Method,"org.apache.pdfbox.preflight.ValidationResult.setXmpMetaData(XMPMetadata)",preflight/src/main/java/org/apache/pdfbox/preflight/ValidationResult.java,,,,,,,,,,,,,,,,,,,,,,,,,1,8,0,4,1,1,4,1,1,1,2,1,1,1,1,1,1,,,,,,0,,1,00,1,1,1,1
Public Class,"org.apache.pdfbox.preflight.Validator_A1b",preflight/src/main/java/org/apache/pdfbox/preflight/Validator_A1b.java,5,5,5,1,41,1,37,3,1,28,0,,4,0,,,0,0,4,16,0,3,0,1,,200,11,153,33,88,42,,,63,88,33,77,,,,,12,12,13,1,1,4,0,0,27,22,22,23,4
Private Static Method,"org.apache.pdfbox.preflight.Validator_A1b.listFiles(String)",preflight/src/main/java/org/apache/pdfbox/preflight/Validator_A1b.java,,,,,,,,,,,,,,,,,,,,,,,,,2,29,0,29,6,14,1,13,5,8,14,6,13,5,5,5,1,,,,,,4,,0,03,5,5,5,1
Public Static Method,"org.apache.pdfbox.preflight.Validator_A1b.main(String[])",preflight/src/main/java/org/apache/pdfbox/preflight/Validator_A1b.java,,,,,,,,,,,,,,,,,,,,,,,,,4,93,3,82,22,51,13,25,16,37,49,21,43,12,12,13,1,,,,,,4,,0,16,12,12,13,1
Private Static Method,"org.apache.pdfbox.preflight.Validator_A1b.runSimple(File)",preflight/src/main/java/org/apache/pdfbox/preflight/Validator_A1b.java,,,,,,,,,,,,,,,,,,,,,,,,,3,30,2,28,2,15,0,11,4,10,15,3,13,4,4,4,1,,,,,,3,,0,00,4,4,4,1
Private Static Method,"org.apache.pdfbox.preflight.Validator_A1b.usage()",preflight/src/main/java/org/apache/pdfbox/preflight/Validator_A1b.java,,,,,,,,,,,,,,,,,,,,,,,,,2,12,1,11,2,8,0,3,1,8,9,2,8,1,1,1,1,,,,,,0,,0,00,1,1,1,1
Package,"org.apache.pdfbox.preflight.action",preflight/src/main/java/org/apache/pdfbox/preflight/action/AbstractActionManager.java,2,2,3,1,21,1,12,7,,,,11,0,0,11,,32,6,32,,1,3,12,16,,1222,113,561,211,204,548,,,254,340,199,163,,,,,10,10,18,9,,3,,0,98,73,73,97,59
Public Abstract Class,"org.apache.pdfbox.preflight.action.AbstractActionManager",preflight/src/main/java/org/apache/pdfbox/preflight/action/AbstractActionManager.java,1,1,1,1,14,0,7,7,1,8,8,,0,0,,,8,4,8,20,1,0,2,5,,153,10,57,14,24,86,,,20,33,15,19,,,,,3,3,4,3,1,2,60,1,51,11,11,12,11
Constructor,"org.apache.pdfbox.preflight.action.AbstractActionManager.AbstractActionManager(ActionManagerFactory,COSDictionary,PreflightContext,String)",preflight/src/main/java/org/apache/pdfbox/preflight/action/AbstractActionManager.java,,,,,,,,,,,,,,,,,,,,,,,,,12,18,0,7,1,4,11,5,1,4,5,1,4,1,1,1,1,,,,,,0,,1,57,1,1,1,1
Public Method,"org.apache.pdfbox.preflight.action.AbstractActionManager.getActionDictionary()",preflight/src/main/java/org/apache/pdfbox/preflight/action/AbstractActionManager.java,,,,,,,,,,,,,,,,,,,,,,,,,1,7,0,4,1,1,3,1,1,1,2,1,1,1,1,1,1,,,,,,0,,0,75,1,1,1,1
Public Method,"org.apache.pdfbox.preflight.action.AbstractActionManager.getAdditionalActionKey()",preflight/src/main/java/org/apache/pdfbox/preflight/action/AbstractActionManager.java,,,,,,,,,,,,,,,,,,,,,,,,,1,7,0,4,1,1,3,1,1,1,2,1,1,1,1,1,1,,,,,,0,,0,75,1,1,1,1
Protected Abstract Method,"org.apache.pdfbox.preflight.action.AbstractActionManager.innerValid()",preflight/src/main/java/org/apache/pdfbox/preflight/action/AbstractActionManager.java,,,,,,,,,,,,,,,,,,,,,,,,,2,6,0,1,1,0,5,1,0,1,1,1,0,0,0,0,0,,,,,,0,,5,00,0,0,0,0
Public Method,"org.apache.pdfbox.preflight.action.AbstractActionManager.isAdditionalAction()",preflight/src/main/java/org/apache/pdfbox/preflight/action/AbstractActionManager.java,,,,,,,,,,,,,,,,,,,,,,,,,2,7,0,4,1,1,3,1,1,1,2,1,1,1,1,1,1,,,,,,0,,0,75,1,1,1,1
Public Method,"org.apache.pdfbox.preflight.action.AbstractActionManager.valid()",preflight/src/main/java/org/apache/pdfbox/preflight/action/AbstractActionManager.java,,,,,,,,,,,,,,,,,,,,,,,,,1,10,0,4,1,1,6,2,1,1,2,1,1,1,1,1,1,,,,,,0,,1,50,1,1,1,1
Public Method,"org.apache.pdfbox.preflight.action.AbstractActionManager.valid(boolean)",preflight/src/main/java/org/apache/pdfbox/preflight/action/AbstractActionManager.java,,,,,,,,,,,,,,,,,,,,,,,,,5,32,2,14,1,7,16,6,3,4,7,1,6,3,3,4,3,,,,,,1,,1,14,3,3,4,3
Protected Method,"org.apache.pdfbox.preflight.action.AbstractActionManager.validNextActions()",preflight/src/main/java/org/apache/pdfbox/preflight/action/AbstractActionManager.java,,,,,,,,,,,,,,,,,,,,,,,,,4,19,0,12,2,5,7,3,3,3,7,3,5,3,3,3,3,,,,,,2,,0,58,3,3,3,3
Public Class,"org.apache.pdfbox.preflight.action.ActionManagerFactory",preflight/src/main/java/org/apache/pdfbox/preflight/action/ActionManagerFactory.java,4,4,7,2,46,3,25,17,1,39,0,,0,0,,,5,0,5,17,0,2,1,2,,258,19,132,24,65,107,,,37,63,21,54,,,,,10,10,18,9,1,3,0,0,81,24,24,35,13
Private Method,"org.apache.pdfbox.preflight.action.ActionManagerFactory.callCreateAction(COSBase,PreflightContext,List<AbstractActionManager>,Map<COSObjectKey,Boolean>)",preflight/src/main/java/org/apache/pdfbox/preflight/action/ActionManagerFactory.java,,,,,,,,,,,,,,,,,,,,,,,,,6,19,0,5,2,1,14,1,1,1,2,1,1,1,1,1,1,,,,,,0,,2,80,1,1,1,1
Private Method,"org.apache.pdfbox.preflight.action.ActionManagerFactory.callCreateAction(COSBase,PreflightContext,List<AbstractActionManager>,String,Map<COSObjectKey,Boolean>)",preflight/src/main/java/org/apache/pdfbox/preflight/action/ActionManagerFactory.java,,,,,,,,,,,,,,,,,,,,,,,,,8,47,0,27,4,13,20,8,4,6,10,3,9,4,4,6,1,,,,,,3,,0,74,4,4,6,1
Protected Method,"org.apache.pdfbox.preflight.action.ActionManagerFactory.createActionManager(PreflightContext,COSDictionary,String)",preflight/src/main/java/org/apache/pdfbox/preflight/action/ActionManagerFactory.java,,,,,,,,,,,,,,,,,,,,,,,,,22,85,11,48,4,26,26,13,18,12,22,3,21,10,10,18,9,,,,,,1,,0,54,10,10,18,9
Public Final Method,"org.apache.pdfbox.preflight.action.ActionManagerFactory.getActionManagers(PreflightContext,COSDictionary)",preflight/src/main/java/org/apache/pdfbox/preflight/action/ActionManagerFactory.java,,,,,,,,,,,,,,,,,,,,,,,,,7,45,3,26,7,14,16,9,12,9,15,7,13,5,5,6,1,,,,,,2,,0,62,5,5,6,1
Public Final Method,"org.apache.pdfbox.preflight.action.ActionManagerFactory.getNextActions(PreflightContext,COSDictionary)",preflight/src/main/java/org/apache/pdfbox/preflight/action/ActionManagerFactory.java,,,,,,,,,,,,,,,,,,,,,,,,,4,35,1,23,6,11,11,7,4,9,13,6,10,4,4,4,1,,,,,,3,,0,48,4,4,4,1
Public Class,"org.apache.pdfbox.preflight.action.GoToAction",preflight/src/main/java/org/apache/pdfbox/preflight/action/GoToAction.java,1,1,1,1,13,0,8,4,1,12,1,,0,0,,,2,0,2,22,0,0,1,1,,60,4,20,5,8,36,,,6,10,4,7,,,,,2,2,2,1,2,1,0,1,80,3,3,3,2
Public Constructor,"org.apache.pdfbox.preflight.action.GoToAction.GoToAction(ActionManagerFactory,COSDictionary,PreflightContext,String)",preflight/src/main/java/org/apache/pdfbox/preflight/action/GoToAction.java,,,,,,,,,,,,,,,,,,,,,,,,,6,11,0,4,1,1,7,2,1,1,2,1,1,1,1,1,1,,,,,,0,,1,75,1,1,1,1
Protected Method,"org.apache.pdfbox.preflight.action.GoToAction.innerValid()",preflight/src/main/java/org/apache/pdfbox/preflight/action/GoToAction.java,,,,,,,,,,,,,,,,,,,,,,,,,5,15,1,13,3,7,1,5,2,5,7,2,6,2,2,2,1,,,,,,1,,0,08,2,2,2,1
Public Class,"org.apache.pdfbox.preflight.action.GoToRemoteAction",preflight/src/main/java/org/apache/pdfbox/preflight/action/GoToRemoteAction.java,3,3,4,3,27,1,22,3,1,18,0,,0,0,,,3,0,3,25,0,1,1,1,,116,9,70,8,39,37,,,22,34,7,29,,,,,8,8,10,8,3,2,0,0,53,11,11,13,10
Public Constructor,"org.apache.pdfbox.preflight.action.GoToRemoteAction.GoToRemoteAction(ActionManagerFactory,COSDictionary,PreflightContext,String)",preflight/src/main/java/org/apache/pdfbox/preflight/action/GoToRemoteAction.java,,,,,,,,,,,,,,,,,,,,,,,,,5,11,0,4,1,1,7,2,1,1,2,1,1,1,1,1,1,,,,,,0,,1,75,1,1,1,1
Protected Method,"org.apache.pdfbox.preflight.action.GoToRemoteAction.innerValid()",preflight/src/main/java/org/apache/pdfbox/preflight/action/GoToRemoteAction.java,,,,,,,,,,,,,,,,,,,,,,,,,8,58,5,52,5,32,1,11,9,18,26,4,24,8,8,10,8,,,,,,2,,0,02,8,8,10,8
Private Method,"org.apache.pdfbox.preflight.action.GoToRemoteAction.validateExplicitDestination(COSArray)",preflight/src/main/java/org/apache/pdfbox/preflight/action/GoToRemoteAction.java,,,,,,,,,,,,,,,,,,,,,,,,,4,12,0,11,1,6,1,4,2,3,5,1,4,2,2,2,1,,,,,,1,,0,09,2,2,2,1
Public Class,"org.apache.pdfbox.preflight.action.HideAction",preflight/src/main/java/org/apache/pdfbox/preflight/action/HideAction.java,2,2,4,2,27,1,14,11,1,11,0,,0,0,,,2,0,2,22,0,0,1,1,,88,5,31,6,15,52,,,10,16,5,13,,,,,4,4,7,4,2,1,0,1,68,5,5,8,5
Public Constructor,"org.apache.pdfbox.preflight.action.HideAction.HideAction(ActionManagerFactory,COSDictionary,PreflightContext,String)",preflight/src/main/java/org/apache/pdfbox/preflight/action/HideAction.java,,,,,,,,,,,,,,,,,,,,,,,,,5,14,0,4,1,1,10,2,1,1,2,1,1,1,1,1,1,,,,,,0,,2,50,1,1,1,1
Protected Method,"org.apache.pdfbox.preflight.action.HideAction.innerValid()",preflight/src/main/java/org/apache/pdfbox/preflight/action/HideAction.java,,,,,,,,,,,,,,,,,,,,,,,,,7,40,3,24,4,14,13,5,4,9,13,3,12,4,4,7,4,,,,,,1,,0,54,4,4,7,4
Public Class,"org.apache.pdfbox.preflight.action.InvalidAction",preflight/src/main/java/org/apache/pdfbox/preflight/action/InvalidAction.java,1,1,1,1,13,0,6,6,1,7,0,,0,0,,,2,1,2,22,0,0,1,1,,61,2,17,6,6,42,,,5,8,4,4,,,,,1,1,1,1,2,0,0,2,47,2,2,2,2
Public Constructor,"org.apache.pdfbox.preflight.action.InvalidAction.InvalidAction(ActionManagerFactory,COSDictionary,PreflightContext,String,String)",preflight/src/main/java/org/apache/pdfbox/preflight/action/InvalidAction.java,,,,,,,,,,,,,,,,,,,,,,,,,6,19,0,6,2,2,13,3,1,2,3,1,2,1,1,1,1,,,,,,0,,2,17,1,1,1,1
Protected Method,"org.apache.pdfbox.preflight.action.InvalidAction.innerValid()",preflight/src/main/java/org/apache/pdfbox/preflight/action/InvalidAction.java,,,,,,,,,,,,,,,,,,,,,,,,,3,7,0,7,2,3,0,3,1,2,3,1,2,1,1,1,1,,,,,,0,,0,00,1,1,1,1
Public Class,"org.apache.pdfbox.preflight.action.NamedAction",preflight/src/main/java/org/apache/pdfbox/preflight/action/NamedAction.java,2,2,4,2,17,1,12,4,1,8,0,,0,0,,,2,0,2,22,0,0,1,1,,74,5,27,5,13,42,,,7,12,4,9,,,,,3,3,7,3,2,1,0,1,56,4,4,8,4
Public Constructor,"org.apache.pdfbox.preflight.action.NamedAction.NamedAction(ActionManagerFactory,COSDictionary,PreflightContext,String)",preflight/src/main/java/org/apache/pdfbox/preflight/action/NamedAction.java,,,,,,,,,,,,,,,,,,,,,,,,,5,10,0,4,1,1,6,2,1,1,2,1,1,1,1,1,1,,,,,,0,,1,50,1,1,1,1
Protected Method,"org.apache.pdfbox.preflight.action.NamedAction.innerValid()",preflight/src/main/java/org/apache/pdfbox/preflight/action/NamedAction.java,,,,,,,,,,,,,,,,,,,,,,,,,9,25,3,20,3,12,2,6,3,6,9,2,8,3,3,7,3,,,,,,1,,0,10,3,3,7,3
Public Class,"org.apache.pdfbox.preflight.action.SubmitAction",preflight/src/main/java/org/apache/pdfbox/preflight/action/SubmitAction.java,1,1,1,1,11,0,8,3,1,9,0,,0,0,,,2,0,2,22,0,0,1,1,,56,3,19,5,7,34,,,5,9,4,6,,,,,2,2,2,1,2,1,0,1,79,3,3,3,2
Public Constructor,"org.apache.pdfbox.preflight.action.SubmitAction.SubmitAction(ActionManagerFactory,COSDictionary,PreflightContext,String)",preflight/src/main/java/org/apache/pdfbox/preflight/action/SubmitAction.java,,,,,,,,,,,,,,,,,,,,,,,,,5,10,0,4,1,1,6,2,1,1,2,1,1,1,1,1,1,,,,,,0,,1,50,1,1,1,1
Protected Method,"org.apache.pdfbox.preflight.action.SubmitAction.innerValid()",preflight/src/main/java/org/apache/pdfbox/preflight/action/SubmitAction.java,,,,,,,,,,,,,,,,,,,,,,,,,4,12,0,12,3,6,0,4,2,4,6,2,5,2,2,2,1,,,,,,1,,0,00,2,2,2,1
Public Class,"org.apache.pdfbox.preflight.action.ThreadAction",preflight/src/main/java/org/apache/pdfbox/preflight/action/ThreadAction.java,2,2,3,2,16,1,11,3,1,11,0,,0,0,,,2,0,2,22,0,0,1,1,,66,6,25,5,11,35,,,7,12,4,9,,,,,3,3,6,3,2,1,0,1,40,4,4,7,4
Public Constructor,"org.apache.pdfbox.preflight.action.ThreadAction.ThreadAction(ActionManagerFactory,COSDictionary,PreflightContext,String)",preflight/src/main/java/org/apache/pdfbox/preflight/action/ThreadAction.java,,,,,,,,,,,,,,,,,,,,,,,,,5,10,0,4,1,1,6,2,1,1,2,1,1,1,1,1,1,,,,,,0,,1,50,1,1,1,1
Protected Method,"org.apache.pdfbox.preflight.action.ThreadAction.innerValid()",preflight/src/main/java/org/apache/pdfbox/preflight/action/ThreadAction.java,,,,,,,,,,,,,,,,,,,,,,,,,5,22,3,18,3,10,1,4,3,6,9,2,8,3,3,6,3,,,,,,1,,0,06,3,3,6,3
Public Class,"org.apache.pdfbox.preflight.action.UndefAction",preflight/src/main/java/org/apache/pdfbox/preflight/action/UndefAction.java,1,1,1,1,12,0,6,6,1,7,0,,0,0,,,2,1,2,22,0,0,1,1,,61,2,16,5,6,43,,,5,8,4,4,,,,,1,1,1,1,2,0,0,2,69,2,2,2,2
Public Constructor,"org.apache.pdfbox.preflight.action.UndefAction.UndefAction(ActionManagerFactory,COSDictionary,PreflightContext,String,String)",preflight/src/main/java/org/apache/pdfbox/preflight/action/UndefAction.java,,,,,,,,,,,,,,,,,,,,,,,,,6,18,0,5,1,2,13,3,1,2,3,1,2,1,1,1,1,,,,,,0,,2,60,1,1,1,1
Protected Method,"org.apache.pdfbox.preflight.action.UndefAction.innerValid()",preflight/src/main/java/org/apache/pdfbox/preflight/action/UndefAction.java,,,,,,,,,,,,,,,,,,,,,,,,,3,7,0,7,2,3,0,3,1,2,3,1,2,1,1,1,1,,,,,,0,,0,00,1,1,1,1
Public Class,"org.apache.pdfbox.preflight.action.UriAction",preflight/src/main/java/org/apache/pdfbox/preflight/action/UriAction.java,2,2,2,2,14,1,10,3,1,10,0,,0,0,,,2,0,2,22,0,0,1,1,,62,4,24,5,10,34,,,7,12,4,9,,,,,3,3,3,3,2,1,0,1,42,4,4,4,4
Public Constructor,"org.apache.pdfbox.preflight.action.UriAction.UriAction(ActionManagerFactory,COSDictionary,PreflightContext,String)",preflight/src/main/java/org/apache/pdfbox/preflight/action/UriAction.java,,,,,,,,,,,,,,,,,,,,,,,,,5,10,0,4,1,1,6,2,1,1,2,1,1,1,1,1,1,,,,,,0,,1,50,1,1,1,1
Protected Method,"org.apache.pdfbox.preflight.action.UriAction.innerValid()",preflight/src/main/java/org/apache/pdfbox/preflight/action/UriAction.java,,,,,,,,,,,,,,,,,,,,,,,,,5,19,2,17,3,9,0,4,3,6,9,2,8,3,3,3,3,,,,,,1,,0,00,3,3,3,3
Package,"org.apache.pdfbox.preflight.action.pdfa1b",preflight/src/test/java/org/apache/pdfbox/preflight/action/pdfa1b/AbstractTestAction.java,1,1,1,1,8,0,8,0,,,,15,0,0,9,,58,0,58,,33,0,11,14,,790,88,494,200,191,209,,,214,288,182,153,,,,,6,6,7,5,,4,,0,42,63,63,64,62
Public Abstract Class,"org.apache.pdfbox.preflight.action.pdfa1b.AbstractTestAction",preflight/src/test/java/org/apache/pdfbox/preflight/action/pdfa1b/AbstractTestAction.java,2,2,2,1,17,0,11,5,1,16,8,,0,0,,,5,0,5,17,0,0,5,0,,116,7,61,16,31,48,,,24,37,17,28,,,,,6,6,7,5,1,4,0,0,79,10,10,11,9
Protected Method,"org.apache.pdfbox.preflight.action.pdfa1b.AbstractTestAction.createContext()",preflight/src/test/java/org/apache/pdfbox/preflight/action/pdfa1b/AbstractTestAction.java,,,,,,,,,,,,,,,,,,,,,,,,,2,16,0,10,5,7,6,8,1,6,7,4,6,1,1,1,1,,,,,,0,,0,60,1,1,1,1
Protected Method,"org.apache.pdfbox.preflight.action.pdfa1b.AbstractTestAction.valid(COSDictionary,boolean)",preflight/src/test/java/org/apache/pdfbox/preflight/action/pdfa1b/AbstractTestAction.java,,,,,,,,,,,,,,,,,,,,,,,,,9,4,0,4,1,1,0,1,1,1,2,1,1,1,1,1,1,,,,,,0,,0,00,1,1,1,1
Protected Method,"org.apache.pdfbox.preflight.action.pdfa1b.AbstractTestAction.valid(COSDictionary,boolean,String)",preflight/src/test/java/org/apache/pdfbox/preflight/action/pdfa1b/AbstractTestAction.java,,,,,,,,,,,,,,,,,,,,,,,,,20,40,2,36,7,21,2,16,10,15,23,9,19,6,6,7,5,,,,,,4,,0,06,6,6,7,5
Protected Method,"org.apache.pdfbox.preflight.action.pdfa1b.AbstractTestAction.valid(PDAction,boolean)",preflight/src/test/java/org/apache/pdfbox/preflight/action/pdfa1b/AbstractTestAction.java,,,,,,,,,,,,,,,,,,,,,,,,,6,13,0,4,1,1,9,1,1,1,2,1,1,1,1,1,1,,,,,,0,,2,25,1,1,1,1
Protected Method,"org.apache.pdfbox.preflight.action.pdfa1b.AbstractTestAction.valid(PDAction,boolean,String)",preflight/src/test/java/org/apache/pdfbox/preflight/action/pdfa1b/AbstractTestAction.java,,,,,,,,,,,,,,,,,,,,,,,,,12,15,0,4,1,1,11,2,1,1,2,1,1,1,1,1,1,,,,,,0,,2,75,1,1,1,1
Class,"org.apache.pdfbox.preflight.action.pdfa1b.TestForbiddenAction",preflight/src/test/java/org/apache/pdfbox/preflight/action/pdfa1b/TestForbiddenAction.java,1,1,1,1,6,0,6,0,1,6,0,,0,0,,,7,0,7,24,6,0,1,0,,73,7,46,21,16,20,,,16,24,15,16,,,,,1,1,1,1,2,0,0,0,43,7,7,7,7
Protected Method,"org.apache.pdfbox.preflight.action.pdfa1b.TestForbiddenAction.createAction(String)",preflight/src/test/java/org/apache/pdfbox/preflight/action/pdfa1b/TestForbiddenAction.java,,,,,,,,,,,,,,,,,,,,,,,,,9,7,0,7,2,4,0,4,1,4,5,2,4,1,1,1,1,,,,,,0,,0,00,1,1,1,1
Method,"org.apache.pdfbox.preflight.action.pdfa1b.TestForbiddenAction.testImportData()",preflight/src/test/java/org/apache/pdfbox/preflight/action/pdfa1b/TestForbiddenAction.java,,,,,,,,,,,,,,,,,,,,,,,,,1,6,0,6,3,2,0,2,1,2,3,2,2,1,1,1,1,,,,,,0,,0,00,1,1,1,1
Method,"org.apache.pdfbox.preflight.action.pdfa1b.TestForbiddenAction.testJS()",preflight/src/test/java/org/apache/pdfbox/preflight/action/pdfa1b/TestForbiddenAction.java,,,,,,,,,,,,,,,,,,,,,,,,,1,6,0,6,3,2,0,2,1,2,3,2,2,1,1,1,1,,,,,,0,,0,00,1,1,1,1
Method,"org.apache.pdfbox.preflight.action.pdfa1b.TestForbiddenAction.testLaunch()",preflight/src/test/java/org/apache/pdfbox/preflight/action/pdfa1b/TestForbiddenAction.java,,,,,,,,,,,,,,,,,,,,,,,,,1,6,0,6,3,2,0,2,1,2,3,2,2,1,1,1,1,,,,,,0,,0,00,1,1,1,1
Method,"org.apache.pdfbox.preflight.action.pdfa1b.TestForbiddenAction.testMovie()",preflight/src/test/java/org/apache/pdfbox/preflight/action/pdfa1b/TestForbiddenAction.java,,,,,,,,,,,,,,,,,,,,,,,,,1,6,0,6,3,2,0,2,1,2,3,2,2,1,1,1,1,,,,,,0,,0,00,1,1,1,1
Method,"org.apache.pdfbox.preflight.action.pdfa1b.TestForbiddenAction.testResetForm()",preflight/src/test/java/org/apache/pdfbox/preflight/action/pdfa1b/TestForbiddenAction.java,,,,,,,,,,,,,,,,,,,,,,,,,1,6,0,6,3,2,0,2,1,2,3,2,2,1,1,1,1,,,,,,0,,0,00,1,1,1,1
Method,"org.apache.pdfbox.preflight.action.pdfa1b.TestForbiddenAction.testSound()",preflight/src/test/java/org/apache/pdfbox/preflight/action/pdfa1b/TestForbiddenAction.java,,,,,,,,,,,,,,,,,,,,,,,,,1,6,0,6,3,2,0,2,1,2,3,2,2,1,1,1,1,,,,,,0,,0,00,1,1,1,1
Class,"org.apache.pdfbox.preflight.action.pdfa1b.TestGotoAction",preflight/src/test/java/org/apache/pdfbox/preflight/action/pdfa1b/TestGotoAction.java,1,1,1,1,12,0,11,0,1,4,0,,0,0,,,3,0,3,20,3,0,0,0,,62,5,37,10,16,20,,,10,16,9,10,,,,,1,1,1,1,2,0,0,0,54,3,3,3,3
Method,"org.apache.pdfbox.preflight.action.pdfa1b.TestGotoAction.testGoto_KO_invalidContent()",preflight/src/test/java/org/apache/pdfbox/preflight/action/pdfa1b/TestGotoAction.java,,,,,,,,,,,,,,,,,,,,,,,,,1,15,1,14,3,7,0,3,1,4,6,3,4,1,1,1,1,,,,,,0,,0,00,1,1,1,1
Anonymous Class,"org.apache.pdfbox.preflight.action.pdfa1b.TestGotoAction.testGoto_KO_invalidContent.(Anon_2)",preflight/src/test/java/org/apache/pdfbox/preflight/action/pdfa1b/TestGotoAction.java,1,1,1,1,5,0,5,0,1,2,0,,0,0,,,1,0,1,14,0,0,0,1,,6,0,6,0,3,0,,,1,2,1,1,,,,,1,1,1,1,2,0,0,0,00,1,1,1,1
Public Method,"org.apache.pdfbox.preflight.action.pdfa1b.TestGotoAction.testGoto_KO_invalidContent.(Anon_2).getCOSObject()",preflight/src/test/java/org/apache/pdfbox/preflight/action/pdfa1b/TestGotoAction.java,,,,,,,,,,,,,,,,,,,,,,,,,0,5,0,5,0,3,0,2,1,1,2,1,1,1,1,1,1,,,,,,0,,0,00,1,1,1,1
Method,"org.apache.pdfbox.preflight.action.pdfa1b.TestGotoAction.testGoto_KO_missingD()",preflight/src/test/java/org/apache/pdfbox/preflight/action/pdfa1b/TestGotoAction.java,,,,,,,,,,,,,,,,,,,,,,,,,1,6,0,6,3,2,0,2,1,2,3,2,2,1,1,1,1,,,,,,0,,0,00,1,1,1,1
Method,"org.apache.pdfbox.preflight.action.pdfa1b.TestGotoAction.testGoto_OK()",preflight/src/test/java/org/apache/pdfbox/preflight/action/pdfa1b/TestGotoAction.java,,,,,,,,,,,,,,,,,,,,,,,,,0,15,1,14,3,7,0,3,1,4,6,3,4,1,1,1,1,,,,,,0,,0,00,1,1,1,1
Anonymous Class,"org.apache.pdfbox.preflight.action.pdfa1b.TestGotoAction.testGoto_OK.(Anon_1)",preflight/src/test/java/org/apache/pdfbox/preflight/action/pdfa1b/TestGotoAction.java,1,1,1,1,5,0,5,0,1,2,0,,0,0,,,1,0,1,14,0,0,0,1,,6,0,6,0,3,0,,,1,2,1,1,,,,,1,1,1,1,2,0,0,0,00,1,1,1,1
Public Method,"org.apache.pdfbox.preflight.action.pdfa1b.TestGotoAction.testGoto_OK.(Anon_1).getCOSObject()",preflight/src/test/java/org/apache/pdfbox/preflight/action/pdfa1b/TestGotoAction.java,,,,,,,,,,,,,,,,,,,,,,,,,0,5,0,5,0,3,0,2,1,1,2,1,1,1,1,1,1,,,,,,0,,0,00,1,1,1,1
Class,"org.apache.pdfbox.preflight.action.pdfa1b.TestGotoRemoteAction",preflight/src/test/java/org/apache/pdfbox/preflight/action/pdfa1b/TestGotoRemoteAction.java,1,1,1,1,21,1,19,0,1,6,0,,0,0,,,4,0,4,21,4,0,0,0,,111,10,81,13,41,20,,,20,34,18,20,,,,,1,1,1,1,2,0,0,0,25,4,4,4,4
Method,"org.apache.pdfbox.preflight.action.pdfa1b.TestGotoRemoteAction.testGoto_KO_InvalidContent()",preflight/src/test/java/org/apache/pdfbox/preflight/action/pdfa1b/TestGotoRemoteAction.java,,,,,,,,,,,,,,,,,,,,,,,,,1,26,2,24,3,13,0,5,1,6,10,5,6,1,1,1,1,,,,,,0,,0,00,1,1,1,1
Anonymous Class,"org.apache.pdfbox.preflight.action.pdfa1b.TestGotoRemoteAction.testGoto_KO_InvalidContent.(Anon_2)",preflight/src/test/java/org/apache/pdfbox/preflight/action/pdfa1b/TestGotoRemoteAction.java,1,1,1,1,4,0,4,0,1,3,0,,0,0,,,3,0,3,18,0,0,0,3,,17,2,15,0,8,0,,,2,5,3,2,,,,,1,1,1,1,2,0,0,0,00,3,3,3,3
Public Method,"org.apache.pdfbox.preflight.action.pdfa1b.TestGotoRemoteAction.testGoto_KO_InvalidContent.(Anon_2).getCOSObject()",preflight/src/test/java/org/apache/pdfbox/preflight/action/pdfa1b/TestGotoRemoteAction.java,,,,,,,,,,,,,,,,,,,,,,,,,0,5,0,5,0,3,0,2,1,1,2,1,1,1,1,1,1,,,,,,0,,0,00,1,1,1,1
Public Method,"org.apache.pdfbox.preflight.action.pdfa1b.TestGotoRemoteAction.testGoto_KO_InvalidContent.(Anon_2).getFile()",preflight/src/test/java/org/apache/pdfbox/preflight/action/pdfa1b/TestGotoRemoteAction.java,,,,,,,,,,,,,,,,,,,,,,,,,0,5,0,5,0,3,0,1,1,1,2,1,1,1,1,1,1,,,,,,0,,0,00,1,1,1,1
Public Method,"org.apache.pdfbox.preflight.action.pdfa1b.TestGotoRemoteAction.testGoto_KO_InvalidContent.(Anon_2).setFile(String)",preflight/src/test/java/org/apache/pdfbox/preflight/action/pdfa1b/TestGotoRemoteAction.java,,,,,,,,,,,,,,,,,,,,,,,,,0,4,0,4,0,2,0,0,1,0,1,1,0,1,1,1,1,,,,,,0,,0,00,1,1,1,1
Method,"org.apache.pdfbox.preflight.action.pdfa1b.TestGotoRemoteAction.testGoto_KO_MissingD()",preflight/src/test/java/org/apache/pdfbox/preflight/action/pdfa1b/TestGotoRemoteAction.java,,,,,,,,,,,,,,,,,,,,,,,,,1,25,2,23,3,12,0,3,1,5,9,5,5,1,1,1,1,,,,,,0,,0,00,1,1,1,1
Anonymous Class,"org.apache.pdfbox.preflight.action.pdfa1b.TestGotoRemoteAction.testGoto_KO_MissingD.(Anon_3)",preflight/src/test/java/org/apache/pdfbox/preflight/action/pdfa1b/TestGotoRemoteAction.java,1,1,1,1,4,0,4,0,1,3,0,,0,0,,,3,0,3,18,0,0,0,3,,17,2,15,0,8,0,,,2,5,3,2,,,,,1,1,1,1,2,0,0,0,00,3,3,3,3
Public Method,"org.apache.pdfbox.preflight.action.pdfa1b.TestGotoRemoteAction.testGoto_KO_MissingD.(Anon_3).getCOSObject()",preflight/src/test/java/org/apache/pdfbox/preflight/action/pdfa1b/TestGotoRemoteAction.java,,,,,,,,,,,,,,,,,,,,,,,,,0,5,0,5,0,3,0,2,1,1,2,1,1,1,1,1,1,,,,,,0,,0,00,1,1,1,1
Public Method,"org.apache.pdfbox.preflight.action.pdfa1b.TestGotoRemoteAction.testGoto_KO_MissingD.(Anon_3).getFile()",preflight/src/test/java/org/apache/pdfbox/preflight/action/pdfa1b/TestGotoRemoteAction.java,,,,,,,,,,,,,,,,,,,,,,,,,0,5,0,5,0,3,0,1,1,1,2,1,1,1,1,1,1,,,,,,0,,0,00,1,1,1,1
Public Method,"org.apache.pdfbox.preflight.action.pdfa1b.TestGotoRemoteAction.testGoto_KO_MissingD.(Anon_3).setFile(String)",preflight/src/test/java/org/apache/pdfbox/preflight/action/pdfa1b/TestGotoRemoteAction.java,,,,,,,,,,,,,,,,,,,,,,,,,0,4,0,4,0,2,0,0,1,0,1,1,0,1,1,1,1,,,,,,0,,0,00,1,1,1,1
Method,"org.apache.pdfbox.preflight.action.pdfa1b.TestGotoRemoteAction.testGoto_KO_MissingF()",preflight/src/test/java/org/apache/pdfbox/preflight/action/pdfa1b/TestGotoRemoteAction.java,,,,,,,,,,,,,,,,,,,,,,,,,1,7,0,7,3,3,0,4,1,3,4,2,3,1,1,1,1,,,,,,0,,0,00,1,1,1,1
Method,"org.apache.pdfbox.preflight.action.pdfa1b.TestGotoRemoteAction.testGoto_OK()",preflight/src/test/java/org/apache/pdfbox/preflight/action/pdfa1b/TestGotoRemoteAction.java,,,,,,,,,,,,,,,,,,,,,,,,,0,26,2,24,3,13,0,5,1,6,10,5,6,1,1,1,1,,,,,,0,,0,00,1,1,1,1
Anonymous Class,"org.apache.pdfbox.preflight.action.pdfa1b.TestGotoRemoteAction.testGoto_OK.(Anon_1)",preflight/src/test/java/org/apache/pdfbox/preflight/action/pdfa1b/TestGotoRemoteAction.java,1,1,1,1,4,0,4,0,1,3,0,,0,0,,,3,0,3,18,0,0,0,3,,17,2,15,0,8,0,,,2,5,3,2,,,,,1,1,1,1,2,0,0,0,00,3,3,3,3
Public Method,"org.apache.pdfbox.preflight.action.pdfa1b.TestGotoRemoteAction.testGoto_OK.(Anon_1).getCOSObject()",preflight/src/test/java/org/apache/pdfbox/preflight/action/pdfa1b/TestGotoRemoteAction.java,,,,,,,,,,,,,,,,,,,,,,,,,0,5,0,5,0,3,0,2,1,1,2,1,1,1,1,1,1,,,,,,0,,0,00,1,1,1,1
Public Method,"org.apache.pdfbox.preflight.action.pdfa1b.TestGotoRemoteAction.testGoto_OK.(Anon_1).getFile()",preflight/src/test/java/org/apache/pdfbox/preflight/action/pdfa1b/TestGotoRemoteAction.java,,,,,,,,,,,,,,,,,,,,,,,,,0,5,0,5,0,3,0,1,1,1,2,1,1,1,1,1,1,,,,,,0,,0,00,1,1,1,1
Public Method,"org.apache.pdfbox.preflight.action.pdfa1b.TestGotoRemoteAction.testGoto_OK.(Anon_1).setFile(String)",preflight/src/test/java/org/apache/pdfbox/preflight/action/pdfa1b/TestGotoRemoteAction.java,,,,,,,,,,,,,,,,,,,,,,,,,0,4,0,4,0,2,0,0,1,0,1,1,0,1,1,1,1,,,,,,0,,0,00,1,1,1,1
Class,"org.apache.pdfbox.preflight.action.pdfa1b.TestHideAction",preflight/src/test/java/org/apache/pdfbox/preflight/action/pdfa1b/TestHideAction.java,1,1,1,1,7,0,7,0,1,5,0,,0,0,,,5,0,5,22,4,0,1,0,,64,5,39,15,17,20,,,17,23,11,17,,,,,1,1,1,1,2,0,0,0,51,5,5,5,5
Protected Method,"org.apache.pdfbox.preflight.action.pdfa1b.TestHideAction.createHideAction()",preflight/src/test/java/org/apache/pdfbox/preflight/action/pdfa1b/TestHideAction.java,,,,,,,,,,,,,,,,,,,,,,,,,8,9,0,9,2,6,0,6,1,6,7,2,6,1,1,1,1,,,,,,0,,0,00,1,1,1,1
Method,"org.apache.pdfbox.preflight.action.pdfa1b.TestHideAction.testHideAction()",preflight/src/test/java/org/apache/pdfbox/preflight/action/pdfa1b/TestHideAction.java,,,,,,,,,,,,,,,,,,,,,,,,,0,6,0,6,3,2,0,2,1,2,3,2,2,1,1,1,1,,,,,,0,,0,00,1,1,1,1
Method,"org.apache.pdfbox.preflight.action.pdfa1b.TestHideAction.testHideAction_InvalideH()",preflight/src/test/java/org/apache/pdfbox/preflight/action/pdfa1b/TestHideAction.java,,,,,,,,,,,,,,,,,,,,,,,,,2,7,0,7,3,3,0,3,1,3,4,2,3,1,1,1,1,,,,,,0,,0,00,1,1,1,1
Method,"org.apache.pdfbox.preflight.action.pdfa1b.TestHideAction.testHideAction_InvalideT()",preflight/src/test/java/org/apache/pdfbox/preflight/action/pdfa1b/TestHideAction.java,,,,,,,,,,,,,,,,,,,,,,,,,2,7,0,7,3,3,0,3,1,3,4,2,3,1,1,1,1,,,,,,0,,0,00,1,1,1,1
Method,"org.apache.pdfbox.preflight.action.pdfa1b.TestHideAction.testHideAction_MissingT()",preflight/src/test/java/org/apache/pdfbox/preflight/action/pdfa1b/TestHideAction.java,,,,,,,,,,,,,,,,,,,,,,,,,2,7,0,7,3,3,0,3,1,3,4,2,3,1,1,1,1,,,,,,0,,0,00,1,1,1,1
Class,"org.apache.pdfbox.preflight.action.pdfa1b.TestNamedAction",preflight/src/test/java/org/apache/pdfbox/preflight/action/pdfa1b/TestNamedAction.java,1,1,1,1,7,0,7,0,1,5,0,,0,0,,,7,0,7,24,6,0,1,0,,79,7,52,21,22,20,,,21,29,15,21,,,,,1,1,1,1,2,0,0,0,38,7,7,7,7
Protected Method,"org.apache.pdfbox.preflight.action.pdfa1b.TestNamedAction.createNamedAction()",preflight/src/test/java/org/apache/pdfbox/preflight/action/pdfa1b/TestNamedAction.java,,,,,,,,,,,,,,,,,,,,,,,,,8,8,1,7,2,4,0,4,1,4,5,2,4,1,1,1,1,,,,,,0,,0,00,1,1,1,1
Method,"org.apache.pdfbox.preflight.action.pdfa1b.TestNamedAction.testFirstPage()",preflight/src/test/java/org/apache/pdfbox/preflight/action/pdfa1b/TestNamedAction.java,,,,,,,,,,,,,,,,,,,,,,,,,2,8,0,8,3,4,0,4,1,3,4,2,3,1,1,1,1,,,,,,0,,0,00,1,1,1,1
Method,"org.apache.pdfbox.preflight.action.pdfa1b.TestNamedAction.testForbiddenN()",preflight/src/test/java/org/apache/pdfbox/preflight/action/pdfa1b/TestNamedAction.java,,,,,,,,,,,,,,,,,,,,,,,,,2,7,0,7,3,3,0,4,1,3,4,2,3,1,1,1,1,,,,,,0,,0,00,1,1,1,1
Method,"org.apache.pdfbox.preflight.action.pdfa1b.TestNamedAction.testLastPage()",preflight/src/test/java/org/apache/pdfbox/preflight/action/pdfa1b/TestNamedAction.java,,,,,,,,,,,,,,,,,,,,,,,,,2,7,0,7,3,3,0,4,1,3,4,2,3,1,1,1,1,,,,,,0,,0,00,1,1,1,1
Method,"org.apache.pdfbox.preflight.action.pdfa1b.TestNamedAction.testMissingN()",preflight/src/test/java/org/apache/pdfbox/preflight/action/pdfa1b/TestNamedAction.java,,,,,,,,,,,,,,,,,,,,,,,,,1,6,0,6,3,2,0,2,1,2,3,2,2,1,1,1,1,,,,,,0,,0,00,1,1,1,1
Method,"org.apache.pdfbox.preflight.action.pdfa1b.TestNamedAction.testNextPage()",preflight/src/test/java/org/apache/pdfbox/preflight/action/pdfa1b/TestNamedAction.java,,,,,,,,,,,,,,,,,,,,,,,,,2,7,0,7,3,3,0,4,1,3,4,2,3,1,1,1,1,,,,,,0,,0,00,1,1,1,1
Method,"org.apache.pdfbox.preflight.action.pdfa1b.TestNamedAction.testPrevPage()",preflight/src/test/java/org/apache/pdfbox/preflight/action/pdfa1b/TestNamedAction.java,,,,,,,,,,,,,,,,,,,,,,,,,2,7,0,7,3,3,0,4,1,3,4,2,3,1,1,1,1,,,,,,0,,0,00,1,1,1,1
Class,"org.apache.pdfbox.preflight.action.pdfa1b.TestSubmitAction",preflight/src/test/java/org/apache/pdfbox/preflight/action/pdfa1b/TestSubmitAction.java,1,1,1,1,13,0,12,0,1,5,0,,0,0,,,3,0,3,20,2,0,1,0,,66,6,40,9,19,20,,,12,19,10,12,,,,,1,1,1,1,2,0,0,0,50,3,3,3,3
Protected Method,"org.apache.pdfbox.preflight.action.pdfa1b.TestSubmitAction.createSubmitAction()",preflight/src/test/java/org/apache/pdfbox/preflight/action/pdfa1b/TestSubmitAction.java,,,,,,,,,,,,,,,,,,,,,,,,,5,26,2,24,2,14,0,5,1,7,11,5,7,1,1,1,1,,,,,,0,,0,00,1,1,1,1
Anonymous Class,"org.apache.pdfbox.preflight.action.pdfa1b.TestSubmitAction.createSubmitAction.(Anon_1)",preflight/src/test/java/org/apache/pdfbox/preflight/action/pdfa1b/TestSubmitAction.java,1,1,1,1,4,0,4,0,1,3,0,,0,0,,,3,0,3,18,0,0,0,3,,17,2,15,0,8,0,,,2,5,3,2,,,,,1,1,1,1,2,0,0,0,00,3,3,3,3
Public Method,"org.apache.pdfbox.preflight.action.pdfa1b.TestSubmitAction.createSubmitAction.(Anon_1).getCOSObject()",preflight/src/test/java/org/apache/pdfbox/preflight/action/pdfa1b/TestSubmitAction.java,,,,,,,,,,,,,,,,,,,,,,,,,0,5,0,5,0,3,0,2,1,1,2,1,1,1,1,1,1,,,,,,0,,0,00,1,1,1,1
Public Method,"org.apache.pdfbox.preflight.action.pdfa1b.TestSubmitAction.createSubmitAction.(Anon_1).getFile()",preflight/src/test/java/org/apache/pdfbox/preflight/action/pdfa1b/TestSubmitAction.java,,,,,,,,,,,,,,,,,,,,,,,,,0,5,0,5,0,3,0,1,1,1,2,1,1,1,1,1,1,,,,,,0,,0,00,1,1,1,1
Public Method,"org.apache.pdfbox.preflight.action.pdfa1b.TestSubmitAction.createSubmitAction.(Anon_1).setFile(String)",preflight/src/test/java/org/apache/pdfbox/preflight/action/pdfa1b/TestSubmitAction.java,,,,,,,,,,,,,,,,,,,,,,,,,0,4,0,4,0,2,0,0,1,0,1,1,0,1,1,1,1,,,,,,0,,0,00,1,1,1,1
Method,"org.apache.pdfbox.preflight.action.pdfa1b.TestSubmitAction.test()",preflight/src/test/java/org/apache/pdfbox/preflight/action/pdfa1b/TestSubmitAction.java,,,,,,,,,,,,,,,,,,,,,,,,,0,6,0,6,3,2,0,2,1,2,3,2,2,1,1,1,1,,,,,,0,,0,00,1,1,1,1
Method,"org.apache.pdfbox.preflight.action.pdfa1b.TestSubmitAction.testMissngF()",preflight/src/test/java/org/apache/pdfbox/preflight/action/pdfa1b/TestSubmitAction.java,,,,,,,,,,,,,,,,,,,,,,,,,2,7,0,7,3,3,0,3,1,3,4,2,3,1,1,1,1,,,,,,0,,0,00,1,1,1,1
Class,"org.apache.pdfbox.preflight.action.pdfa1b.TestThreadAction",preflight/src/test/java/org/apache/pdfbox/preflight/action/pdfa1b/TestThreadAction.java,1,1,1,1,7,0,7,0,1,5,0,,0,0,,,4,0,4,21,3,0,1,0,,55,4,31,12,13,20,,,13,18,9,13,,,,,1,1,1,1,2,0,0,0,65,4,4,4,4
Protected Method,"org.apache.pdfbox.preflight.action.pdfa1b.TestThreadAction.createSubmitAction()",preflight/src/test/java/org/apache/pdfbox/preflight/action/pdfa1b/TestThreadAction.java,,,,,,,,,,,,,,,,,,,,,,,,,6,8,0,8,2,5,0,5,1,5,6,2,5,1,1,1,1,,,,,,0,,0,00,1,1,1,1
Method,"org.apache.pdfbox.preflight.action.pdfa1b.TestThreadAction.test()",preflight/src/test/java/org/apache/pdfbox/preflight/action/pdfa1b/TestThreadAction.java,,,,,,,,,,,,,,,,,,,,,,,,,0,6,0,6,3,2,0,2,1,2,3,2,2,1,1,1,1,,,,,,0,,0,00,1,1,1,1
Method,"org.apache.pdfbox.preflight.action.pdfa1b.TestThreadAction.testInvalidD()",preflight/src/test/java/org/apache/pdfbox/preflight/action/pdfa1b/TestThreadAction.java,,,,,,,,,,,,,,,,,,,,,,,,,2,7,0,7,3,3,0,3,1,3,4,2,3,1,1,1,1,,,,,,0,,0,00,1,1,1,1
Method,"org.apache.pdfbox.preflight.action.pdfa1b.TestThreadAction.testMissingD()",preflight/src/test/java/org/apache/pdfbox/preflight/action/pdfa1b/TestThreadAction.java,,,,,,,,,,,,,,,,,,,,,,,,,2,7,0,7,3,3,0,3,1,3,4,2,3,1,1,1,1,,,,,,0,,0,00,1,1,1,1
Class,"org.apache.pdfbox.preflight.action.pdfa1b.TestUriAction",preflight/src/test/java/org/apache/pdfbox/preflight/action/pdfa1b/TestUriAction.java,1,1,1,1,6,0,6,0,1,9,0,,0,0,,,6,0,6,23,5,0,1,0,,68,6,42,18,16,21,,,16,23,13,16,,,,,1,1,1,1,2,0,0,0,50,6,6,6,6
Protected Method,"org.apache.pdfbox.preflight.action.pdfa1b.TestUriAction.createAction()",preflight/src/test/java/org/apache/pdfbox/preflight/action/pdfa1b/TestUriAction.java,,,,,,,,,,,,,,,,,,,,,,,,,3,6,0,6,2,3,1,3,1,3,4,2,3,1,1,1,1,,,,,,0,,0,17,1,1,1,1
Method,"org.apache.pdfbox.preflight.action.pdfa1b.TestUriAction.test()",preflight/src/test/java/org/apache/pdfbox/preflight/action/pdfa1b/TestUriAction.java,,,,,,,,,,,,,,,,,,,,,,,,,0,6,0,6,3,2,0,2,1,2,3,2,2,1,1,1,1,,,,,,0,,0,00,1,1,1,1
Method,"org.apache.pdfbox.preflight.action.pdfa1b.TestUriAction.testInvalidURI()",preflight/src/test/java/org/apache/pdfbox/preflight/action/pdfa1b/TestUriAction.java,,,,,,,,,,,,,,,,,,,,,,,,,2,7,0,7,3,3,0,4,1,3,4,2,3,1,1,1,1,,,,,,0,,0,00,1,1,1,1
Method,"org.apache.pdfbox.preflight.action.pdfa1b.TestUriAction.testMissingURI()",preflight/src/test/java/org/apache/pdfbox/preflight/action/pdfa1b/TestUriAction.java,,,,,,,,,,,,,,,,,,,,,,,,,1,6,0,6,3,2,0,2,1,2,3,2,2,1,1,1,1,,,,,,0,,0,00,1,1,1,1
Method,"org.apache.pdfbox.preflight.action.pdfa1b.TestUriAction.testNextInvalid()",preflight/src/test/java/org/apache/pdfbox/preflight/action/pdfa1b/TestUriAction.java,,,,,,,,,,,,,,,,,,,,,,,,,1,7,0,7,3,3,0,5,1,3,4,2,3,1,1,1,1,,,,,,0,,0,00,1,1,1,1
Method,"org.apache.pdfbox.preflight.action.pdfa1b.TestUriAction.testNextValid()",preflight/src/test/java/org/apache/pdfbox/preflight/action/pdfa1b/TestUriAction.java,,,,,,,,,,,,,,,,,,,,,,,,,0,7,0,7,3,3,0,4,1,3,4,2,3,1,1,1,1,,,,,,0,,0,00,1,1,1,1
Package,"org.apache.pdfbox.preflight.annotation",preflight/src/main/java/org/apache/pdfbox/preflight/annotation/AnnotationValidator.java,1,1,2,1,12,0,9,3,,,,20,0,0,20,,49,18,49,,0,1,24,24,,1460,122,678,261,252,662,,,324,424,249,203,,,,,13,13,16,11,,6,,0,98,79,79,103,66
Public Abstract Class,"org.apache.pdfbox.preflight.annotation.AnnotationValidator",preflight/src/main/java/org/apache/pdfbox/preflight/annotation/AnnotationValidator.java,2,2,3,2,23,0,16,7,1,20,12,,0,0,,,13,4,13,25,0,1,9,3,,360,18,220,38,124,124,,,79,116,37,96,,,,,13,13,16,11,1,6,57,0,56,35,35,50,29
Public Constructor,"org.apache.pdfbox.preflight.annotation.AnnotationValidator.AnnotationValidator(PreflightContext,COSDictionary)",preflight/src/main/java/org/apache/pdfbox/preflight/annotation/AnnotationValidator.java,,,,,,,,,,,,,,,,,,,,,,,,,14,5,0,5,1,2,0,3,1,2,3,1,2,1,1,1,1,,,,,,0,,0,00,1,1,1,1
Protected Method,"org.apache.pdfbox.preflight.annotation.AnnotationValidator.checkAP()",preflight/src/main/java/org/apache/pdfbox/preflight/annotation/AnnotationValidator.java,,,,,,,,,,,,,,,,,,,,,,,,,13,114,0,88,6,53,26,16,13,26,40,7,38,13,13,16,11,,,,,,6,,0,30,13,13,16,11
Protected Method,"org.apache.pdfbox.preflight.annotation.AnnotationValidator.checkActions()",preflight/src/main/java/org/apache/pdfbox/preflight/annotation/AnnotationValidator.java,,,,,,,,,,,,,,,,,,,,,,,,,4,13,0,5,1,2,8,2,1,2,3,1,2,1,1,1,1,,,,,,0,,1,60,1,1,1,1
Protected Method,"org.apache.pdfbox.preflight.annotation.AnnotationValidator.checkCA()",preflight/src/main/java/org/apache/pdfbox/preflight/annotation/AnnotationValidator.java,,,,,,,,,,,,,,,,,,,,,,,,,5,21,0,15,3,8,8,7,3,5,8,3,7,3,3,3,3,,,,,,2,,0,53,3,3,3,3
Protected Method,"org.apache.pdfbox.preflight.annotation.AnnotationValidator.checkColors()",preflight/src/main/java/org/apache/pdfbox/preflight/annotation/AnnotationValidator.java,,,,,,,,,,,,,,,,,,,,,,,,,4,17,0,10,1,5,7,5,2,3,5,1,4,2,2,3,1,,,,,,1,,0,70,2,2,3,1
Protected Method,"org.apache.pdfbox.preflight.annotation.AnnotationValidator.checkFlags()",preflight/src/main/java/org/apache/pdfbox/preflight/annotation/AnnotationValidator.java,,,,,,,,,,,,,,,,,,,,,,,,,5,27,1,13,2,8,13,8,2,6,8,2,7,2,2,5,1,,,,,,1,,1,00,2,2,5,1
Protected Method,"org.apache.pdfbox.preflight.annotation.AnnotationValidator.checkMandatoryFields()",preflight/src/main/java/org/apache/pdfbox/preflight/annotation/AnnotationValidator.java,,,,,,,,,,,,,,,,,,,,,,,,,7,19,1,12,4,7,6,6,2,5,7,4,6,2,2,4,1,,,,,,1,,0,50,2,2,4,1
Protected Method,"org.apache.pdfbox.preflight.annotation.AnnotationValidator.checkPopup()",preflight/src/main/java/org/apache/pdfbox/preflight/annotation/AnnotationValidator.java,,,,,,,,,,,,,,,,,,,,,,,,,6,25,0,18,5,11,7,7,3,6,9,3,8,3,3,3,3,,,,,,2,,0,39,3,3,3,3
Protected Method,"org.apache.pdfbox.preflight.annotation.AnnotationValidator.checkSpecificMandatoryFields()",preflight/src/main/java/org/apache/pdfbox/preflight/annotation/AnnotationValidator.java,,,,,,,,,,,,,,,,,,,,,,,,,1,8,0,4,1,1,4,1,1,1,2,1,1,1,1,1,1,,,,,,0,,1,00,1,1,1,1
Private Method,"org.apache.pdfbox.preflight.annotation.AnnotationValidator.getFieldType()",preflight/src/main/java/org/apache/pdfbox/preflight/annotation/AnnotationValidator.java,,,,,,,,,,,,,,,,,,,,,,,,,4,20,0,19,4,10,1,2,3,7,10,4,8,3,3,3,3,,,,,,2,,0,05,3,3,3,3
Protected Method,"org.apache.pdfbox.preflight.annotation.AnnotationValidator.searchRGBProfile()",preflight/src/main/java/org/apache/pdfbox/preflight/annotation/AnnotationValidator.java,,,,,,,,,,,,,,,,,,,,,,,,,4,15,0,9,2,4,6,3,2,3,5,2,4,2,2,2,1,,,,,,1,,0,67,2,2,2,1
Public Final Method,"org.apache.pdfbox.preflight.annotation.AnnotationValidator.setFactory(AnnotationValidatorFactory)",preflight/src/main/java/org/apache/pdfbox/preflight/annotation/AnnotationValidator.java,,,,,,,,,,,,,,,,,,,,,,,,,2,10,0,4,1,1,6,1,1,1,2,1,1,1,1,1,1,,,,,,0,,1,50,1,1,1,1
Public Method,"org.apache.pdfbox.preflight.annotation.AnnotationValidator.validate()",preflight/src/main/java/org/apache/pdfbox/preflight/annotation/AnnotationValidator.java,,,,,,,,,,,,,,,,,,,,,,,,,6,17,0,11,2,8,6,8,1,8,9,2,8,1,1,7,1,,,,,,0,,0,55,1,1,7,1
Public Abstract Class,"org.apache.pdfbox.preflight.annotation.AnnotationValidatorFactory",preflight/src/main/java/org/apache/pdfbox/preflight/annotation/AnnotationValidatorFactory.java,1,1,1,1,12,0,10,1,1,15,1,,0,0,,,5,2,5,17,0,0,1,4,,84,8,46,14,20,30,,,16,23,12,15,,,,,3,3,3,1,1,2,62,0,65,6,6,6,4
Public Constructor,"org.apache.pdfbox.preflight.annotation.AnnotationValidatorFactory.AnnotationValidatorFactory()",preflight/src/main/java/org/apache/pdfbox/preflight/annotation/AnnotationValidatorFactory.java,,,,,,,,,,,,,,,,,,,,,,,,,0,4,0,4,1,1,0,2,1,1,2,1,1,1,1,1,1,,,,,,0,,0,00,1,1,1,1
Public Constructor,"org.apache.pdfbox.preflight.annotation.AnnotationValidatorFactory.AnnotationValidatorFactory(ActionManagerFactory)",preflight/src/main/java/org/apache/pdfbox/preflight/annotation/AnnotationValidatorFactory.java,,,,,,,,,,,,,,,,,,,,,,,,,1,5,0,5,1,2,0,3,1,2,3,1,2,1,1,1,1,,,,,,0,,0,00,1,1,1,1
Public Final Method,"org.apache.pdfbox.preflight.annotation.AnnotationValidatorFactory.getAnnotationValidator(PreflightContext,COSDictionary)",preflight/src/main/java/org/apache/pdfbox/preflight/annotation/AnnotationValidatorFactory.java,,,,,,,,,,,,,,,,,,,,,,,,,8,36,2,27,7,14,7,10,3,9,12,5,10,3,3,3,1,,,,,,2,,0,26,3,3,3,1
Protected Abstract Method,"org.apache.pdfbox.preflight.annotation.AnnotationValidatorFactory.initializeClasses()",preflight/src/main/java/org/apache/pdfbox/preflight/annotation/AnnotationValidatorFactory.java,,,,,,,,,,,,,,,,,,,,,,,,,1,4,0,1,1,0,3,0,0,1,1,1,0,0,0,0,0,,,,,,0,,3,00,0,0,0,0
Public Final Method,"org.apache.pdfbox.preflight.annotation.AnnotationValidatorFactory.setActionFact(ActionManagerFactory)",preflight/src/main/java/org/apache/pdfbox/preflight/annotation/AnnotationValidatorFactory.java,,,,,,,,,,,,,,,,,,,,,,,,,1,4,0,4,1,1,0,1,1,1,2,1,1,1,1,1,1,,,,,,0,,0,00,1,1,1,1
Public Class,"org.apache.pdfbox.preflight.annotation.CircleAnnotationValidator",preflight/src/main/java/org/apache/pdfbox/preflight/annotation/CircleAnnotationValidator.java,1,1,1,1,4,0,4,0,1,3,0,,0,0,,,1,0,1,29,0,0,0,1,,30,0,7,2,1,23,,,1,3,2,1,,,,,1,1,1,1,3,0,0,3,29,1,1,1,1
Public Constructor,"org.apache.pdfbox.preflight.annotation.CircleAnnotationValidator.CircleAnnotationValidator(PreflightContext,COSDictionary)",preflight/src/main/java/org/apache/pdfbox/preflight/annotation/CircleAnnotationValidator.java,,,,,,,,,,,,,,,,,,,,,,,,,2,4,0,4,1,1,0,3,1,1,2,1,1,1,1,1,1,,,,,,0,,0,00,1,1,1,1
Public Class,"org.apache.pdfbox.preflight.annotation.FreeTextAnnotationValidator",preflight/src/main/java/org/apache/pdfbox/preflight/annotation/FreeTextAnnotationValidator.java,1,1,1,1,5,0,5,0,1,5,0,,0,0,,,2,1,2,27,0,0,1,1,,43,2,15,5,5,26,,,5,8,4,4,,,,,1,1,1,1,2,0,50,1,73,2,2,2,2
Public Constructor,"org.apache.pdfbox.preflight.annotation.FreeTextAnnotationValidator.FreeTextAnnotationValidator(PreflightContext,COSDictionary)",preflight/src/main/java/org/apache/pdfbox/preflight/annotation/FreeTextAnnotationValidator.java,,,,,,,,,,,,,,,,,,,,,,,,,3,6,0,6,1,3,0,5,1,3,4,1,3,1,1,1,1,,,,,,0,,0,00,1,1,1,1
Protected Method,"org.apache.pdfbox.preflight.annotation.FreeTextAnnotationValidator.checkSpecificMandatoryFields()",preflight/src/main/java/org/apache/pdfbox/preflight/annotation/FreeTextAnnotationValidator.java,,,,,,,,,,,,,,,,,,,,,,,,,2,5,0,5,2,1,0,2,1,1,2,1,1,1,1,1,1,,,,,,0,,0,00,1,1,1,1
Public Class,"org.apache.pdfbox.preflight.annotation.HighlightAnnotationValidator",preflight/src/main/java/org/apache/pdfbox/preflight/annotation/HighlightAnnotationValidator.java,1,1,1,1,6,0,6,0,1,3,0,,0,0,,,1,0,1,28,0,0,1,0,,32,0,9,2,3,23,,,3,5,2,3,,,,,1,1,1,1,3,0,0,2,56,1,1,1,1
Protected Constructor,"org.apache.pdfbox.preflight.annotation.HighlightAnnotationValidator.HighlightAnnotationValidator(PreflightContext,COSDictionary)",preflight/src/main/java/org/apache/pdfbox/preflight/annotation/HighlightAnnotationValidator.java,,,,,,,,,,,,,,,,,,,,,,,,,3,6,0,6,1,3,0,5,1,3,4,1,3,1,1,1,1,,,,,,0,,0,00,1,1,1,1
Public Class,"org.apache.pdfbox.preflight.annotation.InkAnnotationValidator",preflight/src/main/java/org/apache/pdfbox/preflight/annotation/InkAnnotationValidator.java,1,1,1,1,5,0,5,0,1,5,0,,0,0,,,2,1,2,27,0,0,1,1,,43,2,15,5,5,26,,,5,8,4,4,,,,,1,1,1,1,2,0,50,1,73,2,2,2,2
Public Constructor,"org.apache.pdfbox.preflight.annotation.InkAnnotationValidator.InkAnnotationValidator(PreflightContext,COSDictionary)",preflight/src/main/java/org/apache/pdfbox/preflight/annotation/InkAnnotationValidator.java,,,,,,,,,,,,,,,,,,,,,,,,,3,6,0,6,1,3,0,5,1,3,4,1,3,1,1,1,1,,,,,,0,,0,00,1,1,1,1
Protected Method,"org.apache.pdfbox.preflight.annotation.InkAnnotationValidator.checkSpecificMandatoryFields()",preflight/src/main/java/org/apache/pdfbox/preflight/annotation/InkAnnotationValidator.java,,,,,,,,,,,,,,,,,,,,,,,,,2,5,0,5,2,1,0,2,1,1,2,1,1,1,1,1,1,,,,,,0,,0,00,1,1,1,1
Public Class,"org.apache.pdfbox.preflight.annotation.LineAnnotationValidator",preflight/src/main/java/org/apache/pdfbox/preflight/annotation/LineAnnotationValidator.java,1,1,1,1,9,0,7,2,1,8,0,,0,0,,,4,1,4,29,0,0,2,2,,78,4,32,9,13,42,,,11,17,7,11,,,,,2,2,3,1,2,1,50,1,31,5,5,7,4
Public Constructor,"org.apache.pdfbox.preflight.annotation.LineAnnotationValidator.LineAnnotationValidator(PreflightContext,COSDictionary)",preflight/src/main/java/org/apache/pdfbox/preflight/annotation/LineAnnotationValidator.java,,,,,,,,,,,,,,,,,,,,,,,,,3,6,0,6,1,3,0,5,1,3,4,1,3,1,1,1,1,,,,,,0,,0,00,1,1,1,1
Protected Method,"org.apache.pdfbox.preflight.annotation.LineAnnotationValidator.checkIColors()",preflight/src/main/java/org/apache/pdfbox/preflight/annotation/LineAnnotationValidator.java,,,,,,,,,,,,,,,,,,,,,,,,,4,16,0,10,1,5,6,5,2,3,5,1,4,2,2,3,1,,,,,,1,,0,60,2,2,3,1
Protected Method,"org.apache.pdfbox.preflight.annotation.LineAnnotationValidator.checkSpecificMandatoryFields()",preflight/src/main/java/org/apache/pdfbox/preflight/annotation/LineAnnotationValidator.java,,,,,,,,,,,,,,,,,,,,,,,,,2,5,0,5,2,1,0,2,1,1,2,1,1,1,1,1,1,,,,,,0,,0,00,1,1,1,1
Public Method,"org.apache.pdfbox.preflight.annotation.LineAnnotationValidator.validate()",preflight/src/main/java/org/apache/pdfbox/preflight/annotation/LineAnnotationValidator.java,,,,,,,,,,,,,,,,,,,,,,,,,0,12,0,7,3,3,5,3,1,3,4,2,3,1,1,2,1,,,,,,0,,0,71,1,1,2,1
Public Class,"org.apache.pdfbox.preflight.annotation.LinkAnnotationValidator",preflight/src/main/java/org/apache/pdfbox/preflight/annotation/LinkAnnotationValidator.java,2,2,2,1,15,0,12,3,1,14,0,,0,0,,,3,1,3,28,0,0,1,2,,80,3,41,9,20,36,,,15,22,8,17,,,,,4,4,5,3,2,2,33,0,88,6,6,8,5
Public Constructor,"org.apache.pdfbox.preflight.annotation.LinkAnnotationValidator.LinkAnnotationValidator(PreflightContext,COSDictionary)",preflight/src/main/java/org/apache/pdfbox/preflight/annotation/LinkAnnotationValidator.java,,,,,,,,,,,,,,,,,,,,,,,,,3,6,0,6,1,3,0,5,1,3,4,1,3,1,1,1,1,,,,,,0,,0,00,1,1,1,1
Protected Method,"org.apache.pdfbox.preflight.annotation.LinkAnnotationValidator.checkDest()",preflight/src/main/java/org/apache/pdfbox/preflight/annotation/LinkAnnotationValidator.java,,,,,,,,,,,,,,,,,,,,,,,,,8,29,0,24,3,13,5,10,4,8,12,3,11,4,4,5,3,,,,,,2,,0,21,4,4,5,3
Public Method,"org.apache.pdfbox.preflight.annotation.LinkAnnotationValidator.validate()",preflight/src/main/java/org/apache/pdfbox/preflight/annotation/LinkAnnotationValidator.java,,,,,,,,,,,,,,,,,,,,,,,,,0,12,0,7,3,3,5,3,1,3,4,2,3,1,1,2,1,,,,,,0,,0,71,1,1,2,1
Abstract Class,"org.apache.pdfbox.preflight.annotation.MarkupAnnotationValidator",preflight/src/main/java/org/apache/pdfbox/preflight/annotation/MarkupAnnotationValidator.java,1,1,1,1,4,0,4,0,1,5,4,,0,0,,,2,1,2,27,0,0,2,0,,41,2,13,5,3,26,,,3,6,4,2,,,,,1,1,1,1,2,0,100,2,00,2,2,2,2
Protected Constructor,"org.apache.pdfbox.preflight.annotation.MarkupAnnotationValidator.MarkupAnnotationValidator(PreflightContext,COSDictionary)",preflight/src/main/java/org/apache/pdfbox/preflight/annotation/MarkupAnnotationValidator.java,,,,,,,,,,,,,,,,,,,,,,,,,6,4,0,4,1,1,0,2,1,1,2,1,1,1,1,1,1,,,,,,0,,0,00,1,1,1,1
Protected Method,"org.apache.pdfbox.preflight.annotation.MarkupAnnotationValidator.checkSpecificMandatoryFields()",preflight/src/main/java/org/apache/pdfbox/preflight/annotation/MarkupAnnotationValidator.java,,,,,,,,,,,,,,,,,,,,,,,,,2,5,0,5,2,1,0,2,1,1,2,1,1,1,1,1,1,,,,,,0,,0,00,1,1,1,1
Public Class,"org.apache.pdfbox.preflight.annotation.PopupAnnotationValidator",preflight/src/main/java/org/apache/pdfbox/preflight/annotation/PopupAnnotationValidator.java,1,1,1,1,6,0,6,0,1,3,0,,0,0,,,1,1,1,26,0,0,0,1,,38,2,10,3,4,26,,,4,6,3,3,,,,,1,1,1,1,2,0,0,2,60,1,1,1,1
Public Constructor,"org.apache.pdfbox.preflight.annotation.PopupAnnotationValidator.PopupAnnotationValidator(PreflightContext,COSDictionary)",preflight/src/main/java/org/apache/pdfbox/preflight/annotation/PopupAnnotationValidator.java,,,,,,,,,,,,,,,,,,,,,,,,,3,6,0,6,1,3,0,5,1,3,4,1,3,1,1,1,1,,,,,,0,,0,00,1,1,1,1
Public Class,"org.apache.pdfbox.preflight.annotation.PrintMarkAnnotationValidator",preflight/src/main/java/org/apache/pdfbox/preflight/annotation/PrintMarkAnnotationValidator.java,1,1,1,1,6,0,6,0,1,3,0,,0,0,,,1,1,1,26,0,0,0,1,,38,2,10,3,4,26,,,4,6,3,3,,,,,1,1,1,1,2,0,0,2,60,1,1,1,1
Public Constructor,"org.apache.pdfbox.preflight.annotation.PrintMarkAnnotationValidator.PrintMarkAnnotationValidator(PreflightContext,COSDictionary)",preflight/src/main/java/org/apache/pdfbox/preflight/annotation/PrintMarkAnnotationValidator.java,,,,,,,,,,,,,,,,,,,,,,,,,3,6,0,6,1,3,0,5,1,3,4,1,3,1,1,1,1,,,,,,0,,0,00,1,1,1,1
Public Class,"org.apache.pdfbox.preflight.annotation.RubberStampAnnotationValidator",preflight/src/main/java/org/apache/pdfbox/preflight/annotation/RubberStampAnnotationValidator.java,1,1,1,1,6,0,6,0,1,3,0,,0,0,,,1,1,1,26,0,0,0,1,,38,2,10,3,4,26,,,4,6,3,3,,,,,1,1,1,1,2,0,0,2,60,1,1,1,1
Public Constructor,"org.apache.pdfbox.preflight.annotation.RubberStampAnnotationValidator.RubberStampAnnotationValidator(PreflightContext,COSDictionary)",preflight/src/main/java/org/apache/pdfbox/preflight/annotation/RubberStampAnnotationValidator.java,,,,,,,,,,,,,,,,,,,,,,,,,3,6,0,6,1,3,0,5,1,3,4,1,3,1,1,1,1,,,,,,0,,0,00,1,1,1,1
Public Class,"org.apache.pdfbox.preflight.annotation.SquareAnnotationValidator",preflight/src/main/java/org/apache/pdfbox/preflight/annotation/SquareAnnotationValidator.java,1,1,1,1,4,0,4,0,1,3,0,,0,0,,,1,0,1,29,0,0,0,1,,30,0,7,2,1,23,,,1,3,2,1,,,,,1,1,1,1,3,0,0,3,29,1,1,1,1
Public Constructor,"org.apache.pdfbox.preflight.annotation.SquareAnnotationValidator.SquareAnnotationValidator(PreflightContext,COSDictionary)",preflight/src/main/java/org/apache/pdfbox/preflight/annotation/SquareAnnotationValidator.java,,,,,,,,,,,,,,,,,,,,,,,,,2,4,0,4,1,1,0,3,1,1,2,1,1,1,1,1,1,,,,,,0,,0,00,1,1,1,1
Public Abstract Class,"org.apache.pdfbox.preflight.annotation.SquareCircleAnnotationValidator",preflight/src/main/java/org/apache/pdfbox/preflight/annotation/SquareCircleAnnotationValidator.java,1,1,2,1,11,0,7,3,1,7,2,,0,0,,,3,1,3,28,0,0,1,2,,68,4,27,7,12,37,,,10,15,6,10,,,,,2,2,3,1,2,1,33,1,37,4,4,6,3
Public Constructor,"org.apache.pdfbox.preflight.annotation.SquareCircleAnnotationValidator.SquareCircleAnnotationValidator(PreflightContext,PDAnnotationSquareCircle)",preflight/src/main/java/org/apache/pdfbox/preflight/annotation/SquareCircleAnnotationValidator.java,,,,,,,,,,,,,,,,,,,,,,,,,5,6,0,6,1,3,0,5,1,3,4,1,3,1,1,1,1,,,,,,0,,0,00,1,1,1,1
Protected Method,"org.apache.pdfbox.preflight.annotation.SquareCircleAnnotationValidator.checkIColors()",preflight/src/main/java/org/apache/pdfbox/preflight/annotation/SquareCircleAnnotationValidator.java,,,,,,,,,,,,,,,,,,,,,,,,,4,16,0,10,1,5,6,5,2,3,5,1,4,2,2,3,1,,,,,,1,,0,60,2,2,3,1
Public Method,"org.apache.pdfbox.preflight.annotation.SquareCircleAnnotationValidator.validate()",preflight/src/main/java/org/apache/pdfbox/preflight/annotation/SquareCircleAnnotationValidator.java,,,,,,,,,,,,,,,,,,,,,,,,,0,12,0,7,3,3,5,3,1,3,4,2,3,1,1,2,1,,,,,,0,,0,71,1,1,2,1
Public Class,"org.apache.pdfbox.preflight.annotation.SquigglyAnnotationValidator",preflight/src/main/java/org/apache/pdfbox/preflight/annotation/SquigglyAnnotationValidator.java,1,1,1,1,6,0,6,0,1,3,0,,0,0,,,1,0,1,28,0,0,1,0,,32,0,9,2,3,23,,,3,5,2,3,,,,,1,1,1,1,3,0,0,2,56,1,1,1,1
Protected Constructor,"org.apache.pdfbox.preflight.annotation.SquigglyAnnotationValidator.SquigglyAnnotationValidator(PreflightContext,COSDictionary)",preflight/src/main/java/org/apache/pdfbox/preflight/annotation/SquigglyAnnotationValidator.java,,,,,,,,,,,,,,,,,,,,,,,,,3,6,0,6,1,3,0,5,1,3,4,1,3,1,1,1,1,,,,,,0,,0,00,1,1,1,1
Public Class,"org.apache.pdfbox.preflight.annotation.StrikeoutAnnotationValidator",preflight/src/main/java/org/apache/pdfbox/preflight/annotation/StrikeoutAnnotationValidator.java,1,1,1,1,6,0,6,0,1,3,0,,0,0,,,1,0,1,28,0,0,1,0,,32,0,9,2,3,23,,,3,5,2,3,,,,,1,1,1,1,3,0,0,2,56,1,1,1,1
Protected Constructor,"org.apache.pdfbox.preflight.annotation.StrikeoutAnnotationValidator.StrikeoutAnnotationValidator(PreflightContext,COSDictionary)",preflight/src/main/java/org/apache/pdfbox/preflight/annotation/StrikeoutAnnotationValidator.java,,,,,,,,,,,,,,,,,,,,,,,,,3,6,0,6,1,3,0,5,1,3,4,1,3,1,1,1,1,,,,,,0,,0,00,1,1,1,1
Public Class,"org.apache.pdfbox.preflight.annotation.TextAnnotationValidator",preflight/src/main/java/org/apache/pdfbox/preflight/annotation/TextAnnotationValidator.java,1,1,2,1,12,0,9,2,1,7,0,,0,0,,,2,1,2,27,0,0,1,1,,61,3,22,6,10,36,,,9,13,5,9,,,,,2,2,4,1,2,1,50,1,64,3,3,5,2
Public Constructor,"org.apache.pdfbox.preflight.annotation.TextAnnotationValidator.TextAnnotationValidator(PreflightContext,COSDictionary)",preflight/src/main/java/org/apache/pdfbox/preflight/annotation/TextAnnotationValidator.java,,,,,,,,,,,,,,,,,,,,,,,,,3,6,0,6,1,3,0,5,1,3,4,1,3,1,1,1,1,,,,,,0,,0,00,1,1,1,1
Protected Method,"org.apache.pdfbox.preflight.annotation.TextAnnotationValidator.checkFlags()",preflight/src/main/java/org/apache/pdfbox/preflight/annotation/TextAnnotationValidator.java,,,,,,,,,,,,,,,,,,,,,,,,,3,18,1,12,3,6,5,6,2,5,7,2,6,2,2,4,1,,,,,,1,,0,42,2,2,4,1
Public Class,"org.apache.pdfbox.preflight.annotation.TrapNetAnnotationValidator",preflight/src/main/java/org/apache/pdfbox/preflight/annotation/TrapNetAnnotationValidator.java,1,1,1,1,6,0,6,0,1,3,0,,0,0,,,1,1,1,26,0,0,0,1,,37,1,10,3,4,26,,,4,6,3,3,,,,,1,1,1,1,2,0,0,2,60,1,1,1,1
Public Constructor,"org.apache.pdfbox.preflight.annotation.TrapNetAnnotationValidator.TrapNetAnnotationValidator(PreflightContext,COSDictionary)",preflight/src/main/java/org/apache/pdfbox/preflight/annotation/TrapNetAnnotationValidator.java,,,,,,,,,,,,,,,,,,,,,,,,,3,6,0,6,1,3,0,5,1,3,4,1,3,1,1,1,1,,,,,,0,,0,00,1,1,1,1
Public Class,"org.apache.pdfbox.preflight.annotation.UnderlineAnnotationValidator",preflight/src/main/java/org/apache/pdfbox/preflight/annotation/UnderlineAnnotationValidator.java,1,1,1,1,6,0,6,0,1,3,0,,0,0,,,1,0,1,28,0,0,1,0,,32,0,9,2,3,23,,,3,5,2,3,,,,,1,1,1,1,3,0,0,2,56,1,1,1,1
Protected Constructor,"org.apache.pdfbox.preflight.annotation.UnderlineAnnotationValidator.UnderlineAnnotationValidator(PreflightContext,COSDictionary)",preflight/src/main/java/org/apache/pdfbox/preflight/annotation/UnderlineAnnotationValidator.java,,,,,,,,,,,,,,,,,,,,,,,,,3,6,0,6,1,3,0,5,1,3,4,1,3,1,1,1,1,,,,,,0,,0,00,1,1,1,1
Public Class,"org.apache.pdfbox.preflight.annotation.WidgetAnnotationValidator",preflight/src/main/java/org/apache/pdfbox/preflight/annotation/WidgetAnnotationValidator.java,1,1,1,1,10,0,7,3,1,7,0,,0,0,,,3,1,3,28,0,0,1,2,,65,3,25,7,10,37,,,9,14,6,9,,,,,2,2,2,1,2,1,33,1,48,4,4,5,3
Public Constructor,"org.apache.pdfbox.preflight.annotation.WidgetAnnotationValidator.WidgetAnnotationValidator(PreflightContext,COSDictionary)",preflight/src/main/java/org/apache/pdfbox/preflight/annotation/WidgetAnnotationValidator.java,,,,,,,,,,,,,,,,,,,,,,,,,3,6,0,6,1,3,0,5,1,3,4,1,3,1,1,1,1,,,,,,0,,0,00,1,1,1,1
Protected Method,"org.apache.pdfbox.preflight.annotation.WidgetAnnotationValidator.checkAAField()",preflight/src/main/java/org/apache/pdfbox/preflight/annotation/WidgetAnnotationValidator.java,,,,,,,,,,,,,,,,,,,,,,,,,4,15,0,9,1,4,6,4,2,3,5,1,4,2,2,2,1,,,,,,1,,0,67,2,2,2,1
Public Method,"org.apache.pdfbox.preflight.annotation.WidgetAnnotationValidator.validate()",preflight/src/main/java/org/apache/pdfbox/preflight/annotation/WidgetAnnotationValidator.java,,,,,,,,,,,,,,,,,,,,,,,,,0,11,0,6,3,2,5,3,1,2,3,2,2,1,1,2,1,,,,,,0,,0,83,1,1,2,1
Package,"org.apache.pdfbox.preflight.annotation.pdfa",preflight/src/main/java/org/apache/pdfbox/preflight/annotation/pdfa/PDFAbAnnotationFactory.java,1,1,1,1,27,3,24,0,,,,1,0,0,1,,1,0,1,,0,0,1,0,,94,10,61,37,20,23,,,50,52,36,16,,,,,1,1,1,1,,0,,0,38,1,1,1,1
Public Class,"org.apache.pdfbox.preflight.annotation.pdfa.PDFAbAnnotationFactory",preflight/src/main/java/org/apache/pdfbox/preflight/annotation/pdfa/PDFAbAnnotationFactory.java,1,1,1,1,27,3,24,0,1,34,0,,0,0,,,1,0,1,18,0,0,1,0,,55,5,27,3,20,23,,,16,18,2,16,,,,,1,1,1,1,2,0,0,0,85,1,1,1,1
Protected Method,"org.apache.pdfbox.preflight.annotation.pdfa.PDFAbAnnotationFactory.initializeClasses()",preflight/src/main/java/org/apache/pdfbox/preflight/annotation/pdfa/PDFAbAnnotationFactory.java,,,,,,,,,,,,,,,,,,,,,,,,,17,27,3,24,2,20,0,1,1,16,17,1,16,1,1,1,1,,,,,,0,,0,00,1,1,1,1
Package,"org.apache.pdfbox.preflight.content",preflight/src/main/java/org/apache/pdfbox/preflight/content/ContentStreamException.java,3,3,5,1,23,1,18,4,,,,5,0,8,4,,45,7,45,,1,15,11,18,,1424,122,995,250,482,315,,,418,566,238,378,,,,,11,11,26,10,,4,,0,32,148,146,226,81
Public Class,"org.apache.pdfbox.preflight.content.ContentStreamException",preflight/src/main/java/org/apache/pdfbox/preflight/content/ContentStreamException.java,1,1,1,1,4,0,4,0,1,1,0,,0,0,,,5,1,5,57,0,0,0,5,,50,6,24,7,6,20,,,6,12,7,5,,,,,1,1,1,1,2,0,60,0,83,5,5,5,5
Public Constructor,"org.apache.pdfbox.preflight.content.ContentStreamException.ContentStreamException(String)",preflight/src/main/java/org/apache/pdfbox/preflight/content/ContentStreamException.java,,,,,,,,,,,,,,,,,,,,,,,,,3,4,0,4,1,1,0,2,1,1,2,1,1,1,1,1,1,,,,,,0,,0,00,1,1,1,1
Public Constructor,"org.apache.pdfbox.preflight.content.ContentStreamException.ContentStreamException(String,Throwable)",preflight/src/main/java/org/apache/pdfbox/preflight/content/ContentStreamException.java,,,,,,,,,,,,,,,,,,,,,,,,,1,4,0,4,1,1,0,2,1,1,2,1,1,1,1,1,1,,,,,,0,,0,00,1,1,1,1
Public Constructor,"org.apache.pdfbox.preflight.content.ContentStreamException.ContentStreamException(Throwable)",preflight/src/main/java/org/apache/pdfbox/preflight/content/ContentStreamException.java,,,,,,,,,,,,,,,,,,,,,,,,,2,4,0,4,1,1,0,3,1,1,2,1,1,1,1,1,1,,,,,,0,,0,00,1,1,1,1
Public Method,"org.apache.pdfbox.preflight.content.ContentStreamException.getErrorCode()",preflight/src/main/java/org/apache/pdfbox/preflight/content/ContentStreamException.java,,,,,,,,,,,,,,,,,,,,,,,,,5,4,0,4,1,1,0,1,1,1,2,1,1,1,1,1,1,,,,,,0,,0,00,1,1,1,1
Public Method,"org.apache.pdfbox.preflight.content.ContentStreamException.setErrorCode(String)",preflight/src/main/java/org/apache/pdfbox/preflight/content/ContentStreamException.java,,,,,,,,,,,,,,,,,,,,,,,,,3,4,0,4,1,1,0,1,1,1,2,1,1,1,1,1,1,,,,,,0,,0,00,1,1,1,1
Public Class,"org.apache.pdfbox.preflight.content.PreflightContentStream",preflight/src/main/java/org/apache/pdfbox/preflight/content/PreflightContentStream.java,4,4,5,2,29,0,21,7,1,28,0,,0,0,,,10,0,10,95,0,2,3,5,,327,16,221,24,108,90,,,61,100,23,88,,,,,11,11,15,10,3,3,0,0,41,41,41,51,26
Public Constructor,"org.apache.pdfbox.preflight.content.PreflightContentStream.PreflightContentStream(PreflightContext,PDPage)",preflight/src/main/java/org/apache/pdfbox/preflight/content/PreflightContentStream.java,,,,,,,,,,,,,,,,,,,,,,,,,5,4,0,4,1,1,0,2,1,1,2,1,1,1,1,1,1,,,,,,0,,0,00,1,1,1,1
Protected Method,"org.apache.pdfbox.preflight.content.PreflightContentStream.checkShowTextOperators(Operator,List<?>)",preflight/src/main/java/org/apache/pdfbox/preflight/content/PreflightContentStream.java,,,,,,,,,,,,,,,,,,,,,,,,,7,22,1,13,2,6,8,4,4,3,6,2,5,3,3,5,1,,,,,,1,,0,62,3,3,5,1
Protected Method,"org.apache.pdfbox.preflight.content.PreflightContentStream.processOperator(Operator,List<COSBase>)",preflight/src/main/java/org/apache/pdfbox/preflight/content/PreflightContentStream.java,,,,,,,,,,,,,,,,,,,,,,,,,3,23,3,16,2,10,4,11,2,9,11,1,10,2,2,2,1,,,,,,1,,0,25,2,2,2,1
Protected Method,"org.apache.pdfbox.preflight.content.PreflightContentStream.unsupportedOperator(Operator,List<COSBase>)",preflight/src/main/java/org/apache/pdfbox/preflight/content/PreflightContentStream.java,,,,,,,,,,,,,,,,,,,,,,,,,2,6,0,6,2,2,0,2,1,1,2,1,1,1,1,1,1,,,,,,0,,0,00,1,1,1,1
Public Method,"org.apache.pdfbox.preflight.content.PreflightContentStream.validatePageContentStream()",preflight/src/main/java/org/apache/pdfbox/preflight/content/PreflightContentStream.java,,,,,,,,,,,,,,,,,,,,,,,,,5,23,0,18,1,7,5,7,4,3,6,1,5,4,4,4,1,,,,,,2,,0,28,4,4,4,1
Public Method,"org.apache.pdfbox.preflight.content.PreflightContentStream.validatePatternContentStream(PDTilingPattern)",preflight/src/main/java/org/apache/pdfbox/preflight/content/PreflightContentStream.java,,,,,,,,,,,,,,,,,,,,,,,,,6,21,0,15,1,6,6,6,3,3,5,1,4,3,3,3,1,,,,,,1,,0,40,3,3,3,1
Private Method,"org.apache.pdfbox.preflight.content.PreflightContentStream.validateStringArray(Operator,List<?>)",preflight/src/main/java/org/apache/pdfbox/preflight/content/PreflightContentStream.java,,,,,,,,,,,,,,,,,,,,,,,,,4,30,0,20,1,9,10,5,5,4,10,2,8,5,5,6,5,,,,,,2,,0,50,5,5,6,5
Private Method,"org.apache.pdfbox.preflight.content.PreflightContentStream.validateStringDefinition(Operator,List<?>)",preflight/src/main/java/org/apache/pdfbox/preflight/content/PreflightContentStream.java,,,,,,,,,,,,,,,,,,,,,,,,,5,58,1,44,5,25,13,7,7,12,19,5,18,7,7,10,4,,,,,,2,,0,30,7,7,10,4
Public Method,"org.apache.pdfbox.preflight.content.PreflightContentStream.validateText(byte[])",preflight/src/main/java/org/apache/pdfbox/preflight/content/PreflightContentStream.java,,,,,,,,,,,,,,,,,,,,,,,,,9,78,2,60,7,33,16,21,11,21,31,7,30,11,11,15,10,,,,,,3,,0,27,11,11,15,10
Public Method,"org.apache.pdfbox.preflight.content.PreflightContentStream.validateXObjContentStream(PDFormXObject)",preflight/src/main/java/org/apache/pdfbox/preflight/content/PreflightContentStream.java,,,,,,,,,,,,,,,,,,,,,,,,,6,30,0,22,1,9,8,7,4,4,7,1,6,4,4,4,1,,,,,,2,,0,36,4,4,4,1
Public Abstract Class,"org.apache.pdfbox.preflight.content.PreflightStreamEngine",preflight/src/main/java/org/apache/pdfbox/preflight/content/PreflightStreamEngine.java,3,3,5,2,28,1,22,4,1,74,2,,0,0,,,18,2,18,85,1,6,8,3,,587,49,420,57,263,118,,,170,229,53,200,,,,,9,9,26,5,2,4,80,0,28,60,58,103,40
Private Enum Type,"org.apache.pdfbox.preflight.content.PreflightStreamEngine.ColorSpaceType",preflight/src/main/java/org/apache/pdfbox/preflight/content/PreflightStreamEngine.java,0,0,0,0,0,0,0,0,1,1,0,,0,0,,,2,3,2,28,0,0,0,2,,4,0,4,2,0,0,,,0,1,1,0,,,,,0,0,0,0,1,0,,0,00,0,0,0,0
Public Implicit Method,"org.apache.pdfbox.preflight.content.PreflightStreamEngine.ColorSpaceType.valueOf()",preflight/src/main/java/org/apache/pdfbox/preflight/content/PreflightStreamEngine.java,,,,,,,,,,,,,,,,,,,,,,,,,,,,,,,,,,,,,,,,,,,,,,,,,0,00,0,0,0,0
Public Implicit Method,"org.apache.pdfbox.preflight.content.PreflightStreamEngine.ColorSpaceType.values()",preflight/src/main/java/org/apache/pdfbox/preflight/content/PreflightStreamEngine.java,,,,,,,,,,,,,,,,,,,,,,,,,,,,,,,,,,,,,,,,,,,,,,,,,0,00,0,0,0,0
Public Constructor,"org.apache.pdfbox.preflight.content.PreflightStreamEngine.PreflightStreamEngine(PreflightContext,PDPage)",preflight/src/main/java/org/apache/pdfbox/preflight/content/PreflightStreamEngine.java,,,,,,,,,,,,,,,,,,,,,,,,,43,102,18,78,1,75,6,5,1,75,76,1,75,1,1,1,1,,,,,,0,,0,08,1,1,1,1
Protected Method,"org.apache.pdfbox.preflight.content.PreflightStreamEngine.checkColorOperators(String)",preflight/src/main/java/org/apache/pdfbox/preflight/content/PreflightStreamEngine.java,,,,,,,,,,,,,,,,,,,,,,,,,22,42,1,34,2,25,7,4,4,6,10,2,9,4,4,17,3,,,,,,1,,0,21,4,4,17,3
Protected Method,"org.apache.pdfbox.preflight.content.PreflightStreamEngine.checkSetColorSpaceOperators(Operator,List<COSBase>)",preflight/src/main/java/org/apache/pdfbox/preflight/content/PreflightStreamEngine.java,,,,,,,,,,,,,,,,,,,,,,,,,9,70,5,54,10,32,11,16,20,21,29,10,25,8,8,9,5,,,,,,2,,0,20,8,8,9,5
Private Method,"org.apache.pdfbox.preflight.content.PreflightStreamEngine.getColorSpace(String)",preflight/src/main/java/org/apache/pdfbox/preflight/content/PreflightStreamEngine.java,,,,,,,,,,,,,,,,,,,,,,,,,2,19,1,16,1,7,2,5,3,3,6,1,5,3,3,8,3,,,,,,1,,0,12,3,3,8,3
Private Method,"org.apache.pdfbox.preflight.content.PreflightStreamEngine.getColorSpaceHelper(PDColorSpace)",preflight/src/main/java/org/apache/pdfbox/preflight/content/PreflightStreamEngine.java,,,,,,,,,,,,,,,,,,,,,,,,,4,6,0,6,3,3,0,4,1,3,4,3,3,1,1,1,1,,,,,,0,,0,00,1,1,1,1
Private Method,"org.apache.pdfbox.preflight.content.PreflightStreamEngine.isDeviceIndependent(PDColorSpace,ColorSpaceType)",preflight/src/main/java/org/apache/pdfbox/preflight/content/PreflightStreamEngine.java,,,,,,,,,,,,,,,,,,,,,,,,,7,22,0,22,2,11,0,3,5,6,10,2,9,5,4,5,5,,,,,,2,,0,00,5,4,5,5
Protected Method,"org.apache.pdfbox.preflight.content.PreflightStreamEngine.registerError(String,String)",preflight/src/main/java/org/apache/pdfbox/preflight/content/PreflightStreamEngine.java,,,,,,,,,,,,,,,,,,,,,,,,,12,12,0,4,1,1,8,1,1,1,2,1,1,1,1,1,1,,,,,,0,,2,00,1,1,1,1
Public Method,"org.apache.pdfbox.preflight.content.PreflightStreamEngine.registerError(String,String,Throwable)",preflight/src/main/java/org/apache/pdfbox/preflight/content/PreflightStreamEngine.java,,,,,,,,,,,,,,,,,,,,,,,,,5,4,0,4,1,1,0,1,1,1,2,1,1,1,1,1,1,,,,,,0,,0,00,1,1,1,1
Protected Method,"org.apache.pdfbox.preflight.content.PreflightStreamEngine.registerError(String,String,boolean)",preflight/src/main/java/org/apache/pdfbox/preflight/content/PreflightStreamEngine.java,,,,,,,,,,,,,,,,,,,,,,,,,3,4,0,4,1,1,0,1,1,1,2,1,1,1,1,1,1,,,,,,0,,0,00,1,1,1,1
Public Method,"org.apache.pdfbox.preflight.content.PreflightStreamEngine.registerError(String,String,boolean,Throwable)",preflight/src/main/java/org/apache/pdfbox/preflight/content/PreflightStreamEngine.java,,,,,,,,,,,,,,,,,,,,,,,,,7,7,0,7,3,3,0,3,1,3,4,2,3,1,1,1,1,,,,,,0,,0,00,1,1,1,1
Private Method,"org.apache.pdfbox.preflight.content.PreflightStreamEngine.toLongName(COSBase)",preflight/src/main/java/org/apache/pdfbox/preflight/content/PreflightStreamEngine.java,,,,,,,,,,,,,,,,,,,,,,,,,8,16,0,16,1,7,0,2,4,4,8,1,7,4,4,4,4,,,,,,1,,0,00,4,4,4,4
Private Method,"org.apache.pdfbox.preflight.content.PreflightStreamEngine.validColorSpace(PDColorSpace,ColorSpaceType)",preflight/src/main/java/org/apache/pdfbox/preflight/content/PreflightStreamEngine.java,,,,,,,,,,,,,,,,,,,,,,,,,3,13,0,13,2,5,0,3,2,2,4,1,3,2,2,3,1,,,,,,1,,0,00,2,2,3,1
Private Method,"org.apache.pdfbox.preflight.content.PreflightStreamEngine.validColorSpaceDestOutputProfile(ColorSpaceType)",preflight/src/main/java/org/apache/pdfbox/preflight/content/PreflightStreamEngine.java,,,,,,,,,,,,,,,,,,,,,,,,,7,26,1,25,3,13,0,5,5,6,10,2,9,5,4,5,5,,,,,,2,,0,00,5,4,5,5
Method,"org.apache.pdfbox.preflight.content.PreflightStreamEngine.validateDefaultColorSpace(Operator)",preflight/src/main/java/org/apache/pdfbox/preflight/content/PreflightStreamEngine.java,,,,,,,,,,,,,,,,,,,,,,,,,17,57,0,48,4,33,9,12,40,8,15,4,13,7,7,26,1,,,,,,2,,0,19,7,7,26,1
Protected Method,"org.apache.pdfbox.preflight.content.PreflightStreamEngine.validateInlineImageColorSpace(Operator)",preflight/src/main/java/org/apache/pdfbox/preflight/content/PreflightStreamEngine.java,,,,,,,,,,,,,,,,,,,,,,,,,8,68,4,52,11,31,12,19,20,22,31,11,27,9,9,11,4,,,,,,4,,0,23,9,9,11,4
Protected Method,"org.apache.pdfbox.preflight.content.PreflightStreamEngine.validateInlineImageFilter(Operator)",preflight/src/main/java/org/apache/pdfbox/preflight/content/PreflightStreamEngine.java,,,,,,,,,,,,,,,,,,,,,,,,,6,15,0,7,3,4,8,4,1,3,4,3,3,2,2,2,1,,,,,,0,,1,14,2,2,2,1
Protected Method,"org.apache.pdfbox.preflight.content.PreflightStreamEngine.validateNumberOfGraphicStates(Operator)",preflight/src/main/java/org/apache/pdfbox/preflight/content/PreflightStreamEngine.java,,,,,,,,,,,,,,,,,,,,,,,,,6,16,0,11,2,4,5,4,3,2,5,2,4,3,3,3,1,,,,,,2,,0,45,3,3,3,1
Protected Method,"org.apache.pdfbox.preflight.content.PreflightStreamEngine.validateRenderingIntent(Operator,List<COSBase>)",preflight/src/main/java/org/apache/pdfbox/preflight/content/PreflightStreamEngine.java,,,,,,,,,,,,,,,,,,,,,,,,,6,21,0,10,1,5,11,5,2,1,3,1,2,2,2,4,1,,,,,,1,,1,10,2,2,4,1
Public Class,"org.apache.pdfbox.preflight.content.StubOperator",preflight/src/main/java/org/apache/pdfbox/preflight/content/StubOperator.java,4,4,6,1,24,1,17,4,1,17,0,,0,8,,,10,1,10,28,0,7,0,3,,317,33,205,37,105,87,,,56,100,30,85,,,,,10,10,19,1,2,2,80,0,42,42,42,67,10
Public Constructor,"org.apache.pdfbox.preflight.content.StubOperator.StubOperator(String)",preflight/src/main/java/org/apache/pdfbox/preflight/content/StubOperator.java,,,,,,,,,,,,,,,,,,,,,,,,,2,4,0,4,1,1,0,2,1,1,2,1,1,1,1,1,1,,,,,,0,,0,00,1,1,1,1
Private Method,"org.apache.pdfbox.preflight.content.StubOperator.checkArrayOperands(List<COSBase>,int)",preflight/src/main/java/org/apache/pdfbox/preflight/content/StubOperator.java,,,,,,,,,,,,,,,,,,,,,,,,,5,29,2,20,2,9,7,6,10,6,11,3,9,5,5,7,1,,,,,,2,,0,35,5,5,7,1
Private Method,"org.apache.pdfbox.preflight.content.StubOperator.checkNoOperands(List<COSBase>)",preflight/src/main/java/org/apache/pdfbox/preflight/content/StubOperator.java,,,,,,,,,,,,,,,,,,,,,,,,,2,13,0,7,1,2,6,2,2,1,3,1,2,2,2,3,1,,,,,,1,,0,86,2,2,3,1
Private Method,"org.apache.pdfbox.preflight.content.StubOperator.checkNumberOperands(List<COSBase>,int)",preflight/src/main/java/org/apache/pdfbox/preflight/content/StubOperator.java,,,,,,,,,,,,,,,,,,,,,,,,,8,38,3,25,1,12,10,6,18,4,11,2,9,6,6,13,1,,,,,,2,,0,40,6,6,13,1
Private Method,"org.apache.pdfbox.preflight.content.StubOperator.checkStringOperands(List<COSBase>,int)",preflight/src/main/java/org/apache/pdfbox/preflight/content/StubOperator.java,,,,,,,,,,,,,,,,,,,,,,,,,8,33,3,23,2,10,7,9,18,7,13,3,11,6,6,11,1,,,,,,2,,0,30,6,6,11,1
Private Method,"org.apache.pdfbox.preflight.content.StubOperator.checkTagAndPropertyOperands(List<COSBase>)",preflight/src/main/java/org/apache/pdfbox/preflight/content/StubOperator.java,,,,,,,,,,,,,,,,,,,,,,,,,9,52,7,38,3,19,7,10,256,10,19,3,18,9,9,19,1,,,,,,1,,0,18,9,9,19,1
Private Method,"org.apache.pdfbox.preflight.content.StubOperator.createInvalidArgumentsError()",preflight/src/main/java/org/apache/pdfbox/preflight/content/StubOperator.java,,,,,,,,,,,,,,,,,,,,,,,,,6,11,0,6,2,3,5,3,1,3,4,2,3,1,1,1,1,,,,,,0,,0,83,1,1,1,1
Private Method,"org.apache.pdfbox.preflight.content.StubOperator.createLimitError(String,String)",preflight/src/main/java/org/apache/pdfbox/preflight/content/StubOperator.java,,,,,,,,,,,,,,,,,,,,,,,,,6,11,0,6,2,3,5,3,1,3,4,2,3,1,1,1,1,,,,,,0,,0,83,1,1,1,1
Public Method,"org.apache.pdfbox.preflight.content.StubOperator.getName()",preflight/src/main/java/org/apache/pdfbox/preflight/content/StubOperator.java,,,,,,,,,,,,,,,,,,,,,,,,,1,5,0,5,2,1,0,1,1,1,2,1,1,1,1,1,1,,,,,,0,,0,00,1,1,1,1
Public Method,"org.apache.pdfbox.preflight.content.StubOperator.process(Operator,List<COSBase>)",preflight/src/main/java/org/apache/pdfbox/preflight/content/StubOperator.java,,,,,,,,,,,,,,,,,,,,,,,,,11,44,0,42,3,20,2,10,10,11,21,2,20,10,10,10,1,,,,,,1,,0,05,10,10,10,1
Package,"org.apache.pdfbox.preflight.exception",preflight/src/main/java/org/apache/pdfbox/preflight/exception/MissingValidationProcessException.java,1,1,1,1,5,0,4,0,,,,3,0,1,3,,11,3,11,,0,0,0,11,,164,25,70,23,21,69,,,28,42,23,19,,,,,1,1,1,1,,0,,0,99,11,11,11,11
Public Class,"org.apache.pdfbox.preflight.exception.MissingValidationProcessException",preflight/src/main/java/org/apache/pdfbox/preflight/exception/MissingValidationProcessException.java,1,1,1,1,4,0,4,0,1,1,0,,0,0,,,2,1,2,54,0,0,0,2,,40,4,13,4,3,23,,,4,7,4,3,,,,,1,1,1,1,2,0,0,1,77,2,2,2,2
Public Constructor,"org.apache.pdfbox.preflight.exception.MissingValidationProcessException.MissingValidationProcessException(String)",preflight/src/main/java/org/apache/pdfbox/preflight/exception/MissingValidationProcessException.java,,,,,,,,,,,,,,,,,,,,,,,,,2,5,0,5,1,2,0,3,1,2,3,1,2,1,1,1,1,,,,,,0,,0,00,1,1,1,1
Public Method,"org.apache.pdfbox.preflight.exception.MissingValidationProcessException.getProcessName()",preflight/src/main/java/org/apache/pdfbox/preflight/exception/MissingValidationProcessException.java,,,,,,,,,,,,,,,,,,,,,,,,,1,4,0,4,1,1,0,1,1,1,2,1,1,1,1,1,1,,,,,,0,,0,00,1,1,1,1
Public Class,"org.apache.pdfbox.preflight.exception.SyntaxValidationException",preflight/src/main/java/org/apache/pdfbox/preflight/exception/SyntaxValidationException.java,1,1,1,1,4,0,4,0,1,2,0,,0,0,,,4,1,4,56,0,0,0,4,,49,6,23,6,7,20,,,8,13,6,7,,,,,1,1,1,1,2,0,0,0,87,4,4,4,4
Public Constructor,"org.apache.pdfbox.preflight.exception.SyntaxValidationException.SyntaxValidationException(String,Throwable,ValidationResult)",preflight/src/main/java/org/apache/pdfbox/preflight/exception/SyntaxValidationException.java,,,,,,,,,,,,,,,,,,,,,,,,,3,5,0,5,1,2,0,3,1,2,3,1,2,1,1,1,1,,,,,,0,,0,00,1,1,1,1
Public Constructor,"org.apache.pdfbox.preflight.exception.SyntaxValidationException.SyntaxValidationException(String,ValidationResult)",preflight/src/main/java/org/apache/pdfbox/preflight/exception/SyntaxValidationException.java,,,,,,,,,,,,,,,,,,,,,,,,,4,5,0,5,1,2,0,3,1,2,3,1,2,1,1,1,1,,,,,,0,,0,00,1,1,1,1
Public Constructor,"org.apache.pdfbox.preflight.exception.SyntaxValidationException.SyntaxValidationException(Throwable,ValidationResult)",preflight/src/main/java/org/apache/pdfbox/preflight/exception/SyntaxValidationException.java,,,,,,,,,,,,,,,,,,,,,,,,,3,5,0,5,1,2,0,3,1,2,3,1,2,1,1,1,1,,,,,,0,,0,00,1,1,1,1
Public Method,"org.apache.pdfbox.preflight.exception.SyntaxValidationException.getResult()",preflight/src/main/java/org/apache/pdfbox/preflight/exception/SyntaxValidationException.java,,,,,,,,,,,,,,,,,,,,,,,,,2,4,0,4,1,1,0,1,1,1,2,1,1,1,1,1,1,,,,,,0,,0,00,1,1,1,1
Public Class,"org.apache.pdfbox.preflight.exception.ValidationException",preflight/src/main/java/org/apache/pdfbox/preflight/exception/ValidationException.java,1,1,1,1,5,0,4,0,1,2,3,,0,1,,,5,1,5,52,0,0,0,5,,61,7,28,8,11,26,,,11,17,8,9,,,,,1,1,1,1,1,0,60,0,93,5,5,5,5
Public Constructor,"org.apache.pdfbox.preflight.exception.ValidationException.ValidationException(String)",preflight/src/main/java/org/apache/pdfbox/preflight/exception/ValidationException.java,,,,,,,,,,,,,,,,,,,,,,,,,12,4,0,4,1,1,0,2,1,1,2,1,1,1,1,1,1,,,,,,0,,0,00,1,1,1,1
Public Constructor,"org.apache.pdfbox.preflight.exception.ValidationException.ValidationException(String,Throwable)",preflight/src/main/java/org/apache/pdfbox/preflight/exception/ValidationException.java,,,,,,,,,,,,,,,,,,,,,,,,,13,5,0,5,1,2,0,3,1,2,3,1,2,1,1,1,1,,,,,,0,,0,00,1,1,1,1
Public Constructor,"org.apache.pdfbox.preflight.exception.ValidationException.ValidationException(String,Throwable,Integer)",preflight/src/main/java/org/apache/pdfbox/preflight/exception/ValidationException.java,,,,,,,,,,,,,,,,,,,,,,,,,3,6,0,6,1,3,0,4,1,3,4,1,3,1,1,1,1,,,,,,0,,0,00,1,1,1,1
Public Constructor,"org.apache.pdfbox.preflight.exception.ValidationException.ValidationException(Throwable)",preflight/src/main/java/org/apache/pdfbox/preflight/exception/ValidationException.java,,,,,,,,,,,,,,,,,,,,,,,,,2,5,0,5,1,2,0,3,1,2,3,1,2,1,1,1,1,,,,,,0,,0,00,1,1,1,1
Public Method,"org.apache.pdfbox.preflight.exception.ValidationException.getPageNumber()",preflight/src/main/java/org/apache/pdfbox/preflight/exception/ValidationException.java,,,,,,,,,,,,,,,,,,,,,,,,,1,7,0,4,1,1,3,1,1,1,2,1,1,1,1,1,1,,,,,,0,,0,75,1,1,1,1
Package,"org.apache.pdfbox.preflight.font",preflight/src/main/java/org/apache/pdfbox/preflight/font/CIDType0FontValidator.java,2,2,3,1,19,0,14,4,,,,9,0,0,9,,52,8,52,,0,10,27,15,,1392,122,884,295,381,386,,,388,522,283,309,,,,,9,9,10,8,,5,,0,44,126,126,148,72
Public Class,"org.apache.pdfbox.preflight.font.CIDType0FontValidator",preflight/src/main/java/org/apache/pdfbox/preflight/font/CIDType0FontValidator.java,1,1,1,1,4,0,4,0,1,6,0,,0,0,,,3,0,3,30,0,0,2,1,,40,3,17,6,3,20,,,3,7,4,3,,,,,1,1,1,1,4,0,0,1,18,3,3,3,3
Public Constructor,"org.apache.pdfbox.preflight.font.CIDType0FontValidator.CIDType0FontValidator(PreflightContext,PDCIDFontType0)",preflight/src/main/java/org/apache/pdfbox/preflight/font/CIDType0FontValidator.java,,,,,,,,,,,,,,,,,,,,,,,,,3,4,0,4,1,1,0,3,1,1,2,1,1,1,1,1,1,,,,,,0,,0,00,1,1,1,1
Protected Method,"org.apache.pdfbox.preflight.font.CIDType0FontValidator.checkCIDToGIDMap(COSBase)",preflight/src/main/java/org/apache/pdfbox/preflight/font/CIDType0FontValidator.java,,,,,,,,,,,,,,,,,,,,,,,,,1,5,0,5,2,1,0,1,1,1,2,1,1,1,1,1,1,,,,,,0,,0,00,1,1,1,1
Protected Method,"org.apache.pdfbox.preflight.font.CIDType0FontValidator.createFontDescriptorHelper()",preflight/src/main/java/org/apache/pdfbox/preflight/font/CIDType0FontValidator.java,,,,,,,,,,,,,,,,,,,,,,,,,3,5,0,5,2,1,0,2,1,1,2,1,1,1,1,1,1,,,,,,0,,0,00,1,1,1,1
Public Class,"org.apache.pdfbox.preflight.font.CIDType2FontValidator",preflight/src/main/java/org/apache/pdfbox/preflight/font/CIDType2FontValidator.java,1,1,1,1,4,0,4,0,1,6,0,,0,0,,,3,0,3,30,0,0,2,1,,39,2,17,6,3,20,,,3,7,4,3,,,,,1,1,1,1,4,0,0,1,18,3,3,3,3
Public Constructor,"org.apache.pdfbox.preflight.font.CIDType2FontValidator.CIDType2FontValidator(PreflightContext,PDCIDFontType2)",preflight/src/main/java/org/apache/pdfbox/preflight/font/CIDType2FontValidator.java,,,,,,,,,,,,,,,,,,,,,,,,,3,4,0,4,1,1,0,3,1,1,2,1,1,1,1,1,1,,,,,,0,,0,00,1,1,1,1
Protected Method,"org.apache.pdfbox.preflight.font.CIDType2FontValidator.checkCIDToGIDMap(COSBase)",preflight/src/main/java/org/apache/pdfbox/preflight/font/CIDType2FontValidator.java,,,,,,,,,,,,,,,,,,,,,,,,,1,5,0,5,2,1,0,1,1,1,2,1,1,1,1,1,1,,,,,,0,,0,00,1,1,1,1
Protected Method,"org.apache.pdfbox.preflight.font.CIDType2FontValidator.createFontDescriptorHelper()",preflight/src/main/java/org/apache/pdfbox/preflight/font/CIDType2FontValidator.java,,,,,,,,,,,,,,,,,,,,,,,,,3,5,0,5,2,1,0,2,1,1,2,1,1,1,1,1,1,,,,,,0,,0,00,1,1,1,1
Public Abstract Generic Class,"org.apache.pdfbox.preflight.font.DescendantFontValidator",preflight/src/main/java/org/apache/pdfbox/preflight/font/DescendantFontValidator.java,3,3,3,1,24,0,16,6,1,15,2,,0,0,,,5,0,5,27,0,0,4,1,,132,8,70,12,33,54,,,20,33,11,27,,,,,6,6,6,1,3,2,0,0,77,12,12,14,4
Public Constructor,"org.apache.pdfbox.preflight.font.DescendantFontValidator.DescendantFontValidator(PreflightContext,PDCIDFont,T)",preflight/src/main/java/org/apache/pdfbox/preflight/font/DescendantFontValidator.java,,,,,,,,,,,,,,,,,,,,,,,,,5,4,0,4,1,1,0,3,1,1,2,1,1,1,1,1,1,,,,,,0,,0,00,1,1,1,1
TypeVariable,"org.apache.pdfbox.preflight.font.DescendantFontValidator.T",preflight/src/main/java/org/apache/pdfbox/preflight/font/DescendantFontValidator.java,0,0,0,0,0,0,0,0,0,1,0,,0,0,,,0,0,0,0,0,0,0,0,,0,0,0,0,0,0,,,0,0,0,0,,,,,0,0,0,0,0,0,0,0,00,0,0,0,0
Protected Method,"org.apache.pdfbox.preflight.font.DescendantFontValidator.checkCIDSystemInfo(COSDictionary)",preflight/src/main/java/org/apache/pdfbox/preflight/font/DescendantFontValidator.java,,,,,,,,,,,,,,,,,,,,,,,,,7,28,1,17,4,8,10,4,3,5,8,4,7,3,3,5,1,,,,,,2,,0,59,3,3,5,1
Protected Abstract Method,"org.apache.pdfbox.preflight.font.DescendantFontValidator.checkCIDToGIDMap(COSBase)",preflight/src/main/java/org/apache/pdfbox/preflight/font/DescendantFontValidator.java,,,,,,,,,,,,,,,,,,,,,,,,,1,8,0,1,1,0,7,0,0,1,1,1,0,0,0,0,0,,,,,,0,,7,00,0,0,0,0
Protected Method,"org.apache.pdfbox.preflight.font.DescendantFontValidator.checkCIDToGIDMap(COSBase,boolean)",preflight/src/main/java/org/apache/pdfbox/preflight/font/DescendantFontValidator.java,,,,,,,,,,,,,,,,,,,,,,,,,9,46,0,29,2,14,17,7,6,5,11,2,10,6,6,6,1,,,,,,2,,0,59,6,6,6,1
Protected Method,"org.apache.pdfbox.preflight.font.DescendantFontValidator.checkMandatoryField()",preflight/src/main/java/org/apache/pdfbox/preflight/font/DescendantFontValidator.java,,,,,,,,,,,,,,,,,,,,,,,,,10,18,2,16,3,10,0,8,2,8,10,2,9,2,2,2,1,,,,,,1,,0,00,2,2,2,1
Public Abstract Generic Class,"org.apache.pdfbox.preflight.font.FontValidator",preflight/src/main/java/org/apache/pdfbox/preflight/font/FontValidator.java,1,1,1,1,4,0,4,0,1,4,3,,0,0,,,5,3,5,17,0,0,2,3,,52,6,24,9,5,22,,,9,14,9,5,,,,,1,1,1,1,1,0,75,0,92,4,4,4,4
Public Constructor,"org.apache.pdfbox.preflight.font.FontValidator.FontValidator(PreflightContext,COSDictionary,T)",preflight/src/main/java/org/apache/pdfbox/preflight/font/FontValidator.java,,,,,,,,,,,,,,,,,,,,,,,,,7,7,0,7,1,4,0,5,1,4,5,1,4,1,1,1,1,,,,,,0,,0,00,1,1,1,1
TypeVariable,"org.apache.pdfbox.preflight.font.FontValidator.T",preflight/src/main/java/org/apache/pdfbox/preflight/font/FontValidator.java,0,0,0,0,0,0,0,0,0,1,0,,0,0,,,0,0,0,0,0,0,0,0,,0,0,0,0,0,0,,,0,0,0,0,,,,,0,0,0,0,0,0,0,0,00,0,0,0,0
Protected Method,"org.apache.pdfbox.preflight.font.FontValidator.checkEncoding()",preflight/src/main/java/org/apache/pdfbox/preflight/font/FontValidator.java,,,,,,,,,,,,,,,,,,,,,,,,,1,4,0,3,1,0,1,0,1,0,1,1,0,1,1,1,1,,,,,,0,,0,33,1,1,1,1
Protected Method,"org.apache.pdfbox.preflight.font.FontValidator.checkToUnicode()",preflight/src/main/java/org/apache/pdfbox/preflight/font/FontValidator.java,,,,,,,,,,,,,,,,,,,,,,,,,3,4,0,3,1,0,1,0,1,0,1,1,0,1,1,1,1,,,,,,0,,0,33,1,1,1,1
Public Method,"org.apache.pdfbox.preflight.font.FontValidator.getFontContainer()",preflight/src/main/java/org/apache/pdfbox/preflight/font/FontValidator.java,,,,,,,,,,,,,,,,,,,,,,,,,2,4,0,4,1,1,0,1,1,1,2,1,1,1,1,1,1,,,,,,0,,0,00,1,1,1,1
Public Abstract Method,"org.apache.pdfbox.preflight.font.FontValidator.validate()",preflight/src/main/java/org/apache/pdfbox/preflight/font/FontValidator.java,,,,,,,,,,,,,,,,,,,,,,,,,2,1,0,1,1,0,0,0,0,1,1,1,0,0,0,0,0,,,,,,0,,0,00,0,0,0,0
Public Abstract Generic Class,"org.apache.pdfbox.preflight.font.SimpleFontValidator",preflight/src/main/java/org/apache/pdfbox/preflight/font/SimpleFontValidator.java,2,2,2,1,19,0,16,2,1,11,3,,0,0,,,5,2,5,22,0,0,3,2,,107,8,71,16,38,28,,,32,44,15,35,,,,,8,8,8,1,2,1,50,0,39,11,11,11,4
Public Constructor,"org.apache.pdfbox.preflight.font.SimpleFontValidator.SimpleFontValidator(PreflightContext,PDFontLike,COSDictionary,T)",preflight/src/main/java/org/apache/pdfbox/preflight/font/SimpleFontValidator.java,,,,,,,,,,,,,,,,,,,,,,,,,7,6,0,6,1,3,0,4,1,3,4,1,3,1,1,1,1,,,,,,0,,0,00,1,1,1,1
TypeVariable,"org.apache.pdfbox.preflight.font.SimpleFontValidator.T",preflight/src/main/java/org/apache/pdfbox/preflight/font/SimpleFontValidator.java,0,0,0,0,0,0,0,0,0,1,0,,0,0,,,0,0,0,0,0,0,0,0,,0,0,0,0,0,0,,,0,0,0,0,,,,,0,0,0,0,0,0,0,0,00,0,0,0,0
Protected Method,"org.apache.pdfbox.preflight.font.SimpleFontValidator.checkMandatoryField()",preflight/src/main/java/org/apache/pdfbox/preflight/font/SimpleFontValidator.java,,,,,,,,,,,,,,,,,,,,,,,,,11,47,1,46,8,29,0,6,128,20,28,8,26,8,8,8,1,,,,,,1,,0,00,8,8,8,1
Protected Abstract Method,"org.apache.pdfbox.preflight.font.SimpleFontValidator.createFontDescriptorHelper()",preflight/src/main/java/org/apache/pdfbox/preflight/font/SimpleFontValidator.java,,,,,,,,,,,,,,,,,,,,,,,,,1,1,0,1,1,0,0,0,0,1,1,1,0,0,0,0,0,,,,,,0,,0,00,0,0,0,0
Protected Method,"org.apache.pdfbox.preflight.font.SimpleFontValidator.processFontDescriptorValidation()",preflight/src/main/java/org/apache/pdfbox/preflight/font/SimpleFontValidator.java,,,,,,,,,,,,,,,,,,,,,,,,,2,4,0,4,1,1,0,1,1,1,2,1,1,1,1,1,1,,,,,,0,,0,00,1,1,1,1
Public Method,"org.apache.pdfbox.preflight.font.SimpleFontValidator.validate()",preflight/src/main/java/org/apache/pdfbox/preflight/font/SimpleFontValidator.java,,,,,,,,,,,,,,,,,,,,,,,,,0,19,2,9,2,5,8,5,1,5,6,1,5,1,1,1,1,,,,,,0,,0,89,1,1,1,1
Public Class,"org.apache.pdfbox.preflight.font.TrueTypeFontValidator",preflight/src/main/java/org/apache/pdfbox/preflight/font/TrueTypeFontValidator.java,2,2,3,1,13,0,10,2,1,16,0,,0,0,,,3,0,3,25,0,0,2,1,,66,4,35,9,13,27,,,7,15,7,10,,,,,5,5,7,1,3,3,0,0,77,7,7,9,3
Public Constructor,"org.apache.pdfbox.preflight.font.TrueTypeFontValidator.TrueTypeFontValidator(PreflightContext,PDTrueTypeFont)",preflight/src/main/java/org/apache/pdfbox/preflight/font/TrueTypeFontValidator.java,,,,,,,,,,,,,,,,,,,,,,,,,3,4,0,4,1,1,0,4,1,1,2,1,1,1,1,1,1,,,,,,0,,0,00,1,1,1,1
Protected Method,"org.apache.pdfbox.preflight.font.TrueTypeFontValidator.checkEncoding()",preflight/src/main/java/org/apache/pdfbox/preflight/font/TrueTypeFontValidator.java,,,,,,,,,,,,,,,,,,,,,,,,,5,32,2,23,5,11,7,8,7,5,10,4,8,5,5,7,1,,,,,,3,,0,30,5,5,7,1
Protected Method,"org.apache.pdfbox.preflight.font.TrueTypeFontValidator.createFontDescriptorHelper()",preflight/src/main/java/org/apache/pdfbox/preflight/font/TrueTypeFontValidator.java,,,,,,,,,,,,,,,,,,,,,,,,,3,5,0,5,2,1,0,2,1,1,2,1,1,1,1,1,1,,,,,,0,,0,00,1,1,1,1
Public Class,"org.apache.pdfbox.preflight.font.Type0FontValidator",preflight/src/main/java/org/apache/pdfbox/preflight/font/Type0FontValidator.java,2,2,3,1,23,1,17,5,1,26,0,,0,0,,,12,1,12,29,0,2,8,2,,322,26,208,47,114,88,,,75,108,44,92,,,,,6,6,9,3,2,2,16,0,42,33,33,43,14
Public Constructor,"org.apache.pdfbox.preflight.font.Type0FontValidator.Type0FontValidator(PreflightContext,PDFont)",preflight/src/main/java/org/apache/pdfbox/preflight/font/Type0FontValidator.java,,,,,,,,,,,,,,,,,,,,,,,,,3,5,0,5,1,2,0,5,1,2,3,1,2,1,1,1,1,,,,,,0,,0,00,1,1,1,1
Protected Method,"org.apache.pdfbox.preflight.font.Type0FontValidator.checkCIDSystemInfo(COSDictionary)",preflight/src/main/java/org/apache/pdfbox/preflight/font/Type0FontValidator.java,,,,,,,,,,,,,,,,,,,,,,,,,7,34,2,21,5,12,11,5,3,9,12,5,10,3,3,5,1,,,,,,2,,0,52,3,3,5,1
Protected Method,"org.apache.pdfbox.preflight.font.Type0FontValidator.checkCMapEncoding(COSBase)",preflight/src/main/java/org/apache/pdfbox/preflight/font/Type0FontValidator.java,,,,,,,,,,,,,,,,,,,,,,,,,9,29,0,23,3,12,6,7,4,4,8,2,7,5,5,7,1,,,,,,2,,0,26,5,5,7,1
Protected Method,"org.apache.pdfbox.preflight.font.Type0FontValidator.checkEncoding()",preflight/src/main/java/org/apache/pdfbox/preflight/font/Type0FontValidator.java,,,,,,,,,,,,,,,,,,,,,,,,,3,12,0,6,3,2,6,3,1,2,3,2,2,1,1,1,1,,,,,,0,,1,00,1,1,1,1
Protected Method,"org.apache.pdfbox.preflight.font.Type0FontValidator.checkMandatoryFields()",preflight/src/main/java/org/apache/pdfbox/preflight/font/Type0FontValidator.java,,,,,,,,,,,,,,,,,,,,,,,,,9,19,1,14,3,9,4,5,2,7,9,3,8,2,2,2,1,,,,,,1,,0,29,2,2,2,1
Private Method,"org.apache.pdfbox.preflight.font.Type0FontValidator.compareCIDSystemInfo(COSDictionary)",preflight/src/main/java/org/apache/pdfbox/preflight/font/Type0FontValidator.java,,,,,,,,,,,,,,,,,,,,,,,,,9,29,3,20,10,13,6,10,3,10,13,10,12,3,3,5,1,,,,,,2,,0,30,3,3,5,1
Protected Method,"org.apache.pdfbox.preflight.font.Type0FontValidator.createCIDType0FontValidator(COSDictionary)",preflight/src/main/java/org/apache/pdfbox/preflight/font/Type0FontValidator.java,,,,,,,,,,,,,,,,,,,,,,,,,7,16,0,13,1,6,3,6,2,3,5,1,4,2,2,2,1,,,,,,1,,0,23,2,2,2,1
Protected Method,"org.apache.pdfbox.preflight.font.Type0FontValidator.createCIDType2FontValidator(COSDictionary)",preflight/src/main/java/org/apache/pdfbox/preflight/font/Type0FontValidator.java,,,,,,,,,,,,,,,,,,,,,,,,,7,19,0,13,1,6,6,6,2,3,5,1,4,2,2,2,1,,,,,,1,,0,46,2,2,2,1
Protected Method,"org.apache.pdfbox.preflight.font.Type0FontValidator.createDescendantValidator(COSDictionary)",preflight/src/main/java/org/apache/pdfbox/preflight/font/Type0FontValidator.java,,,,,,,,,,,,,,,,,,,,,,,,,8,19,0,19,3,10,0,8,3,6,9,3,7,3,3,3,1,,,,,,1,,0,00,3,3,3,1
Private Method,"org.apache.pdfbox.preflight.font.Type0FontValidator.processCMapAsStream(COSStream)",preflight/src/main/java/org/apache/pdfbox/preflight/font/Type0FontValidator.java,,,,,,,,,,,,,,,,,,,,,,,,,14,56,4,38,8,23,14,19,10,14,20,8,19,6,6,9,1,,,,,,2,,0,37,6,6,9,1
Protected Method,"org.apache.pdfbox.preflight.font.Type0FontValidator.processDescendantFont()",preflight/src/main/java/org/apache/pdfbox/preflight/font/Type0FontValidator.java,,,,,,,,,,,,,,,,,,,,,,,,,5,38,2,24,5,15,12,11,4,10,14,5,13,4,4,5,3,,,,,,1,,0,50,4,4,5,3
Public Method,"org.apache.pdfbox.preflight.font.Type0FontValidator.validate()",preflight/src/main/java/org/apache/pdfbox/preflight/font/Type0FontValidator.java,,,,,,,,,,,,,,,,,,,,,,,,,0,10,2,8,2,4,0,4,1,4,5,1,4,1,1,1,1,,,,,,0,,0,00,1,1,1,1
Public Class,"org.apache.pdfbox.preflight.font.Type1FontValidator",preflight/src/main/java/org/apache/pdfbox/preflight/font/Type1FontValidator.java,2,2,3,1,11,0,11,0,1,12,0,,0,0,,,3,0,3,25,0,0,2,1,,61,3,38,8,16,20,,,6,14,6,9,,,,,5,5,9,1,3,3,0,0,53,7,7,11,3
Public Constructor,"org.apache.pdfbox.preflight.font.Type1FontValidator.Type1FontValidator(PreflightContext,PDSimpleFont)",preflight/src/main/java/org/apache/pdfbox/preflight/font/Type1FontValidator.java,,,,,,,,,,,,,,,,,,,,,,,,,3,4,0,4,1,1,0,4,1,1,2,1,1,1,1,1,1,,,,,,0,,0,00,1,1,1,1
Protected Method,"org.apache.pdfbox.preflight.font.Type1FontValidator.checkEncoding()",preflight/src/main/java/org/apache/pdfbox/preflight/font/Type1FontValidator.java,,,,,,,,,,,,,,,,,,,,,,,,,9,26,0,26,4,14,0,4,5,4,9,3,7,5,5,9,1,,,,,,3,,0,00,5,5,9,1
Protected Method,"org.apache.pdfbox.preflight.font.Type1FontValidator.createFontDescriptorHelper()",preflight/src/main/java/org/apache/pdfbox/preflight/font/Type1FontValidator.java,,,,,,,,,,,,,,,,,,,,,,,,,3,5,0,5,2,1,0,2,1,1,2,1,1,1,1,1,1,,,,,,0,,0,00,1,1,1,1
Public Class,"org.apache.pdfbox.preflight.font.Type3FontValidator",preflight/src/main/java/org/apache/pdfbox/preflight/font/Type3FontValidator.java,3,3,3,2,28,1,20,6,1,35,0,,0,0,,,13,2,13,30,0,8,2,3,,412,29,276,54,156,107,,,105,152,55,125,,,,,9,9,10,8,2,5,42,0,39,46,46,50,34
Public Constructor,"org.apache.pdfbox.preflight.font.Type3FontValidator.Type3FontValidator(PreflightContext,PDType3Font)",preflight/src/main/java/org/apache/pdfbox/preflight/font/Type3FontValidator.java,,,,,,,,,,,,,,,,,,,,,,,,,3,6,0,6,1,3,0,6,1,3,4,1,3,1,1,1,1,,,,,,0,,0,00,1,1,1,1
Private Method,"org.apache.pdfbox.preflight.font.Type3FontValidator.checkCharProcsAndMetrics()",preflight/src/main/java/org/apache/pdfbox/preflight/font/Type3FontValidator.java,,,,,,,,,,,,,,,,,,,,,,,,,13,90,5,63,12,40,22,20,9,24,32,12,28,9,9,10,8,,,,,,4,,0,35,9,9,10,8
Protected Method,"org.apache.pdfbox.preflight.font.Type3FontValidator.checkEncoding()",preflight/src/main/java/org/apache/pdfbox/preflight/font/Type3FontValidator.java,,,,,,,,,,,,,,,,,,,,,,,,,6,35,0,18,3,8,17,7,3,4,7,2,6,3,3,3,1,,,,,,1,,0,94,3,3,3,1
Private Method,"org.apache.pdfbox.preflight.font.Type3FontValidator.checkEncodingAsDictionary(COSDictionary)",preflight/src/main/java/org/apache/pdfbox/preflight/font/Type3FontValidator.java,,,,,,,,,,,,,,,,,,,,,,,,,6,42,2,28,4,15,12,8,10,10,16,5,13,6,6,7,5,,,,,,3,,0,43,6,6,7,5
Private Method,"org.apache.pdfbox.preflight.font.Type3FontValidator.checkEncodingAsString(String)",preflight/src/main/java/org/apache/pdfbox/preflight/font/Type3FontValidator.java,,,,,,,,,,,,,,,,,,,,,,,,,5,16,0,9,2,4,7,4,2,2,4,2,3,2,2,2,1,,,,,,1,,0,78,2,2,2,1
Private Method,"org.apache.pdfbox.preflight.font.Type3FontValidator.checkFontBBox()",preflight/src/main/java/org/apache/pdfbox/preflight/font/Type3FontValidator.java,,,,,,,,,,,,,,,,,,,,,,,,,6,37,3,27,4,16,7,6,5,11,16,5,13,5,5,6,5,,,,,,2,,0,26,5,5,6,5
Private Method,"org.apache.pdfbox.preflight.font.Type3FontValidator.checkFontMatrix()",preflight/src/main/java/org/apache/pdfbox/preflight/font/Type3FontValidator.java,,,,,,,,,,,,,,,,,,,,,,,,,6,36,3,27,4,16,6,6,5,11,16,5,13,5,5,6,5,,,,,,2,,0,22,5,5,6,5
Protected Method,"org.apache.pdfbox.preflight.font.Type3FontValidator.checkMandatoryField()",preflight/src/main/java/org/apache/pdfbox/preflight/font/Type3FontValidator.java,,,,,,,,,,,,,,,,,,,,,,,,,12,16,1,15,2,10,0,4,2,8,10,2,9,2,2,2,1,,,,,,1,,0,00,2,2,2,1
Private Method,"org.apache.pdfbox.preflight.font.Type3FontValidator.checkResources()",preflight/src/main/java/org/apache/pdfbox/preflight/font/Type3FontValidator.java,,,,,,,,,,,,,,,,,,,,,,,,,12,51,2,40,8,23,9,15,7,12,20,9,17,7,7,7,3,,,,,,5,,0,23,7,7,7,3
Private Method,"org.apache.pdfbox.preflight.font.Type3FontValidator.getCharProc(int)",preflight/src/main/java/org/apache/pdfbox/preflight/font/Type3FontValidator.java,,,,,,,,,,,,,,,,,,,,,,,,,5,13,0,11,4,6,2,7,2,4,6,3,5,2,2,2,1,,,,,,1,,0,18,2,2,2,1
Private Method,"org.apache.pdfbox.preflight.font.Type3FontValidator.getWidthFromCharProc(PDType3CharProc)",preflight/src/main/java/org/apache/pdfbox/preflight/font/Type3FontValidator.java,,,,,,,,,,,,,,,,,,,,,,,,,3,12,0,7,3,4,5,6,1,4,5,3,4,1,1,1,1,,,,,,0,,0,71,1,1,1,1
Public Method,"org.apache.pdfbox.preflight.font.Type3FontValidator.getWidths(PDFont)",preflight/src/main/java/org/apache/pdfbox/preflight/font/Type3FontValidator.java,,,,,,,,,,,,,,,,,,,,,,,,,3,9,0,9,2,4,0,5,2,3,5,2,4,2,2,2,1,,,,,,1,,0,00,2,2,2,1
Public Method,"org.apache.pdfbox.preflight.font.Type3FontValidator.validate()",preflight/src/main/java/org/apache/pdfbox/preflight/font/Type3FontValidator.java,,,,,,,,,,,,,,,,,,,,,,,,,0,11,0,11,2,7,0,7,1,7,8,1,7,1,1,1,1,,,,,,0,,0,00,1,1,1,1
Package,"org.apache.pdfbox.preflight.font.container",preflight/src/main/java/org/apache/pdfbox/preflight/font/container/CIDType0Container.java,1,1,1,1,7,0,6,0,,,,7,0,0,7,,31,6,31,,0,2,1,28,,489,54,250,96,74,185,,,91,138,85,63,,,,,4,4,4,1,,2,,0,74,40,40,42,30
Public Class,"org.apache.pdfbox.preflight.font.container.CIDType0Container",preflight/src/main/java/org/apache/pdfbox/preflight/font/container/CIDType0Container.java,1,1,1,1,4,0,4,0,1,3,0,,0,0,,,2,0,2,29,0,0,0,2,,33,1,12,4,2,20,,,2,5,3,2,,,,,1,1,1,1,2,0,0,1,67,2,2,2,2
Public Constructor,"org.apache.pdfbox.preflight.font.container.CIDType0Container.CIDType0Container(PDCIDFontType0)",preflight/src/main/java/org/apache/pdfbox/preflight/font/container/CIDType0Container.java,,,,,,,,,,,,,,,,,,,,,,,,,2,4,0,4,1,1,0,2,1,1,2,1,1,1,1,1,1,,,,,,0,,0,00,1,1,1,1
Public Method,"org.apache.pdfbox.preflight.font.container.CIDType0Container.hasGlyph(int)",preflight/src/main/java/org/apache/pdfbox/preflight/font/container/CIDType0Container.java,,,,,,,,,,,,,,,,,,,,,,,,,2,5,0,5,2,1,0,2,1,1,2,1,1,1,1,1,1,,,,,,0,,0,00,1,1,1,1
Public Class,"org.apache.pdfbox.preflight.font.container.CIDType2Container",preflight/src/main/java/org/apache/pdfbox/preflight/font/container/CIDType2Container.java,1,1,1,1,4,0,4,0,1,3,0,,0,0,,,2,0,2,29,0,0,0,2,,33,1,12,4,2,20,,,2,5,3,2,,,,,1,1,1,1,2,0,0,1,67,2,2,2,2
Public Constructor,"org.apache.pdfbox.preflight.font.container.CIDType2Container.CIDType2Container(PDCIDFontType2)",preflight/src/main/java/org/apache/pdfbox/preflight/font/container/CIDType2Container.java,,,,,,,,,,,,,,,,,,,,,,,,,2,4,0,4,1,1,0,2,1,1,2,1,1,1,1,1,1,,,,,,0,,0,00,1,1,1,1
Public Method,"org.apache.pdfbox.preflight.font.container.CIDType2Container.hasGlyph(int)",preflight/src/main/java/org/apache/pdfbox/preflight/font/container/CIDType2Container.java,,,,,,,,,,,,,,,,,,,,,,,,,2,5,0,5,2,1,0,2,1,1,2,1,1,1,1,1,1,,,,,,0,,0,00,1,1,1,1
Public Abstract Generic Class,"org.apache.pdfbox.preflight.font.container.FontContainer",preflight/src/main/java/org/apache/pdfbox/preflight/font/container/FontContainer.java,1,1,1,1,8,0,6,1,1,12,6,,0,0,,,15,5,15,27,0,2,1,12,,184,20,103,29,44,61,,,34,54,27,34,,,,,4,4,4,1,1,2,80,0,59,19,19,20,14
Public Constructor,"org.apache.pdfbox.preflight.font.container.FontContainer.FontContainer(T)",preflight/src/main/java/org/apache/pdfbox/preflight/font/container/FontContainer.java,,,,,,,,,,,,,,,,,,,,,,,,,7,4,0,4,1,1,0,2,1,1,2,1,1,1,1,1,1,,,,,,0,,0,00,1,1,1,1
TypeVariable,"org.apache.pdfbox.preflight.font.container.FontContainer.T",preflight/src/main/java/org/apache/pdfbox/preflight/font/container/FontContainer.java,0,0,0,0,0,0,0,0,1,1,0,,0,0,,,0,0,0,0,0,0,0,0,,0,0,0,0,0,0,,,0,0,0,0,,,,,0,0,0,0,1,0,0,0,00,0,0,0,0
Public Method,"org.apache.pdfbox.preflight.font.container.FontContainer.checkGlyphWidth(int)",preflight/src/main/java/org/apache/pdfbox/preflight/font/container/FontContainer.java,,,,,,,,,,,,,,,,,,,,,,,,,6,37,2,27,5,16,8,10,4,8,12,4,11,4,4,4,1,,,,,,2,,0,30,4,4,4,1
Private Method,"org.apache.pdfbox.preflight.font.container.FontContainer.checkWidthsConsistency(int,float,float)",preflight/src/main/java/org/apache/pdfbox/preflight/font/container/FontContainer.java,,,,,,,,,,,,,,,,,,,,,,,,,6,23,0,12,3,7,11,5,2,4,6,2,5,2,2,2,1,,,,,,1,,0,92,2,2,2,1
Public Method,"org.apache.pdfbox.preflight.font.container.FontContainer.errorsAleadyMerged()",preflight/src/main/java/org/apache/pdfbox/preflight/font/container/FontContainer.java,,,,,,,,,,,,,,,,,,,,,,,,,2,4,0,4,1,1,0,1,1,1,2,1,1,1,1,1,1,,,,,,0,,0,00,1,1,1,1
Public Method,"org.apache.pdfbox.preflight.font.container.FontContainer.getAllErrors()",preflight/src/main/java/org/apache/pdfbox/preflight/font/container/FontContainer.java,,,,,,,,,,,,,,,,,,,,,,,,,3,4,0,4,1,1,0,1,1,1,2,1,1,1,1,1,1,,,,,,0,,0,00,1,1,1,1
Protected Abstract Method,"org.apache.pdfbox.preflight.font.container.FontContainer.hasGlyph(int)",preflight/src/main/java/org/apache/pdfbox/preflight/font/container/FontContainer.java,,,,,,,,,,,,,,,,,,,,,,,,,2,6,0,1,1,0,5,1,0,1,1,1,0,0,0,0,0,,,,,,0,,5,00,0,0,0,0
Private Method,"org.apache.pdfbox.preflight.font.container.FontContainer.isAlreadyProcessed(int)",preflight/src/main/java/org/apache/pdfbox/preflight/font/container/FontContainer.java,,,,,,,,,,,,,,,,,,,,,,,,,3,18,0,11,3,6,7,3,2,5,7,3,5,2,2,2,1,,,,,,1,,0,64,2,2,2,1
Public Method,"org.apache.pdfbox.preflight.font.container.FontContainer.isEmbeddedFont()",preflight/src/main/java/org/apache/pdfbox/preflight/font/container/FontContainer.java,,,,,,,,,,,,,,,,,,,,,,,,,4,4,0,4,1,1,0,1,1,1,2,1,1,1,1,1,1,,,,,,0,,0,00,1,1,1,1
Public Method,"org.apache.pdfbox.preflight.font.container.FontContainer.isValid()",preflight/src/main/java/org/apache/pdfbox/preflight/font/container/FontContainer.java,,,,,,,,,,,,,,,,,,,,,,,,,4,4,0,4,1,1,0,3,1,1,2,1,1,1,1,2,1,,,,,,0,,0,00,1,1,2,1
Public Final Method,"org.apache.pdfbox.preflight.font.container.FontContainer.markAsInvalid(int,GlyphException)",preflight/src/main/java/org/apache/pdfbox/preflight/font/container/FontContainer.java,,,,,,,,,,,,,,,,,,,,,,,,,7,4,0,4,1,1,0,2,1,1,2,1,1,1,1,1,1,,,,,,0,,0,00,1,1,1,1
Public Final Method,"org.apache.pdfbox.preflight.font.container.FontContainer.markAsValid(int)",preflight/src/main/java/org/apache/pdfbox/preflight/font/container/FontContainer.java,,,,,,,,,,,,,,,,,,,,,,,,,4,4,0,4,1,1,0,2,1,1,2,1,1,1,1,1,1,,,,,,0,,0,00,1,1,1,1
Public Method,"org.apache.pdfbox.preflight.font.container.FontContainer.notEmbedded()",preflight/src/main/java/org/apache/pdfbox/preflight/font/container/FontContainer.java,,,,,,,,,,,,,,,,,,,,,,,,,5,4,0,4,1,1,0,1,1,1,2,1,1,1,1,1,1,,,,,,0,,0,00,1,1,1,1
Public Method,"org.apache.pdfbox.preflight.font.container.FontContainer.push(List<ValidationError>)",preflight/src/main/java/org/apache/pdfbox/preflight/font/container/FontContainer.java,,,,,,,,,,,,,,,,,,,,,,,,,3,4,0,4,1,1,0,1,1,1,2,1,1,1,1,1,1,,,,,,0,,0,00,1,1,1,1
Public Method,"org.apache.pdfbox.preflight.font.container.FontContainer.push(ValidationError)",preflight/src/main/java/org/apache/pdfbox/preflight/font/container/FontContainer.java,,,,,,,,,,,,,,,,,,,,,,,,,40,4,0,4,1,1,0,1,1,1,2,1,1,1,1,1,1,,,,,,0,,0,00,1,1,1,1
Public Method,"org.apache.pdfbox.preflight.font.container.FontContainer.setErrorsAlreadyMerged(boolean)",preflight/src/main/java/org/apache/pdfbox/preflight/font/container/FontContainer.java,,,,,,,,,,,,,,,,,,,,,,,,,2,4,0,4,1,1,0,1,1,1,2,1,1,1,1,1,1,,,,,,0,,0,00,1,1,1,1
Public Class,"org.apache.pdfbox.preflight.font.container.TrueTypeContainer",preflight/src/main/java/org/apache/pdfbox/preflight/font/container/TrueTypeContainer.java,1,1,1,1,7,0,7,0,1,3,0,,0,0,,,2,0,2,29,0,0,0,2,,38,1,17,5,5,20,,,4,8,4,5,,,,,2,2,2,1,2,1,0,1,18,3,3,3,2
Public Constructor,"org.apache.pdfbox.preflight.font.container.TrueTypeContainer.TrueTypeContainer(PDTrueTypeFont)",preflight/src/main/java/org/apache/pdfbox/preflight/font/container/TrueTypeContainer.java,,,,,,,,,,,,,,,,,,,,,,,,,2,4,0,4,1,1,0,2,1,1,2,1,1,1,1,1,1,,,,,,0,,0,00,1,1,1,1
Public Method,"org.apache.pdfbox.preflight.font.container.TrueTypeContainer.hasGlyph(int)",preflight/src/main/java/org/apache/pdfbox/preflight/font/container/TrueTypeContainer.java,,,,,,,,,,,,,,,,,,,,,,,,,2,10,0,10,3,4,0,3,2,3,5,2,4,2,2,2,1,,,,,,1,,0,00,2,2,2,1
Public Class,"org.apache.pdfbox.preflight.font.container.Type0Container",preflight/src/main/java/org/apache/pdfbox/preflight/font/container/Type0Container.java,1,1,1,1,7,0,7,0,1,4,0,,0,0,,,6,1,6,33,0,0,0,6,,72,6,46,14,14,20,,,12,22,10,13,,,,,2,2,3,1,2,1,16,0,43,9,9,10,6
Public Constructor,"org.apache.pdfbox.preflight.font.container.Type0Container.Type0Container(PDFont)",preflight/src/main/java/org/apache/pdfbox/preflight/font/container/Type0Container.java,,,,,,,,,,,,,,,,,,,,,,,,,2,4,0,4,1,1,0,2,1,1,2,1,1,1,1,1,1,,,,,,0,,0,00,1,1,1,1
Public Method,"org.apache.pdfbox.preflight.font.container.Type0Container.getAllErrors()",preflight/src/main/java/org/apache/pdfbox/preflight/font/container/Type0Container.java,,,,,,,,,,,,,,,,,,,,,,,,,2,9,0,9,2,3,0,3,2,2,4,1,3,2,2,2,1,,,,,,1,,0,00,2,2,2,1
Public Method,"org.apache.pdfbox.preflight.font.container.Type0Container.hasGlyph(int)",preflight/src/main/java/org/apache/pdfbox/preflight/font/container/Type0Container.java,,,,,,,,,,,,,,,,,,,,,,,,,2,5,0,5,2,1,0,2,1,1,2,1,1,1,1,1,1,,,,,,0,,0,00,1,1,1,1
Public Method,"org.apache.pdfbox.preflight.font.container.Type0Container.isEmbeddedFont()",preflight/src/main/java/org/apache/pdfbox/preflight/font/container/Type0Container.java,,,,,,,,,,,,,,,,,,,,,,,,,3,10,0,10,3,4,0,2,2,3,5,2,3,2,2,2,1,,,,,,1,,0,00,2,2,2,1
Public Method,"org.apache.pdfbox.preflight.font.container.Type0Container.isValid()",preflight/src/main/java/org/apache/pdfbox/preflight/font/container/Type0Container.java,,,,,,,,,,,,,,,,,,,,,,,,,2,10,0,10,3,4,0,4,2,3,5,2,4,2,2,3,1,,,,,,1,,0,00,2,2,3,1
Public Method,"org.apache.pdfbox.preflight.font.container.Type0Container.setDelegateFontContainer(FontContainer<?>)",preflight/src/main/java/org/apache/pdfbox/preflight/font/container/Type0Container.java,,,,,,,,,,,,,,,,,,,,,,,,,2,4,0,4,1,1,0,1,1,1,2,1,1,1,1,1,1,,,,,,0,,0,00,1,1,1,1
Public Class,"org.apache.pdfbox.preflight.font.container.Type1Container",preflight/src/main/java/org/apache/pdfbox/preflight/font/container/Type1Container.java,1,1,1,1,7,0,7,0,1,7,0,,0,0,,,2,0,2,29,0,0,0,2,,38,1,17,5,5,20,,,4,8,4,5,,,,,2,2,2,1,2,1,0,1,18,3,3,3,2
Public Constructor,"org.apache.pdfbox.preflight.font.container.Type1Container.Type1Container(PDSimpleFont)",preflight/src/main/java/org/apache/pdfbox/preflight/font/container/Type1Container.java,,,,,,,,,,,,,,,,,,,,,,,,,2,4,0,4,1,1,0,2,1,1,2,1,1,1,1,1,1,,,,,,0,,0,00,1,1,1,1
Public Method,"org.apache.pdfbox.preflight.font.container.Type1Container.hasGlyph(int)",preflight/src/main/java/org/apache/pdfbox/preflight/font/container/Type1Container.java,,,,,,,,,,,,,,,,,,,,,,,,,2,10,0,10,3,4,0,6,2,3,5,2,4,2,2,2,1,,,,,,1,,0,00,2,2,2,1
Public Class,"org.apache.pdfbox.preflight.font.container.Type3Container",preflight/src/main/java/org/apache/pdfbox/preflight/font/container/Type3Container.java,1,1,1,1,4,0,4,0,1,3,0,,0,0,,,2,0,2,29,0,0,0,2,,37,1,12,4,2,24,,,2,5,3,2,,,,,1,1,1,1,2,0,0,2,00,2,2,2,2
Public Constructor,"org.apache.pdfbox.preflight.font.container.Type3Container.Type3Container(PDType3Font)",preflight/src/main/java/org/apache/pdfbox/preflight/font/container/Type3Container.java,,,,,,,,,,,,,,,,,,,,,,,,,2,4,0,4,1,1,0,2,1,1,2,1,1,1,1,1,1,,,,,,0,,0,00,1,1,1,1
Public Method,"org.apache.pdfbox.preflight.font.container.Type3Container.hasGlyph(int)",preflight/src/main/java/org/apache/pdfbox/preflight/font/container/Type3Container.java,,,,,,,,,,,,,,,,,,,,,,,,,2,5,0,5,2,1,0,2,1,1,2,1,1,1,1,1,1,,,,,,0,,0,00,1,1,1,1
Package,"org.apache.pdfbox.preflight.font.descriptor",preflight/src/main/java/org/apache/pdfbox/preflight/font/descriptor/CIDType0DescriptorHelper.java,2,2,3,1,18,0,15,1,,,,5,1,1,5,,24,5,25,,0,0,13,12,,692,66,491,170,197,135,,,214,283,161,156,,,,,7,7,7,4,,4,,0,27,64,64,72,28
Public Class,"org.apache.pdfbox.preflight.font.descriptor.CIDType0DescriptorHelper",preflight/src/main/java/org/apache/pdfbox/preflight/font/descriptor/CIDType0DescriptorHelper.java,2,2,2,1,15,0,13,2,1,15,0,,0,0,,,4,0,4,26,0,0,2,2,,89,5,55,11,24,29,,,12,23,9,18,,,,,4,4,5,1,2,3,0,0,53,10,10,11,4
Public Constructor,"org.apache.pdfbox.preflight.font.descriptor.CIDType0DescriptorHelper.CIDType0DescriptorHelper(PreflightContext,PDFontLike,CIDType0Container)",preflight/src/main/java/org/apache/pdfbox/preflight/font/descriptor/CIDType0DescriptorHelper.java,,,,,,,,,,,,,,,,,,,,,,,,,4,4,0,4,1,1,0,2,1,1,2,1,1,1,1,1,1,,,,,,0,,0,00,1,1,1,1
Protected Method,"org.apache.pdfbox.preflight.font.descriptor.CIDType0DescriptorHelper.checkCIDSet(PDFontDescriptor)",preflight/src/main/java/org/apache/pdfbox/preflight/font/descriptor/CIDType0DescriptorHelper.java,,,,,,,,,,,,,,,,,,,,,,,,,5,18,0,12,2,5,6,5,3,2,5,2,4,3,3,3,1,,,,,,2,,0,50,3,3,3,1
Public Method,"org.apache.pdfbox.preflight.font.descriptor.CIDType0DescriptorHelper.extractFontFile(PDFontDescriptor)",preflight/src/main/java/org/apache/pdfbox/preflight/font/descriptor/CIDType0DescriptorHelper.java,,,,,,,,,,,,,,,,,,,,,,,,,6,31,1,27,5,15,3,10,4,8,12,4,11,4,4,5,1,,,,,,3,,0,11,4,4,5,1
Protected Method,"org.apache.pdfbox.preflight.font.descriptor.CIDType0DescriptorHelper.processFontFile(PDFontDescriptor,PDStream)",preflight/src/main/java/org/apache/pdfbox/preflight/font/descriptor/CIDType0DescriptorHelper.java,,,,,,,,,,,,,,,,,,,,,,,,,3,10,1,9,2,3,0,4,2,1,3,1,2,2,2,2,1,,,,,,1,,0,00,2,2,2,1
Public Class,"org.apache.pdfbox.preflight.font.descriptor.CIDType2DescriptorHelper",preflight/src/main/java/org/apache/pdfbox/preflight/font/descriptor/CIDType2DescriptorHelper.java,2,2,2,1,12,0,10,1,1,14,0,,0,0,,,4,0,4,26,0,0,2,2,,76,4,45,10,18,27,,,10,20,8,15,,,,,3,3,3,1,2,2,0,0,60,9,9,9,4
Public Constructor,"org.apache.pdfbox.preflight.font.descriptor.CIDType2DescriptorHelper.CIDType2DescriptorHelper(PreflightContext,PDFontLike,CIDType2Container)",preflight/src/main/java/org/apache/pdfbox/preflight/font/descriptor/CIDType2DescriptorHelper.java,,,,,,,,,,,,,,,,,,,,,,,,,4,4,0,4,1,1,0,2,1,1,2,1,1,1,1,1,1,,,,,,0,,0,00,1,1,1,1
Protected Method,"org.apache.pdfbox.preflight.font.descriptor.CIDType2DescriptorHelper.checkCIDSet(PDFontDescriptor)",preflight/src/main/java/org/apache/pdfbox/preflight/font/descriptor/CIDType2DescriptorHelper.java,,,,,,,,,,,,,,,,,,,,,,,,,5,18,0,12,2,5,6,5,3,2,5,2,4,3,3,3,1,,,,,,2,,0,50,3,3,3,1
Public Method,"org.apache.pdfbox.preflight.font.descriptor.CIDType2DescriptorHelper.extractFontFile(PDFontDescriptor)",preflight/src/main/java/org/apache/pdfbox/preflight/font/descriptor/CIDType2DescriptorHelper.java,,,,,,,,,,,,,,,,,,,,,,,,,3,18,0,17,4,9,1,8,3,6,9,3,8,3,3,3,1,,,,,,2,,0,06,3,3,3,1
Protected Method,"org.apache.pdfbox.preflight.font.descriptor.CIDType2DescriptorHelper.processFontFile(PDFontDescriptor,PDStream)",preflight/src/main/java/org/apache/pdfbox/preflight/font/descriptor/CIDType2DescriptorHelper.java,,,,,,,,,,,,,,,,,,,,,,,,,3,9,0,9,2,3,0,4,2,1,3,1,2,2,2,2,1,,,,,,1,,0,00,2,2,2,1
Public Abstract Generic Class,"org.apache.pdfbox.preflight.font.descriptor.FontDescriptorHelper",preflight/src/main/java/org/apache/pdfbox/preflight/font/descriptor/FontDescriptorHelper.java,3,3,3,1,22,0,20,1,1,29,4,,1,1,,,9,4,10,22,0,0,6,4,,242,23,184,35,97,35,,,69,97,35,78,,,,,7,7,7,1,1,4,62,0,19,26,26,29,8
Public Constructor,"org.apache.pdfbox.preflight.font.descriptor.FontDescriptorHelper.FontDescriptorHelper(PreflightContext,PDFontLike,T)",preflight/src/main/java/org/apache/pdfbox/preflight/font/descriptor/FontDescriptorHelper.java,,,,,,,,,,,,,,,,,,,,,,,,,7,7,0,7,1,4,0,5,1,4,5,1,4,1,1,1,1,,,,,,0,,0,00,1,1,1,1
TypeVariable,"org.apache.pdfbox.preflight.font.descriptor.FontDescriptorHelper.T",preflight/src/main/java/org/apache/pdfbox/preflight/font/descriptor/FontDescriptorHelper.java,0,0,0,0,0,0,0,0,0,1,0,,0,0,,,0,0,0,0,0,0,0,0,,0,0,0,0,0,0,,,0,0,0,0,,,,,0,0,0,0,0,0,0,0,00,0,0,0,0
Protected Method,"org.apache.pdfbox.preflight.font.descriptor.FontDescriptorHelper.checkFontFileMetaData(PDFontDescriptor,PDStream)",preflight/src/main/java/org/apache/pdfbox/preflight/font/descriptor/FontDescriptorHelper.java,,,,,,,,,,,,,,,,,,,,,,,,,13,55,5,42,7,23,8,13,6,13,19,7,18,6,6,6,1,,,,,,4,,0,19,6,6,6,1
Protected Method,"org.apache.pdfbox.preflight.font.descriptor.FontDescriptorHelper.checkMandatoryFields(COSDictionary)",preflight/src/main/java/org/apache/pdfbox/preflight/font/descriptor/FontDescriptorHelper.java,,,,,,,,,,,,,,,,,,,,,,,,,9,35,0,35,4,20,0,11,24,10,18,5,15,7,7,7,1,,,,,,3,,0,00,7,7,7,1
Public Abstract Method,"org.apache.pdfbox.preflight.font.descriptor.FontDescriptorHelper.extractFontFile(PDFontDescriptor)",preflight/src/main/java/org/apache/pdfbox/preflight/font/descriptor/FontDescriptorHelper.java,,,,,,,,,,,,,,,,,,,,,,,,,1,1,0,1,1,0,0,1,0,1,1,1,0,0,0,0,0,,,,,,0,,0,00,0,0,0,0
Protected Method,"org.apache.pdfbox.preflight.font.descriptor.FontDescriptorHelper.fontFileNotEmbedded(PDFontDescriptor)",preflight/src/main/java/org/apache/pdfbox/preflight/font/descriptor/FontDescriptorHelper.java,,,,,,,,,,,,,,,,,,,,,,,,,2,7,0,7,4,4,0,4,1,4,5,4,4,1,1,3,1,,,,,,0,,0,00,1,1,3,1
Protected Final Method,"org.apache.pdfbox.preflight.font.descriptor.FontDescriptorHelper.getMetaDataStreamAsBytes(PDMetadata)",preflight/src/main/java/org/apache/pdfbox/preflight/font/descriptor/FontDescriptorHelper.java,,,,,,,,,,,,,,,,,,,,,,,,,6,13,0,13,1,6,0,7,2,3,5,1,4,2,2,2,1,,,,,,1,,0,00,2,2,2,1
Protected Method,"org.apache.pdfbox.preflight.font.descriptor.FontDescriptorHelper.hasOnlyOneFontFile(PDFontDescriptor)",preflight/src/main/java/org/apache/pdfbox/preflight/font/descriptor/FontDescriptorHelper.java,,,,,,,,,,,,,,,,,,,,,,,,,2,13,0,7,4,4,6,4,1,4,5,4,4,1,1,1,1,,,,,,0,,0,86,1,1,1,1
Public Static Method,"org.apache.pdfbox.preflight.font.descriptor.FontDescriptorHelper.isSubSet(String)",preflight/src/main/java/org/apache/pdfbox/preflight/font/descriptor/FontDescriptorHelper.java,,,,,,,,,,,,,,,,,,,,,,,,,5,4,0,4,1,1,0,2,1,1,2,1,1,1,1,2,1,,,,,,0,,0,00,1,1,2,1
Protected Abstract Method,"org.apache.pdfbox.preflight.font.descriptor.FontDescriptorHelper.processFontFile(PDFontDescriptor,PDStream)",preflight/src/main/java/org/apache/pdfbox/preflight/font/descriptor/FontDescriptorHelper.java,,,,,,,,,,,,,,,,,,,,,,,,,1,1,0,1,1,0,0,0,0,1,1,1,0,0,0,0,0,,,,,,0,,0,00,0,0,0,0
Public Method,"org.apache.pdfbox.preflight.font.descriptor.FontDescriptorHelper.validate()",preflight/src/main/java/org/apache/pdfbox/preflight/font/descriptor/FontDescriptorHelper.java,,,,,,,,,,,,,,,,,,,,,,,,,6,49,2,46,4,25,1,15,18,13,20,4,18,7,7,7,1,,,,,,3,,0,02,7,7,7,1
Public Class,"org.apache.pdfbox.preflight.font.descriptor.TrueTypeDescriptorHelper",preflight/src/main/java/org/apache/pdfbox/preflight/font/descriptor/TrueTypeDescriptorHelper.java,3,3,3,1,18,0,17,0,1,17,0,,0,0,,,3,1,3,25,0,0,1,2,,81,5,55,10,26,21,,,15,24,8,19,,,,,4,4,5,3,2,3,33,0,38,9,9,10,5
Public Constructor,"org.apache.pdfbox.preflight.font.descriptor.TrueTypeDescriptorHelper.TrueTypeDescriptorHelper(PreflightContext,PDTrueTypeFont,TrueTypeContainer)",preflight/src/main/java/org/apache/pdfbox/preflight/font/descriptor/TrueTypeDescriptorHelper.java,,,,,,,,,,,,,,,,,,,,,,,,,4,5,0,5,1,2,0,3,1,2,3,1,2,1,1,1,1,,,,,,0,,0,00,1,1,1,1
Public Method,"org.apache.pdfbox.preflight.font.descriptor.TrueTypeDescriptorHelper.extractFontFile(PDFontDescriptor)",preflight/src/main/java/org/apache/pdfbox/preflight/font/descriptor/TrueTypeDescriptorHelper.java,,,,,,,,,,,,,,,,,,,,,,,,,4,22,2,20,4,12,0,8,3,8,11,3,10,4,4,4,3,,,,,,1,,0,00,4,4,4,3
Protected Method,"org.apache.pdfbox.preflight.font.descriptor.TrueTypeDescriptorHelper.processFontFile(PDFontDescriptor,PDStream)",preflight/src/main/java/org/apache/pdfbox/preflight/font/descriptor/TrueTypeDescriptorHelper.java,,,,,,,,,,,,,,,,,,,,,,,,,6,27,0,26,3,12,1,8,4,4,8,2,7,4,4,5,1,,,,,,3,,0,04,4,4,5,1
Public Class,"org.apache.pdfbox.preflight.font.descriptor.Type1DescriptorHelper",preflight/src/main/java/org/apache/pdfbox/preflight/font/descriptor/Type1DescriptorHelper.java,2,2,3,1,16,0,15,0,1,14,0,,0,0,,,4,0,4,26,0,0,2,2,,93,6,64,16,32,23,,,20,31,13,26,,,,,4,4,6,4,2,2,0,0,36,10,10,13,7
Public Constructor,"org.apache.pdfbox.preflight.font.descriptor.Type1DescriptorHelper.Type1DescriptorHelper(PreflightContext,PDSimpleFont,Type1Container)",preflight/src/main/java/org/apache/pdfbox/preflight/font/descriptor/Type1DescriptorHelper.java,,,,,,,,,,,,,,,,,,,,,,,,,4,4,0,4,1,1,0,2,1,1,2,1,1,1,1,1,1,,,,,,0,,0,00,1,1,1,1
Protected Method,"org.apache.pdfbox.preflight.font.descriptor.Type1DescriptorHelper.checkMandatoryFields(COSDictionary)",preflight/src/main/java/org/apache/pdfbox/preflight/font/descriptor/Type1DescriptorHelper.java,,,,,,,,,,,,,,,,,,,,,,,,,4,20,0,17,4,9,3,8,3,5,8,3,7,3,3,4,1,,,,,,2,,0,18,3,3,4,1
Public Method,"org.apache.pdfbox.preflight.font.descriptor.Type1DescriptorHelper.extractFontFile(PDFontDescriptor)",preflight/src/main/java/org/apache/pdfbox/preflight/font/descriptor/Type1DescriptorHelper.java,,,,,,,,,,,,,,,,,,,,,,,,,6,34,3,31,8,19,0,9,4,13,17,7,16,4,4,6,4,,,,,,2,,0,00,4,4,6,4
Protected Method,"org.apache.pdfbox.preflight.font.descriptor.Type1DescriptorHelper.processFontFile(PDFontDescriptor,PDStream)",preflight/src/main/java/org/apache/pdfbox/preflight/font/descriptor/Type1DescriptorHelper.java,,,,,,,,,,,,,,,,,,,,,,,,,3,9,0,9,2,3,0,4,2,1,3,1,2,2,2,2,1,,,,,,1,,0,00,2,2,2,1
Package,"org.apache.pdfbox.preflight.font.util",preflight/src/main/java/org/apache/pdfbox/preflight/font/util/FontMetaDataValidation.java,2,2,2,1,17,0,12,4,,,,4,0,0,4,,18,9,18,,0,1,1,16,,482,48,274,85,121,161,,,124,165,83,98,,,,,10,10,14,8,,5,,0,59,37,37,44,29
Public Class,"org.apache.pdfbox.preflight.font.util.FontMetaDataValidation",preflight/src/main/java/org/apache/pdfbox/preflight/font/util/FontMetaDataValidation.java,5,5,7,4,48,2,34,11,1,19,0,,0,0,,,3,0,3,15,0,0,0,3,,173,11,105,18,59,57,,,34,51,17,44,,,,,10,10,14,8,1,5,0,0,54,16,16,23,14
Public Method,"org.apache.pdfbox.preflight.font.util.FontMetaDataValidation.analyseFontName(XMPMetadata,PDFontDescriptor,List<ValidationError>)",preflight/src/main/java/org/apache/pdfbox/preflight/font/util/FontMetaDataValidation.java,,,,,,,,,,,,,,,,,,,,,,,,,8,83,3,67,9,39,13,16,22,21,31,9,27,10,10,14,8,,,,,,5,,0,19,10,10,14,8
Public Method,"org.apache.pdfbox.preflight.font.util.FontMetaDataValidation.analyseRights(XMPMetadata,PDFontDescriptor,List<ValidationError>)",preflight/src/main/java/org/apache/pdfbox/preflight/font/util/FontMetaDataValidation.java,,,,,,,,,,,,,,,,,,,,,,,,,5,51,3,27,5,16,21,11,7,9,14,5,13,5,5,8,5,,,,,,2,,0,78,5,5,8,5
Public Method,"org.apache.pdfbox.preflight.font.util.FontMetaDataValidation.validatePDFAIdentifer(XMPMetadata,PDFontDescriptor)",preflight/src/main/java/org/apache/pdfbox/preflight/font/util/FontMetaDataValidation.java,,,,,,,,,,,,,,,,,,,,,,,,,2,10,2,8,3,4,0,4,1,4,5,2,4,1,1,1,1,,,,,,0,,0,00,1,1,1,1
Public Class,"org.apache.pdfbox.preflight.font.util.GlyphDetail",preflight/src/main/java/org/apache/pdfbox/preflight/font/util/GlyphDetail.java,1,1,1,1,7,0,5,2,1,1,0,,0,0,,,4,2,4,16,0,0,0,4,,60,4,26,7,7,30,,,8,14,7,7,,,,,2,2,2,1,1,1,25,1,15,5,5,5,4
Public Constructor,"org.apache.pdfbox.preflight.font.util.GlyphDetail.GlyphDetail(int)",preflight/src/main/java/org/apache/pdfbox/preflight/font/util/GlyphDetail.java,,,,,,,,,,,,,,,,,,,,,,,,,2,8,0,5,1,2,3,3,1,2,3,1,2,1,1,1,1,,,,,,0,,0,60,1,1,1,1
Public Constructor,"org.apache.pdfbox.preflight.font.util.GlyphDetail.GlyphDetail(int,GlyphException)",preflight/src/main/java/org/apache/pdfbox/preflight/font/util/GlyphDetail.java,,,,,,,,,,,,,,,,,,,,,,,,,3,9,0,5,1,2,4,3,1,2,3,1,2,1,1,1,1,,,,,,0,,0,80,1,1,1,1
Public Method,"org.apache.pdfbox.preflight.font.util.GlyphDetail.getCode()",preflight/src/main/java/org/apache/pdfbox/preflight/font/util/GlyphDetail.java,,,,,,,,,,,,,,,,,,,,,,,,,1,7,0,4,1,1,3,1,1,1,2,1,1,1,1,1,1,,,,,,0,,0,75,1,1,1,1
Public Method,"org.apache.pdfbox.preflight.font.util.GlyphDetail.throwExceptionIfNotValid()",preflight/src/main/java/org/apache/pdfbox/preflight/font/util/GlyphDetail.java,,,,,,,,,,,,,,,,,,,,,,,,,2,7,0,7,1,2,0,0,2,1,3,1,2,2,2,2,1,,,,,,1,,0,00,2,2,2,1
Public Class,"org.apache.pdfbox.preflight.font.util.GlyphException",preflight/src/main/java/org/apache/pdfbox/preflight/font/util/GlyphException.java,1,1,1,1,5,0,5,0,1,1,0,,0,0,,,5,2,5,48,0,0,0,5,,57,6,31,8,11,20,,,13,19,8,11,,,,,1,1,1,1,1,0,19,0,65,5,5,5,5
Public Constructor,"org.apache.pdfbox.preflight.font.util.GlyphException.GlyphException(String,int)",preflight/src/main/java/org/apache/pdfbox/preflight/font/util/GlyphException.java,,,,,,,,,,,,,,,,,,,,,,,,,2,6,0,6,1,3,0,4,1,3,4,1,3,1,1,1,1,,,,,,0,,0,00,1,1,1,1
Public Constructor,"org.apache.pdfbox.preflight.font.util.GlyphException.GlyphException(String,int,String)",preflight/src/main/java/org/apache/pdfbox/preflight/font/util/GlyphException.java,,,,,,,,,,,,,,,,,,,,,,,,,7,6,0,6,1,3,0,4,1,3,4,1,3,1,1,1,1,,,,,,0,,0,00,1,1,1,1
Public Constructor,"org.apache.pdfbox.preflight.font.util.GlyphException.GlyphException(String,int,String,Throwable)",preflight/src/main/java/org/apache/pdfbox/preflight/font/util/GlyphException.java,,,,,,,,,,,,,,,,,,,,,,,,,5,6,0,6,1,3,0,4,1,3,4,1,3,1,1,1,1,,,,,,0,,0,00,1,1,1,1
Public Method,"org.apache.pdfbox.preflight.font.util.GlyphException.getErrorCode()",preflight/src/main/java/org/apache/pdfbox/preflight/font/util/GlyphException.java,,,,,,,,,,,,,,,,,,,,,,,,,2,4,0,4,1,1,0,1,1,1,2,1,1,1,1,1,1,,,,,,0,,0,00,1,1,1,1
Public Method,"org.apache.pdfbox.preflight.font.util.GlyphException.getInvalidCid()",preflight/src/main/java/org/apache/pdfbox/preflight/font/util/GlyphException.java,,,,,,,,,,,,,,,,,,,,,,,,,1,4,0,4,1,1,0,1,1,1,2,1,1,1,1,1,1,,,,,,0,,0,00,1,1,1,1
Public Class,"org.apache.pdfbox.preflight.font.util.PreflightType3Stream",preflight/src/main/java/org/apache/pdfbox/preflight/font/util/PreflightType3Stream.java,1,1,1,1,17,1,11,5,1,15,0,,0,0,,,6,5,6,91,0,1,1,4,,147,15,79,19,44,54,,,36,48,18,36,,,,,4,4,4,1,3,1,70,0,68,11,11,11,6
Public Constructor,"org.apache.pdfbox.preflight.font.util.PreflightType3Stream.PreflightType3Stream(PreflightContext,PDPage,PDType3CharProc)",preflight/src/main/java/org/apache/pdfbox/preflight/font/util/PreflightType3Stream.java,,,,,,,,,,,,,,,,,,,,,,,,,4,5,0,5,1,2,0,3,1,2,3,1,2,1,1,1,1,,,,,,0,,0,00,1,1,1,1
Private Method,"org.apache.pdfbox.preflight.font.util.PreflightType3Stream.checkType3FirstOperator(List<COSBase>)",preflight/src/main/java/org/apache/pdfbox/preflight/font/util/PreflightType3Stream.java,,,,,,,,,,,,,,,,,,,,,,,,,3,25,1,17,2,8,7,6,4,4,7,2,6,3,3,3,1,,,,,,1,,0,41,3,3,3,1
Public Method,"org.apache.pdfbox.preflight.font.util.PreflightType3Stream.createImage()",preflight/src/main/java/org/apache/pdfbox/preflight/font/util/PreflightType3Stream.java,,,,,,,,,,,,,,,,,,,,,,,,,2,13,0,5,1,2,8,3,1,2,3,1,2,1,1,1,1,,,,,,0,,1,60,1,1,1,1
Public Method,"org.apache.pdfbox.preflight.font.util.PreflightType3Stream.getWidth()",preflight/src/main/java/org/apache/pdfbox/preflight/font/util/PreflightType3Stream.java,,,,,,,,,,,,,,,,,,,,,,,,,2,7,0,4,1,1,3,1,1,1,2,1,1,1,1,1,1,,,,,,0,,0,75,1,1,1,1
Protected Method,"org.apache.pdfbox.preflight.font.util.PreflightType3Stream.processOperator(Operator,List<COSBase>)",preflight/src/main/java/org/apache/pdfbox/preflight/font/util/PreflightType3Stream.java,,,,,,,,,,,,,,,,,,,,,,,,,6,53,6,36,7,26,11,24,6,21,25,6,24,4,4,4,1,,,,,,1,,0,31,4,4,4,1
Public Method,"org.apache.pdfbox.preflight.font.util.PreflightType3Stream.showType3Character(PDType3CharProc)",preflight/src/main/java/org/apache/pdfbox/preflight/font/util/PreflightType3Stream.java,,,,,,,,,,,,,,,,,,,,,,,,,3,4,0,4,1,1,1,2,1,1,2,1,1,1,1,1,1,,,,,,0,,0,25,1,1,1,1
Package,"org.apache.pdfbox.preflight.graphic",preflight/src/main/java/org/apache/pdfbox/preflight/graphic/ColorSpaceHelper.java,2,2,3,1,17,0,13,4,,,,8,2,0,7,,36,24,38,,1,5,16,16,,1018,76,591,171,272,351,,,227,315,160,186,,,,,16,7,16,6,,3,,0,59,103,82,112,54
Public Interface,"org.apache.pdfbox.preflight.graphic.ColorSpaceHelper",preflight/src/main/java/org/apache/pdfbox/preflight/graphic/ColorSpaceHelper.java,0,0,0,0,0,0,0,0,0,1,1,,0,0,,,1,0,1,1,1,0,0,0,,9,1,4,2,0,4,,,1,2,2,0,,,,,0,0,0,0,0,0,0,1,00,0,0,0,0
Abstract Method,"org.apache.pdfbox.preflight.graphic.ColorSpaceHelper.validate()",preflight/src/main/java/org/apache/pdfbox/preflight/graphic/ColorSpaceHelper.java,,,,,,,,,,,,,,,,,,,,,,,,,6,5,0,1,1,0,4,0,0,1,1,1,0,0,0,0,0,,,,,,0,,4,00,0,0,0,0
Public Class,"org.apache.pdfbox.preflight.graphic.ColorSpaceHelperFactory",preflight/src/main/java/org/apache/pdfbox/preflight/graphic/ColorSpaceHelperFactory.java,3,2,3,1,28,0,12,16,1,7,0,,0,0,,,1,0,1,13,0,0,0,1,,63,2,19,4,7,42,,,3,7,3,4,,,,,3,2,3,1,1,1,0,2,21,3,2,3,1
Public Enum Type,"org.apache.pdfbox.preflight.graphic.ColorSpaceHelperFactory.ColorSpaceRestriction",preflight/src/main/java/org/apache/pdfbox/preflight/graphic/ColorSpaceHelperFactory.java,0,0,0,0,0,0,0,0,1,1,0,,0,0,,,2,3,2,28,0,0,0,2,,7,0,4,2,0,3,,,0,1,1,0,,,,,0,0,0,0,1,0,,0,75,0,0,0,0
Public Implicit Method,"org.apache.pdfbox.preflight.graphic.ColorSpaceHelperFactory.ColorSpaceRestriction.valueOf()",preflight/src/main/java/org/apache/pdfbox/preflight/graphic/ColorSpaceHelperFactory.java,,,,,,,,,,,,,,,,,,,,,,,,,,,,,,,,,,,,,,,,,,,,,,,,,0,00,0,0,0,0
Public Implicit Method,"org.apache.pdfbox.preflight.graphic.ColorSpaceHelperFactory.ColorSpaceRestriction.values()",preflight/src/main/java/org/apache/pdfbox/preflight/graphic/ColorSpaceHelperFactory.java,,,,,,,,,,,,,,,,,,,,,,,,,,,,,,,,,,,,,,,,,,,,,,,,,0,00,0,0,0,0
Public Method,"org.apache.pdfbox.preflight.graphic.ColorSpaceHelperFactory.getColorSpaceHelper(PreflightContext,PDColorSpace,ColorSpaceRestriction)",preflight/src/main/java/org/apache/pdfbox/preflight/graphic/ColorSpaceHelperFactory.java,,,,,,,,,,,,,,,,,,,,,,,,,11,28,0,12,1,7,16,4,3,3,5,1,4,3,2,3,1,,,,,,1,,1,33,3,2,3,1
Public Enum Type,"org.apache.pdfbox.preflight.graphic.ColorSpaces",preflight/src/main/java/org/apache/pdfbox/preflight/graphic/ColorSpaces.java,0,0,0,0,2,0,2,0,1,1,0,,0,0,,,4,16,4,30,0,1,0,3,,49,4,15,7,2,30,,,4,6,4,2,,,,,1,1,1,1,1,0,,2,00,2,2,2,2
Private Constructor,"org.apache.pdfbox.preflight.graphic.ColorSpaces.ColorSpaces(String)",preflight/src/main/java/org/apache/pdfbox/preflight/graphic/ColorSpaces.java,,,,,,,,,,,,,,,,,,,,,,,,,1,4,0,4,1,1,0,2,1,1,2,1,1,1,1,1,1,,,,,,0,,0,00,1,1,1,1
Public Method,"org.apache.pdfbox.preflight.graphic.ColorSpaces.getLabel()",preflight/src/main/java/org/apache/pdfbox/preflight/graphic/ColorSpaces.java,,,,,,,,,,,,,,,,,,,,,,,,,5,7,0,4,1,1,3,1,1,1,2,1,1,1,1,1,1,,,,,,0,,0,75,1,1,1,1
Public Implicit Method,"org.apache.pdfbox.preflight.graphic.ColorSpaces.valueOf()",preflight/src/main/java/org/apache/pdfbox/preflight/graphic/ColorSpaces.java,,,,,,,,,,,,,,,,,,,,,,,,,,,,,,,,,,,,,,,,,,,,,,,,,0,00,0,0,0,0
Public Implicit Method,"org.apache.pdfbox.preflight.graphic.ColorSpaces.values()",preflight/src/main/java/org/apache/pdfbox/preflight/graphic/ColorSpaces.java,,,,,,,,,,,,,,,,,,,,,,,,,,,,,,,,,,,,,,,,,,,,,,,,,0,00,0,0,0,0
Public Class,"org.apache.pdfbox.preflight.graphic.DeviceColorSpaceHelper",preflight/src/main/java/org/apache/pdfbox/preflight/graphic/DeviceColorSpaceHelper.java,1,1,1,1,11,0,8,3,1,7,0,,0,0,,,4,0,4,32,0,0,3,1,,79,4,37,11,17,38,,,9,15,8,9,,,,,4,2,4,1,2,1,0,1,03,7,5,7,4
Public Constructor,"org.apache.pdfbox.preflight.graphic.DeviceColorSpaceHelper.DeviceColorSpaceHelper(PreflightContext,PDColorSpace)",preflight/src/main/java/org/apache/pdfbox/preflight/graphic/DeviceColorSpaceHelper.java,,,,,,,,,,,,,,,,,,,,,,,,,3,4,0,4,1,1,0,2,1,1,2,1,1,1,1,1,1,,,,,,0,,0,00,1,1,1,1
Protected Method,"org.apache.pdfbox.preflight.graphic.DeviceColorSpaceHelper.processDeviceNColorSpace(PDColorSpace)",preflight/src/main/java/org/apache/pdfbox/preflight/graphic/DeviceColorSpaceHelper.java,,,,,,,,,,,,,,,,,,,,,,,,,2,10,0,6,2,2,4,2,1,1,2,1,1,1,1,1,1,,,,,,0,,0,67,1,1,1,1
Protected Method,"org.apache.pdfbox.preflight.graphic.DeviceColorSpaceHelper.processIndexedColorSpace(PDColorSpace)",preflight/src/main/java/org/apache/pdfbox/preflight/graphic/DeviceColorSpaceHelper.java,,,,,,,,,,,,,,,,,,,,,,,,,6,23,0,18,5,12,5,7,2,6,8,4,6,4,2,4,1,,,,,,1,,0,28,4,2,4,1
Protected Method,"org.apache.pdfbox.preflight.graphic.DeviceColorSpaceHelper.processPatternColorSpace(PDColorSpace)",preflight/src/main/java/org/apache/pdfbox/preflight/graphic/DeviceColorSpaceHelper.java,,,,,,,,,,,,,,,,,,,,,,,,,2,10,0,6,2,2,4,2,1,1,2,1,1,1,1,1,1,,,,,,0,,0,67,1,1,1,1
Public Class,"org.apache.pdfbox.preflight.graphic.ICCProfileWrapper",preflight/src/main/java/org/apache/pdfbox/preflight/graphic/ICCProfileWrapper.java,1,1,1,1,12,0,8,3,1,19,0,,2,0,,,6,2,8,20,0,1,0,7,,144,10,74,18,31,60,,,25,39,18,27,,,,,6,6,6,6,1,3,56,0,81,14,14,15,13
Public Constructor,"org.apache.pdfbox.preflight.graphic.ICCProfileWrapper.ICCProfileWrapper(ICC_Profile)",preflight/src/main/java/org/apache/pdfbox/preflight/graphic/ICCProfileWrapper.java,,,,,,,,,,,,,,,,,,,,,,,,,3,5,0,5,1,2,0,4,1,2,3,1,2,1,1,1,1,,,,,,0,,0,00,1,1,1,1
Public Method,"org.apache.pdfbox.preflight.graphic.ICCProfileWrapper.getColorSpaceType()",preflight/src/main/java/org/apache/pdfbox/preflight/graphic/ICCProfileWrapper.java,,,,,,,,,,,,,,,,,,,,,,,,,1,9,0,4,1,1,5,2,1,1,2,1,1,1,1,1,1,,,,,,0,,1,25,1,1,1,1
Public Static Method,"org.apache.pdfbox.preflight.graphic.ICCProfileWrapper.getOrSearchICCProfile(PreflightContext)",preflight/src/main/java/org/apache/pdfbox/preflight/graphic/ICCProfileWrapper.java,,,,,,,,,,,,,,,,,,,,,,,,,4,10,0,10,2,5,0,5,2,4,6,2,5,2,2,3,1,,,,,,1,,0,00,2,2,3,1
Public Method,"org.apache.pdfbox.preflight.graphic.ICCProfileWrapper.getProfile()",preflight/src/main/java/org/apache/pdfbox/preflight/graphic/ICCProfileWrapper.java,,,,,,,,,,,,,,,,,,,,,,,,,1,7,0,4,1,1,3,1,1,1,2,1,1,1,1,1,1,,,,,,0,,0,75,1,1,1,1
Public Method,"org.apache.pdfbox.preflight.graphic.ICCProfileWrapper.isCMYKColorSpace()",preflight/src/main/java/org/apache/pdfbox/preflight/graphic/ICCProfileWrapper.java,,,,,,,,,,,,,,,,,,,,,,,,,4,9,0,4,1,1,5,2,1,1,2,1,1,1,1,1,1,,,,,,0,,1,25,1,1,1,1
Public Method,"org.apache.pdfbox.preflight.graphic.ICCProfileWrapper.isGrayColorSpace()",preflight/src/main/java/org/apache/pdfbox/preflight/graphic/ICCProfileWrapper.java,,,,,,,,,,,,,,,,,,,,,,,,,2,9,0,4,1,1,5,2,1,1,2,1,1,1,1,1,1,,,,,,0,,1,25,1,1,1,1
Public Method,"org.apache.pdfbox.preflight.graphic.ICCProfileWrapper.isRGBColorSpace()",preflight/src/main/java/org/apache/pdfbox/preflight/graphic/ICCProfileWrapper.java,,,,,,,,,,,,,,,,,,,,,,,,,5,9,0,4,1,1,5,2,1,1,2,1,1,1,1,1,1,,,,,,0,,1,25,1,1,1,1
Private Static Method,"org.apache.pdfbox.preflight.graphic.ICCProfileWrapper.searchFirstICCProfile(PreflightContext)",preflight/src/main/java/org/apache/pdfbox/preflight/graphic/ICCProfileWrapper.java,,,,,,,,,,,,,,,,,,,,,,,,,7,42,1,34,7,19,7,14,6,12,17,7,15,6,6,6,6,,,,,,3,,0,21,6,6,6,6
Public Class,"org.apache.pdfbox.preflight.graphic.NoPatternColorSpaceHelper",preflight/src/main/java/org/apache/pdfbox/preflight/graphic/NoPatternColorSpaceHelper.java,1,1,1,1,7,0,5,2,1,5,0,,0,0,,,2,0,2,30,0,0,1,1,,43,2,13,4,3,28,,,2,5,3,2,,,,,1,1,1,1,2,0,0,2,15,2,2,2,2
Public Constructor,"org.apache.pdfbox.preflight.graphic.NoPatternColorSpaceHelper.NoPatternColorSpaceHelper(PreflightContext,PDColorSpace)",preflight/src/main/java/org/apache/pdfbox/preflight/graphic/NoPatternColorSpaceHelper.java,,,,,,,,,,,,,,,,,,,,,,,,,3,4,0,4,1,1,0,2,1,1,2,1,1,1,1,1,1,,,,,,0,,0,00,1,1,1,1
Protected Method,"org.apache.pdfbox.preflight.graphic.NoPatternColorSpaceHelper.processPatternColorSpace(PDColorSpace)",preflight/src/main/java/org/apache/pdfbox/preflight/graphic/NoPatternColorSpaceHelper.java,,,,,,,,,,,,,,,,,,,,,,,,,2,10,0,6,2,2,4,2,1,1,2,1,1,1,1,1,1,,,,,,0,,0,67,1,1,1,1
Public Class,"org.apache.pdfbox.preflight.graphic.StandardColorSpaceHelper",preflight/src/main/java/org/apache/pdfbox/preflight/graphic/StandardColorSpaceHelper.java,4,3,5,2,28,0,21,5,2,37,2,,0,0,,,16,3,16,28,0,3,12,1,,513,27,357,53,212,129,,,111,169,50,142,,,,,16,7,16,6,1,3,52,0,36,75,57,83,32
Protected Constructor,"org.apache.pdfbox.preflight.graphic.StandardColorSpaceHelper.StandardColorSpaceHelper(PreflightContext,PDColorSpace)",preflight/src/main/java/org/apache/pdfbox/preflight/graphic/StandardColorSpaceHelper.java,,,,,,,,,,,,,,,,,,,,,,,,,5,5,0,5,1,2,0,3,1,2,3,1,2,1,1,1,1,,,,,,0,,0,00,1,1,1,1
Protected Final Method,"org.apache.pdfbox.preflight.graphic.StandardColorSpaceHelper.processAllColorSpace(PDColorSpace)",preflight/src/main/java/org/apache/pdfbox/preflight/graphic/StandardColorSpaceHelper.java,,,,,,,,,,,,,,,,,,,,,,,,,24,49,1,43,2,38,5,14,10,20,22,2,21,16,2,16,1,,,,,,1,,0,12,16,2,16,1
Protected Method,"org.apache.pdfbox.preflight.graphic.StandardColorSpaceHelper.processCYMKColorSpace(PDColorSpace)",preflight/src/main/java/org/apache/pdfbox/preflight/graphic/StandardColorSpaceHelper.java,,,,,,,,,,,,,,,,,,,,,,,,,6,20,0,16,1,7,4,4,4,2,6,1,5,4,4,4,1,,,,,,2,,0,25,4,4,4,1
Protected Method,"org.apache.pdfbox.preflight.graphic.StandardColorSpaceHelper.processCalibratedColorSpace(PDColorSpace)",preflight/src/main/java/org/apache/pdfbox/preflight/graphic/StandardColorSpaceHelper.java,,,,,,,,,,,,,,,,,,,,,,,,,1,9,0,3,1,0,6,0,1,0,1,1,0,1,1,1,1,,,,,,0,,2,00,1,1,1,1
Protected Method,"org.apache.pdfbox.preflight.graphic.StandardColorSpaceHelper.processDefaultColorSpace(PDColorSpace)",preflight/src/main/java/org/apache/pdfbox/preflight/graphic/StandardColorSpaceHelper.java,,,,,,,,,,,,,,,,,,,,,,,,,13,55,5,41,7,24,9,15,11,13,20,7,17,7,7,10,1,,,,,,3,,0,22,7,7,10,1
Protected Method,"org.apache.pdfbox.preflight.graphic.StandardColorSpaceHelper.processDeviceNColorSpace(PDColorSpace)",preflight/src/main/java/org/apache/pdfbox/preflight/graphic/StandardColorSpaceHelper.java,,,,,,,,,,,,,,,,,,,,,,,,,10,56,2,46,9,29,8,18,14,16,23,9,20,7,7,8,3,,,,,,3,,0,17,7,7,8,3
Protected Method,"org.apache.pdfbox.preflight.graphic.StandardColorSpaceHelper.processGrayColorSpace(PDColorSpace)",preflight/src/main/java/org/apache/pdfbox/preflight/graphic/StandardColorSpaceHelper.java,,,,,,,,,,,,,,,,,,,,,,,,,5,12,0,8,1,3,4,3,2,1,3,1,2,2,2,3,1,,,,,,1,,0,50,2,2,3,1
Protected Method,"org.apache.pdfbox.preflight.graphic.StandardColorSpaceHelper.processICCBasedColorSpace(PDColorSpace)",preflight/src/main/java/org/apache/pdfbox/preflight/graphic/StandardColorSpaceHelper.java,,,,,,,,,,,,,,,,,,,,,,,,,9,64,1,42,5,22,21,14,9,11,18,5,15,7,7,7,6,,,,,,3,,0,50,7,7,7,6
Protected Method,"org.apache.pdfbox.preflight.graphic.StandardColorSpaceHelper.processIndexedColorSpace(PDColorSpace)",preflight/src/main/java/org/apache/pdfbox/preflight/graphic/StandardColorSpaceHelper.java,,,,,,,,,,,,,,,,,,,,,,,,,7,27,0,19,4,12,8,6,3,8,11,4,9,3,3,4,3,,,,,,1,,0,42,3,3,4,3
Protected Method,"org.apache.pdfbox.preflight.graphic.StandardColorSpaceHelper.processPatternColorSpace(PDColorSpace)",preflight/src/main/java/org/apache/pdfbox/preflight/graphic/StandardColorSpaceHelper.java,,,,,,,,,,,,,,,,,,,,,,,,,4,12,0,8,1,3,4,2,2,1,3,1,2,2,2,2,1,,,,,,1,,0,50,2,2,2,1
Protected Method,"org.apache.pdfbox.preflight.graphic.StandardColorSpaceHelper.processRGBColorSpace(PDColorSpace)",preflight/src/main/java/org/apache/pdfbox/preflight/graphic/StandardColorSpaceHelper.java,,,,,,,,,,,,,,,,,,,,,,,,,6,20,0,16,1,7,4,4,4,2,6,1,5,4,4,4,1,,,,,,2,,0,25,4,4,4,1
Protected Method,"org.apache.pdfbox.preflight.graphic.StandardColorSpaceHelper.processSeparationColorSpace(PDColorSpace)",preflight/src/main/java/org/apache/pdfbox/preflight/graphic/StandardColorSpaceHelper.java,,,,,,,,,,,,,,,,,,,,,,,,,11,38,0,30,4,19,8,11,4,7,11,4,10,8,4,8,1,,,,,,3,,0,27,8,4,8,1
Public Final Method,"org.apache.pdfbox.preflight.graphic.StandardColorSpaceHelper.validate()",preflight/src/main/java/org/apache/pdfbox/preflight/graphic/StandardColorSpaceHelper.java,,,,,,,,,,,,,,,,,,,,,,,,,2,11,1,10,2,4,0,4,2,3,5,1,4,2,2,2,1,,,,,,1,,0,00,2,2,2,1
Private Method,"org.apache.pdfbox.preflight.graphic.StandardColorSpaceHelper.validateICCProfileAlternateEntry(PDICCBased,PDColorSpace)",preflight/src/main/java/org/apache/pdfbox/preflight/graphic/StandardColorSpaceHelper.java,,,,,,,,,,,,,,,,,,,,,,,,,5,11,0,10,1,5,1,4,2,1,3,1,2,2,2,2,1,,,,,,1,,0,10,2,2,2,1
Private Method,"org.apache.pdfbox.preflight.graphic.StandardColorSpaceHelper.validateICCProfileNEntry(COSStream,ICC_Profile)",preflight/src/main/java/org/apache/pdfbox/preflight/graphic/StandardColorSpaceHelper.java,,,,,,,,,,,,,,,,,,,,,,,,,6,30,0,30,3,19,0,6,5,11,16,3,15,5,5,7,5,,,,,,1,,0,00,5,5,7,5
Private Method,"org.apache.pdfbox.preflight.graphic.StandardColorSpaceHelper.validateICCProfileVersion(ICC_Profile)",preflight/src/main/java/org/apache/pdfbox/preflight/graphic/StandardColorSpaceHelper.java,,,,,,,,,,,,,,,,,,,,,,,,,4,34,1,24,6,15,9,8,4,10,14,4,13,4,4,4,4,,,,,,2,,0,38,4,4,4,4
Package,"org.apache.pdfbox.preflight.integration",preflight/src/test/java/org/apache/pdfbox/preflight/integration/InvalidFileTester.java,2,2,2,1,15,0,14,1,,,,4,12,15,4,,7,5,19,,7,0,3,9,,549,67,375,163,156,109,,,192,246,155,128,,,,,11,11,11,6,,4,,0,29,46,46,49,30
Public Class,"org.apache.pdfbox.preflight.integration.InvalidFileTester",preflight/src/test/java/org/apache/pdfbox/preflight/integration/InvalidFileTester.java,3,3,3,2,21,0,19,2,1,14,0,,0,1,,,4,3,4,16,0,0,0,4,,129,11,84,15,42,34,,,27,45,16,34,,,,,11,11,11,6,1,4,62,0,40,15,15,15,9
Public Constructor,"org.apache.pdfbox.preflight.integration.InvalidFileTester.InvalidFileTester(String)",preflight/src/test/java/org/apache/pdfbox/preflight/integration/InvalidFileTester.java,,,,,,,,,,,,,,,,,,,,,,,,,3,11,0,5,1,2,6,5,1,2,3,1,2,1,1,1,1,,,,,,0,,1,20,1,1,1,1
Public Method,"org.apache.pdfbox.preflight.integration.InvalidFileTester.after()",preflight/src/test/java/org/apache/pdfbox/preflight/integration/InvalidFileTester.java,,,,,,,,,,,,,,,,,,,,,,,,,3,4,0,4,1,1,0,1,1,1,2,1,1,1,1,1,1,,,,,,0,,0,00,1,1,1,1
Public Method,"org.apache.pdfbox.preflight.integration.InvalidFileTester.before(String)",preflight/src/test/java/org/apache/pdfbox/preflight/integration/InvalidFileTester.java,,,,,,,,,,,,,,,,,,,,,,,,,3,14,1,12,2,5,1,3,2,3,5,2,4,2,2,2,1,,,,,,1,,0,08,2,2,2,1
Public Final Method,"org.apache.pdfbox.preflight.integration.InvalidFileTester.validate(File,String)",preflight/src/test/java/org/apache/pdfbox/preflight/integration/InvalidFileTester.java,,,,,,,,,,,,,,,,,,,,,,,,,7,58,1,56,6,31,1,23,41,17,30,7,26,11,11,11,6,,,,,,4,,0,02,11,11,11,6
Class,"org.apache.pdfbox.preflight.integration.TestInvalidFiles",preflight/src/test/java/org/apache/pdfbox/preflight/integration/TestInvalidFiles.java,2,2,2,1,14,0,13,1,1,21,0,,4,5,,,1,0,5,17,3,0,1,1,,112,12,76,27,39,25,,,32,44,24,32,,,,,6,6,7,4,1,2,40,0,33,10,10,11,8
Static Method,"org.apache.pdfbox.preflight.integration.TestInvalidFiles.closeDown()",preflight/src/test/java/org/apache/pdfbox/preflight/integration/TestInvalidFiles.java,,,,,,,,,,,,,,,,,,,,,,,,,1,5,0,5,2,1,0,1,1,1,2,1,1,1,1,1,1,,,,,,0,,0,00,1,1,1,1
Public Static Method,"org.apache.pdfbox.preflight.integration.TestInvalidFiles.initializeParameters()",preflight/src/test/java/org/apache/pdfbox/preflight/integration/TestInvalidFiles.java,,,,,,,,,,,,,,,,,,,,,,,,,3,52,2,46,12,29,5,21,8,21,28,13,25,6,6,7,4,,,,,,2,,0,11,6,6,7,4
Static Method,"org.apache.pdfbox.preflight.integration.TestInvalidFiles.setup()",preflight/src/test/java/org/apache/pdfbox/preflight/integration/TestInvalidFiles.java,,,,,,,,,,,,,,,,,,,,,,,,,1,5,0,5,2,1,0,2,1,1,2,1,1,1,1,1,1,,,,,,0,,0,00,1,1,1,1
Protected Static Method,"org.apache.pdfbox.preflight.integration.TestInvalidFiles.stopIfExpected()",preflight/src/test/java/org/apache/pdfbox/preflight/integration/TestInvalidFiles.java,,,,,,,,,,,,,,,,,,,,,,,,,1,6,0,6,2,3,0,4,1,3,4,2,3,1,1,1,1,,,,,,0,,0,00,1,1,1,1
Method,"org.apache.pdfbox.preflight.integration.TestInvalidFiles.validate(File,String)",preflight/src/test/java/org/apache/pdfbox/preflight/integration/TestInvalidFiles.java,,,,,,,,,,,,,,,,,,,,,,,,,3,6,0,6,3,1,0,1,1,1,2,1,1,1,1,1,1,,,,,,0,,0,00,1,1,1,1
Class,"org.apache.pdfbox.preflight.integration.TestIsartorValidation",preflight/src/test/java/org/apache/pdfbox/preflight/integration/TestIsartorValidation.java,2,2,2,1,14,0,13,0,1,22,0,,4,5,,,1,0,5,17,3,0,1,1,,110,12,75,27,40,24,,,33,45,24,33,,,,,6,6,7,4,1,2,40,0,32,10,10,11,8
Static Method,"org.apache.pdfbox.preflight.integration.TestIsartorValidation.closeDown()",preflight/src/test/java/org/apache/pdfbox/preflight/integration/TestIsartorValidation.java,,,,,,,,,,,,,,,,,,,,,,,,,1,5,0,5,2,1,0,1,1,1,2,1,1,1,1,1,1,,,,,,0,,0,00,1,1,1,1
Public Static Method,"org.apache.pdfbox.preflight.integration.TestIsartorValidation.initializeParameters()",preflight/src/test/java/org/apache/pdfbox/preflight/integration/TestIsartorValidation.java,,,,,,,,,,,,,,,,,,,,,,,,,4,50,2,45,12,30,4,22,6,22,29,13,26,6,6,7,4,,,,,,2,,0,09,6,6,7,4
Static Method,"org.apache.pdfbox.preflight.integration.TestIsartorValidation.setup()",preflight/src/test/java/org/apache/pdfbox/preflight/integration/TestIsartorValidation.java,,,,,,,,,,,,,,,,,,,,,,,,,1,5,0,5,2,1,0,2,1,1,2,1,1,1,1,1,1,,,,,,0,,0,00,1,1,1,1
Protected Static Method,"org.apache.pdfbox.preflight.integration.TestIsartorValidation.stopIfExpected()",preflight/src/test/java/org/apache/pdfbox/preflight/integration/TestIsartorValidation.java,,,,,,,,,,,,,,,,,,,,,,,,,1,6,0,6,2,3,0,4,1,3,4,2,3,1,1,1,1,,,,,,0,,0,00,1,1,1,1
Method,"org.apache.pdfbox.preflight.integration.TestIsartorValidation.validate(File,String)",preflight/src/test/java/org/apache/pdfbox/preflight/integration/TestIsartorValidation.java,,,,,,,,,,,,,,,,,,,,,,,,,3,6,0,6,3,1,0,1,1,1,2,1,1,1,1,1,1,,,,,,0,,0,00,1,1,1,1
Class,"org.apache.pdfbox.preflight.integration.TestValidFiles",preflight/src/test/java/org/apache/pdfbox/preflight/integration/TestValidFiles.java,2,2,2,1,13,0,12,1,1,20,0,,4,4,,,1,2,5,17,1,0,1,3,,110,14,70,24,35,26,,,30,42,21,29,,,,,4,4,4,1,1,1,80,0,37,11,11,12,5
Public Static Method,"org.apache.pdfbox.preflight.integration.TestValidFiles.afterClass()",preflight/src/test/java/org/apache/pdfbox/preflight/integration/TestValidFiles.java,,,,,,,,,,,,,,,,,,,,,,,,,1,5,0,5,2,1,0,1,1,1,2,1,1,1,1,1,1,,,,,,0,,0,00,1,1,1,1
Public Static Method,"org.apache.pdfbox.preflight.integration.TestValidFiles.beforeClass()",preflight/src/test/java/org/apache/pdfbox/preflight/integration/TestValidFiles.java,,,,,,,,,,,,,,,,,,,,,,,,,2,15,0,14,3,6,1,4,2,4,6,2,5,2,2,2,1,,,,,,1,,0,07,2,2,2,1
Public Static Method,"org.apache.pdfbox.preflight.integration.TestValidFiles.initializeParameters()",preflight/src/test/java/org/apache/pdfbox/preflight/integration/TestValidFiles.java,,,,,,,,,,,,,,,,,,,,,,,,,2,22,1,18,6,11,3,9,3,9,13,7,10,3,3,4,1,,,,,,1,,0,17,3,3,4,1
Protected Static Method,"org.apache.pdfbox.preflight.integration.TestValidFiles.stopIfExpected()",preflight/src/test/java/org/apache/pdfbox/preflight/integration/TestValidFiles.java,,,,,,,,,,,,,,,,,,,,,,,,,1,7,0,6,2,3,1,3,1,3,4,2,3,1,1,1,1,,,,,,0,,0,17,1,1,1,1
Method,"org.apache.pdfbox.preflight.integration.TestValidFiles.validate(File)",preflight/src/test/java/org/apache/pdfbox/preflight/integration/TestValidFiles.java,,,,,,,,,,,,,,,,,,,,,,,,,2,20,1,18,4,9,1,12,3,7,10,2,9,4,4,4,1,,,,,,1,,0,06,4,4,4,1
Package,"org.apache.pdfbox.preflight.metadata",preflight/src/main/java/org/apache/pdfbox/preflight/metadata/PDFAIdentificationValidation.java,2,2,2,1,25,1,17,6,,,,8,2,3,7,,47,13,49,,14,6,17,12,,1729,150,1027,248,505,552,,,454,592,226,433,,,,,10,10,10,3,,8,,0,54,133,133,140,58
Public Class,"org.apache.pdfbox.preflight.metadata.PDFAIdentificationValidation",preflight/src/main/java/org/apache/pdfbox/preflight/metadata/PDFAIdentificationValidation.java,2,2,3,1,17,0,13,4,1,13,0,,0,0,,,4,0,4,16,0,0,3,1,,104,6,56,10,29,42,,,16,26,10,21,,,,,5,5,5,1,1,2,0,0,75,10,10,12,4
Protected Method,"org.apache.pdfbox.preflight.metadata.PDFAIdentificationValidation.checkConformanceLevel(List<ValidationError>,String)",preflight/src/main/java/org/apache/pdfbox/preflight/metadata/PDFAIdentificationValidation.java,,,,,,,,,,,,,,,,,,,,,,,,,4,8,0,8,1,3,0,3,2,1,3,1,2,2,2,4,1,,,,,,1,,0,00,2,2,4,1
Protected Method,"org.apache.pdfbox.preflight.metadata.PDFAIdentificationValidation.checkPartNumber(List<ValidationError>,int)",preflight/src/main/java/org/apache/pdfbox/preflight/metadata/PDFAIdentificationValidation.java,,,,,,,,,,,,,,,,,,,,,,,,,4,7,0,7,1,2,0,2,2,1,3,1,2,2,2,2,1,,,,,,1,,0,00,2,2,2,1
Protected Method,"org.apache.pdfbox.preflight.metadata.PDFAIdentificationValidation.unexpectedPrefixFoundError(String,String,String)",preflight/src/main/java/org/apache/pdfbox/preflight/metadata/PDFAIdentificationValidation.java,,,,,,,,,,,,,,,,,,,,,,,,,5,16,1,7,2,4,8,5,1,3,4,2,3,1,1,1,1,,,,,,0,,1,14,1,1,1,1
Public Method,"org.apache.pdfbox.preflight.metadata.PDFAIdentificationValidation.validatePDFAIdentifer(XMPMetadata)",preflight/src/main/java/org/apache/pdfbox/preflight/metadata/PDFAIdentificationValidation.java,,,,,,,,,,,,,,,,,,,,,,,,,3,40,1,31,5,20,8,18,4,11,15,5,14,5,5,5,1,,,,,,2,,0,26,5,5,5,1
Public Class,"org.apache.pdfbox.preflight.metadata.RDFAboutAttributeConcordanceValidation",preflight/src/main/java/org/apache/pdfbox/preflight/metadata/RDFAboutAttributeConcordanceValidation.java,5,5,7,1,33,4,21,8,1,6,0,,0,0,,,1,0,1,13,0,0,0,1,,75,8,32,8,12,35,,,8,17,9,11,,,,,5,5,7,1,1,2,0,1,09,5,5,7,1
Public Static Class,"org.apache.pdfbox.preflight.metadata.RDFAboutAttributeConcordanceValidation.DifferentRDFAboutException",preflight/src/main/java/org/apache/pdfbox/preflight/metadata/RDFAboutAttributeConcordanceValidation.java,1,1,1,1,4,0,4,0,1,0,0,,0,1,,,1,0,1,44,0,0,0,1,,10,2,8,3,2,0,,,2,4,3,1,,,,,1,1,1,1,1,0,0,0,00,1,1,1,1
Public Constructor,"org.apache.pdfbox.preflight.metadata.RDFAboutAttributeConcordanceValidation.DifferentRDFAboutException.DifferentRDFAboutException()",preflight/src/main/java/org/apache/pdfbox/preflight/metadata/RDFAboutAttributeConcordanceValidation.java,,,,,,,,,,,,,,,,,,,,,,,,,1,4,0,4,1,1,0,2,1,1,2,1,1,1,1,1,1,,,,,,0,,0,00,1,1,1,1
Public Method,"org.apache.pdfbox.preflight.metadata.RDFAboutAttributeConcordanceValidation.validateRDFAboutAttributes(XMPMetadata)",preflight/src/main/java/org/apache/pdfbox/preflight/metadata/RDFAboutAttributeConcordanceValidation.java,,,,,,,,,,,,,,,,,,,,,,,,,2,33,4,21,4,10,8,7,10,6,12,5,10,5,5,7,1,,,,,,2,,0,38,5,5,7,1
Public Class,"org.apache.pdfbox.preflight.metadata.SynchronizedMetaDataValidation",preflight/src/main/java/org/apache/pdfbox/preflight/metadata/SynchronizedMetaDataValidation.java,3,3,3,1,31,0,21,9,1,27,0,,0,0,,,18,0,18,30,0,3,14,1,,617,33,393,49,181,191,,,96,165,46,145,,,,,10,10,10,3,1,8,0,0,49,68,68,71,22
Protected Method,"org.apache.pdfbox.preflight.metadata.SynchronizedMetaDataValidation.absentSchemaMetaDataError(String,String)",preflight/src/main/java/org/apache/pdfbox/preflight/metadata/SynchronizedMetaDataValidation.java,,,,,,,,,,,,,,,,,,,,,,,,,11,14,0,7,2,4,7,5,1,3,4,2,3,1,1,1,1,,,,,,0,,1,00,1,1,1,1
Protected Method,"org.apache.pdfbox.preflight.metadata.SynchronizedMetaDataValidation.absentXMPPropertyError(String,String)",preflight/src/main/java/org/apache/pdfbox/preflight/metadata/SynchronizedMetaDataValidation.java,,,,,,,,,,,,,,,,,,,,,,,,,11,14,0,7,2,4,7,5,1,3,4,2,3,1,1,1,1,,,,,,0,,1,00,1,1,1,1
Protected Method,"org.apache.pdfbox.preflight.metadata.SynchronizedMetaDataValidation.analyzeAuthorProperty(PDDocumentInformation,DublinCoreSchema,List<ValidationError>)",preflight/src/main/java/org/apache/pdfbox/preflight/metadata/SynchronizedMetaDataValidation.java,,,,,,,,,,,,,,,,,,,,,,,,,4,50,0,41,2,18,9,11,7,7,14,2,13,7,7,7,1,,,,,,6,,0,22,7,7,7,1
Protected Method,"org.apache.pdfbox.preflight.metadata.SynchronizedMetaDataValidation.analyzeCreationDateProperty(PDDocumentInformation,XMPBasicSchema,List<ValidationError>)",preflight/src/main/java/org/apache/pdfbox/preflight/metadata/SynchronizedMetaDataValidation.java,,,,,,,,,,,,,,,,,,,,,,,,,5,43,1,33,5,15,9,14,6,7,13,4,12,6,6,7,1,,,,,,4,,0,27,6,6,7,1
Protected Method,"org.apache.pdfbox.preflight.metadata.SynchronizedMetaDataValidation.analyzeCreatorToolProperty(PDDocumentInformation,XMPBasicSchema,List<ValidationError>)",preflight/src/main/java/org/apache/pdfbox/preflight/metadata/SynchronizedMetaDataValidation.java,,,,,,,,,,,,,,,,,,,,,,,,,4,36,0,26,2,11,10,9,5,5,10,2,9,5,5,5,1,,,,,,4,,0,38,5,5,5,1
Protected Method,"org.apache.pdfbox.preflight.metadata.SynchronizedMetaDataValidation.analyzeKeywordsProperty(PDDocumentInformation,AdobePDFSchema,List<ValidationError>)",preflight/src/main/java/org/apache/pdfbox/preflight/metadata/SynchronizedMetaDataValidation.java,,,,,,,,,,,,,,,,,,,,,,,,,4,35,0,26,2,11,9,9,5,5,10,2,9,5,5,5,1,,,,,,4,,0,35,5,5,5,1
Protected Method,"org.apache.pdfbox.preflight.metadata.SynchronizedMetaDataValidation.analyzeModifyDateProperty(PDDocumentInformation,XMPBasicSchema,List<ValidationError>)",preflight/src/main/java/org/apache/pdfbox/preflight/metadata/SynchronizedMetaDataValidation.java,,,,,,,,,,,,,,,,,,,,,,,,,5,42,0,33,5,15,9,14,6,7,13,4,12,6,6,7,1,,,,,,4,,0,27,6,6,7,1
Protected Method,"org.apache.pdfbox.preflight.metadata.SynchronizedMetaDataValidation.analyzeProducerProperty(PDDocumentInformation,AdobePDFSchema,List<ValidationError>)",preflight/src/main/java/org/apache/pdfbox/preflight/metadata/SynchronizedMetaDataValidation.java,,,,,,,,,,,,,,,,,,,,,,,,,4,36,1,26,2,11,9,9,5,5,10,2,9,5,5,5,1,,,,,,4,,0,35,5,5,5,1
Protected Method,"org.apache.pdfbox.preflight.metadata.SynchronizedMetaDataValidation.analyzeSubjectProperty(PDDocumentInformation,DublinCoreSchema,List<ValidationError>)",preflight/src/main/java/org/apache/pdfbox/preflight/metadata/SynchronizedMetaDataValidation.java,,,,,,,,,,,,,,,,,,,,,,,,,5,53,1,41,2,18,11,11,7,7,14,2,13,7,7,7,1,,,,,,6,,0,27,7,7,7,1
Protected Method,"org.apache.pdfbox.preflight.metadata.SynchronizedMetaDataValidation.analyzeTitleProperty(PDDocumentInformation,DublinCoreSchema,List<ValidationError>)",preflight/src/main/java/org/apache/pdfbox/preflight/metadata/SynchronizedMetaDataValidation.java,,,,,,,,,,,,,,,,,,,,,,,,,5,72,0,59,4,26,13,18,10,11,21,4,20,10,10,10,1,,,,,,8,,0,22,10,10,10,1
Protected Method,"org.apache.pdfbox.preflight.metadata.SynchronizedMetaDataValidation.badFieldXMPPropertyError(String,String)",preflight/src/main/java/org/apache/pdfbox/preflight/metadata/SynchronizedMetaDataValidation.java,,,,,,,,,,,,,,,,,,,,,,,,,5,14,0,7,2,4,7,5,1,3,4,2,3,1,1,1,1,,,,,,0,,1,00,1,1,1,1
Private Method,"org.apache.pdfbox.preflight.metadata.SynchronizedMetaDataValidation.hasTimeZone(Object)",preflight/src/main/java/org/apache/pdfbox/preflight/metadata/SynchronizedMetaDataValidation.java,,,,,,,,,,,,,,,,,,,,,,,,,3,25,0,13,2,6,12,2,3,4,7,2,5,3,3,3,3,,,,,,1,,0,92,3,3,3,3
Private Method,"org.apache.pdfbox.preflight.metadata.SynchronizedMetaDataValidation.isValidPDFDateFormat(COSBase)",preflight/src/main/java/org/apache/pdfbox/preflight/metadata/SynchronizedMetaDataValidation.java,,,,,,,,,,,,,,,,,,,,,,,,,3,20,0,12,2,5,8,3,3,3,6,2,5,3,3,3,3,,,,,,2,,0,67,3,3,3,3
Private Method,"org.apache.pdfbox.preflight.metadata.SynchronizedMetaDataValidation.removeTrailingNul(String)",preflight/src/main/java/org/apache/pdfbox/preflight/metadata/SynchronizedMetaDataValidation.java,,,,,,,,,,,,,,,,,,,,,,,,,7,17,0,9,2,4,8,4,2,3,5,2,4,2,2,3,1,,,,,,1,,0,89,2,2,3,1
Protected Method,"org.apache.pdfbox.preflight.metadata.SynchronizedMetaDataValidation.schemaAccessException(String,Throwable)",preflight/src/main/java/org/apache/pdfbox/preflight/metadata/SynchronizedMetaDataValidation.java,,,,,,,,,,,,,,,,,,,,,,,,,3,13,0,6,2,3,7,5,1,3,4,2,3,1,1,1,1,,,,,,0,,1,17,1,1,1,1
Protected Method,"org.apache.pdfbox.preflight.metadata.SynchronizedMetaDataValidation.unexpectedPrefixFoundError(String,String,String)",preflight/src/main/java/org/apache/pdfbox/preflight/metadata/SynchronizedMetaDataValidation.java,,,,,,,,,,,,,,,,,,,,,,,,,4,16,1,7,2,4,8,5,1,3,4,2,3,1,1,1,1,,,,,,0,,1,14,1,1,1,1
Protected Method,"org.apache.pdfbox.preflight.metadata.SynchronizedMetaDataValidation.unsynchronizedMetaDataError(String)",preflight/src/main/java/org/apache/pdfbox/preflight/metadata/SynchronizedMetaDataValidation.java,,,,,,,,,,,,,,,,,,,,,,,,,10,11,0,5,1,2,6,2,1,1,2,1,1,1,1,1,1,,,,,,0,,1,20,1,1,1,1
Public Method,"org.apache.pdfbox.preflight.metadata.SynchronizedMetaDataValidation.validateMetadataSynchronization(PDDocument,XMPMetadata)",preflight/src/main/java/org/apache/pdfbox/preflight/metadata/SynchronizedMetaDataValidation.java,,,,,,,,,,,,,,,,,,,,,,,,,15,58,10,32,7,20,16,15,3,16,19,6,18,3,3,3,1,,,,,,2,,0,50,3,3,3,1
Class,"org.apache.pdfbox.preflight.metadata.TestMetadataFiles",preflight/src/test/java/org/apache/pdfbox/preflight/metadata/TestMetadataFiles.java,2,2,2,1,24,2,21,0,1,7,0,,0,0,,,2,0,2,14,1,1,0,0,,72,6,46,15,26,20,,,18,24,11,18,,,,,4,4,4,1,1,2,0,0,43,5,5,5,2
Private Method,"org.apache.pdfbox.preflight.metadata.TestMetadataFiles.checkPDF(File)",preflight/src/test/java/org/apache/pdfbox/preflight/metadata/TestMetadataFiles.java,,,,,,,,,,,,,,,,,,,,,,,,,3,25,0,25,3,12,0,5,5,7,11,3,8,4,4,4,1,,,,,,2,,0,00,4,4,4,1
Method,"org.apache.pdfbox.preflight.metadata.TestMetadataFiles.validate()",preflight/src/test/java/org/apache/pdfbox/preflight/metadata/TestMetadataFiles.java,,,,,,,,,,,,,,,,,,,,,,,,,0,23,5,18,11,14,0,4,1,11,12,7,10,1,1,1,1,,,,,,0,,0,00,1,1,1,1
Class,"org.apache.pdfbox.preflight.metadata.TestSynchronizedMetadataValidation",preflight/src/test/java/org/apache/pdfbox/preflight/metadata/TestSynchronizedMetadataValidation.java,1,1,1,1,32,2,20,9,1,25,0,,1,1,,,16,12,17,29,13,1,0,3,,597,52,357,68,232,188,,,211,244,54,217,,,,,3,3,3,1,1,2,53,0,53,34,34,34,21
Method,"org.apache.pdfbox.preflight.metadata.TestSynchronizedMetadataValidation.TestDocumentWithoutInformation()",preflight/src/test/java/org/apache/pdfbox/preflight/metadata/TestSynchronizedMetadataValidation.java,,,,,,,,,,,,,,,,,,,,,,,,,5,19,0,13,2,5,6,6,2,3,5,1,4,2,2,2,1,,,,,,1,,0,46,2,2,2,1
Method,"org.apache.pdfbox.preflight.metadata.TestSynchronizedMetadataValidation.TestNullDocument()",preflight/src/test/java/org/apache/pdfbox/preflight/metadata/TestSynchronizedMetadataValidation.java,,,,,,,,,,,,,,,,,,,,,,,,,1,12,0,7,2,3,5,1,1,2,3,1,2,1,1,1,1,,,,,,0,,0,71,2,2,2,2
Lambda Method,"org.apache.pdfbox.preflight.metadata.TestSynchronizedMetadataValidation.TestNullDocument.(lambda_expr_1)()",preflight/src/test/java/org/apache/pdfbox/preflight/metadata/TestSynchronizedMetadataValidation.java,,,,,,,,,,,,,,,,,,,,,,,,,2,3,0,3,0,2,0,2,1,1,1,0,1,1,1,1,1,,,,,,0,,0,00,1,1,1,1
Method,"org.apache.pdfbox.preflight.metadata.TestSynchronizedMetadataValidation.TestNullMetaData()",preflight/src/test/java/org/apache/pdfbox/preflight/metadata/TestSynchronizedMetadataValidation.java,,,,,,,,,,,,,,,,,,,,,,,,,1,12,0,7,2,3,5,1,1,2,3,1,2,1,1,1,1,,,,,,0,,0,71,2,2,2,2
Lambda Method,"org.apache.pdfbox.preflight.metadata.TestSynchronizedMetadataValidation.TestNullMetaData.(lambda_expr_1)()",preflight/src/test/java/org/apache/pdfbox/preflight/metadata/TestSynchronizedMetadataValidation.java,,,,,,,,,,,,,,,,,,,,,,,,,2,3,0,3,0,2,0,2,1,1,1,0,1,1,1,1,1,,,,,,0,,0,00,1,1,1,1
Public Method,"org.apache.pdfbox.preflight.metadata.TestSynchronizedMetadataValidation.checkErrors()",preflight/src/test/java/org/apache/pdfbox/preflight/metadata/TestSynchronizedMetadataValidation.java,,,,,,,,,,,,,,,,,,,,,,,,,1,16,0,12,2,4,4,2,2,2,4,1,3,2,2,2,1,,,,,,1,,0,33,2,2,2,1
Method,"org.apache.pdfbox.preflight.metadata.TestSynchronizedMetadataValidation.checkSchemaAccessException()",preflight/src/test/java/org/apache/pdfbox/preflight/metadata/TestSynchronizedMetadataValidation.java,,,,,,,,,,,,,,,,,,,,,,,,,1,11,0,6,3,2,5,4,1,2,3,2,2,1,1,1,1,,,,,,0,,0,83,1,1,1,1
Public Method,"org.apache.pdfbox.preflight.metadata.TestSynchronizedMetadataValidation.initNewDocumentInformation()",preflight/src/test/java/org/apache/pdfbox/preflight/metadata/TestSynchronizedMetadataValidation.java,,,,,,,,,,,,,,,,,,,,,,,,,1,7,0,7,2,3,0,6,1,3,4,1,3,1,1,1,1,,,,,,0,,0,00,1,1,1,1
Public Static Method,"org.apache.pdfbox.preflight.metadata.TestSynchronizedMetadataValidation.initSynchronizedMetadataValidation()",preflight/src/test/java/org/apache/pdfbox/preflight/metadata/TestSynchronizedMetadataValidation.java,,,,,,,,,,,,,,,,,,,,,,,,,0,5,0,5,2,1,0,1,1,1,2,1,1,1,1,1,1,,,,,,0,,0,00,1,1,1,1
Private Method,"org.apache.pdfbox.preflight.metadata.TestSynchronizedMetadataValidation.initValues()",preflight/src/test/java/org/apache/pdfbox/preflight/metadata/TestSynchronizedMetadataValidation.java,,,,,,,,,,,,,,,,,,,,,,,,,9,17,1,13,1,10,3,10,1,10,11,1,10,1,1,1,1,,,,,,0,,0,23,1,1,1,1
Method,"org.apache.pdfbox.preflight.metadata.TestSynchronizedMetadataValidation.testAllInfoSynchronized()",preflight/src/test/java/org/apache/pdfbox/preflight/metadata/TestSynchronizedMetadataValidation.java,,,,,,,,,,,,,,,,,,,,,,,,,14,53,3,33,5,25,17,26,2,23,25,4,24,2,2,2,1,,,,,,1,,0,52,2,2,2,1
Method,"org.apache.pdfbox.preflight.metadata.TestSynchronizedMetadataValidation.testAllInfoUnsynchronized()",preflight/src/test/java/org/apache/pdfbox/preflight/metadata/TestSynchronizedMetadataValidation.java,,,,,,,,,,,,,,,,,,,,,,,,,6,55,4,34,7,26,17,27,2,24,26,6,25,2,2,2,1,,,,,,1,,0,50,2,2,2,1
Method,"org.apache.pdfbox.preflight.metadata.TestSynchronizedMetadataValidation.testBadPrefixSchemas()",preflight/src/test/java/org/apache/pdfbox/preflight/metadata/TestSynchronizedMetadataValidation.java,,,,,,,,,,,,,,,,,,,,,,,,,15,59,4,39,5,29,16,27,3,26,30,5,28,3,3,3,1,,,,,,2,,0,41,3,3,3,1
Method,"org.apache.pdfbox.preflight.metadata.TestSynchronizedMetadataValidation.testBadSizeOfArrays()",preflight/src/test/java/org/apache/pdfbox/preflight/metadata/TestSynchronizedMetadataValidation.java,,,,,,,,,,,,,,,,,,,,,,,,,6,58,4,36,7,28,18,27,2,26,28,6,27,2,2,2,1,,,,,,1,,0,50,2,2,2,1
Method,"org.apache.pdfbox.preflight.metadata.TestSynchronizedMetadataValidation.testEmptyXMP()",preflight/src/test/java/org/apache/pdfbox/preflight/metadata/TestSynchronizedMetadataValidation.java,,,,,,,,,,,,,,,,,,,,,,,,,15,42,2,25,2,15,15,15,3,12,16,2,14,3,3,3,1,,,,,,2,,0,60,3,3,3,1
Method,"org.apache.pdfbox.preflight.metadata.TestSynchronizedMetadataValidation.testEmptyXMPSchemas()",preflight/src/test/java/org/apache/pdfbox/preflight/metadata/TestSynchronizedMetadataValidation.java,,,,,,,,,,,,,,,,,,,,,,,,,14,45,4,25,2,17,16,18,2,15,17,1,16,2,2,2,1,,,,,,1,,0,64,2,2,2,1
Method,"org.apache.pdfbox.preflight.metadata.TestSynchronizedMetadataValidation.testNullArrayValue()",preflight/src/test/java/org/apache/pdfbox/preflight/metadata/TestSynchronizedMetadataValidation.java,,,,,,,,,,,,,,,,,,,,,,,,,8,37,5,22,3,14,10,10,2,10,12,2,11,2,2,2,1,,,,,,1,,0,45,4,4,4,3
Lambda Method,"org.apache.pdfbox.preflight.metadata.TestSynchronizedMetadataValidation.testNullArrayValue.(lambda_expr_1)()",preflight/src/test/java/org/apache/pdfbox/preflight/metadata/TestSynchronizedMetadataValidation.java,,,,,,,,,,,,,,,,,,,,,,,,,0,3,0,3,0,2,0,2,1,1,1,0,1,1,1,1,1,,,,,,0,,0,00,1,1,1,1
Lambda Method,"org.apache.pdfbox.preflight.metadata.TestSynchronizedMetadataValidation.testNullArrayValue.(lambda_expr_2)()",preflight/src/test/java/org/apache/pdfbox/preflight/metadata/TestSynchronizedMetadataValidation.java,,,,,,,,,,,,,,,,,,,,,,,,,0,3,0,3,0,2,0,2,1,1,1,0,1,1,1,1,1,,,,,,0,,0,00,1,1,1,1
Method,"org.apache.pdfbox.preflight.metadata.TestSynchronizedMetadataValidation.testPDFBox4292()",preflight/src/test/java/org/apache/pdfbox/preflight/metadata/TestSynchronizedMetadataValidation.java,,,,,,,,,,,,,,,,,,,,,,,,,6,33,4,21,5,13,8,14,2,11,13,4,12,2,2,2,1,,,,,,1,,0,38,2,2,2,1
Method,"org.apache.pdfbox.preflight.metadata.TestSynchronizedMetadataValidation.testdoublePrefixSchemas()",preflight/src/test/java/org/apache/pdfbox/preflight/metadata/TestSynchronizedMetadataValidation.java,,,,,,,,,,,,,,,,,,,,,,,,,14,63,4,42,8,34,17,31,2,32,34,7,33,2,2,2,1,,,,,,1,,0,40,2,2,2,1
Public Class,"org.apache.pdfbox.preflight.metadata.UniquePropertiesValidation",preflight/src/main/java/org/apache/pdfbox/preflight/metadata/UniquePropertiesValidation.java,2,2,2,1,24,3,16,4,1,17,0,,1,0,,,1,0,2,14,0,1,0,1,,79,8,36,6,19,35,,,13,19,4,16,,,,,3,3,3,1,1,1,0,0,97,6,6,6,3
Private Static Method,"org.apache.pdfbox.preflight.metadata.UniquePropertiesValidation.analyzePropertyUniqueness(XMPSchema,String,List<ValidationResult.ValidationError>)",preflight/src/main/java/org/apache/pdfbox/preflight/metadata/UniquePropertiesValidation.java,,,,,,,,,,,,,,,,,,,,,,,,,6,15,0,15,2,7,0,7,3,2,5,1,4,3,3,3,1,,,,,,1,,0,00,4,4,4,2
Lambda Method,"org.apache.pdfbox.preflight.metadata.UniquePropertiesValidation.analyzePropertyUniqueness.(lambda_expr_1)(AbstractField (inferred))",preflight/src/main/java/org/apache/pdfbox/preflight/metadata/UniquePropertiesValidation.java,,,,,,,,,,,,,,,,,,,,,,,,,2,1,0,1,0,1,0,3,1,0,0,0,0,1,1,1,1,,,,,,0,,0,00,1,1,1,1
Public Method,"org.apache.pdfbox.preflight.metadata.UniquePropertiesValidation.validatePropertiesUniqueness(PDDocument,XMPMetadata)",preflight/src/main/java/org/apache/pdfbox/preflight/metadata/UniquePropertiesValidation.java,,,,,,,,,,,,,,,,,,,,,,,,,11,33,6,18,3,12,9,7,2,11,13,2,12,2,2,2,1,,,,,,1,,0,50,2,2,2,1
Public Class,"org.apache.pdfbox.preflight.metadata.XpacketParsingException",preflight/src/main/java/org/apache/pdfbox/preflight/metadata/XpacketParsingException.java,1,1,1,1,7,0,4,3,1,2,0,,0,1,,,4,1,4,47,0,0,0,4,,70,7,22,7,6,41,,,7,12,7,5,,,,,1,1,1,1,1,0,50,1,86,4,4,4,4
Public Constructor,"org.apache.pdfbox.preflight.metadata.XpacketParsingException.XpacketParsingException(String)",preflight/src/main/java/org/apache/pdfbox/preflight/metadata/XpacketParsingException.java,,,,,,,,,,,,,,,,,,,,,,,,,1,10,0,4,1,1,6,2,1,1,2,1,1,1,1,1,1,,,,,,0,,1,50,1,1,1,1
Public Constructor,"org.apache.pdfbox.preflight.metadata.XpacketParsingException.XpacketParsingException(String,Throwable)",preflight/src/main/java/org/apache/pdfbox/preflight/metadata/XpacketParsingException.java,,,,,,,,,,,,,,,,,,,,,,,,,2,12,0,4,1,1,8,2,1,1,2,1,1,1,1,1,1,,,,,,0,,2,00,1,1,1,1
Public Constructor,"org.apache.pdfbox.preflight.metadata.XpacketParsingException.XpacketParsingException(String,ValidationError)",preflight/src/main/java/org/apache/pdfbox/preflight/metadata/XpacketParsingException.java,,,,,,,,,,,,,,,,,,,,,,,,,3,5,0,5,1,2,0,3,1,2,3,1,2,1,1,1,1,,,,,,0,,0,00,1,1,1,1
Public Method,"org.apache.pdfbox.preflight.metadata.XpacketParsingException.getError()",preflight/src/main/java/org/apache/pdfbox/preflight/metadata/XpacketParsingException.java,,,,,,,,,,,,,,,,,,,,,,,,,2,4,0,4,1,1,0,1,1,1,2,1,1,1,1,1,1,,,,,,0,,0,00,1,1,1,1
Package,"org.apache.pdfbox.preflight.parser",preflight/src/main/java/org/apache/pdfbox/preflight/parser/PreflightParser.java,3,3,3,1,25,0,20,4,,,,3,1,2,3,,35,8,36,,4,10,13,9,,1193,91,867,255,450,239,,,404,520,236,366,,,,,14,14,16,9,,4,,0,28,113,113,140,51
Public Class,"org.apache.pdfbox.preflight.parser.PreflightParser",preflight/src/main/java/org/apache/pdfbox/preflight/parser/PreflightParser.java,4,4,5,1,32,0,25,6,1,43,0,,1,1,,,22,4,23,129,0,6,11,6,,804,50,590,109,332,167,,,213,305,96,254,,,,,14,14,16,9,4,4,89,0,28,93,93,120,36
Public Constructor,"org.apache.pdfbox.preflight.parser.PreflightParser.PreflightParser(File)",preflight/src/main/java/org/apache/pdfbox/preflight/parser/PreflightParser.java,,,,,,,,,,,,,,,,,,,,,,,,,3,10,0,4,1,1,6,3,1,1,2,1,1,1,1,1,1,,,,,,0,,1,50,1,1,1,1
Public Constructor,"org.apache.pdfbox.preflight.parser.PreflightParser.PreflightParser(String)",preflight/src/main/java/org/apache/pdfbox/preflight/parser/PreflightParser.java,,,,,,,,,,,,,,,,,,,,,,,,,1,10,0,4,1,1,6,3,1,1,2,1,1,1,1,1,1,,,,,,0,,1,50,1,1,1,1
Private Method,"org.apache.pdfbox.preflight.parser.PreflightParser.addValidationError(ValidationError)",preflight/src/main/java/org/apache/pdfbox/preflight/parser/PreflightParser.java,,,,,,,,,,,,,,,,,,,,,,,,,14,9,0,4,1,1,5,1,1,1,2,1,1,1,1,1,1,,,,,,0,,1,25,1,1,1,1
Private Method,"org.apache.pdfbox.preflight.parser.PreflightParser.checkEndstreamKeyWord(COSDictionary,long)",preflight/src/main/java/org/apache/pdfbox/preflight/parser/PreflightParser.java,,,,,,,,,,,,,,,,,,,,,,,,,9,53,1,45,10,31,8,10,24,19,25,9,20,6,6,11,1,,,,,,2,,0,18,6,6,11,1
Private Method,"org.apache.pdfbox.preflight.parser.PreflightParser.checkPdfHeader()",preflight/src/main/java/org/apache/pdfbox/preflight/parser/PreflightParser.java,,,,,,,,,,,,,,,,,,,,,,,,,6,46,0,41,5,22,5,9,19,13,21,6,18,8,8,10,1,,,,,,4,,0,12,8,8,10,1
Private Method,"org.apache.pdfbox.preflight.parser.PreflightParser.checkStreamKeyWord()",preflight/src/main/java/org/apache/pdfbox/preflight/parser/PreflightParser.java,,,,,,,,,,,,,,,,,,,,,,,,,5,32,0,26,4,15,6,9,6,9,13,4,12,4,4,5,1,,,,,,1,,0,23,4,4,5,1
Protected Method,"org.apache.pdfbox.preflight.parser.PreflightParser.createDocument()",preflight/src/main/java/org/apache/pdfbox/preflight/parser/PreflightParser.java,,,,,,,,,,,,,,,,,,,,,,,,,4,6,0,6,2,2,0,3,1,2,3,1,2,1,1,1,1,,,,,,0,,0,00,1,1,1,1
Protected Method,"org.apache.pdfbox.preflight.parser.PreflightParser.initialParse()",preflight/src/main/java/org/apache/pdfbox/preflight/parser/PreflightParser.java,,,,,,,,,,,,,,,,,,,,,,,,,2,8,0,7,3,3,1,4,1,3,4,2,3,1,1,1,1,,,,,,0,,0,14,2,2,2,2
Lambda Method,"org.apache.pdfbox.preflight.parser.PreflightParser.initialParse.(lambda_expr_1)(COSObjectKey (inferred))",preflight/src/main/java/org/apache/pdfbox/preflight/parser/PreflightParser.java,,,,,,,,,,,,,,,,,,,,,,,,,2,1,0,1,0,1,0,3,1,0,0,0,0,1,1,1,1,,,,,,0,,0,00,1,1,1,1
Protected Method,"org.apache.pdfbox.preflight.parser.PreflightParser.lastIndexOf(char[],byte[],int)",preflight/src/main/java/org/apache/pdfbox/preflight/parser/PreflightParser.java,,,,,,,,,,,,,,,,,,,,,,,,,10,32,0,29,6,16,3,6,4,8,12,5,8,4,4,11,1,,,,,,3,,0,10,4,4,11,1
Private Method,"org.apache.pdfbox.preflight.parser.PreflightParser.nextIsEOL()",preflight/src/main/java/org/apache/pdfbox/preflight/parser/PreflightParser.java,,,,,,,,,,,,,,,,,,,,,,,,,5,15,0,15,3,8,0,3,3,6,9,3,7,3,3,5,1,,,,,,1,,0,00,3,3,5,1
Public Method,"org.apache.pdfbox.preflight.parser.PreflightParser.parse()",preflight/src/main/java/org/apache/pdfbox/preflight/parser/PreflightParser.java,,,,,,,,,,,,,,,,,,,,,,,,,2,5,0,5,2,1,0,2,1,1,2,1,1,1,1,1,1,,,,,,0,,0,00,1,1,1,1
Public Method,"org.apache.pdfbox.preflight.parser.PreflightParser.parse(Format)",preflight/src/main/java/org/apache/pdfbox/preflight/parser/PreflightParser.java,,,,,,,,,,,,,,,,,,,,,,,,,2,11,0,4,1,1,7,2,1,1,2,1,1,1,1,1,1,,,,,,0,,1,75,1,1,1,1
Public Method,"org.apache.pdfbox.preflight.parser.PreflightParser.parse(Format,PreflightConfiguration)",preflight/src/main/java/org/apache/pdfbox/preflight/parser/PreflightParser.java,,,,,,,,,,,,,,,,,,,,,,,,,10,36,0,24,3,17,12,18,2,15,17,3,15,3,3,3,1,,,,,,1,,0,50,3,3,3,1
Protected Method,"org.apache.pdfbox.preflight.parser.PreflightParser.parseCOSArray()",preflight/src/main/java/org/apache/pdfbox/preflight/parser/PreflightParser.java,,,,,,,,,,,,,,,,,,,,,,,,,2,13,0,10,3,4,3,5,2,3,5,2,4,2,2,3,1,,,,,,1,,0,30,2,2,3,1
Protected Method,"org.apache.pdfbox.preflight.parser.PreflightParser.parseCOSName()",preflight/src/main/java/org/apache/pdfbox/preflight/parser/PreflightParser.java,,,,,,,,,,,,,,,,,,,,,,,,,3,13,0,10,3,4,3,6,2,3,5,2,4,2,2,3,1,,,,,,1,,0,30,2,2,3,1
Protected Method,"org.apache.pdfbox.preflight.parser.PreflightParser.parseCOSStream(COSDictionary)",preflight/src/main/java/org/apache/pdfbox/preflight/parser/PreflightParser.java,,,,,,,,,,,,,,,,,,,,,,,,,2,19,0,8,4,4,11,4,1,4,5,3,4,1,1,1,1,,,,,,0,,1,38,1,1,1,1
Protected Method,"org.apache.pdfbox.preflight.parser.PreflightParser.parseCOSString()",preflight/src/main/java/org/apache/pdfbox/preflight/parser/PreflightParser.java,,,,,,,,,,,,,,,,,,,,,,,,,5,54,3,40,6,22,11,11,16,13,19,5,17,7,7,8,5,,,,,,4,,0,28,7,7,8,5
Protected Method,"org.apache.pdfbox.preflight.parser.PreflightParser.parseDirObject()",preflight/src/main/java/org/apache/pdfbox/preflight/parser/PreflightParser.java,,,,,,,,,,,,,,,,,,,,,,,,,9,45,2,36,7,18,7,8,15,9,16,6,13,7,7,9,1,,,,,,3,,0,19,7,7,9,1
Private Method,"org.apache.pdfbox.preflight.parser.PreflightParser.parseFileObject(Long,COSObjectKey)",preflight/src/main/java/org/apache/pdfbox/preflight/parser/PreflightParser.java,,,,,,,,,,,,,,,,,,,,,,,,,8,123,8,106,12,68,11,33,528,40,55,12,51,14,14,16,1,,,,,,3,,0,10,14,14,16,1
Protected Method,"org.apache.pdfbox.preflight.parser.PreflightParser.parseObjectDynamically(COSObjectKey,boolean)",preflight/src/main/java/org/apache/pdfbox/preflight/parser/PreflightParser.java,,,,,,,,,,,,,,,,,,,,,,,,,6,56,3,45,7,25,8,14,17,11,18,4,16,7,7,9,1,,,,,,2,,0,18,7,7,9,1
Protected Method,"org.apache.pdfbox.preflight.parser.PreflightParser.parseXrefTable(long)",preflight/src/main/java/org/apache/pdfbox/preflight/parser/PreflightParser.java,,,,,,,,,,,,,,,,,,,,,,,,,7,118,5,94,14,58,19,28,268,39,53,14,49,14,14,15,9,,,,,,4,,0,20,14,14,15,9
Protected Method,"org.apache.pdfbox.preflight.parser.PreflightParser.resetTrailerResolver()",preflight/src/main/java/org/apache/pdfbox/preflight/parser/PreflightParser.java,,,,,,,,,,,,,,,,,,,,,,,,,0,6,0,5,2,1,1,1,1,1,2,1,1,1,1,1,1,,,,,,0,,0,20,1,1,1,1
Public Static Method,"org.apache.pdfbox.preflight.parser.PreflightParser.validate(File)",preflight/src/main/java/org/apache/pdfbox/preflight/parser/PreflightParser.java,,,,,,,,,,,,,,,,,,,,,,,,,13,21,0,14,3,6,7,5,2,5,7,3,5,2,2,2,1,,,,,,1,,0,50,2,2,2,1
Class,"org.apache.pdfbox.preflight.parser.TestXmlResultParser",preflight/src/test/java/org/apache/pdfbox/preflight/parser/TestXmlResultParser.java,1,1,1,1,10,0,10,0,1,16,0,,0,1,,,5,4,5,17,4,0,0,1,,102,13,60,24,34,29,,,37,43,19,33,,,,,1,1,1,1,1,0,0,0,48,5,5,5,5
Public Method,"org.apache.pdfbox.preflight.parser.TestXmlResultParser.before()",preflight/src/test/java/org/apache/pdfbox/preflight/parser/TestXmlResultParser.java,,,,,,,,,,,,,,,,,,,,,,,,,2,7,0,7,2,3,0,9,1,3,4,1,3,1,1,1,1,,,,,,0,,0,00,1,1,1,1
Method,"org.apache.pdfbox.preflight.parser.TestXmlResultParser.testOneError()",preflight/src/test/java/org/apache/pdfbox/preflight/parser/TestXmlResultParser.java,,,,,,,,,,,,,,,,,,,,,,,,,6,10,0,10,4,6,0,7,1,6,7,3,6,1,1,1,1,,,,,,0,,0,00,1,1,1,1
Method,"org.apache.pdfbox.preflight.parser.TestXmlResultParser.testSameCodeWithDifferentMessages()",preflight/src/test/java/org/apache/pdfbox/preflight/parser/TestXmlResultParser.java,,,,,,,,,,,,,,,,,,,,,,,,,7,11,0,11,4,7,0,7,1,7,8,3,7,1,1,1,1,,,,,,0,,0,00,1,1,1,1
Method,"org.apache.pdfbox.preflight.parser.TestXmlResultParser.testSameErrorTwice()",preflight/src/test/java/org/apache/pdfbox/preflight/parser/TestXmlResultParser.java,,,,,,,,,,,,,,,,,,,,,,,,,6,13,0,13,4,9,0,7,1,9,10,3,9,1,1,1,1,,,,,,0,,0,00,1,1,1,1
Method,"org.apache.pdfbox.preflight.parser.TestXmlResultParser.testTwoError()",preflight/src/test/java/org/apache/pdfbox/preflight/parser/TestXmlResultParser.java,,,,,,,,,,,,,,,,,,,,,,,,,7,11,0,11,4,7,0,7,1,7,8,3,7,1,1,1,1,,,,,,0,,0,00,1,1,1,1
Public Class,"org.apache.pdfbox.preflight.parser.XmlResultParser",preflight/src/main/java/org/apache/pdfbox/preflight/parser/XmlResultParser.java,1,1,1,1,19,0,16,2,1,24,0,,0,0,,,8,0,8,20,0,4,2,2,,193,14,137,42,84,43,,,74,92,41,79,,,,,3,3,3,3,1,2,0,0,31,15,15,15,10
Private Method,"org.apache.pdfbox.preflight.parser.XmlResultParser.cleanErrorList(List<ValidationError>)",preflight/src/main/java/org/apache/pdfbox/preflight/parser/XmlResultParser.java,,,,,,,,,,,,,,,,,,,,,,,,,2,18,1,17,3,8,0,5,3,5,9,4,7,3,3,3,1,,,,,,2,,0,00,3,3,3,1
Protected Method,"org.apache.pdfbox.preflight.parser.XmlResultParser.createResponseWithError(Document,String,ValidationResult,Element)",preflight/src/main/java/org/apache/pdfbox/preflight/parser/XmlResultParser.java,,,,,,,,,,,,,,,,,,,,,,,,,9,34,0,33,11,26,1,14,3,24,28,12,25,3,3,3,1,,,,,,2,,0,03,3,3,3,1
Private Method,"org.apache.pdfbox.preflight.parser.XmlResultParser.generateFailureResponse(Document,String,long,String,Exception)",preflight/src/main/java/org/apache/pdfbox/preflight/parser/XmlResultParser.java,,,,,,,,,,,,,,,,,,,,,,,,,6,24,0,22,9,18,2,12,1,18,19,8,18,1,1,1,1,,,,,,0,,0,09,1,1,1,1
Protected Method,"org.apache.pdfbox.preflight.parser.XmlResultParser.generateResponseSkeleton(Document,String,long)",preflight/src/main/java/org/apache/pdfbox/preflight/parser/XmlResultParser.java,,,,,,,,,,,,,,,,,,,,,,,,,6,11,0,9,3,6,2,6,1,6,7,3,6,1,1,1,1,,,,,,0,,0,22,1,1,1,1
Public Method,"org.apache.pdfbox.preflight.parser.XmlResultParser.validate(Document,File)",preflight/src/main/java/org/apache/pdfbox/preflight/parser/XmlResultParser.java,,,,,,,,,,,,,,,,,,,,,,,,,3,12,0,4,1,1,8,3,1,1,2,1,1,1,1,1,1,,,,,,0,,2,00,1,1,1,1
Private Method,"org.apache.pdfbox.preflight.parser.XmlResultParser.validate(Document,File,String)",preflight/src/main/java/org/apache/pdfbox/preflight/parser/XmlResultParser.java,,,,,,,,,,,,,,,,,,,,,,,,,7,36,2,32,10,19,2,12,3,16,19,9,17,3,3,3,3,,,,,,1,,0,06,3,3,3,3
Public Method,"org.apache.pdfbox.preflight.parser.XmlResultParser.validate(File)",preflight/src/main/java/org/apache/pdfbox/preflight/parser/XmlResultParser.java,,,,,,,,,,,,,,,,,,,,,,,,,2,11,0,4,1,1,7,3,1,1,2,1,1,1,1,1,1,,,,,,0,,1,75,1,1,1,1
Private Method,"org.apache.pdfbox.preflight.parser.XmlResultParser.validate(File,String)",preflight/src/main/java/org/apache/pdfbox/preflight/parser/XmlResultParser.java,,,,,,,,,,,,,,,,,,,,,,,,,4,13,0,13,3,5,1,6,2,3,5,2,4,2,2,2,1,,,,,,1,,0,08,2,2,2,1
Package,"org.apache.pdfbox.preflight.process",preflight/src/main/java/org/apache/pdfbox/preflight/process/AbstractProcess.java,3,3,4,1,26,0,20,5,,,,12,1,1,12,,47,1,48,,1,17,17,13,,1959,145,1290,375,575,529,,,507,710,363,429,,,,,15,15,15,7,,4,,0,41,189,189,225,97
Public Abstract Class,"org.apache.pdfbox.preflight.process.AbstractProcess",preflight/src/main/java/org/apache/pdfbox/preflight/process/AbstractProcess.java,4,4,4,1,19,0,18,1,2,10,19,,0,0,,,3,0,3,15,0,0,3,0,,84,3,57,7,25,24,,,15,28,7,23,,,,,10,10,10,1,1,1,0,0,42,13,13,13,4
Protected Method,"org.apache.pdfbox.preflight.process.AbstractProcess.addFontError(COSDictionary,PreflightContext,IOException)",preflight/src/main/java/org/apache/pdfbox/preflight/process/AbstractProcess.java,,,,,,,,,,,,,,,,,,,,,,,,,21,50,0,46,4,23,4,9,32,13,23,4,21,10,10,10,1,,,,,,1,,0,09,10,10,10,1
Protected Method,"org.apache.pdfbox.preflight.process.AbstractProcess.addValidationError(PreflightContext,ValidationError)",preflight/src/main/java/org/apache/pdfbox/preflight/process/AbstractProcess.java,,,,,,,,,,,,,,,,,,,,,,,,,30,4,0,4,1,1,0,1,1,1,2,1,1,1,1,1,1,,,,,,0,,0,00,1,1,1,1
Protected Method,"org.apache.pdfbox.preflight.process.AbstractProcess.addValidationErrors(PreflightContext,List<ValidationError>)",preflight/src/main/java/org/apache/pdfbox/preflight/process/AbstractProcess.java,,,,,,,,,,,,,,,,,,,,,,,,,3,4,0,4,1,1,0,1,1,1,2,1,1,1,1,1,1,,,,,,0,,0,00,2,2,2,2
Lambda Method,"org.apache.pdfbox.preflight.process.AbstractProcess.addValidationErrors.(lambda_expr_1)(ValidationError (inferred))",preflight/src/main/java/org/apache/pdfbox/preflight/process/AbstractProcess.java,,,,,,,,,,,,,,,,,,,,,,,,,2,1,0,1,0,1,0,2,1,0,0,0,0,1,1,1,1,,,,,,0,,0,00,1,1,1,1
Public Class,"org.apache.pdfbox.preflight.process.AcroFormValidationProcess",preflight/src/main/java/org/apache/pdfbox/preflight/process/AcroFormValidationProcess.java,3,3,3,2,25,0,17,8,1,22,0,,0,0,,,5,0,5,20,0,0,4,1,,157,6,89,13,40,62,,,22,43,15,33,,,,,6,6,8,5,2,4,0,0,70,17,17,19,11
Protected Method,"org.apache.pdfbox.preflight.process.AcroFormValidationProcess.checkNeedAppearences(PreflightContext,PDAcroForm)",preflight/src/main/java/org/apache/pdfbox/preflight/process/AcroFormValidationProcess.java,,,,,,,,,,,,,,,,,,,,,,,,,4,16,0,8,1,3,8,3,2,1,3,1,2,2,2,2,1,,,,,,1,,1,00,2,2,2,1
Protected Method,"org.apache.pdfbox.preflight.process.AcroFormValidationProcess.exploreFields(PreflightContext,List<PDField>)",preflight/src/main/java/org/apache/pdfbox/preflight/process/AcroFormValidationProcess.java,,,,,,,,,,,,,,,,,,,,,,,,,4,21,0,11,1,4,10,2,3,2,6,2,4,3,3,3,3,,,,,,2,,0,91,3,3,3,3
Protected Method,"org.apache.pdfbox.preflight.process.AcroFormValidationProcess.exploreWidgets(PreflightContext,List<PDAnnotationWidget>)",preflight/src/main/java/org/apache/pdfbox/preflight/process/AcroFormValidationProcess.java,,,,,,,,,,,,,,,,,,,,,,,,,4,19,0,8,1,3,11,3,2,2,5,2,3,2,2,2,1,,,,,,1,,1,38,2,2,2,1
Public Method,"org.apache.pdfbox.preflight.process.AcroFormValidationProcess.validate(PreflightContext)",preflight/src/main/java/org/apache/pdfbox/preflight/process/AcroFormValidationProcess.java,,,,,,,,,,,,,,,,,,,,,,,,,3,25,0,25,4,11,0,10,4,6,10,3,9,4,4,4,1,,,,,,3,,0,00,4,4,4,1
Protected Method,"org.apache.pdfbox.preflight.process.AcroFormValidationProcess.validateField(PreflightContext,PDField)",preflight/src/main/java/org/apache/pdfbox/preflight/process/AcroFormValidationProcess.java,,,,,,,,,,,,,,,,,,,,,,,,,7,48,1,34,5,19,13,11,10,11,18,6,15,6,6,8,5,,,,,,4,,0,38,6,6,8,5
Public Class,"org.apache.pdfbox.preflight.process.BookmarkValidationProcess",preflight/src/main/java/org/apache/pdfbox/preflight/process/BookmarkValidationProcess.java,4,4,6,2,32,0,25,6,1,22,0,,0,0,,,8,0,8,23,0,5,2,1,,294,16,205,31,114,73,,,65,101,29,87,,,,,9,9,13,5,2,3,0,0,36,35,35,49,20
Private Method,"org.apache.pdfbox.preflight.process.BookmarkValidationProcess.checkIndirectObject(PreflightContext,COSDictionary,COSName)",preflight/src/main/java/org/apache/pdfbox/preflight/process/BookmarkValidationProcess.java,,,,,,,,,,,,,,,,,,,,,,,,,5,11,0,11,2,6,0,5,2,4,6,2,5,2,2,4,1,,,,,,1,,0,00,2,2,4,1
Private Method,"org.apache.pdfbox.preflight.process.BookmarkValidationProcess.checkIndirectObjects(PreflightContext,COSDictionary)",preflight/src/main/java/org/apache/pdfbox/preflight/process/BookmarkValidationProcess.java,,,,,,,,,,,,,,,,,,,,,,,,,9,21,0,20,1,9,1,2,5,5,10,1,9,5,5,5,5,,,,,,1,,0,05,5,5,5,5
Protected Method,"org.apache.pdfbox.preflight.process.BookmarkValidationProcess.exploreOutlineLevel(PreflightContext,PDOutlineItem,COSObject,COSObject)",preflight/src/main/java/org/apache/pdfbox/preflight/process/BookmarkValidationProcess.java,,,,,,,,,,,,,,,,,,,,,,,,,9,77,2,63,8,41,12,13,26,22,31,7,26,9,9,10,4,,,,,,3,,0,19,9,9,10,4
Private Method,"org.apache.pdfbox.preflight.process.BookmarkValidationProcess.isCountEntryPositive(COSDictionary)",preflight/src/main/java/org/apache/pdfbox/preflight/process/BookmarkValidationProcess.java,,,,,,,,,,,,,,,,,,,,,,,,,3,11,0,5,2,2,6,3,1,2,3,2,2,1,1,2,1,,,,,,0,,1,20,1,1,2,1
Private Method,"org.apache.pdfbox.preflight.process.BookmarkValidationProcess.isCountEntryPresent(COSDictionary)",preflight/src/main/java/org/apache/pdfbox/preflight/process/BookmarkValidationProcess.java,,,,,,,,,,,,,,,,,,,,,,,,,4,10,0,4,1,1,6,2,1,1,2,1,1,1,1,1,1,,,,,,0,,1,50,1,1,1,1
Private Method,"org.apache.pdfbox.preflight.process.BookmarkValidationProcess.toCOSObject(COSBase)",preflight/src/main/java/org/apache/pdfbox/preflight/process/BookmarkValidationProcess.java,,,,,,,,,,,,,,,,,,,,,,,,,4,22,0,12,1,5,10,2,3,3,6,1,5,3,3,4,1,,,,,,1,,0,83,3,3,4,1
Public Method,"org.apache.pdfbox.preflight.process.BookmarkValidationProcess.validate(PreflightContext)",preflight/src/main/java/org/apache/pdfbox/preflight/process/BookmarkValidationProcess.java,,,,,,,,,,,,,,,,,,,,,,,,,5,41,1,39,7,21,1,15,6,10,16,6,15,6,6,10,4,,,,,,3,,0,03,6,6,10,4
Protected Method,"org.apache.pdfbox.preflight.process.BookmarkValidationProcess.validateItem(PreflightContext,PDOutlineItem)",preflight/src/main/java/org/apache/pdfbox/preflight/process/BookmarkValidationProcess.java,,,,,,,,,,,,,,,,,,,,,,,,,10,67,4,48,8,29,15,11,14,18,26,8,24,8,8,13,3,,,,,,3,,0,31,8,8,13,3
Public Class,"org.apache.pdfbox.preflight.process.CatalogValidationProcess",preflight/src/main/java/org/apache/pdfbox/preflight/process/CatalogValidationProcess.java,3,3,3,2,28,1,19,7,1,34,0,,0,1,,,9,1,9,24,0,7,0,2,,302,20,191,38,104,92,,,60,91,32,78,,,,,8,8,10,7,2,4,33,0,48,31,31,35,21
Public Constructor,"org.apache.pdfbox.preflight.process.CatalogValidationProcess.CatalogValidationProcess()",preflight/src/main/java/org/apache/pdfbox/preflight/process/CatalogValidationProcess.java,,,,,,,,,,,,,,,,,,,,,,,,,0,3,0,3,1,0,0,1,1,0,1,1,0,1,1,1,1,,,,,,0,,0,00,1,1,1,1
Private Method,"org.apache.pdfbox.preflight.process.CatalogValidationProcess.isStandardICCCharacterization(String)",preflight/src/main/java/org/apache/pdfbox/preflight/process/CatalogValidationProcess.java,,,,,,,,,,,,,,,,,,,,,,,,,3,4,0,4,1,1,0,3,1,1,2,1,1,1,1,1,1,,,,,,0,,0,00,2,2,2,2
Lambda Method,"org.apache.pdfbox.preflight.process.CatalogValidationProcess.isStandardICCCharacterization.(lambda_expr_1)(String (inferred))",preflight/src/main/java/org/apache/pdfbox/preflight/process/CatalogValidationProcess.java,,,,,,,,,,,,,,,,,,,,,,,,,2,1,0,1,0,1,0,2,1,0,0,0,0,1,1,1,1,,,,,,0,,0,00,1,1,1,1
Public Method,"org.apache.pdfbox.preflight.process.CatalogValidationProcess.validate(PreflightContext)",preflight/src/main/java/org/apache/pdfbox/preflight/process/CatalogValidationProcess.java,,,,,,,,,,,,,,,,,,,,,,,,,3,19,1,18,3,10,0,10,2,8,10,2,9,2,2,2,1,,,,,,1,,0,00,2,2,2,1
Private Method,"org.apache.pdfbox.preflight.process.CatalogValidationProcess.validateActions(PreflightContext)",preflight/src/main/java/org/apache/pdfbox/preflight/process/CatalogValidationProcess.java,,,,,,,,,,,,,,,,,,,,,,,,,6,17,0,9,1,4,8,5,2,2,4,1,3,2,2,2,1,,,,,,1,,0,89,2,2,2,1
Private Method,"org.apache.pdfbox.preflight.process.CatalogValidationProcess.validateICCProfile(COSBase,Map<COSObjectKey,Boolean>,PreflightContext)",preflight/src/main/java/org/apache/pdfbox/preflight/process/CatalogValidationProcess.java,,,,,,,,,,,,,,,,,,,,,,,,,11,88,4,61,11,35,23,22,8,21,29,8,27,8,8,8,7,,,,,,3,,0,38,8,8,8,7
Private Method,"org.apache.pdfbox.preflight.process.CatalogValidationProcess.validateLang(PreflightContext)",preflight/src/main/java/org/apache/pdfbox/preflight/process/CatalogValidationProcess.java,,,,,,,,,,,,,,,,,,,,,,,,,4,14,0,8,2,3,6,5,2,2,4,2,3,2,2,4,1,,,,,,1,,0,75,2,2,4,1
Private Method,"org.apache.pdfbox.preflight.process.CatalogValidationProcess.validateNames(PreflightContext)",preflight/src/main/java/org/apache/pdfbox/preflight/process/CatalogValidationProcess.java,,,,,,,,,,,,,,,,,,,,,,,,,5,22,0,17,2,8,5,5,5,3,7,2,6,4,4,4,1,,,,,,2,,0,29,4,4,4,1
Private Method,"org.apache.pdfbox.preflight.process.CatalogValidationProcess.validateOCProperties(PreflightContext)",preflight/src/main/java/org/apache/pdfbox/preflight/process/CatalogValidationProcess.java,,,,,,,,,,,,,,,,,,,,,,,,,4,13,0,8,1,3,5,3,2,1,3,1,2,2,2,2,1,,,,,,1,,0,62,2,2,2,1
Private Method,"org.apache.pdfbox.preflight.process.CatalogValidationProcess.validateOutputIntent(PreflightContext)",preflight/src/main/java/org/apache/pdfbox/preflight/process/CatalogValidationProcess.java,,,,,,,,,,,,,,,,,,,,,,,,,11,75,4,50,12,31,21,17,15,20,28,11,26,8,8,10,6,,,,,,4,,0,42,8,8,10,6
Public Class,"org.apache.pdfbox.preflight.process.EmptyValidationProcess",preflight/src/main/java/org/apache/pdfbox/preflight/process/EmptyValidationProcess.java,1,1,1,1,5,0,4,1,2,3,0,,0,0,,,1,0,1,13,0,0,0,1,,34,1,7,3,0,26,,,0,2,2,0,,,,,1,1,1,1,1,0,0,3,71,1,1,1,1
Public Method,"org.apache.pdfbox.preflight.process.EmptyValidationProcess.validate(PreflightContext)",preflight/src/main/java/org/apache/pdfbox/preflight/process/EmptyValidationProcess.java,,,,,,,,,,,,,,,,,,,,,,,,,0,5,0,4,2,0,1,0,1,0,1,1,0,1,1,1,1,,,,,,0,,0,25,1,1,1,1
Public Class,"org.apache.pdfbox.preflight.process.FileSpecificationValidationProcess",preflight/src/main/java/org/apache/pdfbox/preflight/process/FileSpecificationValidationProcess.java,1,1,1,1,12,0,8,4,1,11,0,,0,0,,,2,0,2,17,0,0,0,2,,54,3,19,5,7,32,,,3,7,4,4,,,,,2,2,2,1,2,1,0,1,68,4,4,4,3
Public Method,"org.apache.pdfbox.preflight.process.FileSpecificationValidationProcess.validate(PreflightContext)",preflight/src/main/java/org/apache/pdfbox/preflight/process/FileSpecificationValidationProcess.java,,,,,,,,,,,,,,,,,,,,,,,,,4,8,1,7,3,3,0,4,1,2,3,2,2,1,1,1,1,,,,,,0,,0,00,2,2,2,2
Lambda Method,"org.apache.pdfbox.preflight.process.FileSpecificationValidationProcess.validate.(lambda_expr_1)(COSObject (inferred))",preflight/src/main/java/org/apache/pdfbox/preflight/process/FileSpecificationValidationProcess.java,,,,,,,,,,,,,,,,,,,,,,,,,2,1,0,1,0,1,0,3,1,0,0,0,0,1,1,1,1,,,,,,0,,0,00,1,1,1,1
Public Method,"org.apache.pdfbox.preflight.process.FileSpecificationValidationProcess.validateFileSpecification(PreflightContext,COSDictionary)",preflight/src/main/java/org/apache/pdfbox/preflight/process/FileSpecificationValidationProcess.java,,,,,,,,,,,,,,,,,,,,,,,,,5,17,0,9,1,4,8,3,2,1,3,1,2,2,2,2,1,,,,,,1,,0,89,2,2,2,1
Public Class,"org.apache.pdfbox.preflight.process.MetadataValidationProcess",preflight/src/main/java/org/apache/pdfbox/preflight/process/MetadataValidationProcess.java,5,5,6,2,40,1,35,3,1,38,0,,1,0,,,5,0,6,21,0,4,1,1,,271,16,216,27,117,39,,,61,95,22,84,,,,,15,15,15,4,2,2,0,0,18,35,35,38,13
Protected Method,"org.apache.pdfbox.preflight.process.MetadataValidationProcess.checkStreamFilterUsage(PDDocument)",preflight/src/main/java/org/apache/pdfbox/preflight/process/MetadataValidationProcess.java,,,,,,,,,,,,,,,,,,,,,,,,,2,17,0,11,3,6,6,8,2,4,6,3,5,2,2,2,1,,,,,,1,,0,55,2,2,2,1
Private Method,"org.apache.pdfbox.preflight.process.MetadataValidationProcess.checkThumbnail(ThumbnailType,PreflightContext)",preflight/src/main/java/org/apache/pdfbox/preflight/process/MetadataValidationProcess.java,,,,,,,,,,,,,,,,,,,,,,,,,5,45,0,45,3,24,0,15,11,13,20,3,17,7,7,7,4,,,,,,1,,0,00,7,7,7,4
Private Method,"org.apache.pdfbox.preflight.process.MetadataValidationProcess.checkThumbnails(PreflightContext,XMPMetadata)",preflight/src/main/java/org/apache/pdfbox/preflight/process/MetadataValidationProcess.java,,,,,,,,,,,,,,,,,,,,,,,,,6,24,0,23,3,11,1,6,4,8,12,3,10,4,4,4,4,,,,,,1,,0,04,5,5,5,5
Lambda Method,"org.apache.pdfbox.preflight.process.MetadataValidationProcess.checkThumbnails.(lambda_expr_1)(ThumbnailType (inferred))",preflight/src/main/java/org/apache/pdfbox/preflight/process/MetadataValidationProcess.java,,,,,,,,,,,,,,,,,,,,,,,,,2,1,0,1,0,1,0,2,1,0,0,0,0,1,1,1,1,,,,,,0,,0,00,1,1,1,1
Private Static Method,"org.apache.pdfbox.preflight.process.MetadataValidationProcess.getXpacket(PDDocument)",preflight/src/main/java/org/apache/pdfbox/preflight/process/MetadataValidationProcess.java,,,,,,,,,,,,,,,,,,,,,,,,,6,35,2,27,11,17,6,10,6,10,14,7,13,4,4,4,1,,,,,,2,,0,22,4,4,4,1
Private Method,"org.apache.pdfbox.preflight.process.MetadataValidationProcess.hasJpegMagicNumber(byte[])",preflight/src/main/java/org/apache/pdfbox/preflight/process/MetadataValidationProcess.java,,,,,,,,,,,,,,,,,,,,,,,,,3,11,0,11,1,6,0,1,2,2,4,1,3,2,2,5,1,,,,,,1,,0,00,2,2,5,1
Public Method,"org.apache.pdfbox.preflight.process.MetadataValidationProcess.validate(PreflightContext)",preflight/src/main/java/org/apache/pdfbox/preflight/process/MetadataValidationProcess.java,,,,,,,,,,,,,,,,,,,,,,,,,21,109,8,96,5,53,5,20,19,24,38,4,36,15,15,15,1,,,,,,2,,0,05,15,15,15,1
Public Class,"org.apache.pdfbox.preflight.process.PageTreeValidationProcess",preflight/src/main/java/org/apache/pdfbox/preflight/process/PageTreeValidationProcess.java,3,3,3,3,20,0,19,0,1,14,0,,0,0,,,2,0,2,17,0,1,0,1,,65,3,42,7,22,20,,,13,21,7,16,,,,,5,5,5,5,2,3,0,0,48,6,6,6,6
Public Method,"org.apache.pdfbox.preflight.process.PageTreeValidationProcess.validate(PreflightContext)",preflight/src/main/java/org/apache/pdfbox/preflight/process/PageTreeValidationProcess.java,,,,,,,,,,,,,,,,,,,,,,,,,5,36,1,35,5,21,0,14,5,12,18,5,15,5,5,5,5,,,,,,3,,0,00,5,5,5,5
Private Method,"org.apache.pdfbox.preflight.process.PageTreeValidationProcess.validatePage(PreflightContext,PDPage)",preflight/src/main/java/org/apache/pdfbox/preflight/process/PageTreeValidationProcess.java,,,,,,,,,,,,,,,,,,,,,,,,,4,4,0,4,1,1,0,1,1,1,2,1,1,1,1,1,1,,,,,,0,,0,00,1,1,1,1
Public Class,"org.apache.pdfbox.preflight.process.StreamValidationProcess",preflight/src/main/java/org/apache/pdfbox/preflight/process/StreamValidationProcess.java,3,3,3,1,22,1,15,6,1,23,0,,0,0,,,4,0,4,19,0,0,2,2,,117,9,66,18,34,46,,,21,35,18,26,,,,,5,5,5,1,2,2,0,0,70,13,13,15,5
Protected Method,"org.apache.pdfbox.preflight.process.StreamValidationProcess.checkDictionaryEntries(PreflightContext,COSStream)",preflight/src/main/java/org/apache/pdfbox/preflight/process/StreamValidationProcess.java,,,,,,,,,,,,,,,,,,,,,,,,,9,26,2,17,5,10,7,3,4,6,9,5,8,3,3,5,1,,,,,,1,,0,41,3,3,5,1
Protected Method,"org.apache.pdfbox.preflight.process.StreamValidationProcess.checkFilters(COSStream,PreflightContext)",preflight/src/main/java/org/apache/pdfbox/preflight/process/StreamValidationProcess.java,,,,,,,,,,,,,,,,,,,,,,,,,5,31,0,22,4,11,9,7,5,8,13,5,10,5,5,5,1,,,,,,2,,0,41,5,5,5,1
Public Method,"org.apache.pdfbox.preflight.process.StreamValidationProcess.validate(PreflightContext)",preflight/src/main/java/org/apache/pdfbox/preflight/process/StreamValidationProcess.java,,,,,,,,,,,,,,,,,,,,,,,,,4,22,2,18,6,10,6,14,3,4,8,5,6,3,3,3,1,,,,,,2,,0,33,4,4,4,2
Lambda Method,"org.apache.pdfbox.preflight.process.StreamValidationProcess.validate.(lambda_expr_1)(Entry (inferred))",preflight/src/main/java/org/apache/pdfbox/preflight/process/StreamValidationProcess.java,,,,,,,,,,,,,,,,,,,,,,,,,1,1,0,1,0,1,0,2,1,0,0,0,0,1,1,1,1,,,,,,0,,0,00,1,1,1,1
Public Method,"org.apache.pdfbox.preflight.process.StreamValidationProcess.validateStreamObject(PreflightContext,COSBase)",preflight/src/main/java/org/apache/pdfbox/preflight/process/StreamValidationProcess.java,,,,,,,,,,,,,,,,,,,,,,,,,3,10,0,6,2,3,4,2,1,3,4,2,2,1,1,1,1,,,,,,0,,0,67,1,1,1,1
Public Class,"org.apache.pdfbox.preflight.process.TrailerValidationProcess",preflight/src/main/java/org/apache/pdfbox/preflight/process/TrailerValidationProcess.java,5,5,7,2,42,2,31,8,1,20,0,,0,0,,,6,0,6,21,0,0,5,1,,282,20,189,31,107,73,,,54,89,33,73,,,,,10,10,12,7,2,4,0,0,39,31,31,42,12
Protected Method,"org.apache.pdfbox.preflight.process.TrailerValidationProcess.checkLinearizedDictionary(PreflightContext,COSDictionary)",preflight/src/main/java/org/apache/pdfbox/preflight/process/TrailerValidationProcess.java,,,,,,,,,,,,,,,,,,,,,,,,,10,23,1,14,7,9,8,3,2,7,9,7,8,2,2,7,1,,,,,,1,,0,57,2,2,7,1
Protected Method,"org.apache.pdfbox.preflight.process.TrailerValidationProcess.checkMainTrailer(PreflightContext,COSDictionary)",preflight/src/main/java/org/apache/pdfbox/preflight/process/TrailerValidationProcess.java,,,,,,,,,,,,,,,,,,,,,,,,,16,74,5,57,1,36,12,6,216,9,19,1,18,10,10,12,1,,,,,,1,,0,21,10,10,12,1
Protected Method,"org.apache.pdfbox.preflight.process.TrailerValidationProcess.checkTrailersForLinearizedPDF14(PreflightContext)",preflight/src/main/java/org/apache/pdfbox/preflight/process/TrailerValidationProcess.java,,,,,,,,,,,,,,,,,,,,,,,,,5,24,0,19,3,10,5,7,3,5,8,3,7,3,3,3,1,,,,,,2,,0,26,3,3,3,1
Protected Method,"org.apache.pdfbox.preflight.process.TrailerValidationProcess.checkTrailersForLinearizedPDF15(PreflightContext)",preflight/src/main/java/org/apache/pdfbox/preflight/process/TrailerValidationProcess.java,,,,,,,,,,,,,,,,,,,,,,,,,6,48,5,36,8,21,7,13,11,14,21,9,15,6,6,6,1,,,,,,3,,0,19,6,6,6,1
Protected Method,"org.apache.pdfbox.preflight.process.TrailerValidationProcess.compareIds(COSDictionary,COSDictionary)",preflight/src/main/java/org/apache/pdfbox/preflight/process/TrailerValidationProcess.java,,,,,,,,,,,,,,,,,,,,,,,,,5,49,0,36,6,19,13,4,9,12,21,8,16,7,7,9,7,,,,,,4,,0,36,7,7,9,7
Public Method,"org.apache.pdfbox.preflight.process.TrailerValidationProcess.validate(PreflightContext)",preflight/src/main/java/org/apache/pdfbox/preflight/process/TrailerValidationProcess.java,,,,,,,,,,,,,,,,,,,,,,,,,2,34,2,24,5,12,8,13,3,7,10,4,9,3,3,5,1,,,,,,2,,0,33,3,3,5,1
Public Interface,"org.apache.pdfbox.preflight.process.ValidationProcess",preflight/src/main/java/org/apache/pdfbox/preflight/process/ValidationProcess.java,0,0,0,0,0,0,0,0,0,2,3,,0,0,,,1,0,1,1,1,0,0,0,,8,2,4,2,0,2,,,1,2,2,0,,,,,0,0,0,0,0,0,0,0,50,0,0,0,0
Abstract Method,"org.apache.pdfbox.preflight.process.ValidationProcess.validate(PreflightContext)",preflight/src/main/java/org/apache/pdfbox/preflight/process/ValidationProcess.java,,,,,,,,,,,,,,,,,,,,,,,,,1,1,0,1,1,0,0,0,0,1,1,1,0,0,0,0,0,,,,,,0,,0,00,0,0,0,0
Public Class,"org.apache.pdfbox.preflight.process.XRefValidationProcess",preflight/src/main/java/org/apache/pdfbox/preflight/process/XRefValidationProcess.java,3,3,3,1,13,0,13,0,1,8,0,,0,0,,,1,0,1,16,0,0,0,1,,38,2,16,4,5,20,,,3,7,3,5,,,,,3,3,3,1,2,1,0,1,25,3,3,3,1
Public Method,"org.apache.pdfbox.preflight.process.XRefValidationProcess.validate(PreflightContext)",preflight/src/main/java/org/apache/pdfbox/preflight/process/XRefValidationProcess.java,,,,,,,,,,,,,,,,,,,,,,,,,4,13,0,13,3,5,0,7,4,3,6,2,5,3,3,3,1,,,,,,1,,0,00,3,3,3,1
Package,"org.apache.pdfbox.preflight.process.reflect",preflight/src/main/java/org/apache/pdfbox/preflight/process/reflect/ActionsValidationProcess.java,3,3,4,1,23,0,18,4,,,,10,0,2,10,,40,0,40,,1,6,22,11,,1488,104,987,371,371,397,,,439,595,363,315,,,,,8,8,10,7,,3,,0,40,140,140,166,60
Public Class,"org.apache.pdfbox.preflight.process.reflect.ActionsValidationProcess",preflight/src/main/java/org/apache/pdfbox/preflight/process/reflect/ActionsValidationProcess.java,4,4,4,1,27,1,25,1,1,13,0,,0,0,,,1,0,1,16,0,0,0,1,,52,3,28,9,13,21,,,9,15,9,12,,,,,4,4,4,1,2,2,0,0,75,4,4,4,1
Public Method,"org.apache.pdfbox.preflight.process.reflect.ActionsValidationProcess.validate(PreflightContext)",preflight/src/main/java/org/apache/pdfbox/preflight/process/reflect/ActionsValidationProcess.java,,,,,,,,,,,,,,,,,,,,,,,,,2,27,1,25,8,13,1,12,4,9,14,8,12,4,4,4,1,,,,,,2,,0,04,4,4,4,1
Public Class,"org.apache.pdfbox.preflight.process.reflect.AnnotationValidationProcess",preflight/src/main/java/org/apache/pdfbox/preflight/process/reflect/AnnotationValidationProcess.java,4,4,4,1,25,1,24,0,1,11,0,,0,0,,,1,0,1,16,0,0,0,1,,50,3,27,8,12,20,,,8,13,7,11,,,,,4,4,4,1,2,2,0,0,74,4,4,4,1
Public Method,"org.apache.pdfbox.preflight.process.reflect.AnnotationValidationProcess.validate(PreflightContext)",preflight/src/main/java/org/apache/pdfbox/preflight/process/reflect/AnnotationValidationProcess.java,,,,,,,,,,,,,,,,,,,,,,,,,2,25,1,24,7,12,0,10,4,8,12,6,11,4,4,4,1,,,,,,2,,0,00,4,4,4,1
Public Class,"org.apache.pdfbox.preflight.process.reflect.DestinationValidationProcess",preflight/src/main/java/org/apache/pdfbox/preflight/process/reflect/DestinationValidationProcess.java,6,6,7,5,40,3,36,1,1,16,0,,0,0,,,2,0,2,17,1,0,0,1,,91,9,75,9,41,7,,,21,34,8,30,,,,,8,8,10,7,2,3,0,0,09,12,12,14,10
Public Method,"org.apache.pdfbox.preflight.process.reflect.DestinationValidationProcess.validate(PreflightContext)",preflight/src/main/java/org/apache/pdfbox/preflight/process/reflect/DestinationValidationProcess.java,,,,,,,,,,,,,,,,,,,,,,,,,4,56,6,48,5,28,2,12,9,15,23,4,21,8,8,10,7,,,,,,2,,0,04,8,8,10,7
Method,"org.apache.pdfbox.preflight.process.reflect.DestinationValidationProcess.validateExplicitDestination(PreflightContext,COSArray)",preflight/src/main/java/org/apache/pdfbox/preflight/process/reflect/DestinationValidationProcess.java,,,,,,,,,,,,,,,,,,,,,,,,,7,25,0,24,3,13,1,7,4,6,10,3,9,4,4,4,3,,,,,,3,,0,04,4,4,4,3
Public Class,"org.apache.pdfbox.preflight.process.reflect.ExtGStateValidationProcess",preflight/src/main/java/org/apache/pdfbox/preflight/process/reflect/ExtGStateValidationProcess.java,3,3,4,1,23,0,15,7,1,25,0,,0,0,,,11,0,11,26,0,5,4,2,,287,13,176,36,86,98,,,50,88,35,72,,,,,8,8,10,5,2,3,0,0,56,38,38,49,15
Private Method,"org.apache.pdfbox.preflight.process.reflect.ExtGStateValidationProcess.checkBlendMode(PreflightContext,COSDictionary)",preflight/src/main/java/org/apache/pdfbox/preflight/process/reflect/ExtGStateValidationProcess.java,,,,,,,,,,,,,,,,,,,,,,,,,7,16,0,9,2,4,7,4,2,2,4,2,3,2,2,4,1,,,,,,1,,0,78,2,2,4,1
Private Method,"org.apache.pdfbox.preflight.process.reflect.ExtGStateValidationProcess.checkFont(PreflightContext,COSDictionary)",preflight/src/main/java/org/apache/pdfbox/preflight/process/reflect/ExtGStateValidationProcess.java,,,,,,,,,,,,,,,,,,,,,,,,,10,56,1,48,8,29,7,10,10,17,25,8,23,8,8,10,5,,,,,,2,,0,15,8,8,10,5
Private Method,"org.apache.pdfbox.preflight.process.reflect.ExtGStateValidationProcess.checkLowerCA(PreflightContext,COSDictionary)",preflight/src/main/java/org/apache/pdfbox/preflight/process/reflect/ExtGStateValidationProcess.java,,,,,,,,,,,,,,,,,,,,,,,,,5,22,0,14,4,7,8,6,3,4,7,4,6,5,5,8,1,,,,,,2,,0,57,5,5,8,1
Private Method,"org.apache.pdfbox.preflight.process.reflect.ExtGStateValidationProcess.checkSoftMask(PreflightContext,COSDictionary)",preflight/src/main/java/org/apache/pdfbox/preflight/process/reflect/ExtGStateValidationProcess.java,,,,,,,,,,,,,,,,,,,,,,,,,6,16,0,8,1,3,8,5,2,1,3,1,2,2,2,3,1,,,,,,1,,1,00,2,2,3,1
Protected Method,"org.apache.pdfbox.preflight.process.reflect.ExtGStateValidationProcess.checkTR2Key(PreflightContext,COSDictionary)",preflight/src/main/java/org/apache/pdfbox/preflight/process/reflect/ExtGStateValidationProcess.java,,,,,,,,,,,,,,,,,,,,,,,,,5,19,0,13,2,6,6,5,3,2,5,2,4,3,3,3,1,,,,,,2,,0,46,3,3,3,1
Protected Method,"org.apache.pdfbox.preflight.process.reflect.ExtGStateValidationProcess.checkTRKey(PreflightContext,COSDictionary)",preflight/src/main/java/org/apache/pdfbox/preflight/process/reflect/ExtGStateValidationProcess.java,,,,,,,,,,,,,,,,,,,,,,,,,5,14,0,8,1,3,6,3,2,1,3,1,2,2,2,2,1,,,,,,1,,0,75,2,2,2,1
Private Method,"org.apache.pdfbox.preflight.process.reflect.ExtGStateValidationProcess.checkUpperCA(PreflightContext,COSDictionary)",preflight/src/main/java/org/apache/pdfbox/preflight/process/reflect/ExtGStateValidationProcess.java,,,,,,,,,,,,,,,,,,,,,,,,,5,22,0,14,4,7,8,6,3,4,7,4,6,5,5,8,1,,,,,,2,,0,57,5,5,8,1
Public Method,"org.apache.pdfbox.preflight.process.reflect.ExtGStateValidationProcess.extractExtGStateDictionaries(COSDictionary)",preflight/src/main/java/org/apache/pdfbox/preflight/process/reflect/ExtGStateValidationProcess.java,,,,,,,,,,,,,,,,,,,,,,,,,2,26,0,19,5,8,7,6,4,5,10,4,8,4,4,4,1,,,,,,3,,0,37,4,4,4,1
Public Method,"org.apache.pdfbox.preflight.process.reflect.ExtGStateValidationProcess.validate(PreflightContext)",preflight/src/main/java/org/apache/pdfbox/preflight/process/reflect/ExtGStateValidationProcess.java,,,,,,,,,,,,,,,,,,,,,,,,,2,27,1,20,5,10,6,9,3,7,10,4,9,3,3,3,1,,,,,,1,,0,30,3,3,3,1
Protected Method,"org.apache.pdfbox.preflight.process.reflect.ExtGStateValidationProcess.validateFonts(PreflightContext,List<COSDictionary>)",preflight/src/main/java/org/apache/pdfbox/preflight/process/reflect/ExtGStateValidationProcess.java,,,,,,,,,,,,,,,,,,,,,,,,,3,16,0,8,2,2,8,1,2,1,4,2,2,2,2,2,1,,,,,,1,,1,00,2,2,2,1
Protected Method,"org.apache.pdfbox.preflight.process.reflect.ExtGStateValidationProcess.validateTransparencyRules(PreflightContext,List<COSDictionary>)",preflight/src/main/java/org/apache/pdfbox/preflight/process/reflect/ExtGStateValidationProcess.java,,,,,,,,,,,,,,,,,,,,,,,,,3,19,0,12,1,7,7,6,2,6,9,2,7,2,2,2,1,,,,,,1,,0,58,2,2,2,1
Public Class,"org.apache.pdfbox.preflight.process.reflect.FontValidationProcess",preflight/src/main/java/org/apache/pdfbox/preflight/process/reflect/FontValidationProcess.java,5,5,7,3,32,0,27,5,1,18,0,,0,0,,,2,0,2,17,0,0,1,1,,90,3,57,9,27,30,,,15,27,8,24,,,,,6,6,10,6,2,3,0,0,53,11,11,15,7
Protected Method,"org.apache.pdfbox.preflight.process.reflect.FontValidationProcess.getFontValidator(PreflightContext,PDFont)",preflight/src/main/java/org/apache/pdfbox/preflight/process/reflect/FontValidationProcess.java,,,,,,,,,,,,,,,,,,,,,,,,,13,36,0,27,2,14,9,9,6,8,14,2,13,6,6,10,6,,,,,,1,,0,33,6,6,10,6
Public Method,"org.apache.pdfbox.preflight.process.reflect.FontValidationProcess.validate(PreflightContext)",preflight/src/main/java/org/apache/pdfbox/preflight/process/reflect/FontValidationProcess.java,,,,,,,,,,,,,,,,,,,,,,,,,2,28,0,27,6,13,1,10,5,7,12,5,11,5,5,5,1,,,,,,3,,0,04,5,5,5,1
Public Class,"org.apache.pdfbox.preflight.process.reflect.GraphicObjectPageValidationProcess",preflight/src/main/java/org/apache/pdfbox/preflight/process/reflect/GraphicObjectPageValidationProcess.java,6,6,10,1,34,2,32,0,1,15,0,,0,0,,,1,0,1,16,0,0,0,1,,58,3,35,5,16,20,,,8,15,4,12,,,,,6,6,10,1,2,1,0,0,57,6,6,10,1
Public Method,"org.apache.pdfbox.preflight.process.reflect.GraphicObjectPageValidationProcess.validate(PreflightContext)",preflight/src/main/java/org/apache/pdfbox/preflight/process/reflect/GraphicObjectPageValidationProcess.java,,,,,,,,,,,,,,,,,,,,,,,,,3,34,2,32,4,16,0,10,10,8,14,3,12,6,6,10,1,,,,,,1,,0,00,6,6,10,1
Public Class,"org.apache.pdfbox.preflight.process.reflect.ResourcesValidationProcess",preflight/src/main/java/org/apache/pdfbox/preflight/process/reflect/ResourcesValidationProcess.java,3,3,3,1,23,0,18,4,1,26,0,,0,0,,,7,0,7,22,0,1,5,1,,195,8,133,22,60,54,,,35,67,26,53,,,,,6,6,6,1,2,3,0,0,41,26,26,26,7
Private Method,"org.apache.pdfbox.preflight.process.reflect.ResourcesValidationProcess.getFonts(COSDictionary,PreflightContext)",preflight/src/main/java/org/apache/pdfbox/preflight/process/reflect/ResourcesValidationProcess.java,,,,,,,,,,,,,,,,,,,,,,,,,5,38,0,31,5,16,7,10,12,10,17,6,14,6,6,6,1,,,,,,3,,0,23,6,6,6,1
Public Method,"org.apache.pdfbox.preflight.process.reflect.ResourcesValidationProcess.validate(PreflightContext)",preflight/src/main/java/org/apache/pdfbox/preflight/process/reflect/ResourcesValidationProcess.java,,,,,,,,,,,,,,,,,,,,,,,,,2,22,1,21,4,11,0,11,3,8,11,3,10,3,3,3,1,,,,,,1,,0,00,3,3,3,1
Protected Method,"org.apache.pdfbox.preflight.process.reflect.ResourcesValidationProcess.validateExtGStates(PreflightContext,PDResources)",preflight/src/main/java/org/apache/pdfbox/preflight/process/reflect/ResourcesValidationProcess.java,,,,,,,,,,,,,,,,,,,,,,,,,5,14,0,8,2,3,6,3,2,2,4,2,3,2,2,2,1,,,,,,1,,0,75,2,2,2,1
Protected Method,"org.apache.pdfbox.preflight.process.reflect.ResourcesValidationProcess.validateFonts(PreflightContext,PDResources)",preflight/src/main/java/org/apache/pdfbox/preflight/process/reflect/ResourcesValidationProcess.java,,,,,,,,,,,,,,,,,,,,,,,,,4,15,0,8,2,3,7,5,2,2,5,3,3,2,2,2,1,,,,,,1,,0,88,2,2,2,1
Protected Method,"org.apache.pdfbox.preflight.process.reflect.ResourcesValidationProcess.validateShadingPattern(PreflightContext,PDResources)",preflight/src/main/java/org/apache/pdfbox/preflight/process/reflect/ResourcesValidationProcess.java,,,,,,,,,,,,,,,,,,,,,,,,,6,22,0,15,2,6,7,6,3,3,7,3,5,3,3,3,1,,,,,,2,,0,47,3,3,3,1
Protected Method,"org.apache.pdfbox.preflight.process.reflect.ResourcesValidationProcess.validateTilingPattern(PreflightContext,PDResources)",preflight/src/main/java/org/apache/pdfbox/preflight/process/reflect/ResourcesValidationProcess.java,,,,,,,,,,,,,,,,,,,,,,,,,6,25,0,18,2,7,7,6,4,3,8,3,6,4,4,4,1,,,,,,3,,0,39,4,4,4,1
Protected Method,"org.apache.pdfbox.preflight.process.reflect.ResourcesValidationProcess.validateXObjects(PreflightContext,PDResources)",preflight/src/main/java/org/apache/pdfbox/preflight/process/reflect/ResourcesValidationProcess.java,,,,,,,,,,,,,,,,,,,,,,,,,7,29,0,29,4,14,0,12,8,7,14,5,12,6,6,6,1,,,,,,3,,0,00,6,6,6,1
Public Class,"org.apache.pdfbox.preflight.process.reflect.ShadingPatternValidationProcess",preflight/src/main/java/org/apache/pdfbox/preflight/process/reflect/ShadingPatternValidationProcess.java,2,2,2,1,22,0,16,6,1,21,0,,0,1,,,3,0,3,18,0,0,2,1,,95,3,52,17,25,40,,,17,25,13,21,,,,,3,3,3,1,2,1,0,0,77,7,7,7,3
Protected Method,"org.apache.pdfbox.preflight.process.reflect.ShadingPatternValidationProcess.checkColorSpace(PreflightContext,PDPage,PDShading)",preflight/src/main/java/org/apache/pdfbox/preflight/process/reflect/ShadingPatternValidationProcess.java,,,,,,,,,,,,,,,,,,,,,,,,,7,28,0,17,6,9,11,9,2,7,9,5,8,2,2,2,1,,,,,,1,,0,65,2,2,2,1
Protected Method,"org.apache.pdfbox.preflight.process.reflect.ShadingPatternValidationProcess.checkGraphicState(PreflightContext,PDPage,PDShading)",preflight/src/main/java/org/apache/pdfbox/preflight/process/reflect/ShadingPatternValidationProcess.java,,,,,,,,,,,,,,,,,,,,,,,,,5,19,0,10,4,4,9,3,2,2,4,2,3,2,2,2,1,,,,,,1,,0,90,2,2,2,1
Public Method,"org.apache.pdfbox.preflight.process.reflect.ShadingPatternValidationProcess.validate(PreflightContext)",preflight/src/main/java/org/apache/pdfbox/preflight/process/reflect/ShadingPatternValidationProcess.java,,,,,,,,,,,,,,,,,,,,,,,,,2,21,0,21,5,11,0,9,3,7,10,4,9,3,3,3,1,,,,,,1,,0,00,3,3,3,1
Public Class,"org.apache.pdfbox.preflight.process.reflect.SinglePageValidationProcess",preflight/src/main/java/org/apache/pdfbox/preflight/process/reflect/SinglePageValidationProcess.java,3,3,3,1,22,0,16,5,1,29,0,,0,1,,,8,0,8,23,0,0,7,1,,211,9,136,26,66,66,,,41,67,26,56,,,,,5,5,5,4,2,3,0,0,49,24,24,24,11
Public Method,"org.apache.pdfbox.preflight.process.reflect.SinglePageValidationProcess.validate(PreflightContext)",preflight/src/main/java/org/apache/pdfbox/preflight/process/reflect/SinglePageValidationProcess.java,,,,,,,,,,,,,,,,,,,,,,,,,2,26,0,24,4,14,2,13,3,11,14,3,13,3,3,3,1,,,,,,1,,0,08,3,3,3,1
Protected Method,"org.apache.pdfbox.preflight.process.reflect.SinglePageValidationProcess.validateActions(PreflightContext,PDPage)",preflight/src/main/java/org/apache/pdfbox/preflight/process/reflect/SinglePageValidationProcess.java,,,,,,,,,,,,,,,,,,,,,,,,,4,11,0,4,1,1,7,2,1,1,2,1,1,1,1,1,1,,,,,,0,,1,75,1,1,1,1
Protected Method,"org.apache.pdfbox.preflight.process.reflect.SinglePageValidationProcess.validateAnnotation(PreflightContext,PDPage)",preflight/src/main/java/org/apache/pdfbox/preflight/process/reflect/SinglePageValidationProcess.java,,,,,,,,,,,,,,,,,,,,,,,,,6,30,0,23,3,10,7,4,5,5,10,4,8,5,5,5,1,,,,,,3,,0,30,5,5,5,1
Protected Method,"org.apache.pdfbox.preflight.process.reflect.SinglePageValidationProcess.validateColorSpaces(PreflightContext,PDPage)",preflight/src/main/java/org/apache/pdfbox/preflight/process/reflect/SinglePageValidationProcess.java,,,,,,,,,,,,,,,,,,,,,,,,,6,31,0,23,7,12,8,8,4,7,12,7,10,4,4,4,1,,,,,,3,,0,35,4,4,4,1
Protected Method,"org.apache.pdfbox.preflight.process.reflect.SinglePageValidationProcess.validateContent(PreflightContext,PDPage)",preflight/src/main/java/org/apache/pdfbox/preflight/process/reflect/SinglePageValidationProcess.java,,,,,,,,,,,,,,,,,,,,,,,,,6,20,0,13,2,6,7,6,2,4,6,2,5,2,2,2,1,,,,,,1,,0,54,2,2,2,1
Protected Method,"org.apache.pdfbox.preflight.process.reflect.SinglePageValidationProcess.validateGraphicObjects(PreflightContext,PDPage)",preflight/src/main/java/org/apache/pdfbox/preflight/process/reflect/SinglePageValidationProcess.java,,,,,,,,,,,,,,,,,,,,,,,,,8,36,0,28,3,15,8,9,6,8,13,3,12,5,5,5,4,,,,,,3,,0,29,5,5,5,4
Protected Method,"org.apache.pdfbox.preflight.process.reflect.SinglePageValidationProcess.validateGroupTransparency(PreflightContext,PDPage)",preflight/src/main/java/org/apache/pdfbox/preflight/process/reflect/SinglePageValidationProcess.java,,,,,,,,,,,,,,,,,,,,,,,,,7,20,0,13,3,6,7,6,3,3,6,3,5,3,3,3,1,,,,,,2,,0,54,3,3,3,1
Protected Method,"org.apache.pdfbox.preflight.process.reflect.SinglePageValidationProcess.validateResources(PreflightContext,PDPage)",preflight/src/main/java/org/apache/pdfbox/preflight/process/reflect/SinglePageValidationProcess.java,,,,,,,,,,,,,,,,,,,,,,,,,4,4,0,4,1,1,0,2,1,1,2,1,1,1,1,1,1,,,,,,0,,0,00,1,1,1,1
Public Class,"org.apache.pdfbox.preflight.process.reflect.TilingPatternValidationProcess",preflight/src/main/java/org/apache/pdfbox/preflight/process/reflect/TilingPatternValidationProcess.java,2,2,3,1,14,0,12,1,1,16,0,,0,0,,,4,0,4,19,0,0,3,1,,84,5,53,15,25,26,,,20,29,12,24,,,,,3,3,7,1,2,1,0,0,49,8,8,13,4
Protected Method,"org.apache.pdfbox.preflight.process.reflect.TilingPatternValidationProcess.checkMandatoryFields(PreflightContext,PDPage,PDTilingPattern)",preflight/src/main/java/org/apache/pdfbox/preflight/process/reflect/TilingPatternValidationProcess.java,,,,,,,,,,,,,,,,,,,,,,,,,10,17,0,14,3,9,3,4,2,8,10,3,9,2,2,7,1,,,,,,1,,0,21,2,2,7,1
Protected Method,"org.apache.pdfbox.preflight.process.reflect.TilingPatternValidationProcess.parsePatternContent(PreflightContext,PDPage,PDTilingPattern)",preflight/src/main/java/org/apache/pdfbox/preflight/process/reflect/TilingPatternValidationProcess.java,,,,,,,,,,,,,,,,,,,,,,,,,4,9,0,6,3,2,3,2,1,2,3,2,2,1,1,1,1,,,,,,0,,0,50,1,1,1,1
Protected Method,"org.apache.pdfbox.preflight.process.reflect.TilingPatternValidationProcess.parseResources(PreflightContext,PDPage,PDTilingPattern)",preflight/src/main/java/org/apache/pdfbox/preflight/process/reflect/TilingPatternValidationProcess.java,,,,,,,,,,,,,,,,,,,,,,,,,4,9,0,9,3,3,0,2,2,2,4,2,3,2,2,2,1,,,,,,1,,0,00,2,2,2,1
Public Method,"org.apache.pdfbox.preflight.process.reflect.TilingPatternValidationProcess.validate(PreflightContext)",preflight/src/main/java/org/apache/pdfbox/preflight/process/reflect/TilingPatternValidationProcess.java,,,,,,,,,,,,,,,,,,,,,,,,,2,22,1,21,5,11,0,10,3,8,11,4,10,3,3,3,1,,,,,,1,,0,00,3,3,3,1
Package,"org.apache.pdfbox.preflight.utils",preflight/src/main/java/org/apache/pdfbox/preflight/utils/ContextHelper.java,2,2,2,1,16,0,10,5,,,,3,7,2,3,,3,0,10,,0,5,0,5,,335,27,184,68,68,125,,,91,117,66,60,,,,,5,5,7,5,,4,,0,68,23,23,27,19
Public Final Class,"org.apache.pdfbox.preflight.utils.ContextHelper",preflight/src/main/java/org/apache/pdfbox/preflight/utils/ContextHelper.java,2,2,3,2,19,0,13,6,1,13,0,,4,0,,,1,0,5,17,0,3,0,2,,127,6,70,14,31,52,,,20,35,14,27,,,,,5,5,7,5,1,4,0,0,74,14,14,17,12
Private Constructor,"org.apache.pdfbox.preflight.utils.ContextHelper.ContextHelper()",preflight/src/main/java/org/apache/pdfbox/preflight/utils/ContextHelper.java,,,,,,,,,,,,,,,,,,,,,,,,,0,3,0,3,1,0,0,1,1,0,1,1,0,1,1,1,1,,,,,,0,,0,00,1,1,1,1
Private Static Method,"org.apache.pdfbox.preflight.utils.ContextHelper.callValidation(PreflightContext,Object,String)",preflight/src/main/java/org/apache/pdfbox/preflight/utils/ContextHelper.java,,,,,,,,,,,,,,,,,,,,,,,,,7,44,2,28,7,16,15,11,6,10,15,6,14,5,5,7,4,,,,,,2,,0,54,5,5,7,4
Private Static Method,"org.apache.pdfbox.preflight.utils.ContextHelper.hasRecursion(PreflightContext,Object,PreflightPath)",preflight/src/main/java/org/apache/pdfbox/preflight/utils/ContextHelper.java,,,,,,,,,,,,,,,,,,,,,,,,,5,21,0,21,3,10,0,8,5,7,12,4,9,5,5,6,5,,,,,,4,,0,00,5,5,6,5
Public Static Method,"org.apache.pdfbox.preflight.utils.ContextHelper.validateElement(PreflightContext,Object,String)",preflight/src/main/java/org/apache/pdfbox/preflight/utils/ContextHelper.java,,,,,,,,,,,,,,,,,,,,,,,,,27,20,0,11,1,4,9,3,2,2,4,1,3,2,2,2,1,,,,,,1,,0,82,2,2,2,1
Public Static Method,"org.apache.pdfbox.preflight.utils.ContextHelper.validateElement(PreflightContext,String)",preflight/src/main/java/org/apache/pdfbox/preflight/utils/ContextHelper.java,,,,,,,,,,,,,,,,,,,,,,,,,3,11,0,4,1,1,7,1,1,1,2,1,1,1,1,1,1,,,,,,0,,1,75,1,1,1,1
Public Final Class,"org.apache.pdfbox.preflight.utils.FilterHelper",preflight/src/main/java/org/apache/pdfbox/preflight/utils/FilterHelper.java,2,2,2,1,19,0,11,7,1,8,0,,2,1,,,1,0,3,15,0,1,0,2,,103,7,53,7,30,43,,,22,30,6,26,,,,,4,4,5,3,1,2,0,0,81,7,7,8,5
Private Constructor,"org.apache.pdfbox.preflight.utils.FilterHelper.FilterHelper()",preflight/src/main/java/org/apache/pdfbox/preflight/utils/FilterHelper.java,,,,,,,,,,,,,,,,,,,,,,,,,0,3,0,3,1,0,0,1,1,0,1,1,0,1,1,1,1,,,,,,0,,0,00,1,1,1,1
Public Static Method,"org.apache.pdfbox.preflight.utils.FilterHelper.isAuthorizedFilter(PreflightContext,String)",preflight/src/main/java/org/apache/pdfbox/preflight/utils/FilterHelper.java,,,,,,,,,,,,,,,,,,,,,,,,,5,26,1,13,2,8,12,3,2,5,7,2,6,2,2,2,1,,,,,,1,,0,92,2,2,2,1
Public Static Method,"org.apache.pdfbox.preflight.utils.FilterHelper.isAuthorizedFilterInPDFA(PreflightContext,String)",preflight/src/main/java/org/apache/pdfbox/preflight/utils/FilterHelper.java,,,,,,,,,,,,,,,,,,,,,,,,,8,29,1,17,1,8,11,4,4,3,7,1,6,4,4,5,3,,,,,,2,,0,65,4,4,5,3
Public Final Class,"org.apache.pdfbox.preflight.utils.RenderingIntents",preflight/src/main/java/org/apache/pdfbox/preflight/utils/RenderingIntents.java,1,1,1,1,3,0,3,0,1,4,0,,1,1,,,1,0,2,14,0,1,0,1,,53,3,20,6,7,30,,,8,11,5,7,,,,,1,1,1,1,1,0,0,1,50,2,2,2,2
Private Constructor,"org.apache.pdfbox.preflight.utils.RenderingIntents.RenderingIntents()",preflight/src/main/java/org/apache/pdfbox/preflight/utils/RenderingIntents.java,,,,,,,,,,,,,,,,,,,,,,,,,0,3,0,3,1,0,0,1,1,0,1,1,0,1,1,1,1,,,,,,0,,0,00,1,1,1,1
Public Static Method,"org.apache.pdfbox.preflight.utils.RenderingIntents.contains(COSName)",preflight/src/main/java/org/apache/pdfbox/preflight/utils/RenderingIntents.java,,,,,,,,,,,,,,,,,,,,,,,,,4,4,0,4,1,1,0,2,1,1,2,1,1,1,1,1,1,,,,,,0,,0,00,1,1,1,1
Package,"org.apache.pdfbox.preflight.xobject",preflight/src/main/java/org/apache/pdfbox/preflight/xobject/AbstractXObjValidator.java,1,1,2,1,12,0,9,2,,,,5,0,1,5,,26,4,26,,1,1,17,7,,584,53,318,119,114,213,,,132,183,113,91,,,,,5,5,7,1,,3,,0,67,46,46,54,24
Public Abstract Class,"org.apache.pdfbox.preflight.xobject.AbstractXObjValidator",preflight/src/main/java/org/apache/pdfbox/preflight/xobject/AbstractXObjValidator.java,1,1,2,1,13,0,8,4,2,9,3,,0,0,,,7,2,7,19,0,0,5,2,,129,7,58,13,25,64,,,17,29,12,19,,,,,3,3,3,1,1,1,16,1,10,11,11,12,6
Public Constructor,"org.apache.pdfbox.preflight.xobject.AbstractXObjValidator.AbstractXObjValidator(PreflightContext,COSStream)",preflight/src/main/java/org/apache/pdfbox/preflight/xobject/AbstractXObjValidator.java,,,,,,,,,,,,,,,,,,,,,,,,,5,5,0,5,1,2,0,3,1,2,3,1,2,1,1,1,1,,,,,,0,,0,00,1,1,1,1
Protected Abstract Method,"org.apache.pdfbox.preflight.xobject.AbstractXObjValidator.checkMandatoryFields()",preflight/src/main/java/org/apache/pdfbox/preflight/xobject/AbstractXObjValidator.java,,,,,,,,,,,,,,,,,,,,,,,,,1,5,0,1,1,0,4,0,0,1,1,1,0,0,0,0,0,,,,,,0,,4,00,0,0,0,0
Protected Method,"org.apache.pdfbox.preflight.xobject.AbstractXObjValidator.checkOPI()",preflight/src/main/java/org/apache/pdfbox/preflight/xobject/AbstractXObjValidator.java,,,,,,,,,,,,,,,,,,,,,,,,,4,13,0,7,1,2,6,4,2,1,3,1,2,2,2,2,1,,,,,,1,,0,86,2,2,2,1
Protected Method,"org.apache.pdfbox.preflight.xobject.AbstractXObjValidator.checkPostscriptXObject()",preflight/src/main/java/org/apache/pdfbox/preflight/xobject/AbstractXObjValidator.java,,,,,,,,,,,,,,,,,,,,,,,,,6,21,0,14,2,7,7,6,3,3,6,2,5,3,3,3,1,,,,,,1,,0,50,3,3,3,1
Protected Method,"org.apache.pdfbox.preflight.xobject.AbstractXObjValidator.checkReferenceXObject()",preflight/src/main/java/org/apache/pdfbox/preflight/xobject/AbstractXObjValidator.java,,,,,,,,,,,,,,,,,,,,,,,,,4,14,0,8,1,3,6,3,2,1,3,1,2,2,2,2,1,,,,,,1,,0,75,2,2,2,1
Protected Method,"org.apache.pdfbox.preflight.xobject.AbstractXObjValidator.checkSMask()",preflight/src/main/java/org/apache/pdfbox/preflight/xobject/AbstractXObjValidator.java,,,,,,,,,,,,,,,,,,,,,,,,,6,16,0,9,2,4,7,5,2,2,4,2,3,2,2,3,1,,,,,,1,,0,78,2,2,3,1
Public Method,"org.apache.pdfbox.preflight.xobject.AbstractXObjValidator.validate()",preflight/src/main/java/org/apache/pdfbox/preflight/xobject/AbstractXObjValidator.java,,,,,,,,,,,,,,,,,,,,,,,,,2,9,0,9,2,5,0,5,1,5,6,1,5,1,1,1,1,,,,,,0,,0,00,1,1,1,1
Public Class,"org.apache.pdfbox.preflight.xobject.XObjFormValidator",preflight/src/main/java/org/apache/pdfbox/preflight/xobject/XObjFormValidator.java,2,2,2,1,12,0,10,2,1,18,0,,0,0,,,8,1,8,27,0,0,6,2,,151,10,86,20,39,55,,,25,42,18,32,,,,,4,4,5,1,2,3,62,0,64,16,16,18,8
Public Constructor,"org.apache.pdfbox.preflight.xobject.XObjFormValidator.XObjFormValidator(PreflightContext,PDFormXObject)",preflight/src/main/java/org/apache/pdfbox/preflight/xobject/XObjFormValidator.java,,,,,,,,,,,,,,,,,,,,,,,,,3,5,0,5,1,2,0,4,1,2,3,1,2,1,1,1,1,,,,,,0,,0,00,1,1,1,1
Protected Method,"org.apache.pdfbox.preflight.xobject.XObjFormValidator.checkGroup()",preflight/src/main/java/org/apache/pdfbox/preflight/xobject/XObjFormValidator.java,,,,,,,,,,,,,,,,,,,,,,,,,9,26,0,21,3,10,5,6,4,4,8,3,7,4,4,5,1,,,,,,3,,0,24,4,4,5,1
Protected Method,"org.apache.pdfbox.preflight.xobject.XObjFormValidator.checkMandatoryFields()",preflight/src/main/java/org/apache/pdfbox/preflight/xobject/XObjFormValidator.java,,,,,,,,,,,,,,,,,,,,,,,,,7,19,1,16,5,8,2,4,3,6,9,4,8,3,3,3,1,,,,,,1,,0,12,3,3,3,1
Protected Method,"org.apache.pdfbox.preflight.xobject.XObjFormValidator.checkPS()",preflight/src/main/java/org/apache/pdfbox/preflight/xobject/XObjFormValidator.java,,,,,,,,,,,,,,,,,,,,,,,,,4,12,0,8,1,3,4,3,2,1,3,1,2,2,2,2,1,,,,,,1,,0,50,2,2,2,1
Protected Method,"org.apache.pdfbox.preflight.xobject.XObjFormValidator.checkSubtype2Value()",preflight/src/main/java/org/apache/pdfbox/preflight/xobject/XObjFormValidator.java,,,,,,,,,,,,,,,,,,,,,,,,,4,13,0,9,1,4,4,6,2,1,3,1,2,2,2,3,1,,,,,,1,,0,44,2,2,3,1
Public Method,"org.apache.pdfbox.preflight.xobject.XObjFormValidator.validate()",preflight/src/main/java/org/apache/pdfbox/preflight/xobject/XObjFormValidator.java,,,,,,,,,,,,,,,,,,,,,,,,,0,9,0,9,2,5,0,5,1,5,6,1,5,1,1,1,1,,,,,,0,,0,00,1,1,1,1
Protected Method,"org.apache.pdfbox.preflight.xobject.XObjFormValidator.validateXObjectContent()",preflight/src/main/java/org/apache/pdfbox/preflight/xobject/XObjFormValidator.java,,,,,,,,,,,,,,,,,,,,,,,,,3,10,0,6,3,3,4,4,1,3,4,3,3,1,1,1,1,,,,,,0,,0,67,1,1,1,1
Protected Method,"org.apache.pdfbox.preflight.xobject.XObjFormValidator.validateXObjectResources()",preflight/src/main/java/org/apache/pdfbox/preflight/xobject/XObjFormValidator.java,,,,,,,,,,,,,,,,,,,,,,,,,4,8,0,8,2,3,0,2,2,2,4,2,3,2,2,2,1,,,,,,1,,0,00,2,2,2,1
Public Class,"org.apache.pdfbox.preflight.xobject.XObjImageValidator",preflight/src/main/java/org/apache/pdfbox/preflight/xobject/XObjImageValidator.java,2,2,2,1,12,0,12,0,1,22,0,,0,1,,,8,1,8,27,0,1,5,2,,158,14,102,23,49,42,,,31,49,21,39,,,,,5,5,7,1,2,2,87,0,41,17,17,22,8
Public Constructor,"org.apache.pdfbox.preflight.xobject.XObjImageValidator.XObjImageValidator(PreflightContext,PDImageXObject)",preflight/src/main/java/org/apache/pdfbox/preflight/xobject/XObjImageValidator.java,,,,,,,,,,,,,,,,,,,,,,,,,3,5,0,5,1,2,0,4,1,2,3,1,2,1,1,1,1,,,,,,0,,0,00,1,1,1,1
Protected Method,"org.apache.pdfbox.preflight.xobject.XObjImageValidator.checkAlternates()",preflight/src/main/java/org/apache/pdfbox/preflight/xobject/XObjImageValidator.java,,,,,,,,,,,,,,,,,,,,,,,,,4,7,0,7,1,2,0,3,2,1,3,1,2,2,2,2,1,,,,,,1,,0,00,2,2,2,1
Protected Method,"org.apache.pdfbox.preflight.xobject.XObjImageValidator.checkColorSpaceAndImageMask()",preflight/src/main/java/org/apache/pdfbox/preflight/xobject/XObjImageValidator.java,,,,,,,,,,,,,,,,,,,,,,,,,12,38,3,35,8,20,0,13,6,12,17,8,16,5,5,7,1,,,,,,2,,0,00,5,5,7,1
Protected Method,"org.apache.pdfbox.preflight.xobject.XObjImageValidator.checkIntent()",preflight/src/main/java/org/apache/pdfbox/preflight/xobject/XObjImageValidator.java,,,,,,,,,,,,,,,,,,,,,,,,,5,10,0,10,2,5,0,5,2,2,4,2,3,2,2,3,1,,,,,,1,,0,00,2,2,3,1
Protected Method,"org.apache.pdfbox.preflight.xobject.XObjImageValidator.checkInterpolate()",preflight/src/main/java/org/apache/pdfbox/preflight/xobject/XObjImageValidator.java,,,,,,,,,,,,,,,,,,,,,,,,,5,9,0,9,1,4,0,4,2,1,3,1,2,2,2,3,1,,,,,,1,,0,00,2,2,3,1
Protected Method,"org.apache.pdfbox.preflight.xobject.XObjImageValidator.checkMandatoryFields()",preflight/src/main/java/org/apache/pdfbox/preflight/xobject/XObjImageValidator.java,,,,,,,,,,,,,,,,,,,,,,,,,5,11,0,10,3,4,1,3,2,3,5,2,4,2,2,3,1,,,,,,1,,0,10,2,2,3,1
Private Method,"org.apache.pdfbox.preflight.xobject.XObjImageValidator.isImageMaskTrue()",preflight/src/main/java/org/apache/pdfbox/preflight/xobject/XObjImageValidator.java,,,,,,,,,,,,,,,,,,,,,,,,,2,12,0,12,2,5,0,3,2,3,5,2,4,2,2,2,1,,,,,,1,,0,00,2,2,2,1
Public Method,"org.apache.pdfbox.preflight.xobject.XObjImageValidator.validate()",preflight/src/main/java/org/apache/pdfbox/preflight/xobject/XObjImageValidator.java,,,,,,,,,,,,,,,,,,,,,,,,,0,11,2,9,2,5,0,5,1,5,6,1,5,1,1,1,1,,,,,,0,,0,00,1,1,1,1
Public Class,"org.apache.pdfbox.preflight.xobject.XObjPostscriptValidator",preflight/src/main/java/org/apache/pdfbox/preflight/xobject/XObjPostscriptValidator.java,1,1,1,1,5,0,4,1,1,4,0,,0,0,,,2,0,2,21,0,0,1,1,,41,3,11,4,1,27,,,1,4,3,1,,,,,1,1,1,1,2,0,0,2,45,2,2,2,2
Public Constructor,"org.apache.pdfbox.preflight.xobject.XObjPostscriptValidator.XObjPostscriptValidator(PreflightContext,PDPostScriptXObject)",preflight/src/main/java/org/apache/pdfbox/preflight/xobject/XObjPostscriptValidator.java,,,,,,,,,,,,,,,,,,,,,,,,,3,4,0,4,1,1,0,3,1,1,2,1,1,1,1,1,1,,,,,,0,,0,00,1,1,1,1
Protected Method,"org.apache.pdfbox.preflight.xobject.XObjPostscriptValidator.checkMandatoryFields()",preflight/src/main/java/org/apache/pdfbox/preflight/xobject/XObjPostscriptValidator.java,,,,,,,,,,,,,,,,,,,,,,,,,0,6,0,4,2,0,2,0,1,0,1,1,0,1,1,1,1,,,,,,0,,0,50,1,1,1,1
Public Interface,"org.apache.pdfbox.preflight.xobject.XObjectValidator",preflight/src/main/java/org/apache/pdfbox/preflight/xobject/XObjectValidator.java,0,0,0,0,0,0,0,0,0,1,1,,0,0,,,1,0,1,1,1,0,0,0,,9,0,4,2,0,5,,,1,2,2,0,,,,,0,0,0,0,0,0,0,1,25,0,0,0,0
Abstract Method,"org.apache.pdfbox.preflight.xobject.XObjectValidator.validate()",preflight/src/main/java/org/apache/pdfbox/preflight/xobject/XObjectValidator.java,,,,,,,,,,,,,,,,,,,,,,,,,1,6,0,1,1,0,5,0,0,1,1,1,0,0,0,0,0,,,,,,0,,5,00,0,0,0,0
Package,"org.apache.pdfbox.printing",pdfbox/src/main/java/org/apache/pdfbox/printing/Orientation.java,1,1,1,0,15,0,8,6,,,,4,2,0,4,,26,22,28,,2,0,0,26,,631,56,312,111,134,263,,,148,190,96,110,,,,,10,10,13,3,,3,,0,84,41,39,46,26
Public Enum Type,"org.apache.pdfbox.printing.Orientation",pdfbox/src/main/java/org/apache/pdfbox/printing/Orientation.java,0,0,0,0,0,0,0,0,1,1,0,,0,0,,,2,3,2,28,0,0,0,2,,16,2,6,4,0,8,,,0,1,1,0,,,,,0,0,0,0,1,0,,1,33,0,0,0,0
Public Implicit Method,"org.apache.pdfbox.printing.Orientation.valueOf()",pdfbox/src/main/java/org/apache/pdfbox/printing/Orientation.java,,,,,,,,,,,,,,,,,,,,,,,,,,,,,,,,,,,,,,,,,,,,,,,,,0,00,0,0,0,0
Public Implicit Method,"org.apache.pdfbox.printing.Orientation.values()",pdfbox/src/main/java/org/apache/pdfbox/printing/Orientation.java,,,,,,,,,,,,,,,,,,,,,,,,,,,,,,,,,,,,,,,,,,,,,,,,,0,00,0,0,0,0
Public Final Class,"org.apache.pdfbox.printing.PDFPageable",pdfbox/src/main/java/org/apache/pdfbox/printing/PDFPageable.java,1,1,1,1,15,0,8,6,1,12,0,,0,0,,,11,7,11,31,0,0,0,11,,197,15,106,30,51,76,,,48,63,26,42,,,,,6,4,6,1,1,1,76,0,72,17,15,17,11
Public Constructor,"org.apache.pdfbox.printing.PDFPageable.PDFPageable(PDDocument)",pdfbox/src/main/java/org/apache/pdfbox/printing/PDFPageable.java,,,,,,,,,,,,,,,,,,,,,,,,,7,9,0,4,1,1,5,2,1,1,2,1,1,1,1,1,1,,,,,,0,,1,25,1,1,1,1
Public Constructor,"org.apache.pdfbox.printing.PDFPageable.PDFPageable(PDDocument,Orientation)",pdfbox/src/main/java/org/apache/pdfbox/printing/PDFPageable.java,,,,,,,,,,,,,,,,,,,,,,,,,2,10,0,4,1,1,6,2,1,1,2,1,1,1,1,1,1,,,,,,0,,1,50,1,1,1,1
Public Constructor,"org.apache.pdfbox.printing.PDFPageable.PDFPageable(PDDocument,Orientation,boolean)",pdfbox/src/main/java/org/apache/pdfbox/printing/PDFPageable.java,,,,,,,,,,,,,,,,,,,,,,,,,3,12,0,4,1,1,8,2,1,1,2,1,1,1,1,1,1,,,,,,0,,2,00,1,1,1,1
Public Constructor,"org.apache.pdfbox.printing.PDFPageable.PDFPageable(PDDocument,Orientation,boolean,float)",pdfbox/src/main/java/org/apache/pdfbox/printing/PDFPageable.java,,,,,,,,,,,,,,,,,,,,,,,,,9,18,0,9,2,5,9,7,1,5,6,1,5,1,1,1,1,,,,,,0,,1,00,1,1,1,1
Public Method,"org.apache.pdfbox.printing.PDFPageable.getNumberOfPages()",pdfbox/src/main/java/org/apache/pdfbox/printing/PDFPageable.java,,,,,,,,,,,,,,,,,,,,,,,,,1,5,0,5,2,1,0,1,1,1,2,1,1,1,1,1,1,,,,,,0,,0,00,1,1,1,1
Public Method,"org.apache.pdfbox.printing.PDFPageable.getPageFormat(int)",pdfbox/src/main/java/org/apache/pdfbox/printing/PDFPageable.java,,,,,,,,,,,,,,,,,,,,,,,,,8,59,4,42,8,30,13,14,8,23,26,7,23,6,4,6,1,,,,,,1,,0,31,6,4,6,1
Public Method,"org.apache.pdfbox.printing.PDFPageable.getPrintable(int)",pdfbox/src/main/java/org/apache/pdfbox/printing/PDFPageable.java,,,,,,,,,,,,,,,,,,,,,,,,,8,12,0,12,3,6,0,5,2,5,7,2,6,2,2,2,1,,,,,,1,,0,00,2,2,2,1
Public Method,"org.apache.pdfbox.printing.PDFPageable.getRenderingHints()",pdfbox/src/main/java/org/apache/pdfbox/printing/PDFPageable.java,,,,,,,,,,,,,,,,,,,,,,,,,1,9,0,4,1,1,5,1,1,1,2,1,1,1,1,1,1,,,,,,0,,1,25,1,1,1,1
Public Method,"org.apache.pdfbox.printing.PDFPageable.isSubsamplingAllowed()",pdfbox/src/main/java/org/apache/pdfbox/printing/PDFPageable.java,,,,,,,,,,,,,,,,,,,,,,,,,1,13,0,4,1,1,9,1,1,1,2,1,1,1,1,1,1,,,,,,0,,2,25,1,1,1,1
Public Method,"org.apache.pdfbox.printing.PDFPageable.setRenderingHints(RenderingHints)",pdfbox/src/main/java/org/apache/pdfbox/printing/PDFPageable.java,,,,,,,,,,,,,,,,,,,,,,,,,2,11,0,4,1,1,7,1,1,1,2,1,1,1,1,1,1,,,,,,0,,1,75,1,1,1,1
Public Method,"org.apache.pdfbox.printing.PDFPageable.setSubsamplingAllowed(boolean)",pdfbox/src/main/java/org/apache/pdfbox/printing/PDFPageable.java,,,,,,,,,,,,,,,,,,,,,,,,,1,13,0,4,1,1,9,1,1,1,2,1,1,1,1,1,1,,,,,,0,,2,25,1,1,1,1
Public Final Class,"org.apache.pdfbox.printing.PDFPrintable",pdfbox/src/main/java/org/apache/pdfbox/printing/PDFPrintable.java,1,1,2,1,20,1,11,7,2,20,0,,2,0,,,11,8,13,25,2,0,0,11,,297,28,163,42,83,106,,,70,95,38,68,,,,,10,10,13,3,1,3,82,0,65,24,24,29,15
Public Constructor,"org.apache.pdfbox.printing.PDFPrintable.PDFPrintable(PDDocument)",pdfbox/src/main/java/org/apache/pdfbox/printing/PDFPrintable.java,,,,,,,,,,,,,,,,,,,,,,,,,3,9,0,4,1,1,5,2,1,1,2,1,1,1,1,1,1,,,,,,0,,1,25,1,1,1,1
Public Constructor,"org.apache.pdfbox.printing.PDFPrintable.PDFPrintable(PDDocument,Scaling)",pdfbox/src/main/java/org/apache/pdfbox/printing/PDFPrintable.java,,,,,,,,,,,,,,,,,,,,,,,,,3,10,0,4,1,1,6,2,1,1,2,1,1,1,1,1,1,,,,,,0,,1,50,1,1,1,1
Public Constructor,"org.apache.pdfbox.printing.PDFPrintable.PDFPrintable(PDDocument,Scaling,boolean)",pdfbox/src/main/java/org/apache/pdfbox/printing/PDFPrintable.java,,,,,,,,,,,,,,,,,,,,,,,,,3,11,0,4,1,1,7,2,1,1,2,1,1,1,1,1,1,,,,,,0,,1,75,1,1,1,1
Public Constructor,"org.apache.pdfbox.printing.PDFPrintable.PDFPrintable(PDDocument,Scaling,boolean,float)",pdfbox/src/main/java/org/apache/pdfbox/printing/PDFPrintable.java,,,,,,,,,,,,,,,,,,,,,,,,,7,13,0,4,1,1,9,2,1,1,2,1,1,1,1,1,1,,,,,,0,,2,25,1,1,1,1
Public Constructor,"org.apache.pdfbox.printing.PDFPrintable.PDFPrintable(PDDocument,Scaling,boolean,float,boolean)",pdfbox/src/main/java/org/apache/pdfbox/printing/PDFPrintable.java,,,,,,,,,,,,,,,,,,,,,,,,,6,15,0,5,2,1,10,3,1,1,2,1,1,1,1,1,1,,,,,,0,,2,00,1,1,1,1
Public Constructor,"org.apache.pdfbox.printing.PDFPrintable.PDFPrintable(PDDocument,Scaling,boolean,float,boolean,PDFRenderer)",pdfbox/src/main/java/org/apache/pdfbox/printing/PDFPrintable.java,,,,,,,,,,,,,,,,,,,,,,,,,7,21,0,10,2,6,11,8,1,6,7,1,6,1,1,1,1,,,,,,0,,1,10,1,1,1,1
Public Method,"org.apache.pdfbox.printing.PDFPrintable.getRenderingHints()",pdfbox/src/main/java/org/apache/pdfbox/printing/PDFPrintable.java,,,,,,,,,,,,,,,,,,,,,,,,,1,9,0,4,1,1,5,1,1,1,2,1,1,1,1,1,1,,,,,,0,,1,25,1,1,1,1
Static Method,"org.apache.pdfbox.printing.PDFPrintable.getRotatedCropBox(PDPage)",pdfbox/src/main/java/org/apache/pdfbox/printing/PDFPrintable.java,,,,,,,,,,,,,,,,,,,,,,,,,3,20,0,14,3,7,6,8,2,4,6,3,5,2,2,3,1,,,,,,1,,0,43,2,2,3,1
Static Method,"org.apache.pdfbox.printing.PDFPrintable.getRotatedMediaBox(PDPage)",pdfbox/src/main/java/org/apache/pdfbox/printing/PDFPrintable.java,,,,,,,,,,,,,,,,,,,,,,,,,2,20,0,14,3,7,6,8,2,4,6,3,5,2,2,3,1,,,,,,1,,0,43,2,2,3,1
Public Method,"org.apache.pdfbox.printing.PDFPrintable.isSubsamplingAllowed()",pdfbox/src/main/java/org/apache/pdfbox/printing/PDFPrintable.java,,,,,,,,,,,,,,,,,,,,,,,,,1,13,0,4,1,1,9,1,1,1,2,1,1,1,1,1,1,,,,,,0,,2,25,1,1,1,1
Public Method,"org.apache.pdfbox.printing.PDFPrintable.print(Graphics,PageFormat,int)",pdfbox/src/main/java/org/apache/pdfbox/printing/PDFPrintable.java,,,,,,,,,,,,,,,,,,,,,,,,,21,102,14,77,15,52,11,32,82,39,49,13,43,10,10,13,3,,,,,,3,,0,14,10,10,13,3
Public Method,"org.apache.pdfbox.printing.PDFPrintable.setRenderingHints(RenderingHints)",pdfbox/src/main/java/org/apache/pdfbox/printing/PDFPrintable.java,,,,,,,,,,,,,,,,,,,,,,,,,2,11,0,4,1,1,7,1,1,1,2,1,1,1,1,1,1,,,,,,0,,1,75,1,1,1,1
Public Method,"org.apache.pdfbox.printing.PDFPrintable.setSubsamplingAllowed(boolean)",pdfbox/src/main/java/org/apache/pdfbox/printing/PDFPrintable.java,,,,,,,,,,,,,,,,,,,,,,,,,2,13,0,4,1,1,9,1,1,1,2,1,1,1,1,1,1,,,,,,0,,2,25,1,1,1,1
Public Enum Type,"org.apache.pdfbox.printing.Scaling",pdfbox/src/main/java/org/apache/pdfbox/printing/Scaling.java,0,0,0,0,0,0,0,0,1,1,0,,0,0,,,2,4,2,28,0,0,0,2,,19,3,7,5,0,9,,,0,1,1,0,,,,,0,0,0,0,1,0,,1,29,0,0,0,0
Public Implicit Method,"org.apache.pdfbox.printing.Scaling.valueOf()",pdfbox/src/main/java/org/apache/pdfbox/printing/Scaling.java,,,,,,,,,,,,,,,,,,,,,,,,,,,,,,,,,,,,,,,,,,,,,,,,,0,00,0,0,0,0
Public Implicit Method,"org.apache.pdfbox.printing.Scaling.values()",pdfbox/src/main/java/org/apache/pdfbox/printing/Scaling.java,,,,,,,,,,,,,,,,,,,,,,,,,,,,,,,,,,,,,,,,,,,,,,,,,0,00,0,0,0,0
Package,"org.apache.pdfbox.rendering",pdfbox/src/main/java/org/apache/pdfbox/rendering/GlyphCache.java,2,2,2,1,16,0,12,2,,,,22,9,17,13,,206,72,215,,25,40,10,140,,4792,449,3314,1081,1551,1038,,,1527,1991,928,1334,,,,,14,14,25,11,,6,,0,31,471,467,557,321
Final Class,"org.apache.pdfbox.rendering.GlyphCache",pdfbox/src/main/java/org/apache/pdfbox/rendering/GlyphCache.java,4,4,4,4,27,1,25,1,1,13,0,,0,1,,,2,2,2,14,1,0,0,1,,69,5,57,12,31,7,,,22,31,12,26,,,,,7,7,8,7,1,4,25,0,12,8,8,9,8
Constructor,"org.apache.pdfbox.rendering.GlyphCache.GlyphCache(PDVectorFont)",pdfbox/src/main/java/org/apache/pdfbox/rendering/GlyphCache.java,,,,,,,,,,,,,,,,,,,,,,,,,2,4,0,4,1,1,0,2,1,1,2,1,1,1,1,1,1,,,,,,0,,0,00,1,1,1,1
Public Method,"org.apache.pdfbox.rendering.GlyphCache.getPathForCharacterCode(int)",pdfbox/src/main/java/org/apache/pdfbox/rendering/GlyphCache.java,,,,,,,,,,,,,,,,,,,,,,,,,6,51,2,47,7,28,2,16,7,18,25,7,23,7,7,8,7,,,,,,4,,0,04,7,7,8,7
Class,"org.apache.pdfbox.rendering.GroupGraphics",pdfbox/src/main/java/org/apache/pdfbox/rendering/GroupGraphics.java,1,1,1,1,7,0,7,0,1,29,0,,0,0,,,74,4,74,177,2,2,0,70,,685,88,540,193,207,60,,,202,287,123,188,,,,,11,11,23,8,1,4,53,0,11,87,87,100,81
Constructor,"org.apache.pdfbox.rendering.GroupGraphics.GroupGraphics(BufferedImage,Graphics2D)",pdfbox/src/main/java/org/apache/pdfbox/rendering/GroupGraphics.java,,,,,,,,,,,,,,,,,,,,,,,,,5,8,0,8,1,5,0,9,1,4,5,1,4,1,1,1,1,,,,,,0,,0,00,1,1,1,1
Private Constructor,"org.apache.pdfbox.rendering.GroupGraphics.GroupGraphics(BufferedImage,Graphics2D,BufferedImage,Graphics2D)",pdfbox/src/main/java/org/apache/pdfbox/rendering/GroupGraphics.java,,,,,,,,,,,,,,,,,,,,,,,,,5,8,0,8,2,4,0,5,1,4,5,1,4,1,1,1,1,,,,,,0,,0,00,1,1,1,1
Public Method,"org.apache.pdfbox.rendering.GroupGraphics.addRenderingHints(Map<?,?>)",pdfbox/src/main/java/org/apache/pdfbox/rendering/GroupGraphics.java,,,,,,,,,,,,,,,,,,,,,,,,,3,6,0,6,2,2,0,1,1,2,3,1,2,1,1,1,1,,,,,,0,,0,00,1,1,1,1
Private Method,"org.apache.pdfbox.rendering.GroupGraphics.backdropRemoval(int,int,int,float)",pdfbox/src/main/java/org/apache/pdfbox/rendering/GroupGraphics.java,,,,,,,,,,,,,,,,,,,,,,,,,5,11,0,7,4,4,4,2,1,4,5,4,2,3,3,3,1,,,,,,0,,0,57,3,3,3,1
Public Method,"org.apache.pdfbox.rendering.GroupGraphics.clearRect(int,int,int,int)",pdfbox/src/main/java/org/apache/pdfbox/rendering/GroupGraphics.java,,,,,,,,,,,,,,,,,,,,,,,,,6,6,0,6,2,2,0,1,1,2,3,1,2,1,1,1,1,,,,,,0,,0,00,1,1,1,1
Public Method,"org.apache.pdfbox.rendering.GroupGraphics.clip(Shape)",pdfbox/src/main/java/org/apache/pdfbox/rendering/GroupGraphics.java,,,,,,,,,,,,,,,,,,,,,,,,,3,6,0,6,2,2,0,1,1,2,3,1,2,1,1,1,1,,,,,,0,,0,00,1,1,1,1
Public Method,"org.apache.pdfbox.rendering.GroupGraphics.clipRect(int,int,int,int)",pdfbox/src/main/java/org/apache/pdfbox/rendering/GroupGraphics.java,,,,,,,,,,,,,,,,,,,,,,,,,6,6,0,6,2,2,0,1,1,2,3,1,2,1,1,1,1,,,,,,0,,0,00,1,1,1,1
Public Method,"org.apache.pdfbox.rendering.GroupGraphics.copyArea(int,int,int,int,int,int)",pdfbox/src/main/java/org/apache/pdfbox/rendering/GroupGraphics.java,,,,,,,,,,,,,,,,,,,,,,,,,8,6,0,6,2,2,0,1,1,2,3,1,2,1,1,1,1,,,,,,0,,0,00,1,1,1,1
Public Method,"org.apache.pdfbox.rendering.GroupGraphics.create()",pdfbox/src/main/java/org/apache/pdfbox/rendering/GroupGraphics.java,,,,,,,,,,,,,,,,,,,,,,,,,4,13,0,13,4,7,0,5,2,6,8,3,7,2,2,3,1,,,,,,1,,0,00,2,2,3,1
Public Method,"org.apache.pdfbox.rendering.GroupGraphics.dispose()",pdfbox/src/main/java/org/apache/pdfbox/rendering/GroupGraphics.java,,,,,,,,,,,,,,,,,,,,,,,,,2,6,0,6,2,2,0,1,1,2,3,1,2,1,1,1,1,,,,,,0,,0,00,1,1,1,1
Public Method,"org.apache.pdfbox.rendering.GroupGraphics.draw(Shape)",pdfbox/src/main/java/org/apache/pdfbox/rendering/GroupGraphics.java,,,,,,,,,,,,,,,,,,,,,,,,,3,6,0,6,2,2,0,1,1,2,3,1,2,1,1,1,1,,,,,,0,,0,00,1,1,1,1
Public Method,"org.apache.pdfbox.rendering.GroupGraphics.drawArc(int,int,int,int,int,int)",pdfbox/src/main/java/org/apache/pdfbox/rendering/GroupGraphics.java,,,,,,,,,,,,,,,,,,,,,,,,,8,6,0,6,2,2,0,1,1,2,3,1,2,1,1,1,1,,,,,,0,,0,00,1,1,1,1
Public Method,"org.apache.pdfbox.rendering.GroupGraphics.drawGlyphVector(GlyphVector,float,float)",pdfbox/src/main/java/org/apache/pdfbox/rendering/GroupGraphics.java,,,,,,,,,,,,,,,,,,,,,,,,,5,6,0,6,2,2,0,1,1,2,3,1,2,1,1,1,1,,,,,,0,,0,00,1,1,1,1
Public Method,"org.apache.pdfbox.rendering.GroupGraphics.drawImage(BufferedImage,BufferedImageOp,int,int)",pdfbox/src/main/java/org/apache/pdfbox/rendering/GroupGraphics.java,,,,,,,,,,,,,,,,,,,,,,,,,6,6,0,6,2,2,0,1,1,2,3,1,2,1,1,1,1,,,,,,0,,0,00,1,1,1,1
Public Method,"org.apache.pdfbox.rendering.GroupGraphics.drawImage(Image,AffineTransform,ImageObserver)",pdfbox/src/main/java/org/apache/pdfbox/rendering/GroupGraphics.java,,,,,,,,,,,,,,,,,,,,,,,,,5,6,0,6,2,2,0,2,1,2,3,1,2,1,1,1,1,,,,,,0,,0,00,1,1,1,1
Public Method,"org.apache.pdfbox.rendering.GroupGraphics.drawImage(Image,int,int,Color,ImageObserver)",pdfbox/src/main/java/org/apache/pdfbox/rendering/GroupGraphics.java,,,,,,,,,,,,,,,,,,,,,,,,,7,6,0,6,2,2,0,2,1,2,3,1,2,1,1,1,1,,,,,,0,,0,00,1,1,1,1
Public Method,"org.apache.pdfbox.rendering.GroupGraphics.drawImage(Image,int,int,ImageObserver)",pdfbox/src/main/java/org/apache/pdfbox/rendering/GroupGraphics.java,,,,,,,,,,,,,,,,,,,,,,,,,6,6,0,6,2,2,0,2,1,2,3,1,2,1,1,1,1,,,,,,0,,0,00,1,1,1,1
Public Method,"org.apache.pdfbox.rendering.GroupGraphics.drawImage(Image,int,int,int,int,Color,ImageObserver)",pdfbox/src/main/java/org/apache/pdfbox/rendering/GroupGraphics.java,,,,,,,,,,,,,,,,,,,,,,,,,9,7,0,7,3,2,0,2,1,2,3,1,2,1,1,1,1,,,,,,0,,0,00,1,1,1,1
Public Method,"org.apache.pdfbox.rendering.GroupGraphics.drawImage(Image,int,int,int,int,ImageObserver)",pdfbox/src/main/java/org/apache/pdfbox/rendering/GroupGraphics.java,,,,,,,,,,,,,,,,,,,,,,,,,8,6,0,6,2,2,0,2,1,2,3,1,2,1,1,1,1,,,,,,0,,0,00,1,1,1,1
Public Method,"org.apache.pdfbox.rendering.GroupGraphics.drawImage(Image,int,int,int,int,int,int,int,int,Color,ImageObserver)",pdfbox/src/main/java/org/apache/pdfbox/rendering/GroupGraphics.java,,,,,,,,,,,,,,,,,,,,,,,,,13,7,0,7,3,2,0,2,1,2,3,1,2,1,1,1,1,,,,,,0,,0,00,1,1,1,1
Public Method,"org.apache.pdfbox.rendering.GroupGraphics.drawImage(Image,int,int,int,int,int,int,int,int,ImageObserver)",pdfbox/src/main/java/org/apache/pdfbox/rendering/GroupGraphics.java,,,,,,,,,,,,,,,,,,,,,,,,,12,7,0,7,3,2,0,2,1,2,3,1,2,1,1,1,1,,,,,,0,,0,00,1,1,1,1
Public Method,"org.apache.pdfbox.rendering.GroupGraphics.drawLine(int,int,int,int)",pdfbox/src/main/java/org/apache/pdfbox/rendering/GroupGraphics.java,,,,,,,,,,,,,,,,,,,,,,,,,6,6,0,6,2,2,0,1,1,2,3,1,2,1,1,1,1,,,,,,0,,0,00,1,1,1,1
Public Method,"org.apache.pdfbox.rendering.GroupGraphics.drawOval(int,int,int,int)",pdfbox/src/main/java/org/apache/pdfbox/rendering/GroupGraphics.java,,,,,,,,,,,,,,,,,,,,,,,,,6,6,0,6,2,2,0,1,1,2,3,1,2,1,1,1,1,,,,,,0,,0,00,1,1,1,1
Public Method,"org.apache.pdfbox.rendering.GroupGraphics.drawPolygon(int[],int[],int)",pdfbox/src/main/java/org/apache/pdfbox/rendering/GroupGraphics.java,,,,,,,,,,,,,,,,,,,,,,,,,5,6,0,6,2,2,0,1,1,2,3,1,2,1,1,1,1,,,,,,0,,0,00,1,1,1,1
Public Method,"org.apache.pdfbox.rendering.GroupGraphics.drawPolyline(int[],int[],int)",pdfbox/src/main/java/org/apache/pdfbox/rendering/GroupGraphics.java,,,,,,,,,,,,,,,,,,,,,,,,,5,6,0,6,2,2,0,1,1,2,3,1,2,1,1,1,1,,,,,,0,,0,00,1,1,1,1
Public Method,"org.apache.pdfbox.rendering.GroupGraphics.drawRenderableImage(RenderableImage,AffineTransform)",pdfbox/src/main/java/org/apache/pdfbox/rendering/GroupGraphics.java,,,,,,,,,,,,,,,,,,,,,,,,,4,6,0,6,2,2,0,1,1,2,3,1,2,1,1,1,1,,,,,,0,,0,00,1,1,1,1
Public Method,"org.apache.pdfbox.rendering.GroupGraphics.drawRenderedImage(RenderedImage,AffineTransform)",pdfbox/src/main/java/org/apache/pdfbox/rendering/GroupGraphics.java,,,,,,,,,,,,,,,,,,,,,,,,,4,6,0,6,2,2,0,1,1,2,3,1,2,1,1,1,1,,,,,,0,,0,00,1,1,1,1
Public Method,"org.apache.pdfbox.rendering.GroupGraphics.drawRoundRect(int,int,int,int,int,int)",pdfbox/src/main/java/org/apache/pdfbox/rendering/GroupGraphics.java,,,,,,,,,,,,,,,,,,,,,,,,,8,6,0,6,2,2,0,1,1,2,3,1,2,1,1,1,1,,,,,,0,,0,00,1,1,1,1
Public Method,"org.apache.pdfbox.rendering.GroupGraphics.drawString(AttributedCharacterIterator,float,float)",pdfbox/src/main/java/org/apache/pdfbox/rendering/GroupGraphics.java,,,,,,,,,,,,,,,,,,,,,,,,,5,6,0,6,2,2,0,1,1,2,3,1,2,1,1,1,1,,,,,,0,,0,00,1,1,1,1
Public Method,"org.apache.pdfbox.rendering.GroupGraphics.drawString(AttributedCharacterIterator,int,int)",pdfbox/src/main/java/org/apache/pdfbox/rendering/GroupGraphics.java,,,,,,,,,,,,,,,,,,,,,,,,,5,6,0,6,2,2,0,1,1,2,3,1,2,1,1,1,1,,,,,,0,,0,00,1,1,1,1
Public Method,"org.apache.pdfbox.rendering.GroupGraphics.drawString(String,float,float)",pdfbox/src/main/java/org/apache/pdfbox/rendering/GroupGraphics.java,,,,,,,,,,,,,,,,,,,,,,,,,5,6,0,6,2,2,0,1,1,2,3,1,2,1,1,1,1,,,,,,0,,0,00,1,1,1,1
Public Method,"org.apache.pdfbox.rendering.GroupGraphics.drawString(String,int,int)",pdfbox/src/main/java/org/apache/pdfbox/rendering/GroupGraphics.java,,,,,,,,,,,,,,,,,,,,,,,,,5,6,0,6,2,2,0,1,1,2,3,1,2,1,1,1,1,,,,,,0,,0,00,1,1,1,1
Public Method,"org.apache.pdfbox.rendering.GroupGraphics.fill(Shape)",pdfbox/src/main/java/org/apache/pdfbox/rendering/GroupGraphics.java,,,,,,,,,,,,,,,,,,,,,,,,,3,6,0,6,2,2,0,1,1,2,3,1,2,1,1,1,1,,,,,,0,,0,00,1,1,1,1
Public Method,"org.apache.pdfbox.rendering.GroupGraphics.fillArc(int,int,int,int,int,int)",pdfbox/src/main/java/org/apache/pdfbox/rendering/GroupGraphics.java,,,,,,,,,,,,,,,,,,,,,,,,,8,6,0,6,2,2,0,1,1,2,3,1,2,1,1,1,1,,,,,,0,,0,00,1,1,1,1
Public Method,"org.apache.pdfbox.rendering.GroupGraphics.fillOval(int,int,int,int)",pdfbox/src/main/java/org/apache/pdfbox/rendering/GroupGraphics.java,,,,,,,,,,,,,,,,,,,,,,,,,6,6,0,6,2,2,0,1,1,2,3,1,2,1,1,1,1,,,,,,0,,0,00,1,1,1,1
Public Method,"org.apache.pdfbox.rendering.GroupGraphics.fillPolygon(int[],int[],int)",pdfbox/src/main/java/org/apache/pdfbox/rendering/GroupGraphics.java,,,,,,,,,,,,,,,,,,,,,,,,,5,6,0,6,2,2,0,1,1,2,3,1,2,1,1,1,1,,,,,,0,,0,00,1,1,1,1
Public Method,"org.apache.pdfbox.rendering.GroupGraphics.fillRect(int,int,int,int)",pdfbox/src/main/java/org/apache/pdfbox/rendering/GroupGraphics.java,,,,,,,,,,,,,,,,,,,,,,,,,6,6,0,6,2,2,0,1,1,2,3,1,2,1,1,1,1,,,,,,0,,0,00,1,1,1,1
Public Method,"org.apache.pdfbox.rendering.GroupGraphics.fillRoundRect(int,int,int,int,int,int)",pdfbox/src/main/java/org/apache/pdfbox/rendering/GroupGraphics.java,,,,,,,,,,,,,,,,,,,,,,,,,8,6,0,6,2,2,0,1,1,2,3,1,2,1,1,1,1,,,,,,0,,0,00,1,1,1,1
Public Method,"org.apache.pdfbox.rendering.GroupGraphics.getBackground()",pdfbox/src/main/java/org/apache/pdfbox/rendering/GroupGraphics.java,,,,,,,,,,,,,,,,,,,,,,,,,1,5,0,5,2,1,0,2,1,1,2,1,1,1,1,1,1,,,,,,0,,0,00,1,1,1,1
Public Method,"org.apache.pdfbox.rendering.GroupGraphics.getClip()",pdfbox/src/main/java/org/apache/pdfbox/rendering/GroupGraphics.java,,,,,,,,,,,,,,,,,,,,,,,,,1,5,0,5,2,1,0,2,1,1,2,1,1,1,1,1,1,,,,,,0,,0,00,1,1,1,1
Public Method,"org.apache.pdfbox.rendering.GroupGraphics.getClipBounds()",pdfbox/src/main/java/org/apache/pdfbox/rendering/GroupGraphics.java,,,,,,,,,,,,,,,,,,,,,,,,,1,5,0,5,2,1,0,2,1,1,2,1,1,1,1,1,1,,,,,,0,,0,00,1,1,1,1
Public Method,"org.apache.pdfbox.rendering.GroupGraphics.getColor()",pdfbox/src/main/java/org/apache/pdfbox/rendering/GroupGraphics.java,,,,,,,,,,,,,,,,,,,,,,,,,1,5,0,5,2,1,0,2,1,1,2,1,1,1,1,1,1,,,,,,0,,0,00,1,1,1,1
Public Method,"org.apache.pdfbox.rendering.GroupGraphics.getComposite()",pdfbox/src/main/java/org/apache/pdfbox/rendering/GroupGraphics.java,,,,,,,,,,,,,,,,,,,,,,,,,1,5,0,5,2,1,0,2,1,1,2,1,1,1,1,1,1,,,,,,0,,0,00,1,1,1,1
Public Method,"org.apache.pdfbox.rendering.GroupGraphics.getDeviceConfiguration()",pdfbox/src/main/java/org/apache/pdfbox/rendering/GroupGraphics.java,,,,,,,,,,,,,,,,,,,,,,,,,1,5,0,5,2,1,0,2,1,1,2,1,1,1,1,1,1,,,,,,0,,0,00,1,1,1,1
Public Method,"org.apache.pdfbox.rendering.GroupGraphics.getFont()",pdfbox/src/main/java/org/apache/pdfbox/rendering/GroupGraphics.java,,,,,,,,,,,,,,,,,,,,,,,,,1,5,0,5,2,1,0,2,1,1,2,1,1,1,1,1,1,,,,,,0,,0,00,1,1,1,1
Public Method,"org.apache.pdfbox.rendering.GroupGraphics.getFontMetrics(Font)",pdfbox/src/main/java/org/apache/pdfbox/rendering/GroupGraphics.java,,,,,,,,,,,,,,,,,,,,,,,,,2,5,0,5,2,1,0,2,1,1,2,1,1,1,1,1,1,,,,,,0,,0,00,1,1,1,1
Public Method,"org.apache.pdfbox.rendering.GroupGraphics.getFontRenderContext()",pdfbox/src/main/java/org/apache/pdfbox/rendering/GroupGraphics.java,,,,,,,,,,,,,,,,,,,,,,,,,1,5,0,5,2,1,0,2,1,1,2,1,1,1,1,1,1,,,,,,0,,0,00,1,1,1,1
Public Method,"org.apache.pdfbox.rendering.GroupGraphics.getPaint()",pdfbox/src/main/java/org/apache/pdfbox/rendering/GroupGraphics.java,,,,,,,,,,,,,,,,,,,,,,,,,1,5,0,5,2,1,0,2,1,1,2,1,1,1,1,1,1,,,,,,0,,0,00,1,1,1,1
Public Method,"org.apache.pdfbox.rendering.GroupGraphics.getRenderingHint(RenderingHints.Key)",pdfbox/src/main/java/org/apache/pdfbox/rendering/GroupGraphics.java,,,,,,,,,,,,,,,,,,,,,,,,,2,5,0,5,2,1,0,2,1,1,2,1,1,1,1,1,1,,,,,,0,,0,00,1,1,1,1
Public Method,"org.apache.pdfbox.rendering.GroupGraphics.getRenderingHints()",pdfbox/src/main/java/org/apache/pdfbox/rendering/GroupGraphics.java,,,,,,,,,,,,,,,,,,,,,,,,,1,5,0,5,2,1,0,2,1,1,2,1,1,1,1,1,1,,,,,,0,,0,00,1,1,1,1
Public Method,"org.apache.pdfbox.rendering.GroupGraphics.getStroke()",pdfbox/src/main/java/org/apache/pdfbox/rendering/GroupGraphics.java,,,,,,,,,,,,,,,,,,,,,,,,,1,5,0,5,2,1,0,2,1,1,2,1,1,1,1,1,1,,,,,,0,,0,00,1,1,1,1
Public Method,"org.apache.pdfbox.rendering.GroupGraphics.getTransform()",pdfbox/src/main/java/org/apache/pdfbox/rendering/GroupGraphics.java,,,,,,,,,,,,,,,,,,,,,,,,,1,5,0,5,2,1,0,2,1,1,2,1,1,1,1,1,1,,,,,,0,,0,00,1,1,1,1
Public Method,"org.apache.pdfbox.rendering.GroupGraphics.hit(Rectangle,Shape,boolean)",pdfbox/src/main/java/org/apache/pdfbox/rendering/GroupGraphics.java,,,,,,,,,,,,,,,,,,,,,,,,,4,5,0,5,2,1,0,2,1,1,2,1,1,1,1,1,1,,,,,,0,,0,00,1,1,1,1
Method,"org.apache.pdfbox.rendering.GroupGraphics.removeBackdrop(BufferedImage,int,int)",pdfbox/src/main/java/org/apache/pdfbox/rendering/GroupGraphics.java,,,,,,,,,,,,,,,,,,,,,,,,,8,143,14,95,36,64,37,9,12,57,67,40,48,11,11,23,8,,,,,,4,,0,39,11,11,23,8
Public Method,"org.apache.pdfbox.rendering.GroupGraphics.rotate(double)",pdfbox/src/main/java/org/apache/pdfbox/rendering/GroupGraphics.java,,,,,,,,,,,,,,,,,,,,,,,,,3,6,0,6,2,2,0,1,1,2,3,1,2,1,1,1,1,,,,,,0,,0,00,1,1,1,1
Public Method,"org.apache.pdfbox.rendering.GroupGraphics.rotate(double,double,double)",pdfbox/src/main/java/org/apache/pdfbox/rendering/GroupGraphics.java,,,,,,,,,,,,,,,,,,,,,,,,,5,6,0,6,2,2,0,1,1,2,3,1,2,1,1,1,1,,,,,,0,,0,00,1,1,1,1
Public Method,"org.apache.pdfbox.rendering.GroupGraphics.scale(double,double)",pdfbox/src/main/java/org/apache/pdfbox/rendering/GroupGraphics.java,,,,,,,,,,,,,,,,,,,,,,,,,4,6,0,6,2,2,0,1,1,2,3,1,2,1,1,1,1,,,,,,0,,0,00,1,1,1,1
Public Method,"org.apache.pdfbox.rendering.GroupGraphics.setBackground(Color)",pdfbox/src/main/java/org/apache/pdfbox/rendering/GroupGraphics.java,,,,,,,,,,,,,,,,,,,,,,,,,3,6,0,6,2,2,0,1,1,2,3,1,2,1,1,1,1,,,,,,0,,0,00,1,1,1,1
Public Method,"org.apache.pdfbox.rendering.GroupGraphics.setClip(Shape)",pdfbox/src/main/java/org/apache/pdfbox/rendering/GroupGraphics.java,,,,,,,,,,,,,,,,,,,,,,,,,3,6,0,6,2,2,0,1,1,2,3,1,2,1,1,1,1,,,,,,0,,0,00,1,1,1,1
Public Method,"org.apache.pdfbox.rendering.GroupGraphics.setClip(int,int,int,int)",pdfbox/src/main/java/org/apache/pdfbox/rendering/GroupGraphics.java,,,,,,,,,,,,,,,,,,,,,,,,,6,6,0,6,2,2,0,1,1,2,3,1,2,1,1,1,1,,,,,,0,,0,00,1,1,1,1
Public Method,"org.apache.pdfbox.rendering.GroupGraphics.setColor(Color)",pdfbox/src/main/java/org/apache/pdfbox/rendering/GroupGraphics.java,,,,,,,,,,,,,,,,,,,,,,,,,3,6,0,6,2,2,0,1,1,2,3,1,2,1,1,1,1,,,,,,0,,0,00,1,1,1,1
Public Method,"org.apache.pdfbox.rendering.GroupGraphics.setComposite(Composite)",pdfbox/src/main/java/org/apache/pdfbox/rendering/GroupGraphics.java,,,,,,,,,,,,,,,,,,,,,,,,,3,6,0,6,2,2,0,1,1,2,3,1,2,1,1,1,1,,,,,,0,,0,00,1,1,1,1
Public Method,"org.apache.pdfbox.rendering.GroupGraphics.setFont(Font)",pdfbox/src/main/java/org/apache/pdfbox/rendering/GroupGraphics.java,,,,,,,,,,,,,,,,,,,,,,,,,3,6,0,6,2,2,0,1,1,2,3,1,2,1,1,1,1,,,,,,0,,0,00,1,1,1,1
Public Method,"org.apache.pdfbox.rendering.GroupGraphics.setPaint(Paint)",pdfbox/src/main/java/org/apache/pdfbox/rendering/GroupGraphics.java,,,,,,,,,,,,,,,,,,,,,,,,,3,6,0,6,2,2,0,1,1,2,3,1,2,1,1,1,1,,,,,,0,,0,00,1,1,1,1
Public Method,"org.apache.pdfbox.rendering.GroupGraphics.setPaintMode()",pdfbox/src/main/java/org/apache/pdfbox/rendering/GroupGraphics.java,,,,,,,,,,,,,,,,,,,,,,,,,2,6,0,6,2,2,0,1,1,2,3,1,2,1,1,1,1,,,,,,0,,0,00,1,1,1,1
Public Method,"org.apache.pdfbox.rendering.GroupGraphics.setRenderingHint(RenderingHints.Key,Object)",pdfbox/src/main/java/org/apache/pdfbox/rendering/GroupGraphics.java,,,,,,,,,,,,,,,,,,,,,,,,,4,6,0,6,2,2,0,1,1,2,3,1,2,1,1,1,1,,,,,,0,,0,00,1,1,1,1
Public Method,"org.apache.pdfbox.rendering.GroupGraphics.setRenderingHints(Map<?,?>)",pdfbox/src/main/java/org/apache/pdfbox/rendering/GroupGraphics.java,,,,,,,,,,,,,,,,,,,,,,,,,3,6,0,6,2,2,0,1,1,2,3,1,2,1,1,1,1,,,,,,0,,0,00,1,1,1,1
Public Method,"org.apache.pdfbox.rendering.GroupGraphics.setStroke(Stroke)",pdfbox/src/main/java/org/apache/pdfbox/rendering/GroupGraphics.java,,,,,,,,,,,,,,,,,,,,,,,,,3,6,0,6,2,2,0,1,1,2,3,1,2,1,1,1,1,,,,,,0,,0,00,1,1,1,1
Public Method,"org.apache.pdfbox.rendering.GroupGraphics.setTransform(AffineTransform)",pdfbox/src/main/java/org/apache/pdfbox/rendering/GroupGraphics.java,,,,,,,,,,,,,,,,,,,,,,,,,3,6,0,6,2,2,0,1,1,2,3,1,2,1,1,1,1,,,,,,0,,0,00,1,1,1,1
Public Method,"org.apache.pdfbox.rendering.GroupGraphics.setXORMode(Color)",pdfbox/src/main/java/org/apache/pdfbox/rendering/GroupGraphics.java,,,,,,,,,,,,,,,,,,,,,,,,,3,6,0,6,2,2,0,1,1,2,3,1,2,1,1,1,1,,,,,,0,,0,00,1,1,1,1
Public Method,"org.apache.pdfbox.rendering.GroupGraphics.shear(double,double)",pdfbox/src/main/java/org/apache/pdfbox/rendering/GroupGraphics.java,,,,,,,,,,,,,,,,,,,,,,,,,4,6,0,6,2,2,0,1,1,2,3,1,2,1,1,1,1,,,,,,0,,0,00,1,1,1,1
Public Method,"org.apache.pdfbox.rendering.GroupGraphics.transform(AffineTransform)",pdfbox/src/main/java/org/apache/pdfbox/rendering/GroupGraphics.java,,,,,,,,,,,,,,,,,,,,,,,,,3,6,0,6,2,2,0,1,1,2,3,1,2,1,1,1,1,,,,,,0,,0,00,1,1,1,1
Public Method,"org.apache.pdfbox.rendering.GroupGraphics.translate(double,double)",pdfbox/src/main/java/org/apache/pdfbox/rendering/GroupGraphics.java,,,,,,,,,,,,,,,,,,,,,,,,,4,6,0,6,2,2,0,1,1,2,3,1,2,1,1,1,1,,,,,,0,,0,00,1,1,1,1
Public Method,"org.apache.pdfbox.rendering.GroupGraphics.translate(int,int)",pdfbox/src/main/java/org/apache/pdfbox/rendering/GroupGraphics.java,,,,,,,,,,,,,,,,,,,,,,,,,4,6,0,6,2,2,0,1,1,2,3,1,2,1,1,1,1,,,,,,0,,0,00,1,1,1,1
Public Enum Type,"org.apache.pdfbox.rendering.ImageType",pdfbox/src/main/java/org/apache/pdfbox/rendering/ImageType.java,0,0,0,0,0,0,0,0,1,1,5,,0,0,,,3,5,3,29,1,0,0,2,,57,5,44,22,5,8,,,7,12,7,5,,,,,0,0,0,0,1,0,,0,18,0,0,0,0
Anonymous Class,"org.apache.pdfbox.rendering.ImageType.(Anon_1)",pdfbox/src/main/java/org/apache/pdfbox/rendering/ImageType.java,1,1,1,1,5,0,5,0,1,2,0,,0,0,,,1,0,1,30,1,0,0,0,,6,0,6,2,1,0,,,1,2,1,1,,,,,1,1,1,1,2,0,0,0,00,1,1,1,1
Method,"org.apache.pdfbox.rendering.ImageType.(Anon_1).toBufferedImageType()",pdfbox/src/main/java/org/apache/pdfbox/rendering/ImageType.java,,,,,,,,,,,,,,,,,,,,,,,,,1,5,0,5,2,1,0,1,1,1,2,1,1,1,1,1,1,,,,,,0,,0,00,1,1,1,1
Anonymous Class,"org.apache.pdfbox.rendering.ImageType.(Anon_2)",pdfbox/src/main/java/org/apache/pdfbox/rendering/ImageType.java,1,1,1,1,5,0,5,0,1,2,0,,0,0,,,1,0,1,30,1,0,0,0,,6,0,6,2,1,0,,,1,2,1,1,,,,,1,1,1,1,2,0,0,0,00,1,1,1,1
Method,"org.apache.pdfbox.rendering.ImageType.(Anon_2).toBufferedImageType()",pdfbox/src/main/java/org/apache/pdfbox/rendering/ImageType.java,,,,,,,,,,,,,,,,,,,,,,,,,1,5,0,5,2,1,0,1,1,1,2,1,1,1,1,1,1,,,,,,0,,0,00,1,1,1,1
Anonymous Class,"org.apache.pdfbox.rendering.ImageType.(Anon_3)",pdfbox/src/main/java/org/apache/pdfbox/rendering/ImageType.java,1,1,1,1,5,0,5,0,1,2,0,,0,0,,,1,0,1,30,1,0,0,0,,6,0,6,2,1,0,,,1,2,1,1,,,,,1,1,1,1,2,0,0,0,00,1,1,1,1
Method,"org.apache.pdfbox.rendering.ImageType.(Anon_3).toBufferedImageType()",pdfbox/src/main/java/org/apache/pdfbox/rendering/ImageType.java,,,,,,,,,,,,,,,,,,,,,,,,,1,5,0,5,2,1,0,1,1,1,2,1,1,1,1,1,1,,,,,,0,,0,00,1,1,1,1
Anonymous Class,"org.apache.pdfbox.rendering.ImageType.(Anon_4)",pdfbox/src/main/java/org/apache/pdfbox/rendering/ImageType.java,1,1,1,1,5,0,5,0,1,2,0,,0,0,,,1,0,1,30,1,0,0,0,,6,0,6,2,1,0,,,1,2,1,1,,,,,1,1,1,1,2,0,0,0,00,1,1,1,1
Method,"org.apache.pdfbox.rendering.ImageType.(Anon_4).toBufferedImageType()",pdfbox/src/main/java/org/apache/pdfbox/rendering/ImageType.java,,,,,,,,,,,,,,,,,,,,,,,,,1,5,0,5,2,1,0,1,1,1,2,1,1,1,1,1,1,,,,,,0,,0,00,1,1,1,1
Anonymous Class,"org.apache.pdfbox.rendering.ImageType.(Anon_5)",pdfbox/src/main/java/org/apache/pdfbox/rendering/ImageType.java,1,1,1,1,5,0,5,0,1,2,0,,0,0,,,1,0,1,30,1,0,0,0,,6,0,6,2,1,0,,,1,2,1,1,,,,,1,1,1,1,2,0,0,0,00,1,1,1,1
Method,"org.apache.pdfbox.rendering.ImageType.(Anon_5).toBufferedImageType()",pdfbox/src/main/java/org/apache/pdfbox/rendering/ImageType.java,,,,,,,,,,,,,,,,,,,,,,,,,1,5,0,5,2,1,0,1,1,1,2,1,1,1,1,1,1,,,,,,0,,0,00,1,1,1,1
Abstract Method,"org.apache.pdfbox.rendering.ImageType.toBufferedImageType()",pdfbox/src/main/java/org/apache/pdfbox/rendering/ImageType.java,,,,,,,,,,,,,,,,,,,,,,,,,1,1,0,1,1,0,0,1,0,1,1,1,0,0,0,0,0,,,,,,0,,0,00,0,0,0,0
Public Implicit Method,"org.apache.pdfbox.rendering.ImageType.valueOf()",pdfbox/src/main/java/org/apache/pdfbox/rendering/ImageType.java,,,,,,,,,,,,,,,,,,,,,,,,,,,,,,,,,,,,,,,,,,,,,,,,,0,00,0,0,0,0
Public Implicit Method,"org.apache.pdfbox.rendering.ImageType.values()",pdfbox/src/main/java/org/apache/pdfbox/rendering/ImageType.java,,,,,,,,,,,,,,,,,,,,,,,,,,,,,,,,,,,,,,,,,,,,,,,,,0,00,0,0,0,0
Public Class,"org.apache.pdfbox.rendering.PDFRenderer",pdfbox/src/main/java/org/apache/pdfbox/rendering/PDFRenderer.java,1,1,2,1,17,0,10,6,1,36,1,,2,2,,,28,8,30,43,1,6,1,22,,589,57,323,88,161,210,,,126,179,78,134,,,,,7,7,9,5,1,3,90,0,65,59,57,65,43
Lambda Method,"org.apache.pdfbox.rendering.PDFRenderer.(lambda_expr_1)()",pdfbox/src/main/java/org/apache/pdfbox/rendering/PDFRenderer.java,,,,,,,,,,,,,,,,,,,,,,,,,0,1,0,1,1,1,0,1,1,0,0,0,0,1,1,1,1,,,,,,0,,0,00,1,1,1,1
Public Constructor,"org.apache.pdfbox.rendering.PDFRenderer.PDFRenderer(PDDocument)",pdfbox/src/main/java/org/apache/pdfbox/rendering/PDFRenderer.java,,,,,,,,,,,,,,,,,,,,,,,,,42,15,1,10,1,5,4,6,2,4,6,1,5,2,2,2,1,,,,,,1,,0,40,2,2,2,1
Private Method,"org.apache.pdfbox.rendering.PDFRenderer.createDefaultRenderingHints(Graphics2D)",pdfbox/src/main/java/org/apache/pdfbox/rendering/PDFRenderer.java,,,,,,,,,,,,,,,,,,,,,,,,,11,13,0,13,3,10,0,4,1,6,7,3,6,3,3,3,1,,,,,,0,,0,00,3,3,3,1
Protected Method,"org.apache.pdfbox.rendering.PDFRenderer.createPageDrawer(PageDrawerParameters)",pdfbox/src/main/java/org/apache/pdfbox/rendering/PDFRenderer.java,,,,,,,,,,,,,,,,,,,,,,,,,4,9,0,6,2,3,3,3,1,3,4,2,3,1,1,1,1,,,,,,0,,0,50,1,1,1,1
Public Method,"org.apache.pdfbox.rendering.PDFRenderer.getAnnotationsFilter()",pdfbox/src/main/java/org/apache/pdfbox/rendering/PDFRenderer.java,,,,,,,,,,,,,,,,,,,,,,,,,1,9,0,4,1,1,5,1,1,1,2,1,1,1,1,1,1,,,,,,0,,1,25,1,1,1,1
Public Method,"org.apache.pdfbox.rendering.PDFRenderer.getDefaultDestination()",pdfbox/src/main/java/org/apache/pdfbox/rendering/PDFRenderer.java,,,,,,,,,,,,,,,,,,,,,,,,,1,7,0,4,1,1,3,1,1,1,2,1,1,1,1,1,1,,,,,,0,,0,75,1,1,1,1
Public Method,"org.apache.pdfbox.rendering.PDFRenderer.getImageDownscalingOptimizationThreshold()",pdfbox/src/main/java/org/apache/pdfbox/rendering/PDFRenderer.java,,,,,,,,,,,,,,,,,,,,,,,,,1,9,0,4,1,1,5,1,1,1,2,1,1,1,1,1,1,,,,,,0,,1,25,1,1,1,1
Method,"org.apache.pdfbox.rendering.PDFRenderer.getPageImage()",pdfbox/src/main/java/org/apache/pdfbox/rendering/PDFRenderer.java,,,,,,,,,,,,,,,,,,,,,,,,,2,9,0,4,1,1,5,1,1,1,2,1,1,1,1,1,1,,,,,,0,,1,25,1,1,1,1
Public Method,"org.apache.pdfbox.rendering.PDFRenderer.getRenderingHints()",pdfbox/src/main/java/org/apache/pdfbox/rendering/PDFRenderer.java,,,,,,,,,,,,,,,,,,,,,,,,,1,9,0,4,1,1,5,1,1,1,2,1,1,1,1,1,1,,,,,,0,,1,25,1,1,1,1
Private Method,"org.apache.pdfbox.rendering.PDFRenderer.hasBlendMode(PDPage)",pdfbox/src/main/java/org/apache/pdfbox/rendering/PDFRenderer.java,,,,,,,,,,,,,,,,,,,,,,,,,3,24,0,21,4,10,3,5,5,6,12,5,10,5,5,5,5,,,,,,3,,0,14,5,5,5,5
Private Method,"org.apache.pdfbox.rendering.PDFRenderer.isBitonal(Graphics2D)",pdfbox/src/main/java/org/apache/pdfbox/rendering/PDFRenderer.java,,,,,,,,,,,,,,,,,,,,,,,,,2,19,0,19,4,10,0,5,4,7,11,4,10,4,4,4,4,,,,,,1,,0,00,4,4,4,4
Private Static Method,"org.apache.pdfbox.rendering.PDFRenderer.isGoodVersion(String,String,int)",pdfbox/src/main/java/org/apache/pdfbox/rendering/PDFRenderer.java,,,,,,,,,,,,,,,,,,,,,,,,,4,21,0,20,3,9,1,7,4,5,9,3,8,4,4,5,4,,,,,,3,,0,05,4,4,5,4
Public Method,"org.apache.pdfbox.rendering.PDFRenderer.isGroupEnabled(PDOptionalContentGroup)",pdfbox/src/main/java/org/apache/pdfbox/rendering/PDFRenderer.java,,,,,,,,,,,,,,,,,,,,,,,,,3,10,0,5,2,2,5,4,1,2,3,2,2,1,1,2,1,,,,,,0,,1,00,1,1,2,1
Public Method,"org.apache.pdfbox.rendering.PDFRenderer.isSubsamplingAllowed()",pdfbox/src/main/java/org/apache/pdfbox/rendering/PDFRenderer.java,,,,,,,,,,,,,,,,,,,,,,,,,1,13,0,4,1,1,9,1,1,1,2,1,1,1,1,1,1,,,,,,0,,2,25,1,1,1,1
Public Method,"org.apache.pdfbox.rendering.PDFRenderer.renderImage(int)",pdfbox/src/main/java/org/apache/pdfbox/rendering/PDFRenderer.java,,,,,,,,,,,,,,,,,,,,,,,,,24,10,0,4,1,1,6,2,1,1,2,1,1,1,1,1,1,,,,,,0,,1,50,1,1,1,1
Public Method,"org.apache.pdfbox.rendering.PDFRenderer.renderImage(int,float)",pdfbox/src/main/java/org/apache/pdfbox/rendering/PDFRenderer.java,,,,,,,,,,,,,,,,,,,,,,,,,6,12,0,4,1,1,8,2,1,1,2,1,1,1,1,1,1,,,,,,0,,2,00,1,1,1,1
Public Method,"org.apache.pdfbox.rendering.PDFRenderer.renderImage(int,float,ImageType)",pdfbox/src/main/java/org/apache/pdfbox/rendering/PDFRenderer.java,,,,,,,,,,,,,,,,,,,,,,,,,8,14,0,6,2,2,8,2,1,1,2,1,1,2,2,2,1,,,,,,0,,1,33,2,2,2,1
Public Method,"org.apache.pdfbox.rendering.PDFRenderer.renderImage(int,float,ImageType,RenderDestination)",pdfbox/src/main/java/org/apache/pdfbox/rendering/PDFRenderer.java,,,,,,,,,,,,,,,,,,,,,,,,,14,98,13,66,20,41,20,27,32,33,39,16,36,7,7,9,1,,,,,,1,,0,30,7,7,9,1
Public Method,"org.apache.pdfbox.rendering.PDFRenderer.renderImageWithDPI(int,float)",pdfbox/src/main/java/org/apache/pdfbox/rendering/PDFRenderer.java,,,,,,,,,,,,,,,,,,,,,,,,,14,11,0,4,1,1,7,2,1,1,2,1,1,1,1,1,1,,,,,,0,,1,75,1,1,1,1
Public Method,"org.apache.pdfbox.rendering.PDFRenderer.renderImageWithDPI(int,float,ImageType)",pdfbox/src/main/java/org/apache/pdfbox/rendering/PDFRenderer.java,,,,,,,,,,,,,,,,,,,,,,,,,5,13,0,5,2,1,8,2,1,1,2,1,1,1,1,1,1,,,,,,0,,1,60,1,1,1,1
Public Method,"org.apache.pdfbox.rendering.PDFRenderer.renderPageToGraphics(int,Graphics2D)",pdfbox/src/main/java/org/apache/pdfbox/rendering/PDFRenderer.java,,,,,,,,,,,,,,,,,,,,,,,,,2,14,0,4,1,1,10,1,1,1,2,1,1,1,1,1,1,,,,,,0,,2,50,1,1,1,1
Public Method,"org.apache.pdfbox.rendering.PDFRenderer.renderPageToGraphics(int,Graphics2D,float)",pdfbox/src/main/java/org/apache/pdfbox/rendering/PDFRenderer.java,,,,,,,,,,,,,,,,,,,,,,,,,4,16,0,5,2,1,11,1,1,1,2,1,1,1,1,1,1,,,,,,0,,2,20,1,1,1,1
Public Method,"org.apache.pdfbox.rendering.PDFRenderer.renderPageToGraphics(int,Graphics2D,float,float)",pdfbox/src/main/java/org/apache/pdfbox/rendering/PDFRenderer.java,,,,,,,,,,,,,,,,,,,,,,,,,7,18,0,6,2,2,12,1,1,1,2,1,1,2,2,2,1,,,,,,0,,2,00,2,2,2,1
Public Method,"org.apache.pdfbox.rendering.PDFRenderer.renderPageToGraphics(int,Graphics2D,float,float,RenderDestination)",pdfbox/src/main/java/org/apache/pdfbox/rendering/PDFRenderer.java,,,,,,,,,,,,,,,,,,,,,,,,,11,41,2,15,9,9,24,11,1,8,9,6,8,2,2,2,1,,,,,,0,,1,60,2,2,2,1
Public Method,"org.apache.pdfbox.rendering.PDFRenderer.setAnnotationsFilter(AnnotationFilter)",pdfbox/src/main/java/org/apache/pdfbox/rendering/PDFRenderer.java,,,,,,,,,,,,,,,,,,,,,,,,,1,11,0,4,1,1,7,1,1,1,2,1,1,1,1,1,1,,,,,,0,,1,75,1,1,1,1
Public Method,"org.apache.pdfbox.rendering.PDFRenderer.setDefaultDestination(RenderDestination)",pdfbox/src/main/java/org/apache/pdfbox/rendering/PDFRenderer.java,,,,,,,,,,,,,,,,,,,,,,,,,1,7,0,4,1,1,3,1,1,1,2,1,1,1,1,1,1,,,,,,0,,0,75,1,1,1,1
Public Method,"org.apache.pdfbox.rendering.PDFRenderer.setImageDownscalingOptimizationThreshold(float)",pdfbox/src/main/java/org/apache/pdfbox/rendering/PDFRenderer.java,,,,,,,,,,,,,,,,,,,,,,,,,1,12,0,4,1,1,8,1,1,1,2,1,1,1,1,1,1,,,,,,0,,2,00,1,1,1,1
Public Method,"org.apache.pdfbox.rendering.PDFRenderer.setRenderingHints(RenderingHints)",pdfbox/src/main/java/org/apache/pdfbox/rendering/PDFRenderer.java,,,,,,,,,,,,,,,,,,,,,,,,,2,11,0,4,1,1,7,1,1,1,2,1,1,1,1,1,1,,,,,,0,,1,75,1,1,1,1
Public Method,"org.apache.pdfbox.rendering.PDFRenderer.setSubsamplingAllowed(boolean)",pdfbox/src/main/java/org/apache/pdfbox/rendering/PDFRenderer.java,,,,,,,,,,,,,,,,,,,,,,,,,4,13,0,4,1,1,9,1,1,1,2,1,1,1,1,1,1,,,,,,0,,2,25,1,1,1,1
Private Static Method,"org.apache.pdfbox.rendering.PDFRenderer.suggestKCMS()",pdfbox/src/main/java/org/apache/pdfbox/rendering/PDFRenderer.java,,,,,,,,,,,,,,,,,,,,,,,,,2,30,1,27,3,16,2,5,4,10,14,3,13,4,4,6,4,,,,,,3,,0,07,4,4,6,4
Private Method,"org.apache.pdfbox.rendering.PDFRenderer.transform(Graphics2D,int,PDRectangle,float,float)",pdfbox/src/main/java/org/apache/pdfbox/rendering/PDFRenderer.java,,,,,,,,,,,,,,,,,,,,,,,,,7,28,1,26,3,19,1,6,5,13,16,3,13,5,3,5,1,,,,,,2,,0,04,5,3,5,1
Public Class,"org.apache.pdfbox.rendering.PageDrawer",pdfbox/src/main/java/org/apache/pdfbox/rendering/PageDrawer.java,3,3,3,1,26,1,21,4,1,100,1,,0,1,,,55,21,55,138,1,20,9,25,,1871,172,1386,320,779,315,,,613,820,294,667,,,,,14,14,17,9,3,5,93,0,23,191,189,225,115
Lambda Method,"org.apache.pdfbox.rendering.PageDrawer.(lambda_expr_1)()",pdfbox/src/main/java/org/apache/pdfbox/rendering/PageDrawer.java,,,,,,,,,,,,,,,,,,,,,,,,,0,1,0,1,1,1,0,1,1,0,0,0,0,1,1,1,1,,,,,,0,,0,00,1,1,1,1
Public Constructor,"org.apache.pdfbox.rendering.PageDrawer.PageDrawer(PageDrawerParameters)",pdfbox/src/main/java/org/apache/pdfbox/rendering/PageDrawer.java,,,,,,,,,,,,,,,,,,,,,,,,,3,16,0,10,1,7,6,13,1,6,7,1,6,1,1,1,1,,,,,,0,,0,60,1,1,1,1
Private Final Class,"org.apache.pdfbox.rendering.PageDrawer.TransparencyGroup",pdfbox/src/main/java/org/apache/pdfbox/rendering/PageDrawer.java,3,3,3,1,40,3,31,6,1,40,0,,0,0,,,6,8,6,18,3,3,0,0,,266,27,197,47,124,42,,,99,120,41,92,,,,,11,11,14,4,1,3,70,0,21,19,19,22,9
Private Constructor,"org.apache.pdfbox.rendering.PageDrawer.TransparencyGroup.TransparencyGroup(PDTransparencyGroup,boolean,Matrix,PDColor)",pdfbox/src/main/java/org/apache/pdfbox/rendering/PageDrawer.java,,,,,,,,,,,,,,,,,,,,,,,,,26,175,16,132,22,96,27,72,193,74,86,20,74,11,11,14,1,,,,,,3,,0,20,11,11,14,1
Private Method,"org.apache.pdfbox.rendering.PageDrawer.TransparencyGroup.create2ByteGrayAlphaImage(int,int)",pdfbox/src/main/java/org/apache/pdfbox/rendering/PageDrawer.java,,,,,,,,,,,,,,,,,,,,,,,,,7,23,4,14,9,9,5,7,1,6,7,6,4,1,1,1,1,,,,,,0,,0,36,1,1,1,1
Method,"org.apache.pdfbox.rendering.PageDrawer.TransparencyGroup.getBBox()",pdfbox/src/main/java/org/apache/pdfbox/rendering/PageDrawer.java,,,,,,,,,,,,,,,,,,,,,,,,,2,4,0,4,1,1,0,1,1,1,2,1,1,1,1,1,1,,,,,,0,,0,00,1,1,1,1
Method,"org.apache.pdfbox.rendering.PageDrawer.TransparencyGroup.getBounds()",pdfbox/src/main/java/org/apache/pdfbox/rendering/PageDrawer.java,,,,,,,,,,,,,,,,,,,,,,,,,9,18,0,12,4,8,6,8,1,4,5,3,4,1,1,1,1,,,,,,0,,0,50,1,1,1,1
Method,"org.apache.pdfbox.rendering.PageDrawer.TransparencyGroup.getImage()",pdfbox/src/main/java/org/apache/pdfbox/rendering/PageDrawer.java,,,,,,,,,,,,,,,,,,,,,,,,,3,4,0,4,1,1,0,1,1,1,2,1,1,1,1,1,1,,,,,,0,,0,00,1,1,1,1
Private Method,"org.apache.pdfbox.rendering.PageDrawer.TransparencyGroup.isGray(PDColorSpace)",pdfbox/src/main/java/org/apache/pdfbox/rendering/PageDrawer.java,,,,,,,,,,,,,,,,,,,,,,,,,4,20,0,20,1,9,0,3,4,5,9,1,8,4,4,4,4,,,,,,2,,0,00,4,4,4,4
Private Method,"org.apache.pdfbox.rendering.PageDrawer.adjustImage(BufferedImage)",pdfbox/src/main/java/org/apache/pdfbox/rendering/PageDrawer.java,,,,,,,,,,,,,,,,,,,,,,,,,6,24,4,20,8,15,0,20,2,13,15,8,14,2,2,4,1,,,,,,1,,0,00,2,2,4,1
Public Method,"org.apache.pdfbox.rendering.PageDrawer.appendRectangle(Point2D,Point2D,Point2D,Point2D)",pdfbox/src/main/java/org/apache/pdfbox/rendering/PageDrawer.java,,,,,,,,,,,,,,,,,,,,,,,,,5,14,1,9,2,5,4,5,1,5,6,1,5,1,1,1,1,,,,,,0,,0,44,1,1,1,1
Private Method,"org.apache.pdfbox.rendering.PageDrawer.applySoftMaskToPaint(Paint,PDSoftMask)",pdfbox/src/main/java/org/apache/pdfbox/rendering/PageDrawer.java,,,,,,,,,,,,,,,,,,,,,,,,,10,49,1,46,11,27,2,25,17,18,26,10,24,8,8,9,3,,,,,,3,,0,04,8,8,9,3
Private Method,"org.apache.pdfbox.rendering.PageDrawer.applyTransferFunction(BufferedImage,COSBase)",pdfbox/src/main/java/org/apache/pdfbox/rendering/PageDrawer.java,,,,,,,,,,,,,,,,,,,,,,,,,5,88,2,83,17,46,3,11,40,48,56,19,38,8,8,8,1,,,,,,3,,0,04,8,8,8,1
Public Method,"org.apache.pdfbox.rendering.PageDrawer.beginMarkedContentSequence(COSName,COSDictionary)",pdfbox/src/main/java/org/apache/pdfbox/rendering/PageDrawer.java,,,,,,,,,,,,,,,,,,,,,,,,,2,20,0,17,2,7,3,5,4,4,8,1,7,4,4,5,3,,,,,,1,,0,18,4,4,5,3
Public Method,"org.apache.pdfbox.rendering.PageDrawer.beginText()",pdfbox/src/main/java/org/apache/pdfbox/rendering/PageDrawer.java,,,,,,,,,,,,,,,,,,,,,,,,,0,6,0,6,2,2,0,2,1,2,3,1,2,1,1,1,1,,,,,,0,,0,00,1,1,1,1
Private Method,"org.apache.pdfbox.rendering.PageDrawer.beginTextClip()",pdfbox/src/main/java/org/apache/pdfbox/rendering/PageDrawer.java,,,,,,,,,,,,,,,,,,,,,,,,,1,8,0,4,1,1,4,2,1,1,2,1,1,1,1,1,1,,,,,,0,,1,00,1,1,1,1
Private Method,"org.apache.pdfbox.rendering.PageDrawer.clampColor(float)",pdfbox/src/main/java/org/apache/pdfbox/rendering/PageDrawer.java,,,,,,,,,,,,,,,,,,,,,,,,,2,4,0,4,1,1,0,1,1,1,2,1,1,3,3,3,1,,,,,,0,,0,00,3,3,3,1
Public Method,"org.apache.pdfbox.rendering.PageDrawer.clip(int)",pdfbox/src/main/java/org/apache/pdfbox/rendering/PageDrawer.java,,,,,,,,,,,,,,,,,,,,,,,,,1,6,0,5,2,1,1,1,1,1,2,1,1,1,1,1,1,,,,,,0,,0,20,1,1,1,1
Public Method,"org.apache.pdfbox.rendering.PageDrawer.closePath()",pdfbox/src/main/java/org/apache/pdfbox/rendering/PageDrawer.java,,,,,,,,,,,,,,,,,,,,,,,,,1,5,0,5,2,1,0,1,1,1,2,1,1,1,1,1,1,,,,,,0,,0,00,1,1,1,1
Public Method,"org.apache.pdfbox.rendering.PageDrawer.curveTo(float,float,float,float,float,float)",pdfbox/src/main/java/org/apache/pdfbox/rendering/PageDrawer.java,,,,,,,,,,,,,,,,,,,,,,,,,7,5,0,5,2,1,0,1,1,1,2,1,1,1,1,1,1,,,,,,0,,0,00,1,1,1,1
Private Method,"org.apache.pdfbox.rendering.PageDrawer.drawBufferedImage(BufferedImage,AffineTransform)",pdfbox/src/main/java/org/apache/pdfbox/rendering/PageDrawer.java,,,,,,,,,,,,,,,,,,,,,,,,,10,69,3,54,16,39,12,27,7,31,36,16,35,5,5,10,4,,,,,,3,,0,22,5,5,10,4
Private Method,"org.apache.pdfbox.rendering.PageDrawer.drawGlyph(GeneralPath,PDFont,int,Vector,AffineTransform)",pdfbox/src/main/java/org/apache/pdfbox/rendering/PageDrawer.java,,,,,,,,,,,,,,,,,,,,,,,,,8,60,5,41,6,24,15,28,31,16,24,6,23,8,8,12,1,,,,,,3,,0,37,8,8,12,1
Public Method,"org.apache.pdfbox.rendering.PageDrawer.drawImage(PDImage)",pdfbox/src/main/java/org/apache/pdfbox/rendering/PageDrawer.java,,,,,,,,,,,,,,,,,,,,,,,,,9,150,9,116,25,72,25,55,112,56,70,25,62,14,14,17,3,,,,,,5,,0,22,14,14,17,3
Public Method,"org.apache.pdfbox.rendering.PageDrawer.drawPage(Graphics2D,PDRectangle)",pdfbox/src/main/java/org/apache/pdfbox/rendering/PageDrawer.java,,,,,,,,,,,,,,,,,,,,,,,,,7,34,6,20,2,15,8,22,2,14,17,3,15,2,2,2,1,,,,,,1,,0,40,2,2,2,1
Method,"org.apache.pdfbox.rendering.PageDrawer.drawTilingPattern(Graphics2D,PDTilingPattern,PDColorSpace,PDColor,Matrix)",pdfbox/src/main/java/org/apache/pdfbox/rendering/PageDrawer.java,,,,,,,,,,,,,,,,,,,,,,,,,12,39,5,24,8,20,10,9,1,20,21,7,14,1,1,1,1,,,,,,0,,0,42,1,1,1,1
Public Method,"org.apache.pdfbox.rendering.PageDrawer.endMarkedContentSequence()",pdfbox/src/main/java/org/apache/pdfbox/rendering/PageDrawer.java,,,,,,,,,,,,,,,,,,,,,,,,,1,11,0,8,2,2,3,1,2,1,3,1,2,2,2,2,1,,,,,,1,,0,38,2,2,2,1
Public Method,"org.apache.pdfbox.rendering.PageDrawer.endPath()",pdfbox/src/main/java/org/apache/pdfbox/rendering/PageDrawer.java,,,,,,,,,,,,,,,,,,,,,,,,,2,21,3,15,2,7,3,8,3,5,8,1,7,3,3,3,1,,,,,,2,,0,20,3,3,3,1
Public Method,"org.apache.pdfbox.rendering.PageDrawer.endText()",pdfbox/src/main/java/org/apache/pdfbox/rendering/PageDrawer.java,,,,,,,,,,,,,,,,,,,,,,,,,0,5,0,5,2,1,0,1,1,1,2,1,1,1,1,1,1,,,,,,0,,0,00,1,1,1,1
Private Method,"org.apache.pdfbox.rendering.PageDrawer.endTextClip()",pdfbox/src/main/java/org/apache/pdfbox/rendering/PageDrawer.java,,,,,,,,,,,,,,,,,,,,,,,,,3,26,2,16,4,9,8,12,3,7,11,5,9,3,3,4,1,,,,,,2,,0,50,3,3,4,1
Public Method,"org.apache.pdfbox.rendering.PageDrawer.fillAndStrokePath(int)",pdfbox/src/main/java/org/apache/pdfbox/rendering/PageDrawer.java,,,,,,,,,,,,,,,,,,,,,,,,,2,15,0,8,3,4,7,4,1,4,5,2,4,1,1,1,1,,,,,,0,,0,88,1,1,1,1
Public Method,"org.apache.pdfbox.rendering.PageDrawer.fillPath(int)",pdfbox/src/main/java/org/apache/pdfbox/rendering/PageDrawer.java,,,,,,,,,,,,,,,,,,,,,,,,,7,54,4,42,9,25,8,24,24,18,24,7,22,6,6,9,1,,,,,,2,,0,19,6,6,9,1
Public Method,"org.apache.pdfbox.rendering.PageDrawer.getAnnotationFilter()",pdfbox/src/main/java/org/apache/pdfbox/rendering/PageDrawer.java,,,,,,,,,,,,,,,,,,,,,,,,,1,9,0,4,1,1,5,1,1,1,2,1,1,1,1,1,1,,,,,,0,,1,25,1,1,1,1
Public Method,"org.apache.pdfbox.rendering.PageDrawer.getCurrentPoint()",pdfbox/src/main/java/org/apache/pdfbox/rendering/PageDrawer.java,,,,,,,,,,,,,,,,,,,,,,,,,1,5,0,5,2,1,0,2,1,1,2,1,1,1,1,1,1,,,,,,0,,0,00,1,1,1,1
Private Method,"org.apache.pdfbox.rendering.PageDrawer.getDashArray(PDLineDashPattern)",pdfbox/src/main/java/org/apache/pdfbox/rendering/PageDrawer.java,,,,,,,,,,,,,,,,,,,,,,,,,4,35,0,29,4,14,6,7,8,12,18,6,15,6,6,9,4,,,,,,2,,0,21,6,6,9,4
Protected Final Method,"org.apache.pdfbox.rendering.PageDrawer.getGraphics()",pdfbox/src/main/java/org/apache/pdfbox/rendering/PageDrawer.java,,,,,,,,,,,,,,,,,,,,,,,,,3,7,0,4,1,1,3,1,1,1,2,1,1,1,1,1,1,,,,,,0,,0,75,1,1,1,1
Protected Final Method,"org.apache.pdfbox.rendering.PageDrawer.getLinePath()",pdfbox/src/main/java/org/apache/pdfbox/rendering/PageDrawer.java,,,,,,,,,,,,,,,,,,,,,,,,,2,7,0,4,1,1,3,1,1,1,2,1,1,1,1,1,1,,,,,,0,,0,75,1,1,1,1
Protected Final Method,"org.apache.pdfbox.rendering.PageDrawer.getNonStrokingPaint()",pdfbox/src/main/java/org/apache/pdfbox/rendering/PageDrawer.java,,,,,,,,,,,,,,,,,,,,,,,,,3,14,0,6,2,3,8,6,1,2,3,2,2,1,1,1,1,,,,,,0,,1,33,1,1,1,1
Protected Method,"org.apache.pdfbox.rendering.PageDrawer.getPaint(PDColor)",pdfbox/src/main/java/org/apache/pdfbox/rendering/PageDrawer.java,,,,,,,,,,,,,,,,,,,,,,,,,8,55,1,44,8,25,10,19,6,14,20,8,16,6,6,7,6,,,,,,3,,0,23,6,6,7,6
Public Final Method,"org.apache.pdfbox.rendering.PageDrawer.getRenderer()",pdfbox/src/main/java/org/apache/pdfbox/rendering/PageDrawer.java,,,,,,,,,,,,,,,,,,,,,,,,,2,7,0,4,1,1,3,1,1,1,2,1,1,1,1,1,1,,,,,,0,,0,75,1,1,1,1
Private Method,"org.apache.pdfbox.rendering.PageDrawer.getStroke()",pdfbox/src/main/java/org/apache/pdfbox/rendering/PageDrawer.java,,,,,,,,,,,,,,,,,,,,,,,,,4,36,4,28,9,19,5,16,6,15,19,9,18,4,4,4,1,,,,,,1,,0,18,5,5,5,2
Lambda Method,"org.apache.pdfbox.rendering.PageDrawer.getStroke.(lambda_expr_1)(Shape)",pdfbox/src/main/java/org/apache/pdfbox/rendering/PageDrawer.java,,,,,,,,,,,,,,,,,,,,,,,,,0,1,0,1,0,1,0,2,1,0,0,0,0,1,1,1,1,,,,,,0,,0,00,1,1,1,1
Private Method,"org.apache.pdfbox.rendering.PageDrawer.getStrokingPaint()",pdfbox/src/main/java/org/apache/pdfbox/rendering/PageDrawer.java,,,,,,,,,,,,,,,,,,,,,,,,,2,6,0,6,2,3,0,6,1,2,3,2,2,1,1,1,1,,,,,,0,,0,00,1,1,1,1
Private Method,"org.apache.pdfbox.rendering.PageDrawer.getSubsampling(PDImage,AffineTransform)",pdfbox/src/main/java/org/apache/pdfbox/rendering/PageDrawer.java,,,,,,,,,,,,,,,,,,,,,,,,,4,31,1,18,3,9,12,8,8,6,10,3,9,4,4,5,1,,,,,,1,,0,67,4,4,5,1
Private Method,"org.apache.pdfbox.rendering.PageDrawer.hasBlendMode(PDTransparencyGroup,Set<COSBase>)",pdfbox/src/main/java/org/apache/pdfbox/rendering/PageDrawer.java,,,,,,,,,,,,,,,,,,,,,,,,,4,49,3,44,5,22,2,10,19,13,24,7,20,9,9,10,9,,,,,,2,,0,05,9,9,10,9
Private Method,"org.apache.pdfbox.rendering.PageDrawer.intersectShadingBBox(PDColor,Area)",pdfbox/src/main/java/org/apache/pdfbox/rendering/PageDrawer.java,,,,,,,,,,,,,,,,,,,,,,,,,3,19,0,19,7,10,0,10,4,7,11,7,10,4,4,4,1,,,,,,3,,0,00,4,4,4,1
Private Method,"org.apache.pdfbox.rendering.PageDrawer.isAllZeroDash(float[])",pdfbox/src/main/java/org/apache/pdfbox/rendering/PageDrawer.java,,,,,,,,,,,,,,,,,,,,,,,,,3,15,0,15,1,6,0,1,4,5,9,2,7,4,4,4,4,,,,,,3,,0,00,4,4,4,4
Private Method,"org.apache.pdfbox.rendering.PageDrawer.isContentRendered()",pdfbox/src/main/java/org/apache/pdfbox/rendering/PageDrawer.java,,,,,,,,,,,,,,,,,,,,,,,,,8,4,0,4,1,1,0,1,1,1,2,1,1,1,1,1,1,,,,,,0,,0,00,1,1,1,1
Private Method,"org.apache.pdfbox.rendering.PageDrawer.isHiddenOCG(PDPropertyList)",pdfbox/src/main/java/org/apache/pdfbox/rendering/PageDrawer.java,,,,,,,,,,,,,,,,,,,,,,,,,9,24,0,24,3,11,0,6,6,6,12,3,10,6,6,6,6,,,,,,3,,0,00,6,6,6,6
Private Method,"org.apache.pdfbox.rendering.PageDrawer.isHiddenOCMD(PDOptionalContentMembershipDictionary)",pdfbox/src/main/java/org/apache/pdfbox/rendering/PageDrawer.java,,,,,,,,,,,,,,,,,,,,,,,,,12,38,4,28,4,15,6,13,10,10,16,4,15,6,6,6,5,,,,,,1,,0,21,11,11,11,10
Lambda Method,"org.apache.pdfbox.rendering.PageDrawer.isHiddenOCMD.(lambda_expr_1)(PDPropertyList (inferred))",pdfbox/src/main/java/org/apache/pdfbox/rendering/PageDrawer.java,,,,,,,,,,,,,,,,,,,,,,,,,1,1,0,1,0,1,0,3,1,0,0,0,0,1,1,1,1,,,,,,0,,0,00,1,1,1,1
Lambda Method,"org.apache.pdfbox.rendering.PageDrawer.isHiddenOCMD.(lambda_expr_2)(Boolean (inferred))",pdfbox/src/main/java/org/apache/pdfbox/rendering/PageDrawer.java,,,,,,,,,,,,,,,,,,,,,,,,,1,1,0,1,0,1,0,1,1,0,0,0,0,1,1,1,1,,,,,,0,,0,00,1,1,1,1
Lambda Method,"org.apache.pdfbox.rendering.PageDrawer.isHiddenOCMD.(lambda_expr_3)(Boolean (inferred))",pdfbox/src/main/java/org/apache/pdfbox/rendering/PageDrawer.java,,,,,,,,,,,,,,,,,,,,,,,,,1,1,0,1,0,1,0,1,1,0,0,0,0,1,1,1,1,,,,,,0,,0,00,1,1,1,1
Lambda Method,"org.apache.pdfbox.rendering.PageDrawer.isHiddenOCMD.(lambda_expr_4)(Boolean (inferred))",pdfbox/src/main/java/org/apache/pdfbox/rendering/PageDrawer.java,,,,,,,,,,,,,,,,,,,,,,,,,1,1,0,1,0,1,0,1,1,0,0,0,0,1,1,1,1,,,,,,0,,0,00,1,1,1,1
Lambda Method,"org.apache.pdfbox.rendering.PageDrawer.isHiddenOCMD.(lambda_expr_5)(Boolean (inferred))",pdfbox/src/main/java/org/apache/pdfbox/rendering/PageDrawer.java,,,,,,,,,,,,,,,,,,,,,,,,,1,1,0,1,0,1,0,1,1,0,0,0,0,1,1,1,1,,,,,,0,,0,00,1,1,1,1
Private Method,"org.apache.pdfbox.rendering.PageDrawer.isRectangular(GeneralPath)",pdfbox/src/main/java/org/apache/pdfbox/rendering/PageDrawer.java,,,,,,,,,,,,,,,,,,,,,,,,,5,56,4,49,6,32,3,6,11,20,26,6,21,8,6,11,8,,,,,,3,,0,06,8,6,11,8
Public Method,"org.apache.pdfbox.rendering.PageDrawer.lineTo(float,float)",pdfbox/src/main/java/org/apache/pdfbox/rendering/PageDrawer.java,,,,,,,,,,,,,,,,,,,,,,,,,3,5,0,5,2,1,0,1,1,1,2,1,1,1,1,1,1,,,,,,0,,0,00,1,1,1,1
Public Method,"org.apache.pdfbox.rendering.PageDrawer.moveTo(float,float)",pdfbox/src/main/java/org/apache/pdfbox/rendering/PageDrawer.java,,,,,,,,,,,,,,,,,,,,,,,,,3,5,0,5,2,1,0,1,1,1,2,1,1,1,1,1,1,,,,,,0,,0,00,1,1,1,1
Public Method,"org.apache.pdfbox.rendering.PageDrawer.setAnnotationFilter(AnnotationFilter)",pdfbox/src/main/java/org/apache/pdfbox/rendering/PageDrawer.java,,,,,,,,,,,,,,,,,,,,,,,,,2,11,0,4,1,1,7,1,1,1,2,1,1,1,1,1,1,,,,,,0,,1,75,1,1,1,1
Protected Final Method,"org.apache.pdfbox.rendering.PageDrawer.setClip()",pdfbox/src/main/java/org/apache/pdfbox/rendering/PageDrawer.java,,,,,,,,,,,,,,,,,,,,,,,,,9,21,0,12,2,5,9,4,3,3,6,2,5,3,3,3,1,,,,,,2,,0,75,3,3,3,1
Private Method,"org.apache.pdfbox.rendering.PageDrawer.setRenderingHints()",pdfbox/src/main/java/org/apache/pdfbox/rendering/PageDrawer.java,,,,,,,,,,,,,,,,,,,,,,,,,7,7,0,4,1,1,3,1,1,1,2,1,1,1,1,1,1,,,,,,0,,0,75,1,1,1,1
Public Method,"org.apache.pdfbox.rendering.PageDrawer.shadingFill(COSName)",pdfbox/src/main/java/org/apache/pdfbox/rendering/PageDrawer.java,,,,,,,,,,,,,,,,,,,,,,,,,3,56,2,51,9,32,3,31,8,24,30,8,28,6,6,6,3,,,,,,2,,0,06,6,6,6,3
Public Method,"org.apache.pdfbox.rendering.PageDrawer.showAnnotation(PDAnnotation)",pdfbox/src/main/java/org/apache/pdfbox/rendering/PageDrawer.java,,,,,,,,,,,,,,,,,,,,,,,,,8,60,2,53,8,29,5,24,27,18,28,7,26,10,10,15,6,,,,,,2,,0,09,10,10,15,6
Protected Method,"org.apache.pdfbox.rendering.PageDrawer.showFontGlyph(Matrix,PDFont,int,Vector)",pdfbox/src/main/java/org/apache/pdfbox/rendering/PageDrawer.java,,,,,,,,,,,,,,,,,,,,,,,,,5,19,2,16,7,9,1,8,2,8,10,5,8,2,2,2,1,,,,,,1,,0,06,2,2,2,1
Public Method,"org.apache.pdfbox.rendering.PageDrawer.showForm(PDFormXObject)",pdfbox/src/main/java/org/apache/pdfbox/rendering/PageDrawer.java,,,,,,,,,,,,,,,,,,,,,,,,,2,18,0,15,3,7,3,6,3,5,8,2,6,3,3,3,1,,,,,,1,,0,20,3,3,3,1
Public Method,"org.apache.pdfbox.rendering.PageDrawer.showTransparencyGroup(PDTransparencyGroup)",pdfbox/src/main/java/org/apache/pdfbox/rendering/PageDrawer.java,,,,,,,,,,,,,,,,,,,,,,,,,2,5,0,5,2,1,0,1,1,1,2,1,1,1,1,1,1,,,,,,0,,0,00,1,1,1,1
Protected Method,"org.apache.pdfbox.rendering.PageDrawer.showTransparencyGroupOnGraphics(PDTransparencyGroup,Graphics2D)",pdfbox/src/main/java/org/apache/pdfbox/rendering/PageDrawer.java,,,,,,,,,,,,,,,,,,,,,,,,,10,77,6,60,13,37,11,31,9,25,32,10,31,7,7,7,4,,,,,,2,,0,18,7,7,7,4
Protected Method,"org.apache.pdfbox.rendering.PageDrawer.showType3Glyph(Matrix,PDType3Font,int,Vector)",pdfbox/src/main/java/org/apache/pdfbox/rendering/PageDrawer.java,,,,,,,,,,,,,,,,,,,,,,,,,5,11,0,11,5,4,0,5,2,3,5,3,4,2,2,2,1,,,,,,1,,0,00,2,2,2,1
Public Method,"org.apache.pdfbox.rendering.PageDrawer.strokePath()",pdfbox/src/main/java/org/apache/pdfbox/rendering/PageDrawer.java,,,,,,,,,,,,,,,,,,,,,,,,,3,13,0,13,2,7,0,11,2,6,8,1,7,2,2,2,1,,,,,,1,,0,00,2,2,2,1
Protected Method,"org.apache.pdfbox.rendering.PageDrawer.transferClip(Graphics2D)",pdfbox/src/main/java/org/apache/pdfbox/rendering/PageDrawer.java,,,,,,,,,,,,,,,,,,,,,,,,,2,22,0,12,2,5,10,6,2,3,5,2,4,2,2,2,1,,,,,,1,,0,83,2,2,2,1
Public Final Class,"org.apache.pdfbox.rendering.PageDrawerParameters",pdfbox/src/main/java/org/apache/pdfbox/rendering/PageDrawerParameters.java,1,1,1,1,8,0,5,3,1,4,0,,0,0,,,7,6,7,19,2,0,0,5,,81,8,44,16,12,29,,,18,26,14,12,,,,,1,1,1,1,1,0,71,0,66,7,7,7,7
Constructor,"org.apache.pdfbox.rendering.PageDrawerParameters.PageDrawerParameters(PDFRenderer,PDPage,boolean,RenderDestination,RenderingHints,float)",pdfbox/src/main/java/org/apache/pdfbox/rendering/PageDrawerParameters.java,,,,,,,,,,,,,,,,,,,,,,,,,8,14,0,11,3,6,3,7,1,6,7,1,6,1,1,1,1,,,,,,0,,0,27,1,1,1,1
Public Method,"org.apache.pdfbox.rendering.PageDrawerParameters.getDestination()",pdfbox/src/main/java/org/apache/pdfbox/rendering/PageDrawerParameters.java,,,,,,,,,,,,,,,,,,,,,,,,,2,7,0,4,1,1,3,1,1,1,2,1,1,1,1,1,1,,,,,,0,,0,75,1,1,1,1
Public Method,"org.apache.pdfbox.rendering.PageDrawerParameters.getImageDownscalingOptimizationThreshold()",pdfbox/src/main/java/org/apache/pdfbox/rendering/PageDrawerParameters.java,,,,,,,,,,,,,,,,,,,,,,,,,2,8,0,4,1,1,4,1,1,1,2,1,1,1,1,1,1,,,,,,0,,1,00,1,1,1,1
Public Method,"org.apache.pdfbox.rendering.PageDrawerParameters.getPage()",pdfbox/src/main/java/org/apache/pdfbox/rendering/PageDrawerParameters.java,,,,,,,,,,,,,,,,,,,,,,,,,2,7,0,4,1,1,3,1,1,1,2,1,1,1,1,1,1,,,,,,0,,0,75,1,1,1,1
Method,"org.apache.pdfbox.rendering.PageDrawerParameters.getRenderer()",pdfbox/src/main/java/org/apache/pdfbox/rendering/PageDrawerParameters.java,,,,,,,,,,,,,,,,,,,,,,,,,2,7,0,4,1,1,3,1,1,1,2,1,1,1,1,1,1,,,,,,0,,0,75,1,1,1,1
Public Method,"org.apache.pdfbox.rendering.PageDrawerParameters.getRenderingHints()",pdfbox/src/main/java/org/apache/pdfbox/rendering/PageDrawerParameters.java,,,,,,,,,,,,,,,,,,,,,,,,,2,7,0,4,1,1,3,1,1,1,2,1,1,1,1,1,1,,,,,,0,,0,75,1,1,1,1
Public Method,"org.apache.pdfbox.rendering.PageDrawerParameters.isSubsamplingAllowed()",pdfbox/src/main/java/org/apache/pdfbox/rendering/PageDrawerParameters.java,,,,,,,,,,,,,,,,,,,,,,,,,2,7,0,4,1,1,3,1,1,1,2,1,1,1,1,1,1,,,,,,0,,0,75,1,1,1,1
Public Enum Type,"org.apache.pdfbox.rendering.RenderDestination",pdfbox/src/main/java/org/apache/pdfbox/rendering/RenderDestination.java,0,0,0,0,0,0,0,0,1,1,0,,0,0,,,2,3,2,28,0,0,0,2,,5,0,2,1,0,3,,,0,1,1,0,,,,,0,0,0,0,1,0,,1,50,0,0,0,0
Public Implicit Method,"org.apache.pdfbox.rendering.RenderDestination.valueOf()",pdfbox/src/main/java/org/apache/pdfbox/rendering/RenderDestination.java,,,,,,,,,,,,,,,,,,,,,,,,,,,,,,,,,,,,,,,,,,,,,,,,,0,00,0,0,0,0
Public Implicit Method,"org.apache.pdfbox.rendering.RenderDestination.values()",pdfbox/src/main/java/org/apache/pdfbox/rendering/RenderDestination.java,,,,,,,,,,,,,,,,,,,,,,,,,,,,,,,,,,,,,,,,,,,,,,,,,0,00,0,0,0,0
Class,"org.apache.pdfbox.rendering.SoftMask",pdfbox/src/main/java/org/apache/pdfbox/rendering/SoftMask.java,2,2,2,1,17,0,13,4,2,17,0,,0,2,,,3,5,3,15,1,0,0,2,,181,18,136,37,64,27,,,57,76,31,53,,,,,4,4,4,1,1,2,60,0,20,6,6,6,3
Constructor,"org.apache.pdfbox.rendering.SoftMask.SoftMask(Paint,BufferedImage,Rectangle2D,PDColor,PDFunction)",pdfbox/src/main/java/org/apache/pdfbox/rendering/SoftMask.java,,,,,,,,,,,,,,,,,,,,,,,,,8,38,0,26,2,13,12,12,6,8,12,2,11,4,4,4,1,,,,,,2,,0,46,4,4,4,1
Private Class,"org.apache.pdfbox.rendering.SoftMask.SoftPaintContext",pdfbox/src/main/java/org/apache/pdfbox/rendering/SoftMask.java,2,2,3,1,24,1,20,1,2,11,0,,0,0,,,4,1,4,16,1,0,0,3,,104,11,86,19,45,7,,,39,51,18,37,,,,,8,8,11,1,1,6,25,0,08,11,11,14,4
Constructor,"org.apache.pdfbox.rendering.SoftMask.SoftPaintContext.SoftPaintContext(PaintContext)",pdfbox/src/main/java/org/apache/pdfbox/rendering/SoftMask.java,,,,,,,,,,,,,,,,,,,,,,,,,2,4,0,4,1,1,0,2,1,1,2,1,1,1,1,1,1,,,,,,0,,0,00,1,1,1,1
Public Method,"org.apache.pdfbox.rendering.SoftMask.SoftPaintContext.dispose()",pdfbox/src/main/java/org/apache/pdfbox/rendering/SoftMask.java,,,,,,,,,,,,,,,,,,,,,,,,,1,5,0,5,2,1,0,1,1,1,2,1,1,1,1,1,1,,,,,,0,,0,00,1,1,1,1
Public Method,"org.apache.pdfbox.rendering.SoftMask.SoftPaintContext.getColorModel()",pdfbox/src/main/java/org/apache/pdfbox/rendering/SoftMask.java,,,,,,,,,,,,,,,,,,,,,,,,,2,5,0,5,2,1,0,1,1,1,2,1,1,1,1,1,1,,,,,,0,,0,00,1,1,1,1
Public Method,"org.apache.pdfbox.rendering.SoftMask.SoftPaintContext.getRaster(int,int,int,int)",pdfbox/src/main/java/org/apache/pdfbox/rendering/SoftMask.java,,,,,,,,,,,,,,,,,,,,,,,,,11,82,7,68,12,42,7,20,14,35,43,13,34,8,8,11,1,,,,,,6,,0,10,8,8,11,1
Public Method,"org.apache.pdfbox.rendering.SoftMask.createContext(ColorModel,Rectangle,Rectangle2D,AffineTransform,RenderingHints)",pdfbox/src/main/java/org/apache/pdfbox/rendering/SoftMask.java,,,,,,,,,,,,,,,,,,,,,,,,,6,8,0,8,5,2,0,3,1,2,3,2,2,1,1,1,1,,,,,,0,,0,00,1,1,1,1
Public Method,"org.apache.pdfbox.rendering.SoftMask.getTransparency()",pdfbox/src/main/java/org/apache/pdfbox/rendering/SoftMask.java,,,,,,,,,,,,,,,,,,,,,,,,,1,5,0,5,2,1,0,1,1,1,2,1,1,1,1,1,1,,,,,,0,,0,00,1,1,1,1
Public Class,"org.apache.pdfbox.rendering.TestPDFToImage",pdfbox/src/test/java/org/apache/pdfbox/rendering/TestPDFToImage.java,5,5,7,2,56,1,45,10,1,19,0,,4,3,,,1,0,5,17,0,3,0,2,,325,17,232,43,140,78,,,108,140,45,117,,,,,11,11,11,6,1,5,100,0,34,28,28,36,10
Public Constructor,"org.apache.pdfbox.rendering.TestPDFToImage.TestPDFToImage()",pdfbox/src/test/java/org/apache/pdfbox/rendering/TestPDFToImage.java,,,,,,,,,,,,,,,,,,,,,,,,,0,6,0,3,1,0,3,1,1,0,1,1,0,1,1,1,1,,,,,,0,,1,00,1,1,1,1
Private Static Method,"org.apache.pdfbox.rendering.TestPDFToImage.createEmptyDiffImage(int,int,int,int)",pdfbox/src/test/java/org/apache/pdfbox/rendering/TestPDFToImage.java,,,,,,,,,,,,,,,,,,,,,,,,,8,26,0,15,4,9,11,6,2,8,10,3,9,2,2,3,1,,,,,,1,,0,73,2,2,3,1
Private Static Method,"org.apache.pdfbox.rendering.TestPDFToImage.diffImages(BufferedImage,BufferedImage)",pdfbox/src/test/java/org/apache/pdfbox/rendering/TestPDFToImage.java,,,,,,,,,,,,,,,,,,,,,,,,,4,56,0,43,12,25,13,10,12,19,26,13,22,7,7,11,1,,,,,,4,,0,30,7,7,11,1
Public Static Method,"org.apache.pdfbox.rendering.TestPDFToImage.doTestFile(File,String,String)",pdfbox/src/test/java/org/apache/pdfbox/rendering/TestPDFToImage.java,,,,,,,,,,,,,,,,,,,,,,,,,20,142,7,121,14,82,16,27,110,62,75,15,68,11,11,11,1,,,,,,3,,0,13,11,11,11,1
Anonymous Class,"org.apache.pdfbox.rendering.TestPDFToImage.doTestFile.(Anon_1)",pdfbox/src/test/java/org/apache/pdfbox/rendering/TestPDFToImage.java,1,1,3,1,7,0,7,0,2,4,0,,0,0,,,1,0,1,13,0,0,0,1,,8,0,8,0,5,0,,,1,2,1,1,,,,,1,1,3,1,1,0,0,0,00,1,1,3,1
Public Method,"org.apache.pdfbox.rendering.TestPDFToImage.doTestFile.(Anon_1).accept(File,String)",pdfbox/src/test/java/org/apache/pdfbox/rendering/TestPDFToImage.java,,,,,,,,,,,,,,,,,,,,,,,,,2,7,0,7,0,5,0,4,1,1,2,1,1,1,1,3,1,,,,,,0,,0,00,1,1,3,1
Private Static Method,"org.apache.pdfbox.rendering.TestPDFToImage.filesAreIdentical(File,File)",pdfbox/src/test/java/org/apache/pdfbox/rendering/TestPDFToImage.java,,,,,,,,,,,,,,,,,,,,,,,,,4,54,2,44,8,21,8,7,9,16,24,9,17,7,7,10,6,,,,,,5,,0,18,7,7,10,6
Class,"org.apache.pdfbox.rendering.TestQuality",pdfbox/src/test/java/org/apache/pdfbox/rendering/TestQuality.java,1,1,1,1,21,0,15,6,1,13,0,,0,1,,,1,0,1,13,1,0,0,0,,30,1,19,10,9,10,,,8,11,8,9,,,,,1,1,1,1,1,1,0,0,53,1,1,1,1
Method,"org.apache.pdfbox.rendering.TestQuality.testPDFBox4831()",pdfbox/src/test/java/org/apache/pdfbox/rendering/TestQuality.java,,,,,,,,,,,,,,,,,,,,,,,,,1,21,0,15,8,8,6,12,1,7,9,6,8,1,1,1,1,,,,,,1,,0,40,1,1,1,1
Class,"org.apache.pdfbox.rendering.TestRendering",pdfbox/src/test/java/org/apache/pdfbox/rendering/TestRendering.java,1,1,1,1,10,0,8,1,1,14,0,,2,3,,,2,0,4,16,2,2,0,0,,64,7,39,18,16,18,,,12,19,12,11,,,,,2,2,2,1,1,1,0,0,46,10,10,12,9
Private Static Method,"org.apache.pdfbox.rendering.TestRendering.data()",pdfbox/src/test/java/org/apache/pdfbox/rendering/TestRendering.java,,,,,,,,,,,,,,,,,,,,,,,,,3,6,0,6,3,3,0,7,1,2,3,2,2,1,1,1,1,,,,,,0,,0,00,3,3,4,3
Lambda Method,"org.apache.pdfbox.rendering.TestRendering.data.(lambda_expr_1)(File (inferred),String (inferred))",pdfbox/src/test/java/org/apache/pdfbox/rendering/TestRendering.java,,,,,,,,,,,,,,,,,,,,,,,,,1,1,0,1,0,1,0,2,1,0,0,0,0,1,1,2,1,,,,,,0,,0,00,1,1,2,1
Lambda Method,"org.apache.pdfbox.rendering.TestRendering.data.(lambda_expr_2)(T (inferred))",pdfbox/src/test/java/org/apache/pdfbox/rendering/TestRendering.java,,,,,,,,,,,,,,,,,,,,,,,,,1,1,0,1,0,1,0,3,1,0,0,0,0,1,1,1,1,,,,,,0,,0,00,1,1,1,1
Private Static Method,"org.apache.pdfbox.rendering.TestRendering.dataSubset()",pdfbox/src/test/java/org/apache/pdfbox/rendering/TestRendering.java,,,,,,,,,,,,,,,,,,,,,,,,,4,6,0,6,3,3,0,8,1,2,3,2,2,1,1,1,1,,,,,,0,,0,00,3,3,4,3
Lambda Method,"org.apache.pdfbox.rendering.TestRendering.dataSubset.(lambda_expr_1)(File (inferred),String (inferred))",pdfbox/src/test/java/org/apache/pdfbox/rendering/TestRendering.java,,,,,,,,,,,,,,,,,,,,,,,,,1,1,0,1,0,1,0,2,1,0,0,0,0,1,1,2,1,,,,,,0,,0,00,1,1,2,1
Lambda Method,"org.apache.pdfbox.rendering.TestRendering.dataSubset.(lambda_expr_2)(T (inferred))",pdfbox/src/test/java/org/apache/pdfbox/rendering/TestRendering.java,,,,,,,,,,,,,,,,,,,,,,,,,1,1,0,1,0,1,0,3,1,0,0,0,0,1,1,1,1,,,,,,0,,0,00,1,1,1,1
Method,"org.apache.pdfbox.rendering.TestRendering.render(String)",pdfbox/src/test/java/org/apache/pdfbox/rendering/TestRendering.java,,,,,,,,,,,,,,,,,,,,,,,,,3,17,2,11,5,4,4,4,1,3,5,3,4,1,1,1,1,,,,,,1,,0,36,2,2,2,2
Lambda Method,"org.apache.pdfbox.rendering.TestRendering.render.(lambda_expr_1)()",pdfbox/src/test/java/org/apache/pdfbox/rendering/TestRendering.java,,,,,,,,,,,,,,,,,,,,,,,,,0,1,0,1,0,1,0,2,1,0,0,0,0,1,1,1,1,,,,,,0,,0,00,1,1,1,1
Method,"org.apache.pdfbox.rendering.TestRendering.renderAndCompare(String)",pdfbox/src/test/java/org/apache/pdfbox/rendering/TestRendering.java,,,,,,,,,,,,,,,,,,,,,,,,,3,11,1,9,2,3,1,5,2,2,4,1,3,2,2,2,1,,,,,,1,,0,11,2,2,2,1
Class,"org.apache.pdfbox.rendering.TilingPaint",pdfbox/src/main/java/org/apache/pdfbox/rendering/TilingPaint.java,1,1,1,1,24,2,15,6,2,33,0,,1,3,,,6,2,7,19,2,3,0,2,,206,25,129,45,76,53,,,67,82,37,67,,,,,5,5,5,1,1,1,57,0,41,13,13,13,7
Constructor,"org.apache.pdfbox.rendering.TilingPaint.TilingPaint(PageDrawer,PDTilingPattern,AffineTransform)",pdfbox/src/main/java/org/apache/pdfbox/rendering/TilingPaint.java,,,,,,,,,,,,,,,,,,,,,,,,,3,14,0,5,2,1,9,2,1,1,2,1,1,1,1,1,1,,,,,,0,,1,80,1,1,1,1
Constructor,"org.apache.pdfbox.rendering.TilingPaint.TilingPaint(PageDrawer,PDTilingPattern,PDColorSpace,PDColor,AffineTransform)",pdfbox/src/main/java/org/apache/pdfbox/rendering/TilingPaint.java,,,,,,,,,,,,,,,,,,,,,,,,,7,20,0,7,3,3,13,9,1,3,4,2,3,1,1,1,1,,,,,,0,,1,86,1,1,1,1
Private Static Method,"org.apache.pdfbox.rendering.TilingPaint.ceiling(double)",pdfbox/src/main/java/org/apache/pdfbox/rendering/TilingPaint.java,,,,,,,,,,,,,,,,,,,,,,,,,3,10,0,6,2,3,5,4,1,3,4,2,3,1,1,1,1,,,,,,0,,0,83,1,1,1,1
Public Method,"org.apache.pdfbox.rendering.TilingPaint.createContext(ColorModel,Rectangle,Rectangle2D,AffineTransform,RenderingHints)",pdfbox/src/main/java/org/apache/pdfbox/rendering/TilingPaint.java,,,,,,,,,,,,,,,,,,,,,,,,,7,17,2,11,5,6,4,8,1,5,6,3,5,1,1,1,1,,,,,,0,,0,36,1,1,1,1
Private Method,"org.apache.pdfbox.rendering.TilingPaint.getAnchorRect(PDTilingPattern)",pdfbox/src/main/java/org/apache/pdfbox/rendering/TilingPaint.java,,,,,,,,,,,,,,,,,,,,,,,,,5,48,4,38,8,27,6,18,16,21,26,8,23,5,5,5,1,,,,,,1,,0,16,5,5,5,1
Private Method,"org.apache.pdfbox.rendering.TilingPaint.getImage(PageDrawer,PDTilingPattern,PDColorSpace,PDColor,AffineTransform,Rectangle2D)",pdfbox/src/main/java/org/apache/pdfbox/rendering/TilingPaint.java,,,,,,,,,,,,,,,,,,,,,,,,,9,56,11,34,14,26,11,23,4,22,25,12,24,3,3,3,1,,,,,,1,,0,32,3,3,3,1
Public Method,"org.apache.pdfbox.rendering.TilingPaint.getTransparency()",pdfbox/src/main/java/org/apache/pdfbox/rendering/TilingPaint.java,,,,,,,,,,,,,,,,,,,,,,,,,1,5,0,5,2,1,0,1,1,1,2,1,1,1,1,1,1,,,,,,0,,0,00,1,1,1,1
Class,"org.apache.pdfbox.rendering.TilingPaintFactory",pdfbox/src/main/java/org/apache/pdfbox/rendering/TilingPaintFactory.java,2,2,2,1,11,0,11,0,1,18,0,,0,1,,,2,2,2,14,2,0,0,0,,132,8,114,28,51,10,,,42,62,21,45,,,,,3,3,3,1,1,1,25,0,09,4,4,4,2
Constructor,"org.apache.pdfbox.rendering.TilingPaintFactory.TilingPaintFactory(PageDrawer)",pdfbox/src/main/java/org/apache/pdfbox/rendering/TilingPaintFactory.java,,,,,,,,,,,,,,,,,,,,,,,,,1,4,0,4,1,1,0,2,1,1,2,1,1,1,1,1,1,,,,,,0,,0,00,1,1,1,1
Private Static Class,"org.apache.pdfbox.rendering.TilingPaintFactory.TilingPaintParameter",pdfbox/src/main/java/org/apache/pdfbox/rendering/TilingPaintFactory.java,4,4,8,3,19,0,19,0,1,9,0,,0,0,,,4,5,4,16,0,1,0,3,,91,4,85,16,39,2,,,31,46,12,34,,,,,11,11,25,11,1,2,0,0,02,19,19,33,14
Private Constructor,"org.apache.pdfbox.rendering.TilingPaintFactory.TilingPaintParameter.TilingPaintParameter(Matrix,COSDictionary,PDColorSpace,PDColor,AffineTransform)",pdfbox/src/main/java/org/apache/pdfbox/rendering/TilingPaintFactory.java,,,,,,,,,,,,,,,,,,,,,,,,,6,9,0,9,2,5,0,7,1,5,6,1,5,1,1,1,1,,,,,,0,,0,00,1,1,1,1
Public Method,"org.apache.pdfbox.rendering.TilingPaintFactory.TilingPaintParameter.equals(Object)",pdfbox/src/main/java/org/apache/pdfbox/rendering/TilingPaintFactory.java,,,,,,,,,,,,,,,,,,,,,,,,,8,51,0,51,3,25,0,7,11,13,24,2,22,11,11,25,11,,,,,,2,,0,00,11,11,25,11
Public Method,"org.apache.pdfbox.rendering.TilingPaintFactory.TilingPaintParameter.hashCode()",pdfbox/src/main/java/org/apache/pdfbox/rendering/TilingPaintFactory.java,,,,,,,,,,,,,,,,,,,,,,,,,5,11,0,11,3,7,0,4,1,7,8,2,6,6,6,6,1,,,,,,0,,0,00,6,6,6,1
Public Method,"org.apache.pdfbox.rendering.TilingPaintFactory.TilingPaintParameter.toString()",pdfbox/src/main/java/org/apache/pdfbox/rendering/TilingPaintFactory.java,,,,,,,,,,,,,,,,,,,,,,,,,5,6,0,6,2,2,0,1,1,1,2,1,1,1,1,1,1,,,,,,0,,0,00,1,1,1,1
Method,"org.apache.pdfbox.rendering.TilingPaintFactory.create(PDTilingPattern,PDColorSpace,PDColor,AffineTransform)",pdfbox/src/main/java/org/apache/pdfbox/rendering/TilingPaintFactory.java,,,,,,,,,,,,,,,,,,,,,,,,,7,19,0,18,6,9,1,9,4,7,10,4,8,3,3,3,1,,,,,,1,,0,06,3,3,3,1
Package,"org.apache.pdfbox.text",pdfbox/src/main/java/org/apache/pdfbox/text/LegacyPDFStreamEngine.java,2,2,2,1,20,0,13,6,,,,12,6,24,8,,181,75,187,,11,33,33,110,,4840,404,2905,779,1414,1542,,,1237,1702,743,1157,,,,,22,22,30,16,,5,,0,53,437,437,550,254
Class,"org.apache.pdfbox.text.BidiTest",pdfbox/src/test/java/org/apache/pdfbox/text/BidiTest.java,3,3,5,2,28,1,23,4,1,20,0,,0,5,,,7,2,7,19,2,3,0,2,,230,21,174,31,93,35,,,60,89,26,72,,,,,10,10,16,5,1,3,64,0,20,26,26,41,14
Private Method,"org.apache.pdfbox.text.BidiTest.doTestFile(File,File,boolean,boolean)",pdfbox/src/test/java/org/apache/pdfbox/text/BidiTest.java,,,,,,,,,,,,,,,,,,,,,,,,,10,95,9,73,6,41,13,20,144,20,32,5,29,10,10,13,4,,,,,,3,,0,18,10,10,13,4
Public Method,"org.apache.pdfbox.text.BidiTest.setUp()",pdfbox/src/test/java/org/apache/pdfbox/text/BidiTest.java,,,,,,,,,,,,,,,,,,,,,,,,,4,12,1,11,2,5,0,10,2,4,6,1,5,2,2,3,1,,,,,,1,,0,00,2,2,3,1
Private Method,"org.apache.pdfbox.text.BidiTest.skipWhitespace(char[],int)",pdfbox/src/test/java/org/apache/pdfbox/text/BidiTest.java,,,,,,,,,,,,,,,,,,,,,,,,,4,18,0,12,1,5,6,1,3,3,6,1,5,3,3,6,1,,,,,,2,,0,50,3,3,6,1
Private Method,"org.apache.pdfbox.text.BidiTest.stringsEqual(String,String)",pdfbox/src/test/java/org/apache/pdfbox/text/BidiTest.java,,,,,,,,,,,,,,,,,,,,,,,,,5,60,0,51,6,32,9,6,17,21,29,6,25,8,8,16,5,,,,,,3,,0,18,8,8,16,5
Public Method,"org.apache.pdfbox.text.BidiTest.tearDown()",pdfbox/src/test/java/org/apache/pdfbox/text/BidiTest.java,,,,,,,,,,,,,,,,,,,,,,,,,1,5,0,5,2,1,0,1,1,1,2,1,1,1,1,1,1,,,,,,0,,0,00,1,1,1,1
Method,"org.apache.pdfbox.text.BidiTest.testNotSorted()",pdfbox/src/test/java/org/apache/pdfbox/text/BidiTest.java,,,,,,,,,,,,,,,,,,,,,,,,,3,6,0,6,3,2,0,2,1,2,3,2,2,1,1,1,1,,,,,,0,,0,00,1,1,1,1
Method,"org.apache.pdfbox.text.BidiTest.testSorted()",pdfbox/src/test/java/org/apache/pdfbox/text/BidiTest.java,,,,,,,,,,,,,,,,,,,,,,,,,3,6,0,6,3,2,0,2,1,2,3,2,2,1,1,1,1,,,,,,0,,0,00,1,1,1,1
Class,"org.apache.pdfbox.text.LegacyPDFStreamEngine",pdfbox/src/main/java/org/apache/pdfbox/text/LegacyPDFStreamEngine.java,4,4,6,1,54,4,35,15,1,56,2,,0,2,,,5,5,5,72,1,0,3,1,,314,28,199,47,117,90,,,91,117,43,99,,,,,14,14,15,3,2,3,72,0,45,24,24,32,7
Constructor,"org.apache.pdfbox.text.LegacyPDFStreamEngine.LegacyPDFStreamEngine()",pdfbox/src/main/java/org/apache/pdfbox/text/LegacyPDFStreamEngine.java,,,,,,,,,,,,,,,,,,,,,,,,,0,28,0,25,1,22,4,2,1,22,23,1,22,1,1,1,1,,,,,,0,,0,16,1,1,1,1
Protected Method,"org.apache.pdfbox.text.LegacyPDFStreamEngine.computeFontHeight(PDFont)",pdfbox/src/main/java/org/apache/pdfbox/text/LegacyPDFStreamEngine.java,,,,,,,,,,,,,,,,,,,,,,,,,4,54,3,36,8,20,15,12,20,13,19,8,17,6,6,12,1,,,,,,2,,0,42,6,6,12,1
Public Method,"org.apache.pdfbox.text.LegacyPDFStreamEngine.processPage(PDPage)",pdfbox/src/main/java/org/apache/pdfbox/text/LegacyPDFStreamEngine.java,,,,,,,,,,,,,,,,,,,,,,,,,4,23,1,15,2,7,7,10,2,5,7,1,6,2,2,3,1,,,,,,1,,0,47,2,2,3,1
Protected Method,"org.apache.pdfbox.text.LegacyPDFStreamEngine.processTextPosition(TextPosition)",pdfbox/src/main/java/org/apache/pdfbox/text/LegacyPDFStreamEngine.java,,,,,,,,,,,,,,,,,,,,,,,,,1,10,0,3,1,0,7,0,1,0,1,1,0,1,1,1,1,,,,,,0,,2,33,1,1,1,1
Protected Method,"org.apache.pdfbox.text.LegacyPDFStreamEngine.showGlyph(Matrix,PDFont,int,Vector)",pdfbox/src/main/java/org/apache/pdfbox/text/LegacyPDFStreamEngine.java,,,,,,,,,,,,,,,,,,,,,,,,,13,159,17,99,26,61,45,40,1440,42,56,24,49,14,14,15,3,,,,,,3,,0,45,14,14,15,3
Public Class,"org.apache.pdfbox.text.PDFMarkedContentExtractor",pdfbox/src/main/java/org/apache/pdfbox/text/PDFMarkedContentExtractor.java,2,2,2,1,19,0,12,6,1,18,0,,0,0,,,10,4,10,82,0,1,1,8,,212,13,134,34,64,65,,,44,69,30,54,,,,,10,10,14,4,3,3,75,0,49,24,24,29,14
Public Constructor,"org.apache.pdfbox.text.PDFMarkedContentExtractor.PDFMarkedContentExtractor()",pdfbox/src/main/java/org/apache/pdfbox/text/PDFMarkedContentExtractor.java,,,,,,,,,,,,,,,,,,,,,,,,,1,7,0,4,1,1,3,2,1,1,2,1,1,1,1,1,1,,,,,,0,,0,75,1,1,1,1
Public Constructor,"org.apache.pdfbox.text.PDFMarkedContentExtractor.PDFMarkedContentExtractor(String)",pdfbox/src/main/java/org/apache/pdfbox/text/PDFMarkedContentExtractor.java,,,,,,,,,,,,,,,,,,,,,,,,,1,14,0,7,1,4,7,2,1,4,5,1,4,1,1,1,1,,,,,,0,,1,00,1,1,1,1
Public Method,"org.apache.pdfbox.text.PDFMarkedContentExtractor.beginMarkedContentSequence(COSName,COSDictionary)",pdfbox/src/main/java/org/apache/pdfbox/text/PDFMarkedContentExtractor.java,,,,,,,,,,,,,,,,,,,,,,,,,4,19,0,19,5,8,0,6,3,5,8,3,7,3,3,3,1,,,,,,2,,0,00,3,3,3,1
Public Method,"org.apache.pdfbox.text.PDFMarkedContentExtractor.endMarkedContentSequence()",pdfbox/src/main/java/org/apache/pdfbox/text/PDFMarkedContentExtractor.java,,,,,,,,,,,,,,,,,,,,,,,,,1,8,0,8,2,2,0,2,2,1,3,1,2,2,2,2,1,,,,,,1,,0,00,2,2,2,1
Public Method,"org.apache.pdfbox.text.PDFMarkedContentExtractor.getMarkedContents()",pdfbox/src/main/java/org/apache/pdfbox/text/PDFMarkedContentExtractor.java,,,,,,,,,,,,,,,,,,,,,,,,,2,4,0,4,1,1,0,1,1,1,2,1,1,1,1,1,1,,,,,,0,,0,00,1,1,1,1
Public Method,"org.apache.pdfbox.text.PDFMarkedContentExtractor.isSuppressDuplicateOverlappingText()",pdfbox/src/main/java/org/apache/pdfbox/text/PDFMarkedContentExtractor.java,,,,,,,,,,,,,,,,,,,,,,,,,1,7,0,4,1,1,3,1,1,1,2,1,1,1,1,1,1,,,,,,0,,0,75,1,1,1,1
Protected Method,"org.apache.pdfbox.text.PDFMarkedContentExtractor.processTextPosition(TextPosition)",pdfbox/src/main/java/org/apache/pdfbox/text/PDFMarkedContentExtractor.java,,,,,,,,,,,,,,,,,,,,,,,,,5,101,3,66,15,39,32,19,63,24,35,14,31,10,10,14,4,,,,,,3,,0,48,11,11,15,5
Lambda Method,"org.apache.pdfbox.text.PDFMarkedContentExtractor.processTextPosition.(lambda_expr_1)(String (inferred))",pdfbox/src/main/java/org/apache/pdfbox/text/PDFMarkedContentExtractor.java,,,,,,,,,,,,,,,,,,,,,,,,,0,1,0,1,0,1,0,2,1,0,0,0,0,1,1,1,1,,,,,,0,,0,00,1,1,1,1
Public Method,"org.apache.pdfbox.text.PDFMarkedContentExtractor.setSuppressDuplicateOverlappingText(boolean)",pdfbox/src/main/java/org/apache/pdfbox/text/PDFMarkedContentExtractor.java,,,,,,,,,,,,,,,,,,,,,,,,,1,12,0,4,1,1,8,1,1,1,2,1,1,1,1,1,1,,,,,,0,,2,00,1,1,1,1
Private Method,"org.apache.pdfbox.text.PDFMarkedContentExtractor.within(float,float,float)",pdfbox/src/main/java/org/apache/pdfbox/text/PDFMarkedContentExtractor.java,,,,,,,,,,,,,,,,,,,,,,,,,4,11,0,4,1,1,7,1,1,1,2,1,1,1,1,2,1,,,,,,0,,1,75,1,1,2,1
Public Method,"org.apache.pdfbox.text.PDFMarkedContentExtractor.xobject(PDXObject)",pdfbox/src/main/java/org/apache/pdfbox/text/PDFMarkedContentExtractor.java,,,,,,,,,,,,,,,,,,,,,,,,,3,7,0,7,1,2,0,3,2,1,3,1,2,2,2,2,1,,,,,,1,,0,00,2,2,2,1
Public Class,"org.apache.pdfbox.text.PDFTextStripper",pdfbox/src/main/java/org/apache/pdfbox/text/PDFTextStripper.java,2,2,2,1,19,0,11,7,1,54,10,,2,11,,,83,33,85,157,0,15,26,44,,2089,174,1198,278,576,721,,,439,659,273,454,,,,,22,22,30,4,3,5,96,0,60,187,187,225,95
Private Static Final Class,"org.apache.pdfbox.text.PDFTextStripper.LineItem",pdfbox/src/main/java/org/apache/pdfbox/text/PDFTextStripper.java,1,1,1,1,4,0,4,0,1,1,0,,1,1,,,4,1,5,17,1,1,0,3,,34,6,25,8,6,3,,,7,13,8,6,,,,,1,1,1,1,1,0,19,0,12,5,5,5,5
Private Constructor,"org.apache.pdfbox.text.PDFTextStripper.LineItem.LineItem()",pdfbox/src/main/java/org/apache/pdfbox/text/PDFTextStripper.java,,,,,,,,,,,,,,,,,,,,,,,,,0,4,0,4,1,1,0,2,1,1,2,1,1,1,1,1,1,,,,,,0,,0,00,1,1,1,1
Constructor,"org.apache.pdfbox.text.PDFTextStripper.LineItem.LineItem(TextPosition)",pdfbox/src/main/java/org/apache/pdfbox/text/PDFTextStripper.java,,,,,,,,,,,,,,,,,,,,,,,,,2,4,0,4,1,1,0,2,1,1,2,1,1,1,1,1,1,,,,,,0,,0,00,1,1,1,1
Public Method,"org.apache.pdfbox.text.PDFTextStripper.LineItem.getTextPosition()",pdfbox/src/main/java/org/apache/pdfbox/text/PDFTextStripper.java,,,,,,,,,,,,,,,,,,,,,,,,,2,4,0,4,1,1,0,1,1,1,2,1,1,1,1,1,1,,,,,,0,,0,00,1,1,1,1
Public Static Method,"org.apache.pdfbox.text.PDFTextStripper.LineItem.getWordSeparator()",pdfbox/src/main/java/org/apache/pdfbox/text/PDFTextStripper.java,,,,,,,,,,,,,,,,,,,,,,,,,2,4,0,4,1,1,0,1,1,1,2,1,1,1,1,1,1,,,,,,0,,0,00,1,1,1,1
Public Method,"org.apache.pdfbox.text.PDFTextStripper.LineItem.isWordSeparator()",pdfbox/src/main/java/org/apache/pdfbox/text/PDFTextStripper.java,,,,,,,,,,,,,,,,,,,,,,,,,2,4,0,4,1,1,0,1,1,1,2,1,1,1,1,1,1,,,,,,0,,0,00,1,1,1,1
Public Constructor,"org.apache.pdfbox.text.PDFTextStripper.PDFTextStripper()",pdfbox/src/main/java/org/apache/pdfbox/text/PDFTextStripper.java,,,,,,,,,,,,,,,,,,,,,,,,,26,27,0,3,1,0,24,1,1,0,1,1,0,1,1,1,1,,,,,,0,,8,00,1,1,1,1
Private Static Final Class,"org.apache.pdfbox.text.PDFTextStripper.PositionWrapper",pdfbox/src/main/java/org/apache/pdfbox/text/PDFTextStripper.java,1,1,1,1,6,0,4,2,1,1,0,,0,0,,,12,6,12,24,1,0,0,11,,105,13,57,19,18,35,,,18,31,19,12,,,,,1,1,1,1,1,0,83,0,61,12,12,12,12
Constructor,"org.apache.pdfbox.text.PDFTextStripper.PositionWrapper.PositionWrapper(TextPosition)",pdfbox/src/main/java/org/apache/pdfbox/text/PDFTextStripper.java,,,,,,,,,,,,,,,,,,,,,,,,,2,9,0,4,1,1,5,2,1,1,2,1,1,1,1,1,1,,,,,,0,,1,25,1,1,1,1
Public Method,"org.apache.pdfbox.text.PDFTextStripper.PositionWrapper.getTextPosition()",pdfbox/src/main/java/org/apache/pdfbox/text/PDFTextStripper.java,,,,,,,,,,,,,,,,,,,,,,,,,4,9,0,4,1,1,5,1,1,1,2,1,1,1,1,1,1,,,,,,0,,1,25,1,1,1,1
Public Method,"org.apache.pdfbox.text.PDFTextStripper.PositionWrapper.isArticleStart()",pdfbox/src/main/java/org/apache/pdfbox/text/PDFTextStripper.java,,,,,,,,,,,,,,,,,,,,,,,,,2,4,0,4,1,1,0,1,1,1,2,1,1,1,1,1,1,,,,,,0,,0,00,1,1,1,1
Public Method,"org.apache.pdfbox.text.PDFTextStripper.PositionWrapper.isHangingIndent()",pdfbox/src/main/java/org/apache/pdfbox/text/PDFTextStripper.java,,,,,,,,,,,,,,,,,,,,,,,,,2,4,0,4,1,1,0,1,1,1,2,1,1,1,1,1,1,,,,,,0,,0,00,1,1,1,1
Public Method,"org.apache.pdfbox.text.PDFTextStripper.PositionWrapper.isLineStart()",pdfbox/src/main/java/org/apache/pdfbox/text/PDFTextStripper.java,,,,,,,,,,,,,,,,,,,,,,,,,2,4,0,4,1,1,0,1,1,1,2,1,1,1,1,1,1,,,,,,0,,0,00,1,1,1,1
Public Method,"org.apache.pdfbox.text.PDFTextStripper.PositionWrapper.isPageBreak()",pdfbox/src/main/java/org/apache/pdfbox/text/PDFTextStripper.java,,,,,,,,,,,,,,,,,,,,,,,,,1,4,0,4,1,1,0,1,1,1,2,1,1,1,1,1,1,,,,,,0,,0,00,1,1,1,1
Public Method,"org.apache.pdfbox.text.PDFTextStripper.PositionWrapper.isParagraphStart()",pdfbox/src/main/java/org/apache/pdfbox/text/PDFTextStripper.java,,,,,,,,,,,,,,,,,,,,,,,,,3,4,0,4,1,1,0,1,1,1,2,1,1,1,1,1,1,,,,,,0,,0,00,1,1,1,1
Public Method,"org.apache.pdfbox.text.PDFTextStripper.PositionWrapper.setArticleStart()",pdfbox/src/main/java/org/apache/pdfbox/text/PDFTextStripper.java,,,,,,,,,,,,,,,,,,,,,,,,,1,7,0,4,1,1,3,1,1,1,2,1,1,1,1,1,1,,,,,,0,,0,75,1,1,1,1
Public Method,"org.apache.pdfbox.text.PDFTextStripper.PositionWrapper.setHangingIndent()",pdfbox/src/main/java/org/apache/pdfbox/text/PDFTextStripper.java,,,,,,,,,,,,,,,,,,,,,,,,,1,7,0,4,1,1,3,1,1,1,2,1,1,1,1,1,1,,,,,,0,,0,75,1,1,1,1
Public Method,"org.apache.pdfbox.text.PDFTextStripper.PositionWrapper.setLineStart()",pdfbox/src/main/java/org/apache/pdfbox/text/PDFTextStripper.java,,,,,,,,,,,,,,,,,,,,,,,,,2,7,0,4,1,1,3,1,1,1,2,1,1,1,1,1,1,,,,,,0,,0,75,1,1,1,1
Public Method,"org.apache.pdfbox.text.PDFTextStripper.PositionWrapper.setPageBreak()",pdfbox/src/main/java/org/apache/pdfbox/text/PDFTextStripper.java,,,,,,,,,,,,,,,,,,,,,,,,,0,7,0,4,1,1,3,1,1,1,2,1,1,1,1,1,1,,,,,,0,,0,75,1,1,1,1
Public Method,"org.apache.pdfbox.text.PDFTextStripper.PositionWrapper.setParagraphStart()",pdfbox/src/main/java/org/apache/pdfbox/text/PDFTextStripper.java,,,,,,,,,,,,,,,,,,,,,,,,,2,7,0,4,1,1,3,1,1,1,2,1,1,1,1,1,1,,,,,,0,,0,75,1,1,1,1
Private Static Final Class,"org.apache.pdfbox.text.PDFTextStripper.WordWithTextPositions",pdfbox/src/main/java/org/apache/pdfbox/text/PDFTextStripper.java,1,1,1,1,4,0,4,0,1,2,0,,0,0,,,3,2,3,15,1,0,0,2,,27,3,18,6,4,6,,,6,10,6,4,,,,,1,1,1,1,1,0,33,0,33,3,3,3,3
Constructor,"org.apache.pdfbox.text.PDFTextStripper.WordWithTextPositions.WordWithTextPositions(String,List<TextPosition>)",pdfbox/src/main/java/org/apache/pdfbox/text/PDFTextStripper.java,,,,,,,,,,,,,,,,,,,,,,,,,3,5,0,5,1,2,0,3,1,2,3,1,2,1,1,1,1,,,,,,0,,0,00,1,1,1,1
Public Method,"org.apache.pdfbox.text.PDFTextStripper.WordWithTextPositions.getText()",pdfbox/src/main/java/org/apache/pdfbox/text/PDFTextStripper.java,,,,,,,,,,,,,,,,,,,,,,,,,2,4,0,4,1,1,0,1,1,1,2,1,1,1,1,1,1,,,,,,0,,0,00,1,1,1,1
Public Method,"org.apache.pdfbox.text.PDFTextStripper.WordWithTextPositions.getTextPositions()",pdfbox/src/main/java/org/apache/pdfbox/text/PDFTextStripper.java,,,,,,,,,,,,,,,,,,,,,,,,,2,4,0,4,1,1,0,1,1,1,2,1,1,1,1,1,1,,,,,,0,,0,00,1,1,1,1
Private Method,"org.apache.pdfbox.text.PDFTextStripper.createWord(String,List<TextPosition>)",pdfbox/src/main/java/org/apache/pdfbox/text/PDFTextStripper.java,,,,,,,,,,,,,,,,,,,,,,,,,4,7,0,4,1,1,3,3,1,1,2,1,1,1,1,1,1,,,,,,0,,0,75,1,1,1,1
Protected Method,"org.apache.pdfbox.text.PDFTextStripper.endArticle()",pdfbox/src/main/java/org/apache/pdfbox/text/PDFTextStripper.java,,,,,,,,,,,,,,,,,,,,,,,,,3,9,0,4,1,1,5,2,1,1,2,1,1,1,1,1,1,,,,,,0,,1,25,1,1,1,1
Protected Method,"org.apache.pdfbox.text.PDFTextStripper.endDocument(PDDocument)",pdfbox/src/main/java/org/apache/pdfbox/text/PDFTextStripper.java,,,,,,,,,,,,,,,,,,,,,,,,,1,11,0,3,1,0,8,0,1,0,1,1,0,1,1,1,1,,,,,,0,,2,67,1,1,1,1
Protected Method,"org.apache.pdfbox.text.PDFTextStripper.endPage(PDPage)",pdfbox/src/main/java/org/apache/pdfbox/text/PDFTextStripper.java,,,,,,,,,,,,,,,,,,,,,,,,,1,11,0,3,1,0,8,0,1,0,1,1,0,1,1,1,1,,,,,,0,,2,67,1,1,1,1
Private Method,"org.apache.pdfbox.text.PDFTextStripper.fillBeadRectangles(PDPage)",pdfbox/src/main/java/org/apache/pdfbox/text/PDFTextStripper.java,,,,,,,,,,,,,,,,,,,,,,,,,3,36,4,27,6,18,5,16,5,15,20,7,18,4,4,6,3,,,,,,2,,0,19,4,4,6,3
Public Method,"org.apache.pdfbox.text.PDFTextStripper.getAddMoreFormatting()",pdfbox/src/main/java/org/apache/pdfbox/text/PDFTextStripper.java,,,,,,,,,,,,,,,,,,,,,,,,,2,9,0,4,1,1,5,1,1,1,2,1,1,1,1,1,1,,,,,,0,,1,25,1,1,1,1
Public Method,"org.apache.pdfbox.text.PDFTextStripper.getArticleEnd()",pdfbox/src/main/java/org/apache/pdfbox/text/PDFTextStripper.java,,,,,,,,,,,,,,,,,,,,,,,,,2,9,0,4,1,1,5,1,1,1,2,1,1,1,1,1,1,,,,,,0,,1,25,1,1,1,1
Public Method,"org.apache.pdfbox.text.PDFTextStripper.getArticleStart()",pdfbox/src/main/java/org/apache/pdfbox/text/PDFTextStripper.java,,,,,,,,,,,,,,,,,,,,,,,,,2,9,0,4,1,1,5,1,1,1,2,1,1,1,1,1,1,,,,,,0,,1,25,1,1,1,1
Public Method,"org.apache.pdfbox.text.PDFTextStripper.getAverageCharTolerance()",pdfbox/src/main/java/org/apache/pdfbox/text/PDFTextStripper.java,,,,,,,,,,,,,,,,,,,,,,,,,2,10,0,4,1,1,6,1,1,1,2,1,1,1,1,1,1,,,,,,0,,1,50,1,1,1,1
Protected Method,"org.apache.pdfbox.text.PDFTextStripper.getCharactersByArticle()",pdfbox/src/main/java/org/apache/pdfbox/text/PDFTextStripper.java,,,,,,,,,,,,,,,,,,,,,,,,,2,10,0,4,1,1,6,1,1,1,2,1,1,1,1,1,1,,,,,,0,,1,50,1,1,1,1
Protected Method,"org.apache.pdfbox.text.PDFTextStripper.getCurrentPageNo()",pdfbox/src/main/java/org/apache/pdfbox/text/PDFTextStripper.java,,,,,,,,,,,,,,,,,,,,,,,,,3,9,0,4,1,1,5,1,1,1,2,1,1,1,1,1,1,,,,,,0,,1,25,1,1,1,1
Public Method,"org.apache.pdfbox.text.PDFTextStripper.getDropThreshold()",pdfbox/src/main/java/org/apache/pdfbox/text/PDFTextStripper.java,,,,,,,,,,,,,,,,,,,,,,,,,2,10,0,4,1,1,6,1,1,1,2,1,1,1,1,1,1,,,,,,0,,1,50,1,1,1,1
Public Method,"org.apache.pdfbox.text.PDFTextStripper.getEndBookmark()",pdfbox/src/main/java/org/apache/pdfbox/text/PDFTextStripper.java,,,,,,,,,,,,,,,,,,,,,,,,,1,9,0,4,1,1,5,1,1,1,2,1,1,1,1,1,1,,,,,,0,,1,25,1,1,1,1
Public Method,"org.apache.pdfbox.text.PDFTextStripper.getEndPage()",pdfbox/src/main/java/org/apache/pdfbox/text/PDFTextStripper.java,,,,,,,,,,,,,,,,,,,,,,,,,1,11,0,4,1,1,7,1,1,1,2,1,1,1,1,1,1,,,,,,0,,1,75,1,1,1,1
Public Method,"org.apache.pdfbox.text.PDFTextStripper.getIndentThreshold()",pdfbox/src/main/java/org/apache/pdfbox/text/PDFTextStripper.java,,,,,,,,,,,,,,,,,,,,,,,,,2,10,0,4,1,1,6,1,1,1,2,1,1,1,1,1,1,,,,,,0,,1,50,1,1,1,1
Public Method,"org.apache.pdfbox.text.PDFTextStripper.getLineSeparator()",pdfbox/src/main/java/org/apache/pdfbox/text/PDFTextStripper.java,,,,,,,,,,,,,,,,,,,,,,,,,2,9,0,4,1,1,5,1,1,1,2,1,1,1,1,1,1,,,,,,0,,1,25,1,1,1,1
Protected Method,"org.apache.pdfbox.text.PDFTextStripper.getListItemPatterns()",pdfbox/src/main/java/org/apache/pdfbox/text/PDFTextStripper.java,,,,,,,,,,,,,,,,,,,,,,,,,3,32,0,13,2,6,19,5,3,4,8,3,6,3,3,3,1,,,,,,2,,1,46,3,3,3,1
Protected Method,"org.apache.pdfbox.text.PDFTextStripper.getOutput()",pdfbox/src/main/java/org/apache/pdfbox/text/PDFTextStripper.java,,,,,,,,,,,,,,,,,,,,,,,,,1,9,0,4,1,1,5,1,1,1,2,1,1,1,1,1,1,,,,,,0,,1,25,1,1,1,1
Public Method,"org.apache.pdfbox.text.PDFTextStripper.getPageEnd()",pdfbox/src/main/java/org/apache/pdfbox/text/PDFTextStripper.java,,,,,,,,,,,,,,,,,,,,,,,,,2,9,0,4,1,1,5,1,1,1,2,1,1,1,1,1,1,,,,,,0,,1,25,1,1,1,1
Public Method,"org.apache.pdfbox.text.PDFTextStripper.getPageStart()",pdfbox/src/main/java/org/apache/pdfbox/text/PDFTextStripper.java,,,,,,,,,,,,,,,,,,,,,,,,,2,9,0,4,1,1,5,1,1,1,2,1,1,1,1,1,1,,,,,,0,,1,25,1,1,1,1
Public Method,"org.apache.pdfbox.text.PDFTextStripper.getParagraphEnd()",pdfbox/src/main/java/org/apache/pdfbox/text/PDFTextStripper.java,,,,,,,,,,,,,,,,,,,,,,,,,2,9,0,4,1,1,5,1,1,1,2,1,1,1,1,1,1,,,,,,0,,1,25,1,1,1,1
Public Method,"org.apache.pdfbox.text.PDFTextStripper.getParagraphStart()",pdfbox/src/main/java/org/apache/pdfbox/text/PDFTextStripper.java,,,,,,,,,,,,,,,,,,,,,,,,,2,9,0,4,1,1,5,1,1,1,2,1,1,1,1,1,1,,,,,,0,,1,25,1,1,1,1
Public Method,"org.apache.pdfbox.text.PDFTextStripper.getSeparateByBeads()",pdfbox/src/main/java/org/apache/pdfbox/text/PDFTextStripper.java,,,,,,,,,,,,,,,,,,,,,,,,,1,9,0,4,1,1,5,1,1,1,2,1,1,1,1,1,1,,,,,,0,,1,25,1,1,1,1
Public Method,"org.apache.pdfbox.text.PDFTextStripper.getSortByPosition()",pdfbox/src/main/java/org/apache/pdfbox/text/PDFTextStripper.java,,,,,,,,,,,,,,,,,,,,,,,,,2,9,0,4,1,1,5,1,1,1,2,1,1,1,1,1,1,,,,,,0,,1,25,1,1,1,1
Public Method,"org.apache.pdfbox.text.PDFTextStripper.getSpacingTolerance()",pdfbox/src/main/java/org/apache/pdfbox/text/PDFTextStripper.java,,,,,,,,,,,,,,,,,,,,,,,,,2,10,0,4,1,1,6,1,1,1,2,1,1,1,1,1,1,,,,,,0,,1,50,1,1,1,1
Public Method,"org.apache.pdfbox.text.PDFTextStripper.getStartBookmark()",pdfbox/src/main/java/org/apache/pdfbox/text/PDFTextStripper.java,,,,,,,,,,,,,,,,,,,,,,,,,1,9,0,4,1,1,5,1,1,1,2,1,1,1,1,1,1,,,,,,0,,1,25,1,1,1,1
Public Method,"org.apache.pdfbox.text.PDFTextStripper.getStartPage()",pdfbox/src/main/java/org/apache/pdfbox/text/PDFTextStripper.java,,,,,,,,,,,,,,,,,,,,,,,,,1,11,0,4,1,1,7,1,1,1,2,1,1,1,1,1,1,,,,,,0,,1,75,1,1,1,1
Public Method,"org.apache.pdfbox.text.PDFTextStripper.getSuppressDuplicateOverlappingText()",pdfbox/src/main/java/org/apache/pdfbox/text/PDFTextStripper.java,,,,,,,,,,,,,,,,,,,,,,,,,1,7,0,4,1,1,3,1,1,1,2,1,1,1,1,1,1,,,,,,0,,0,75,1,1,1,1
Public Method,"org.apache.pdfbox.text.PDFTextStripper.getText(PDDocument)",pdfbox/src/main/java/org/apache/pdfbox/text/PDFTextStripper.java,,,,,,,,,,,,,,,,,,,,,,,,,28,19,0,6,2,3,13,4,1,3,4,2,3,1,1,1,1,,,,,,0,,2,17,1,1,1,1
Public Method,"org.apache.pdfbox.text.PDFTextStripper.getWordSeparator()",pdfbox/src/main/java/org/apache/pdfbox/text/PDFTextStripper.java,,,,,,,,,,,,,,,,,,,,,,,,,2,9,0,4,1,1,5,1,1,1,2,1,1,1,1,1,1,,,,,,0,,1,25,1,1,1,1
Private Method,"org.apache.pdfbox.text.PDFTextStripper.handleDirection(String)",pdfbox/src/main/java/org/apache/pdfbox/text/PDFTextStripper.java,,,,,,,,,,,,,,,,,,,,,,,,,5,76,9,52,11,29,15,19,13,23,31,13,24,8,8,9,1,,,,,,5,,0,29,8,8,9,1
Private Method,"org.apache.pdfbox.text.PDFTextStripper.handleLineSeparation(PositionWrapper,PositionWrapper,PositionWrapper,float)",pdfbox/src/main/java/org/apache/pdfbox/text/PDFTextStripper.java,,,,,,,,,,,,,,,,,,,,,,,,,5,39,0,29,3,14,10,9,4,9,13,1,12,4,4,4,1,,,,,,3,,0,34,4,4,4,1
Private Method,"org.apache.pdfbox.text.PDFTextStripper.isParagraphSeparation(PositionWrapper,PositionWrapper,PositionWrapper,float)",pdfbox/src/main/java/org/apache/pdfbox/text/PDFTextStripper.java,,,,,,,,,,,,,,,,,,,,,,,,,5,95,1,65,13,33,29,14,24,16,29,9,27,13,13,13,1,,,,,,5,,0,45,13,13,13,1
Private Method,"org.apache.pdfbox.text.PDFTextStripper.matchListItemPattern(PositionWrapper)",pdfbox/src/main/java/org/apache/pdfbox/text/PDFTextStripper.java,,,,,,,,,,,,,,,,,,,,,,,,,2,15,0,6,3,3,9,5,1,3,4,3,3,1,1,1,1,,,,,,0,,1,50,1,1,1,1
Protected Static Method,"org.apache.pdfbox.text.PDFTextStripper.matchPattern(String,List<Pattern>)",pdfbox/src/main/java/org/apache/pdfbox/text/PDFTextStripper.java,,,,,,,,,,,,,,,,,,,,,,,,,3,23,0,11,1,4,12,3,3,2,6,2,4,3,3,3,3,,,,,,2,,1,09,3,3,3,3
Private Method,"org.apache.pdfbox.text.PDFTextStripper.multiplyFloat(float,float)",pdfbox/src/main/java/org/apache/pdfbox/text/PDFTextStripper.java,,,,,,,,,,,,,,,,,,,,,,,,,3,6,0,4,1,1,2,2,1,1,2,1,1,1,1,1,1,,,,,,0,,0,50,1,1,1,1
Private Method,"org.apache.pdfbox.text.PDFTextStripper.normalize(List<LineItem>)",pdfbox/src/main/java/org/apache/pdfbox/text/PDFTextStripper.java,,,,,,,,,,,,,,,,,,,,,,,,,2,23,2,15,4,8,6,9,4,6,10,5,8,3,3,3,1,,,,,,1,,0,40,3,3,3,1
Private Method,"org.apache.pdfbox.text.PDFTextStripper.normalizeAdd(List<WordWithTextPositions>,StringBuilder,List<TextPosition>,LineItem)",pdfbox/src/main/java/org/apache/pdfbox/text/PDFTextStripper.java,,,,,,,,,,,,,,,,,,,,,,,,,5,23,0,18,3,10,5,11,2,7,9,2,8,2,2,2,1,,,,,,1,,0,28,2,2,2,1
Private Method,"org.apache.pdfbox.text.PDFTextStripper.normalizeWord(String)",pdfbox/src/main/java/org/apache/pdfbox/text/PDFTextStripper.java,,,,,,,,,,,,,,,,,,,,,,,,,3,55,0,39,6,22,16,11,12,15,20,6,16,6,6,12,1,,,,,,3,,0,41,6,6,12,1
Private Method,"org.apache.pdfbox.text.PDFTextStripper.overlap(float,float,float,float)",pdfbox/src/main/java/org/apache/pdfbox/text/PDFTextStripper.java,,,,,,,,,,,,,,,,,,,,,,,,,5,5,0,5,1,2,0,2,1,1,2,1,1,1,1,5,1,,,,,,0,,0,00,1,1,5,1
Private Static Method,"org.apache.pdfbox.text.PDFTextStripper.parseBidiFile(InputStream)",pdfbox/src/main/java/org/apache/pdfbox/text/PDFTextStripper.java,,,,,,,,,,,,,,,,,,,,,,,,,3,45,5,33,7,18,8,12,32,14,20,8,17,7,7,7,4,,,,,,2,,0,24,7,7,7,4
Public Method,"org.apache.pdfbox.text.PDFTextStripper.processPage(PDPage)",pdfbox/src/main/java/org/apache/pdfbox/text/PDFTextStripper.java,,,,,,,,,,,,,,,,,,,,,,,,,12,51,1,41,5,23,9,15,9,16,22,5,19,6,6,11,1,,,,,,4,,0,22,6,6,11,1
Protected Method,"org.apache.pdfbox.text.PDFTextStripper.processPages(PDPageTree)",pdfbox/src/main/java/org/apache/pdfbox/text/PDFTextStripper.java,,,,,,,,,,,,,,,,,,,,,,,,,7,53,3,38,5,21,12,8,24,10,17,4,15,8,8,12,1,,,,,,2,,0,32,8,8,12,1
Protected Method,"org.apache.pdfbox.text.PDFTextStripper.processTextPosition(TextPosition)",pdfbox/src/main/java/org/apache/pdfbox/text/PDFTextStripper.java,,,,,,,,,,,,,,,,,,,,,,,,,9,164,3,133,24,76,28,29,3059,48,71,23,61,22,22,29,4,,,,,,5,,0,21,22,22,29,4
Private Method,"org.apache.pdfbox.text.PDFTextStripper.resetEngine()",pdfbox/src/main/java/org/apache/pdfbox/text/PDFTextStripper.java,,,,,,,,,,,,,,,,,,,,,,,,,3,7,0,7,1,4,0,4,1,4,5,1,4,1,1,1,1,,,,,,0,,0,00,1,1,1,1
Public Method,"org.apache.pdfbox.text.PDFTextStripper.setAddMoreFormatting(boolean)",pdfbox/src/main/java/org/apache/pdfbox/text/PDFTextStripper.java,,,,,,,,,,,,,,,,,,,,,,,,,1,9,0,4,1,1,5,1,1,1,2,1,1,1,1,1,1,,,,,,0,,1,25,1,1,1,1
Public Method,"org.apache.pdfbox.text.PDFTextStripper.setArticleEnd(String)",pdfbox/src/main/java/org/apache/pdfbox/text/PDFTextStripper.java,,,,,,,,,,,,,,,,,,,,,,,,,2,9,0,4,1,1,5,1,1,1,2,1,1,1,1,1,1,,,,,,0,,1,25,1,1,1,1
Public Method,"org.apache.pdfbox.text.PDFTextStripper.setArticleStart(String)",pdfbox/src/main/java/org/apache/pdfbox/text/PDFTextStripper.java,,,,,,,,,,,,,,,,,,,,,,,,,2,9,0,4,1,1,5,1,1,1,2,1,1,1,1,1,1,,,,,,0,,1,25,1,1,1,1
Public Method,"org.apache.pdfbox.text.PDFTextStripper.setAverageCharTolerance(float)",pdfbox/src/main/java/org/apache/pdfbox/text/PDFTextStripper.java,,,,,,,,,,,,,,,,,,,,,,,,,1,11,0,4,1,1,7,1,1,1,2,1,1,1,1,1,1,,,,,,0,,1,75,1,1,1,1
Public Method,"org.apache.pdfbox.text.PDFTextStripper.setDropThreshold(float)",pdfbox/src/main/java/org/apache/pdfbox/text/PDFTextStripper.java,,,,,,,,,,,,,,,,,,,,,,,,,1,11,0,4,1,1,7,1,1,1,2,1,1,1,1,1,1,,,,,,0,,1,75,1,1,1,1
Public Method,"org.apache.pdfbox.text.PDFTextStripper.setEndBookmark(PDOutlineItem)",pdfbox/src/main/java/org/apache/pdfbox/text/PDFTextStripper.java,,,,,,,,,,,,,,,,,,,,,,,,,2,9,0,4,1,1,5,1,1,1,2,1,1,1,1,1,1,,,,,,0,,1,25,1,1,1,1
Public Method,"org.apache.pdfbox.text.PDFTextStripper.setEndPage(int)",pdfbox/src/main/java/org/apache/pdfbox/text/PDFTextStripper.java,,,,,,,,,,,,,,,,,,,,,,,,,13,9,0,4,1,1,5,1,1,1,2,1,1,1,1,1,1,,,,,,0,,1,25,1,1,1,1
Public Method,"org.apache.pdfbox.text.PDFTextStripper.setIndentThreshold(float)",pdfbox/src/main/java/org/apache/pdfbox/text/PDFTextStripper.java,,,,,,,,,,,,,,,,,,,,,,,,,1,11,0,4,1,1,7,1,1,1,2,1,1,1,1,1,1,,,,,,0,,1,75,1,1,1,1
Public Method,"org.apache.pdfbox.text.PDFTextStripper.setLineSeparator(String)",pdfbox/src/main/java/org/apache/pdfbox/text/PDFTextStripper.java,,,,,,,,,,,,,,,,,,,,,,,,,11,10,0,4,1,1,6,1,1,1,2,1,1,1,1,1,1,,,,,,0,,1,50,1,1,1,1
Protected Method,"org.apache.pdfbox.text.PDFTextStripper.setListItemPatterns(List<Pattern>)",pdfbox/src/main/java/org/apache/pdfbox/text/PDFTextStripper.java,,,,,,,,,,,,,,,,,,,,,,,,,1,9,0,4,1,1,5,1,1,1,2,1,1,1,1,1,1,,,,,,0,,1,25,1,1,1,1
Public Method,"org.apache.pdfbox.text.PDFTextStripper.setPageEnd(String)",pdfbox/src/main/java/org/apache/pdfbox/text/PDFTextStripper.java,,,,,,,,,,,,,,,,,,,,,,,,,2,9,0,4,1,1,5,1,1,1,2,1,1,1,1,1,1,,,,,,0,,1,25,1,1,1,1
Public Method,"org.apache.pdfbox.text.PDFTextStripper.setPageStart(String)",pdfbox/src/main/java/org/apache/pdfbox/text/PDFTextStripper.java,,,,,,,,,,,,,,,,,,,,,,,,,2,9,0,4,1,1,5,1,1,1,2,1,1,1,1,1,1,,,,,,0,,1,25,1,1,1,1
Public Method,"org.apache.pdfbox.text.PDFTextStripper.setParagraphEnd(String)",pdfbox/src/main/java/org/apache/pdfbox/text/PDFTextStripper.java,,,,,,,,,,,,,,,,,,,,,,,,,2,9,0,4,1,1,5,1,1,1,2,1,1,1,1,1,1,,,,,,0,,1,25,1,1,1,1
Public Method,"org.apache.pdfbox.text.PDFTextStripper.setParagraphStart(String)",pdfbox/src/main/java/org/apache/pdfbox/text/PDFTextStripper.java,,,,,,,,,,,,,,,,,,,,,,,,,4,9,0,4,1,1,5,1,1,1,2,1,1,1,1,1,1,,,,,,0,,1,25,1,1,1,1
Public Method,"org.apache.pdfbox.text.PDFTextStripper.setShouldSeparateByBeads(boolean)",pdfbox/src/main/java/org/apache/pdfbox/text/PDFTextStripper.java,,,,,,,,,,,,,,,,,,,,,,,,,4,9,0,4,1,1,5,1,1,1,2,1,1,1,1,1,1,,,,,,0,,1,25,1,1,1,1
Public Method,"org.apache.pdfbox.text.PDFTextStripper.setSortByPosition(boolean)",pdfbox/src/main/java/org/apache/pdfbox/text/PDFTextStripper.java,,,,,,,,,,,,,,,,,,,,,,,,,11,15,0,4,1,1,11,1,1,1,2,1,1,1,1,1,1,,,,,,0,,2,75,1,1,1,1
Public Method,"org.apache.pdfbox.text.PDFTextStripper.setSpacingTolerance(float)",pdfbox/src/main/java/org/apache/pdfbox/text/PDFTextStripper.java,,,,,,,,,,,,,,,,,,,,,,,,,1,11,0,4,1,1,7,1,1,1,2,1,1,1,1,1,1,,,,,,0,,1,75,1,1,1,1
Public Method,"org.apache.pdfbox.text.PDFTextStripper.setStartBookmark(PDOutlineItem)",pdfbox/src/main/java/org/apache/pdfbox/text/PDFTextStripper.java,,,,,,,,,,,,,,,,,,,,,,,,,2,9,0,4,1,1,5,1,1,1,2,1,1,1,1,1,1,,,,,,0,,1,25,1,1,1,1
Public Method,"org.apache.pdfbox.text.PDFTextStripper.setStartPage(int)",pdfbox/src/main/java/org/apache/pdfbox/text/PDFTextStripper.java,,,,,,,,,,,,,,,,,,,,,,,,,13,9,0,4,1,1,5,1,1,1,2,1,1,1,1,1,1,,,,,,0,,1,25,1,1,1,1
Public Method,"org.apache.pdfbox.text.PDFTextStripper.setSuppressDuplicateOverlappingText(boolean)",pdfbox/src/main/java/org/apache/pdfbox/text/PDFTextStripper.java,,,,,,,,,,,,,,,,,,,,,,,,,2,11,0,4,1,1,7,1,1,1,2,1,1,1,1,1,1,,,,,,0,,1,75,1,1,1,1
Public Method,"org.apache.pdfbox.text.PDFTextStripper.setWordSeparator(String)",pdfbox/src/main/java/org/apache/pdfbox/text/PDFTextStripper.java,,,,,,,,,,,,,,,,,,,,,,,,,2,12,0,4,1,1,8,1,1,1,2,1,1,1,1,1,1,,,,,,0,,2,00,1,1,1,1
Protected Method,"org.apache.pdfbox.text.PDFTextStripper.startArticle()",pdfbox/src/main/java/org/apache/pdfbox/text/PDFTextStripper.java,,,,,,,,,,,,,,,,,,,,,,,,,1,11,0,4,1,1,7,1,1,1,2,1,1,1,1,1,1,,,,,,0,,1,75,1,1,1,1
Protected Method,"org.apache.pdfbox.text.PDFTextStripper.startArticle(boolean)",pdfbox/src/main/java/org/apache/pdfbox/text/PDFTextStripper.java,,,,,,,,,,,,,,,,,,,,,,,,,2,11,0,4,1,1,7,2,1,1,2,1,1,1,1,1,1,,,,,,0,,1,75,1,1,1,1
Protected Method,"org.apache.pdfbox.text.PDFTextStripper.startDocument(PDDocument)",pdfbox/src/main/java/org/apache/pdfbox/text/PDFTextStripper.java,,,,,,,,,,,,,,,,,,,,,,,,,1,10,0,3,1,0,7,0,1,0,1,1,0,1,1,1,1,,,,,,0,,2,33,1,1,1,1
Protected Method,"org.apache.pdfbox.text.PDFTextStripper.startPage(PDPage)",pdfbox/src/main/java/org/apache/pdfbox/text/PDFTextStripper.java,,,,,,,,,,,,,,,,,,,,,,,,,1,11,0,3,1,0,8,0,1,0,1,1,0,1,1,1,1,,,,,,0,,2,67,1,1,1,1
Private Method,"org.apache.pdfbox.text.PDFTextStripper.within(float,float,float)",pdfbox/src/main/java/org/apache/pdfbox/text/PDFTextStripper.java,,,,,,,,,,,,,,,,,,,,,,,,,4,11,0,4,1,1,7,1,1,1,2,1,1,1,1,2,1,,,,,,0,,1,75,1,1,2,1
Protected Method,"org.apache.pdfbox.text.PDFTextStripper.writeCharacters(TextPosition)",pdfbox/src/main/java/org/apache/pdfbox/text/PDFTextStripper.java,,,,,,,,,,,,,,,,,,,,,,,,,2,10,0,4,1,1,6,2,1,1,2,1,1,1,1,1,1,,,,,,0,,1,50,1,1,1,1
Private Method,"org.apache.pdfbox.text.PDFTextStripper.writeLine(List<WordWithTextPositions>)",pdfbox/src/main/java/org/apache/pdfbox/text/PDFTextStripper.java,,,,,,,,,,,,,,,,,,,,,,,,,2,20,0,14,4,6,6,6,3,6,9,4,7,3,3,3,1,,,,,,2,,0,43,3,3,3,1
Protected Method,"org.apache.pdfbox.text.PDFTextStripper.writeLineSeparator()",pdfbox/src/main/java/org/apache/pdfbox/text/PDFTextStripper.java,,,,,,,,,,,,,,,,,,,,,,,,,2,9,0,4,1,1,5,2,1,1,2,1,1,1,1,1,1,,,,,,0,,1,25,1,1,1,1
Protected Method,"org.apache.pdfbox.text.PDFTextStripper.writePage()",pdfbox/src/main/java/org/apache/pdfbox/text/PDFTextStripper.java,,,,,,,,,,,,,,,,,,,,,,,,,12,235,17,166,27,104,55,50,117518,76,99,28,80,22,22,30,1,,,,,,4,,0,33,22,22,30,1
Protected Method,"org.apache.pdfbox.text.PDFTextStripper.writePageEnd()",pdfbox/src/main/java/org/apache/pdfbox/text/PDFTextStripper.java,,,,,,,,,,,,,,,,,,,,,,,,,2,9,0,4,1,1,5,2,1,1,2,1,1,1,1,1,1,,,,,,0,,1,25,1,1,1,1
Protected Method,"org.apache.pdfbox.text.PDFTextStripper.writePageStart()",pdfbox/src/main/java/org/apache/pdfbox/text/PDFTextStripper.java,,,,,,,,,,,,,,,,,,,,,,,,,2,9,0,4,1,1,5,2,1,1,2,1,1,1,1,1,1,,,,,,0,,1,25,1,1,1,1
Protected Method,"org.apache.pdfbox.text.PDFTextStripper.writeParagraphEnd()",pdfbox/src/main/java/org/apache/pdfbox/text/PDFTextStripper.java,,,,,,,,,,,,,,,,,,,,,,,,,6,14,0,9,1,4,5,4,2,3,5,1,4,2,2,2,1,,,,,,1,,0,56,2,2,2,1
Protected Method,"org.apache.pdfbox.text.PDFTextStripper.writeParagraphSeparator()",pdfbox/src/main/java/org/apache/pdfbox/text/PDFTextStripper.java,,,,,,,,,,,,,,,,,,,,,,,,,1,10,0,5,1,2,5,2,1,2,3,1,2,1,1,1,1,,,,,,0,,1,00,1,1,1,1
Protected Method,"org.apache.pdfbox.text.PDFTextStripper.writeParagraphStart()",pdfbox/src/main/java/org/apache/pdfbox/text/PDFTextStripper.java,,,,,,,,,,,,,,,,,,,,,,,,,6,15,0,10,1,5,5,4,2,4,6,1,5,2,2,2,1,,,,,,1,,0,50,2,2,2,1
Protected Method,"org.apache.pdfbox.text.PDFTextStripper.writeString(String)",pdfbox/src/main/java/org/apache/pdfbox/text/PDFTextStripper.java,,,,,,,,,,,,,,,,,,,,,,,,,10,10,0,4,1,1,6,1,1,1,2,1,1,1,1,1,1,,,,,,0,,1,50,1,1,1,1
Protected Method,"org.apache.pdfbox.text.PDFTextStripper.writeString(String,List<TextPosition>)",pdfbox/src/main/java/org/apache/pdfbox/text/PDFTextStripper.java,,,,,,,,,,,,,,,,,,,,,,,,,2,12,0,4,1,1,8,1,1,1,2,1,1,1,1,1,1,,,,,,0,,2,00,1,1,1,1
Public Method,"org.apache.pdfbox.text.PDFTextStripper.writeText(PDDocument,Writer)",pdfbox/src/main/java/org/apache/pdfbox/text/PDFTextStripper.java,,,,,,,,,,,,,,,,,,,,,,,,,16,24,0,16,1,11,8,12,2,10,12,1,11,2,2,2,1,,,,,,1,,0,50,2,2,2,1
Protected Method,"org.apache.pdfbox.text.PDFTextStripper.writeWordSeparator()",pdfbox/src/main/java/org/apache/pdfbox/text/PDFTextStripper.java,,,,,,,,,,,,,,,,,,,,,,,,,2,9,0,4,1,1,5,2,1,1,2,1,1,1,1,1,1,,,,,,0,,1,25,1,1,1,1
Public Class,"org.apache.pdfbox.text.PDFTextStripperByArea",pdfbox/src/main/java/org/apache/pdfbox/text/PDFTextStripperByArea.java,1,1,1,1,12,0,7,5,1,11,0,,0,0,,,9,4,9,166,0,0,2,7,,138,12,73,20,30,53,,,25,41,18,29,,,,,3,3,3,1,4,1,63,0,73,14,14,14,10
Public Constructor,"org.apache.pdfbox.text.PDFTextStripperByArea.PDFTextStripperByArea()",pdfbox/src/main/java/org/apache/pdfbox/text/PDFTextStripperByArea.java,,,,,,,,,,,,,,,,,,,,,,,,,2,8,0,4,1,1,4,2,1,1,2,1,1,1,1,1,1,,,,,,0,,1,00,1,1,1,1
Public Method,"org.apache.pdfbox.text.PDFTextStripperByArea.addRegion(String,Rectangle2D)",pdfbox/src/main/java/org/apache/pdfbox/text/PDFTextStripperByArea.java,,,,,,,,,,,,,,,,,,,,,,,,,6,12,0,5,1,2,7,2,1,2,3,1,2,1,1,1,1,,,,,,0,,1,40,1,1,1,1
Public Method,"org.apache.pdfbox.text.PDFTextStripperByArea.extractRegions(PDPage)",pdfbox/src/main/java/org/apache/pdfbox/text/PDFTextStripperByArea.java,,,,,,,,,,,,,,,,,,,,,,,,,6,24,1,16,2,9,7,9,4,7,11,3,9,3,3,3,1,,,,,,1,,0,44,3,3,3,1
Public Method,"org.apache.pdfbox.text.PDFTextStripperByArea.getRegions()",pdfbox/src/main/java/org/apache/pdfbox/text/PDFTextStripperByArea.java,,,,,,,,,,,,,,,,,,,,,,,,,1,9,0,4,1,1,5,1,1,1,2,1,1,1,1,1,1,,,,,,0,,1,25,1,1,1,1
Public Method,"org.apache.pdfbox.text.PDFTextStripperByArea.getTextForRegion(String)",pdfbox/src/main/java/org/apache/pdfbox/text/PDFTextStripperByArea.java,,,,,,,,,,,,,,,,,,,,,,,,,4,11,0,5,2,2,6,3,1,2,3,2,2,1,1,1,1,,,,,,0,,1,20,1,1,1,1
Protected Method,"org.apache.pdfbox.text.PDFTextStripperByArea.processTextPosition(TextPosition)",pdfbox/src/main/java/org/apache/pdfbox/text/PDFTextStripperByArea.java,,,,,,,,,,,,,,,,,,,,,,,,,2,15,0,12,2,5,3,1,1,3,5,1,4,1,1,1,1,,,,,,1,,0,25,3,3,3,2
Lambda Method,"org.apache.pdfbox.text.PDFTextStripperByArea.processTextPosition.(lambda_expr_1)(String (inferred),Rectangle2D (inferred))",pdfbox/src/main/java/org/apache/pdfbox/text/PDFTextStripperByArea.java,,,,,,,,,,,,,,,,,,,,,,,,,4,8,0,8,0,4,0,7,2,2,3,0,3,2,2,2,1,,,,,,0,,0,00,2,2,2,1
Public Method,"org.apache.pdfbox.text.PDFTextStripperByArea.removeRegion(String)",pdfbox/src/main/java/org/apache/pdfbox/text/PDFTextStripperByArea.java,,,,,,,,,,,,,,,,,,,,,,,,,3,10,0,5,1,2,5,2,1,2,3,1,2,1,1,1,1,,,,,,0,,1,00,1,1,1,1
Public Final Method,"org.apache.pdfbox.text.PDFTextStripperByArea.setShouldSeparateByBeads(boolean)",pdfbox/src/main/java/org/apache/pdfbox/text/PDFTextStripperByArea.java,,,,,,,,,,,,,,,,,,,,,,,,,0,10,0,4,2,0,6,0,1,0,1,1,0,1,1,1,1,,,,,,0,,1,50,1,1,1,1
Protected Method,"org.apache.pdfbox.text.PDFTextStripperByArea.writePage()",pdfbox/src/main/java/org/apache/pdfbox/text/PDFTextStripperByArea.java,,,,,,,,,,,,,,,,,,,,,,,,,3,15,0,10,2,4,5,5,2,3,6,2,4,2,2,2,1,,,,,,1,,0,50,2,2,2,1
Class,"org.apache.pdfbox.text.TestTextStripper",pdfbox/src/test/java/org/apache/pdfbox/text/TestTextStripper.java,3,3,4,1,44,3,34,6,1,41,0,,2,3,,,9,1,11,23,4,7,0,0,,613,54,427,89,265,132,,,183,242,79,208,,,,,9,9,17,5,1,3,68,0,31,43,43,58,19
Private Class,"org.apache.pdfbox.text.TestTextStripper.PDFTabulaTextStripper",pdfbox/src/test/java/org/apache/pdfbox/text/TestTextStripper.java,3,3,6,1,25,1,20,4,1,11,0,,0,0,,,2,0,2,159,1,0,1,0,,55,4,43,11,20,8,,,13,21,10,17,,,,,6,6,11,1,4,2,0,0,19,7,7,12,2
Constructor,"org.apache.pdfbox.text.TestTextStripper.PDFTabulaTextStripper.PDFTabulaTextStripper()",pdfbox/src/test/java/org/apache/pdfbox/text/TestTextStripper.java,,,,,,,,,,,,,,,,,,,,,,,,,1,4,0,3,1,0,1,1,1,0,1,1,0,1,1,1,1,,,,,,0,,0,33,1,1,1,1
Protected Method,"org.apache.pdfbox.text.TestTextStripper.PDFTabulaTextStripper.computeFontHeight(PDFont)",pdfbox/src/test/java/org/apache/pdfbox/text/TestTextStripper.java,,,,,,,,,,,,,,,,,,,,,,,,,3,47,3,37,9,20,7,12,20,13,19,8,17,6,6,11,1,,,,,,2,,0,19,6,6,11,1
Private Method,"org.apache.pdfbox.text.TestTextStripper.compareResult(File,File,File,boolean,File)",pdfbox/src/test/java/org/apache/pdfbox/text/TestTextStripper.java,,,,,,,,,,,,,,,,,,,,,,,,,10,89,5,80,11,49,4,17,34,27,39,10,34,7,7,10,3,,,,,,3,,0,05,11,11,14,4
Lambda Method,"org.apache.pdfbox.text.TestTextStripper.compareResult.(lambda_expr_1)()",pdfbox/src/test/java/org/apache/pdfbox/text/TestTextStripper.java,,,,,,,,,,,,,,,,,,,,,,,,,1,28,0,28,3,18,0,6,4,13,16,3,13,4,4,4,1,,,,,,0,,0,00,4,4,4,1
Private Method,"org.apache.pdfbox.text.TestTextStripper.doTestDir(File,File)",pdfbox/src/test/java/org/apache/pdfbox/text/TestTextStripper.java,,,,,,,,,,,,,,,,,,,,,,,,,4,16,0,9,2,4,7,2,2,3,6,3,4,2,2,2,1,,,,,,1,,0,78,3,3,3,2
Lambda Method,"org.apache.pdfbox.text.TestTextStripper.doTestDir.(lambda_expr_1)(File,String)",pdfbox/src/test/java/org/apache/pdfbox/text/TestTextStripper.java,,,,,,,,,,,,,,,,,,,,,,,,,1,1,0,1,1,1,0,2,1,0,0,0,0,1,1,1,1,,,,,,0,,0,00,1,1,1,1
Private Method,"org.apache.pdfbox.text.TestTextStripper.doTestFile(File,File,boolean,boolean)",pdfbox/src/test/java/org/apache/pdfbox/text/TestTextStripper.java,,,,,,,,,,,,,,,,,,,,,,,,,9,83,9,62,5,33,12,20,48,24,34,4,30,7,7,7,1,,,,,,3,,0,19,7,7,7,1
Private Static Method,"org.apache.pdfbox.text.TestTextStripper.fileToLines(File)",pdfbox/src/test/java/org/apache/pdfbox/text/TestTextStripper.java,,,,,,,,,,,,,,,,,,,,,,,,,3,15,2,13,3,5,0,7,2,4,7,3,5,2,2,2,1,,,,,,2,,0,00,2,2,2,1
Private Method,"org.apache.pdfbox.text.TestTextStripper.findOutlineItemDestPageNum(PDDocument,PDOutlineItem)",pdfbox/src/test/java/org/apache/pdfbox/text/TestTextStripper.java,,,,,,,,,,,,,,,,,,,,,,,,,3,11,2,8,4,5,1,7,1,5,6,4,5,1,1,1,1,,,,,,0,,0,12,1,1,1,1
Static Method,"org.apache.pdfbox.text.TestTextStripper.init()",pdfbox/src/test/java/org/apache/pdfbox/text/TestTextStripper.java,,,,,,,,,,,,,,,,,,,,,,,,,1,14,0,6,2,2,8,3,1,2,3,1,2,1,1,1,1,,,,,,0,,1,33,1,1,1,1
Private Method,"org.apache.pdfbox.text.TestTextStripper.skipWhitespace(char[],int)",pdfbox/src/test/java/org/apache/pdfbox/text/TestTextStripper.java,,,,,,,,,,,,,,,,,,,,,,,,,4,18,0,12,1,5,6,1,3,3,6,1,5,3,3,6,1,,,,,,2,,0,50,3,3,6,1
Private Method,"org.apache.pdfbox.text.TestTextStripper.stringsEqual(String,String)",pdfbox/src/test/java/org/apache/pdfbox/text/TestTextStripper.java,,,,,,,,,,,,,,,,,,,,,,,,,5,65,0,56,6,35,9,6,29,23,32,6,28,9,9,17,5,,,,,,3,,0,16,9,9,17,5
Method,"org.apache.pdfbox.text.TestTextStripper.testExtract()",pdfbox/src/test/java/org/apache/pdfbox/text/TestTextStripper.java,,,,,,,,,,,,,,,,,,,,,,,,,1,35,2,26,7,14,7,8,6,10,14,6,13,4,4,5,1,,,,,,2,,0,27,4,4,5,1
Method,"org.apache.pdfbox.text.TestTextStripper.testStripByOutlineItems()",pdfbox/src/test/java/org/apache/pdfbox/text/TestTextStripper.java,,,,,,,,,,,,,,,,,,,,,,,,,1,115,11,83,24,76,21,23,1,53,54,19,50,1,1,1,1,,,,,,0,,0,25,1,1,1,1
Method,"org.apache.pdfbox.text.TestTextStripper.testTabula()",pdfbox/src/test/java/org/apache/pdfbox/text/TestTextStripper.java,,,,,,,,,,,,,,,,,,,,,,,,,2,26,4,22,8,14,0,10,1,12,15,7,14,1,1,1,1,,,,,,2,,0,00,1,1,1,1
Public Final Class,"org.apache.pdfbox.text.TextPosition",pdfbox/src/main/java/org/apache/pdfbox/text/TextPosition.java,2,2,3,1,21,0,12,7,1,17,0,,1,2,,,36,17,37,49,0,6,0,31,,867,70,495,97,251,306,,,211,296,92,226,,,,,18,18,18,16,1,4,87,0,62,88,88,111,69
Public Constructor,"org.apache.pdfbox.text.TextPosition.TextPosition(int,float,float,Matrix,float,float,float,float,float,String,int[],PDFont,float,int)",pdfbox/src/main/java/org/apache/pdfbox/text/TextPosition.java,,,,,,,,,,,,,,,,,,,,,,,,,18,52,5,29,4,19,18,19,2,17,19,1,18,2,2,3,1,,,,,,1,,0,62,2,2,3,1
Private Method,"org.apache.pdfbox.text.TextPosition.combineDiacritic(String)",pdfbox/src/main/java/org/apache/pdfbox/text/TextPosition.java,,,,,,,,,,,,,,,,,,,,,,,,,4,22,1,12,2,5,9,6,2,3,5,2,4,2,2,2,1,,,,,,1,,0,75,2,2,2,1
Public Method,"org.apache.pdfbox.text.TextPosition.contains(TextPosition)",pdfbox/src/main/java/org/apache/pdfbox/text/TextPosition.java,,,,,,,,,,,,,,,,,,,,,,,,,3,48,3,32,12,21,13,5,5,16,21,12,15,5,5,9,5,,,,,,1,,0,41,5,5,9,5
Private Static Method,"org.apache.pdfbox.text.TextPosition.createDiacritics()",pdfbox/src/main/java/org/apache/pdfbox/text/TextPosition.java,,,,,,,,,,,,,,,,,,,,,,,,,0,36,0,36,2,33,0,3,1,33,34,2,33,1,1,1,1,,,,,,0,,0,00,1,1,1,1
Public Method,"org.apache.pdfbox.text.TextPosition.equals(Object)",pdfbox/src/main/java/org/apache/pdfbox/text/TextPosition.java,,,,,,,,,,,,,,,,,,,,,,,,,15,70,3,66,3,32,1,5,16,17,33,2,31,18,18,18,16,,,,,,1,,0,02,18,18,18,16
Public Method,"org.apache.pdfbox.text.TextPosition.getCharacterCodes()",pdfbox/src/main/java/org/apache/pdfbox/text/TextPosition.java,,,,,,,,,,,,,,,,,,,,,,,,,3,9,0,4,1,1,5,1,1,1,2,1,1,1,1,1,1,,,,,,0,,1,25,1,1,1,1
Public Method,"org.apache.pdfbox.text.TextPosition.getDir()",pdfbox/src/main/java/org/apache/pdfbox/text/TextPosition.java,,,,,,,,,,,,,,,,,,,,,,,,,6,52,1,31,5,16,20,7,6,10,16,5,15,6,6,18,1,,,,,,2,,0,65,6,6,18,1
Public Method,"org.apache.pdfbox.text.TextPosition.getEndX()",pdfbox/src/main/java/org/apache/pdfbox/text/TextPosition.java,,,,,,,,,,,,,,,,,,,,,,,,,1,10,0,4,1,1,6,1,1,1,2,1,1,1,1,1,1,,,,,,0,,1,50,1,1,1,1
Public Method,"org.apache.pdfbox.text.TextPosition.getEndY()",pdfbox/src/main/java/org/apache/pdfbox/text/TextPosition.java,,,,,,,,,,,,,,,,,,,,,,,,,1,10,0,4,1,1,6,1,1,1,2,1,1,1,1,1,1,,,,,,0,,1,50,1,1,1,1
Public Method,"org.apache.pdfbox.text.TextPosition.getFont()",pdfbox/src/main/java/org/apache/pdfbox/text/TextPosition.java,,,,,,,,,,,,,,,,,,,,,,,,,6,9,0,4,1,1,5,1,1,1,2,1,1,1,1,1,1,,,,,,0,,1,25,1,1,1,1
Public Method,"org.apache.pdfbox.text.TextPosition.getFontSize()",pdfbox/src/main/java/org/apache/pdfbox/text/TextPosition.java,,,,,,,,,,,,,,,,,,,,,,,,,5,12,0,4,1,1,8,1,1,1,2,1,1,1,1,1,1,,,,,,0,,2,00,1,1,1,1
Public Method,"org.apache.pdfbox.text.TextPosition.getFontSizeInPt()",pdfbox/src/main/java/org/apache/pdfbox/text/TextPosition.java,,,,,,,,,,,,,,,,,,,,,,,,,1,13,0,4,1,1,9,1,1,1,2,1,1,1,1,1,1,,,,,,0,,2,25,1,1,1,1
Public Method,"org.apache.pdfbox.text.TextPosition.getHeight()",pdfbox/src/main/java/org/apache/pdfbox/text/TextPosition.java,,,,,,,,,,,,,,,,,,,,,,,,,2,9,0,4,1,1,5,1,1,1,2,1,1,1,1,1,1,,,,,,0,,1,25,1,1,1,1
Public Method,"org.apache.pdfbox.text.TextPosition.getHeightDir()",pdfbox/src/main/java/org/apache/pdfbox/text/TextPosition.java,,,,,,,,,,,,,,,,,,,,,,,,,7,10,0,4,1,1,6,1,1,1,2,1,1,1,1,1,1,,,,,,0,,1,50,1,1,1,1
Public Method,"org.apache.pdfbox.text.TextPosition.getIndividualWidths()",pdfbox/src/main/java/org/apache/pdfbox/text/TextPosition.java,,,,,,,,,,,,,,,,,,,,,,,,,2,9,0,4,1,1,5,1,1,1,2,1,1,1,1,1,1,,,,,,0,,1,25,1,1,1,1
Public Method,"org.apache.pdfbox.text.TextPosition.getPageHeight()",pdfbox/src/main/java/org/apache/pdfbox/text/TextPosition.java,,,,,,,,,,,,,,,,,,,,,,,,,1,10,0,4,1,1,6,1,1,1,2,1,1,1,1,1,1,,,,,,0,,1,50,1,1,1,1
Public Method,"org.apache.pdfbox.text.TextPosition.getPageWidth()",pdfbox/src/main/java/org/apache/pdfbox/text/TextPosition.java,,,,,,,,,,,,,,,,,,,,,,,,,1,10,0,4,1,1,6,1,1,1,2,1,1,1,1,1,1,,,,,,0,,1,50,1,1,1,1
Public Method,"org.apache.pdfbox.text.TextPosition.getRotation()",pdfbox/src/main/java/org/apache/pdfbox/text/TextPosition.java,,,,,,,,,,,,,,,,,,,,,,,,,1,10,0,4,1,1,6,1,1,1,2,1,1,1,1,1,1,,,,,,0,,1,50,1,1,1,1
Public Method,"org.apache.pdfbox.text.TextPosition.getTextMatrix()",pdfbox/src/main/java/org/apache/pdfbox/text/TextPosition.java,,,,,,,,,,,,,,,,,,,,,,,,,4,12,0,4,1,1,8,1,1,1,2,1,1,1,1,1,1,,,,,,0,,2,00,1,1,1,1
Public Method,"org.apache.pdfbox.text.TextPosition.getUnicode()",pdfbox/src/main/java/org/apache/pdfbox/text/TextPosition.java,,,,,,,,,,,,,,,,,,,,,,,,,16,11,0,4,1,1,7,1,1,1,2,1,1,1,1,1,1,,,,,,0,,1,75,1,1,1,1
Public Method,"org.apache.pdfbox.text.TextPosition.getWidth()",pdfbox/src/main/java/org/apache/pdfbox/text/TextPosition.java,,,,,,,,,,,,,,,,,,,,,,,,,5,9,0,4,1,1,5,2,1,1,2,1,1,1,1,1,1,,,,,,0,,1,25,1,1,1,1
Public Method,"org.apache.pdfbox.text.TextPosition.getWidthDirAdj()",pdfbox/src/main/java/org/apache/pdfbox/text/TextPosition.java,,,,,,,,,,,,,,,,,,,,,,,,,5,9,0,4,1,1,5,3,1,1,2,1,1,1,1,1,1,,,,,,0,,1,25,1,1,1,1
Public Method,"org.apache.pdfbox.text.TextPosition.getWidthOfSpace()",pdfbox/src/main/java/org/apache/pdfbox/text/TextPosition.java,,,,,,,,,,,,,,,,,,,,,,,,,5,10,0,4,1,1,6,1,1,1,2,1,1,1,1,1,1,,,,,,0,,1,50,1,1,1,1
Private Method,"org.apache.pdfbox.text.TextPosition.getWidthRot(float)",pdfbox/src/main/java/org/apache/pdfbox/text/TextPosition.java,,,,,,,,,,,,,,,,,,,,,,,,,6,17,0,11,1,4,6,5,2,2,4,1,3,2,2,3,1,,,,,,1,,0,55,2,2,3,1
Public Method,"org.apache.pdfbox.text.TextPosition.getX()",pdfbox/src/main/java/org/apache/pdfbox/text/TextPosition.java,,,,,,,,,,,,,,,,,,,,,,,,,5,15,0,4,1,1,11,1,1,1,2,1,1,1,1,1,1,,,,,,0,,2,75,1,1,1,1
Public Method,"org.apache.pdfbox.text.TextPosition.getXDirAdj()",pdfbox/src/main/java/org/apache/pdfbox/text/TextPosition.java,,,,,,,,,,,,,,,,,,,,,,,,,7,18,0,4,1,1,14,3,1,1,2,1,1,1,1,1,1,,,,,,0,,3,50,1,1,1,1
Private Method,"org.apache.pdfbox.text.TextPosition.getXRot(float)",pdfbox/src/main/java/org/apache/pdfbox/text/TextPosition.java,,,,,,,,,,,,,,,,,,,,,,,,,6,27,0,20,1,9,7,4,5,5,10,1,9,5,5,5,5,,,,,,1,,0,35,5,5,5,5
Public Method,"org.apache.pdfbox.text.TextPosition.getXScale()",pdfbox/src/main/java/org/apache/pdfbox/text/TextPosition.java,,,,,,,,,,,,,,,,,,,,,,,,,3,11,0,4,1,1,7,2,1,1,2,1,1,1,1,1,1,,,,,,0,,1,75,1,1,1,1
Public Method,"org.apache.pdfbox.text.TextPosition.getY()",pdfbox/src/main/java/org/apache/pdfbox/text/TextPosition.java,,,,,,,,,,,,,,,,,,,,,,,,,5,15,0,4,1,1,11,1,1,1,2,1,1,1,1,1,1,,,,,,0,,2,75,1,1,1,1
Public Method,"org.apache.pdfbox.text.TextPosition.getYDirAdj()",pdfbox/src/main/java/org/apache/pdfbox/text/TextPosition.java,,,,,,,,,,,,,,,,,,,,,,,,,8,26,0,12,2,5,14,4,2,3,5,2,4,2,2,3,1,,,,,,1,,1,17,2,2,3,1
Private Method,"org.apache.pdfbox.text.TextPosition.getYLowerLeftRot(float)",pdfbox/src/main/java/org/apache/pdfbox/text/TextPosition.java,,,,,,,,,,,,,,,,,,,,,,,,,6,27,0,20,1,9,7,4,5,5,10,1,9,5,5,5,5,,,,,,1,,0,35,5,5,5,5
Public Method,"org.apache.pdfbox.text.TextPosition.getYScale()",pdfbox/src/main/java/org/apache/pdfbox/text/TextPosition.java,,,,,,,,,,,,,,,,,,,,,,,,,1,11,0,4,1,1,7,2,1,1,2,1,1,1,1,1,1,,,,,,0,,1,75,1,1,1,1
Public Method,"org.apache.pdfbox.text.TextPosition.hashCode()",pdfbox/src/main/java/org/apache/pdfbox/text/TextPosition.java,,,,,,,,,,,,,,,,,,,,,,,,,14,19,0,19,3,15,0,5,1,15,16,2,15,3,3,3,1,,,,,,0,,0,00,3,3,3,1
Private Method,"org.apache.pdfbox.text.TextPosition.insertDiacritic(int,TextPosition)",pdfbox/src/main/java/org/apache/pdfbox/text/TextPosition.java,,,,,,,,,,,,,,,,,,,,,,,,,6,29,4,15,3,12,10,12,1,12,13,3,11,1,1,1,1,,,,,,0,,0,67,1,1,1,1
Public Method,"org.apache.pdfbox.text.TextPosition.isDiacritic()",pdfbox/src/main/java/org/apache/pdfbox/text/TextPosition.java,,,,,,,,,,,,,,,,,,,,,,,,,5,24,1,16,3,9,7,6,3,5,8,3,7,3,3,5,3,,,,,,1,,0,44,3,3,5,3
Public Method,"org.apache.pdfbox.text.TextPosition.mergeDiacritic(TextPosition)",pdfbox/src/main/java/org/apache/pdfbox/text/TextPosition.java,,,,,,,,,,,,,,,,,,,,,,,,,7,86,8,61,11,36,17,5,16,26,36,12,27,10,10,12,4,,,,,,4,,0,28,10,10,12,4
Public Method,"org.apache.pdfbox.text.TextPosition.toString()",pdfbox/src/main/java/org/apache/pdfbox/text/TextPosition.java,,,,,,,,,,,,,,,,,,,,,,,,,0,10,0,5,2,1,5,2,1,1,2,1,1,1,1,1,1,,,,,,0,,1,00,1,1,1,1
Public Class,"org.apache.pdfbox.text.TextPositionComparator",pdfbox/src/main/java/org/apache/pdfbox/text/TextPositionComparator.java,4,4,8,4,39,5,30,4,2,4,0,,0,0,,,1,0,1,13,0,0,0,1,,50,5,33,11,18,12,,,12,17,10,15,,,,,4,4,8,4,1,1,0,0,36,4,4,8,4
Public Method,"org.apache.pdfbox.text.TextPositionComparator.compare(TextPosition,TextPosition)",pdfbox/src/main/java/org/apache/pdfbox/text/TextPositionComparator.java,,,,,,,,,,,,,,,,,,,,,,,,,2,39,5,30,10,18,4,7,4,12,16,9,15,4,4,8,4,,,,,,1,,0,13,4,4,8,4
Package,"org.apache.pdfbox.tools",tools/src/main/java/org/apache/pdfbox/tools/DecompressObjectstreams.java,2,2,2,1,18,0,14,3,,,,31,28,27,25,,111,135,139,,15,24,12,88,,4388,480,2911,1138,1200,1000,,,1311,1694,911,947,,,,,22,22,25,10,,8,,0,34,339,336,361,193
Class,"org.apache.pdfbox.tools.AngleCollector",tools/src/main/java/org/apache/pdfbox/tools/ExtractText.java,1,1,1,1,4,0,4,0,1,6,0,,0,0,,,3,1,3,160,2,0,1,0,,27,3,18,7,5,6,,,5,9,6,5,,,,,1,1,1,1,4,0,33,0,33,3,3,3,3
Constructor,"org.apache.pdfbox.tools.AngleCollector.AngleCollector()",tools/src/main/java/org/apache/pdfbox/tools/ExtractText.java,,,,,,,,,,,,,,,,,,,,,,,,,1,3,0,3,1,0,0,1,1,0,1,1,0,1,1,1,1,,,,,,0,,0,00,1,1,1,1
Method,"org.apache.pdfbox.tools.AngleCollector.getAngles()",tools/src/main/java/org/apache/pdfbox/tools/ExtractText.java,,,,,,,,,,,,,,,,,,,,,,,,,2,4,0,4,1,1,0,1,1,1,2,1,1,1,1,1,1,,,,,,0,,0,00,1,1,1,1
Protected Method,"org.apache.pdfbox.tools.AngleCollector.processTextPosition(TextPosition)",tools/src/main/java/org/apache/pdfbox/tools/ExtractText.java,,,,,,,,,,,,,,,,,,,,,,,,,2,7,0,7,3,3,0,2,1,3,4,2,3,1,1,1,1,,,,,,0,,0,00,1,1,1,1
Public Final Class,"org.apache.pdfbox.tools.DecompressObjectstreams",tools/src/main/java/org/apache/pdfbox/tools/DecompressObjectstreams.java,1,1,1,1,12,0,8,3,2,15,0,,1,1,,,2,3,3,15,0,1,0,2,,64,8,37,14,12,19,,,12,18,9,10,,,,,3,3,3,1,1,2,77,0,51,5,5,5,3
Private Constructor,"org.apache.pdfbox.tools.DecompressObjectstreams.DecompressObjectstreams()",tools/src/main/java/org/apache/pdfbox/tools/DecompressObjectstreams.java,,,,,,,,,,,,,,,,,,,,,,,,,1,6,0,3,1,0,3,1,1,0,1,1,0,1,1,1,1,,,,,,0,,1,00,1,1,1,1
Public Method,"org.apache.pdfbox.tools.DecompressObjectstreams.call()",tools/src/main/java/org/apache/pdfbox/tools/DecompressObjectstreams.java,,,,,,,,,,,,,,,,,,,,,,,,,5,18,1,16,1,8,1,8,3,5,8,1,7,3,3,3,1,,,,,,2,,0,06,3,3,3,1
Public Static Method,"org.apache.pdfbox.tools.DecompressObjectstreams.main(String[])",tools/src/main/java/org/apache/pdfbox/tools/DecompressObjectstreams.java,,,,,,,,,,,,,,,,,,,,,,,,,1,13,1,6,2,3,6,4,1,3,4,2,3,1,1,1,1,,,,,,0,,1,00,1,1,1,1
Public Final Class,"org.apache.pdfbox.tools.Decrypt",tools/src/main/java/org/apache/pdfbox/tools/Decrypt.java,3,3,3,2,25,1,20,4,2,17,0,,1,1,,,1,5,2,14,0,0,0,2,,88,10,63,25,23,15,,,20,27,11,18,,,,,6,6,6,4,1,3,50,0,24,7,7,7,5
Public Method,"org.apache.pdfbox.tools.Decrypt.call()",tools/src/main/java/org/apache/pdfbox/tools/Decrypt.java,,,,,,,,,,,,,,,,,,,,,,,,,7,37,1,35,2,19,1,13,7,11,16,2,15,6,6,6,4,,,,,,3,,0,03,6,6,6,4
Public Static Method,"org.apache.pdfbox.tools.Decrypt.main(String[])",tools/src/main/java/org/apache/pdfbox/tools/Decrypt.java,,,,,,,,,,,,,,,,,,,,,,,,,1,14,1,6,2,3,7,3,1,3,4,2,3,1,1,1,1,,,,,,0,,1,17,1,1,1,1
Public Final Class,"org.apache.pdfbox.tools.Encrypt",tools/src/main/java/org/apache/pdfbox/tools/Encrypt.java,4,4,4,1,41,4,34,3,2,25,0,,1,1,,,1,14,2,14,0,0,0,2,,148,24,111,51,52,13,,,46,57,26,39,,,,,7,7,7,1,1,5,50,0,12,8,8,8,2
Public Method,"org.apache.pdfbox.tools.Encrypt.call()",tools/src/main/java/org/apache/pdfbox/tools/Encrypt.java,,,,,,,,,,,,,,,,,,,,,,,,,16,69,7,62,8,38,0,30,16,28,37,8,35,7,7,7,1,,,,,,5,,0,00,7,7,7,1
Public Static Method,"org.apache.pdfbox.tools.Encrypt.main(String[])",tools/src/main/java/org/apache/pdfbox/tools/Encrypt.java,,,,,,,,,,,,,,,,,,,,,,,,,1,13,1,6,2,3,6,3,1,3,4,2,3,1,1,1,1,,,,,,0,,1,00,1,1,1,1
Public Final Class,"org.apache.pdfbox.tools.ExportFDF",tools/src/main/java/org/apache/pdfbox/tools/ExportFDF.java,2,2,2,2,22,0,18,3,2,18,0,,1,1,,,1,2,2,14,0,0,0,2,,64,5,46,13,19,13,,,15,22,9,16,,,,,4,4,4,3,1,3,50,0,28,5,5,5,4
Public Method,"org.apache.pdfbox.tools.ExportFDF.call()",tools/src/main/java/org/apache/pdfbox/tools/ExportFDF.java,,,,,,,,,,,,,,,,,,,,,,,,,4,30,0,30,3,15,0,14,4,9,14,3,13,4,4,4,3,,,,,,3,,0,00,4,4,4,3
Public Static Method,"org.apache.pdfbox.tools.ExportFDF.main(String[])",tools/src/main/java/org/apache/pdfbox/tools/ExportFDF.java,,,,,,,,,,,,,,,,,,,,,,,,,1,14,1,6,2,3,7,3,1,3,4,2,3,1,1,1,1,,,,,,0,,1,17,1,1,1,1
Public Final Class,"org.apache.pdfbox.tools.ExportXFDF",tools/src/main/java/org/apache/pdfbox/tools/ExportXFDF.java,2,2,2,1,22,1,17,3,2,18,0,,1,1,,,1,2,2,14,0,0,0,2,,64,6,45,13,18,13,,,14,21,9,15,,,,,4,4,4,1,1,3,50,0,29,5,5,5,2
Public Method,"org.apache.pdfbox.tools.ExportXFDF.call()",tools/src/main/java/org/apache/pdfbox/tools/ExportXFDF.java,,,,,,,,,,,,,,,,,,,,,,,,,4,30,1,29,3,14,0,14,4,8,13,3,12,4,4,4,1,,,,,,3,,0,00,4,4,4,1
Public Static Method,"org.apache.pdfbox.tools.ExportXFDF.main(String[])",tools/src/main/java/org/apache/pdfbox/tools/ExportXFDF.java,,,,,,,,,,,,,,,,,,,,,,,,,1,14,1,6,2,3,7,3,1,3,4,2,3,1,1,1,1,,,,,,0,,1,17,1,1,1,1
Public Final Class,"org.apache.pdfbox.tools.ExtractImages",tools/src/main/java/org/apache/pdfbox/tools/ExtractImages.java,3,3,3,2,21,1,16,3,2,23,0,,1,3,,,1,7,2,14,0,0,0,2,,404,38,315,94,131,51,,,93,154,66,116,,,,,5,5,5,3,1,2,78,0,16,6,6,6,4
Private Class,"org.apache.pdfbox.tools.ExtractImages.ImageGraphicsEngine",tools/src/main/java/org/apache/pdfbox/tools/ExtractImages.java,2,2,2,1,15,0,13,2,1,38,0,,0,0,,,19,0,19,101,0,3,2,14,,321,25,257,67,107,39,,,71,124,49,98,,,,,18,18,24,7,3,4,0,0,15,49,49,56,30
Protected Constructor,"org.apache.pdfbox.tools.ExtractImages.ImageGraphicsEngine.ImageGraphicsEngine(PDPage)",tools/src/main/java/org/apache/pdfbox/tools/ExtractImages.java,,,,,,,,,,,,,,,,,,,,,,,,,2,4,0,4,1,1,0,2,1,1,2,1,1,1,1,1,1,,,,,,0,,0,00,1,1,1,1
Public Method,"org.apache.pdfbox.tools.ExtractImages.ImageGraphicsEngine.appendRectangle(Point2D,Point2D,Point2D,Point2D)",tools/src/main/java/org/apache/pdfbox/tools/ExtractImages.java,,,,,,,,,,,,,,,,,,,,,,,,,0,6,0,5,3,0,1,0,1,0,1,1,0,1,1,1,1,,,,,,0,,0,20,1,1,1,1
Public Method,"org.apache.pdfbox.tools.ExtractImages.ImageGraphicsEngine.clip(int)",tools/src/main/java/org/apache/pdfbox/tools/ExtractImages.java,,,,,,,,,,,,,,,,,,,,,,,,,0,5,0,4,2,0,1,0,1,0,1,1,0,1,1,1,1,,,,,,0,,0,25,1,1,1,1
Public Method,"org.apache.pdfbox.tools.ExtractImages.ImageGraphicsEngine.closePath()",tools/src/main/java/org/apache/pdfbox/tools/ExtractImages.java,,,,,,,,,,,,,,,,,,,,,,,,,0,5,0,4,2,0,1,0,1,0,1,1,0,1,1,1,1,,,,,,0,,0,25,1,1,1,1
Public Method,"org.apache.pdfbox.tools.ExtractImages.ImageGraphicsEngine.curveTo(float,float,float,float,float,float)",tools/src/main/java/org/apache/pdfbox/tools/ExtractImages.java,,,,,,,,,,,,,,,,,,,,,,,,,0,6,0,5,3,0,1,0,1,0,1,1,0,1,1,1,1,,,,,,0,,0,20,1,1,1,1
Public Method,"org.apache.pdfbox.tools.ExtractImages.ImageGraphicsEngine.drawImage(PDImage)",tools/src/main/java/org/apache/pdfbox/tools/ExtractImages.java,,,,,,,,,,,,,,,,,,,,,,,,,6,24,2,20,4,10,2,9,5,7,11,3,8,4,4,4,3,,,,,,2,,0,10,4,4,4,3
Public Method,"org.apache.pdfbox.tools.ExtractImages.ImageGraphicsEngine.endPath()",tools/src/main/java/org/apache/pdfbox/tools/ExtractImages.java,,,,,,,,,,,,,,,,,,,,,,,,,0,5,0,4,2,0,1,0,1,0,1,1,0,1,1,1,1,,,,,,0,,0,25,1,1,1,1
Public Method,"org.apache.pdfbox.tools.ExtractImages.ImageGraphicsEngine.fillAndStrokePath(int)",tools/src/main/java/org/apache/pdfbox/tools/ExtractImages.java,,,,,,,,,,,,,,,,,,,,,,,,,0,5,0,5,2,1,0,3,1,1,2,1,1,1,1,1,1,,,,,,0,,0,00,1,1,1,1
Public Method,"org.apache.pdfbox.tools.ExtractImages.ImageGraphicsEngine.fillPath(int)",tools/src/main/java/org/apache/pdfbox/tools/ExtractImages.java,,,,,,,,,,,,,,,,,,,,,,,,,0,5,0,5,2,1,0,3,1,1,2,1,1,1,1,1,1,,,,,,0,,0,00,1,1,1,1
Public Method,"org.apache.pdfbox.tools.ExtractImages.ImageGraphicsEngine.getCurrentPoint()",tools/src/main/java/org/apache/pdfbox/tools/ExtractImages.java,,,,,,,,,,,,,,,,,,,,,,,,,0,5,0,5,2,1,0,1,1,1,2,1,1,1,1,1,1,,,,,,0,,0,00,1,1,1,1
Private Method,"org.apache.pdfbox.tools.ExtractImages.ImageGraphicsEngine.hasMasks(PDImage)",tools/src/main/java/org/apache/pdfbox/tools/ExtractImages.java,,,,,,,,,,,,,,,,,,,,,,,,,2,9,0,9,2,4,0,3,2,3,5,2,3,2,2,3,1,,,,,,1,,0,00,2,2,3,1
Public Method,"org.apache.pdfbox.tools.ExtractImages.ImageGraphicsEngine.lineTo(float,float)",tools/src/main/java/org/apache/pdfbox/tools/ExtractImages.java,,,,,,,,,,,,,,,,,,,,,,,,,0,5,0,4,2,0,1,0,1,0,1,1,0,1,1,1,1,,,,,,0,,0,25,1,1,1,1
Public Method,"org.apache.pdfbox.tools.ExtractImages.ImageGraphicsEngine.moveTo(float,float)",tools/src/main/java/org/apache/pdfbox/tools/ExtractImages.java,,,,,,,,,,,,,,,,,,,,,,,,,0,5,0,4,2,0,1,0,1,0,1,1,0,1,1,1,1,,,,,,0,,0,25,1,1,1,1
Private Method,"org.apache.pdfbox.tools.ExtractImages.ImageGraphicsEngine.processColor(PDColor)",tools/src/main/java/org/apache/pdfbox/tools/ExtractImages.java,,,,,,,,,,,,,,,,,,,,,,,,,6,12,0,12,3,5,0,3,3,3,6,3,5,3,3,3,1,,,,,,2,,0,00,3,3,3,1
Public Method,"org.apache.pdfbox.tools.ExtractImages.ImageGraphicsEngine.run()",tools/src/main/java/org/apache/pdfbox/tools/ExtractImages.java,,,,,,,,,,,,,,,,,,,,,,,,,1,31,1,28,6,15,2,10,8,10,17,7,15,6,6,6,4,,,,,,3,,0,07,6,6,6,4
Public Method,"org.apache.pdfbox.tools.ExtractImages.ImageGraphicsEngine.shadingFill(COSName)",tools/src/main/java/org/apache/pdfbox/tools/ExtractImages.java,,,,,,,,,,,,,,,,,,,,,,,,,0,5,0,4,2,0,1,0,1,0,1,1,0,1,1,1,1,,,,,,0,,0,25,1,1,1,1
Protected Method,"org.apache.pdfbox.tools.ExtractImages.ImageGraphicsEngine.showGlyph(Matrix,PDFont,int,Vector)",tools/src/main/java/org/apache/pdfbox/tools/ExtractImages.java,,,,,,,,,,,,,,,,,,,,,,,,,0,17,0,17,7,6,0,8,4,4,7,3,6,3,3,3,1,,,,,,1,,0,00,3,3,3,1
Public Method,"org.apache.pdfbox.tools.ExtractImages.ImageGraphicsEngine.strokePath()",tools/src/main/java/org/apache/pdfbox/tools/ExtractImages.java,,,,,,,,,,,,,,,,,,,,,,,,,0,5,0,5,2,1,0,3,1,1,2,1,1,1,1,1,1,,,,,,0,,0,00,1,1,1,1
Private Method,"org.apache.pdfbox.tools.ExtractImages.ImageGraphicsEngine.write2file(PDImage,String,boolean,boolean)",tools/src/main/java/org/apache/pdfbox/tools/ExtractImages.java,,,,,,,,,,,,,,,,,,,,,,,,,11,140,4,110,17,62,26,26,156,39,59,17,56,18,18,24,7,,,,,,4,,0,24,18,18,24,7
Public Method,"org.apache.pdfbox.tools.ExtractImages.call()",tools/src/main/java/org/apache/pdfbox/tools/ExtractImages.java,,,,,,,,,,,,,,,,,,,,,,,,,5,29,2,27,3,14,0,14,6,9,15,4,13,5,5,5,3,,,,,,2,,0,00,5,5,5,3
Public Static Method,"org.apache.pdfbox.tools.ExtractImages.main(String[])",tools/src/main/java/org/apache/pdfbox/tools/ExtractImages.java,,,,,,,,,,,,,,,,,,,,,,,,,1,13,1,6,2,3,6,3,1,3,4,2,3,1,1,1,1,,,,,,0,,1,00,1,1,1,1
Public Final Class,"org.apache.pdfbox.tools.ExtractText",tools/src/main/java/org/apache/pdfbox/tools/ExtractText.java,5,5,5,1,36,2,30,3,2,47,0,,2,4,,,4,13,6,18,1,3,0,2,,283,36,218,62,114,29,,,84,117,45,88,,,,,18,18,20,3,1,8,80,0,13,30,30,32,8
Public Method,"org.apache.pdfbox.tools.ExtractText.call()",tools/src/main/java/org/apache/pdfbox/tools/ExtractText.java,,,,,,,,,,,,,,,,,,,,,,,,,17,127,12,105,12,61,10,41,340,38,56,13,52,18,18,20,3,,,,,,8,,0,10,18,18,20,3
Private Method,"org.apache.pdfbox.tools.ExtractText.extractPages(int,int,PDFTextStripper,PDDocument,Writer,boolean,boolean)",tools/src/main/java/org/apache/pdfbox/tools/ExtractText.java,,,,,,,,,,,,,,,,,,,,,,,,,12,52,2,46,6,25,4,16,6,18,26,6,23,6,6,6,1,,,,,,5,,0,09,6,6,6,1
Static Method,"org.apache.pdfbox.tools.ExtractText.getAngle(TextPosition)",tools/src/main/java/org/apache/pdfbox/tools/ExtractText.java,,,,,,,,,,,,,,,,,,,,,,,,,3,7,0,6,2,3,1,11,1,3,4,2,3,1,1,1,1,,,,,,0,,0,17,1,1,1,1
Public Static Method,"org.apache.pdfbox.tools.ExtractText.main(String[])",tools/src/main/java/org/apache/pdfbox/tools/ExtractText.java,,,,,,,,,,,,,,,,,,,,,,,,,2,13,1,6,2,3,6,3,1,3,4,2,3,1,1,1,1,,,,,,0,,1,00,1,1,1,1
Private Method,"org.apache.pdfbox.tools.ExtractText.startProcessing(String)",tools/src/main/java/org/apache/pdfbox/tools/ExtractText.java,,,,,,,,,,,,,,,,,,,,,,,,,4,8,0,8,1,3,0,3,2,2,4,1,3,2,2,2,1,,,,,,1,,0,00,2,2,2,1
Private Method,"org.apache.pdfbox.tools.ExtractText.stopProcessing(String,long)",tools/src/main/java/org/apache/pdfbox/tools/ExtractText.java,,,,,,,,,,,,,,,,,,,,,,,,,5,9,0,9,3,4,0,2,2,3,5,3,3,2,2,2,1,,,,,,1,,0,00,2,2,2,1
Class,"org.apache.pdfbox.tools.FilteredTextStripper",tools/src/main/java/org/apache/pdfbox/tools/ExtractText.java,1,1,1,1,6,0,6,0,1,4,0,,0,0,,,2,0,2,159,1,0,1,0,,19,1,15,5,3,3,,,2,6,4,3,,,,,2,2,2,1,4,1,0,0,20,3,3,3,2
Constructor,"org.apache.pdfbox.tools.FilteredTextStripper.FilteredTextStripper()",tools/src/main/java/org/apache/pdfbox/tools/ExtractText.java,,,,,,,,,,,,,,,,,,,,,,,,,1,3,0,3,1,0,0,1,1,0,1,1,0,1,1,1,1,,,,,,0,,0,00,1,1,1,1
Protected Method,"org.apache.pdfbox.tools.FilteredTextStripper.processTextPosition(TextPosition)",tools/src/main/java/org/apache/pdfbox/tools/ExtractText.java,,,,,,,,,,,,,,,,,,,,,,,,,1,9,0,9,3,3,0,2,2,2,4,2,3,2,2,2,1,,,,,,1,,0,00,2,2,2,1
Public Final Class,"org.apache.pdfbox.tools.ImageToPDF",tools/src/main/java/org/apache/pdfbox/tools/ImageToPDF.java,2,2,2,2,16,0,12,3,2,18,0,,2,1,,,7,7,9,21,0,1,0,8,,186,20,128,30,54,38,,,39,64,23,44,,,,,10,10,10,10,1,4,79,0,30,22,22,24,18
Public Method,"org.apache.pdfbox.tools.ImageToPDF.call()",tools/src/main/java/org/apache/pdfbox/tools/ImageToPDF.java,,,,,,,,,,,,,,,,,,,,,,,,,9,39,3,36,4,19,0,20,6,12,19,5,16,5,5,7,1,,,,,,4,,0,00,5,5,7,1
Private Static Method,"org.apache.pdfbox.tools.ImageToPDF.createRectangle(String)",tools/src/main/java/org/apache/pdfbox/tools/ImageToPDF.java,,,,,,,,,,,,,,,,,,,,,,,,,11,44,0,43,1,20,1,2,10,10,20,1,19,10,10,10,10,,,,,,1,,0,02,10,10,10,10
Public Method,"org.apache.pdfbox.tools.ImageToPDF.getMediaBox()",tools/src/main/java/org/apache/pdfbox/tools/ImageToPDF.java,,,,,,,,,,,,,,,,,,,,,,,,,1,9,0,4,1,1,5,1,1,1,2,1,1,1,1,1,1,,,,,,0,,1,25,1,1,1,1
Public Method,"org.apache.pdfbox.tools.ImageToPDF.isAutoOrientation()",tools/src/main/java/org/apache/pdfbox/tools/ImageToPDF.java,,,,,,,,,,,,,,,,,,,,,,,,,1,10,0,4,1,1,6,1,1,1,2,1,1,1,1,1,1,,,,,,0,,1,50,1,1,1,1
Public Method,"org.apache.pdfbox.tools.ImageToPDF.isLandscape()",tools/src/main/java/org/apache/pdfbox/tools/ImageToPDF.java,,,,,,,,,,,,,,,,,,,,,,,,,1,9,0,4,1,1,5,1,1,1,2,1,1,1,1,1,1,,,,,,0,,1,25,1,1,1,1
Public Static Method,"org.apache.pdfbox.tools.ImageToPDF.main(String[])",tools/src/main/java/org/apache/pdfbox/tools/ImageToPDF.java,,,,,,,,,,,,,,,,,,,,,,,,,1,8,1,6,2,3,1,3,1,3,4,2,3,1,1,1,1,,,,,,0,,0,17,1,1,1,1
Public Method,"org.apache.pdfbox.tools.ImageToPDF.setAutoOrientation(boolean)",tools/src/main/java/org/apache/pdfbox/tools/ImageToPDF.java,,,,,,,,,,,,,,,,,,,,,,,,,1,10,0,4,1,1,6,1,1,1,2,1,1,1,1,1,1,,,,,,0,,1,50,1,1,1,1
Public Method,"org.apache.pdfbox.tools.ImageToPDF.setLandscape(boolean)",tools/src/main/java/org/apache/pdfbox/tools/ImageToPDF.java,,,,,,,,,,,,,,,,,,,,,,,,,1,9,0,4,1,1,5,1,1,1,2,1,1,1,1,1,1,,,,,,0,,1,25,1,1,1,1
Public Method,"org.apache.pdfbox.tools.ImageToPDF.setMediaBox(PDRectangle)",tools/src/main/java/org/apache/pdfbox/tools/ImageToPDF.java,,,,,,,,,,,,,,,,,,,,,,,,,2,9,0,4,1,1,5,1,1,1,2,1,1,1,1,1,1,,,,,,0,,1,25,1,1,1,1
Public Class,"org.apache.pdfbox.tools.ImportFDF",tools/src/main/java/org/apache/pdfbox/tools/ImportFDF.java,2,2,2,1,20,1,12,6,2,17,0,,1,1,,,2,3,3,15,0,0,0,3,,85,10,50,17,22,25,,,20,27,12,19,,,,,3,3,3,1,1,2,66,0,50,6,6,6,3
Public Method,"org.apache.pdfbox.tools.ImportFDF.call()",tools/src/main/java/org/apache/pdfbox/tools/ImportFDF.java,,,,,,,,,,,,,,,,,,,,,,,,,5,23,3,20,2,11,0,10,3,7,10,2,9,3,3,3,1,,,,,,2,,0,00,3,3,3,1
Public Method,"org.apache.pdfbox.tools.ImportFDF.importFDF(PDDocument,FDFDocument)",tools/src/main/java/org/apache/pdfbox/tools/ImportFDF.java,,,,,,,,,,,,,,,,,,,,,,,,,4,23,1,12,3,7,10,5,2,6,8,3,7,2,2,2,1,,,,,,1,,0,83,2,2,2,1
Public Static Method,"org.apache.pdfbox.tools.ImportFDF.main(String[])",tools/src/main/java/org/apache/pdfbox/tools/ImportFDF.java,,,,,,,,,,,,,,,,,,,,,,,,,1,15,1,6,2,3,8,3,1,3,4,2,3,1,1,1,1,,,,,,0,,1,33,1,1,1,1
Public Class,"org.apache.pdfbox.tools.ImportXFDF",tools/src/main/java/org/apache/pdfbox/tools/ImportXFDF.java,1,1,1,1,17,1,11,5,1,18,0,,1,1,,,2,3,3,15,0,0,0,3,,78,9,45,17,19,24,,,18,24,12,16,,,,,3,3,3,1,1,2,66,0,53,5,5,5,3
Public Method,"org.apache.pdfbox.tools.ImportXFDF.call()",tools/src/main/java/org/apache/pdfbox/tools/ImportXFDF.java,,,,,,,,,,,,,,,,,,,,,,,,,5,22,2,20,2,11,0,10,3,7,10,2,9,3,3,3,1,,,,,,2,,0,00,3,3,3,1
Public Method,"org.apache.pdfbox.tools.ImportXFDF.importFDF(PDDocument,FDFDocument)",tools/src/main/java/org/apache/pdfbox/tools/ImportXFDF.java,,,,,,,,,,,,,,,,,,,,,,,,,2,16,0,7,3,4,9,4,1,4,5,3,4,1,1,1,1,,,,,,0,,1,29,1,1,1,1
Public Static Method,"org.apache.pdfbox.tools.ImportXFDF.main(String[])",tools/src/main/java/org/apache/pdfbox/tools/ImportXFDF.java,,,,,,,,,,,,,,,,,,,,,,,,,1,15,1,6,2,3,8,3,1,3,4,2,3,1,1,1,1,,,,,,0,,1,33,1,1,1,1
Class,"org.apache.pdfbox.tools.NullWriter",tools/src/main/java/org/apache/pdfbox/tools/ExtractText.java,1,1,1,1,5,0,4,1,1,2,0,,0,0,,,3,0,3,28,0,0,0,3,,23,2,15,7,0,6,,,0,4,4,0,,,,,1,1,1,1,1,0,0,0,40,3,3,3,3
Public Method,"org.apache.pdfbox.tools.NullWriter.close()",tools/src/main/java/org/apache/pdfbox/tools/ExtractText.java,,,,,,,,,,,,,,,,,,,,,,,,,0,5,0,4,2,0,1,0,1,0,1,1,0,1,1,1,1,,,,,,0,,0,25,1,1,1,1
Public Method,"org.apache.pdfbox.tools.NullWriter.flush()",tools/src/main/java/org/apache/pdfbox/tools/ExtractText.java,,,,,,,,,,,,,,,,,,,,,,,,,0,5,0,4,2,0,1,0,1,0,1,1,0,1,1,1,1,,,,,,0,,0,25,1,1,1,1
Public Method,"org.apache.pdfbox.tools.NullWriter.write(char[],int,int)",tools/src/main/java/org/apache/pdfbox/tools/ExtractText.java,,,,,,,,,,,,,,,,,,,,,,,,,0,5,0,4,2,0,1,0,1,0,1,1,0,1,1,1,1,,,,,,0,,0,25,1,1,1,1
Public Final Class,"org.apache.pdfbox.tools.OverlayPDF",tools/src/main/java/org/apache/pdfbox/tools/OverlayPDF.java,4,4,4,1,36,5,27,4,2,17,0,,1,1,,,1,10,2,14,0,0,0,2,,119,23,80,29,31,16,,,29,39,17,25,,,,,8,8,8,1,1,1,60,0,20,9,9,9,2
Public Method,"org.apache.pdfbox.tools.OverlayPDF.call()",tools/src/main/java/org/apache/pdfbox/tools/OverlayPDF.java,,,,,,,,,,,,,,,,,,,,,,,,,11,59,9,48,3,25,2,15,96,15,23,3,21,8,8,8,1,,,,,,1,,0,04,8,8,8,1
Public Static Method,"org.apache.pdfbox.tools.OverlayPDF.main(String[])",tools/src/main/java/org/apache/pdfbox/tools/OverlayPDF.java,,,,,,,,,,,,,,,,,,,,,,,,,1,13,1,6,2,3,6,3,1,3,4,2,3,1,1,1,1,,,,,,0,,1,00,1,1,1,1
Public Final Class,"org.apache.pdfbox.tools.PDFBox",tools/src/main/java/org/apache/pdfbox/tools/PDFBox.java,1,1,1,1,20,1,16,3,2,28,0,,1,0,,,1,1,2,14,0,0,0,2,,57,4,43,12,24,10,,,24,28,5,24,,,,,2,2,2,1,1,1,50,0,23,3,3,3,2
Public Static Method,"org.apache.pdfbox.tools.PDFBox.main(String[])",tools/src/main/java/org/apache/pdfbox/tools/PDFBox.java,,,,,,,,,,,,,,,,,,,,,,,,,4,36,2,28,2,23,6,5,2,22,24,2,23,2,2,2,1,,,,,,1,,0,21,2,2,2,1
Public Method,"org.apache.pdfbox.tools.PDFBox.run()",tools/src/main/java/org/apache/pdfbox/tools/PDFBox.java,,,,,,,,,,,,,,,,,,,,,,,,,1,5,0,5,2,1,0,1,1,1,2,1,1,1,1,1,1,,,,,,0,,0,00,1,1,1,1
Class,"org.apache.pdfbox.tools.PDFBoxHeadlessTest",tools/src/test/java/org/apache/pdfbox/tools/PDFBoxHeadlessTest.java,1,1,1,1,7,0,7,0,1,10,0,,1,0,,,4,4,5,17,2,0,0,3,,51,5,42,16,19,4,,,18,24,11,15,,,,,1,1,1,1,1,0,75,0,10,6,6,6,6
Method,"org.apache.pdfbox.tools.PDFBoxHeadlessTest.isHeadlessPDFBoxTest()",tools/src/test/java/org/apache/pdfbox/tools/PDFBoxHeadlessTest.java,,,,,,,,,,,,,,,,,,,,,,,,,2,10,0,10,3,6,0,6,1,5,6,2,4,1,1,1,1,,,,,,0,,0,00,2,2,2,2
Lambda Method,"org.apache.pdfbox.tools.PDFBoxHeadlessTest.isHeadlessPDFBoxTest.(lambda_expr_1)()",tools/src/test/java/org/apache/pdfbox/tools/PDFBoxHeadlessTest.java,,,,,,,,,,,,,,,,,,,,,,,,,0,3,0,3,0,2,0,2,1,1,1,0,1,1,1,1,1,,,,,,0,,0,00,1,1,1,1
Method,"org.apache.pdfbox.tools.PDFBoxHeadlessTest.isHeadlessTest()",tools/src/test/java/org/apache/pdfbox/tools/PDFBoxHeadlessTest.java,,,,,,,,,,,,,,,,,,,,,,,,,0,6,0,6,2,2,0,3,1,2,3,1,2,1,1,1,1,,,,,,0,,0,00,1,1,1,1
Public Method,"org.apache.pdfbox.tools.PDFBoxHeadlessTest.restoreStreams()",tools/src/test/java/org/apache/pdfbox/tools/PDFBoxHeadlessTest.java,,,,,,,,,,,,,,,,,,,,,,,,,2,6,0,6,2,2,0,2,1,2,3,1,2,1,1,1,1,,,,,,0,,0,00,1,1,1,1
Public Static Method,"org.apache.pdfbox.tools.PDFBoxHeadlessTest.setHeadless()",tools/src/test/java/org/apache/pdfbox/tools/PDFBoxHeadlessTest.java,,,,,,,,,,,,,,,,,,,,,,,,,0,5,0,5,2,1,0,1,1,1,2,1,1,1,1,1,1,,,,,,0,,0,00,1,1,1,1
Public Method,"org.apache.pdfbox.tools.PDFBoxHeadlessTest.setUpStreams()",tools/src/test/java/org/apache/pdfbox/tools/PDFBoxHeadlessTest.java,,,,,,,,,,,,,,,,,,,,,,,,,2,8,0,8,2,4,0,4,1,4,5,1,4,1,1,1,1,,,,,,0,,0,00,1,1,1,1
Class,"org.apache.pdfbox.tools.PDFBoxNonHeadlessTest",tools/src/test/java/org/apache/pdfbox/tools/PDFBoxNonHeadlessTest.java,1,1,1,1,7,0,7,0,1,9,0,,0,0,,,4,4,4,16,2,0,0,2,,45,4,37,14,18,4,,,17,22,10,14,,,,,1,1,1,1,1,0,68,0,11,5,5,5,5
Method,"org.apache.pdfbox.tools.PDFBoxNonHeadlessTest.isNonHeadlessPDFBoxTest()",tools/src/test/java/org/apache/pdfbox/tools/PDFBoxNonHeadlessTest.java,,,,,,,,,,,,,,,,,,,,,,,,,2,10,0,10,3,6,0,6,1,5,6,2,4,1,1,1,1,,,,,,0,,0,00,2,2,2,2
Lambda Method,"org.apache.pdfbox.tools.PDFBoxNonHeadlessTest.isNonHeadlessPDFBoxTest.(lambda_expr_1)()",tools/src/test/java/org/apache/pdfbox/tools/PDFBoxNonHeadlessTest.java,,,,,,,,,,,,,,,,,,,,,,,,,0,3,0,3,0,2,0,2,1,1,1,0,1,1,1,1,1,,,,,,0,,0,00,1,1,1,1
Method,"org.apache.pdfbox.tools.PDFBoxNonHeadlessTest.isNonHeadlessTest()",tools/src/test/java/org/apache/pdfbox/tools/PDFBoxNonHeadlessTest.java,,,,,,,,,,,,,,,,,,,,,,,,,0,6,0,6,2,2,0,3,1,2,3,1,2,1,1,1,1,,,,,,0,,0,00,1,1,1,1
Public Method,"org.apache.pdfbox.tools.PDFBoxNonHeadlessTest.restoreStreams()",tools/src/test/java/org/apache/pdfbox/tools/PDFBoxNonHeadlessTest.java,,,,,,,,,,,,,,,,,,,,,,,,,2,6,0,6,2,2,0,2,1,2,3,1,2,1,1,1,1,,,,,,0,,0,00,1,1,1,1
Public Method,"org.apache.pdfbox.tools.PDFBoxNonHeadlessTest.setUpStreams()",tools/src/test/java/org/apache/pdfbox/tools/PDFBoxNonHeadlessTest.java,,,,,,,,,,,,,,,,,,,,,,,,,2,8,0,8,2,4,0,4,1,4,5,1,4,1,1,1,1,,,,,,0,,0,00,1,1,1,1
Public Final Class,"org.apache.pdfbox.tools.PDFMerger",tools/src/main/java/org/apache/pdfbox/tools/PDFMerger.java,2,2,2,1,17,1,12,3,2,14,0,,1,1,,,1,2,2,14,0,0,0,2,,55,7,35,12,14,13,,,13,19,9,12,,,,,3,3,3,1,1,2,50,0,37,4,4,4,2
Public Method,"org.apache.pdfbox.tools.PDFMerger.call()",tools/src/main/java/org/apache/pdfbox/tools/PDFMerger.java,,,,,,,,,,,,,,,,,,,,,,,,,4,21,2,19,2,10,0,11,3,7,11,3,9,3,3,3,1,,,,,,2,,0,00,3,3,3,1
Public Static Method,"org.apache.pdfbox.tools.PDFMerger.main(String[])",tools/src/main/java/org/apache/pdfbox/tools/PDFMerger.java,,,,,,,,,,,,,,,,,,,,,,,,,1,13,1,6,2,3,6,3,1,3,4,2,3,1,1,1,1,,,,,,0,,1,00,1,1,1,1
Public Final Class,"org.apache.pdfbox.tools.PDFSplit",tools/src/main/java/org/apache/pdfbox/tools/PDFSplit.java,6,6,6,1,40,2,35,3,2,19,0,,1,1,,,1,6,2,14,0,0,0,2,,114,13,88,23,40,13,,,31,45,16,32,,,,,11,11,11,1,1,3,50,0,15,12,12,12,2
Public Method,"org.apache.pdfbox.tools.PDFSplit.call()",tools/src/main/java/org/apache/pdfbox/tools/PDFSplit.java,,,,,,,,,,,,,,,,,,,,,,,,,9,68,4,64,5,33,0,18,218,21,33,6,29,11,11,11,1,,,,,,3,,0,00,11,11,11,1
Public Static Method,"org.apache.pdfbox.tools.PDFSplit.main(String[])",tools/src/main/java/org/apache/pdfbox/tools/PDFSplit.java,,,,,,,,,,,,,,,,,,,,,,,,,1,13,1,6,2,3,6,3,1,3,4,2,3,1,1,1,1,,,,,,0,,1,00,1,1,1,1
Public Class,"org.apache.pdfbox.tools.PDFText2HTML",tools/src/main/java/org/apache/pdfbox/tools/PDFText2HTML.java,2,1,2,1,17,0,12,5,1,12,0,,2,1,,,9,1,11,168,0,2,7,2,,371,33,249,49,123,92,,,100,144,46,114,,,,,7,7,9,6,4,5,81,0,37,24,21,27,16
Private Static Class,"org.apache.pdfbox.tools.PDFText2HTML.FontState",tools/src/main/java/org/apache/pdfbox/tools/PDFText2HTML.java,2,2,2,1,13,0,10,1,1,10,0,,0,0,,,10,2,10,22,0,7,1,2,,154,17,112,21,55,25,,,49,70,23,56,,,,,5,5,5,4,1,2,65,0,22,24,24,25,15
Public Method,"org.apache.pdfbox.tools.PDFText2HTML.FontState.clear()",tools/src/main/java/org/apache/pdfbox/tools/PDFText2HTML.java,,,,,,,,,,,,,,,,,,,,,,,,,3,12,0,8,2,5,4,6,1,5,6,2,5,1,1,1,1,,,,,,0,,0,50,1,1,1,1
Private Method,"org.apache.pdfbox.tools.PDFText2HTML.FontState.close(String)",tools/src/main/java/org/apache/pdfbox/tools/PDFText2HTML.java,,,,,,,,,,,,,,,,,,,,,,,,,4,21,2,16,3,9,3,11,3,9,11,3,10,3,3,3,1,,,,,,1,,0,19,3,3,3,1
Private Method,"org.apache.pdfbox.tools.PDFText2HTML.FontState.closeTag(String)",tools/src/main/java/org/apache/pdfbox/tools/PDFText2HTML.java,,,,,,,,,,,,,,,,,,,,,,,,,2,4,0,4,1,1,0,1,1,1,2,1,1,1,1,1,1,,,,,,0,,0,00,1,1,1,1
Private Method,"org.apache.pdfbox.tools.PDFText2HTML.FontState.closeUntil(StringBuilder,String)",tools/src/main/java/org/apache/pdfbox/tools/PDFText2HTML.java,,,,,,,,,,,,,,,,,,,,,,,,,5,13,0,13,2,6,0,6,3,6,8,3,7,3,3,4,3,,,,,,2,,0,00,3,3,4,3
Private Method,"org.apache.pdfbox.tools.PDFText2HTML.FontState.isBold(PDFontDescriptor)",tools/src/main/java/org/apache/pdfbox/tools/PDFText2HTML.java,,,,,,,,,,,,,,,,,,,,,,,,,2,8,0,8,1,3,0,4,2,2,4,1,3,2,2,2,1,,,,,,1,,0,00,2,2,2,1
Private Method,"org.apache.pdfbox.tools.PDFText2HTML.FontState.isItalic(PDFontDescriptor)",tools/src/main/java/org/apache/pdfbox/tools/PDFText2HTML.java,,,,,,,,,,,,,,,,,,,,,,,,,2,8,0,8,1,3,0,4,2,2,4,1,3,2,2,2,1,,,,,,1,,0,00,2,2,2,1
Private Method,"org.apache.pdfbox.tools.PDFText2HTML.FontState.open(String)",tools/src/main/java/org/apache/pdfbox/tools/PDFText2HTML.java,,,,,,,,,,,,,,,,,,,,,,,,,4,11,1,10,1,5,0,5,2,4,6,1,5,2,2,2,1,,,,,,1,,0,00,2,2,2,1
Private Method,"org.apache.pdfbox.tools.PDFText2HTML.FontState.openTag(String)",tools/src/main/java/org/apache/pdfbox/tools/PDFText2HTML.java,,,,,,,,,,,,,,,,,,,,,,,,,3,4,0,4,1,1,0,1,1,1,2,1,1,1,1,1,1,,,,,,0,,0,00,1,1,1,1
Public Method,"org.apache.pdfbox.tools.PDFText2HTML.FontState.push(String,List<TextPosition>)",tools/src/main/java/org/apache/pdfbox/tools/PDFText2HTML.java,,,,,,,,,,,,,,,,,,,,,,,,,3,34,1,21,2,10,12,13,5,8,13,3,11,5,5,5,4,,,,,,2,,0,57,5,5,5,4
Protected Method,"org.apache.pdfbox.tools.PDFText2HTML.FontState.push(StringBuilder,char,TextPosition)",tools/src/main/java/org/apache/pdfbox/tools/PDFText2HTML.java,,,,,,,,,,,,,,,,,,,,,,,,,4,18,3,15,4,10,0,10,2,9,11,4,8,4,4,4,1,,,,,,1,,0,00,4,4,4,1
Public Constructor,"org.apache.pdfbox.tools.PDFText2HTML.PDFText2HTML()",tools/src/main/java/org/apache/pdfbox/tools/PDFText2HTML.java,,,,,,,,,,,,,,,,,,,,,,,,,4,14,0,10,1,7,4,8,1,7,8,1,7,1,1,1,1,,,,,,0,,0,40,1,1,1,1
Private Static Method,"org.apache.pdfbox.tools.PDFText2HTML.appendEscaped(StringBuilder,char)",tools/src/main/java/org/apache/pdfbox/tools/PDFText2HTML.java,,,,,,,,,,,,,,,,,,,,,,,,,4,28,0,27,1,18,1,3,6,10,13,1,12,6,3,7,1,,,,,,2,,0,04,6,3,7,1
Protected Method,"org.apache.pdfbox.tools.PDFText2HTML.endArticle()",tools/src/main/java/org/apache/pdfbox/tools/PDFText2HTML.java,,,,,,,,,,,,,,,,,,,,,,,,,0,12,0,6,2,2,6,2,1,2,3,1,2,1,1,1,1,,,,,,0,,1,00,1,1,1,1
Public Method,"org.apache.pdfbox.tools.PDFText2HTML.endDocument(PDDocument)",tools/src/main/java/org/apache/pdfbox/tools/PDFText2HTML.java,,,,,,,,,,,,,,,,,,,,,,,,,0,8,0,5,2,1,3,1,1,1,2,1,1,1,1,1,1,,,,,,0,,0,60,1,1,1,1
Private Static Method,"org.apache.pdfbox.tools.PDFText2HTML.escape(String)",tools/src/main/java/org/apache/pdfbox/tools/PDFText2HTML.java,,,,,,,,,,,,,,,,,,,,,,,,,4,15,0,9,2,4,6,6,2,5,7,3,5,2,2,2,1,,,,,,1,,0,67,2,2,2,1
Protected Method,"org.apache.pdfbox.tools.PDFText2HTML.getTitle()",tools/src/main/java/org/apache/pdfbox/tools/PDFText2HTML.java,,,,,,,,,,,,,,,,,,,,,,,,,2,43,1,34,6,17,9,15,8,10,18,7,15,7,7,9,6,,,,,,5,,0,26,7,7,9,6
Protected Method,"org.apache.pdfbox.tools.PDFText2HTML.startArticle(boolean)",tools/src/main/java/org/apache/pdfbox/tools/PDFText2HTML.java,,,,,,,,,,,,,,,,,,,,,,,,,1,20,0,12,2,4,8,1,2,2,4,1,3,2,2,2,1,,,,,,1,,0,67,2,2,2,1
Protected Method,"org.apache.pdfbox.tools.PDFText2HTML.startDocument(PDDocument)",tools/src/main/java/org/apache/pdfbox/tools/PDFText2HTML.java,,,,,,,,,,,,,,,,,,,,,,,,,1,13,0,13,3,9,2,6,1,8,9,2,8,1,1,1,1,,,,,,0,,0,15,1,1,1,1
Protected Method,"org.apache.pdfbox.tools.PDFText2HTML.writeParagraphEnd()",tools/src/main/java/org/apache/pdfbox/tools/PDFText2HTML.java,,,,,,,,,,,,,,,,,,,,,,,,,1,13,1,6,2,2,6,3,1,2,3,1,2,1,1,1,1,,,,,,0,,1,00,1,1,1,1
Protected Method,"org.apache.pdfbox.tools.PDFText2HTML.writeString(String)",tools/src/main/java/org/apache/pdfbox/tools/PDFText2HTML.java,,,,,,,,,,,,,,,,,,,,,,,,,1,12,0,5,2,1,7,2,1,1,2,1,1,1,1,1,1,,,,,,0,,1,40,1,1,1,1
Protected Method,"org.apache.pdfbox.tools.PDFText2HTML.writeString(String,List<TextPosition>)",tools/src/main/java/org/apache/pdfbox/tools/PDFText2HTML.java,,,,,,,,,,,,,,,,,,,,,,,,,3,13,0,5,2,1,8,2,1,1,2,1,1,1,1,1,1,,,,,,0,,1,60,1,1,1,1
Public Final Class,"org.apache.pdfbox.tools.PDFToImage",tools/src/main/java/org/apache/pdfbox/tools/PDFToImage.java,5,5,5,1,30,2,26,2,2,28,0,,3,1,,,1,13,4,16,0,2,0,2,,178,26,137,48,65,15,,,58,79,35,53,,,,,14,14,15,4,1,3,76,0,11,21,21,22,7
Public Method,"org.apache.pdfbox.tools.PDFToImage.call()",tools/src/main/java/org/apache/pdfbox/tools/PDFToImage.java,,,,,,,,,,,,,,,,,,,,,,,,,14,80,9,69,10,40,2,30,398,28,40,11,34,14,14,15,4,,,,,,2,,0,03,14,14,15,4
Private Static Method,"org.apache.pdfbox.tools.PDFToImage.changeCropBox(PDDocument,float,float,float,float)",tools/src/main/java/org/apache/pdfbox/tools/PDFToImage.java,,,,,,,,,,,,,,,,,,,,,,,,,6,12,0,12,2,7,0,7,2,6,9,3,7,2,2,2,1,,,,,,1,,0,00,2,2,2,1
Private Static Method,"org.apache.pdfbox.tools.PDFToImage.getImageFormats()",tools/src/main/java/org/apache/pdfbox/tools/PDFToImage.java,,,,,,,,,,,,,,,,,,,,,,,,,2,17,0,17,3,8,0,6,4,7,11,4,9,4,4,4,1,,,,,,3,,0,00,4,4,4,1
Public Static Method,"org.apache.pdfbox.tools.PDFToImage.main(String[])",tools/src/main/java/org/apache/pdfbox/tools/PDFToImage.java,,,,,,,,,,,,,,,,,,,,,,,,,1,13,0,6,2,3,7,3,1,3,4,2,3,1,1,1,1,,,,,,0,,1,17,1,1,1,1
Public Final Class,"org.apache.pdfbox.tools.PrintPDF",tools/src/main/java/org/apache/pdfbox/tools/PrintPDF.java,4,4,4,2,28,2,23,3,2,20,0,,2,1,,,1,8,3,15,0,1,0,2,,124,17,91,32,41,16,,,40,54,23,37,,,,,9,9,10,5,1,4,66,0,18,12,12,13,7
Public Method,"org.apache.pdfbox.tools.PrintPDF.call()",tools/src/main/java/org/apache/pdfbox/tools/PrintPDF.java,,,,,,,,,,,,,,,,,,,,,,,,,17,63,6,53,7,32,4,24,58,25,34,8,30,9,9,10,5,,,,,,4,,0,08,9,9,10,5
Public Static Method,"org.apache.pdfbox.tools.PrintPDF.main(String[])",tools/src/main/java/org/apache/pdfbox/tools/PrintPDF.java,,,,,,,,,,,,,,,,,,,,,,,,,1,12,0,6,2,3,6,3,1,3,4,2,3,1,1,1,1,,,,,,0,,1,00,1,1,1,1
Private Static Method,"org.apache.pdfbox.tools.PrintPDF.showAvailablePrinters()",tools/src/main/java/org/apache/pdfbox/tools/PrintPDF.java,,,,,,,,,,,,,,,,,,,,,,,,,2,10,0,10,3,4,0,3,2,3,6,3,4,2,2,2,1,,,,,,1,,0,00,2,2,2,1
Class,"org.apache.pdfbox.tools.TestExtractText",tools/src/test/java/org/apache/pdfbox/tools/TestExtractText.java,1,1,1,1,29,1,22,6,1,8,0,,0,0,,,1,0,1,13,1,0,0,0,,36,2,25,10,14,9,,,11,14,8,11,,,,,1,1,1,1,1,1,0,0,36,1,1,1,1
Method,"org.apache.pdfbox.tools.TestExtractText.testEmbeddedPDFs()",tools/src/test/java/org/apache/pdfbox/tools/TestExtractText.java,,,,,,,,,,,,,,,,,,,,,,,,,1,29,1,22,9,14,6,8,1,11,13,7,11,1,1,1,1,,,,,,1,,0,27,1,1,1,1
Class,"org.apache.pdfbox.tools.TestPDFText2HTML",tools/src/test/java/org/apache/pdfbox/tools/TestPDFText2HTML.java,1,1,1,1,13,0,12,0,1,15,0,,0,0,,,3,0,3,15,2,1,0,0,,44,4,40,17,25,0,,,23,28,14,24,,,,,1,1,1,1,1,1,0,0,00,3,3,3,3
Private Method,"org.apache.pdfbox.tools.TestPDFText2HTML.createDocument(String,PDFont,String)",tools/src/test/java/org/apache/pdfbox/tools/TestPDFText2HTML.java,,,,,,,,,,,,,,,,,,,,,,,,,5,16,0,16,3,11,0,12,1,10,12,3,11,1,1,1,1,,,,,,1,,0,00,1,1,1,1
Method,"org.apache.pdfbox.tools.TestPDFText2HTML.testEscapeTitle()",tools/src/test/java/org/apache/pdfbox/tools/TestPDFText2HTML.java,,,,,,,,,,,,,,,,,,,,,,,,,1,13,1,12,7,8,0,11,1,7,8,5,7,1,1,1,1,,,,,,0,,0,00,1,1,1,1
Method,"org.apache.pdfbox.tools.TestPDFText2HTML.testStyle()",tools/src/test/java/org/apache/pdfbox/tools/TestPDFText2HTML.java,,,,,,,,,,,,,,,,,,,,,,,,,1,11,1,10,6,6,0,10,1,6,7,5,6,1,1,1,1,,,,,,0,,0,00,1,1,1,1
Class,"org.apache.pdfbox.tools.TestTextToPdf",tools/src/test/java/org/apache/pdfbox/tools/TestTextToPdf.java,1,1,1,1,45,0,40,5,1,10,0,,0,0,,,4,0,4,16,4,0,0,0,,192,4,164,33,128,24,,,49,61,23,52,,,,,1,1,1,1,1,1,0,0,15,4,4,4,4
Method,"org.apache.pdfbox.tools.TestTextToPdf.testCreateEmptyPdf()",tools/src/test/java/org/apache/pdfbox/tools/TestTextToPdf.java,,,,,,,,,,,,,,,,,,,,,,,,,0,20,1,14,5,7,5,6,1,7,9,4,7,1,1,1,1,,,,,,1,,0,36,1,1,1,1
Method,"org.apache.pdfbox.tools.TestTextToPdf.testFormFeed()",tools/src/test/java/org/apache/pdfbox/tools/TestTextToPdf.java,,,,,,,,,,,,,,,,,,,,,,,,,0,30,0,25,6,17,5,13,1,15,18,5,17,1,1,1,1,,,,,,1,,0,20,1,1,1,1
Method,"org.apache.pdfbox.tools.TestTextToPdf.testLeadingTrailingSpaces()",tools/src/test/java/org/apache/pdfbox/tools/TestTextToPdf.java,,,,,,,,,,,,,,,,,,,,,,,,,0,28,0,23,8,15,5,13,1,10,13,6,11,1,1,1,1,,,,,,1,,0,22,1,1,1,1
Method,"org.apache.pdfbox.tools.TestTextToPdf.testOverflow()",tools/src/test/java/org/apache/pdfbox/tools/TestTextToPdf.java,,,,,,,,,,,,,,,,,,,,,,,,,1,105,0,99,13,89,6,16,1,17,20,7,17,1,1,1,1,,,,,,1,,0,06,1,1,1,1
Public Class,"org.apache.pdfbox.tools.TextToPDF",tools/src/main/java/org/apache/pdfbox/tools/TextToPDF.java,2,2,3,1,25,1,18,6,2,30,0,,1,4,,,11,9,12,24,0,0,0,12,,390,39,264,74,132,87,,,108,145,53,102,,,,,22,22,25,6,1,6,80,0,33,35,35,38,17
Private Enum Type,"org.apache.pdfbox.tools.TextToPDF.PageSizes",tools/src/main/java/org/apache/pdfbox/tools/TextToPDF.java,0,0,0,0,2,0,2,0,1,2,0,,0,0,,,4,10,4,30,0,1,0,3,,24,3,21,13,2,0,,,4,6,4,2,,,,,1,1,1,1,1,0,,0,00,2,2,2,2
Private Constructor,"org.apache.pdfbox.tools.TextToPDF.PageSizes.PageSizes(PDRectangle)",tools/src/main/java/org/apache/pdfbox/tools/TextToPDF.java,,,,,,,,,,,,,,,,,,,,,,,,,1,4,0,4,1,1,0,2,1,1,2,1,1,1,1,1,1,,,,,,0,,0,00,1,1,1,1
Public Method,"org.apache.pdfbox.tools.TextToPDF.PageSizes.getPageSize()",tools/src/main/java/org/apache/pdfbox/tools/TextToPDF.java,,,,,,,,,,,,,,,,,,,,,,,,,2,4,0,4,1,1,0,1,1,1,2,1,1,1,1,1,1,,,,,,0,,0,00,1,1,1,1
Public Implicit Method,"org.apache.pdfbox.tools.TextToPDF.PageSizes.valueOf()",tools/src/main/java/org/apache/pdfbox/tools/TextToPDF.java,,,,,,,,,,,,,,,,,,,,,,,,,,,,,,,,,,,,,,,,,,,,,,,,,0,00,0,0,0,0
Public Implicit Method,"org.apache.pdfbox.tools.TextToPDF.PageSizes.values()",tools/src/main/java/org/apache/pdfbox/tools/TextToPDF.java,,,,,,,,,,,,,,,,,,,,,,,,,,,,,,,,,,,,,,,,,,,,,,,,,0,00,0,0,0,0
Public Method,"org.apache.pdfbox.tools.TextToPDF.call()",tools/src/main/java/org/apache/pdfbox/tools/TextToPDF.java,,,,,,,,,,,,,,,,,,,,,,,,,10,32,2,30,2,16,0,17,3,11,15,1,14,3,3,3,1,,,,,,2,,0,00,3,3,3,1
Public Method,"org.apache.pdfbox.tools.TextToPDF.createPDFFromText(PDDocument,Reader)",tools/src/main/java/org/apache/pdfbox/tools/TextToPDF.java,,,,,,,,,,,,,,,,,,,,,,,,,13,177,11,143,23,90,23,32,10386,66,86,22,72,22,22,25,6,,,,,,6,,0,16,22,22,25,6
Public Method,"org.apache.pdfbox.tools.TextToPDF.createPDFFromText(Reader)",tools/src/main/java/org/apache/pdfbox/tools/TextToPDF.java,,,,,,,,,,,,,,,,,,,,,,,,,5,15,0,6,2,3,9,3,1,3,4,2,3,1,1,1,1,,,,,,0,,1,50,1,1,1,1
Public Method,"org.apache.pdfbox.tools.TextToPDF.getFont()",tools/src/main/java/org/apache/pdfbox/tools/TextToPDF.java,,,,,,,,,,,,,,,,,,,,,,,,,1,7,0,4,1,1,3,1,1,1,2,1,1,1,1,1,1,,,,,,0,,0,75,1,1,1,1
Public Method,"org.apache.pdfbox.tools.TextToPDF.getFontSize()",tools/src/main/java/org/apache/pdfbox/tools/TextToPDF.java,,,,,,,,,,,,,,,,,,,,,,,,,1,7,0,4,1,1,3,1,1,1,2,1,1,1,1,1,1,,,,,,0,,0,75,1,1,1,1
Public Method,"org.apache.pdfbox.tools.TextToPDF.getMediaBox()",tools/src/main/java/org/apache/pdfbox/tools/TextToPDF.java,,,,,,,,,,,,,,,,,,,,,,,,,1,9,0,4,1,1,5,1,1,1,2,1,1,1,1,1,1,,,,,,0,,1,25,1,1,1,1
Public Method,"org.apache.pdfbox.tools.TextToPDF.isLandscape()",tools/src/main/java/org/apache/pdfbox/tools/TextToPDF.java,,,,,,,,,,,,,,,,,,,,,,,,,1,9,0,4,1,1,5,1,1,1,2,1,1,1,1,1,1,,,,,,0,,1,25,1,1,1,1
Public Static Method,"org.apache.pdfbox.tools.TextToPDF.main(String[])",tools/src/main/java/org/apache/pdfbox/tools/TextToPDF.java,,,,,,,,,,,,,,,,,,,,,,,,,1,15,1,6,2,3,8,3,1,3,4,2,3,1,1,1,1,,,,,,0,,1,33,1,1,1,1
Public Method,"org.apache.pdfbox.tools.TextToPDF.setFont(PDFont)",tools/src/main/java/org/apache/pdfbox/tools/TextToPDF.java,,,,,,,,,,,,,,,,,,,,,,,,,2,7,0,4,1,1,3,1,1,1,2,1,1,1,1,1,1,,,,,,0,,0,75,1,1,1,1
Public Method,"org.apache.pdfbox.tools.TextToPDF.setFontSize(int)",tools/src/main/java/org/apache/pdfbox/tools/TextToPDF.java,,,,,,,,,,,,,,,,,,,,,,,,,2,7,0,4,1,1,3,1,1,1,2,1,1,1,1,1,1,,,,,,0,,0,75,1,1,1,1
Public Method,"org.apache.pdfbox.tools.TextToPDF.setLandscape(boolean)",tools/src/main/java/org/apache/pdfbox/tools/TextToPDF.java,,,,,,,,,,,,,,,,,,,,,,,,,2,9,0,4,1,1,5,1,1,1,2,1,1,1,1,1,1,,,,,,0,,1,25,1,1,1,1
Public Method,"org.apache.pdfbox.tools.TextToPDF.setMediaBox(PDRectangle)",tools/src/main/java/org/apache/pdfbox/tools/TextToPDF.java,,,,,,,,,,,,,,,,,,,,,,,,,3,9,0,4,1,1,5,1,1,1,2,1,1,1,1,1,1,,,,,,0,,1,25,1,1,1,1
Final Class,"org.apache.pdfbox.tools.Version",tools/src/main/java/org/apache/pdfbox/tools/Version.java,1,1,1,1,11,0,7,3,3,10,0,,1,1,,,2,1,3,15,0,0,0,3,,52,5,30,10,11,17,,,10,15,8,9,,,,,2,2,2,1,1,1,66,0,57,4,4,4,3
Public Method,"org.apache.pdfbox.tools.Version.call()",tools/src/main/java/org/apache/pdfbox/tools/Version.java,,,,,,,,,,,,,,,,,,,,,,,,,1,5,0,5,1,2,0,3,1,2,3,1,2,1,1,1,1,,,,,,0,,0,00,1,1,1,1
Public Method,"org.apache.pdfbox.tools.Version.getVersion()",tools/src/main/java/org/apache/pdfbox/tools/Version.java,,,,,,,,,,,,,,,,,,,,,,,,,2,17,0,12,2,5,5,3,2,3,5,2,4,2,2,2,1,,,,,,1,,0,42,2,2,2,1
Public Static Method,"org.apache.pdfbox.tools.Version.main(String[])",tools/src/main/java/org/apache/pdfbox/tools/Version.java,,,,,,,,,,,,,,,,,,,,,,,,,1,13,1,6,2,3,6,3,1,3,4,2,3,1,1,1,1,,,,,,0,,1,00,1,1,1,1
Public Class,"org.apache.pdfbox.tools.WriteDecodedDoc",tools/src/main/java/org/apache/pdfbox/tools/WriteDecodedDoc.java,2,2,2,1,18,0,14,3,2,28,0,,2,1,,,4,4,6,18,0,2,0,4,,140,13,100,26,43,27,,,34,49,19,34,,,,,4,4,6,3,1,3,83,0,27,13,13,15,9
Public Constructor,"org.apache.pdfbox.tools.WriteDecodedDoc.WriteDecodedDoc()",tools/src/main/java/org/apache/pdfbox/tools/WriteDecodedDoc.java,,,,,,,,,,,,,,,,,,,,,,,,,1,7,0,4,1,1,3,2,1,1,2,1,1,1,1,1,1,,,,,,0,,0,75,1,1,1,1
Private Static Method,"org.apache.pdfbox.tools.WriteDecodedDoc.calculateOutputFilename(String)",tools/src/main/java/org/apache/pdfbox/tools/WriteDecodedDoc.java,,,,,,,,,,,,,,,,,,,,,,,,,2,14,0,14,2,6,0,5,2,5,7,2,5,2,2,2,1,,,,,,1,,0,00,2,2,2,1
Public Method,"org.apache.pdfbox.tools.WriteDecodedDoc.call()",tools/src/main/java/org/apache/pdfbox/tools/WriteDecodedDoc.java,,,,,,,,,,,,,,,,,,,,,,,,,6,23,2,21,2,10,0,8,4,7,10,2,8,3,3,3,1,,,,,,1,,0,00,3,3,3,1
Public Method,"org.apache.pdfbox.tools.WriteDecodedDoc.doIt(String,String,String,boolean)",tools/src/main/java/org/apache/pdfbox/tools/WriteDecodedDoc.java,,,,,,,,,,,,,,,,,,,,,,,,,6,24,0,14,3,8,10,11,1,6,8,2,7,1,1,1,1,,,,,,1,,0,71,2,2,2,2
Lambda Method,"org.apache.pdfbox.tools.WriteDecodedDoc.doIt.(lambda_expr_1)(COSObjectKey (inferred))",tools/src/main/java/org/apache/pdfbox/tools/WriteDecodedDoc.java,,,,,,,,,,,,,,,,,,,,,,,,,2,1,0,1,0,1,0,3,1,0,0,0,0,1,1,1,1,,,,,,0,,0,00,1,1,1,1
Public Static Method,"org.apache.pdfbox.tools.WriteDecodedDoc.main(String[])",tools/src/main/java/org/apache/pdfbox/tools/WriteDecodedDoc.java,,,,,,,,,,,,,,,,,,,,,,,,,1,15,1,6,2,3,8,4,1,3,4,2,3,1,1,1,1,,,,,,0,,1,33,1,1,1,1
Private Method,"org.apache.pdfbox.tools.WriteDecodedDoc.processObject(COSObject,boolean)",tools/src/main/java/org/apache/pdfbox/tools/WriteDecodedDoc.java,,,,,,,,,,,,,,,,,,,,,,,,,10,28,1,27,4,14,0,12,4,7,12,4,10,4,4,6,3,,,,,,3,,0,00,4,4,6,3
Package,"org.apache.pdfbox.tools.imageio",tools/src/main/java/org/apache/pdfbox/tools/imageio/ImageIOUtil.java,2,2,2,1,25,1,17,6,,,,5,18,8,5,,16,0,34,,6,21,0,7,,1182,98,745,248,370,344,,,405,503,232,336,,,,,17,17,24,4,,5,,0,46,85,85,98,38
Public Final Class,"org.apache.pdfbox.tools.imageio.ImageIOUtil",tools/src/main/java/org/apache/pdfbox/tools/imageio/ImageIOUtil.java,2,2,3,1,30,1,17,11,1,34,0,,10,1,,,1,0,11,23,0,5,0,6,,358,25,199,44,101,134,,,70,105,35,86,,,,,17,17,24,4,1,5,0,0,67,32,32,40,14
Private Constructor,"org.apache.pdfbox.tools.imageio.ImageIOUtil.ImageIOUtil()",tools/src/main/java/org/apache/pdfbox/tools/imageio/ImageIOUtil.java,,,,,,,,,,,,,,,,,,,,,,,,,0,3,0,3,1,0,0,1,1,0,1,1,0,1,1,1,1,,,,,,0,,0,00,1,1,1,1
Private Static Method,"org.apache.pdfbox.tools.imageio.ImageIOUtil.getAsDeflatedBytes(ICC_Profile)",tools/src/main/java/org/apache/pdfbox/tools/imageio/ImageIOUtil.java,,,,,,,,,,,,,,,,,,,,,,,,,2,12,2,10,3,5,0,6,1,4,6,3,5,1,1,1,1,,,,,,1,,0,00,1,1,1,1
Private Static Method,"org.apache.pdfbox.tools.imageio.ImageIOUtil.getOrCreateChildNode(IIOMetadataNode,String)",tools/src/main/java/org/apache/pdfbox/tools/imageio/ImageIOUtil.java,,,,,,,,,,,,,,,,,,,,,,,,,3,19,0,11,3,6,8,6,2,5,7,3,6,2,2,2,1,,,,,,1,,0,73,2,2,2,1
Private Static Method,"org.apache.pdfbox.tools.imageio.ImageIOUtil.hasICCProfile(BufferedImage)",tools/src/main/java/org/apache/pdfbox/tools/imageio/ImageIOUtil.java,,,,,,,,,,,,,,,,,,,,,,,,,3,17,1,9,2,4,7,5,2,3,5,2,4,2,2,3,1,,,,,,1,,0,78,2,2,3,1
Private Static Method,"org.apache.pdfbox.tools.imageio.ImageIOUtil.setDPI(IIOMetadata,int,String)",tools/src/main/java/org/apache/pdfbox/tools/imageio/ImageIOUtil.java,,,,,,,,,,,,,,,,,,,,,,,,,5,24,6,15,7,10,3,6,1,9,10,5,8,2,2,2,1,,,,,,0,,0,20,2,2,2,1
Public Static Method,"org.apache.pdfbox.tools.imageio.ImageIOUtil.writeImage(BufferedImage,String,OutputStream)",tools/src/main/java/org/apache/pdfbox/tools/imageio/ImageIOUtil.java,,,,,,,,,,,,,,,,,,,,,,,,,5,17,0,5,2,1,12,2,1,1,2,1,1,1,1,1,1,,,,,,0,,2,40,1,1,1,1
Public Static Method,"org.apache.pdfbox.tools.imageio.ImageIOUtil.writeImage(BufferedImage,String,OutputStream,int)",tools/src/main/java/org/apache/pdfbox/tools/imageio/ImageIOUtil.java,,,,,,,,,,,,,,,,,,,,,,,,,5,24,0,10,3,4,14,3,2,3,5,2,3,2,2,2,1,,,,,,1,,1,40,2,2,2,1
Public Static Method,"org.apache.pdfbox.tools.imageio.ImageIOUtil.writeImage(BufferedImage,String,OutputStream,int,float)",tools/src/main/java/org/apache/pdfbox/tools/imageio/ImageIOUtil.java,,,,,,,,,,,,,,,,,,,,,,,,,7,23,0,5,2,1,18,2,1,1,2,1,1,1,1,1,1,,,,,,0,,3,60,1,1,1,1
Public Static Method,"org.apache.pdfbox.tools.imageio.ImageIOUtil.writeImage(BufferedImage,String,OutputStream,int,float,String)",tools/src/main/java/org/apache/pdfbox/tools/imageio/ImageIOUtil.java,,,,,,,,,,,,,,,,,,,,,,,,,10,148,5,107,12,61,36,43,1407,37,55,10,50,17,17,24,4,,,,,,5,,0,34,17,17,24,4
Public Static Method,"org.apache.pdfbox.tools.imageio.ImageIOUtil.writeImage(BufferedImage,String,int)",tools/src/main/java/org/apache/pdfbox/tools/imageio/ImageIOUtil.java,,,,,,,,,,,,,,,,,,,,,,,,,3,25,0,11,4,5,14,5,2,4,6,3,4,2,2,2,1,,,,,,1,,1,27,2,2,2,1
Public Static Method,"org.apache.pdfbox.tools.imageio.ImageIOUtil.writeImage(BufferedImage,String,int,float)",tools/src/main/java/org/apache/pdfbox/tools/imageio/ImageIOUtil.java,,,,,,,,,,,,,,,,,,,,,,,,,6,24,0,9,3,3,15,6,1,2,4,2,3,1,1,1,1,,,,,,1,,1,67,1,1,1,1
Final Class,"org.apache.pdfbox.tools.imageio.JPEGUtil",tools/src/main/java/org/apache/pdfbox/tools/imageio/JPEGUtil.java,4,4,4,1,32,1,25,6,1,9,0,,1,0,,,1,0,2,14,1,1,0,0,,72,4,53,8,26,16,,,20,29,8,24,,,,,7,7,7,1,1,1,0,0,30,8,8,8,2
Private Constructor,"org.apache.pdfbox.tools.imageio.JPEGUtil.JPEGUtil()",tools/src/main/java/org/apache/pdfbox/tools/imageio/JPEGUtil.java,,,,,,,,,,,,,,,,,,,,,,,,,0,3,0,3,1,0,0,1,1,0,1,1,0,1,1,1,1,,,,,,0,,0,00,1,1,1,1
Static Method,"org.apache.pdfbox.tools.imageio.JPEGUtil.updateMetadata(IIOMetadata,int)",tools/src/main/java/org/apache/pdfbox/tools/imageio/JPEGUtil.java,,,,,,,,,,,,,,,,,,,,,,,,,4,61,3,47,6,26,12,12,64,20,27,6,24,7,7,7,1,,,,,,1,,0,26,7,7,7,1
Public Final Class,"org.apache.pdfbox.tools.imageio.MetaUtil",tools/src/main/java/org/apache/pdfbox/tools/imageio/MetaUtil.java,2,2,2,1,17,0,15,2,1,14,0,,1,4,,,1,0,2,14,1,1,0,0,,50,5,37,13,22,9,,,19,24,13,18,,,,,3,3,3,1,1,1,0,0,24,4,4,4,2
Private Constructor,"org.apache.pdfbox.tools.imageio.MetaUtil.MetaUtil()",tools/src/main/java/org/apache/pdfbox/tools/imageio/MetaUtil.java,,,,,,,,,,,,,,,,,,,,,,,,,0,3,0,3,1,0,0,1,1,0,1,1,0,1,1,1,1,,,,,,0,,0,00,1,1,1,1
Static Method,"org.apache.pdfbox.tools.imageio.MetaUtil.debugLogMetadata(IIOMetadata,String)",tools/src/main/java/org/apache/pdfbox/tools/imageio/MetaUtil.java,,,,,,,,,,,,,,,,,,,,,,,,,10,31,1,27,7,18,4,13,3,15,18,7,17,3,3,3,1,,,,,,1,,0,15,3,3,3,1
Final Class,"org.apache.pdfbox.tools.imageio.TIFFUtil",tools/src/main/java/org/apache/pdfbox/tools/imageio/TIFFUtil.java,1,1,1,1,19,1,14,3,1,14,0,,6,1,,,1,0,7,19,1,5,0,1,,150,15,107,19,64,29,,,61,73,17,60,,,,,4,4,5,1,1,1,0,0,27,11,11,13,7
Private Constructor,"org.apache.pdfbox.tools.imageio.TIFFUtil.TIFFUtil()",tools/src/main/java/org/apache/pdfbox/tools/imageio/TIFFUtil.java,,,,,,,,,,,,,,,,,,,,,,,,,0,3,0,3,1,0,0,1,1,0,1,1,0,1,1,1,1,,,,,,0,,0,00,1,1,1,1
Private Static Method,"org.apache.pdfbox.tools.imageio.TIFFUtil.createAsciiField(int,String,String)",tools/src/main/java/org/apache/pdfbox/tools/imageio/TIFFUtil.java,,,,,,,,,,,,,,,,,,,,,,,,,4,13,0,13,2,9,0,5,1,10,11,2,9,1,1,1,1,,,,,,0,,0,00,1,1,1,1
Private Static Method,"org.apache.pdfbox.tools.imageio.TIFFUtil.createLongField(int,String,long)",tools/src/main/java/org/apache/pdfbox/tools/imageio/TIFFUtil.java,,,,,,,,,,,,,,,,,,,,,,,,,4,13,0,13,2,9,0,6,1,10,11,2,9,1,1,1,1,,,,,,0,,0,00,1,1,1,1
Private Static Method,"org.apache.pdfbox.tools.imageio.TIFFUtil.createRationalField(int,String,int,int)",tools/src/main/java/org/apache/pdfbox/tools/imageio/TIFFUtil.java,,,,,,,,,,,,,,,,,,,,,,,,,5,14,0,14,3,9,0,5,1,10,11,2,9,1,1,1,1,,,,,,0,,0,00,1,1,1,1
Private Static Method,"org.apache.pdfbox.tools.imageio.TIFFUtil.createShortField(int,String,int)",tools/src/main/java/org/apache/pdfbox/tools/imageio/TIFFUtil.java,,,,,,,,,,,,,,,,,,,,,,,,,4,13,0,13,2,9,0,5,1,10,11,2,9,1,1,1,1,,,,,,0,,0,00,1,1,1,1
Public Static Method,"org.apache.pdfbox.tools.imageio.TIFFUtil.setCompressionType(ImageWriteParam,BufferedImage)",tools/src/main/java/org/apache/pdfbox/tools/imageio/TIFFUtil.java,,,,,,,,,,,,,,,,,,,,,,,,,4,19,0,12,1,5,7,4,2,2,4,1,3,2,2,3,1,,,,,,1,,0,58,2,2,3,1
Static Method,"org.apache.pdfbox.tools.imageio.TIFFUtil.updateMetadata(IIOMetadata,BufferedImage,int)",tools/src/main/java/org/apache/pdfbox/tools/imageio/TIFFUtil.java,,,,,,,,,,,,,,,,,,,,,,,,,6,59,7,35,6,22,18,17,5,18,22,5,20,4,4,5,1,,,,,,1,,0,51,4,4,5,1
Class,"org.apache.pdfbox.tools.imageio.TestImageIOUtils",tools/src/test/java/org/apache/pdfbox/tools/imageio/TestImageIOUtils.java,2,2,2,1,28,1,20,6,1,47,0,,0,2,,,12,0,12,24,3,9,0,0,,358,30,252,67,157,78,,,138,175,62,148,,,,,8,8,8,1,1,4,0,0,31,30,30,33,13
Private Method,"org.apache.pdfbox.tools.imageio.TestImageIOUtils.checkBmpResolution(String,int)",tools/src/test/java/org/apache/pdfbox/tools/imageio/TestImageIOUtils.java,,,,,,,,,,,,,,,,,,,,,,,,,3,26,0,15,5,9,11,8,1,8,10,4,9,1,1,1,1,,,,,,1,,0,73,1,1,1,1
Private Method,"org.apache.pdfbox.tools.imageio.TestImageIOUtils.checkBufferedImageSize(String,BufferedImage,BufferedImage)",tools/src/test/java/org/apache/pdfbox/tools/imageio/TestImageIOUtils.java,,,,,,,,,,,,,,,,,,,,,,,,,5,6,0,6,2,2,0,3,1,2,3,1,2,1,1,1,1,,,,,,0,,0,00,1,1,1,1
Private Method,"org.apache.pdfbox.tools.imageio.TestImageIOUtils.checkFileTypeByContent(String,FileType)",tools/src/test/java/org/apache/pdfbox/tools/imageio/TestImageIOUtils.java,,,,,,,,,,,,,,,,,,,,,,,,,3,6,0,6,2,3,0,5,1,3,4,2,3,1,1,1,1,,,,,,0,,0,00,1,1,1,1
Private Method,"org.apache.pdfbox.tools.imageio.TestImageIOUtils.checkImageFileSize(String,BufferedImage)",tools/src/test/java/org/apache/pdfbox/tools/imageio/TestImageIOUtils.java,,,,,,,,,,,,,,,,,,,,,,,,,3,15,0,8,3,4,7,5,1,4,5,2,4,1,1,1,1,,,,,,0,,0,88,1,1,1,1
Private Method,"org.apache.pdfbox.tools.imageio.TestImageIOUtils.checkImageFileSizeAndContent(String,BufferedImage)",tools/src/test/java/org/apache/pdfbox/tools/imageio/TestImageIOUtils.java,,,,,,,,,,,,,,,,,,,,,,,,,3,25,0,18,3,8,7,10,4,9,13,4,10,4,4,4,1,,,,,,3,,0,39,4,4,4,1
Private Method,"org.apache.pdfbox.tools.imageio.TestImageIOUtils.checkNotBlank(String,BufferedImage)",tools/src/test/java/org/apache/pdfbox/tools/imageio/TestImageIOUtils.java,,,,,,,,,,,,,,,,,,,,,,,,,4,15,0,14,4,7,1,7,3,9,12,6,9,3,3,3,1,,,,,,2,,0,07,3,3,3,1
Private Method,"org.apache.pdfbox.tools.imageio.TestImageIOUtils.checkResolution(String,int)",tools/src/test/java/org/apache/pdfbox/tools/imageio/TestImageIOUtils.java,,,,,,,,,,,,,,,,,,,,,,,,,4,48,2,37,13,29,9,26,2,27,30,12,29,2,2,2,1,,,,,,1,,0,24,2,2,2,1
Method,"org.apache.pdfbox.tools.imageio.TestImageIOUtils.checkSaveResources(PDResources)",tools/src/test/java/org/apache/pdfbox/tools/imageio/TestImageIOUtils.java,,,,,,,,,,,,,,,,,,,,,,,,,2,41,0,34,6,17,7,9,9,9,18,6,15,8,8,8,1,,,,,,4,,0,21,8,8,8,1
Method,"org.apache.pdfbox.tools.imageio.TestImageIOUtils.checkTiffCompression(String,String)",tools/src/test/java/org/apache/pdfbox/tools/imageio/TestImageIOUtils.java,,,,,,,,,,,,,,,,,,,,,,,,,4,24,0,16,8,11,8,14,1,10,12,8,11,1,1,1,1,,,,,,1,,0,50,1,1,1,1
Private Method,"org.apache.pdfbox.tools.imageio.TestImageIOUtils.doTestFile(File,String)",tools/src/test/java/org/apache/pdfbox/tools/imageio/TestImageIOUtils.java,,,,,,,,,,,,,,,,,,,,,,,,,11,78,10,52,4,43,17,11,2,40,43,4,39,2,2,2,1,,,,,,1,,0,33,2,2,2,1
Method,"org.apache.pdfbox.tools.imageio.TestImageIOUtils.testRenderImage()",tools/src/test/java/org/apache/pdfbox/tools/imageio/TestImageIOUtils.java,,,,,,,,,,,,,,,,,,,,,,,,,1,25,3,17,6,9,5,6,4,6,10,5,6,3,3,3,1,,,,,,1,,0,29,4,4,5,2
Lambda Method,"org.apache.pdfbox.tools.imageio.TestImageIOUtils.testRenderImage.(lambda_expr_1)(File (inferred),String (inferred))",tools/src/test/java/org/apache/pdfbox/tools/imageio/TestImageIOUtils.java,,,,,,,,,,,,,,,,,,,,,,,,,1,1,0,1,0,1,0,2,1,0,0,0,0,1,1,2,1,,,,,,0,,0,00,1,1,2,1
Private Method,"org.apache.pdfbox.tools.imageio.TestImageIOUtils.writeImage(PDDocument,String,String,ImageType,float,float,String)",tools/src/test/java/org/apache/pdfbox/tools/imageio/TestImageIOUtils.java,,,,,,,,,,,,,,,,,,,,,,,,,10,27,1,24,8,13,3,11,2,9,12,5,10,2,2,4,1,,,,,,1,,0,12,2,2,4,1
Package,"org.apache.pdfbox.util",pdfbox/src/main/java/org/apache/pdfbox/util/DateConverter.java,1,1,2,1,17,0,12,4,,,,15,47,21,14,,101,6,148,,34,35,0,79,,3659,335,2045,598,1097,1332,,,1063,1347,537,943,,,,,9,9,15,7,,3,,0,65,272,272,313,193
Public Final Class,"org.apache.pdfbox.util.DateConverter",pdfbox/src/main/java/org/apache/pdfbox/util/DateConverter.java,3,3,3,2,23,0,18,5,1,17,0,,16,9,,,1,0,17,29,3,10,0,4,,683,33,343,96,208,331,,,143,192,71,155,,,,,9,9,15,7,1,2,0,0,97,52,52,67,38
Private Constructor,"org.apache.pdfbox.util.DateConverter.DateConverter()",pdfbox/src/main/java/org/apache/pdfbox/util/DateConverter.java,,,,,,,,,,,,,,,,,,,,,,,,,0,3,0,3,1,0,0,1,1,0,1,1,0,1,1,1,1,,,,,,0,,0,00,1,1,1,1
Private Static Method,"org.apache.pdfbox.util.DateConverter.adjustTimeZoneNicely(GregorianCalendar,TimeZone)",pdfbox/src/main/java/org/apache/pdfbox/util/DateConverter.java,,,,,,,,,,,,,,,,,,,,,,,,,7,7,0,7,3,4,0,3,1,3,4,2,3,1,1,1,1,,,,,,0,,0,00,1,1,1,1
Static Method,"org.apache.pdfbox.util.DateConverter.formatTZoffset(long,String)",pdfbox/src/main/java/org/apache/pdfbox/util/DateConverter.java,,,,,,,,,,,,,,,,,,,,,,,,,6,7,0,7,3,4,1,9,1,4,5,3,4,1,1,1,1,,,,,,0,,0,14,1,1,1,1
Static Method,"org.apache.pdfbox.util.DateConverter.newGreg()",pdfbox/src/main/java/org/apache/pdfbox/util/DateConverter.java,,,,,,,,,,,,,,,,,,,,,,,,,5,7,0,7,2,4,0,5,1,4,5,2,4,1,1,1,1,,,,,,0,,0,00,1,1,1,1
Private Static Method,"org.apache.pdfbox.util.DateConverter.parseBigEndianDate(String,ParsePosition)",pdfbox/src/main/java/org/apache/pdfbox/util/DateConverter.java,,,,,,,,,,,,,,,,,,,,,,,,,5,43,1,39,11,27,4,10,5,23,27,10,26,4,4,4,3,,,,,,1,,0,10,4,4,4,3
Private Static Method,"org.apache.pdfbox.util.DateConverter.parseDate(String,ParsePosition)",pdfbox/src/main/java/org/apache/pdfbox/util/DateConverter.java,,,,,,,,,,,,,,,,,,,,,,,,,5,70,6,54,10,35,12,14,16,24,32,8,28,9,9,15,7,,,,,,2,,0,22,9,9,15,7
Private Static Method,"org.apache.pdfbox.util.DateConverter.parseSimpleDate(String,String[],ParsePosition)",pdfbox/src/main/java/org/apache/pdfbox/util/DateConverter.java,,,,,,,,,,,,,,,,,,,,,,,,,5,18,0,18,5,10,0,9,3,8,12,5,10,3,3,3,3,,,,,,2,,0,00,3,3,3,3
Static Method,"org.apache.pdfbox.util.DateConverter.parseTZoffset(String,GregorianCalendar,ParsePosition)",pdfbox/src/main/java/org/apache/pdfbox/util/DateConverter.java,,,,,,,,,,,,,,,,,,,,,,,,,7,45,2,38,10,25,5,18,4,20,24,8,21,6,6,8,4,,,,,,2,,0,13,6,6,8,4
Private Static Method,"org.apache.pdfbox.util.DateConverter.parseTimeField(String,ParsePosition,int,int)",pdfbox/src/main/java/org/apache/pdfbox/util/DateConverter.java,,,,,,,,,,,,,,,,,,,,,,,,,6,31,0,25,5,14,6,6,7,12,16,5,14,5,5,6,5,,,,,,2,,0,24,5,5,6,5
Private Static Method,"org.apache.pdfbox.util.DateConverter.restrainTZoffset(long)",pdfbox/src/main/java/org/apache/pdfbox/util/DateConverter.java,,,,,,,,,,,,,,,,,,,,,,,,,6,19,0,14,1,7,5,1,3,5,8,1,7,3,3,4,3,,,,,,1,,0,36,3,3,4,3
Private Static Method,"org.apache.pdfbox.util.DateConverter.skipOptionals(String,ParsePosition,String)",pdfbox/src/main/java/org/apache/pdfbox/util/DateConverter.java,,,,,,,,,,,,,,,,,,,,,,,,,8,12,0,12,3,6,0,6,2,5,7,3,4,3,3,4,1,,,,,,1,,0,00,3,3,4,1
Private Static Method,"org.apache.pdfbox.util.DateConverter.skipString(String,String,ParsePosition)",pdfbox/src/main/java/org/apache/pdfbox/util/DateConverter.java,,,,,,,,,,,,,,,,,,,,,,,,,5,9,0,9,1,4,0,5,2,3,5,1,4,2,2,2,1,,,,,,1,,0,00,2,2,2,1
Public Static Method,"org.apache.pdfbox.util.DateConverter.toCalendar(COSString)",pdfbox/src/main/java/org/apache/pdfbox/util/DateConverter.java,,,,,,,,,,,,,,,,,,,,,,,,,3,17,0,8,1,3,9,3,2,2,4,1,3,2,2,2,1,,,,,,1,,1,12,2,2,2,1
Public Static Method,"org.apache.pdfbox.util.DateConverter.toCalendar(String)",pdfbox/src/main/java/org/apache/pdfbox/util/DateConverter.java,,,,,,,,,,,,,,,,,,,,,,,,,11,28,2,16,3,9,10,9,3,7,10,3,9,3,3,5,3,,,,,,1,,0,62,3,3,5,3
Public Static Method,"org.apache.pdfbox.util.DateConverter.toISO8601(Calendar)",pdfbox/src/main/java/org/apache/pdfbox/util/DateConverter.java,,,,,,,,,,,,,,,,,,,,,,,,,6,22,0,13,3,10,15,4,1,2,3,2,2,1,1,1,1,,,,,,0,,1,15,1,1,1,1
Public Static Method,"org.apache.pdfbox.util.DateConverter.toString(Calendar)",pdfbox/src/main/java/org/apache/pdfbox/util/DateConverter.java,,,,,,,,,,,,,,,,,,,,,,,,,7,25,0,15,3,10,14,4,2,3,5,2,4,2,2,2,1,,,,,,1,,0,93,2,2,2,1
Private Static Method,"org.apache.pdfbox.util.DateConverter.updateZoneId(TimeZone)",pdfbox/src/main/java/org/apache/pdfbox/util/DateConverter.java,,,,,,,,,,,,,,,,,,,,,,,,,3,35,0,28,5,15,7,3,8,10,15,5,11,5,5,7,1,,,,,,1,,0,25,5,5,7,1
Public Final Class,"org.apache.pdfbox.util.Hex",pdfbox/src/main/java/org/apache/pdfbox/util/Hex.java,1,1,1,1,13,0,7,5,1,12,0,,12,3,,,1,0,13,25,0,3,0,10,,204,16,108,26,50,81,,,45,68,30,44,,,,,4,4,5,4,1,3,0,0,75,20,20,21,16
Private Constructor,"org.apache.pdfbox.util.Hex.Hex()",pdfbox/src/main/java/org/apache/pdfbox/util/Hex.java,,,,,,,,,,,,,,,,,,,,,,,,,0,1,0,1,1,0,0,1,1,0,1,1,0,1,1,1,1,,,,,,0,,0,00,1,1,1,1
Public Static Method,"org.apache.pdfbox.util.Hex.decodeBase64(String)",pdfbox/src/main/java/org/apache/pdfbox/util/Hex.java,,,,,,,,,,,,,,,,,,,,,,,,,3,13,0,4,1,1,9,4,1,1,2,1,1,1,1,1,1,,,,,,0,,2,25,1,1,1,1
Public Static Method,"org.apache.pdfbox.util.Hex.decodeHex(String)",pdfbox/src/main/java/org/apache/pdfbox/util/Hex.java,,,,,,,,,,,,,,,,,,,,,,,,,6,33,0,27,4,14,7,9,4,9,13,4,11,4,4,5,4,,,,,,3,,0,26,4,4,5,4
Public Static Method,"org.apache.pdfbox.util.Hex.getBytes(byte)",pdfbox/src/main/java/org/apache/pdfbox/util/Hex.java,,,,,,,,,,,,,,,,,,,,,,,,,4,7,0,4,1,1,3,3,1,1,2,1,1,1,1,1,1,,,,,,0,,0,75,1,1,1,1
Public Static Method,"org.apache.pdfbox.util.Hex.getBytes(byte[])",pdfbox/src/main/java/org/apache/pdfbox/util/Hex.java,,,,,,,,,,,,,,,,,,,,,,,,,7,13,0,10,2,5,3,3,2,6,8,3,5,2,2,2,1,,,,,,1,,0,30,2,2,2,1
Public Static Method,"org.apache.pdfbox.util.Hex.getChars(short)",pdfbox/src/main/java/org/apache/pdfbox/util/Hex.java,,,,,,,,,,,,,,,,,,,,,,,,,4,12,0,9,2,6,3,1,1,6,7,2,5,1,1,1,1,,,,,,0,,0,33,1,1,1,1
Public Static Method,"org.apache.pdfbox.util.Hex.getCharsUTF16BE(String)",pdfbox/src/main/java/org/apache/pdfbox/util/Hex.java,,,,,,,,,,,,,,,,,,,,,,,,,4,30,2,13,3,8,15,3,2,9,11,4,9,2,2,2,1,,,,,,1,,1,15,2,2,2,1
Private Static Method,"org.apache.pdfbox.util.Hex.getHighNibble(byte)",pdfbox/src/main/java/org/apache/pdfbox/util/Hex.java,,,,,,,,,,,,,,,,,,,,,,,,,6,10,0,4,1,1,6,1,1,1,2,1,1,1,1,1,1,,,,,,0,,1,50,1,1,1,1
Private Static Method,"org.apache.pdfbox.util.Hex.getLowNibble(byte)",pdfbox/src/main/java/org/apache/pdfbox/util/Hex.java,,,,,,,,,,,,,,,,,,,,,,,,,6,10,0,4,1,1,6,1,1,1,2,1,1,1,1,1,1,,,,,,0,,1,50,1,1,1,1
Public Static Method,"org.apache.pdfbox.util.Hex.getString(byte)",pdfbox/src/main/java/org/apache/pdfbox/util/Hex.java,,,,,,,,,,,,,,,,,,,,,,,,,3,8,0,5,2,2,3,4,1,2,3,2,1,1,1,1,1,,,,,,0,,0,60,1,1,1,1
Public Static Method,"org.apache.pdfbox.util.Hex.getString(byte[])",pdfbox/src/main/java/org/apache/pdfbox/util/Hex.java,,,,,,,,,,,,,,,,,,,,,,,,,12,12,0,9,2,4,3,6,2,3,6,3,4,2,2,2,1,,,,,,1,,0,33,2,2,2,1
Public Static Method,"org.apache.pdfbox.util.Hex.writeHexByte(byte,OutputStream)",pdfbox/src/main/java/org/apache/pdfbox/util/Hex.java,,,,,,,,,,,,,,,,,,,,,,,,,6,11,0,5,1,2,6,3,1,2,3,1,2,1,1,1,1,,,,,,0,,1,20,1,1,1,1
Public Static Method,"org.apache.pdfbox.util.Hex.writeHexBytes(byte[],OutputStream)",pdfbox/src/main/java/org/apache/pdfbox/util/Hex.java,,,,,,,,,,,,,,,,,,,,,,,,,3,13,0,7,1,2,6,1,2,1,4,2,2,2,2,2,1,,,,,,1,,0,86,2,2,2,1
Public Final Class,"org.apache.pdfbox.util.IterativeMergeSort",pdfbox/src/main/java/org/apache/pdfbox/util/IterativeMergeSort.java,3,3,3,1,24,1,15,7,1,5,0,,3,0,,,1,0,4,16,0,3,0,1,,125,7,66,11,28,52,,,23,39,14,28,,,,,7,7,7,1,1,2,0,0,79,14,14,14,4
Private Constructor,"org.apache.pdfbox.util.IterativeMergeSort.IterativeMergeSort()",pdfbox/src/main/java/org/apache/pdfbox/util/IterativeMergeSort.java,,,,,,,,,,,,,,,,,,,,,,,,,0,4,0,3,1,0,1,1,1,0,1,1,0,1,1,1,1,,,,,,0,,0,33,1,1,1,1
Private Static Generic Method,"org.apache.pdfbox.util.IterativeMergeSort.iterativeMergeSort(T[],Comparator<? super T>)",pdfbox/src/main/java/org/apache/pdfbox/util/IterativeMergeSort.java,,,,,,,,,,,,,,,,,,,,,,,,,4,20,2,11,2,4,7,3,3,6,9,4,6,3,3,3,1,,,,,,2,,0,64,3,3,3,1
TypeVariable,"org.apache.pdfbox.util.IterativeMergeSort.iterativeMergeSort.T",pdfbox/src/main/java/org/apache/pdfbox/util/IterativeMergeSort.java,0,0,0,0,0,0,0,0,1,0,0,,0,0,,,0,0,0,0,0,0,0,0,,0,0,0,0,0,0,,,0,0,0,0,,,,,0,0,0,0,1,0,0,0,00,0,0,0,0
Private Static Generic Method,"org.apache.pdfbox.util.IterativeMergeSort.merge(T[],T[],int,int,int,Comparator<? super T>)",pdfbox/src/main/java/org/apache/pdfbox/util/IterativeMergeSort.java,,,,,,,,,,,,,,,,,,,,,,,,,8,46,0,33,3,16,13,4,11,11,18,4,14,7,7,7,1,,,,,,2,,0,39,7,7,7,1
TypeVariable,"org.apache.pdfbox.util.IterativeMergeSort.merge.T",pdfbox/src/main/java/org/apache/pdfbox/util/IterativeMergeSort.java,0,0,0,0,0,0,0,0,1,0,0,,0,0,,,0,0,0,0,0,0,0,0,,0,0,0,0,0,0,,,0,0,0,0,,,,,0,0,0,0,1,0,0,0,00,0,0,0,0
Public Static Generic Method,"org.apache.pdfbox.util.IterativeMergeSort.sort(List<T>,Comparator<? super T>)",pdfbox/src/main/java/org/apache/pdfbox/util/IterativeMergeSort.java,,,,,,,,,,,,,,,,,,,,,,,,,4,27,2,16,4,8,9,7,3,6,10,4,8,3,3,3,1,,,,,,1,,0,56,3,3,3,1
TypeVariable,"org.apache.pdfbox.util.IterativeMergeSort.sort.T",pdfbox/src/main/java/org/apache/pdfbox/util/IterativeMergeSort.java,0,0,0,0,0,0,0,0,1,0,0,,0,0,,,0,0,0,0,0,0,0,0,,0,0,0,0,0,0,,,0,0,0,0,,,,,0,0,0,0,1,0,0,0,00,0,0,0,0
Public Final Class,"org.apache.pdfbox.util.Matrix",pdfbox/src/main/java/org/apache/pdfbox/util/Matrix.java,1,1,1,1,13,0,7,6,2,14,0,,5,1,,,33,1,38,50,0,4,0,34,,568,39,293,73,153,239,,,133,182,70,119,,,,,5,5,10,5,1,2,23,0,82,48,48,56,45
Public Constructor,"org.apache.pdfbox.util.Matrix.Matrix()",pdfbox/src/main/java/org/apache/pdfbox/util/Matrix.java,,,,,,,,,,,,,,,,,,,,,,,,,14,14,0,4,1,1,10,2,1,1,2,1,1,1,1,1,1,,,,,,0,,2,50,1,1,1,1
Public Constructor,"org.apache.pdfbox.util.Matrix.Matrix(AffineTransform)",pdfbox/src/main/java/org/apache/pdfbox/util/Matrix.java,,,,,,,,,,,,,,,,,,,,,,,,,8,20,0,11,1,8,9,8,1,8,9,1,8,1,1,1,1,,,,,,0,,0,82,1,1,1,1
Private Constructor,"org.apache.pdfbox.util.Matrix.Matrix(COSArray)",pdfbox/src/main/java/org/apache/pdfbox/util/Matrix.java,,,,,,,,,,,,,,,,,,,,,,,,,3,16,0,11,1,8,5,4,1,8,9,1,8,1,1,1,1,,,,,,0,,0,45,1,1,1,1
Public Constructor,"org.apache.pdfbox.util.Matrix.Matrix(float,float,float,float,float,float)",pdfbox/src/main/java/org/apache/pdfbox/util/Matrix.java,,,,,,,,,,,,,,,,,,,,,,,,,28,33,0,11,1,8,22,2,1,8,9,1,8,1,1,1,1,,,,,,0,,2,00,1,1,1,1
Private Constructor,"org.apache.pdfbox.util.Matrix.Matrix(float[])",pdfbox/src/main/java/org/apache/pdfbox/util/Matrix.java,,,,,,,,,,,,,,,,,,,,,,,,,2,8,0,4,1,1,4,2,1,1,2,1,1,1,1,1,1,,,,,,0,,1,00,1,1,1,1
Private Method,"org.apache.pdfbox.util.Matrix.checkFloatValues(float[])",pdfbox/src/main/java/org/apache/pdfbox/util/Matrix.java,,,,,,,,,,,,,,,,,,,,,,,,,5,8,0,8,1,5,0,3,2,2,4,1,3,2,2,10,1,,,,,,1,,0,00,2,2,10,1
Public Method,"org.apache.pdfbox.util.Matrix.clone()",pdfbox/src/main/java/org/apache/pdfbox/util/Matrix.java,,,,,,,,,,,,,,,,,,,,,,,,,13,9,0,5,2,1,4,2,1,1,2,1,1,1,1,1,1,,,,,,0,,0,80,1,1,1,1
Public Method,"org.apache.pdfbox.util.Matrix.concatenate(Matrix)",pdfbox/src/main/java/org/apache/pdfbox/util/Matrix.java,,,,,,,,,,,,,,,,,,,,,,,,,12,9,0,4,1,1,5,3,1,1,2,1,1,1,1,1,1,,,,,,0,,1,25,1,1,1,1
Public Static Method,"org.apache.pdfbox.util.Matrix.concatenate(Matrix,Matrix)",pdfbox/src/main/java/org/apache/pdfbox/util/Matrix.java,,,,,,,,,,,,,,,,,,,,,,,,,10,10,0,4,1,1,6,2,1,1,2,1,1,1,1,1,1,,,,,,0,,1,50,1,1,1,1
Public Method,"org.apache.pdfbox.util.Matrix.createAffineTransform()",pdfbox/src/main/java/org/apache/pdfbox/util/Matrix.java,,,,,,,,,,,,,,,,,,,,,,,,,23,12,0,7,1,4,8,2,1,1,2,1,1,1,1,1,1,,,,,,0,,1,14,1,1,1,1
Public Static Method,"org.apache.pdfbox.util.Matrix.createMatrix(COSBase)",pdfbox/src/main/java/org/apache/pdfbox/util/Matrix.java,,,,,,,,,,,,,,,,,,,,,,,,,6,29,0,20,2,9,9,5,5,7,12,3,9,5,5,5,5,,,,,,2,,0,45,5,5,5,5
Public Method,"org.apache.pdfbox.util.Matrix.equals(Object)",pdfbox/src/main/java/org/apache/pdfbox/util/Matrix.java,,,,,,,,,,,,,,,,,,,,,,,,,4,17,0,17,2,7,0,3,4,4,8,1,7,4,4,4,4,,,,,,1,,0,00,4,4,4,4
Public Static Method,"org.apache.pdfbox.util.Matrix.getRotateInstance(double,float,float)",pdfbox/src/main/java/org/apache/pdfbox/util/Matrix.java,,,,,,,,,,,,,,,,,,,,,,,,,16,15,1,6,3,3,8,4,1,3,4,3,3,1,1,1,1,,,,,,0,,1,33,1,1,1,1
Public Static Method,"org.apache.pdfbox.util.Matrix.getScaleInstance(float,float)",pdfbox/src/main/java/org/apache/pdfbox/util/Matrix.java,,,,,,,,,,,,,,,,,,,,,,,,,15,16,0,4,1,1,12,2,1,1,2,1,1,1,1,1,1,,,,,,0,,3,00,1,1,1,1
Public Method,"org.apache.pdfbox.util.Matrix.getScaleX()",pdfbox/src/main/java/org/apache/pdfbox/util/Matrix.java,,,,,,,,,,,,,,,,,,,,,,,,,5,9,0,4,1,1,5,1,1,1,2,1,1,1,1,1,1,,,,,,0,,1,25,1,1,1,1
Public Method,"org.apache.pdfbox.util.Matrix.getScaleY()",pdfbox/src/main/java/org/apache/pdfbox/util/Matrix.java,,,,,,,,,,,,,,,,,,,,,,,,,5,9,0,4,1,1,5,1,1,1,2,1,1,1,1,1,1,,,,,,0,,1,25,1,1,1,1
Public Method,"org.apache.pdfbox.util.Matrix.getScalingFactorX()",pdfbox/src/main/java/org/apache/pdfbox/util/Matrix.java,,,,,,,,,,,,,,,,,,,,,,,,,14,31,0,9,1,4,22,4,2,2,4,1,3,2,2,2,1,,,,,,1,,2,44,2,2,2,1
Public Method,"org.apache.pdfbox.util.Matrix.getScalingFactorY()",pdfbox/src/main/java/org/apache/pdfbox/util/Matrix.java,,,,,,,,,,,,,,,,,,,,,,,,,14,14,0,9,1,4,5,4,2,2,4,1,3,2,2,2,1,,,,,,1,,0,56,2,2,2,1
Public Method,"org.apache.pdfbox.util.Matrix.getShearX()",pdfbox/src/main/java/org/apache/pdfbox/util/Matrix.java,,,,,,,,,,,,,,,,,,,,,,,,,3,7,0,4,1,1,3,1,1,1,2,1,1,1,1,1,1,,,,,,0,,0,75,1,1,1,1
Public Method,"org.apache.pdfbox.util.Matrix.getShearY()",pdfbox/src/main/java/org/apache/pdfbox/util/Matrix.java,,,,,,,,,,,,,,,,,,,,,,,,,4,7,0,4,1,1,3,1,1,1,2,1,1,1,1,1,1,,,,,,0,,0,75,1,1,1,1
Public Static Method,"org.apache.pdfbox.util.Matrix.getTranslateInstance(float,float)",pdfbox/src/main/java/org/apache/pdfbox/util/Matrix.java,,,,,,,,,,,,,,,,,,,,,,,,,18,16,0,4,1,1,12,2,1,1,2,1,1,1,1,1,1,,,,,,0,,3,00,1,1,1,1
Public Method,"org.apache.pdfbox.util.Matrix.getTranslateX()",pdfbox/src/main/java/org/apache/pdfbox/util/Matrix.java,,,,,,,,,,,,,,,,,,,,,,,,,7,7,0,4,1,1,3,1,1,1,2,1,1,1,1,1,1,,,,,,0,,0,75,1,1,1,1
Public Method,"org.apache.pdfbox.util.Matrix.getTranslateY()",pdfbox/src/main/java/org/apache/pdfbox/util/Matrix.java,,,,,,,,,,,,,,,,,,,,,,,,,7,7,0,4,1,1,3,1,1,1,2,1,1,1,1,1,1,,,,,,0,,0,75,1,1,1,1
Public Method,"org.apache.pdfbox.util.Matrix.getValue(int,int)",pdfbox/src/main/java/org/apache/pdfbox/util/Matrix.java,,,,,,,,,,,,,,,,,,,,,,,,,6,12,0,4,1,1,8,1,1,1,2,1,1,1,1,1,1,,,,,,0,,2,00,1,1,1,1
Public Method,"org.apache.pdfbox.util.Matrix.getValues()",pdfbox/src/main/java/org/apache/pdfbox/util/Matrix.java,,,,,,,,,,,,,,,,,,,,,,,,,3,19,0,14,2,11,5,1,1,11,12,2,10,1,1,1,1,,,,,,0,,0,36,1,1,1,1
Public Method,"org.apache.pdfbox.util.Matrix.hashCode()",pdfbox/src/main/java/org/apache/pdfbox/util/Matrix.java,,,,,,,,,,,,,,,,,,,,,,,,,3,5,0,5,2,1,0,2,1,1,2,1,1,1,1,1,1,,,,,,0,,0,00,1,1,1,1
Public Method,"org.apache.pdfbox.util.Matrix.multiply(Matrix)",pdfbox/src/main/java/org/apache/pdfbox/util/Matrix.java,,,,,,,,,,,,,,,,,,,,,,,,,12,11,0,4,1,1,7,4,1,1,2,1,1,1,1,1,1,,,,,,0,,1,75,1,1,1,1
Private Method,"org.apache.pdfbox.util.Matrix.multiplyArrays(float[],float[])",pdfbox/src/main/java/org/apache/pdfbox/util/Matrix.java,,,,,,,,,,,,,,,,,,,,,,,,,5,14,0,14,2,11,0,1,1,11,12,2,10,1,1,1,1,,,,,,0,,0,00,1,1,1,1
Public Method,"org.apache.pdfbox.util.Matrix.rotate(double)",pdfbox/src/main/java/org/apache/pdfbox/util/Matrix.java,,,,,,,,,,,,,,,,,,,,,,,,,3,9,0,4,1,1,5,2,1,1,2,1,1,1,1,1,1,,,,,,0,,1,25,1,1,1,1
Public Method,"org.apache.pdfbox.util.Matrix.scale(float,float)",pdfbox/src/main/java/org/apache/pdfbox/util/Matrix.java,,,,,,,,,,,,,,,,,,,,,,,,,6,16,0,10,1,7,6,2,1,7,8,1,7,1,1,1,1,,,,,,0,,0,60,1,1,1,1
Public Method,"org.apache.pdfbox.util.Matrix.setValue(int,int,float)",pdfbox/src/main/java/org/apache/pdfbox/util/Matrix.java,,,,,,,,,,,,,,,,,,,,,,,,,9,11,0,4,1,1,7,1,1,1,2,1,1,1,1,1,1,,,,,,0,,1,75,1,1,1,1
Public Method,"org.apache.pdfbox.util.Matrix.toCOSArray()",pdfbox/src/main/java/org/apache/pdfbox/util/Matrix.java,,,,,,,,,,,,,,,,,,,,,,,,,2,17,0,11,2,8,6,4,1,8,9,2,8,1,1,1,1,,,,,,0,,0,55,1,1,1,1
Public Method,"org.apache.pdfbox.util.Matrix.toString()",pdfbox/src/main/java/org/apache/pdfbox/util/Matrix.java,,,,,,,,,,,,,,,,,,,,,,,,,1,11,0,11,2,7,0,1,1,1,2,1,1,1,1,1,1,,,,,,0,,0,00,1,1,1,1
Public Method,"org.apache.pdfbox.util.Matrix.transform(Point2D)",pdfbox/src/main/java/org/apache/pdfbox/util/Matrix.java,,,,,,,,,,,,,,,,,,,,,,,,,2,17,0,12,9,9,5,3,1,9,10,9,3,1,1,1,1,,,,,,0,,0,42,1,1,1,1
Public Method,"org.apache.pdfbox.util.Matrix.transform(Vector)",pdfbox/src/main/java/org/apache/pdfbox/util/Matrix.java,,,,,,,,,,,,,,,,,,,,,,,,,3,17,0,12,9,9,5,4,1,9,10,9,3,1,1,1,1,,,,,,0,,0,42,1,1,1,1
Public Method,"org.apache.pdfbox.util.Matrix.transformPoint(float,float)",pdfbox/src/main/java/org/apache/pdfbox/util/Matrix.java,,,,,,,,,,,,,,,,,,,,,,,,,10,16,0,10,7,7,6,1,1,7,8,7,1,1,1,1,1,,,,,,0,,0,60,1,1,1,1
Public Method,"org.apache.pdfbox.util.Matrix.translate(Vector)",pdfbox/src/main/java/org/apache/pdfbox/util/Matrix.java,,,,,,,,,,,,,,,,,,,,,,,,,2,9,0,4,1,1,5,3,1,1,2,1,1,1,1,1,1,,,,,,0,,1,25,1,1,1,1
Public Method,"org.apache.pdfbox.util.Matrix.translate(float,float)",pdfbox/src/main/java/org/apache/pdfbox/util/Matrix.java,,,,,,,,,,,,,,,,,,,,,,,,,11,13,0,7,1,4,6,2,1,4,5,1,4,1,1,1,1,,,,,,0,,0,86,1,1,1,1
Class,"org.apache.pdfbox.util.MatrixTest",pdfbox/src/test/java/org/apache/pdfbox/util/MatrixTest.java,1,1,1,1,18,1,13,3,1,13,0,,0,0,,,16,0,16,28,13,2,0,1,,321,41,224,67,146,56,,,154,178,61,147,,,,,3,3,3,1,1,2,0,0,25,27,27,27,20
Private Method,"org.apache.pdfbox.util.MatrixTest.assertMatrixIsPristine(Matrix)",pdfbox/src/test/java/org/apache/pdfbox/util/MatrixTest.java,,,,,,,,,,,,,,,,,,,,,,,,,3,10,0,4,1,1,6,1,1,1,2,1,1,1,1,1,1,,,,,,0,,1,50,1,1,1,1
Private Method,"org.apache.pdfbox.util.MatrixTest.assertMatrixValuesEqualTo(float[],Matrix)",pdfbox/src/test/java/org/apache/pdfbox/util/MatrixTest.java,,,,,,,,,,,,,,,,,,,,,,,,,6,20,0,13,5,8,7,7,2,8,10,6,6,2,2,2,1,,,,,,1,,0,54,2,2,2,1
Method,"org.apache.pdfbox.util.MatrixTest.testConstructionAndCopy()",pdfbox/src/test/java/org/apache/pdfbox/util/MatrixTest.java,,,,,,,,,,,,,,,,,,,,,,,,,0,10,1,9,4,5,0,4,1,5,6,3,5,1,1,1,1,,,,,,0,,0,00,1,1,1,1
Method,"org.apache.pdfbox.util.MatrixTest.testCreateMatrixUsingInvalidInput()",pdfbox/src/test/java/org/apache/pdfbox/util/MatrixTest.java,,,,,,,,,,,,,,,,,,,,,,,,,1,22,2,17,4,11,3,4,2,12,14,4,12,2,2,2,1,,,,,,1,,0,18,2,2,2,1
Method,"org.apache.pdfbox.util.MatrixTest.testGetScalingFactor()",pdfbox/src/test/java/org/apache/pdfbox/util/MatrixTest.java,,,,,,,,,,,,,,,,,,,,,,,,,0,13,1,10,4,6,2,6,1,6,7,3,6,1,1,1,1,,,,,,0,,0,20,1,1,1,1
Method,"org.apache.pdfbox.util.MatrixTest.testGetValues()",pdfbox/src/test/java/org/apache/pdfbox/util/MatrixTest.java,,,,,,,,,,,,,,,,,,,,,,,,,0,15,0,15,4,11,0,3,1,11,12,3,11,1,1,1,1,,,,,,0,,0,00,1,1,1,1
Method,"org.apache.pdfbox.util.MatrixTest.testIllegalValueNaN1()",pdfbox/src/test/java/org/apache/pdfbox/util/MatrixTest.java,,,,,,,,,,,,,,,,,,,,,,,,,2,7,0,7,3,3,0,3,1,3,4,2,3,1,1,1,1,,,,,,0,,0,00,2,2,2,2
Lambda Method,"org.apache.pdfbox.util.MatrixTest.testIllegalValueNaN1.(lambda_expr_1)()",pdfbox/src/test/java/org/apache/pdfbox/util/MatrixTest.java,,,,,,,,,,,,,,,,,,,,,,,,,0,1,0,1,0,1,0,2,1,0,0,0,0,1,1,1,1,,,,,,0,,0,00,1,1,1,1
Method,"org.apache.pdfbox.util.MatrixTest.testIllegalValueNaN2()",pdfbox/src/test/java/org/apache/pdfbox/util/MatrixTest.java,,,,,,,,,,,,,,,,,,,,,,,,,2,7,0,7,3,3,0,3,1,3,4,2,3,1,1,1,1,,,,,,0,,0,00,2,2,2,2
Lambda Method,"org.apache.pdfbox.util.MatrixTest.testIllegalValueNaN2.(lambda_expr_1)()",pdfbox/src/test/java/org/apache/pdfbox/util/MatrixTest.java,,,,,,,,,,,,,,,,,,,,,,,,,0,1,0,1,0,1,0,2,1,0,0,0,0,1,1,1,1,,,,,,0,,0,00,1,1,1,1
Method,"org.apache.pdfbox.util.MatrixTest.testIllegalValueNegativeInfinity()",pdfbox/src/test/java/org/apache/pdfbox/util/MatrixTest.java,,,,,,,,,,,,,,,,,,,,,,,,,2,7,0,7,3,3,0,3,1,3,4,2,3,1,1,1,1,,,,,,0,,0,00,2,2,2,2
Lambda Method,"org.apache.pdfbox.util.MatrixTest.testIllegalValueNegativeInfinity.(lambda_expr_1)()",pdfbox/src/test/java/org/apache/pdfbox/util/MatrixTest.java,,,,,,,,,,,,,,,,,,,,,,,,,0,1,0,1,0,1,0,2,1,0,0,0,0,1,1,1,1,,,,,,0,,0,00,1,1,1,1
Method,"org.apache.pdfbox.util.MatrixTest.testIllegalValuePositiveInfinity()",pdfbox/src/test/java/org/apache/pdfbox/util/MatrixTest.java,,,,,,,,,,,,,,,,,,,,,,,,,2,7,0,7,3,3,0,3,1,3,4,2,3,1,1,1,1,,,,,,0,,0,00,2,2,2,2
Lambda Method,"org.apache.pdfbox.util.MatrixTest.testIllegalValuePositiveInfinity.(lambda_expr_1)()",pdfbox/src/test/java/org/apache/pdfbox/util/MatrixTest.java,,,,,,,,,,,,,,,,,,,,,,,,,0,1,0,1,0,1,0,2,1,0,0,0,0,1,1,1,1,,,,,,0,,0,00,1,1,1,1
Method,"org.apache.pdfbox.util.MatrixTest.testMultiplication()",pdfbox/src/test/java/org/apache/pdfbox/util/MatrixTest.java,,,,,,,,,,,,,,,,,,,,,,,,,0,60,8,42,10,34,10,8,3,36,39,11,33,3,3,3,1,,,,,,2,,0,24,3,3,3,1
Public Method,"org.apache.pdfbox.util.MatrixTest.testMultiplicationPerformance()",pdfbox/src/test/java/org/apache/pdfbox/util/MatrixTest.java,,,,,,,,,,,,,,,,,,,,,,,,,1,13,0,13,5,8,0,5,2,11,13,6,9,2,2,2,1,,,,,,1,,0,00,2,2,2,1
Method,"org.apache.pdfbox.util.MatrixTest.testOldMultiplication()",pdfbox/src/test/java/org/apache/pdfbox/util/MatrixTest.java,,,,,,,,,,,,,,,,,,,,,,,,,0,48,8,28,7,20,12,6,3,22,25,8,22,3,3,3,1,,,,,,2,,0,43,3,3,3,1
Method,"org.apache.pdfbox.util.MatrixTest.testPdfbox2872()",pdfbox/src/test/java/org/apache/pdfbox/util/MatrixTest.java,,,,,,,,,,,,,,,,,,,,,,,,,0,16,1,12,4,8,3,5,1,8,9,3,8,1,1,1,1,,,,,,0,,0,25,1,1,1,1
Method,"org.apache.pdfbox.util.MatrixTest.testScaling()",pdfbox/src/test/java/org/apache/pdfbox/util/MatrixTest.java,,,,,,,,,,,,,,,,,,,,,,,,,0,20,2,15,3,11,3,4,1,11,12,2,11,1,1,1,1,,,,,,0,,0,20,1,1,1,1
Method,"org.apache.pdfbox.util.MatrixTest.testTranslation()",pdfbox/src/test/java/org/apache/pdfbox/util/MatrixTest.java,,,,,,,,,,,,,,,,,,,,,,,,,0,20,2,15,3,11,3,4,1,11,12,2,11,1,1,1,1,,,,,,0,,0,20,1,1,1,1
Public Class,"org.apache.pdfbox.util.NumberFormatUtil",pdfbox/src/main/java/org/apache/pdfbox/util/NumberFormatUtil.java,3,3,5,1,28,3,16,9,1,4,0,,3,3,,,1,0,4,16,0,3,0,1,,157,23,86,17,47,48,,,41,56,19,38,,,,,5,5,10,3,1,2,0,0,56,12,12,21,6
Private Constructor,"org.apache.pdfbox.util.NumberFormatUtil.NumberFormatUtil()",pdfbox/src/main/java/org/apache/pdfbox/util/NumberFormatUtil.java,,,,,,,,,,,,,,,,,,,,,,,,,0,3,0,3,1,0,0,1,1,0,1,1,0,1,1,1,1,,,,,,0,,0,00,1,1,1,1
Public Static Method,"org.apache.pdfbox.util.NumberFormatUtil.formatFloatFast(float,int,byte[])",pdfbox/src/main/java/org/apache/pdfbox/util/NumberFormatUtil.java,,,,,,,,,,,,,,,,,,,,,,,,,14,57,7,30,4,20,20,7,9,12,17,4,14,5,5,10,1,,,,,,1,,0,67,5,5,10,1
Private Static Method,"org.apache.pdfbox.util.NumberFormatUtil.formatPositiveNumber(long,int,boolean,byte[],int)",pdfbox/src/main/java/org/apache/pdfbox/util/NumberFormatUtil.java,,,,,,,,,,,,,,,,,,,,,,,,,8,40,5,21,6,14,14,2,4,12,15,6,9,3,3,7,1,,,,,,1,,0,67,3,3,7,1
Private Static Method,"org.apache.pdfbox.util.NumberFormatUtil.getExponent(long)",pdfbox/src/main/java/org/apache/pdfbox/util/NumberFormatUtil.java,,,,,,,,,,,,,,,,,,,,,,,,,4,15,1,11,1,4,3,1,3,4,7,2,5,3,3,3,3,,,,,,2,,0,27,3,3,3,3
Public Generic Class,"org.apache.pdfbox.util.SmallMap",pdfbox/src/main/java/org/apache/pdfbox/util/SmallMap.java,2,2,3,1,17,1,13,2,2,12,0,,0,0,,,16,1,16,28,0,2,0,14,,362,46,271,71,110,45,,,91,143,53,99,,,,,8,8,11,4,1,3,25,0,17,42,42,49,24
TypeVariable,"org.apache.pdfbox.util.SmallMap.K",pdfbox/src/main/java/org/apache/pdfbox/util/SmallMap.java,0,0,0,0,0,0,0,0,1,0,0,,0,0,,,0,0,0,0,0,0,0,0,,0,0,0,0,0,0,,,0,0,0,0,,,,,0,0,0,0,1,0,0,0,00,0,0,0,0
Public Constructor,"org.apache.pdfbox.util.SmallMap.SmallMap()",pdfbox/src/main/java/org/apache/pdfbox/util/SmallMap.java,,,,,,,,,,,,,,,,,,,,,,,,,0,4,0,3,1,0,1,1,1,0,1,1,0,1,1,1,1,,,,,,0,,0,33,1,1,1,1
Public Constructor,"org.apache.pdfbox.util.SmallMap.SmallMap(Map<? extends K,? extends V>)",pdfbox/src/main/java/org/apache/pdfbox/util/SmallMap.java,,,,,,,,,,,,,,,,,,,,,,,,,1,5,0,4,1,1,1,2,1,1,2,1,1,1,1,1,1,,,,,,0,,0,25,1,1,1,1
Private Class,"org.apache.pdfbox.util.SmallMap.SmallMapEntry",pdfbox/src/main/java/org/apache/pdfbox/util/SmallMap.java,1,1,1,1,7,0,7,0,2,4,0,,0,0,,,6,1,6,18,1,0,0,5,,55,8,47,18,13,0,,,12,21,10,12,,,,,2,2,3,1,1,1,33,0,00,8,8,9,6
Constructor,"org.apache.pdfbox.util.SmallMap.SmallMapEntry.SmallMapEntry(int)",pdfbox/src/main/java/org/apache/pdfbox/util/SmallMap.java,,,,,,,,,,,,,,,,,,,,,,,,,2,4,0,4,1,1,0,2,1,1,2,1,1,1,1,1,1,,,,,,0,,0,00,1,1,1,1
Public Method,"org.apache.pdfbox.util.SmallMap.SmallMapEntry.equals(Object)",pdfbox/src/main/java/org/apache/pdfbox/util/SmallMap.java,,,,,,,,,,,,,,,,,,,,,,,,,1,12,1,11,4,4,0,4,2,3,5,2,3,2,2,3,1,,,,,,1,,0,00,2,2,3,1
Public Method,"org.apache.pdfbox.util.SmallMap.SmallMapEntry.getKey()",pdfbox/src/main/java/org/apache/pdfbox/util/SmallMap.java,,,,,,,,,,,,,,,,,,,,,,,,,4,6,0,6,3,1,0,1,1,1,2,1,1,1,1,1,1,,,,,,0,,0,00,1,1,1,1
Public Method,"org.apache.pdfbox.util.SmallMap.SmallMapEntry.getValue()",pdfbox/src/main/java/org/apache/pdfbox/util/SmallMap.java,,,,,,,,,,,,,,,,,,,,,,,,,4,6,0,6,3,1,0,1,1,1,2,1,1,1,1,1,1,,,,,,0,,0,00,1,1,1,1
Public Method,"org.apache.pdfbox.util.SmallMap.SmallMapEntry.hashCode()",pdfbox/src/main/java/org/apache/pdfbox/util/SmallMap.java,,,,,,,,,,,,,,,,,,,,,,,,,0,5,0,5,2,1,0,3,1,1,2,1,1,1,1,1,1,,,,,,0,,0,00,1,1,1,1
Public Method,"org.apache.pdfbox.util.SmallMap.SmallMapEntry.setValue(V)",pdfbox/src/main/java/org/apache/pdfbox/util/SmallMap.java,,,,,,,,,,,,,,,,,,,,,,,,,2,12,1,11,3,5,0,4,2,4,6,2,5,2,2,2,1,,,,,,1,,0,00,2,2,2,1
TypeVariable,"org.apache.pdfbox.util.SmallMap.V",pdfbox/src/main/java/org/apache/pdfbox/util/SmallMap.java,0,0,0,0,0,0,0,0,1,0,0,,0,0,,,0,0,0,0,0,0,0,0,,0,0,0,0,0,0,,,0,0,0,0,,,,,0,0,0,0,1,0,0,0,00,0,0,0,0
Public Method,"org.apache.pdfbox.util.SmallMap.clear()",pdfbox/src/main/java/org/apache/pdfbox/util/SmallMap.java,,,,,,,,,,,,,,,,,,,,,,,,,0,5,0,5,2,1,0,1,1,1,2,1,1,1,1,1,1,,,,,,0,,0,00,1,1,1,1
Public Method,"org.apache.pdfbox.util.SmallMap.containsKey(Object)",pdfbox/src/main/java/org/apache/pdfbox/util/SmallMap.java,,,,,,,,,,,,,,,,,,,,,,,,,1,5,0,5,2,1,0,2,1,1,2,1,1,1,1,1,1,,,,,,0,,0,00,1,1,1,1
Public Method,"org.apache.pdfbox.util.SmallMap.containsValue(Object)",pdfbox/src/main/java/org/apache/pdfbox/util/SmallMap.java,,,,,,,,,,,,,,,,,,,,,,,,,1,5,0,5,2,1,0,2,1,1,2,1,1,1,1,1,1,,,,,,0,,0,00,1,1,1,1
Public Method,"org.apache.pdfbox.util.SmallMap.entrySet()",pdfbox/src/main/java/org/apache/pdfbox/util/SmallMap.java,,,,,,,,,,,,,,,,,,,,,,,,,2,15,1,14,3,6,0,7,3,6,9,3,7,3,3,3,1,,,,,,1,,0,00,3,3,3,1
Private Method,"org.apache.pdfbox.util.SmallMap.findKey(Object)",pdfbox/src/main/java/org/apache/pdfbox/util/SmallMap.java,,,,,,,,,,,,,,,,,,,,,,,,,8,21,2,15,1,6,4,3,4,5,9,2,7,4,4,5,4,,,,,,2,,0,27,4,4,5,4
Private Method,"org.apache.pdfbox.util.SmallMap.findValue(Object)",pdfbox/src/main/java/org/apache/pdfbox/util/SmallMap.java,,,,,,,,,,,,,,,,,,,,,,,,,4,21,2,15,1,6,4,3,4,5,9,2,7,4,4,5,4,,,,,,2,,0,27,4,4,5,4
Public Method,"org.apache.pdfbox.util.SmallMap.get(Object)",pdfbox/src/main/java/org/apache/pdfbox/util/SmallMap.java,,,,,,,,,,,,,,,,,,,,,,,,,2,8,1,7,4,2,0,2,1,2,3,2,2,2,2,2,1,,,,,,0,,0,00,2,2,2,1
Public Method,"org.apache.pdfbox.util.SmallMap.isEmpty()",pdfbox/src/main/java/org/apache/pdfbox/util/SmallMap.java,,,,,,,,,,,,,,,,,,,,,,,,,7,5,0,5,2,1,0,1,1,1,2,1,1,1,1,2,1,,,,,,0,,0,00,1,1,2,1
Public Method,"org.apache.pdfbox.util.SmallMap.keySet()",pdfbox/src/main/java/org/apache/pdfbox/util/SmallMap.java,,,,,,,,,,,,,,,,,,,,,,,,,2,23,1,15,4,6,7,6,3,6,9,3,7,3,3,3,1,,,,,,1,,0,47,3,3,3,1
Public Method,"org.apache.pdfbox.util.SmallMap.put(K,V)",pdfbox/src/main/java/org/apache/pdfbox/util/SmallMap.java,,,,,,,,,,,,,,,,,,,,,,,,,4,38,2,34,7,19,2,5,6,14,18,5,14,4,4,5,3,,,,,,2,,0,06,4,4,5,3
Public Final Method,"org.apache.pdfbox.util.SmallMap.putAll(Map<? extends K,? extends V>)",pdfbox/src/main/java/org/apache/pdfbox/util/SmallMap.java,,,,,,,,,,,,,,,,,,,,,,,,,4,60,6,49,8,27,5,8,13,18,28,9,21,8,8,11,1,,,,,,3,,0,10,8,8,11,1
Public Method,"org.apache.pdfbox.util.SmallMap.remove(Object)",pdfbox/src/main/java/org/apache/pdfbox/util/SmallMap.java,,,,,,,,,,,,,,,,,,,,,,,,,3,30,4,24,7,13,2,4,3,10,13,5,9,3,3,3,1,,,,,,1,,0,08,3,3,3,1
Public Method,"org.apache.pdfbox.util.SmallMap.size()",pdfbox/src/main/java/org/apache/pdfbox/util/SmallMap.java,,,,,,,,,,,,,,,,,,,,,,,,,2,5,0,5,2,1,0,1,1,1,2,1,1,2,2,2,1,,,,,,0,,0,00,2,2,2,1
Public Method,"org.apache.pdfbox.util.SmallMap.values()",pdfbox/src/main/java/org/apache/pdfbox/util/SmallMap.java,,,,,,,,,,,,,,,,,,,,,,,,,2,23,1,15,4,6,7,6,3,6,9,3,7,3,3,3,1,,,,,,1,,0,47,3,3,3,1
Class,"org.apache.pdfbox.util.TestDateUtil",pdfbox/src/test/java/org/apache/pdfbox/util/TestDateUtil.java,1,1,1,1,33,1,22,11,1,12,0,,4,3,,,7,0,11,23,6,5,0,0,,393,30,249,47,195,135,,,182,197,34,182,,,,,3,3,3,1,1,1,0,0,54,14,14,14,11
Private Method,"org.apache.pdfbox.util.TestDateUtil.assertCalendarEquals(Calendar,Calendar)",pdfbox/src/test/java/org/apache/pdfbox/util/TestDateUtil.java,,,,,,,,,,,,,,,,,,,,,,,,,3,12,0,6,1,3,6,4,1,2,3,1,2,1,1,1,1,,,,,,0,,1,00,1,1,1,1
Private Static Method,"org.apache.pdfbox.util.TestDateUtil.checkFormatOffset(double,String)",pdfbox/src/test/java/org/apache/pdfbox/util/TestDateUtil.java,,,,,,,,,,,,,,,,,,,,,,,,,3,6,0,6,3,3,0,4,1,3,4,3,3,1,1,1,1,,,,,,0,,0,00,1,1,1,1
Private Static Method,"org.apache.pdfbox.util.TestDateUtil.checkParse(int,int,int,int,int,int,int,int,String)",pdfbox/src/test/java/org/apache/pdfbox/util/TestDateUtil.java,,,,,,,,,,,,,,,,,,,,,,,,,12,40,0,25,8,14,15,5,4,8,11,4,10,3,3,3,1,,,,,,1,,0,60,3,3,3,1
Private Static Method,"org.apache.pdfbox.util.TestDateUtil.checkParseTZ(int,String)",pdfbox/src/test/java/org/apache/pdfbox/util/TestDateUtil.java,,,,,,,,,,,,,,,,,,,,,,,,,4,6,0,6,2,3,0,5,1,3,4,2,3,1,1,1,1,,,,,,0,,0,00,1,1,1,1
Private Static Method,"org.apache.pdfbox.util.TestDateUtil.checkToString(int,int,int,int,int,int,TimeZone,int,int)",pdfbox/src/test/java/org/apache/pdfbox/util/TestDateUtil.java,,,,,,,,,,,,,,,,,,,,,,,,,12,17,0,14,8,9,3,6,1,6,7,4,6,1,1,1,1,,,,,,0,,0,21,1,1,1,1
Method,"org.apache.pdfbox.util.TestDateUtil.testDateConversion()",pdfbox/src/test/java/org/apache/pdfbox/util/TestDateUtil.java,,,,,,,,,,,,,,,,,,,,,,,,,7,18,0,12,3,8,6,3,1,8,9,2,8,1,1,1,1,,,,,,0,,0,50,1,1,1,1
Method,"org.apache.pdfbox.util.TestDateUtil.testDateConverter()",pdfbox/src/test/java/org/apache/pdfbox/util/TestDateUtil.java,,,,,,,,,,,,,,,,,,,,,,,,,2,152,14,84,3,80,66,3,1,78,79,2,78,1,1,1,1,,,,,,0,,0,79,1,1,1,1
Method,"org.apache.pdfbox.util.TestDateUtil.testExtract()",pdfbox/src/test/java/org/apache/pdfbox/util/TestDateUtil.java,,,,,,,,,,,,,,,,,,,,,,,,,0,20,2,12,3,8,6,8,1,6,7,2,6,1,1,1,1,,,,,,0,,0,50,1,1,1,1
Method,"org.apache.pdfbox.util.TestDateUtil.testFormatTZoffset()",pdfbox/src/test/java/org/apache/pdfbox/util/TestDateUtil.java,,,,,,,,,,,,,,,,,,,,,,,,,0,27,0,22,2,18,5,1,1,18,19,1,18,1,1,1,1,,,,,,0,,0,23,1,1,1,1
Method,"org.apache.pdfbox.util.TestDateUtil.testParseTZ()",pdfbox/src/test/java/org/apache/pdfbox/util/TestDateUtil.java,,,,,,,,,,,,,,,,,,,,,,,,,2,33,0,28,2,24,6,1,1,24,25,1,24,1,1,1,1,,,,,,0,,0,21,1,1,1,1
Method,"org.apache.pdfbox.util.TestDateUtil.testToString()",pdfbox/src/test/java/org/apache/pdfbox/util/TestDateUtil.java,,,,,,,,,,,,,,,,,,,,,,,,,0,37,2,29,9,23,14,5,2,24,26,9,24,2,2,2,1,,,,,,1,,0,48,2,2,2,1
Class,"org.apache.pdfbox.util.TestHexUtil",pdfbox/src/test/java/org/apache/pdfbox/util/TestHexUtil.java,1,1,1,1,17,1,12,3,1,5,0,,0,0,,,3,0,3,15,3,0,0,0,,63,9,39,12,22,15,,,23,28,10,22,,,,,2,2,2,1,1,1,0,0,38,4,4,4,3
Method,"org.apache.pdfbox.util.TestHexUtil.testGetCharsFromShortWithoutPassingInABuffer()",pdfbox/src/test/java/org/apache/pdfbox/util/TestHexUtil.java,,,,,,,,,,,,,,,,,,,,,,,,,0,11,0,8,2,4,3,2,1,4,5,1,4,1,1,1,1,,,,,,0,,0,38,1,1,1,1
Method,"org.apache.pdfbox.util.TestHexUtil.testGetCharsUTF16BE()",pdfbox/src/test/java/org/apache/pdfbox/util/TestHexUtil.java,,,,,,,,,,,,,,,,,,,,,,,,,0,11,0,6,2,2,5,2,1,2,3,1,2,1,1,1,1,,,,,,0,,0,83,1,1,1,1
Method,"org.apache.pdfbox.util.TestHexUtil.testMisc()",pdfbox/src/test/java/org/apache/pdfbox/util/TestHexUtil.java,,,,,,,,,,,,,,,,,,,,,,,,,3,30,5,22,7,16,3,10,2,17,19,7,16,2,2,2,1,,,,,,1,,0,14,2,2,2,1
Class,"org.apache.pdfbox.util.TestNumberFormatUtil",pdfbox/src/test/java/org/apache/pdfbox/util/TestNumberFormatUtil.java,1,1,1,1,20,2,14,2,1,13,0,,0,0,,,7,1,7,19,6,1,0,0,,157,27,107,26,67,23,,,57,70,23,56,,,,,4,4,4,1,1,3,28,0,21,12,12,12,7
Private Method,"org.apache.pdfbox.util.TestNumberFormatUtil.assertArrayEquals(byte[],byte[])",pdfbox/src/test/java/org/apache/pdfbox/util/TestNumberFormatUtil.java,,,,,,,,,,,,,,,,,,,,,,,,,7,12,0,12,1,5,0,3,3,4,7,2,5,3,3,3,1,,,,,,2,,0,00,3,3,3,1
Method,"org.apache.pdfbox.util.TestNumberFormatUtil.testFormatOfIntegerValues()",pdfbox/src/test/java/org/apache/pdfbox/util/TestNumberFormatUtil.java,,,,,,,,,,,,,,,,,,,,,,,,,4,28,5,20,2,16,3,4,1,12,13,1,12,1,1,1,1,,,,,,0,,0,15,1,1,1,1
Method,"org.apache.pdfbox.util.TestNumberFormatUtil.testFormatOfRealValues()",pdfbox/src/test/java/org/apache/pdfbox/util/TestNumberFormatUtil.java,,,,,,,,,,,,,,,,,,,,,,,,,1,16,3,13,2,9,0,4,1,8,9,1,8,1,1,1,1,,,,,,0,,0,00,1,1,1,1
Method,"org.apache.pdfbox.util.TestNumberFormatUtil.testFormatOfRealValuesReturnsMinusOneIfItCannotBeFormatted()",pdfbox/src/test/java/org/apache/pdfbox/util/TestNumberFormatUtil.java,,,,,,,,,,,,,,,,,,,,,,,,,6,14,0,14,2,10,0,2,1,5,6,1,5,1,1,1,1,,,,,,0,,0,00,1,1,1,1
Method,"org.apache.pdfbox.util.TestNumberFormatUtil.testFormattingInRange()",pdfbox/src/test/java/org/apache/pdfbox/util/TestNumberFormatUtil.java,,,,,,,,,,,,,,,,,,,,,,,,,4,52,8,28,13,18,16,18,4,19,23,14,18,4,4,4,1,,,,,,3,,0,57,4,4,4,1
Method,"org.apache.pdfbox.util.TestNumberFormatUtil.testRoundingDown()",pdfbox/src/test/java/org/apache/pdfbox/util/TestNumberFormatUtil.java,,,,,,,,,,,,,,,,,,,,,,,,,1,6,0,6,2,2,0,4,1,2,3,1,2,1,1,1,1,,,,,,0,,0,00,1,1,1,1
Method,"org.apache.pdfbox.util.TestNumberFormatUtil.testRoundingUp()",pdfbox/src/test/java/org/apache/pdfbox/util/TestNumberFormatUtil.java,,,,,,,,,,,,,,,,,,,,,,,,,1,12,2,10,2,6,0,4,1,6,7,1,6,1,1,1,1,,,,,,0,,0,00,1,1,1,1
Class,"org.apache.pdfbox.util.TestSort",pdfbox/src/test/java/org/apache/pdfbox/util/TestSort.java,2,2,2,1,32,3,26,2,1,7,0,,0,0,,,2,0,2,14,2,0,0,0,,73,9,56,21,30,8,,,32,37,22,18,,,,,3,3,3,1,1,2,0,0,14,4,4,4,2
Generic Method,"org.apache.pdfbox.util.TestSort.doTest(T[],T[])",pdfbox/src/test/java/org/apache/pdfbox/util/TestSort.java,,,,,,,,,,,,,,,,,,,,,,,,,5,6,0,6,2,3,0,6,1,3,4,2,3,1,1,1,1,,,,,,0,,0,00,1,1,1,1
TypeVariable,"org.apache.pdfbox.util.TestSort.doTest.T",pdfbox/src/test/java/org/apache/pdfbox/util/TestSort.java,0,0,0,0,0,0,0,0,1,1,0,,0,0,,,0,0,0,0,0,0,0,0,,0,0,0,0,0,0,,,0,0,0,0,,,,,0,0,0,0,1,0,0,0,00,0,0,0,0
Method,"org.apache.pdfbox.util.TestSort.testSort()",pdfbox/src/test/java/org/apache/pdfbox/util/TestSort.java,,,,,,,,,,,,,,,,,,,,,,,,,0,58,7,47,18,27,4,4,3,29,32,19,15,3,3,3,1,,,,,,2,,0,09,3,3,3,1
Public Final Class,"org.apache.pdfbox.util.Vector",pdfbox/src/main/java/org/apache/pdfbox/util/Vector.java,1,1,1,1,6,0,4,2,1,2,0,,0,0,,,5,2,5,17,0,0,0,5,,47,5,26,8,6,16,,,7,13,7,6,,,,,1,1,1,1,1,0,19,0,62,5,5,5,5
Public Constructor,"org.apache.pdfbox.util.Vector.Vector(float,float)",pdfbox/src/main/java/org/apache/pdfbox/util/Vector.java,,,,,,,,,,,,,,,,,,,,,,,,,9,5,0,5,1,2,0,3,1,2,3,1,2,1,1,1,1,,,,,,0,,0,00,1,1,1,1
Public Method,"org.apache.pdfbox.util.Vector.getX()",pdfbox/src/main/java/org/apache/pdfbox/util/Vector.java,,,,,,,,,,,,,,,,,,,,,,,,,7,7,0,4,1,1,3,1,1,1,2,1,1,1,1,1,1,,,,,,0,,0,75,1,1,1,1
Public Method,"org.apache.pdfbox.util.Vector.getY()",pdfbox/src/main/java/org/apache/pdfbox/util/Vector.java,,,,,,,,,,,,,,,,,,,,,,,,,5,7,0,4,1,1,3,1,1,1,2,1,1,1,1,1,1,,,,,,0,,0,75,1,1,1,1
Public Method,"org.apache.pdfbox.util.Vector.scale(float)",pdfbox/src/main/java/org/apache/pdfbox/util/Vector.java,,,,,,,,,,,,,,,,,,,,,,,,,4,9,0,4,1,1,5,2,1,1,2,1,1,1,1,1,1,,,,,,0,,1,25,1,1,1,1
Public Method,"org.apache.pdfbox.util.Vector.toString()",pdfbox/src/main/java/org/apache/pdfbox/util/Vector.java,,,,,,,,,,,,,,,,,,,,,,,,,2,5,0,5,2,1,0,1,1,1,2,1,1,1,1,1,1,,,,,,0,,0,00,1,1,1,1
Public Final Class,"org.apache.pdfbox.util.Version",pdfbox/src/main/java/org/apache/pdfbox/util/Version.java,1,1,1,1,11,0,9,2,1,8,0,,1,2,,,1,0,2,14,0,1,0,1,,34,3,24,7,10,7,,,7,11,6,7,,,,,2,2,2,1,1,1,0,0,29,3,3,3,2
Private Constructor,"org.apache.pdfbox.util.Version.Version()",pdfbox/src/main/java/org/apache/pdfbox/util/Version.java,,,,,,,,,,,,,,,,,,,,,,,,,0,4,0,3,1,0,1,1,1,0,1,1,0,1,1,1,1,,,,,,0,,0,33,1,1,1,1
Public Static Method,"org.apache.pdfbox.util.Version.getVersion()",pdfbox/src/main/java/org/apache/pdfbox/util/Version.java,,,,,,,,,,,,,,,,,,,,,,,,,5,18,0,15,2,8,3,7,2,5,7,2,6,2,2,2,1,,,,,,1,,0,20,2,2,2,1
Public Final Class,"org.apache.pdfbox.util.XMLUtil",pdfbox/src/main/java/org/apache/pdfbox/util/XMLUtil.java,1,1,1,1,17,0,11,7,1,12,0,,3,0,,,1,0,4,16,0,1,0,3,,82,4,48,11,25,34,,,20,28,12,22,,,,,3,3,3,1,1,2,0,0,71,7,7,7,4
Private Constructor,"org.apache.pdfbox.util.XMLUtil.XMLUtil()",pdfbox/src/main/java/org/apache/pdfbox/util/XMLUtil.java,,,,,,,,,,,,,,,,,,,,,,,,,0,7,0,3,1,0,4,1,1,0,1,1,0,1,1,1,1,,,,,,0,,1,33,1,1,1,1
Public Static Method,"org.apache.pdfbox.util.XMLUtil.getNodeValue(Element)",pdfbox/src/main/java/org/apache/pdfbox/util/XMLUtil.java,,,,,,,,,,,,,,,,,,,,,,,,,2,21,0,15,5,8,6,8,3,8,11,6,9,3,3,3,1,,,,,,2,,0,40,3,3,3,1
Public Static Method,"org.apache.pdfbox.util.XMLUtil.parse(InputStream)",pdfbox/src/main/java/org/apache/pdfbox/util/XMLUtil.java,,,,,,,,,,,,,,,,,,,,,,,,,4,11,0,4,1,1,7,2,1,1,2,1,1,1,1,1,1,,,,,,0,,1,75,1,1,1,1
Public Static Method,"org.apache.pdfbox.util.XMLUtil.parse(InputStream,boolean)",pdfbox/src/main/java/org/apache/pdfbox/util/XMLUtil.java,,,,,,,,,,,,,,,,,,,,,,,,,5,31,0,23,3,16,12,10,2,11,13,3,12,2,2,2,1,,,,,,1,,0,52,2,2,2,1
Package,"org.apache.pdfbox.util.filetypedetector",pdfbox/src/main/java/org/apache/pdfbox/util/filetypedetector/ByteTrie.java,1,1,1,1,11,0,7,3,,,,4,2,1,3,,9,21,11,,0,1,0,10,,309,26,152,53,65,131,,,66,91,38,60,,,,,4,4,4,3,,3,,0,86,18,18,18,11
Generic Class,"org.apache.pdfbox.util.filetypedetector.ByteTrie",pdfbox/src/main/java/org/apache/pdfbox/util/filetypedetector/ByteTrie.java,2,2,2,1,17,0,12,5,1,3,0,,0,0,,,4,2,4,16,0,0,0,4,,113,7,70,18,31,36,,,25,43,21,27,,,,,4,4,4,3,1,3,37,0,51,10,10,10,6
Static Generic Class,"org.apache.pdfbox.util.filetypedetector.ByteTrie.ByteTrieNode",pdfbox/src/main/java/org/apache/pdfbox/util/filetypedetector/ByteTrie.java,1,1,1,1,6,0,6,0,1,3,0,,0,0,,,2,2,2,14,0,0,0,2,,22,2,17,5,6,3,,,5,9,5,5,,,,,2,2,2,1,1,1,50,0,18,3,3,3,2
TypeVariable,"org.apache.pdfbox.util.filetypedetector.ByteTrie.ByteTrieNode.T",pdfbox/src/main/java/org/apache/pdfbox/util/filetypedetector/ByteTrie.java,0,0,0,0,0,0,0,0,1,0,0,,0,0,,,0,0,0,0,0,0,0,0,,0,0,0,0,0,0,,,0,0,0,0,,,,,0,0,0,0,1,0,0,0,00,0,0,0,0
Public Method,"org.apache.pdfbox.util.filetypedetector.ByteTrie.ByteTrieNode.getValue()",pdfbox/src/main/java/org/apache/pdfbox/util/filetypedetector/ByteTrie.java,,,,,,,,,,,,,,,,,,,,,,,,,2,4,0,4,1,1,0,1,1,1,2,1,1,1,1,1,1,,,,,,0,,0,00,1,1,1,1
Public Method,"org.apache.pdfbox.util.filetypedetector.ByteTrie.ByteTrieNode.setValue(T)",pdfbox/src/main/java/org/apache/pdfbox/util/filetypedetector/ByteTrie.java,,,,,,,,,,,,,,,,,,,,,,,,,4,8,0,8,1,3,0,2,2,2,4,1,3,2,2,2,1,,,,,,1,,0,00,2,2,2,1
TypeVariable,"org.apache.pdfbox.util.filetypedetector.ByteTrie.T",pdfbox/src/main/java/org/apache/pdfbox/util/filetypedetector/ByteTrie.java,0,0,0,0,0,0,0,0,1,0,0,,0,0,,,0,0,0,0,0,0,0,0,,0,0,0,0,0,0,,,0,0,0,0,,,,,0,0,0,0,1,0,0,0,00,0,0,0,0
Public Method,"org.apache.pdfbox.util.filetypedetector.ByteTrie.addPath(T,byte[]...)",pdfbox/src/main/java/org/apache/pdfbox/util/filetypedetector/ByteTrie.java,,,,,,,,,,,,,,,,,,,,,,,,,5,26,0,21,4,12,5,5,4,9,15,6,10,4,4,4,1,,,,,,3,,0,24,4,4,4,1
Public Method,"org.apache.pdfbox.util.filetypedetector.ByteTrie.find(byte[])",pdfbox/src/main/java/org/apache/pdfbox/util/filetypedetector/ByteTrie.java,,,,,,,,,,,,,,,,,,,,,,,,,5,26,0,19,4,10,7,3,5,7,12,5,9,4,4,4,3,,,,,,2,,0,37,4,4,4,3
Public Method,"org.apache.pdfbox.util.filetypedetector.ByteTrie.getMaxDepth()",pdfbox/src/main/java/org/apache/pdfbox/util/filetypedetector/ByteTrie.java,,,,,,,,,,,,,,,,,,,,,,,,,2,8,0,4,1,1,4,1,1,1,2,1,1,1,1,1,1,,,,,,0,,1,00,1,1,1,1
Public Method,"org.apache.pdfbox.util.filetypedetector.ByteTrie.setDefaultValue(T)",pdfbox/src/main/java/org/apache/pdfbox/util/filetypedetector/ByteTrie.java,,,,,,,,,,,,,,,,,,,,,,,,,2,8,0,4,1,1,4,1,1,1,2,1,1,1,1,1,1,,,,,,0,,1,00,1,1,1,1
Public Enum Type,"org.apache.pdfbox.util.filetypedetector.FileType",pdfbox/src/main/java/org/apache/pdfbox/util/filetypedetector/FileType.java,0,0,0,0,0,0,0,0,1,1,0,,0,0,,,2,17,2,28,0,0,0,2,,13,0,2,1,0,11,,,0,1,1,0,,,,,0,0,0,0,1,0,,5,50,0,0,0,0
Public Implicit Method,"org.apache.pdfbox.util.filetypedetector.FileType.valueOf()",pdfbox/src/main/java/org/apache/pdfbox/util/filetypedetector/FileType.java,,,,,,,,,,,,,,,,,,,,,,,,,,,,,,,,,,,,,,,,,,,,,,,,,0,00,0,0,0,0
Public Implicit Method,"org.apache.pdfbox.util.filetypedetector.FileType.values()",pdfbox/src/main/java/org/apache/pdfbox/util/filetypedetector/FileType.java,,,,,,,,,,,,,,,,,,,,,,,,,,,,,,,,,,,,,,,,,,,,,,,,,0,00,0,0,0,0
Public Final Class,"org.apache.pdfbox.util.filetypedetector.FileTypeDetector",pdfbox/src/main/java/org/apache/pdfbox/util/filetypedetector/FileTypeDetector.java,1,1,1,1,14,2,8,4,1,7,0,,2,1,,,1,0,3,15,0,1,0,2,,96,13,54,9,34,29,,,33,39,8,33,,,,,3,3,3,1,1,1,0,0,54,5,5,5,3
Private Constructor,"org.apache.pdfbox.util.filetypedetector.FileTypeDetector.FileTypeDetector()",pdfbox/src/main/java/org/apache/pdfbox/util/filetypedetector/FileTypeDetector.java,,,,,,,,,,,,,,,,,,,,,,,,,0,3,0,3,1,0,0,1,1,0,1,1,0,1,1,1,1,,,,,,0,,0,00,1,1,1,1
Public Static Method,"org.apache.pdfbox.util.filetypedetector.FileTypeDetector.detectFileType(BufferedInputStream)",pdfbox/src/main/java/org/apache/pdfbox/util/filetypedetector/FileTypeDetector.java,,,,,,,,,,,,,,,,,,,,,,,,,4,36,6,17,4,10,13,8,4,8,11,4,9,3,3,3,1,,,,,,1,,0,76,3,3,3,1
Public Static Method,"org.apache.pdfbox.util.filetypedetector.FileTypeDetector.detectFileType(byte[])",pdfbox/src/main/java/org/apache/pdfbox/util/filetypedetector/FileTypeDetector.java,,,,,,,,,,,,,,,,,,,,,,,,,3,4,0,4,1,1,0,2,1,1,2,1,1,1,1,1,1,,,,,,0,,0,00,1,1,1,1
Package,"org.apache.wink",,0,0,0,0,0,0,0,0,,,,0,0,0,0,,0,0,0,,0,0,0,0,,0,0,0,0,0,0,,,0,0,0,0,,,,,0,0,0,0,,0,,0,00,0,0,0,0
Package,"org.apache.wink.client",examples/src/test/java/org/apache/wink/client/MockHttpServer.java,1,1,1,1,8,0,7,0,,,,3,0,1,1,,49,19,49,,0,19,0,30,,547,74,417,130,242,58,,,201,295,125,197,,,,,6,6,7,6,,4,,0,14,92,92,97,58
Public Class,"org.apache.wink.client.MockHttpServer",examples/src/test/java/org/apache/wink/client/MockHttpServer.java,1,1,1,1,6,0,5,0,1,20,0,,0,1,,,21,13,21,105,0,5,0,16,,521,69,396,109,242,58,,,180,274,104,197,,,,,5,5,6,1,1,3,92,0,15,34,34,35,21
Private Class,"org.apache.wink.client.MockHttpServer.HttpProcessor",examples/src/test/java/org/apache/wink/client/MockHttpServer.java,2,2,3,1,14,0,13,1,1,24,0,,0,0,,,16,1,16,28,0,14,0,2,,262,28,214,52,144,20,,,102,148,48,119,,,,,6,6,7,6,1,4,87,0,09,46,46,50,25
Public Constructor,"org.apache.wink.client.MockHttpServer.HttpProcessor.HttpProcessor(Socket)",examples/src/test/java/org/apache/wink/client/MockHttpServer.java,,,,,,,,,,,,,,,,,,,,,,,,,3,6,0,5,1,3,1,4,1,3,4,1,3,1,1,1,1,,,,,,0,,0,20,1,1,1,1
Private Method,"org.apache.wink.client.MockHttpServer.HttpProcessor.addRequestHeader(String)",examples/src/test/java/org/apache/wink/client/MockHttpServer.java,,,,,,,,,,,,,,,,,,,,,,,,,3,9,0,9,3,6,0,5,2,5,7,3,6,2,2,2,1,,,,,,1,,0,00,2,2,2,1
Private Method,"org.apache.wink.client.MockHttpServer.HttpProcessor.addServerResponseHeaders()",examples/src/test/java/org/apache/wink/client/MockHttpServer.java,,,,,,,,,,,,,,,,,,,,,,,,,4,10,0,10,3,7,0,5,1,5,6,2,5,1,1,1,1,,,,,,0,,0,00,1,1,1,1
Private Method,"org.apache.wink.client.MockHttpServer.HttpProcessor.delayResponse()",examples/src/test/java/org/apache/wink/client/MockHttpServer.java,,,,,,,,,,,,,,,,,,,,,,,,,2,12,0,11,1,7,1,2,3,4,7,1,6,3,3,3,3,,,,,,2,,0,09,3,3,3,3
Private Method,"org.apache.wink.client.MockHttpServer.HttpProcessor.getChunk(InputStream,int)",examples/src/test/java/org/apache/wink/client/MockHttpServer.java,,,,,,,,,,,,,,,,,,,,,,,,,4,13,0,12,5,8,1,6,2,8,10,5,6,2,2,2,1,,,,,,1,,0,08,2,2,2,1
Private Method,"org.apache.wink.client.MockHttpServer.HttpProcessor.processChunkedContent(InputStream)",examples/src/test/java/org/apache/wink/client/MockHttpServer.java,,,,,,,,,,,,,,,,,,,,,,,,,3,38,6,21,6,14,11,7,10,11,16,6,12,5,5,6,1,,,,,,2,,0,52,5,5,6,1
Private Method,"org.apache.wink.client.MockHttpServer.HttpProcessor.processRegularContent(InputStream)",examples/src/test/java/org/apache/wink/client/MockHttpServer.java,,,,,,,,,,,,,,,,,,,,,,,,,4,13,0,13,6,9,0,6,2,7,9,5,7,3,3,4,1,,,,,,1,,0,00,3,3,4,1
Private Method,"org.apache.wink.client.MockHttpServer.HttpProcessor.processRequest(Socket)",examples/src/test/java/org/apache/wink/client/MockHttpServer.java,,,,,,,,,,,,,,,,,,,,,,,,,3,8,0,8,3,6,0,8,1,6,7,3,6,1,1,1,1,,,,,,0,,0,00,1,1,1,1
Private Method,"org.apache.wink.client.MockHttpServer.HttpProcessor.processRequestContent(InputStream)",examples/src/test/java/org/apache/wink/client/MockHttpServer.java,,,,,,,,,,,,,,,,,,,,,,,,,7,22,3,19,5,12,0,9,5,6,10,3,9,5,5,7,1,,,,,,1,,0,00,5,5,7,1
Private Method,"org.apache.wink.client.MockHttpServer.HttpProcessor.processRequestHeaders(InputStream)",examples/src/test/java/org/apache/wink/client/MockHttpServer.java,,,,,,,,,,,,,,,,,,,,,,,,,3,12,0,11,3,6,1,6,3,5,8,3,6,3,3,3,3,,,,,,2,,0,09,3,3,3,3
Private Method,"org.apache.wink.client.MockHttpServer.HttpProcessor.processRequestMethod(String)",examples/src/test/java/org/apache/wink/client/MockHttpServer.java,,,,,,,,,,,,,,,,,,,,,,,,,3,8,0,8,2,5,0,4,2,4,6,2,5,2,2,2,1,,,,,,1,,0,00,2,2,2,1
Private Method,"org.apache.wink.client.MockHttpServer.HttpProcessor.processResponse(Socket)",examples/src/test/java/org/apache/wink/client/MockHttpServer.java,,,,,,,,,,,,,,,,,,,,,,,,,6,24,1,21,6,17,2,13,3,12,15,5,13,3,3,3,1,,,,,,1,,0,10,3,3,3,1
Private Method,"org.apache.wink.client.MockHttpServer.HttpProcessor.processResponseContent(OutputStream)",examples/src/test/java/org/apache/wink/client/MockHttpServer.java,,,,,,,,,,,,,,,,,,,,,,,,,4,7,1,6,1,3,0,3,2,2,4,1,3,2,2,2,1,,,,,,1,,0,00,2,2,2,1
Private Method,"org.apache.wink.client.MockHttpServer.HttpProcessor.processResponseHeaders(OutputStream)",examples/src/test/java/org/apache/wink/client/MockHttpServer.java,,,,,,,,,,,,,,,,,,,,,,,,,5,10,0,10,1,7,0,7,2,4,7,2,5,2,2,2,1,,,,,,1,,0,00,2,2,2,1
Private Method,"org.apache.wink.client.MockHttpServer.HttpProcessor.readLine(InputStream)",examples/src/test/java/org/apache/wink/client/MockHttpServer.java,,,,,,,,,,,,,,,,,,,,,,,,,4,24,0,24,3,17,0,5,6,10,16,3,14,6,6,6,6,,,,,,4,,0,00,6,6,6,6
Public Method,"org.apache.wink.client.MockHttpServer.HttpProcessor.run()",examples/src/test/java/org/apache/wink/client/MockHttpServer.java,,,,,,,,,,,,,,,,,,,,,,,,,4,23,0,23,1,17,0,8,8,9,14,1,13,5,5,5,1,,,,,,3,,0,00,5,5,5,1
Public Constructor,"org.apache.wink.client.MockHttpServer.MockHttpServer(int)",examples/src/test/java/org/apache/wink/client/MockHttpServer.java,,,,,,,,,,,,,,,,,,,,,,,,,2,3,0,3,1,1,0,2,1,1,2,1,1,1,1,1,1,,,,,,0,,0,00,1,1,1,1
Public Constructor,"org.apache.wink.client.MockHttpServer.MockHttpServer(int,boolean)",examples/src/test/java/org/apache/wink/client/MockHttpServer.java,,,,,,,,,,,,,,,,,,,,,,,,,8,21,1,18,1,12,3,9,7,6,11,1,10,5,5,5,1,,,,,,3,,0,17,5,5,5,1
Public Static Class,"org.apache.wink.client.MockHttpServer.MockHttpServerResponse",examples/src/test/java/org/apache/wink/client/MockHttpServer.java,1,1,1,1,3,0,3,0,1,3,0,,0,0,,,12,5,12,24,0,0,0,12,,58,13,44,18,17,1,,,18,31,18,15,,,,,1,1,1,1,1,0,80,0,02,12,12,12,12
Public Method,"org.apache.wink.client.MockHttpServer.MockHttpServerResponse.getMockResponseCode()",examples/src/test/java/org/apache/wink/client/MockHttpServer.java,,,,,,,,,,,,,,,,,,,,,,,,,2,3,0,3,1,1,0,1,1,1,2,1,1,1,1,1,1,,,,,,0,,0,00,1,1,1,1
Public Method,"org.apache.wink.client.MockHttpServer.MockHttpServerResponse.getMockResponseContent()",examples/src/test/java/org/apache/wink/client/MockHttpServer.java,,,,,,,,,,,,,,,,,,,,,,,,,3,3,0,3,1,1,0,1,1,1,2,1,1,1,1,1,1,,,,,,0,,0,00,1,1,1,1
Public Method,"org.apache.wink.client.MockHttpServer.MockHttpServerResponse.getMockResponseContentEchoRequest()",examples/src/test/java/org/apache/wink/client/MockHttpServer.java,,,,,,,,,,,,,,,,,,,,,,,,,2,3,0,3,1,1,0,1,1,1,2,1,1,1,1,1,1,,,,,,0,,0,00,1,1,1,1
Public Method,"org.apache.wink.client.MockHttpServer.MockHttpServerResponse.getMockResponseContentType()",examples/src/test/java/org/apache/wink/client/MockHttpServer.java,,,,,,,,,,,,,,,,,,,,,,,,,2,3,0,3,1,1,0,1,1,1,2,1,1,1,1,1,1,,,,,,0,,0,00,1,1,1,1
Public Method,"org.apache.wink.client.MockHttpServer.MockHttpServerResponse.getMockResponseHeaders()",examples/src/test/java/org/apache/wink/client/MockHttpServer.java,,,,,,,,,,,,,,,,,,,,,,,,,3,3,0,3,1,1,0,1,1,1,2,1,1,1,1,1,1,,,,,,0,,0,00,1,1,1,1
Public Method,"org.apache.wink.client.MockHttpServer.MockHttpServerResponse.setMockResponseCode(int)",examples/src/test/java/org/apache/wink/client/MockHttpServer.java,,,,,,,,,,,,,,,,,,,,,,,,,2,3,0,3,1,1,0,1,1,1,2,1,1,1,1,1,1,,,,,,0,,0,00,1,1,1,1
Public Method,"org.apache.wink.client.MockHttpServer.MockHttpServerResponse.setMockResponseContent(String)",examples/src/test/java/org/apache/wink/client/MockHttpServer.java,,,,,,,,,,,,,,,,,,,,,,,,,1,3,0,3,1,1,0,2,1,1,2,1,1,1,1,1,1,,,,,,0,,0,00,1,1,1,1
Public Method,"org.apache.wink.client.MockHttpServer.MockHttpServerResponse.setMockResponseContent(byte[])",examples/src/test/java/org/apache/wink/client/MockHttpServer.java,,,,,,,,,,,,,,,,,,,,,,,,,3,3,0,3,1,1,0,1,1,1,2,1,1,1,1,1,1,,,,,,0,,0,00,1,1,1,1
Public Method,"org.apache.wink.client.MockHttpServer.MockHttpServerResponse.setMockResponseContentEchoRequest(boolean)",examples/src/test/java/org/apache/wink/client/MockHttpServer.java,,,,,,,,,,,,,,,,,,,,,,,,,1,3,0,3,1,1,0,1,1,1,2,1,1,1,1,1,1,,,,,,0,,0,00,1,1,1,1
Public Method,"org.apache.wink.client.MockHttpServer.MockHttpServerResponse.setMockResponseContentType(String)",examples/src/test/java/org/apache/wink/client/MockHttpServer.java,,,,,,,,,,,,,,,,,,,,,,,,,2,3,0,3,1,1,0,1,1,1,2,1,1,1,1,1,1,,,,,,0,,0,00,1,1,1,1
Public Method,"org.apache.wink.client.MockHttpServer.MockHttpServerResponse.setMockResponseHeader(String,String)",examples/src/test/java/org/apache/wink/client/MockHttpServer.java,,,,,,,,,,,,,,,,,,,,,,,,,3,3,0,3,1,1,0,1,1,1,2,1,1,1,1,1,1,,,,,,0,,0,00,1,1,1,1
Public Method,"org.apache.wink.client.MockHttpServer.MockHttpServerResponse.setMockResponseHeaders(Map<String,String>)",examples/src/test/java/org/apache/wink/client/MockHttpServer.java,,,,,,,,,,,,,,,,,,,,,,,,,2,4,0,4,1,2,0,2,1,2,3,1,2,1,1,1,1,,,,,,0,,0,00,1,1,1,1
Private Method,"org.apache.wink.client.MockHttpServer.executeLoop()",examples/src/test/java/org/apache/wink/client/MockHttpServer.java,,,,,,,,,,,,,,,,,,,,,,,,,3,24,0,23,3,17,1,9,5,9,14,3,13,5,5,6,1,,,,,,3,,0,04,5,5,6,1
Public Method,"org.apache.wink.client.MockHttpServer.getMockHttpServerResponses()",examples/src/test/java/org/apache/wink/client/MockHttpServer.java,,,,,,,,,,,,,,,,,,,,,,,,,1,3,0,3,1,1,0,1,1,1,2,1,1,1,1,1,1,,,,,,0,,0,00,1,1,1,1
Public Method,"org.apache.wink.client.MockHttpServer.getRequestContent()",examples/src/test/java/org/apache/wink/client/MockHttpServer.java,,,,,,,,,,,,,,,,,,,,,,,,,1,3,0,3,1,1,0,2,1,1,2,1,1,1,1,1,1,,,,,,0,,0,00,1,1,1,1
Public Method,"org.apache.wink.client.MockHttpServer.getRequestContentAsString()",examples/src/test/java/org/apache/wink/client/MockHttpServer.java,,,,,,,,,,,,,,,,,,,,,,,,,1,3,0,3,1,1,0,2,1,1,2,1,1,1,1,1,1,,,,,,0,,0,00,1,1,1,1
Public Method,"org.apache.wink.client.MockHttpServer.getRequestHeaders()",examples/src/test/java/org/apache/wink/client/MockHttpServer.java,,,,,,,,,,,,,,,,,,,,,,,,,1,3,0,3,1,1,0,1,1,1,2,1,1,1,1,1,1,,,,,,0,,0,00,1,1,1,1
Public Method,"org.apache.wink.client.MockHttpServer.getRequestMethod()",examples/src/test/java/org/apache/wink/client/MockHttpServer.java,,,,,,,,,,,,,,,,,,,,,,,,,1,3,0,3,1,1,0,1,1,1,2,1,1,1,1,1,1,,,,,,0,,0,00,1,1,1,1
Public Method,"org.apache.wink.client.MockHttpServer.getRequestUrl()",examples/src/test/java/org/apache/wink/client/MockHttpServer.java,,,,,,,,,,,,,,,,,,,,,,,,,1,3,0,3,1,1,0,1,1,1,2,1,1,1,1,1,1,,,,,,0,,0,00,1,1,1,1
Public Method,"org.apache.wink.client.MockHttpServer.getServerPort()",examples/src/test/java/org/apache/wink/client/MockHttpServer.java,,,,,,,,,,,,,,,,,,,,,,,,,2,3,0,3,1,1,0,1,1,1,2,1,1,1,1,1,1,,,,,,0,,0,00,1,1,1,1
Public Method,"org.apache.wink.client.MockHttpServer.run()",examples/src/test/java/org/apache/wink/client/MockHttpServer.java,,,,,,,,,,,,,,,,,,,,,,,,,0,5,0,5,2,2,0,3,1,2,3,1,2,1,1,1,1,,,,,,0,,0,00,1,1,1,1
Private Method,"org.apache.wink.client.MockHttpServer.serverStarted()",examples/src/test/java/org/apache/wink/client/MockHttpServer.java,,,,,,,,,,,,,,,,,,,,,,,,,1,4,0,3,1,1,1,1,1,1,2,1,1,1,1,1,1,,,,,,0,,0,33,1,1,1,1
Private Method,"org.apache.wink.client.MockHttpServer.serverStopped()",examples/src/test/java/org/apache/wink/client/MockHttpServer.java,,,,,,,,,,,,,,,,,,,,,,,,,1,4,0,3,1,1,1,1,1,1,2,1,1,1,1,1,1,,,,,,0,,0,33,1,1,1,1
Public Method,"org.apache.wink.client.MockHttpServer.setDelayResponse(int)",examples/src/test/java/org/apache/wink/client/MockHttpServer.java,,,,,,,,,,,,,,,,,,,,,,,,,1,3,0,3,1,1,0,1,1,1,2,1,1,1,1,1,1,,,,,,0,,0,00,1,1,1,1
Public Method,"org.apache.wink.client.MockHttpServer.setMockHttpServerResponses(MockHttpServerResponse...)",examples/src/test/java/org/apache/wink/client/MockHttpServer.java,,,,,,,,,,,,,,,,,,,,,,,,,3,4,0,4,1,2,0,3,1,2,3,1,2,1,1,1,1,,,,,,0,,0,00,1,1,1,1
Public Method,"org.apache.wink.client.MockHttpServer.setReadTimeout(int)",examples/src/test/java/org/apache/wink/client/MockHttpServer.java,,,,,,,,,,,,,,,,,,,,,,,,,1,3,0,3,1,1,0,1,1,1,2,1,1,1,1,1,1,,,,,,0,,0,00,1,1,1,1
Public Method,"org.apache.wink.client.MockHttpServer.setServerPort(int)",examples/src/test/java/org/apache/wink/client/MockHttpServer.java,,,,,,,,,,,,,,,,,,,,,,,,,1,3,0,3,1,1,0,1,1,1,2,1,1,1,1,1,1,,,,,,0,,0,00,1,1,1,1
Public Method,"org.apache.wink.client.MockHttpServer.startServer()",examples/src/test/java/org/apache/wink/client/MockHttpServer.java,,,,,,,,,,,,,,,,,,,,,,,,,2,11,2,7,1,5,2,3,2,4,6,1,5,2,2,2,1,,,,,,1,,0,29,2,2,2,1
Public Method,"org.apache.wink.client.MockHttpServer.stopServer()",examples/src/test/java/org/apache/wink/client/MockHttpServer.java,,,,,,,,,,,,,,,,,,,,,,,,,5,16,1,12,1,9,3,5,3,6,9,1,8,3,3,3,1,,,,,,1,,0,25,3,3,3,1
Private Method,"org.apache.wink.client.MockHttpServer.waitForServerToStart()",examples/src/test/java/org/apache/wink/client/MockHttpServer.java,,,,,,,,,,,,,,,,,,,,,,,,,2,7,0,7,1,4,0,2,2,2,4,1,3,2,2,2,1,,,,,,1,,0,00,2,2,2,1
Private Method,"org.apache.wink.client.MockHttpServer.waitForServerToStop()",examples/src/test/java/org/apache/wink/client/MockHttpServer.java,,,,,,,,,,,,,,,,,,,,,,,,,2,7,0,7,1,4,0,2,2,2,4,1,3,2,2,2,1,,,,,,1,,0,00,2,2,2,1
Package,"org.apache.xmpbox",xmpbox/src/main/java/org/apache/xmpbox/DateConverter.java,1,1,1,1,19,0,12,5,,,,10,10,16,10,,51,8,61,,16,4,2,39,,1793,188,952,334,492,664,,,477,599,316,368,,,,,23,23,29,5,,6,,0,70,112,112,122,78
Public Final Class,"org.apache.xmpbox.DateConverter",xmpbox/src/main/java/org/apache/xmpbox/DateConverter.java,7,7,8,2,55,2,44,8,1,19,0,,5,1,,,1,0,6,18,0,3,0,3,,389,24,275,48,159,90,,,107,152,48,126,,,,,23,23,29,5,1,6,0,0,33,44,44,53,13
Private Constructor,"org.apache.xmpbox.DateConverter.DateConverter()",xmpbox/src/main/java/org/apache/xmpbox/DateConverter.java,,,,,,,,,,,,,,,,,,,,,,,,,0,6,0,3,1,0,3,1,1,0,1,1,0,1,1,1,1,,,,,,0,,1,00,1,1,1,1
Private Static Method,"org.apache.xmpbox.DateConverter.fromISO8601(String)",xmpbox/src/main/java/org/apache/xmpbox/DateConverter.java,,,,,,,,,,,,,,,,,,,,,,,,,2,72,6,57,19,36,9,15,24,27,36,19,33,9,9,10,5,,,,,,3,,0,16,9,9,10,5
Public Static Method,"org.apache.xmpbox.DateConverter.toCalendar(String)",xmpbox/src/main/java/org/apache/xmpbox/DateConverter.java,,,,,,,,,,,,,,,,,,,,,,,,,10,155,8,128,14,69,19,22,3598,42,65,15,53,23,23,29,4,,,,,,6,,0,15,23,23,29,4
Public Static Method,"org.apache.xmpbox.DateConverter.toISO8601(Calendar)",xmpbox/src/main/java/org/apache/xmpbox/DateConverter.java,,,,,,,,,,,,,,,,,,,,,,,,,3,11,0,4,1,1,7,2,1,1,2,1,1,1,1,1,1,,,,,,0,,1,75,1,1,1,1
Public Static Method,"org.apache.xmpbox.DateConverter.toISO8601(Calendar,boolean)",xmpbox/src/main/java/org/apache/xmpbox/DateConverter.java,,,,,,,,,,,,,,,,,,,,,,,,,14,55,3,44,5,31,8,9,16,26,31,5,28,5,5,5,1,,,,,,1,,0,18,5,5,5,1
Private Static Method,"org.apache.xmpbox.DateConverter.updateZoneId(TimeZone)",xmpbox/src/main/java/org/apache/xmpbox/DateConverter.java,,,,,,,,,,,,,,,,,,,,,,,,,3,35,0,28,5,15,7,3,8,10,15,5,11,5,5,7,1,,,,,,1,,0,25,5,5,7,1
Class,"org.apache.xmpbox.DateConverterTest",xmpbox/src/test/java/org/apache/xmpbox/DateConverterTest.java,1,1,1,1,44,9,24,11,1,10,0,,0,0,,,2,0,2,14,2,0,0,0,,117,20,51,11,40,46,,,36,39,9,34,,,,,1,1,1,1,1,0,0,0,90,2,2,2,2
Method,"org.apache.xmpbox.DateConverterTest.testDateConversion()",xmpbox/src/test/java/org/apache/xmpbox/DateConverterTest.java,,,,,,,,,,,,,,,,,,,,,,,,,1,71,18,39,6,35,14,7,1,33,34,5,31,1,1,1,1,,,,,,0,,0,36,1,1,1,1
Method,"org.apache.xmpbox.DateConverterTest.testDateFormatting()",xmpbox/src/test/java/org/apache/xmpbox/DateConverterTest.java,,,,,,,,,,,,,,,,,,,,,,,,,0,17,0,9,4,5,8,6,1,3,4,3,3,1,1,1,1,,,,,,0,,0,89,1,1,1,1
Class,"org.apache.xmpbox.DoubleSameTypeSchemaTest",xmpbox/src/test/java/org/apache/xmpbox/DoubleSameTypeSchemaTest.java,2,2,2,1,40,7,31,2,1,10,0,,0,0,,,1,1,1,13,1,0,0,0,,72,9,35,13,25,28,,,23,27,13,20,,,,,2,2,2,1,1,1,0,0,80,2,2,2,1
Method,"org.apache.xmpbox.DoubleSameTypeSchemaTest.testDoubleDublinCore()",xmpbox/src/test/java/org/apache/xmpbox/DoubleSameTypeSchemaTest.java,,,,,,,,,,,,,,,,,,,,,,,,,1,40,7,31,11,24,2,20,2,22,25,11,19,2,2,2,1,,,,,,1,,0,06,2,2,2,1
Class,"org.apache.xmpbox.SaveMetadataHelperTest",xmpbox/src/test/java/org/apache/xmpbox/SaveMetadataHelperTest.java,1,1,1,1,12,1,11,0,1,5,0,,0,0,,,2,0,2,14,2,0,0,0,,51,6,25,9,14,20,,,14,17,7,14,,,,,1,1,1,1,1,0,0,0,80,2,2,2,2
Method,"org.apache.xmpbox.SaveMetadataHelperTest.testMetadataParsing()",xmpbox/src/test/java/org/apache/xmpbox/SaveMetadataHelperTest.java,,,,,,,,,,,,,,,,,,,,,,,,,0,16,3,13,5,9,0,8,1,9,10,4,9,1,1,1,1,,,,,,0,,0,00,1,1,1,1
Method,"org.apache.xmpbox.SaveMetadataHelperTest.testSchemaParsing()",xmpbox/src/test/java/org/apache/xmpbox/SaveMetadataHelperTest.java,,,,,,,,,,,,,,,,,,,,,,,,,0,9,0,9,3,5,0,5,1,5,6,2,5,1,1,1,1,,,,,,0,,0,00,1,1,1,1
Class,"org.apache.xmpbox.TestValidatePermitedMetadata",xmpbox/src/test/java/org/apache/xmpbox/TestValidatePermitedMetadata.java,4,4,4,3,33,1,28,5,1,20,0,,1,0,,,1,0,2,14,2,0,0,0,,93,5,60,24,35,30,,,27,37,22,32,,,,,5,5,5,5,1,4,0,0,50,8,8,8,6
Method,"org.apache.xmpbox.TestValidatePermitedMetadata.checkExistence(String,String,String)",xmpbox/src/test/java/org/apache/xmpbox/TestValidatePermitedMetadata.java,,,,,,,,,,,,,,,,,,,,,,,,,3,44,2,36,13,21,6,19,5,15,21,11,18,5,5,5,5,,,,,,4,,0,17,5,5,5,5
Static Method,"org.apache.xmpbox.TestValidatePermitedMetadata.initializeParameters()",xmpbox/src/test/java/org/apache/xmpbox/TestValidatePermitedMetadata.java,,,,,,,,,,,,,,,,,,,,,,,,,1,23,0,21,10,14,4,12,3,12,15,10,14,3,3,3,1,,,,,,2,,0,19,3,3,3,1
Class,"org.apache.xmpbox.TestXMPWithDefinedSchemas",xmpbox/src/test/java/org/apache/xmpbox/TestXMPWithDefinedSchemas.java,1,1,1,1,10,0,9,0,1,10,0,,1,0,,,1,0,2,14,2,0,0,0,,45,2,22,8,11,21,,,5,8,6,5,,,,,1,1,1,1,1,0,0,0,95,2,2,2,2
Static Method,"org.apache.xmpbox.TestXMPWithDefinedSchemas.initializeParameters()",xmpbox/src/test/java/org/apache/xmpbox/TestXMPWithDefinedSchemas.java,,,,,,,,,,,,,,,,,,,,,,,,,0,10,0,10,1,7,0,2,1,1,2,1,1,1,1,1,1,,,,,,0,,0,00,1,1,1,1
Method,"org.apache.xmpbox.TestXMPWithDefinedSchemas.main(String)",xmpbox/src/test/java/org/apache/xmpbox/TestXMPWithDefinedSchemas.java,,,,,,,,,,,,,,,,,,,,,,,,,1,11,1,9,6,4,1,7,1,4,5,4,4,1,1,1,1,,,,,,0,,0,11,1,1,1,1
Class,"org.apache.xmpbox.TestXMPWithUndefinedSchemas",xmpbox/src/test/java/org/apache/xmpbox/TestXMPWithUndefinedSchemas.java,1,1,1,1,11,0,10,1,1,14,0,,1,0,,,1,0,2,14,2,0,0,0,,46,2,23,8,12,22,,,10,13,6,10,,,,,1,1,1,1,1,0,0,0,96,2,2,2,2
Static Method,"org.apache.xmpbox.TestXMPWithUndefinedSchemas.initializeParameters()",xmpbox/src/test/java/org/apache/xmpbox/TestXMPWithUndefinedSchemas.java,,,,,,,,,,,,,,,,,,,,,,,,,0,6,0,6,1,3,1,2,1,1,2,1,1,1,1,1,1,,,,,,0,,0,17,1,1,1,1
Method,"org.apache.xmpbox.TestXMPWithUndefinedSchemas.main(String,String,String,String)",xmpbox/src/test/java/org/apache/xmpbox/TestXMPWithUndefinedSchemas.java,,,,,,,,,,,,,,,,,,,,,,,,,4,16,1,14,6,9,1,14,1,9,10,4,9,1,1,1,1,,,,,,0,,0,07,1,1,1,1
Class,"org.apache.xmpbox.XMPMetaDataTest",xmpbox/src/test/java/org/apache/xmpbox/XMPMetaDataTest.java,1,1,1,1,25,1,21,3,1,18,0,,0,0,,,5,0,5,17,5,0,0,0,,170,14,111,27,88,52,,,43,49,21,40,,,,,1,1,1,1,1,0,0,0,47,7,7,7,7
Method,"org.apache.xmpbox.XMPMetaDataTest.testAddingSchem()",xmpbox/src/test/java/org/apache/xmpbox/XMPMetaDataTest.java,,,,,,,,,,,,,,,,,,,,,,,,,0,33,7,25,7,21,3,15,1,21,22,6,20,1,1,1,1,,,,,,0,,0,12,1,1,1,1
Method,"org.apache.xmpbox.XMPMetaDataTest.testInitMetaDataWithInfo()",xmpbox/src/test/java/org/apache/xmpbox/XMPMetaDataTest.java,,,,,,,,,,,,,,,,,,,,,,,,,0,10,0,10,4,6,0,6,1,6,7,3,5,1,1,1,1,,,,,,0,,0,00,1,1,1,1
Method,"org.apache.xmpbox.XMPMetaDataTest.testPDFBOX3257()",xmpbox/src/test/java/org/apache/xmpbox/XMPMetaDataTest.java,,,,,,,,,,,,,,,,,,,,,,,,,0,71,1,59,11,55,16,13,1,12,13,9,11,1,1,1,1,,,,,,0,,0,27,1,1,1,1
Method,"org.apache.xmpbox.XMPMetaDataTest.testTransformerExceptionMessage()",xmpbox/src/test/java/org/apache/xmpbox/XMPMetaDataTest.java,,,,,,,,,,,,,,,,,,,,,,,,,1,7,0,7,2,3,0,1,1,2,3,1,2,1,1,1,1,,,,,,0,,0,00,2,2,2,2
Lambda Method,"org.apache.xmpbox.XMPMetaDataTest.testTransformerExceptionMessage.(lambda_expr_1)()",xmpbox/src/test/java/org/apache/xmpbox/XMPMetaDataTest.java,,,,,,,,,,,,,,,,,,,,,,,,,0,3,0,3,0,2,0,2,1,1,1,0,1,1,1,1,1,,,,,,0,,0,00,1,1,1,1
Method,"org.apache.xmpbox.XMPMetaDataTest.testTransformerExceptionWithCause()",xmpbox/src/test/java/org/apache/xmpbox/XMPMetaDataTest.java,,,,,,,,,,,,,,,,,,,,,,,,,1,7,0,7,2,3,0,1,1,2,3,1,2,1,1,1,1,,,,,,0,,0,00,2,2,2,2
Lambda Method,"org.apache.xmpbox.XMPMetaDataTest.testTransformerExceptionWithCause.(lambda_expr_1)()",xmpbox/src/test/java/org/apache/xmpbox/XMPMetaDataTest.java,,,,,,,,,,,,,,,,,,,,,,,,,0,3,0,3,0,2,0,3,1,1,1,0,1,1,1,1,1,,,,,,0,,0,00,1,1,1,1
Public Class,"org.apache.xmpbox.XMPMetadata",xmpbox/src/main/java/org/apache/xmpbox/XMPMetadata.java,1,1,1,1,12,0,5,6,1,21,0,,2,0,,,36,7,38,50,0,0,2,36,,558,48,224,64,93,286,,,92,135,62,87,,,,,3,3,4,3,1,2,93,1,28,42,42,43,42
Protected Constructor,"org.apache.xmpbox.XMPMetadata.XMPMetadata()",xmpbox/src/main/java/org/apache/xmpbox/XMPMetadata.java,,,,,,,,,,,,,,,,,,,,,,,,,6,9,0,5,1,2,4,2,1,1,2,1,1,1,1,1,1,,,,,,0,,0,80,1,1,1,1
Protected Constructor,"org.apache.xmpbox.XMPMetadata.XMPMetadata(String,String,String,String)",xmpbox/src/main/java/org/apache/xmpbox/XMPMetadata.java,,,,,,,,,,,,,,,,,,,,,,,,,6,18,1,9,1,6,8,9,1,6,7,1,6,1,1,1,1,,,,,,0,,0,89,1,1,1,1
Public Method,"org.apache.xmpbox.XMPMetadata.addSchema(XMPSchema)",xmpbox/src/main/java/org/apache/xmpbox/XMPMetadata.java,,,,,,,,,,,,,,,,,,,,,,,,,19,9,0,4,1,1,5,1,1,1,2,1,1,1,1,1,1,,,,,,0,,1,25,1,1,1,1
Public Method,"org.apache.xmpbox.XMPMetadata.clearSchemas()",xmpbox/src/main/java/org/apache/xmpbox/XMPMetadata.java,,,,,,,,,,,,,,,,,,,,,,,,,1,7,0,4,1,1,3,1,1,1,2,1,1,1,1,1,1,,,,,,0,,0,75,1,1,1,1
Public Method,"org.apache.xmpbox.XMPMetadata.createAndAddAdobePDFSchema()",xmpbox/src/main/java/org/apache/xmpbox/XMPMetadata.java,,,,,,,,,,,,,,,,,,,,,,,,,10,14,0,7,2,4,7,4,1,4,5,2,4,1,1,1,1,,,,,,0,,1,00,1,1,1,1
Public Method,"org.apache.xmpbox.XMPMetadata.createAndAddBasicJobTicketSchema()",xmpbox/src/main/java/org/apache/xmpbox/XMPMetadata.java,,,,,,,,,,,,,,,,,,,,,,,,,3,14,0,7,2,4,7,4,1,4,5,2,4,1,1,1,1,,,,,,0,,1,00,1,1,1,1
Public Method,"org.apache.xmpbox.XMPMetadata.createAndAddDefaultSchema(String,String)",xmpbox/src/main/java/org/apache/xmpbox/XMPMetadata.java,,,,,,,,,,,,,,,,,,,,,,,,,2,14,0,7,2,4,7,4,1,4,5,2,4,1,1,1,1,,,,,,0,,1,00,1,1,1,1
Public Method,"org.apache.xmpbox.XMPMetadata.createAndAddDublinCoreSchema()",xmpbox/src/main/java/org/apache/xmpbox/XMPMetadata.java,,,,,,,,,,,,,,,,,,,,,,,,,12,14,0,7,2,4,7,4,1,4,5,2,4,1,1,1,1,,,,,,0,,1,00,1,1,1,1
Public Method,"org.apache.xmpbox.XMPMetadata.createAndAddPDFAExtensionSchemaWithDefaultNS()",xmpbox/src/main/java/org/apache/xmpbox/XMPMetadata.java,,,,,,,,,,,,,,,,,,,,,,,,,0,15,0,7,2,4,8,4,1,4,5,2,4,1,1,1,1,,,,,,0,,1,14,1,1,1,1
Public Method,"org.apache.xmpbox.XMPMetadata.createAndAddPDFAExtensionSchemaWithNS(Map<String,String>)",xmpbox/src/main/java/org/apache/xmpbox/XMPMetadata.java,,,,,,,,,,,,,,,,,,,,,,,,,0,18,0,8,3,4,10,4,1,4,5,2,4,1,1,1,1,,,,,,0,,1,25,1,1,1,1
Public Method,"org.apache.xmpbox.XMPMetadata.createAndAddPDFAIdentificationSchema()",xmpbox/src/main/java/org/apache/xmpbox/XMPMetadata.java,,,,,,,,,,,,,,,,,,,,,,,,,9,14,0,7,2,4,7,4,1,4,5,2,4,1,1,1,1,,,,,,0,,1,00,1,1,1,1
Public Method,"org.apache.xmpbox.XMPMetadata.createAndAddPhotoshopSchema()",xmpbox/src/main/java/org/apache/xmpbox/XMPMetadata.java,,,,,,,,,,,,,,,,,,,,,,,,,1,14,0,7,2,4,7,4,1,4,5,2,4,1,1,1,1,,,,,,0,,1,00,1,1,1,1
Public Method,"org.apache.xmpbox.XMPMetadata.createAndAddXMPBasicSchema()",xmpbox/src/main/java/org/apache/xmpbox/XMPMetadata.java,,,,,,,,,,,,,,,,,,,,,,,,,10,14,0,7,2,4,7,4,1,4,5,2,4,1,1,1,1,,,,,,0,,1,00,1,1,1,1
Public Method,"org.apache.xmpbox.XMPMetadata.createAndAddXMPMediaManagementSchema()",xmpbox/src/main/java/org/apache/xmpbox/XMPMetadata.java,,,,,,,,,,,,,,,,,,,,,,,,,1,15,0,7,2,4,8,4,1,4,5,2,4,1,1,1,1,,,,,,0,,1,14,1,1,1,1
Public Method,"org.apache.xmpbox.XMPMetadata.createAndAddXMPRightsManagementSchema()",xmpbox/src/main/java/org/apache/xmpbox/XMPMetadata.java,,,,,,,,,,,,,,,,,,,,,,,,,1,14,0,7,2,4,7,4,1,4,5,2,4,1,1,1,1,,,,,,0,,1,00,1,1,1,1
Public Static Method,"org.apache.xmpbox.XMPMetadata.createXMPMetadata()",xmpbox/src/main/java/org/apache/xmpbox/XMPMetadata.java,,,,,,,,,,,,,,,,,,,,,,,,,26,9,0,4,1,1,5,2,1,1,2,1,1,1,1,1,1,,,,,,0,,1,25,1,1,1,1
Public Static Method,"org.apache.xmpbox.XMPMetadata.createXMPMetadata(String,String,String,String)",xmpbox/src/main/java/org/apache/xmpbox/XMPMetadata.java,,,,,,,,,,,,,,,,,,,,,,,,,6,14,0,5,2,1,9,2,1,1,2,1,1,1,1,1,1,,,,,,0,,1,80,1,1,1,1
Public Method,"org.apache.xmpbox.XMPMetadata.getAdobePDFSchema()",xmpbox/src/main/java/org/apache/xmpbox/XMPMetadata.java,,,,,,,,,,,,,,,,,,,,,,,,,6,11,0,4,1,1,7,2,1,1,2,1,1,1,1,1,1,,,,,,0,,1,75,1,1,1,1
Public Method,"org.apache.xmpbox.XMPMetadata.getAllSchemas()",xmpbox/src/main/java/org/apache/xmpbox/XMPMetadata.java,,,,,,,,,,,,,,,,,,,,,,,,,10,9,0,4,1,1,5,2,1,1,2,1,1,1,1,1,1,,,,,,0,,1,25,1,1,1,1
Public Method,"org.apache.xmpbox.XMPMetadata.getBasicJobTicketSchema()",xmpbox/src/main/java/org/apache/xmpbox/XMPMetadata.java,,,,,,,,,,,,,,,,,,,,,,,,,3,11,0,4,1,1,7,2,1,1,2,1,1,1,1,1,1,,,,,,0,,1,75,1,1,1,1
Public Method,"org.apache.xmpbox.XMPMetadata.getDublinCoreSchema()",xmpbox/src/main/java/org/apache/xmpbox/XMPMetadata.java,,,,,,,,,,,,,,,,,,,,,,,,,10,11,0,4,1,1,7,2,1,1,2,1,1,1,1,1,1,,,,,,0,,1,75,1,1,1,1
Public Method,"org.apache.xmpbox.XMPMetadata.getEndXPacket()",xmpbox/src/main/java/org/apache/xmpbox/XMPMetadata.java,,,,,,,,,,,,,,,,,,,,,,,,,2,9,0,4,1,1,5,1,1,1,2,1,1,1,1,1,1,,,,,,0,,1,25,1,1,1,1
Public Method,"org.apache.xmpbox.XMPMetadata.getPDFAIdentificationSchema()",xmpbox/src/main/java/org/apache/xmpbox/XMPMetadata.java,,,,,,,,,,,,,,,,,,,,,,,,,2,11,0,4,1,1,7,2,1,1,2,1,1,1,1,1,1,,,,,,0,,1,75,1,1,1,1
Public Method,"org.apache.xmpbox.XMPMetadata.getPDFExtensionSchema()",xmpbox/src/main/java/org/apache/xmpbox/XMPMetadata.java,,,,,,,,,,,,,,,,,,,,,,,,,0,11,0,4,1,1,7,2,1,1,2,1,1,1,1,1,1,,,,,,0,,1,75,1,1,1,1
Public Method,"org.apache.xmpbox.XMPMetadata.getPhotoshopSchema()",xmpbox/src/main/java/org/apache/xmpbox/XMPMetadata.java,,,,,,,,,,,,,,,,,,,,,,,,,0,11,0,4,1,1,7,2,1,1,2,1,1,1,1,1,1,,,,,,0,,1,75,1,1,1,1
Public Method,"org.apache.xmpbox.XMPMetadata.getSchema(Class<? extends XMPSchema>)",xmpbox/src/main/java/org/apache/xmpbox/XMPMetadata.java,,,,,,,,,,,,,,,,,,,,,,,,,11,17,0,5,2,2,12,4,1,2,3,2,2,1,1,1,1,,,,,,0,,2,40,1,1,1,1
Public Method,"org.apache.xmpbox.XMPMetadata.getSchema(String)",xmpbox/src/main/java/org/apache/xmpbox/XMPMetadata.java,,,,,,,,,,,,,,,,,,,,,,,,,8,26,0,14,3,6,12,6,3,5,8,3,6,3,3,3,3,,,,,,2,,0,86,3,3,3,3
Public Method,"org.apache.xmpbox.XMPMetadata.getSchema(String,String)",xmpbox/src/main/java/org/apache/xmpbox/XMPMetadata.java,,,,,,,,,,,,,,,,,,,,,,,,,4,24,0,14,3,6,10,8,3,5,8,3,6,3,3,4,3,,,,,,2,,0,71,3,3,4,3
Public Method,"org.apache.xmpbox.XMPMetadata.getTypeMapping()",xmpbox/src/main/java/org/apache/xmpbox/XMPMetadata.java,,,,,,,,,,,,,,,,,,,,,,,,,31,8,0,4,1,1,4,1,1,1,2,1,1,1,1,1,1,,,,,,0,,1,00,1,1,1,1
Public Method,"org.apache.xmpbox.XMPMetadata.getXMPBasicSchema()",xmpbox/src/main/java/org/apache/xmpbox/XMPMetadata.java,,,,,,,,,,,,,,,,,,,,,,,,,8,11,0,4,1,1,7,2,1,1,2,1,1,1,1,1,1,,,,,,0,,1,75,1,1,1,1
Public Method,"org.apache.xmpbox.XMPMetadata.getXMPMediaManagementSchema()",xmpbox/src/main/java/org/apache/xmpbox/XMPMetadata.java,,,,,,,,,,,,,,,,,,,,,,,,,1,11,0,4,1,1,7,2,1,1,2,1,1,1,1,1,1,,,,,,0,,1,75,1,1,1,1
Public Method,"org.apache.xmpbox.XMPMetadata.getXMPRightsManagementSchema()",xmpbox/src/main/java/org/apache/xmpbox/XMPMetadata.java,,,,,,,,,,,,,,,,,,,,,,,,,1,11,0,4,1,1,7,2,1,1,2,1,1,1,1,1,1,,,,,,0,,1,75,1,1,1,1
Public Method,"org.apache.xmpbox.XMPMetadata.getXpacketBegin()",xmpbox/src/main/java/org/apache/xmpbox/XMPMetadata.java,,,,,,,,,,,,,,,,,,,,,,,,,3,9,0,4,1,1,5,1,1,1,2,1,1,1,1,1,1,,,,,,0,,1,25,1,1,1,1
Public Method,"org.apache.xmpbox.XMPMetadata.getXpacketBytes()",xmpbox/src/main/java/org/apache/xmpbox/XMPMetadata.java,,,,,,,,,,,,,,,,,,,,,,,,,3,9,0,4,1,1,5,1,1,1,2,1,1,1,1,1,1,,,,,,0,,1,25,1,1,1,1
Public Method,"org.apache.xmpbox.XMPMetadata.getXpacketEncoding()",xmpbox/src/main/java/org/apache/xmpbox/XMPMetadata.java,,,,,,,,,,,,,,,,,,,,,,,,,3,9,0,4,1,1,5,1,1,1,2,1,1,1,1,1,1,,,,,,0,,1,25,1,1,1,1
Public Method,"org.apache.xmpbox.XMPMetadata.getXpacketId()",xmpbox/src/main/java/org/apache/xmpbox/XMPMetadata.java,,,,,,,,,,,,,,,,,,,,,,,,,3,9,0,4,1,1,5,1,1,1,2,1,1,1,1,1,1,,,,,,0,,1,25,1,1,1,1
Public Method,"org.apache.xmpbox.XMPMetadata.removeSchema(XMPSchema)",xmpbox/src/main/java/org/apache/xmpbox/XMPMetadata.java,,,,,,,,,,,,,,,,,,,,,,,,,2,9,0,4,1,1,5,1,1,1,2,1,1,1,1,1,1,,,,,,0,,1,25,1,1,1,1
Public Method,"org.apache.xmpbox.XMPMetadata.setEndXPacket(String)",xmpbox/src/main/java/org/apache/xmpbox/XMPMetadata.java,,,,,,,,,,,,,,,,,,,,,,,,,2,9,0,4,1,1,5,1,1,1,2,1,1,1,1,1,1,,,,,,0,,1,25,1,1,1,1
Public Final Class,"org.apache.xmpbox.XmpConstants",xmpbox/src/main/java/org/apache/xmpbox/XmpConstants.java,1,1,1,1,4,0,3,1,1,1,0,,0,15,,,1,0,1,13,0,1,0,0,,106,17,21,17,15,69,,,15,17,17,0,,,,,1,1,1,1,1,0,0,3,29,1,1,1,1
Private Constructor,"org.apache.xmpbox.XmpConstants.XmpConstants()",xmpbox/src/main/java/org/apache/xmpbox/XmpConstants.java,,,,,,,,,,,,,,,,,,,,,,,,,0,4,0,3,1,0,1,1,1,0,1,1,0,1,1,1,1,,,,,,0,,0,33,1,1,1,1
Package,"org.apache.xmpbox.parser",xmpbox/src/test/java/org/apache/xmpbox/parser/DeserializationTest.java,1,1,1,1,14,1,12,0,,,,2,0,0,2,,20,4,20,,18,0,0,2,,398,67,280,120,131,52,,,134,167,101,117,,,,,2,2,2,1,,1,,0,19,30,30,30,20
Class,"org.apache.xmpbox.parser.DeserializationTest",xmpbox/src/test/java/org/apache/xmpbox/parser/DeserializationTest.java,1,1,1,1,15,1,12,0,1,21,0,,0,0,,,19,2,19,31,18,0,0,1,,334,56,247,92,129,31,,,108,139,74,116,,,,,2,2,2,1,1,1,94,0,13,29,29,29,19
Public Method,"org.apache.xmpbox.parser.DeserializationTest.init()",xmpbox/src/test/java/org/apache/xmpbox/parser/DeserializationTest.java,,,,,,,,,,,,,,,,,,,,,,,,,0,6,0,6,2,2,0,4,1,2,3,1,2,1,1,1,1,,,,,,0,,0,00,1,1,1,1
Method,"org.apache.xmpbox.parser.DeserializationTest.testAltBagSeq()",xmpbox/src/test/java/org/apache/xmpbox/parser/DeserializationTest.java,,,,,,,,,,,,,,,,,,,,,,,,,0,11,2,7,4,3,2,3,1,3,4,3,3,1,1,1,1,,,,,,0,,0,29,1,1,1,1
Method,"org.apache.xmpbox.parser.DeserializationTest.testEmptyLi()",xmpbox/src/test/java/org/apache/xmpbox/parser/DeserializationTest.java,,,,,,,,,,,,,,,,,,,,,,,,,0,10,3,7,4,3,0,3,1,3,4,3,3,1,1,1,1,,,,,,0,,0,00,1,1,1,1
Method,"org.apache.xmpbox.parser.DeserializationTest.testEmptyLi2()",xmpbox/src/test/java/org/apache/xmpbox/parser/DeserializationTest.java,,,,,,,,,,,,,,,,,,,,,,,,,0,11,2,9,6,5,0,5,1,5,6,5,5,1,1,1,1,,,,,,0,,0,00,1,1,1,1
Method,"org.apache.xmpbox.parser.DeserializationTest.testGetTitle()",xmpbox/src/test/java/org/apache/xmpbox/parser/DeserializationTest.java,,,,,,,,,,,,,,,,,,,,,,,,,0,12,2,10,7,6,0,6,1,6,7,6,6,1,1,1,1,,,,,,0,,0,00,1,1,1,1
Method,"org.apache.xmpbox.parser.DeserializationTest.testIsartorStyleWithThumbs()",xmpbox/src/test/java/org/apache/xmpbox/parser/DeserializationTest.java,,,,,,,,,,,,,,,,,,,,,,,,,0,42,9,28,7,24,5,20,1,20,21,6,20,1,1,1,1,,,,,,0,,0,18,1,1,1,1
Method,"org.apache.xmpbox.parser.DeserializationTest.testRdfAboutFound()",xmpbox/src/test/java/org/apache/xmpbox/parser/DeserializationTest.java,,,,,,,,,,,,,,,,,,,,,,,,,0,12,0,12,6,6,0,6,2,5,8,6,6,2,2,2,1,,,,,,1,,0,00,2,2,2,1
Method,"org.apache.xmpbox.parser.DeserializationTest.testSpaceTextValues()",xmpbox/src/test/java/org/apache/xmpbox/parser/DeserializationTest.java,,,,,,,,,,,,,,,,,,,,,,,,,0,14,1,9,5,5,4,8,1,5,6,4,5,1,1,1,1,,,,,,0,,0,44,1,1,1,1
Method,"org.apache.xmpbox.parser.DeserializationTest.testStructuredRecursive()",xmpbox/src/test/java/org/apache/xmpbox/parser/DeserializationTest.java,,,,,,,,,,,,,,,,,,,,,,,,,0,10,3,7,4,3,0,3,1,3,4,3,3,1,1,1,1,,,,,,0,,0,00,1,1,1,1
Method,"org.apache.xmpbox.parser.DeserializationTest.testUndefinedPropertyWithDefinedSchema()",xmpbox/src/test/java/org/apache/xmpbox/parser/DeserializationTest.java,,,,,,,,,,,,,,,,,,,,,,,,,2,16,1,15,4,7,0,6,2,5,7,3,6,2,2,2,1,,,,,,1,,0,00,2,2,2,1
Method,"org.apache.xmpbox.parser.DeserializationTest.testUndefinedSchema()",xmpbox/src/test/java/org/apache/xmpbox/parser/DeserializationTest.java,,,,,,,,,,,,,,,,,,,,,,,,,2,16,1,15,4,7,0,6,2,5,7,3,6,2,2,2,1,,,,,,1,,0,00,2,2,2,1
Method,"org.apache.xmpbox.parser.DeserializationTest.testUndefinedStructuredWithDefinedSchema()",xmpbox/src/test/java/org/apache/xmpbox/parser/DeserializationTest.java,,,,,,,,,,,,,,,,,,,,,,,,,2,16,1,15,4,7,0,6,2,5,7,3,6,2,2,2,1,,,,,,1,,0,00,2,2,2,1
Method,"org.apache.xmpbox.parser.DeserializationTest.testWihtAttributesAsProperties()",xmpbox/src/test/java/org/apache/xmpbox/parser/DeserializationTest.java,,,,,,,,,,,,,,,,,,,,,,,,,0,17,4,13,8,9,0,11,1,9,10,7,9,1,1,1,1,,,,,,0,,0,00,1,1,1,1
Method,"org.apache.xmpbox.parser.DeserializationTest.testWithInvalidRDFElementPrefix()",xmpbox/src/test/java/org/apache/xmpbox/parser/DeserializationTest.java,,,,,,,,,,,,,,,,,,,,,,,,,2,16,1,15,4,7,0,6,2,5,7,3,6,2,2,2,1,,,,,,1,,0,00,2,2,2,1
Method,"org.apache.xmpbox.parser.DeserializationTest.testWithNoRDFElement()",xmpbox/src/test/java/org/apache/xmpbox/parser/DeserializationTest.java,,,,,,,,,,,,,,,,,,,,,,,,,2,16,1,15,4,7,0,6,2,5,7,3,6,2,2,2,1,,,,,,1,,0,00,2,2,2,1
Method,"org.apache.xmpbox.parser.DeserializationTest.testWithNoXPacketEnd()",xmpbox/src/test/java/org/apache/xmpbox/parser/DeserializationTest.java,,,,,,,,,,,,,,,,,,,,,,,,,2,16,1,15,4,7,0,6,2,5,7,3,6,2,2,2,1,,,,,,1,,0,00,2,2,2,1
Method,"org.apache.xmpbox.parser.DeserializationTest.testWithNoXPacketStart()",xmpbox/src/test/java/org/apache/xmpbox/parser/DeserializationTest.java,,,,,,,,,,,,,,,,,,,,,,,,,2,16,1,15,4,7,0,6,2,5,7,3,6,2,2,2,1,,,,,,1,,0,00,2,2,2,1
Method,"org.apache.xmpbox.parser.DeserializationTest.testWithRDFRootAsText()",xmpbox/src/test/java/org/apache/xmpbox/parser/DeserializationTest.java,,,,,,,,,,,,,,,,,,,,,,,,,2,16,1,15,4,7,0,6,2,5,7,3,6,2,2,2,1,,,,,,1,,0,00,2,2,2,1
Method,"org.apache.xmpbox.parser.DeserializationTest.testWithTwoRDFElement()",xmpbox/src/test/java/org/apache/xmpbox/parser/DeserializationTest.java,,,,,,,,,,,,,,,,,,,,,,,,,2,16,1,15,4,7,0,6,2,5,7,3,6,2,2,2,1,,,,,,1,,0,00,2,2,2,1
Class,"org.apache.xmpbox.parser.PropMappingTest",xmpbox/src/test/java/org/apache/xmpbox/parser/PropMappingTest.java,1,1,1,1,5,0,5,0,1,3,0,,0,0,,,1,2,1,13,0,0,0,1,,33,3,10,5,2,21,,,3,5,4,1,,,,,1,1,1,1,1,0,50,2,10,1,1,1,1
Public Method,"org.apache.xmpbox.parser.PropMappingTest.init()",xmpbox/src/test/java/org/apache/xmpbox/parser/PropMappingTest.java,,,,,,,,,,,,,,,,,,,,,,,,,0,5,0,5,2,1,0,2,1,1,2,1,1,1,1,1,1,,,,,,0,,0,00,1,1,1,1
Package,"org.apache.xmpbox.schema",xmpbox/src/main/java/org/apache/xmpbox/schema/AdobePDFSchema.java,1,1,1,1,11,0,7,3,,,,29,9,185,29,,516,41,525,,66,11,27,421,,8376,1049,4727,1920,1979,2617,,,2060,2828,1670,1583,,,,,23,23,40,7,,6,,0,55,763,761,801,585
Class,"org.apache.xmpbox.schema.AdobePDFErrorsTest",xmpbox/src/test/java/org/apache/xmpbox/schema/AdobePDFErrorsTest.java,1,1,1,1,16,3,12,1,1,10,0,,0,0,,,3,1,3,15,3,0,0,0,,77,13,41,15,26,23,,,24,28,12,20,,,,,1,1,1,1,1,0,0,0,56,5,5,5,5
Method,"org.apache.xmpbox.schema.AdobePDFErrorsTest.testBadPDFAConformanceId()",xmpbox/src/test/java/org/apache/xmpbox/schema/AdobePDFErrorsTest.java,,,,,,,,,,,,,,,,,,,,,,,,,2,9,0,9,4,5,0,2,1,4,5,3,3,1,1,1,1,,,,,,0,,0,00,2,2,2,2
Lambda Method,"org.apache.xmpbox.schema.AdobePDFErrorsTest.testBadPDFAConformanceId.(lambda_expr_1)()",xmpbox/src/test/java/org/apache/xmpbox/schema/AdobePDFErrorsTest.java,,,,,,,,,,,,,,,,,,,,,,,,,0,3,0,3,0,2,0,2,1,1,1,0,1,1,1,1,1,,,,,,0,,0,00,1,1,1,1
Method,"org.apache.xmpbox.schema.AdobePDFErrorsTest.testBadVersionIdValueType()",xmpbox/src/test/java/org/apache/xmpbox/schema/AdobePDFErrorsTest.java,,,,,,,,,,,,,,,,,,,,,,,,,2,9,0,9,3,5,0,3,1,4,5,2,4,1,1,1,1,,,,,,0,,0,00,2,2,2,2
Lambda Method,"org.apache.xmpbox.schema.AdobePDFErrorsTest.testBadVersionIdValueType.(lambda_expr_1)()",xmpbox/src/test/java/org/apache/xmpbox/schema/AdobePDFErrorsTest.java,,,,,,,,,,,,,,,,,,,,,,,,,0,3,0,3,0,2,0,2,1,1,1,0,1,1,1,1,1,,,,,,0,,0,00,1,1,1,1
Method,"org.apache.xmpbox.schema.AdobePDFErrorsTest.testPDFAIdentification()",xmpbox/src/test/java/org/apache/xmpbox/schema/AdobePDFErrorsTest.java,,,,,,,,,,,,,,,,,,,,,,,,,1,31,9,19,6,15,3,14,1,15,16,5,12,1,1,1,1,,,,,,0,,0,16,1,1,1,1
Public Class,"org.apache.xmpbox.schema.AdobePDFSchema",xmpbox/src/main/java/org/apache/xmpbox/schema/AdobePDFSchema.java,1,1,1,1,12,0,6,5,1,7,0,,0,3,,,14,0,14,120,0,0,0,14,,227,19,102,31,38,107,,,35,56,27,35,,,,,2,2,2,1,5,1,0,1,05,20,20,20,14
Public Constructor,"org.apache.xmpbox.schema.AdobePDFSchema.AdobePDFSchema(XMPMetadata)",xmpbox/src/main/java/org/apache/xmpbox/schema/AdobePDFSchema.java,,,,,,,,,,,,,,,,,,,,,,,,,2,10,0,4,1,1,6,2,1,1,2,1,1,1,1,1,1,,,,,,0,,1,50,1,1,1,1
Public Constructor,"org.apache.xmpbox.schema.AdobePDFSchema.AdobePDFSchema(XMPMetadata,String)",xmpbox/src/main/java/org/apache/xmpbox/schema/AdobePDFSchema.java,,,,,,,,,,,,,,,,,,,,,,,,,4,12,0,4,1,1,8,2,1,1,2,1,1,1,1,1,1,,,,,,0,,2,00,1,1,1,1
Public Method,"org.apache.xmpbox.schema.AdobePDFSchema.getKeywords()",xmpbox/src/main/java/org/apache/xmpbox/schema/AdobePDFSchema.java,,,,,,,,,,,,,,,,,,,,,,,,,5,14,0,9,2,4,5,3,2,3,5,2,4,2,2,2,1,,,,,,1,,0,56,2,2,2,1
Public Method,"org.apache.xmpbox.schema.AdobePDFSchema.getKeywordsProperty()",xmpbox/src/main/java/org/apache/xmpbox/schema/AdobePDFSchema.java,,,,,,,,,,,,,,,,,,,,,,,,,4,14,0,9,2,4,5,2,2,3,5,2,4,2,2,2,1,,,,,,1,,0,56,2,2,2,1
Public Method,"org.apache.xmpbox.schema.AdobePDFSchema.getPDFVersion()",xmpbox/src/main/java/org/apache/xmpbox/schema/AdobePDFSchema.java,,,,,,,,,,,,,,,,,,,,,,,,,4,14,0,9,2,4,5,3,2,3,5,2,4,2,2,2,1,,,,,,1,,0,56,2,2,2,1
Public Method,"org.apache.xmpbox.schema.AdobePDFSchema.getPDFVersionProperty()",xmpbox/src/main/java/org/apache/xmpbox/schema/AdobePDFSchema.java,,,,,,,,,,,,,,,,,,,,,,,,,3,14,0,9,2,4,5,2,2,3,5,2,4,2,2,2,1,,,,,,1,,0,56,2,2,2,1
Public Method,"org.apache.xmpbox.schema.AdobePDFSchema.getProducer()",xmpbox/src/main/java/org/apache/xmpbox/schema/AdobePDFSchema.java,,,,,,,,,,,,,,,,,,,,,,,,,7,14,0,9,2,4,5,3,2,3,5,2,4,2,2,2,1,,,,,,1,,0,56,2,2,2,1
Public Method,"org.apache.xmpbox.schema.AdobePDFSchema.getProducerProperty()",xmpbox/src/main/java/org/apache/xmpbox/schema/AdobePDFSchema.java,,,,,,,,,,,,,,,,,,,,,,,,,4,14,0,9,2,4,5,2,2,3,5,2,4,2,2,2,1,,,,,,1,,0,56,2,2,2,1
Public Method,"org.apache.xmpbox.schema.AdobePDFSchema.setKeywords(String)",xmpbox/src/main/java/org/apache/xmpbox/schema/AdobePDFSchema.java,,,,,,,,,,,,,,,,,,,,,,,,,10,12,0,6,2,2,6,2,1,3,4,2,2,1,1,1,1,,,,,,0,,1,00,1,1,1,1
Public Method,"org.apache.xmpbox.schema.AdobePDFSchema.setKeywordsProperty(TextType)",xmpbox/src/main/java/org/apache/xmpbox/schema/AdobePDFSchema.java,,,,,,,,,,,,,,,,,,,,,,,,,1,10,0,4,1,1,6,1,1,1,2,1,1,1,1,1,1,,,,,,0,,1,50,1,1,1,1
Public Method,"org.apache.xmpbox.schema.AdobePDFSchema.setPDFVersion(String)",xmpbox/src/main/java/org/apache/xmpbox/schema/AdobePDFSchema.java,,,,,,,,,,,,,,,,,,,,,,,,,5,13,1,6,2,2,6,2,1,3,4,2,2,1,1,1,1,,,,,,0,,1,00,1,1,1,1
Public Method,"org.apache.xmpbox.schema.AdobePDFSchema.setPDFVersionProperty(TextType)",xmpbox/src/main/java/org/apache/xmpbox/schema/AdobePDFSchema.java,,,,,,,,,,,,,,,,,,,,,,,,,1,10,0,4,1,1,6,1,1,1,2,1,1,1,1,1,1,,,,,,0,,1,50,1,1,1,1
Public Method,"org.apache.xmpbox.schema.AdobePDFSchema.setProducer(String)",xmpbox/src/main/java/org/apache/xmpbox/schema/AdobePDFSchema.java,,,,,,,,,,,,,,,,,,,,,,,,,11,12,0,6,2,2,6,2,1,3,4,2,2,1,1,1,1,,,,,,0,,1,00,1,1,1,1
Public Method,"org.apache.xmpbox.schema.AdobePDFSchema.setProducerProperty(TextType)",xmpbox/src/main/java/org/apache/xmpbox/schema/AdobePDFSchema.java,,,,,,,,,,,,,,,,,,,,,,,,,1,10,0,4,1,1,6,1,1,1,2,1,1,1,1,1,1,,,,,,0,,1,50,1,1,1,1
Class,"org.apache.xmpbox.schema.AdobePDFTest",xmpbox/src/test/java/org/apache/xmpbox/schema/AdobePDFTest.java,1,1,1,1,11,1,10,0,1,19,0,,1,0,,,5,3,6,18,6,0,0,0,,102,14,67,27,36,21,,,34,41,20,27,,,,,1,1,1,1,1,0,50,0,31,7,7,7,7
Method,"org.apache.xmpbox.schema.AdobePDFTest.initMetadata()",xmpbox/src/test/java/org/apache/xmpbox/schema/AdobePDFTest.java,,,,,,,,,,,,,,,,,,,,,,,,,1,7,0,7,2,3,0,5,1,3,4,1,3,1,1,1,1,,,,,,0,,0,00,1,1,1,1
Static Method,"org.apache.xmpbox.schema.AdobePDFTest.initializeParameters()",xmpbox/src/test/java/org/apache/xmpbox/schema/AdobePDFTest.java,,,,,,,,,,,,,,,,,,,,,,,,,1,8,0,8,1,5,0,4,1,1,2,1,1,1,1,1,1,,,,,,0,,0,00,1,1,1,1
Method,"org.apache.xmpbox.schema.AdobePDFTest.testBadPDFAConformanceId()",xmpbox/src/test/java/org/apache/xmpbox/schema/AdobePDFTest.java,,,,,,,,,,,,,,,,,,,,,,,,,1,10,0,10,5,6,0,3,1,5,6,4,4,1,1,1,1,,,,,,0,,0,00,2,2,2,2
Lambda Method,"org.apache.xmpbox.schema.AdobePDFTest.testBadPDFAConformanceId.(lambda_expr_1)()",xmpbox/src/test/java/org/apache/xmpbox/schema/AdobePDFTest.java,,,,,,,,,,,,,,,,,,,,,,,,,0,3,0,3,0,2,0,2,1,1,1,0,1,1,1,1,1,,,,,,0,,0,00,1,1,1,1
Method,"org.apache.xmpbox.schema.AdobePDFTest.testElementProperty(String,PropertyType,String)",xmpbox/src/test/java/org/apache/xmpbox/schema/AdobePDFTest.java,,,,,,,,,,,,,,,,,,,,,,,,,6,7,0,7,4,2,0,2,1,2,3,2,2,1,1,1,1,,,,,,0,,0,00,1,1,1,1
Method,"org.apache.xmpbox.schema.AdobePDFTest.testElementValue(String,PropertyType,String)",xmpbox/src/test/java/org/apache/xmpbox/schema/AdobePDFTest.java,,,,,,,,,,,,,,,,,,,,,,,,,6,7,0,7,4,2,0,2,1,2,3,2,2,1,1,1,1,,,,,,0,,0,00,1,1,1,1
Method,"org.apache.xmpbox.schema.AdobePDFTest.testPDFAIdentification()",xmpbox/src/test/java/org/apache/xmpbox/schema/AdobePDFTest.java,,,,,,,,,,,,,,,,,,,,,,,,,0,30,7,22,7,18,1,15,1,18,19,6,15,1,1,1,1,,,,,,0,,0,05,1,1,1,1
Class,"org.apache.xmpbox.schema.BasicJobTicketSchemaTest",xmpbox/src/test/java/org/apache/xmpbox/schema/BasicJobTicketSchemaTest.java,1,1,1,1,28,7,18,3,1,9,0,,0,0,,,3,0,3,15,3,0,0,0,,110,25,57,30,42,28,,,42,46,27,42,,,,,1,1,1,1,1,0,0,0,49,3,3,3,3
Method,"org.apache.xmpbox.schema.BasicJobTicketSchemaTest.testAddTwoJobs()",xmpbox/src/test/java/org/apache/xmpbox/schema/BasicJobTicketSchemaTest.java,,,,,,,,,,,,,,,,,,,,,,,,,0,22,5,16,9,12,1,15,1,12,13,8,12,1,1,1,1,,,,,,0,,0,06,1,1,1,1
Method,"org.apache.xmpbox.schema.BasicJobTicketSchemaTest.testAddWithDefaultPrefix()",xmpbox/src/test/java/org/apache/xmpbox/schema/BasicJobTicketSchemaTest.java,,,,,,,,,,,,,,,,,,,,,,,,,0,27,7,19,10,15,1,18,1,15,16,9,15,1,1,1,1,,,,,,0,,0,05,1,1,1,1
Method,"org.apache.xmpbox.schema.BasicJobTicketSchemaTest.testAddWithDefinedPrefix()",xmpbox/src/test/java/org/apache/xmpbox/schema/BasicJobTicketSchemaTest.java,,,,,,,,,,,,,,,,,,,,,,,,,0,36,10,19,10,15,7,18,1,15,16,9,15,1,1,1,1,,,,,,0,,0,37,1,1,1,1
Public Class,"org.apache.xmpbox.schema.DublinCoreSchema",xmpbox/src/main/java/org/apache/xmpbox/schema/DublinCoreSchema.java,1,1,1,1,9,0,4,5,1,12,0,,0,15,,,68,0,68,174,0,0,0,68,,768,85,310,104,87,374,,,87,156,88,72,,,,,2,2,2,1,5,0,0,1,21,72,72,72,68
Public Constructor,"org.apache.xmpbox.schema.DublinCoreSchema.DublinCoreSchema(XMPMetadata)",xmpbox/src/main/java/org/apache/xmpbox/schema/DublinCoreSchema.java,,,,,,,,,,,,,,,,,,,,,,,,,3,10,0,4,1,1,6,2,1,1,2,1,1,1,1,1,1,,,,,,0,,1,50,1,1,1,1
Public Constructor,"org.apache.xmpbox.schema.DublinCoreSchema.DublinCoreSchema(XMPMetadata,String)",xmpbox/src/main/java/org/apache/xmpbox/schema/DublinCoreSchema.java,,,,,,,,,,,,,,,,,,,,,,,,,5,12,0,4,1,1,8,2,1,1,2,1,1,1,1,1,1,,,,,,0,,2,00,1,1,1,1
Public Method,"org.apache.xmpbox.schema.DublinCoreSchema.addContributor(String)",xmpbox/src/main/java/org/apache/xmpbox/schema/DublinCoreSchema.java,,,,,,,,,,,,,,,,,,,,,,,,,4,10,0,4,1,1,6,1,1,1,2,1,1,1,1,1,1,,,,,,0,,1,50,1,1,1,1
Public Method,"org.apache.xmpbox.schema.DublinCoreSchema.addCreator(String)",xmpbox/src/main/java/org/apache/xmpbox/schema/DublinCoreSchema.java,,,,,,,,,,,,,,,,,,,,,,,,,11,9,0,4,1,1,5,1,1,1,2,1,1,1,1,1,1,,,,,,0,,1,25,1,1,1,1
Public Method,"org.apache.xmpbox.schema.DublinCoreSchema.addDate(Calendar)",xmpbox/src/main/java/org/apache/xmpbox/schema/DublinCoreSchema.java,,,,,,,,,,,,,,,,,,,,,,,,,2,10,0,4,1,1,6,1,1,1,2,1,1,1,1,1,1,,,,,,0,,1,50,1,1,1,1
Public Method,"org.apache.xmpbox.schema.DublinCoreSchema.addDescription(String,String)",xmpbox/src/main/java/org/apache/xmpbox/schema/DublinCoreSchema.java,,,,,,,,,,,,,,,,,,,,,,,,,9,12,0,4,1,1,8,1,1,1,2,1,1,1,1,1,1,,,,,,0,,2,00,1,1,1,1
Public Method,"org.apache.xmpbox.schema.DublinCoreSchema.addLanguage(String)",xmpbox/src/main/java/org/apache/xmpbox/schema/DublinCoreSchema.java,,,,,,,,,,,,,,,,,,,,,,,,,2,10,0,4,1,1,6,1,1,1,2,1,1,1,1,1,1,,,,,,0,,1,50,1,1,1,1
Public Method,"org.apache.xmpbox.schema.DublinCoreSchema.addPublisher(String)",xmpbox/src/main/java/org/apache/xmpbox/schema/DublinCoreSchema.java,,,,,,,,,,,,,,,,,,,,,,,,,2,10,0,4,1,1,6,1,1,1,2,1,1,1,1,1,1,,,,,,0,,1,50,1,1,1,1
Public Method,"org.apache.xmpbox.schema.DublinCoreSchema.addRelation(String)",xmpbox/src/main/java/org/apache/xmpbox/schema/DublinCoreSchema.java,,,,,,,,,,,,,,,,,,,,,,,,,2,10,0,4,1,1,6,1,1,1,2,1,1,1,1,1,1,,,,,,0,,1,50,1,1,1,1
Public Method,"org.apache.xmpbox.schema.DublinCoreSchema.addRights(String,String)",xmpbox/src/main/java/org/apache/xmpbox/schema/DublinCoreSchema.java,,,,,,,,,,,,,,,,,,,,,,,,,3,12,0,4,1,1,8,1,1,1,2,1,1,1,1,1,1,,,,,,0,,2,00,1,1,1,1
Public Method,"org.apache.xmpbox.schema.DublinCoreSchema.addSubject(String)",xmpbox/src/main/java/org/apache/xmpbox/schema/DublinCoreSchema.java,,,,,,,,,,,,,,,,,,,,,,,,,5,10,0,4,1,1,6,1,1,1,2,1,1,1,1,1,1,,,,,,0,,1,50,1,1,1,1
Public Method,"org.apache.xmpbox.schema.DublinCoreSchema.addTitle(String,String)",xmpbox/src/main/java/org/apache/xmpbox/schema/DublinCoreSchema.java,,,,,,,,,,,,,,,,,,,,,,,,,2,12,0,4,1,1,8,1,1,1,2,1,1,1,1,1,1,,,,,,0,,2,00,1,1,1,1
Public Method,"org.apache.xmpbox.schema.DublinCoreSchema.addType(String)",xmpbox/src/main/java/org/apache/xmpbox/schema/DublinCoreSchema.java,,,,,,,,,,,,,,,,,,,,,,,,,2,10,0,4,1,1,6,1,1,1,2,1,1,1,1,1,1,,,,,,0,,1,50,1,1,1,1
Public Method,"org.apache.xmpbox.schema.DublinCoreSchema.getContributors()",xmpbox/src/main/java/org/apache/xmpbox/schema/DublinCoreSchema.java,,,,,,,,,,,,,,,,,,,,,,,,,1,10,1,4,1,1,5,2,1,1,2,1,1,1,1,1,1,,,,,,0,,1,25,1,1,1,1
Public Method,"org.apache.xmpbox.schema.DublinCoreSchema.getContributorsProperty()",xmpbox/src/main/java/org/apache/xmpbox/schema/DublinCoreSchema.java,,,,,,,,,,,,,,,,,,,,,,,,,1,9,0,4,1,1,5,2,1,1,2,1,1,1,1,1,1,,,,,,0,,1,25,1,1,1,1
Public Method,"org.apache.xmpbox.schema.DublinCoreSchema.getCoverage()",xmpbox/src/main/java/org/apache/xmpbox/schema/DublinCoreSchema.java,,,,,,,,,,,,,,,,,,,,,,,,,2,10,0,5,2,2,5,3,1,2,3,2,2,2,2,2,1,,,,,,0,,1,00,2,2,2,1
Public Method,"org.apache.xmpbox.schema.DublinCoreSchema.getCoverageProperty()",xmpbox/src/main/java/org/apache/xmpbox/schema/DublinCoreSchema.java,,,,,,,,,,,,,,,,,,,,,,,,,1,9,0,4,1,1,5,2,1,1,2,1,1,1,1,1,1,,,,,,0,,1,25,1,1,1,1
Public Method,"org.apache.xmpbox.schema.DublinCoreSchema.getCreators()",xmpbox/src/main/java/org/apache/xmpbox/schema/DublinCoreSchema.java,,,,,,,,,,,,,,,,,,,,,,,,,4,9,0,4,1,1,5,2,1,1,2,1,1,1,1,1,1,,,,,,0,,1,25,1,1,1,1
Public Method,"org.apache.xmpbox.schema.DublinCoreSchema.getCreatorsProperty()",xmpbox/src/main/java/org/apache/xmpbox/schema/DublinCoreSchema.java,,,,,,,,,,,,,,,,,,,,,,,,,3,9,0,4,1,1,5,2,1,1,2,1,1,1,1,1,1,,,,,,0,,1,25,1,1,1,1
Public Method,"org.apache.xmpbox.schema.DublinCoreSchema.getDates()",xmpbox/src/main/java/org/apache/xmpbox/schema/DublinCoreSchema.java,,,,,,,,,,,,,,,,,,,,,,,,,2,9,0,4,1,1,5,2,1,1,2,1,1,1,1,1,1,,,,,,0,,1,25,1,1,1,1
Public Method,"org.apache.xmpbox.schema.DublinCoreSchema.getDatesProperty()",xmpbox/src/main/java/org/apache/xmpbox/schema/DublinCoreSchema.java,,,,,,,,,,,,,,,,,,,,,,,,,1,9,0,4,1,1,5,2,1,1,2,1,1,1,1,1,1,,,,,,0,,1,25,1,1,1,1
Public Method,"org.apache.xmpbox.schema.DublinCoreSchema.getDescription()",xmpbox/src/main/java/org/apache/xmpbox/schema/DublinCoreSchema.java,,,,,,,,,,,,,,,,,,,,,,,,,1,10,0,4,1,1,6,2,1,1,2,1,1,1,1,1,1,,,,,,0,,1,50,1,1,1,1
Public Method,"org.apache.xmpbox.schema.DublinCoreSchema.getDescription(String)",xmpbox/src/main/java/org/apache/xmpbox/schema/DublinCoreSchema.java,,,,,,,,,,,,,,,,,,,,,,,,,4,12,0,4,1,1,8,2,1,1,2,1,1,1,1,1,1,,,,,,0,,2,00,1,1,1,1
Public Method,"org.apache.xmpbox.schema.DublinCoreSchema.getDescriptionLanguages()",xmpbox/src/main/java/org/apache/xmpbox/schema/DublinCoreSchema.java,,,,,,,,,,,,,,,,,,,,,,,,,1,11,0,4,1,1,7,2,1,1,2,1,1,1,1,1,1,,,,,,0,,1,75,1,1,1,1
Public Method,"org.apache.xmpbox.schema.DublinCoreSchema.getDescriptionProperty()",xmpbox/src/main/java/org/apache/xmpbox/schema/DublinCoreSchema.java,,,,,,,,,,,,,,,,,,,,,,,,,2,9,0,4,1,1,5,2,1,1,2,1,1,1,1,1,1,,,,,,0,,1,25,1,1,1,1
Public Method,"org.apache.xmpbox.schema.DublinCoreSchema.getFormat()",xmpbox/src/main/java/org/apache/xmpbox/schema/DublinCoreSchema.java,,,,,,,,,,,,,,,,,,,,,,,,,3,10,0,5,2,2,5,3,1,2,3,2,2,2,2,2,1,,,,,,0,,1,00,2,2,2,1
Public Method,"org.apache.xmpbox.schema.DublinCoreSchema.getFormatProperty()",xmpbox/src/main/java/org/apache/xmpbox/schema/DublinCoreSchema.java,,,,,,,,,,,,,,,,,,,,,,,,,1,9,0,4,1,1,5,2,1,1,2,1,1,1,1,1,1,,,,,,0,,1,25,1,1,1,1
Public Method,"org.apache.xmpbox.schema.DublinCoreSchema.getIdentifier()",xmpbox/src/main/java/org/apache/xmpbox/schema/DublinCoreSchema.java,,,,,,,,,,,,,,,,,,,,,,,,,1,10,0,5,2,2,5,3,1,2,3,2,2,2,2,2,1,,,,,,0,,1,00,2,2,2,1
Public Method,"org.apache.xmpbox.schema.DublinCoreSchema.getIdentifierProperty()",xmpbox/src/main/java/org/apache/xmpbox/schema/DublinCoreSchema.java,,,,,,,,,,,,,,,,,,,,,,,,,1,9,0,4,1,1,5,2,1,1,2,1,1,1,1,1,1,,,,,,0,,1,25,1,1,1,1
Public Method,"org.apache.xmpbox.schema.DublinCoreSchema.getLanguages()",xmpbox/src/main/java/org/apache/xmpbox/schema/DublinCoreSchema.java,,,,,,,,,,,,,,,,,,,,,,,,,1,9,0,4,1,1,5,2,1,1,2,1,1,1,1,1,1,,,,,,0,,1,25,1,1,1,1
Public Method,"org.apache.xmpbox.schema.DublinCoreSchema.getLanguagesProperty()",xmpbox/src/main/java/org/apache/xmpbox/schema/DublinCoreSchema.java,,,,,,,,,,,,,,,,,,,,,,,,,1,9,0,4,1,1,5,2,1,1,2,1,1,1,1,1,1,,,,,,0,,1,25,1,1,1,1
Public Method,"org.apache.xmpbox.schema.DublinCoreSchema.getPublishers()",xmpbox/src/main/java/org/apache/xmpbox/schema/DublinCoreSchema.java,,,,,,,,,,,,,,,,,,,,,,,,,1,9,0,4,1,1,5,2,1,1,2,1,1,1,1,1,1,,,,,,0,,1,25,1,1,1,1
Public Method,"org.apache.xmpbox.schema.DublinCoreSchema.getPublishersProperty()",xmpbox/src/main/java/org/apache/xmpbox/schema/DublinCoreSchema.java,,,,,,,,,,,,,,,,,,,,,,,,,1,9,0,4,1,1,5,2,1,1,2,1,1,1,1,1,1,,,,,,0,,1,25,1,1,1,1
Public Method,"org.apache.xmpbox.schema.DublinCoreSchema.getRelations()",xmpbox/src/main/java/org/apache/xmpbox/schema/DublinCoreSchema.java,,,,,,,,,,,,,,,,,,,,,,,,,1,9,0,4,1,1,5,2,1,1,2,1,1,1,1,1,1,,,,,,0,,1,25,1,1,1,1
Public Method,"org.apache.xmpbox.schema.DublinCoreSchema.getRelationsProperty()",xmpbox/src/main/java/org/apache/xmpbox/schema/DublinCoreSchema.java,,,,,,,,,,,,,,,,,,,,,,,,,1,9,0,4,1,1,5,2,1,1,2,1,1,1,1,1,1,,,,,,0,,1,25,1,1,1,1
Public Method,"org.apache.xmpbox.schema.DublinCoreSchema.getRights()",xmpbox/src/main/java/org/apache/xmpbox/schema/DublinCoreSchema.java,,,,,,,,,,,,,,,,,,,,,,,,,0,11,0,4,1,1,7,2,1,1,2,1,1,1,1,1,1,,,,,,0,,1,75,1,1,1,1
Public Method,"org.apache.xmpbox.schema.DublinCoreSchema.getRights(String)",xmpbox/src/main/java/org/apache/xmpbox/schema/DublinCoreSchema.java,,,,,,,,,,,,,,,,,,,,,,,,,3,11,0,4,1,1,7,2,1,1,2,1,1,1,1,1,1,,,,,,0,,1,75,1,1,1,1
Public Method,"org.apache.xmpbox.schema.DublinCoreSchema.getRightsLanguages()",xmpbox/src/main/java/org/apache/xmpbox/schema/DublinCoreSchema.java,,,,,,,,,,,,,,,,,,,,,,,,,1,10,0,4,1,1,6,2,1,1,2,1,1,1,1,1,1,,,,,,0,,1,50,1,1,1,1
Public Method,"org.apache.xmpbox.schema.DublinCoreSchema.getRightsProperty()",xmpbox/src/main/java/org/apache/xmpbox/schema/DublinCoreSchema.java,,,,,,,,,,,,,,,,,,,,,,,,,2,9,0,4,1,1,5,2,1,1,2,1,1,1,1,1,1,,,,,,0,,1,25,1,1,1,1
Public Method,"org.apache.xmpbox.schema.DublinCoreSchema.getSource()",xmpbox/src/main/java/org/apache/xmpbox/schema/DublinCoreSchema.java,,,,,,,,,,,,,,,,,,,,,,,,,1,10,0,5,2,2,5,3,1,2,3,2,2,2,2,2,1,,,,,,0,,1,00,2,2,2,1
Public Method,"org.apache.xmpbox.schema.DublinCoreSchema.getSourceProperty()",xmpbox/src/main/java/org/apache/xmpbox/schema/DublinCoreSchema.java,,,,,,,,,,,,,,,,,,,,,,,,,1,9,0,4,1,1,5,2,1,1,2,1,1,1,1,1,1,,,,,,0,,1,25,1,1,1,1
Public Method,"org.apache.xmpbox.schema.DublinCoreSchema.getSubjects()",xmpbox/src/main/java/org/apache/xmpbox/schema/DublinCoreSchema.java,,,,,,,,,,,,,,,,,,,,,,,,,3,9,0,4,1,1,5,2,1,1,2,1,1,1,1,1,1,,,,,,0,,1,25,1,1,1,1
Public Method,"org.apache.xmpbox.schema.DublinCoreSchema.getSubjectsProperty()",xmpbox/src/main/java/org/apache/xmpbox/schema/DublinCoreSchema.java,,,,,,,,,,,,,,,,,,,,,,,,,1,9,0,4,1,1,5,2,1,1,2,1,1,1,1,1,1,,,,,,0,,1,25,1,1,1,1
Public Method,"org.apache.xmpbox.schema.DublinCoreSchema.getTitle()",xmpbox/src/main/java/org/apache/xmpbox/schema/DublinCoreSchema.java,,,,,,,,,,,,,,,,,,,,,,,,,3,10,0,4,1,1,6,2,1,1,2,1,1,1,1,1,1,,,,,,0,,1,50,1,1,1,1
Public Method,"org.apache.xmpbox.schema.DublinCoreSchema.getTitle(String)",xmpbox/src/main/java/org/apache/xmpbox/schema/DublinCoreSchema.java,,,,,,,,,,,,,,,,,,,,,,,,,6,11,0,4,1,1,7,2,1,1,2,1,1,1,1,1,1,,,,,,0,,1,75,1,1,1,1
Public Method,"org.apache.xmpbox.schema.DublinCoreSchema.getTitleLanguages()",xmpbox/src/main/java/org/apache/xmpbox/schema/DublinCoreSchema.java,,,,,,,,,,,,,,,,,,,,,,,,,1,10,0,4,1,1,6,2,1,1,2,1,1,1,1,1,1,,,,,,0,,1,50,1,1,1,1
Public Method,"org.apache.xmpbox.schema.DublinCoreSchema.getTitleProperty()",xmpbox/src/main/java/org/apache/xmpbox/schema/DublinCoreSchema.java,,,,,,,,,,,,,,,,,,,,,,,,,3,9,0,4,1,1,5,2,1,1,2,1,1,1,1,1,1,,,,,,0,,1,25,1,1,1,1
Public Method,"org.apache.xmpbox.schema.DublinCoreSchema.getTypes()",xmpbox/src/main/java/org/apache/xmpbox/schema/DublinCoreSchema.java,,,,,,,,,,,,,,,,,,,,,,,,,1,9,0,4,1,1,5,2,1,1,2,1,1,1,1,1,1,,,,,,0,,1,25,1,1,1,1
Public Method,"org.apache.xmpbox.schema.DublinCoreSchema.getTypesProperty()",xmpbox/src/main/java/org/apache/xmpbox/schema/DublinCoreSchema.java,,,,,,,,,,,,,,,,,,,,,,,,,1,9,0,4,1,1,5,2,1,1,2,1,1,1,1,1,1,,,,,,0,,1,25,1,1,1,1
Public Method,"org.apache.xmpbox.schema.DublinCoreSchema.removeContributor(String)",xmpbox/src/main/java/org/apache/xmpbox/schema/DublinCoreSchema.java,,,,,,,,,,,,,,,,,,,,,,,,,2,4,0,4,1,1,0,1,1,1,2,1,1,1,1,1,1,,,,,,0,,0,00,1,1,1,1
Public Method,"org.apache.xmpbox.schema.DublinCoreSchema.removeCreator(String)",xmpbox/src/main/java/org/apache/xmpbox/schema/DublinCoreSchema.java,,,,,,,,,,,,,,,,,,,,,,,,,2,4,0,4,1,1,0,1,1,1,2,1,1,1,1,1,1,,,,,,0,,0,00,1,1,1,1
Public Method,"org.apache.xmpbox.schema.DublinCoreSchema.removeDate(Calendar)",xmpbox/src/main/java/org/apache/xmpbox/schema/DublinCoreSchema.java,,,,,,,,,,,,,,,,,,,,,,,,,2,4,0,4,1,1,0,1,1,1,2,1,1,1,1,1,1,,,,,,0,,0,00,1,1,1,1
Public Method,"org.apache.xmpbox.schema.DublinCoreSchema.removeLanguage(String)",xmpbox/src/main/java/org/apache/xmpbox/schema/DublinCoreSchema.java,,,,,,,,,,,,,,,,,,,,,,,,,2,4,0,4,1,1,0,1,1,1,2,1,1,1,1,1,1,,,,,,0,,0,00,1,1,1,1
Public Method,"org.apache.xmpbox.schema.DublinCoreSchema.removePublisher(String)",xmpbox/src/main/java/org/apache/xmpbox/schema/DublinCoreSchema.java,,,,,,,,,,,,,,,,,,,,,,,,,2,4,0,4,1,1,0,1,1,1,2,1,1,1,1,1,1,,,,,,0,,0,00,1,1,1,1
Public Method,"org.apache.xmpbox.schema.DublinCoreSchema.removeRelation(String)",xmpbox/src/main/java/org/apache/xmpbox/schema/DublinCoreSchema.java,,,,,,,,,,,,,,,,,,,,,,,,,2,4,0,4,1,1,0,1,1,1,2,1,1,1,1,1,1,,,,,,0,,0,00,1,1,1,1
Public Method,"org.apache.xmpbox.schema.DublinCoreSchema.removeSubject(String)",xmpbox/src/main/java/org/apache/xmpbox/schema/DublinCoreSchema.java,,,,,,,,,,,,,,,,,,,,,,,,,2,4,0,4,1,1,0,1,1,1,2,1,1,1,1,1,1,,,,,,0,,0,00,1,1,1,1
Public Method,"org.apache.xmpbox.schema.DublinCoreSchema.removeType(String)",xmpbox/src/main/java/org/apache/xmpbox/schema/DublinCoreSchema.java,,,,,,,,,,,,,,,,,,,,,,,,,2,4,0,4,1,1,0,1,1,1,2,1,1,1,1,1,1,,,,,,0,,0,00,1,1,1,1
Public Method,"org.apache.xmpbox.schema.DublinCoreSchema.setCoverage(String)",xmpbox/src/main/java/org/apache/xmpbox/schema/DublinCoreSchema.java,,,,,,,,,,,,,,,,,,,,,,,,,6,10,0,4,1,1,6,2,1,1,2,1,1,1,1,1,1,,,,,,0,,1,50,1,1,1,1
Public Method,"org.apache.xmpbox.schema.DublinCoreSchema.setCoverageProperty(TextType)",xmpbox/src/main/java/org/apache/xmpbox/schema/DublinCoreSchema.java,,,,,,,,,,,,,,,,,,,,,,,,,1,10,0,4,1,1,6,1,1,1,2,1,1,1,1,1,1,,,,,,0,,1,50,1,1,1,1
Public Method,"org.apache.xmpbox.schema.DublinCoreSchema.setDescription(String)",xmpbox/src/main/java/org/apache/xmpbox/schema/DublinCoreSchema.java,,,,,,,,,,,,,,,,,,,,,,,,,3,10,0,4,1,1,6,1,1,1,2,1,1,1,1,1,1,,,,,,0,,1,50,1,1,1,1
Public Method,"org.apache.xmpbox.schema.DublinCoreSchema.setFormat(String)",xmpbox/src/main/java/org/apache/xmpbox/schema/DublinCoreSchema.java,,,,,,,,,,,,,,,,,,,,,,,,,3,10,0,4,1,1,6,2,1,1,2,1,1,1,1,1,1,,,,,,0,,1,50,1,1,1,1
Public Method,"org.apache.xmpbox.schema.DublinCoreSchema.setFormatProperty(MIMEType)",xmpbox/src/main/java/org/apache/xmpbox/schema/DublinCoreSchema.java,,,,,,,,,,,,,,,,,,,,,,,,,1,10,0,4,1,1,6,1,1,1,2,1,1,1,1,1,1,,,,,,0,,1,50,1,1,1,1
Public Method,"org.apache.xmpbox.schema.DublinCoreSchema.setIdentifier(String)",xmpbox/src/main/java/org/apache/xmpbox/schema/DublinCoreSchema.java,,,,,,,,,,,,,,,,,,,,,,,,,2,10,0,4,1,1,6,2,1,1,2,1,1,1,1,1,1,,,,,,0,,1,50,1,1,1,1
Public Method,"org.apache.xmpbox.schema.DublinCoreSchema.setIdentifierProperty(TextType)",xmpbox/src/main/java/org/apache/xmpbox/schema/DublinCoreSchema.java,,,,,,,,,,,,,,,,,,,,,,,,,1,10,0,4,1,1,6,1,1,1,2,1,1,1,1,1,1,,,,,,0,,1,50,1,1,1,1
Public Method,"org.apache.xmpbox.schema.DublinCoreSchema.setSource(String)",xmpbox/src/main/java/org/apache/xmpbox/schema/DublinCoreSchema.java,,,,,,,,,,,,,,,,,,,,,,,,,2,10,0,4,1,1,6,2,1,1,2,1,1,1,1,1,1,,,,,,0,,1,50,1,1,1,1
Public Method,"org.apache.xmpbox.schema.DublinCoreSchema.setSourceProperty(TextType)",xmpbox/src/main/java/org/apache/xmpbox/schema/DublinCoreSchema.java,,,,,,,,,,,,,,,,,,,,,,,,,1,10,0,4,1,1,6,1,1,1,2,1,1,1,1,1,1,,,,,,0,,1,50,1,1,1,1
Public Method,"org.apache.xmpbox.schema.DublinCoreSchema.setTitle(String)",xmpbox/src/main/java/org/apache/xmpbox/schema/DublinCoreSchema.java,,,,,,,,,,,,,,,,,,,,,,,,,4,9,0,4,1,1,5,1,1,1,2,1,1,1,1,1,1,,,,,,0,,1,25,1,1,1,1
Public Method,"org.apache.xmpbox.schema.DublinCoreSchema.setTitle(String,String)",xmpbox/src/main/java/org/apache/xmpbox/schema/DublinCoreSchema.java,,,,,,,,,,,,,,,,,,,,,,,,,10,12,0,4,1,1,8,1,1,1,2,1,1,1,1,1,1,,,,,,0,,2,00,1,1,1,1
Class,"org.apache.xmpbox.schema.DublinCoreTest",xmpbox/src/test/java/org/apache/xmpbox/schema/DublinCoreTest.java,1,1,1,1,7,0,7,0,1,13,0,,1,0,,,10,2,11,23,10,1,0,0,,121,12,90,42,34,19,,,23,35,23,21,,,,,1,1,1,1,1,0,9,0,21,11,11,11,11
Method,"org.apache.xmpbox.schema.DublinCoreTest.initMetadata()",xmpbox/src/test/java/org/apache/xmpbox/schema/DublinCoreTest.java,,,,,,,,,,,,,,,,,,,,,,,,,0,6,0,6,2,2,0,3,1,2,3,1,2,1,1,1,1,,,,,,0,,0,00,1,1,1,1
Private Static Method,"org.apache.xmpbox.schema.DublinCoreTest.initializeParameters()",xmpbox/src/test/java/org/apache/xmpbox/schema/DublinCoreTest.java,,,,,,,,,,,,,,,,,,,,,,,,,8,17,0,17,1,14,0,3,1,1,2,1,1,1,1,1,1,,,,,,0,,0,00,1,1,1,1
Method,"org.apache.xmpbox.schema.DublinCoreTest.testInitializedToNull(String,Types,Cardinality)",xmpbox/src/test/java/org/apache/xmpbox/schema/DublinCoreTest.java,,,,,,,,,,,,,,,,,,,,,,,,,5,7,0,7,4,2,0,2,1,2,3,2,2,1,1,1,1,,,,,,0,,0,00,1,1,1,1
Method,"org.apache.xmpbox.schema.DublinCoreTest.testPropertySetterInArray(String,Types,Cardinality)",xmpbox/src/test/java/org/apache/xmpbox/schema/DublinCoreTest.java,,,,,,,,,,,,,,,,,,,,,,,,,5,7,0,7,4,2,0,2,1,2,3,2,2,1,1,1,1,,,,,,0,,0,00,1,1,1,1
Method,"org.apache.xmpbox.schema.DublinCoreTest.testPropertySetterSimple(String,Types,Cardinality)",xmpbox/src/test/java/org/apache/xmpbox/schema/DublinCoreTest.java,,,,,,,,,,,,,,,,,,,,,,,,,5,7,0,7,4,2,0,2,1,2,3,2,2,1,1,1,1,,,,,,0,,0,00,1,1,1,1
Method,"org.apache.xmpbox.schema.DublinCoreTest.testRandomPropertySetterInArray(String,Types,Cardinality)",xmpbox/src/test/java/org/apache/xmpbox/schema/DublinCoreTest.java,,,,,,,,,,,,,,,,,,,,,,,,,5,7,0,7,4,2,0,2,1,2,3,2,2,1,1,1,1,,,,,,0,,0,00,1,1,1,1
Method,"org.apache.xmpbox.schema.DublinCoreTest.testRandomPropertySetterSimple(String,Types,Cardinality)",xmpbox/src/test/java/org/apache/xmpbox/schema/DublinCoreTest.java,,,,,,,,,,,,,,,,,,,,,,,,,5,7,0,7,4,2,0,2,1,2,3,2,2,1,1,1,1,,,,,,0,,0,00,1,1,1,1
Method,"org.apache.xmpbox.schema.DublinCoreTest.testRandomSettingValue(String,Types,Cardinality)",xmpbox/src/test/java/org/apache/xmpbox/schema/DublinCoreTest.java,,,,,,,,,,,,,,,,,,,,,,,,,5,7,0,7,4,2,0,2,1,2,3,2,2,1,1,1,1,,,,,,0,,0,00,1,1,1,1
Method,"org.apache.xmpbox.schema.DublinCoreTest.testRandomSettingValueInArray(String,Types,Cardinality)",xmpbox/src/test/java/org/apache/xmpbox/schema/DublinCoreTest.java,,,,,,,,,,,,,,,,,,,,,,,,,5,7,0,7,4,2,0,2,1,2,3,2,2,1,1,1,1,,,,,,0,,0,00,1,1,1,1
Method,"org.apache.xmpbox.schema.DublinCoreTest.testSettingValue(String,Types,Cardinality)",xmpbox/src/test/java/org/apache/xmpbox/schema/DublinCoreTest.java,,,,,,,,,,,,,,,,,,,,,,,,,5,7,0,7,4,2,0,2,1,2,3,2,2,1,1,1,1,,,,,,0,,0,00,1,1,1,1
Method,"org.apache.xmpbox.schema.DublinCoreTest.testSettingValueInArray(String,Types,Cardinality)",xmpbox/src/test/java/org/apache/xmpbox/schema/DublinCoreTest.java,,,,,,,,,,,,,,,,,,,,,,,,,5,7,0,7,4,2,0,2,1,2,3,2,2,1,1,1,1,,,,,,0,,0,00,1,1,1,1
Public Class,"org.apache.xmpbox.schema.ExifSchema",xmpbox/src/main/java/org/apache/xmpbox/schema/ExifSchema.java,1,1,1,1,8,0,4,4,1,9,0,,0,79,,,6,0,6,112,0,0,0,6,,324,88,186,166,85,51,,,85,92,86,6,,,,,1,1,1,1,5,0,0,0,27,6,6,6,6
Public Constructor,"org.apache.xmpbox.schema.ExifSchema.ExifSchema(XMPMetadata)",xmpbox/src/main/java/org/apache/xmpbox/schema/ExifSchema.java,,,,,,,,,,,,,,,,,,,,,,,,,2,4,0,4,1,1,0,2,1,1,2,1,1,1,1,1,1,,,,,,0,,0,00,1,1,1,1
Public Constructor,"org.apache.xmpbox.schema.ExifSchema.ExifSchema(XMPMetadata,String)",xmpbox/src/main/java/org/apache/xmpbox/schema/ExifSchema.java,,,,,,,,,,,,,,,,,,,,,,,,,2,4,0,4,1,1,0,2,1,1,2,1,1,1,1,1,1,,,,,,0,,0,00,1,1,1,1
Public Method,"org.apache.xmpbox.schema.ExifSchema.getUserComment()",xmpbox/src/main/java/org/apache/xmpbox/schema/ExifSchema.java,,,,,,,,,,,,,,,,,,,,,,,,,0,11,0,4,1,1,7,2,1,1,2,1,1,1,1,1,1,,,,,,0,,1,75,1,1,1,1
Public Method,"org.apache.xmpbox.schema.ExifSchema.getUserComment(String)",xmpbox/src/main/java/org/apache/xmpbox/schema/ExifSchema.java,,,,,,,,,,,,,,,,,,,,,,,,,3,12,0,4,1,1,8,2,1,1,2,1,1,1,1,1,1,,,,,,0,,2,00,1,1,1,1
Public Method,"org.apache.xmpbox.schema.ExifSchema.getUserCommentLanguages()",xmpbox/src/main/java/org/apache/xmpbox/schema/ExifSchema.java,,,,,,,,,,,,,,,,,,,,,,,,,1,10,0,4,1,1,6,2,1,1,2,1,1,1,1,1,1,,,,,,0,,1,50,1,1,1,1
Public Method,"org.apache.xmpbox.schema.ExifSchema.getUserCommentProperty()",xmpbox/src/main/java/org/apache/xmpbox/schema/ExifSchema.java,,,,,,,,,,,,,,,,,,,,,,,,,1,9,0,4,1,1,5,2,1,1,2,1,1,1,1,1,1,,,,,,0,,1,25,1,1,1,1
Public Class,"org.apache.xmpbox.schema.PDFAExtensionSchema",xmpbox/src/main/java/org/apache/xmpbox/schema/PDFAExtensionSchema.java,1,1,1,1,7,0,4,3,1,7,0,,0,1,,,3,0,3,109,0,0,0,3,,59,5,18,7,4,37,,,4,8,5,3,,,,,1,1,1,1,5,0,0,2,06,3,3,3,3
Public Constructor,"org.apache.xmpbox.schema.PDFAExtensionSchema.PDFAExtensionSchema(XMPMetadata)",xmpbox/src/main/java/org/apache/xmpbox/schema/PDFAExtensionSchema.java,,,,,,,,,,,,,,,,,,,,,,,,,3,10,0,4,1,1,6,2,1,1,2,1,1,1,1,1,1,,,,,,0,,1,50,1,1,1,1
Public Constructor,"org.apache.xmpbox.schema.PDFAExtensionSchema.PDFAExtensionSchema(XMPMetadata,String)",xmpbox/src/main/java/org/apache/xmpbox/schema/PDFAExtensionSchema.java,,,,,,,,,,,,,,,,,,,,,,,,,2,4,0,4,1,1,0,2,1,1,2,1,1,1,1,1,1,,,,,,0,,0,00,1,1,1,1
Public Method,"org.apache.xmpbox.schema.PDFAExtensionSchema.getSchemasProperty()",xmpbox/src/main/java/org/apache/xmpbox/schema/PDFAExtensionSchema.java,,,,,,,,,,,,,,,,,,,,,,,,,2,8,0,4,1,1,4,2,1,1,2,1,1,1,1,1,1,,,,,,0,,1,00,1,1,1,1
Class,"org.apache.xmpbox.schema.PDFAIdentificationOthersTest",xmpbox/src/test/java/org/apache/xmpbox/schema/PDFAIdentificationOthersTest.java,1,1,1,1,15,2,13,0,1,11,0,,0,0,,,3,0,3,15,3,0,0,0,,73,9,42,17,27,22,,,25,29,14,21,,,,,1,1,1,1,1,0,0,0,52,5,5,5,5
Method,"org.apache.xmpbox.schema.PDFAIdentificationOthersTest.testBadPDFAConformanceId()",xmpbox/src/test/java/org/apache/xmpbox/schema/PDFAIdentificationOthersTest.java,,,,,,,,,,,,,,,,,,,,,,,,,1,10,0,10,5,6,0,3,1,5,6,4,4,1,1,1,1,,,,,,0,,0,00,2,2,2,2
Lambda Method,"org.apache.xmpbox.schema.PDFAIdentificationOthersTest.testBadPDFAConformanceId.(lambda_expr_1)()",xmpbox/src/test/java/org/apache/xmpbox/schema/PDFAIdentificationOthersTest.java,,,,,,,,,,,,,,,,,,,,,,,,,0,3,0,3,0,2,0,2,1,1,1,0,1,1,1,1,1,,,,,,0,,0,00,1,1,1,1
Method,"org.apache.xmpbox.schema.PDFAIdentificationOthersTest.testBadVersionIdValueType()",xmpbox/src/test/java/org/apache/xmpbox/schema/PDFAIdentificationOthersTest.java,,,,,,,,,,,,,,,,,,,,,,,,,1,10,0,10,4,6,0,4,1,5,6,3,5,1,1,1,1,,,,,,0,,0,00,2,2,2,2
Lambda Method,"org.apache.xmpbox.schema.PDFAIdentificationOthersTest.testBadVersionIdValueType.(lambda_expr_1)()",xmpbox/src/test/java/org/apache/xmpbox/schema/PDFAIdentificationOthersTest.java,,,,,,,,,,,,,,,,,,,,,,,,,0,3,0,3,0,2,0,2,1,1,1,0,1,1,1,1,1,,,,,,0,,0,00,1,1,1,1
Method,"org.apache.xmpbox.schema.PDFAIdentificationOthersTest.testPDFAIdentification()",xmpbox/src/test/java/org/apache/xmpbox/schema/PDFAIdentificationOthersTest.java,,,,,,,,,,,,,,,,,,,,,,,,,0,27,6,19,7,15,2,15,1,15,16,6,12,1,1,1,1,,,,,,0,,0,11,1,1,1,1
Public Class,"org.apache.xmpbox.schema.PDFAIdentificationSchema",xmpbox/src/main/java/org/apache/xmpbox/schema/PDFAIdentificationSchema.java,1,1,2,1,14,0,8,5,1,11,0,,0,3,,,17,0,17,123,0,0,0,17,,301,23,154,37,62,125,,,43,76,35,53,,,,,4,4,4,4,5,3,0,0,81,30,30,34,23
Public Constructor,"org.apache.xmpbox.schema.PDFAIdentificationSchema.PDFAIdentificationSchema(XMPMetadata)",xmpbox/src/main/java/org/apache/xmpbox/schema/PDFAIdentificationSchema.java,,,,,,,,,,,,,,,,,,,,,,,,,2,10,0,4,1,1,6,2,1,1,2,1,1,1,1,1,1,,,,,,0,,1,50,1,1,1,1
Public Constructor,"org.apache.xmpbox.schema.PDFAIdentificationSchema.PDFAIdentificationSchema(XMPMetadata,String)",xmpbox/src/main/java/org/apache/xmpbox/schema/PDFAIdentificationSchema.java,,,,,,,,,,,,,,,,,,,,,,,,,2,4,0,4,1,1,0,2,1,1,2,1,1,1,1,1,1,,,,,,0,,0,00,1,1,1,1
Public Method,"org.apache.xmpbox.schema.PDFAIdentificationSchema.getAmd()",xmpbox/src/main/java/org/apache/xmpbox/schema/PDFAIdentificationSchema.java,,,,,,,,,,,,,,,,,,,,,,,,,1,24,0,19,2,8,5,7,4,4,9,3,7,4,4,4,4,,,,,,3,,0,26,4,4,4,4
Public Method,"org.apache.xmpbox.schema.PDFAIdentificationSchema.getAmdProperty()",xmpbox/src/main/java/org/apache/xmpbox/schema/PDFAIdentificationSchema.java,,,,,,,,,,,,,,,,,,,,,,,,,3,14,0,9,2,4,5,2,2,3,5,2,4,2,2,2,1,,,,,,1,,0,56,2,2,2,1
Public Method,"org.apache.xmpbox.schema.PDFAIdentificationSchema.getAmendment()",xmpbox/src/main/java/org/apache/xmpbox/schema/PDFAIdentificationSchema.java,,,,,,,,,,,,,,,,,,,,,,,,,2,14,0,9,2,4,5,3,2,3,5,2,4,2,2,2,1,,,,,,1,,0,56,2,2,2,1
Public Method,"org.apache.xmpbox.schema.PDFAIdentificationSchema.getConformance()",xmpbox/src/main/java/org/apache/xmpbox/schema/PDFAIdentificationSchema.java,,,,,,,,,,,,,,,,,,,,,,,,,3,24,0,19,2,8,5,7,4,4,9,3,7,4,4,4,4,,,,,,3,,0,26,4,4,4,4
Public Method,"org.apache.xmpbox.schema.PDFAIdentificationSchema.getConformanceProperty()",xmpbox/src/main/java/org/apache/xmpbox/schema/PDFAIdentificationSchema.java,,,,,,,,,,,,,,,,,,,,,,,,,3,14,0,9,2,4,5,2,2,3,5,2,4,2,2,2,1,,,,,,1,,0,56,2,2,2,1
Public Method,"org.apache.xmpbox.schema.PDFAIdentificationSchema.getPart()",xmpbox/src/main/java/org/apache/xmpbox/schema/PDFAIdentificationSchema.java,,,,,,,,,,,,,,,,,,,,,,,,,2,14,0,9,2,4,5,3,2,3,5,2,4,2,2,2,1,,,,,,1,,0,56,2,2,2,1
Public Method,"org.apache.xmpbox.schema.PDFAIdentificationSchema.getPartProperty()",xmpbox/src/main/java/org/apache/xmpbox/schema/PDFAIdentificationSchema.java,,,,,,,,,,,,,,,,,,,,,,,,,3,14,0,9,2,4,5,2,2,3,5,2,4,2,2,2,1,,,,,,1,,0,56,2,2,2,1
Public Method,"org.apache.xmpbox.schema.PDFAIdentificationSchema.setAmd(String)",xmpbox/src/main/java/org/apache/xmpbox/schema/PDFAIdentificationSchema.java,,,,,,,,,,,,,,,,,,,,,,,,,3,11,0,5,2,2,6,2,1,2,3,2,2,1,1,1,1,,,,,,0,,1,20,1,1,1,1
Public Method,"org.apache.xmpbox.schema.PDFAIdentificationSchema.setAmdProperty(TextType)",xmpbox/src/main/java/org/apache/xmpbox/schema/PDFAIdentificationSchema.java,,,,,,,,,,,,,,,,,,,,,,,,,1,10,0,4,1,1,6,1,1,1,2,1,1,1,1,1,1,,,,,,0,,1,50,1,1,1,1
Public Method,"org.apache.xmpbox.schema.PDFAIdentificationSchema.setConformance(String)",xmpbox/src/main/java/org/apache/xmpbox/schema/PDFAIdentificationSchema.java,,,,,,,,,,,,,,,,,,,,,,,,,8,22,1,13,2,6,8,4,2,3,5,2,4,2,2,4,1,,,,,,1,,0,62,2,2,4,1
Public Method,"org.apache.xmpbox.schema.PDFAIdentificationSchema.setConformanceProperty(TextType)",xmpbox/src/main/java/org/apache/xmpbox/schema/PDFAIdentificationSchema.java,,,,,,,,,,,,,,,,,,,,,,,,,1,21,0,13,2,6,8,4,2,3,5,2,4,2,2,4,1,,,,,,1,,0,62,2,2,4,1
Public Method,"org.apache.xmpbox.schema.PDFAIdentificationSchema.setPart(Integer)",xmpbox/src/main/java/org/apache/xmpbox/schema/PDFAIdentificationSchema.java,,,,,,,,,,,,,,,,,,,,,,,,,3,10,0,4,1,1,6,1,1,1,2,1,1,1,1,1,1,,,,,,0,,1,50,1,1,1,1
Public Method,"org.apache.xmpbox.schema.PDFAIdentificationSchema.setPartProperty(IntegerType)",xmpbox/src/main/java/org/apache/xmpbox/schema/PDFAIdentificationSchema.java,,,,,,,,,,,,,,,,,,,,,,,,,1,10,0,4,1,1,6,1,1,1,2,1,1,1,1,1,1,,,,,,0,,1,50,1,1,1,1
Public Method,"org.apache.xmpbox.schema.PDFAIdentificationSchema.setPartValueWithInt(int)",xmpbox/src/main/java/org/apache/xmpbox/schema/PDFAIdentificationSchema.java,,,,,,,,,,,,,,,,,,,,,,,,,4,11,0,5,2,2,6,2,1,2,3,2,2,1,1,1,1,,,,,,0,,1,20,1,1,1,1
Public Method,"org.apache.xmpbox.schema.PDFAIdentificationSchema.setPartValueWithString(String)",xmpbox/src/main/java/org/apache/xmpbox/schema/PDFAIdentificationSchema.java,,,,,,,,,,,,,,,,,,,,,,,,,6,12,0,5,2,2,7,2,1,2,3,2,2,1,1,1,1,,,,,,0,,1,40,1,1,1,1
Class,"org.apache.xmpbox.schema.PDFAIdentificationTest",xmpbox/src/test/java/org/apache/xmpbox/schema/PDFAIdentificationTest.java,1,1,1,1,7,0,7,0,1,14,0,,1,0,,,3,3,4,16,4,0,0,0,,59,4,35,15,12,20,,,11,16,10,8,,,,,1,1,1,1,1,0,25,0,57,4,4,4,4
Method,"org.apache.xmpbox.schema.PDFAIdentificationTest.initMetadata()",xmpbox/src/test/java/org/apache/xmpbox/schema/PDFAIdentificationTest.java,,,,,,,,,,,,,,,,,,,,,,,,,1,7,0,7,2,3,0,5,1,3,4,1,3,1,1,1,1,,,,,,0,,0,00,1,1,1,1
Static Method,"org.apache.xmpbox.schema.PDFAIdentificationTest.initializeParameters()",xmpbox/src/test/java/org/apache/xmpbox/schema/PDFAIdentificationTest.java,,,,,,,,,,,,,,,,,,,,,,,,,2,8,0,8,1,5,0,4,1,1,2,1,1,1,1,1,1,,,,,,0,,0,00,1,1,1,1
Method,"org.apache.xmpbox.schema.PDFAIdentificationTest.testElementProperty(String,PropertyType,Object)",xmpbox/src/test/java/org/apache/xmpbox/schema/PDFAIdentificationTest.java,,,,,,,,,,,,,,,,,,,,,,,,,6,7,0,7,4,2,0,2,1,2,3,2,2,1,1,1,1,,,,,,0,,0,00,1,1,1,1
Method,"org.apache.xmpbox.schema.PDFAIdentificationTest.testElementValue(String,PropertyType,Object)",xmpbox/src/test/java/org/apache/xmpbox/schema/PDFAIdentificationTest.java,,,,,,,,,,,,,,,,,,,,,,,,,6,7,0,7,4,2,0,2,1,2,3,2,2,1,1,1,1,,,,,,0,,0,00,1,1,1,1
Public Class,"org.apache.xmpbox.schema.PhotoshopSchema",xmpbox/src/main/java/org/apache/xmpbox/schema/PhotoshopSchema.java,1,1,1,1,4,0,4,0,1,19,0,,0,20,,,80,1,80,186,0,0,0,80,,552,104,428,163,153,21,,,148,234,143,131,,,,,4,4,4,1,5,3,98,0,05,102,102,102,80
Public Constructor,"org.apache.xmpbox.schema.PhotoshopSchema.PhotoshopSchema(XMPMetadata)",xmpbox/src/main/java/org/apache/xmpbox/schema/PhotoshopSchema.java,,,,,,,,,,,,,,,,,,,,,,,,,2,4,0,4,1,1,0,2,1,1,2,1,1,1,1,1,1,,,,,,0,,0,00,1,1,1,1
Public Constructor,"org.apache.xmpbox.schema.PhotoshopSchema.PhotoshopSchema(XMPMetadata,String)",xmpbox/src/main/java/org/apache/xmpbox/schema/PhotoshopSchema.java,,,,,,,,,,,,,,,,,,,,,,,,,2,4,0,4,1,1,0,2,1,1,2,1,1,1,1,1,1,,,,,,0,,0,00,1,1,1,1
Public Method,"org.apache.xmpbox.schema.PhotoshopSchema.addDocumentAncestors(String)",xmpbox/src/main/java/org/apache/xmpbox/schema/PhotoshopSchema.java,,,,,,,,,,,,,,,,,,,,,,,,,2,4,0,4,1,1,0,1,1,1,2,1,1,1,1,1,1,,,,,,0,,0,00,1,1,1,1
Public Method,"org.apache.xmpbox.schema.PhotoshopSchema.addTextLayers(String,String)",xmpbox/src/main/java/org/apache/xmpbox/schema/PhotoshopSchema.java,,,,,,,,,,,,,,,,,,,,,,,,,5,12,0,12,2,7,0,9,2,6,8,2,7,2,2,2,1,,,,,,1,,0,00,2,2,2,1
Public Method,"org.apache.xmpbox.schema.PhotoshopSchema.getAncestorID()",xmpbox/src/main/java/org/apache/xmpbox/schema/PhotoshopSchema.java,,,,,,,,,,,,,,,,,,,,,,,,,1,5,0,5,2,2,0,3,1,2,3,2,2,2,2,2,1,,,,,,0,,0,00,2,2,2,1
Public Method,"org.apache.xmpbox.schema.PhotoshopSchema.getAncestorIDProperty()",xmpbox/src/main/java/org/apache/xmpbox/schema/PhotoshopSchema.java,,,,,,,,,,,,,,,,,,,,,,,,,1,4,0,4,1,1,0,2,1,1,2,1,1,1,1,1,1,,,,,,0,,0,00,1,1,1,1
Public Method,"org.apache.xmpbox.schema.PhotoshopSchema.getAuthorsPosition()",xmpbox/src/main/java/org/apache/xmpbox/schema/PhotoshopSchema.java,,,,,,,,,,,,,,,,,,,,,,,,,1,5,0,5,2,2,0,3,1,2,3,2,2,2,2,2,1,,,,,,0,,0,00,2,2,2,1
Public Method,"org.apache.xmpbox.schema.PhotoshopSchema.getAuthorsPositionProperty()",xmpbox/src/main/java/org/apache/xmpbox/schema/PhotoshopSchema.java,,,,,,,,,,,,,,,,,,,,,,,,,1,4,0,4,1,1,0,2,1,1,2,1,1,1,1,1,1,,,,,,0,,0,00,1,1,1,1
Public Method,"org.apache.xmpbox.schema.PhotoshopSchema.getCaptionWriter()",xmpbox/src/main/java/org/apache/xmpbox/schema/PhotoshopSchema.java,,,,,,,,,,,,,,,,,,,,,,,,,1,5,0,5,2,2,0,3,1,2,3,2,2,2,2,2,1,,,,,,0,,0,00,2,2,2,1
Public Method,"org.apache.xmpbox.schema.PhotoshopSchema.getCaptionWriterProperty()",xmpbox/src/main/java/org/apache/xmpbox/schema/PhotoshopSchema.java,,,,,,,,,,,,,,,,,,,,,,,,,1,4,0,4,1,1,0,2,1,1,2,1,1,1,1,1,1,,,,,,0,,0,00,1,1,1,1
Public Method,"org.apache.xmpbox.schema.PhotoshopSchema.getCategory()",xmpbox/src/main/java/org/apache/xmpbox/schema/PhotoshopSchema.java,,,,,,,,,,,,,,,,,,,,,,,,,1,5,0,5,2,2,0,3,1,2,3,2,2,2,2,2,1,,,,,,0,,0,00,2,2,2,1
Public Method,"org.apache.xmpbox.schema.PhotoshopSchema.getCategoryProperty()",xmpbox/src/main/java/org/apache/xmpbox/schema/PhotoshopSchema.java,,,,,,,,,,,,,,,,,,,,,,,,,1,4,0,4,1,1,0,2,1,1,2,1,1,1,1,1,1,,,,,,0,,0,00,1,1,1,1
Public Method,"org.apache.xmpbox.schema.PhotoshopSchema.getCity()",xmpbox/src/main/java/org/apache/xmpbox/schema/PhotoshopSchema.java,,,,,,,,,,,,,,,,,,,,,,,,,1,5,0,5,2,2,0,3,1,2,3,2,2,2,2,2,1,,,,,,0,,0,00,2,2,2,1
Public Method,"org.apache.xmpbox.schema.PhotoshopSchema.getCityProperty()",xmpbox/src/main/java/org/apache/xmpbox/schema/PhotoshopSchema.java,,,,,,,,,,,,,,,,,,,,,,,,,1,4,0,4,1,1,0,2,1,1,2,1,1,1,1,1,1,,,,,,0,,0,00,1,1,1,1
Public Method,"org.apache.xmpbox.schema.PhotoshopSchema.getColorMode()",xmpbox/src/main/java/org/apache/xmpbox/schema/PhotoshopSchema.java,,,,,,,,,,,,,,,,,,,,,,,,,1,5,0,5,2,2,0,3,1,2,3,2,2,2,2,2,1,,,,,,0,,0,00,2,2,2,1
Public Method,"org.apache.xmpbox.schema.PhotoshopSchema.getColorModeProperty()",xmpbox/src/main/java/org/apache/xmpbox/schema/PhotoshopSchema.java,,,,,,,,,,,,,,,,,,,,,,,,,1,4,0,4,1,1,0,2,1,1,2,1,1,1,1,1,1,,,,,,0,,0,00,1,1,1,1
Public Method,"org.apache.xmpbox.schema.PhotoshopSchema.getCountry()",xmpbox/src/main/java/org/apache/xmpbox/schema/PhotoshopSchema.java,,,,,,,,,,,,,,,,,,,,,,,,,1,5,0,5,2,2,0,3,1,2,3,2,2,2,2,2,1,,,,,,0,,0,00,2,2,2,1
Public Method,"org.apache.xmpbox.schema.PhotoshopSchema.getCountryProperty()",xmpbox/src/main/java/org/apache/xmpbox/schema/PhotoshopSchema.java,,,,,,,,,,,,,,,,,,,,,,,,,1,4,0,4,1,1,0,2,1,1,2,1,1,1,1,1,1,,,,,,0,,0,00,1,1,1,1
Public Method,"org.apache.xmpbox.schema.PhotoshopSchema.getCredit()",xmpbox/src/main/java/org/apache/xmpbox/schema/PhotoshopSchema.java,,,,,,,,,,,,,,,,,,,,,,,,,1,5,0,5,2,2,0,3,1,2,3,2,2,2,2,2,1,,,,,,0,,0,00,2,2,2,1
Public Method,"org.apache.xmpbox.schema.PhotoshopSchema.getCreditProperty()",xmpbox/src/main/java/org/apache/xmpbox/schema/PhotoshopSchema.java,,,,,,,,,,,,,,,,,,,,,,,,,1,4,0,4,1,1,0,2,1,1,2,1,1,1,1,1,1,,,,,,0,,0,00,1,1,1,1
Public Method,"org.apache.xmpbox.schema.PhotoshopSchema.getDateCreated()",xmpbox/src/main/java/org/apache/xmpbox/schema/PhotoshopSchema.java,,,,,,,,,,,,,,,,,,,,,,,,,1,5,0,5,2,2,0,3,1,2,3,2,2,2,2,2,1,,,,,,0,,0,00,2,2,2,1
Public Method,"org.apache.xmpbox.schema.PhotoshopSchema.getDateCreatedProperty()",xmpbox/src/main/java/org/apache/xmpbox/schema/PhotoshopSchema.java,,,,,,,,,,,,,,,,,,,,,,,,,1,4,0,4,1,1,0,2,1,1,2,1,1,1,1,1,1,,,,,,0,,0,00,1,1,1,1
Public Method,"org.apache.xmpbox.schema.PhotoshopSchema.getDocumentAncestors()",xmpbox/src/main/java/org/apache/xmpbox/schema/PhotoshopSchema.java,,,,,,,,,,,,,,,,,,,,,,,,,1,4,0,4,1,1,0,2,1,1,2,1,1,1,1,1,1,,,,,,0,,0,00,1,1,1,1
Public Method,"org.apache.xmpbox.schema.PhotoshopSchema.getDocumentAncestorsProperty()",xmpbox/src/main/java/org/apache/xmpbox/schema/PhotoshopSchema.java,,,,,,,,,,,,,,,,,,,,,,,,,1,4,0,4,1,1,0,2,1,1,2,1,1,1,1,1,1,,,,,,0,,0,00,1,1,1,1
Public Method,"org.apache.xmpbox.schema.PhotoshopSchema.getHeadline()",xmpbox/src/main/java/org/apache/xmpbox/schema/PhotoshopSchema.java,,,,,,,,,,,,,,,,,,,,,,,,,1,5,0,5,2,2,0,3,1,2,3,2,2,2,2,2,1,,,,,,0,,0,00,2,2,2,1
Public Method,"org.apache.xmpbox.schema.PhotoshopSchema.getHeadlineProperty()",xmpbox/src/main/java/org/apache/xmpbox/schema/PhotoshopSchema.java,,,,,,,,,,,,,,,,,,,,,,,,,1,4,0,4,1,1,0,2,1,1,2,1,1,1,1,1,1,,,,,,0,,0,00,1,1,1,1
Public Method,"org.apache.xmpbox.schema.PhotoshopSchema.getHistory()",xmpbox/src/main/java/org/apache/xmpbox/schema/PhotoshopSchema.java,,,,,,,,,,,,,,,,,,,,,,,,,1,5,0,5,2,2,0,3,1,2,3,2,2,2,2,2,1,,,,,,0,,0,00,2,2,2,1
Public Method,"org.apache.xmpbox.schema.PhotoshopSchema.getHistoryProperty()",xmpbox/src/main/java/org/apache/xmpbox/schema/PhotoshopSchema.java,,,,,,,,,,,,,,,,,,,,,,,,,1,4,0,4,1,1,0,2,1,1,2,1,1,1,1,1,1,,,,,,0,,0,00,1,1,1,1
Public Method,"org.apache.xmpbox.schema.PhotoshopSchema.getICCProfile()",xmpbox/src/main/java/org/apache/xmpbox/schema/PhotoshopSchema.java,,,,,,,,,,,,,,,,,,,,,,,,,1,5,0,5,2,2,0,3,1,2,3,2,2,2,2,2,1,,,,,,0,,0,00,2,2,2,1
Public Method,"org.apache.xmpbox.schema.PhotoshopSchema.getICCProfileProperty()",xmpbox/src/main/java/org/apache/xmpbox/schema/PhotoshopSchema.java,,,,,,,,,,,,,,,,,,,,,,,,,1,4,0,4,1,1,0,2,1,1,2,1,1,1,1,1,1,,,,,,0,,0,00,1,1,1,1
Public Method,"org.apache.xmpbox.schema.PhotoshopSchema.getInstructions()",xmpbox/src/main/java/org/apache/xmpbox/schema/PhotoshopSchema.java,,,,,,,,,,,,,,,,,,,,,,,,,1,5,0,5,2,2,0,3,1,2,3,2,2,2,2,2,1,,,,,,0,,0,00,2,2,2,1
Public Method,"org.apache.xmpbox.schema.PhotoshopSchema.getInstructionsProperty()",xmpbox/src/main/java/org/apache/xmpbox/schema/PhotoshopSchema.java,,,,,,,,,,,,,,,,,,,,,,,,,1,4,0,4,1,1,0,2,1,1,2,1,1,1,1,1,1,,,,,,0,,0,00,1,1,1,1
Public Method,"org.apache.xmpbox.schema.PhotoshopSchema.getSource()",xmpbox/src/main/java/org/apache/xmpbox/schema/PhotoshopSchema.java,,,,,,,,,,,,,,,,,,,,,,,,,1,5,0,5,2,2,0,3,1,2,3,2,2,2,2,2,1,,,,,,0,,0,00,2,2,2,1
Public Method,"org.apache.xmpbox.schema.PhotoshopSchema.getSourceProperty()",xmpbox/src/main/java/org/apache/xmpbox/schema/PhotoshopSchema.java,,,,,,,,,,,,,,,,,,,,,,,,,1,4,0,4,1,1,0,2,1,1,2,1,1,1,1,1,1,,,,,,0,,0,00,1,1,1,1
Public Method,"org.apache.xmpbox.schema.PhotoshopSchema.getState()",xmpbox/src/main/java/org/apache/xmpbox/schema/PhotoshopSchema.java,,,,,,,,,,,,,,,,,,,,,,,,,1,5,0,5,2,2,0,3,1,2,3,2,2,2,2,2,1,,,,,,0,,0,00,2,2,2,1
Public Method,"org.apache.xmpbox.schema.PhotoshopSchema.getStateProperty()",xmpbox/src/main/java/org/apache/xmpbox/schema/PhotoshopSchema.java,,,,,,,,,,,,,,,,,,,,,,,,,1,4,0,4,1,1,0,2,1,1,2,1,1,1,1,1,1,,,,,,0,,0,00,1,1,1,1
Public Method,"org.apache.xmpbox.schema.PhotoshopSchema.getSupplementalCategories()",xmpbox/src/main/java/org/apache/xmpbox/schema/PhotoshopSchema.java,,,,,,,,,,,,,,,,,,,,,,,,,1,5,0,5,2,2,0,3,1,2,3,2,2,2,2,2,1,,,,,,0,,0,00,2,2,2,1
Public Method,"org.apache.xmpbox.schema.PhotoshopSchema.getSupplementalCategoriesProperty()",xmpbox/src/main/java/org/apache/xmpbox/schema/PhotoshopSchema.java,,,,,,,,,,,,,,,,,,,,,,,,,1,4,0,4,1,1,0,2,1,1,2,1,1,1,1,1,1,,,,,,0,,0,00,1,1,1,1
Public Method,"org.apache.xmpbox.schema.PhotoshopSchema.getTextLayers()",xmpbox/src/main/java/org/apache/xmpbox/schema/PhotoshopSchema.java,,,,,,,,,,,,,,,,,,,,,,,,,1,23,1,22,3,11,0,7,4,6,11,4,9,4,4,4,1,,,,,,3,,0,00,4,4,4,1
Public Method,"org.apache.xmpbox.schema.PhotoshopSchema.getTransmissionReference()",xmpbox/src/main/java/org/apache/xmpbox/schema/PhotoshopSchema.java,,,,,,,,,,,,,,,,,,,,,,,,,1,5,0,5,2,2,0,3,1,2,3,2,2,2,2,2,1,,,,,,0,,0,00,2,2,2,1
Public Method,"org.apache.xmpbox.schema.PhotoshopSchema.getTransmissionReferenceProperty()",xmpbox/src/main/java/org/apache/xmpbox/schema/PhotoshopSchema.java,,,,,,,,,,,,,,,,,,,,,,,,,1,4,0,4,1,1,0,2,1,1,2,1,1,1,1,1,1,,,,,,0,,0,00,1,1,1,1
Public Method,"org.apache.xmpbox.schema.PhotoshopSchema.getUrgency()",xmpbox/src/main/java/org/apache/xmpbox/schema/PhotoshopSchema.java,,,,,,,,,,,,,,,,,,,,,,,,,1,5,0,5,2,2,0,3,1,2,3,2,2,2,2,2,1,,,,,,0,,0,00,2,2,2,1
Public Method,"org.apache.xmpbox.schema.PhotoshopSchema.getUrgencyProperty()",xmpbox/src/main/java/org/apache/xmpbox/schema/PhotoshopSchema.java,,,,,,,,,,,,,,,,,,,,,,,,,1,4,0,4,1,1,0,2,1,1,2,1,1,1,1,1,1,,,,,,0,,0,00,1,1,1,1
Public Method,"org.apache.xmpbox.schema.PhotoshopSchema.setAncestorID(String)",xmpbox/src/main/java/org/apache/xmpbox/schema/PhotoshopSchema.java,,,,,,,,,,,,,,,,,,,,,,,,,2,5,0,5,2,2,0,2,1,2,3,2,2,1,1,1,1,,,,,,0,,0,00,1,1,1,1
Public Method,"org.apache.xmpbox.schema.PhotoshopSchema.setAncestorIDProperty(URIType)",xmpbox/src/main/java/org/apache/xmpbox/schema/PhotoshopSchema.java,,,,,,,,,,,,,,,,,,,,,,,,,2,4,0,4,1,1,0,1,1,1,2,1,1,1,1,1,1,,,,,,0,,0,00,1,1,1,1
Public Method,"org.apache.xmpbox.schema.PhotoshopSchema.setAuthorsPosition(String)",xmpbox/src/main/java/org/apache/xmpbox/schema/PhotoshopSchema.java,,,,,,,,,,,,,,,,,,,,,,,,,2,5,0,5,2,2,0,2,1,2,3,2,2,1,1,1,1,,,,,,0,,0,00,1,1,1,1
Public Method,"org.apache.xmpbox.schema.PhotoshopSchema.setAuthorsPositionProperty(TextType)",xmpbox/src/main/java/org/apache/xmpbox/schema/PhotoshopSchema.java,,,,,,,,,,,,,,,,,,,,,,,,,2,4,0,4,1,1,0,1,1,1,2,1,1,1,1,1,1,,,,,,0,,0,00,1,1,1,1
Public Method,"org.apache.xmpbox.schema.PhotoshopSchema.setCaptionWriter(String)",xmpbox/src/main/java/org/apache/xmpbox/schema/PhotoshopSchema.java,,,,,,,,,,,,,,,,,,,,,,,,,2,5,0,5,2,2,0,2,1,2,3,2,2,1,1,1,1,,,,,,0,,0,00,1,1,1,1
Public Method,"org.apache.xmpbox.schema.PhotoshopSchema.setCaptionWriterProperty(ProperNameType)",xmpbox/src/main/java/org/apache/xmpbox/schema/PhotoshopSchema.java,,,,,,,,,,,,,,,,,,,,,,,,,2,4,0,4,1,1,0,1,1,1,2,1,1,1,1,1,1,,,,,,0,,0,00,1,1,1,1
Public Method,"org.apache.xmpbox.schema.PhotoshopSchema.setCategory(String)",xmpbox/src/main/java/org/apache/xmpbox/schema/PhotoshopSchema.java,,,,,,,,,,,,,,,,,,,,,,,,,2,5,0,5,2,2,0,2,1,2,3,2,2,1,1,1,1,,,,,,0,,0,00,1,1,1,1
Public Method,"org.apache.xmpbox.schema.PhotoshopSchema.setCategoryProperty(TextType)",xmpbox/src/main/java/org/apache/xmpbox/schema/PhotoshopSchema.java,,,,,,,,,,,,,,,,,,,,,,,,,2,4,0,4,1,1,0,1,1,1,2,1,1,1,1,1,1,,,,,,0,,0,00,1,1,1,1
Public Method,"org.apache.xmpbox.schema.PhotoshopSchema.setCity(String)",xmpbox/src/main/java/org/apache/xmpbox/schema/PhotoshopSchema.java,,,,,,,,,,,,,,,,,,,,,,,,,2,5,0,5,2,2,0,2,1,2,3,2,2,1,1,1,1,,,,,,0,,0,00,1,1,1,1
Public Method,"org.apache.xmpbox.schema.PhotoshopSchema.setCityProperty(TextType)",xmpbox/src/main/java/org/apache/xmpbox/schema/PhotoshopSchema.java,,,,,,,,,,,,,,,,,,,,,,,,,2,4,0,4,1,1,0,1,1,1,2,1,1,1,1,1,1,,,,,,0,,0,00,1,1,1,1
Public Method,"org.apache.xmpbox.schema.PhotoshopSchema.setColorMode(String)",xmpbox/src/main/java/org/apache/xmpbox/schema/PhotoshopSchema.java,,,,,,,,,,,,,,,,,,,,,,,,,2,5,0,5,2,2,0,2,1,2,3,2,2,1,1,1,1,,,,,,0,,0,00,1,1,1,1
Public Method,"org.apache.xmpbox.schema.PhotoshopSchema.setColorModeProperty(IntegerType)",xmpbox/src/main/java/org/apache/xmpbox/schema/PhotoshopSchema.java,,,,,,,,,,,,,,,,,,,,,,,,,2,4,0,4,1,1,0,1,1,1,2,1,1,1,1,1,1,,,,,,0,,0,00,1,1,1,1
Public Method,"org.apache.xmpbox.schema.PhotoshopSchema.setCountry(String)",xmpbox/src/main/java/org/apache/xmpbox/schema/PhotoshopSchema.java,,,,,,,,,,,,,,,,,,,,,,,,,2,5,0,5,2,2,0,2,1,2,3,2,2,1,1,1,1,,,,,,0,,0,00,1,1,1,1
Public Method,"org.apache.xmpbox.schema.PhotoshopSchema.setCountryProperty(TextType)",xmpbox/src/main/java/org/apache/xmpbox/schema/PhotoshopSchema.java,,,,,,,,,,,,,,,,,,,,,,,,,2,4,0,4,1,1,0,1,1,1,2,1,1,1,1,1,1,,,,,,0,,0,00,1,1,1,1
Public Method,"org.apache.xmpbox.schema.PhotoshopSchema.setCredit(String)",xmpbox/src/main/java/org/apache/xmpbox/schema/PhotoshopSchema.java,,,,,,,,,,,,,,,,,,,,,,,,,2,5,0,5,2,2,0,2,1,2,3,2,2,1,1,1,1,,,,,,0,,0,00,1,1,1,1
Public Method,"org.apache.xmpbox.schema.PhotoshopSchema.setCreditProperty(TextType)",xmpbox/src/main/java/org/apache/xmpbox/schema/PhotoshopSchema.java,,,,,,,,,,,,,,,,,,,,,,,,,2,4,0,4,1,1,0,1,1,1,2,1,1,1,1,1,1,,,,,,0,,0,00,1,1,1,1
Public Method,"org.apache.xmpbox.schema.PhotoshopSchema.setDateCreated(String)",xmpbox/src/main/java/org/apache/xmpbox/schema/PhotoshopSchema.java,,,,,,,,,,,,,,,,,,,,,,,,,2,5,0,5,2,2,0,2,1,2,3,2,2,1,1,1,1,,,,,,0,,0,00,1,1,1,1
Public Method,"org.apache.xmpbox.schema.PhotoshopSchema.setDateCreatedProperty(DateType)",xmpbox/src/main/java/org/apache/xmpbox/schema/PhotoshopSchema.java,,,,,,,,,,,,,,,,,,,,,,,,,2,4,0,4,1,1,0,1,1,1,2,1,1,1,1,1,1,,,,,,0,,0,00,1,1,1,1
Public Method,"org.apache.xmpbox.schema.PhotoshopSchema.setHeadline(String)",xmpbox/src/main/java/org/apache/xmpbox/schema/PhotoshopSchema.java,,,,,,,,,,,,,,,,,,,,,,,,,2,5,0,5,2,2,0,2,1,2,3,2,2,1,1,1,1,,,,,,0,,0,00,1,1,1,1
Public Method,"org.apache.xmpbox.schema.PhotoshopSchema.setHeadlineProperty(TextType)",xmpbox/src/main/java/org/apache/xmpbox/schema/PhotoshopSchema.java,,,,,,,,,,,,,,,,,,,,,,,,,2,4,0,4,1,1,0,1,1,1,2,1,1,1,1,1,1,,,,,,0,,0,00,1,1,1,1
Public Method,"org.apache.xmpbox.schema.PhotoshopSchema.setHistory(String)",xmpbox/src/main/java/org/apache/xmpbox/schema/PhotoshopSchema.java,,,,,,,,,,,,,,,,,,,,,,,,,2,5,0,5,2,2,0,2,1,2,3,2,2,1,1,1,1,,,,,,0,,0,00,1,1,1,1
Public Method,"org.apache.xmpbox.schema.PhotoshopSchema.setHistoryProperty(TextType)",xmpbox/src/main/java/org/apache/xmpbox/schema/PhotoshopSchema.java,,,,,,,,,,,,,,,,,,,,,,,,,2,4,0,4,1,1,0,1,1,1,2,1,1,1,1,1,1,,,,,,0,,0,00,1,1,1,1
Public Method,"org.apache.xmpbox.schema.PhotoshopSchema.setICCProfile(String)",xmpbox/src/main/java/org/apache/xmpbox/schema/PhotoshopSchema.java,,,,,,,,,,,,,,,,,,,,,,,,,2,5,0,5,2,2,0,2,1,2,3,2,2,1,1,1,1,,,,,,0,,0,00,1,1,1,1
Public Method,"org.apache.xmpbox.schema.PhotoshopSchema.setICCProfileProperty(TextType)",xmpbox/src/main/java/org/apache/xmpbox/schema/PhotoshopSchema.java,,,,,,,,,,,,,,,,,,,,,,,,,2,4,0,4,1,1,0,1,1,1,2,1,1,1,1,1,1,,,,,,0,,0,00,1,1,1,1
Public Method,"org.apache.xmpbox.schema.PhotoshopSchema.setInstructions(String)",xmpbox/src/main/java/org/apache/xmpbox/schema/PhotoshopSchema.java,,,,,,,,,,,,,,,,,,,,,,,,,2,6,1,5,2,2,0,2,1,2,3,2,2,1,1,1,1,,,,,,0,,0,00,1,1,1,1
Public Method,"org.apache.xmpbox.schema.PhotoshopSchema.setInstructionsProperty(TextType)",xmpbox/src/main/java/org/apache/xmpbox/schema/PhotoshopSchema.java,,,,,,,,,,,,,,,,,,,,,,,,,2,4,0,4,1,1,0,1,1,1,2,1,1,1,1,1,1,,,,,,0,,0,00,1,1,1,1
Public Method,"org.apache.xmpbox.schema.PhotoshopSchema.setSource(String)",xmpbox/src/main/java/org/apache/xmpbox/schema/PhotoshopSchema.java,,,,,,,,,,,,,,,,,,,,,,,,,2,5,0,5,2,2,0,2,1,2,3,2,2,1,1,1,1,,,,,,0,,0,00,1,1,1,1
Public Method,"org.apache.xmpbox.schema.PhotoshopSchema.setSourceProperty(TextType)",xmpbox/src/main/java/org/apache/xmpbox/schema/PhotoshopSchema.java,,,,,,,,,,,,,,,,,,,,,,,,,2,4,0,4,1,1,0,1,1,1,2,1,1,1,1,1,1,,,,,,0,,0,00,1,1,1,1
Public Method,"org.apache.xmpbox.schema.PhotoshopSchema.setState(String)",xmpbox/src/main/java/org/apache/xmpbox/schema/PhotoshopSchema.java,,,,,,,,,,,,,,,,,,,,,,,,,2,5,0,5,2,2,0,2,1,2,3,2,2,1,1,1,1,,,,,,0,,0,00,1,1,1,1
Public Method,"org.apache.xmpbox.schema.PhotoshopSchema.setStateProperty(TextType)",xmpbox/src/main/java/org/apache/xmpbox/schema/PhotoshopSchema.java,,,,,,,,,,,,,,,,,,,,,,,,,2,4,0,4,1,1,0,1,1,1,2,1,1,1,1,1,1,,,,,,0,,0,00,1,1,1,1
Public Method,"org.apache.xmpbox.schema.PhotoshopSchema.setSupplementalCategories(String)",xmpbox/src/main/java/org/apache/xmpbox/schema/PhotoshopSchema.java,,,,,,,,,,,,,,,,,,,,,,,,,2,5,0,5,2,2,0,2,1,2,3,2,2,1,1,1,1,,,,,,0,,0,00,1,1,1,1
Public Method,"org.apache.xmpbox.schema.PhotoshopSchema.setSupplementalCategoriesProperty(TextType)",xmpbox/src/main/java/org/apache/xmpbox/schema/PhotoshopSchema.java,,,,,,,,,,,,,,,,,,,,,,,,,2,4,0,4,1,1,0,1,1,1,2,1,1,1,1,1,1,,,,,,0,,0,00,1,1,1,1
Public Method,"org.apache.xmpbox.schema.PhotoshopSchema.setTransmissionReference(String)",xmpbox/src/main/java/org/apache/xmpbox/schema/PhotoshopSchema.java,,,,,,,,,,,,,,,,,,,,,,,,,2,5,0,5,2,2,0,2,1,2,3,2,2,1,1,1,1,,,,,,0,,0,00,1,1,1,1
Public Method,"org.apache.xmpbox.schema.PhotoshopSchema.setTransmissionReferenceProperty(TextType)",xmpbox/src/main/java/org/apache/xmpbox/schema/PhotoshopSchema.java,,,,,,,,,,,,,,,,,,,,,,,,,2,4,0,4,1,1,0,1,1,1,2,1,1,1,1,1,1,,,,,,0,,0,00,1,1,1,1
Public Method,"org.apache.xmpbox.schema.PhotoshopSchema.setUrgency(Integer)",xmpbox/src/main/java/org/apache/xmpbox/schema/PhotoshopSchema.java,,,,,,,,,,,,,,,,,,,,,,,,,2,5,0,5,2,2,0,2,1,2,3,2,2,1,1,1,1,,,,,,0,,0,00,1,1,1,1
Public Method,"org.apache.xmpbox.schema.PhotoshopSchema.setUrgency(String)",xmpbox/src/main/java/org/apache/xmpbox/schema/PhotoshopSchema.java,,,,,,,,,,,,,,,,,,,,,,,,,2,5,0,5,2,2,0,2,1,2,3,2,2,1,1,1,1,,,,,,0,,0,00,1,1,1,1
Public Method,"org.apache.xmpbox.schema.PhotoshopSchema.setUrgencyProperty(IntegerType)",xmpbox/src/main/java/org/apache/xmpbox/schema/PhotoshopSchema.java,,,,,,,,,,,,,,,,,,,,,,,,,3,4,0,4,1,1,0,1,1,1,2,1,1,1,1,1,1,,,,,,0,,0,00,1,1,1,1
Class,"org.apache.xmpbox.schema.PhotoshopSchemaTest",xmpbox/src/test/java/org/apache/xmpbox/schema/PhotoshopSchemaTest.java,1,1,1,1,8,0,8,0,1,13,0,,1,0,,,10,2,11,23,10,1,0,0,,127,11,97,42,40,19,,,23,35,23,21,,,,,1,1,1,1,1,0,9,0,20,11,11,11,11
Method,"org.apache.xmpbox.schema.PhotoshopSchemaTest.initMetadata()",xmpbox/src/test/java/org/apache/xmpbox/schema/PhotoshopSchemaTest.java,,,,,,,,,,,,,,,,,,,,,,,,,0,6,0,6,2,2,0,3,1,2,3,1,2,1,1,1,1,,,,,,0,,0,00,1,1,1,1
Private Static Method,"org.apache.xmpbox.schema.PhotoshopSchemaTest.initializeParameters()",xmpbox/src/test/java/org/apache/xmpbox/schema/PhotoshopSchemaTest.java,,,,,,,,,,,,,,,,,,,,,,,,,6,23,0,23,1,20,0,3,1,1,2,1,1,1,1,1,1,,,,,,0,,0,00,1,1,1,1
Method,"org.apache.xmpbox.schema.PhotoshopSchemaTest.testInitializedToNull(String,Types,Cardinality)",xmpbox/src/test/java/org/apache/xmpbox/schema/PhotoshopSchemaTest.java,,,,,,,,,,,,,,,,,,,,,,,,,5,7,0,7,4,2,0,2,1,2,3,2,2,1,1,1,1,,,,,,0,,0,00,1,1,1,1
Method,"org.apache.xmpbox.schema.PhotoshopSchemaTest.testPropertySetterInArray(String,Types,Cardinality)",xmpbox/src/test/java/org/apache/xmpbox/schema/PhotoshopSchemaTest.java,,,,,,,,,,,,,,,,,,,,,,,,,5,7,0,7,4,2,0,2,1,2,3,2,2,1,1,1,1,,,,,,0,,0,00,1,1,1,1
Method,"org.apache.xmpbox.schema.PhotoshopSchemaTest.testPropertySetterSimple(String,Types,Cardinality)",xmpbox/src/test/java/org/apache/xmpbox/schema/PhotoshopSchemaTest.java,,,,,,,,,,,,,,,,,,,,,,,,,5,7,0,7,4,2,0,2,1,2,3,2,2,1,1,1,1,,,,,,0,,0,00,1,1,1,1
Method,"org.apache.xmpbox.schema.PhotoshopSchemaTest.testRandomPropertySetterInArray(String,Types,Cardinality)",xmpbox/src/test/java/org/apache/xmpbox/schema/PhotoshopSchemaTest.java,,,,,,,,,,,,,,,,,,,,,,,,,5,7,0,7,4,2,0,2,1,2,3,2,2,1,1,1,1,,,,,,0,,0,00,1,1,1,1
Method,"org.apache.xmpbox.schema.PhotoshopSchemaTest.testRandomPropertySetterSimple(String,Types,Cardinality)",xmpbox/src/test/java/org/apache/xmpbox/schema/PhotoshopSchemaTest.java,,,,,,,,,,,,,,,,,,,,,,,,,5,7,0,7,4,2,0,2,1,2,3,2,2,1,1,1,1,,,,,,0,,0,00,1,1,1,1
Method,"org.apache.xmpbox.schema.PhotoshopSchemaTest.testRandomSettingValue(String,Types,Cardinality)",xmpbox/src/test/java/org/apache/xmpbox/schema/PhotoshopSchemaTest.java,,,,,,,,,,,,,,,,,,,,,,,,,5,7,0,7,4,2,0,2,1,2,3,2,2,1,1,1,1,,,,,,0,,0,00,1,1,1,1
Method,"org.apache.xmpbox.schema.PhotoshopSchemaTest.testRandomSettingValueInArray(String,Types,Cardinality)",xmpbox/src/test/java/org/apache/xmpbox/schema/PhotoshopSchemaTest.java,,,,,,,,,,,,,,,,,,,,,,,,,5,7,0,7,4,2,0,2,1,2,3,2,2,1,1,1,1,,,,,,0,,0,00,1,1,1,1
Method,"org.apache.xmpbox.schema.PhotoshopSchemaTest.testSettingValue(String,Types,Cardinality)",xmpbox/src/test/java/org/apache/xmpbox/schema/PhotoshopSchemaTest.java,,,,,,,,,,,,,,,,,,,,,,,,,5,7,0,7,4,2,0,2,1,2,3,2,2,1,1,1,1,,,,,,0,,0,00,1,1,1,1
Method,"org.apache.xmpbox.schema.PhotoshopSchemaTest.testSettingValueInArray(String,Types,Cardinality)",xmpbox/src/test/java/org/apache/xmpbox/schema/PhotoshopSchemaTest.java,,,,,,,,,,,,,,,,,,,,,,,,,5,7,0,7,4,2,0,2,1,2,3,2,2,1,1,1,1,,,,,,0,,0,00,1,1,1,1
Class,"org.apache.xmpbox.schema.SchemaTester",xmpbox/src/test/java/org/apache/xmpbox/schema/SchemaTester.java,2,1,2,1,13,0,12,1,1,20,0,,0,0,,,16,6,16,36,1,4,1,10,,265,25,203,65,115,37,,,106,140,70,110,,,,,6,5,6,1,2,2,70,0,18,33,31,33,16
Public Constructor,"org.apache.xmpbox.schema.SchemaTester.SchemaTester(XMPMetadata,Class<?>,String,Types,Cardinality)",xmpbox/src/test/java/org/apache/xmpbox/schema/SchemaTester.java,,,,,,,,,,,,,,,,,,,,,,,,,23,9,0,9,1,6,0,8,1,6,7,1,6,1,1,1,1,,,,,,0,,0,00,1,1,1,1
Protected Method,"org.apache.xmpbox.schema.SchemaTester.getPropertyQualifiedName(String)",xmpbox/src/test/java/org/apache/xmpbox/schema/SchemaTester.java,,,,,,,,,,,,,,,,,,,,,,,,,3,7,0,7,3,4,0,6,1,4,5,3,4,1,1,1,1,,,,,,0,,0,00,1,1,1,1
Method,"org.apache.xmpbox.schema.SchemaTester.getSchema()",xmpbox/src/test/java/org/apache/xmpbox/schema/SchemaTester.java,,,,,,,,,,,,,,,,,,,,,,,,,8,12,0,12,1,7,0,5,3,3,5,1,4,3,2,3,1,,,,,,1,,0,00,3,2,3,1
Private Method,"org.apache.xmpbox.schema.SchemaTester.internalTestPropertySetterInArray()",xmpbox/src/test/java/org/apache/xmpbox/schema/SchemaTester.java,,,,,,,,,,,,,,,,,,,,,,,,,7,34,2,25,12,20,7,12,2,19,21,12,19,2,2,2,1,,,,,,1,,0,28,2,2,2,1
Private Method,"org.apache.xmpbox.schema.SchemaTester.internalTestPropertySetterSimple()",xmpbox/src/test/java/org/apache/xmpbox/schema/SchemaTester.java,,,,,,,,,,,,,,,,,,,,,,,,,8,25,2,21,11,16,2,16,2,14,16,10,15,2,2,2,1,,,,,,1,,0,10,2,2,2,1
Private Method,"org.apache.xmpbox.schema.SchemaTester.internalTestSettingValue()",xmpbox/src/test/java/org/apache/xmpbox/schema/SchemaTester.java,,,,,,,,,,,,,,,,,,,,,,,,,7,25,0,22,7,13,3,12,4,10,15,8,13,4,4,4,1,,,,,,2,,0,14,4,4,4,1
Private Method,"org.apache.xmpbox.schema.SchemaTester.internalTestSettingValueInArray()",xmpbox/src/test/java/org/apache/xmpbox/schema/SchemaTester.java,,,,,,,,,,,,,,,,,,,,,,,,,9,37,2,32,7,21,3,16,10,14,20,8,18,6,5,6,1,,,,,,2,,0,09,6,5,6,1
Public Method,"org.apache.xmpbox.schema.SchemaTester.testInitializedToNull()",xmpbox/src/test/java/org/apache/xmpbox/schema/SchemaTester.java,,,,,,,,,,,,,,,,,,,,,,,,,6,23,1,19,8,12,3,7,2,10,12,8,11,2,2,2,1,,,,,,1,,0,16,2,2,2,1
Public Method,"org.apache.xmpbox.schema.SchemaTester.testPropertySetterInArray()",xmpbox/src/test/java/org/apache/xmpbox/schema/SchemaTester.java,,,,,,,,,,,,,,,,,,,,,,,,,2,4,0,4,1,1,0,1,1,1,2,1,1,1,1,1,1,,,,,,0,,0,00,1,1,1,1
Public Method,"org.apache.xmpbox.schema.SchemaTester.testPropertySetterSimple()",xmpbox/src/test/java/org/apache/xmpbox/schema/SchemaTester.java,,,,,,,,,,,,,,,,,,,,,,,,,2,4,0,4,1,1,0,1,1,1,2,1,1,1,1,1,1,,,,,,0,,0,00,1,1,1,1
Public Method,"org.apache.xmpbox.schema.SchemaTester.testRandomPropertySetterInArray()",xmpbox/src/test/java/org/apache/xmpbox/schema/SchemaTester.java,,,,,,,,,,,,,,,,,,,,,,,,,3,8,0,8,1,3,0,3,2,4,6,2,4,2,2,2,1,,,,,,1,,0,00,2,2,2,1
Public Method,"org.apache.xmpbox.schema.SchemaTester.testRandomPropertySetterSimple()",xmpbox/src/test/java/org/apache/xmpbox/schema/SchemaTester.java,,,,,,,,,,,,,,,,,,,,,,,,,3,8,0,8,1,3,0,3,2,4,6,2,4,2,2,2,1,,,,,,1,,0,00,2,2,2,1
Public Method,"org.apache.xmpbox.schema.SchemaTester.testRandomSettingValue()",xmpbox/src/test/java/org/apache/xmpbox/schema/SchemaTester.java,,,,,,,,,,,,,,,,,,,,,,,,,3,8,0,8,1,3,0,3,2,4,6,2,4,2,2,2,1,,,,,,1,,0,00,2,2,2,1
Public Method,"org.apache.xmpbox.schema.SchemaTester.testRandomSettingValueInArray()",xmpbox/src/test/java/org/apache/xmpbox/schema/SchemaTester.java,,,,,,,,,,,,,,,,,,,,,,,,,3,8,0,8,1,3,0,3,2,4,6,2,4,2,2,2,1,,,,,,1,,0,00,2,2,2,1
Public Method,"org.apache.xmpbox.schema.SchemaTester.testSettingValue()",xmpbox/src/test/java/org/apache/xmpbox/schema/SchemaTester.java,,,,,,,,,,,,,,,,,,,,,,,,,2,4,0,4,1,1,0,1,1,1,2,1,1,1,1,1,1,,,,,,0,,0,00,1,1,1,1
Public Method,"org.apache.xmpbox.schema.SchemaTester.testSettingValueInArray()",xmpbox/src/test/java/org/apache/xmpbox/schema/SchemaTester.java,,,,,,,,,,,,,,,,,,,,,,,,,2,4,0,4,1,1,0,1,1,1,2,1,1,1,1,1,1,,,,,,0,,0,00,1,1,1,1
Class,"org.apache.xmpbox.schema.TestExifXmp",xmpbox/src/test/java/org/apache/xmpbox/schema/TestExifXmp.java,1,1,1,1,14,1,13,0,1,15,0,,0,0,,,2,0,2,14,2,0,0,0,,53,4,29,15,18,20,,,18,21,13,18,,,,,1,1,1,1,1,0,0,0,69,2,2,2,2
Method,"org.apache.xmpbox.schema.TestExifXmp.testGenerate()",xmpbox/src/test/java/org/apache/xmpbox/schema/TestExifXmp.java,,,,,,,,,,,,,,,,,,,,,,,,,2,16,2,14,7,10,0,13,1,10,11,6,10,1,1,1,1,,,,,,0,,0,00,1,1,1,1
Method,"org.apache.xmpbox.schema.TestExifXmp.testNonStrict()",xmpbox/src/test/java/org/apache/xmpbox/schema/TestExifXmp.java,,,,,,,,,,,,,,,,,,,,,,,,,1,13,1,12,7,8,0,10,1,8,9,6,8,1,1,1,1,,,,,,0,,0,00,1,1,1,1
Public Class,"org.apache.xmpbox.schema.TiffSchema",xmpbox/src/main/java/org/apache/xmpbox/schema/TiffSchema.java,1,1,1,1,9,0,4,5,1,11,0,,0,25,,,15,0,15,121,0,0,0,15,,253,41,115,68,41,98,,,41,57,42,16,,,,,2,2,2,1,5,0,0,0,85,16,16,16,15
Public Constructor,"org.apache.xmpbox.schema.TiffSchema.TiffSchema(XMPMetadata)",xmpbox/src/main/java/org/apache/xmpbox/schema/TiffSchema.java,,,,,,,,,,,,,,,,,,,,,,,,,1,4,0,4,1,1,0,2,1,1,2,1,1,1,1,1,1,,,,,,0,,0,00,1,1,1,1
Public Constructor,"org.apache.xmpbox.schema.TiffSchema.TiffSchema(XMPMetadata,String)",xmpbox/src/main/java/org/apache/xmpbox/schema/TiffSchema.java,,,,,,,,,,,,,,,,,,,,,,,,,2,4,0,4,1,1,0,2,1,1,2,1,1,1,1,1,1,,,,,,0,,0,00,1,1,1,1
Public Method,"org.apache.xmpbox.schema.TiffSchema.addCopyright(String,String)",xmpbox/src/main/java/org/apache/xmpbox/schema/TiffSchema.java,,,,,,,,,,,,,,,,,,,,,,,,,3,10,0,4,1,1,6,1,1,1,2,1,1,1,1,1,1,,,,,,0,,1,50,1,1,1,1
Public Method,"org.apache.xmpbox.schema.TiffSchema.addImageDescription(String,String)",xmpbox/src/main/java/org/apache/xmpbox/schema/TiffSchema.java,,,,,,,,,,,,,,,,,,,,,,,,,3,10,0,4,1,1,6,1,1,1,2,1,1,1,1,1,1,,,,,,0,,1,50,1,1,1,1
Public Method,"org.apache.xmpbox.schema.TiffSchema.getArtist()",xmpbox/src/main/java/org/apache/xmpbox/schema/TiffSchema.java,,,,,,,,,,,,,,,,,,,,,,,,,1,10,0,5,2,2,5,3,1,2,3,2,2,2,2,2,1,,,,,,0,,1,00,2,2,2,1
Public Method,"org.apache.xmpbox.schema.TiffSchema.getArtistProperty()",xmpbox/src/main/java/org/apache/xmpbox/schema/TiffSchema.java,,,,,,,,,,,,,,,,,,,,,,,,,1,8,0,4,1,1,4,2,1,1,2,1,1,1,1,1,1,,,,,,0,,1,00,1,1,1,1
Public Method,"org.apache.xmpbox.schema.TiffSchema.getCopyright()",xmpbox/src/main/java/org/apache/xmpbox/schema/TiffSchema.java,,,,,,,,,,,,,,,,,,,,,,,,,0,10,0,4,1,1,6,2,1,1,2,1,1,1,1,1,1,,,,,,0,,1,50,1,1,1,1
Public Method,"org.apache.xmpbox.schema.TiffSchema.getCopyright(String)",xmpbox/src/main/java/org/apache/xmpbox/schema/TiffSchema.java,,,,,,,,,,,,,,,,,,,,,,,,,3,11,0,4,1,1,7,2,1,1,2,1,1,1,1,1,1,,,,,,0,,1,75,1,1,1,1
Public Method,"org.apache.xmpbox.schema.TiffSchema.getCopyrightLanguages()",xmpbox/src/main/java/org/apache/xmpbox/schema/TiffSchema.java,,,,,,,,,,,,,,,,,,,,,,,,,1,10,0,4,1,1,6,2,1,1,2,1,1,1,1,1,1,,,,,,0,,1,50,1,1,1,1
Public Method,"org.apache.xmpbox.schema.TiffSchema.getCopyrightProperty()",xmpbox/src/main/java/org/apache/xmpbox/schema/TiffSchema.java,,,,,,,,,,,,,,,,,,,,,,,,,1,9,0,4,1,1,5,2,1,1,2,1,1,1,1,1,1,,,,,,0,,1,25,1,1,1,1
Public Method,"org.apache.xmpbox.schema.TiffSchema.getImageDescription()",xmpbox/src/main/java/org/apache/xmpbox/schema/TiffSchema.java,,,,,,,,,,,,,,,,,,,,,,,,,0,11,0,4,1,1,7,2,1,1,2,1,1,1,1,1,1,,,,,,0,,1,75,1,1,1,1
Public Method,"org.apache.xmpbox.schema.TiffSchema.getImageDescription(String)",xmpbox/src/main/java/org/apache/xmpbox/schema/TiffSchema.java,,,,,,,,,,,,,,,,,,,,,,,,,3,12,0,4,1,1,8,2,1,1,2,1,1,1,1,1,1,,,,,,0,,2,00,1,1,1,1
Public Method,"org.apache.xmpbox.schema.TiffSchema.getImageDescriptionLanguages()",xmpbox/src/main/java/org/apache/xmpbox/schema/TiffSchema.java,,,,,,,,,,,,,,,,,,,,,,,,,1,11,0,4,1,1,7,2,1,1,2,1,1,1,1,1,1,,,,,,0,,1,75,1,1,1,1
Public Method,"org.apache.xmpbox.schema.TiffSchema.getImageDescriptionProperty()",xmpbox/src/main/java/org/apache/xmpbox/schema/TiffSchema.java,,,,,,,,,,,,,,,,,,,,,,,,,1,9,0,4,1,1,5,2,1,1,2,1,1,1,1,1,1,,,,,,0,,1,25,1,1,1,1
Public Method,"org.apache.xmpbox.schema.TiffSchema.setArtist(String)",xmpbox/src/main/java/org/apache/xmpbox/schema/TiffSchema.java,,,,,,,,,,,,,,,,,,,,,,,,,2,9,0,4,1,1,5,2,1,1,2,1,1,1,1,1,1,,,,,,0,,1,25,1,1,1,1
Public Class,"org.apache.xmpbox.schema.XMPBasicJobTicketSchema",xmpbox/src/main/java/org/apache/xmpbox/schema/XMPBasicJobTicketSchema.java,1,1,1,1,10,0,10,0,1,13,0,,0,1,,,6,1,6,112,0,0,0,6,,101,10,67,15,29,25,,,22,35,14,25,,,,,4,4,4,1,5,3,83,0,37,11,11,11,6
Public Constructor,"org.apache.xmpbox.schema.XMPBasicJobTicketSchema.XMPBasicJobTicketSchema(XMPMetadata)",xmpbox/src/main/java/org/apache/xmpbox/schema/XMPBasicJobTicketSchema.java,,,,,,,,,,,,,,,,,,,,,,,,,2,4,0,4,1,1,0,2,1,1,2,1,1,1,1,1,1,,,,,,0,,0,00,1,1,1,1
Public Constructor,"org.apache.xmpbox.schema.XMPBasicJobTicketSchema.XMPBasicJobTicketSchema(XMPMetadata,String)",xmpbox/src/main/java/org/apache/xmpbox/schema/XMPBasicJobTicketSchema.java,,,,,,,,,,,,,,,,,,,,,,,,,3,4,0,4,1,1,0,2,1,1,2,1,1,1,1,1,1,,,,,,0,,0,00,1,1,1,1
Public Method,"org.apache.xmpbox.schema.XMPBasicJobTicketSchema.addJob(JobType)",xmpbox/src/main/java/org/apache/xmpbox/schema/XMPBasicJobTicketSchema.java,,,,,,,,,,,,,,,,,,,,,,,,,5,22,0,18,2,9,4,10,4,6,9,2,8,3,3,3,1,,,,,,1,,0,22,3,3,3,1
Public Method,"org.apache.xmpbox.schema.XMPBasicJobTicketSchema.addJob(String,String,String)",xmpbox/src/main/java/org/apache/xmpbox/schema/XMPBasicJobTicketSchema.java,,,,,,,,,,,,,,,,,,,,,,,,,5,4,0,4,1,1,0,1,1,1,2,1,1,1,1,1,1,,,,,,0,,0,00,1,1,1,1
Public Method,"org.apache.xmpbox.schema.XMPBasicJobTicketSchema.addJob(String,String,String,String)",xmpbox/src/main/java/org/apache/xmpbox/schema/XMPBasicJobTicketSchema.java,,,,,,,,,,,,,,,,,,,,,,,,,7,8,0,8,2,5,0,6,1,5,6,2,5,1,1,1,1,,,,,,0,,0,00,1,1,1,1
Public Method,"org.apache.xmpbox.schema.XMPBasicJobTicketSchema.getJobs()",xmpbox/src/main/java/org/apache/xmpbox/schema/XMPBasicJobTicketSchema.java,,,,,,,,,,,,,,,,,,,,,,,,,4,23,1,22,3,11,0,7,4,6,11,4,9,4,4,4,1,,,,,,3,,0,00,4,4,4,1
Public Class,"org.apache.xmpbox.schema.XMPBasicSchema",xmpbox/src/main/java/org/apache/xmpbox/schema/XMPBasicSchema.java,1,1,1,1,10,0,5,5,1,20,0,,0,12,,,48,1,48,154,0,0,0,48,,616,68,279,96,102,270,,,94,151,84,88,,,,,4,4,4,1,5,3,97,0,97,61,61,61,48
Public Constructor,"org.apache.xmpbox.schema.XMPBasicSchema.XMPBasicSchema(XMPMetadata)",xmpbox/src/main/java/org/apache/xmpbox/schema/XMPBasicSchema.java,,,,,,,,,,,,,,,,,,,,,,,,,2,11,1,4,1,1,6,2,1,1,2,1,1,1,1,1,1,,,,,,0,,1,50,1,1,1,1
Public Constructor,"org.apache.xmpbox.schema.XMPBasicSchema.XMPBasicSchema(XMPMetadata,String)",xmpbox/src/main/java/org/apache/xmpbox/schema/XMPBasicSchema.java,,,,,,,,,,,,,,,,,,,,,,,,,4,13,1,4,1,1,8,2,1,1,2,1,1,1,1,1,1,,,,,,0,,2,00,1,1,1,1
Public Method,"org.apache.xmpbox.schema.XMPBasicSchema.addAdvisory(String)",xmpbox/src/main/java/org/apache/xmpbox/schema/XMPBasicSchema.java,,,,,,,,,,,,,,,,,,,,,,,,,2,10,0,4,1,1,6,1,1,1,2,1,1,1,1,1,1,,,,,,0,,1,50,1,1,1,1
Public Method,"org.apache.xmpbox.schema.XMPBasicSchema.addIdentifier(String)",xmpbox/src/main/java/org/apache/xmpbox/schema/XMPBasicSchema.java,,,,,,,,,,,,,,,,,,,,,,,,,2,10,0,4,1,1,6,1,1,1,2,1,1,1,1,1,1,,,,,,0,,1,50,1,1,1,1
Public Method,"org.apache.xmpbox.schema.XMPBasicSchema.addThumbnails(Integer,Integer,String,String)",xmpbox/src/main/java/org/apache/xmpbox/schema/XMPBasicSchema.java,,,,,,,,,,,,,,,,,,,,,,,,,7,26,0,14,2,9,12,11,2,8,10,2,9,2,2,2,1,,,,,,1,,0,86,2,2,2,1
Public Method,"org.apache.xmpbox.schema.XMPBasicSchema.getAdvisory()",xmpbox/src/main/java/org/apache/xmpbox/schema/XMPBasicSchema.java,,,,,,,,,,,,,,,,,,,,,,,,,1,9,0,4,1,1,5,2,1,1,2,1,1,1,1,1,1,,,,,,0,,1,25,1,1,1,1
Public Method,"org.apache.xmpbox.schema.XMPBasicSchema.getAdvisoryProperty()",xmpbox/src/main/java/org/apache/xmpbox/schema/XMPBasicSchema.java,,,,,,,,,,,,,,,,,,,,,,,,,1,9,0,4,1,1,5,2,1,1,2,1,1,1,1,1,1,,,,,,0,,1,25,1,1,1,1
Public Method,"org.apache.xmpbox.schema.XMPBasicSchema.getBaseURL()",xmpbox/src/main/java/org/apache/xmpbox/schema/XMPBasicSchema.java,,,,,,,,,,,,,,,,,,,,,,,,,1,10,0,5,2,2,5,3,1,2,3,2,2,2,2,2,1,,,,,,0,,1,00,2,2,2,1
Public Method,"org.apache.xmpbox.schema.XMPBasicSchema.getBaseURLProperty()",xmpbox/src/main/java/org/apache/xmpbox/schema/XMPBasicSchema.java,,,,,,,,,,,,,,,,,,,,,,,,,1,9,0,4,1,1,5,2,1,1,2,1,1,1,1,1,1,,,,,,0,,1,25,1,1,1,1
Public Method,"org.apache.xmpbox.schema.XMPBasicSchema.getCreateDate()",xmpbox/src/main/java/org/apache/xmpbox/schema/XMPBasicSchema.java,,,,,,,,,,,,,,,,,,,,,,,,,6,14,0,9,2,4,5,3,2,3,5,2,4,2,2,2,1,,,,,,1,,0,56,2,2,2,1
Public Method,"org.apache.xmpbox.schema.XMPBasicSchema.getCreateDateProperty()",xmpbox/src/main/java/org/apache/xmpbox/schema/XMPBasicSchema.java,,,,,,,,,,,,,,,,,,,,,,,,,2,9,0,4,1,1,5,2,1,1,2,1,1,1,1,1,1,,,,,,0,,1,25,1,1,1,1
Public Method,"org.apache.xmpbox.schema.XMPBasicSchema.getCreatorTool()",xmpbox/src/main/java/org/apache/xmpbox/schema/XMPBasicSchema.java,,,,,,,,,,,,,,,,,,,,,,,,,4,10,0,5,2,2,5,3,1,2,3,2,2,2,2,2,1,,,,,,0,,1,00,2,2,2,1
Public Method,"org.apache.xmpbox.schema.XMPBasicSchema.getCreatorToolProperty()",xmpbox/src/main/java/org/apache/xmpbox/schema/XMPBasicSchema.java,,,,,,,,,,,,,,,,,,,,,,,,,2,9,0,4,1,1,5,2,1,1,2,1,1,1,1,1,1,,,,,,0,,1,25,1,1,1,1
Public Method,"org.apache.xmpbox.schema.XMPBasicSchema.getIdentifiers()",xmpbox/src/main/java/org/apache/xmpbox/schema/XMPBasicSchema.java,,,,,,,,,,,,,,,,,,,,,,,,,1,9,0,4,1,1,5,2,1,1,2,1,1,1,1,1,1,,,,,,0,,1,25,1,1,1,1
Public Method,"org.apache.xmpbox.schema.XMPBasicSchema.getIdentifiersProperty()",xmpbox/src/main/java/org/apache/xmpbox/schema/XMPBasicSchema.java,,,,,,,,,,,,,,,,,,,,,,,,,1,9,0,4,1,1,5,2,1,1,2,1,1,1,1,1,1,,,,,,0,,1,25,1,1,1,1
Public Method,"org.apache.xmpbox.schema.XMPBasicSchema.getLabel()",xmpbox/src/main/java/org/apache/xmpbox/schema/XMPBasicSchema.java,,,,,,,,,,,,,,,,,,,,,,,,,1,10,0,5,2,2,5,3,1,2,3,2,2,2,2,2,1,,,,,,0,,1,00,2,2,2,1
Public Method,"org.apache.xmpbox.schema.XMPBasicSchema.getLabelProperty()",xmpbox/src/main/java/org/apache/xmpbox/schema/XMPBasicSchema.java,,,,,,,,,,,,,,,,,,,,,,,,,1,9,0,4,1,1,5,2,1,1,2,1,1,1,1,1,1,,,,,,0,,1,25,1,1,1,1
Public Method,"org.apache.xmpbox.schema.XMPBasicSchema.getMetadataDate()",xmpbox/src/main/java/org/apache/xmpbox/schema/XMPBasicSchema.java,,,,,,,,,,,,,,,,,,,,,,,,,2,10,0,5,2,2,5,3,1,2,3,2,2,2,2,2,1,,,,,,0,,1,00,2,2,2,1
Public Method,"org.apache.xmpbox.schema.XMPBasicSchema.getMetadataDateProperty()",xmpbox/src/main/java/org/apache/xmpbox/schema/XMPBasicSchema.java,,,,,,,,,,,,,,,,,,,,,,,,,1,9,0,4,1,1,5,2,1,1,2,1,1,1,1,1,1,,,,,,0,,1,25,1,1,1,1
Public Method,"org.apache.xmpbox.schema.XMPBasicSchema.getModifierDate()",xmpbox/src/main/java/org/apache/xmpbox/schema/XMPBasicSchema.java,,,,,,,,,,,,,,,,,,,,,,,,,1,10,1,9,2,4,0,3,2,3,5,2,4,2,2,2,1,,,,,,1,,0,00,2,2,2,1
Public Method,"org.apache.xmpbox.schema.XMPBasicSchema.getModifierDateProperty()",xmpbox/src/main/java/org/apache/xmpbox/schema/XMPBasicSchema.java,,,,,,,,,,,,,,,,,,,,,,,,,1,4,0,4,1,1,0,2,1,1,2,1,1,1,1,1,1,,,,,,0,,0,00,1,1,1,1
Public Method,"org.apache.xmpbox.schema.XMPBasicSchema.getModifyDate()",xmpbox/src/main/java/org/apache/xmpbox/schema/XMPBasicSchema.java,,,,,,,,,,,,,,,,,,,,,,,,,4,15,1,9,2,4,5,3,2,3,5,2,4,2,2,2,1,,,,,,1,,0,56,2,2,2,1
Public Method,"org.apache.xmpbox.schema.XMPBasicSchema.getModifyDateProperty()",xmpbox/src/main/java/org/apache/xmpbox/schema/XMPBasicSchema.java,,,,,,,,,,,,,,,,,,,,,,,,,2,9,0,4,1,1,5,2,1,1,2,1,1,1,1,1,1,,,,,,0,,1,25,1,1,1,1
Public Method,"org.apache.xmpbox.schema.XMPBasicSchema.getNickname()",xmpbox/src/main/java/org/apache/xmpbox/schema/XMPBasicSchema.java,,,,,,,,,,,,,,,,,,,,,,,,,1,10,0,5,2,2,5,3,1,2,3,2,2,2,2,2,1,,,,,,0,,1,00,2,2,2,1
Public Method,"org.apache.xmpbox.schema.XMPBasicSchema.getNicknameProperty()",xmpbox/src/main/java/org/apache/xmpbox/schema/XMPBasicSchema.java,,,,,,,,,,,,,,,,,,,,,,,,,1,9,0,4,1,1,5,2,1,1,2,1,1,1,1,1,1,,,,,,0,,1,25,1,1,1,1
Public Method,"org.apache.xmpbox.schema.XMPBasicSchema.getRating()",xmpbox/src/main/java/org/apache/xmpbox/schema/XMPBasicSchema.java,,,,,,,,,,,,,,,,,,,,,,,,,1,10,0,5,2,2,5,3,1,2,3,2,2,2,2,2,1,,,,,,0,,1,00,2,2,2,1
Public Method,"org.apache.xmpbox.schema.XMPBasicSchema.getRatingProperty()",xmpbox/src/main/java/org/apache/xmpbox/schema/XMPBasicSchema.java,,,,,,,,,,,,,,,,,,,,,,,,,1,9,0,4,1,1,5,2,1,1,2,1,1,1,1,1,1,,,,,,0,,1,25,1,1,1,1
Public Method,"org.apache.xmpbox.schema.XMPBasicSchema.getThumbnailsProperty()",xmpbox/src/main/java/org/apache/xmpbox/schema/XMPBasicSchema.java,,,,,,,,,,,,,,,,,,,,,,,,,3,30,1,22,3,11,7,7,4,6,11,4,9,4,4,4,1,,,,,,3,,0,32,4,4,4,1
Public Method,"org.apache.xmpbox.schema.XMPBasicSchema.removeAdvisory(String)",xmpbox/src/main/java/org/apache/xmpbox/schema/XMPBasicSchema.java,,,,,,,,,,,,,,,,,,,,,,,,,2,4,0,4,1,1,0,1,1,1,2,1,1,1,1,1,1,,,,,,0,,0,00,1,1,1,1
Public Method,"org.apache.xmpbox.schema.XMPBasicSchema.removeIdentifier(String)",xmpbox/src/main/java/org/apache/xmpbox/schema/XMPBasicSchema.java,,,,,,,,,,,,,,,,,,,,,,,,,2,4,0,4,1,1,0,1,1,1,2,1,1,1,1,1,1,,,,,,0,,0,00,1,1,1,1
Public Method,"org.apache.xmpbox.schema.XMPBasicSchema.setBaseURL(String)",xmpbox/src/main/java/org/apache/xmpbox/schema/XMPBasicSchema.java,,,,,,,,,,,,,,,,,,,,,,,,,2,11,0,5,2,2,6,2,1,2,3,2,2,1,1,1,1,,,,,,0,,1,20,1,1,1,1
Public Method,"org.apache.xmpbox.schema.XMPBasicSchema.setBaseURLProperty(URLType)",xmpbox/src/main/java/org/apache/xmpbox/schema/XMPBasicSchema.java,,,,,,,,,,,,,,,,,,,,,,,,,2,10,0,4,1,1,6,1,1,1,2,1,1,1,1,1,1,,,,,,0,,1,50,1,1,1,1
Public Method,"org.apache.xmpbox.schema.XMPBasicSchema.setCreateDate(Calendar)",xmpbox/src/main/java/org/apache/xmpbox/schema/XMPBasicSchema.java,,,,,,,,,,,,,,,,,,,,,,,,,11,11,0,5,2,2,6,2,1,2,3,2,2,1,1,1,1,,,,,,0,,1,20,1,1,1,1
Public Method,"org.apache.xmpbox.schema.XMPBasicSchema.setCreateDateProperty(DateType)",xmpbox/src/main/java/org/apache/xmpbox/schema/XMPBasicSchema.java,,,,,,,,,,,,,,,,,,,,,,,,,2,10,0,4,1,1,6,1,1,1,2,1,1,1,1,1,1,,,,,,0,,1,50,1,1,1,1
Public Method,"org.apache.xmpbox.schema.XMPBasicSchema.setCreatorTool(String)",xmpbox/src/main/java/org/apache/xmpbox/schema/XMPBasicSchema.java,,,,,,,,,,,,,,,,,,,,,,,,,9,11,0,5,2,2,6,2,1,2,3,2,2,1,1,1,1,,,,,,0,,1,20,1,1,1,1
Public Method,"org.apache.xmpbox.schema.XMPBasicSchema.setCreatorToolProperty(AgentNameType)",xmpbox/src/main/java/org/apache/xmpbox/schema/XMPBasicSchema.java,,,,,,,,,,,,,,,,,,,,,,,,,2,10,0,4,1,1,6,1,1,1,2,1,1,1,1,1,1,,,,,,0,,1,50,1,1,1,1
Public Method,"org.apache.xmpbox.schema.XMPBasicSchema.setLabel(String)",xmpbox/src/main/java/org/apache/xmpbox/schema/XMPBasicSchema.java,,,,,,,,,,,,,,,,,,,,,,,,,2,11,0,5,2,2,6,2,1,2,3,2,2,1,1,1,1,,,,,,0,,1,20,1,1,1,1
Public Method,"org.apache.xmpbox.schema.XMPBasicSchema.setLabelProperty(TextType)",xmpbox/src/main/java/org/apache/xmpbox/schema/XMPBasicSchema.java,,,,,,,,,,,,,,,,,,,,,,,,,2,10,0,4,1,1,6,1,1,1,2,1,1,1,1,1,1,,,,,,0,,1,50,1,1,1,1
Public Method,"org.apache.xmpbox.schema.XMPBasicSchema.setMetadataDate(Calendar)",xmpbox/src/main/java/org/apache/xmpbox/schema/XMPBasicSchema.java,,,,,,,,,,,,,,,,,,,,,,,,,4,12,0,5,2,2,7,2,1,2,3,2,2,1,1,1,1,,,,,,0,,1,40,1,1,1,1
Public Method,"org.apache.xmpbox.schema.XMPBasicSchema.setMetadataDateProperty(DateType)",xmpbox/src/main/java/org/apache/xmpbox/schema/XMPBasicSchema.java,,,,,,,,,,,,,,,,,,,,,,,,,2,10,0,4,1,1,6,1,1,1,2,1,1,1,1,1,1,,,,,,0,,1,50,1,1,1,1
Public Method,"org.apache.xmpbox.schema.XMPBasicSchema.setModifierDate(Calendar)",xmpbox/src/main/java/org/apache/xmpbox/schema/XMPBasicSchema.java,,,,,,,,,,,,,,,,,,,,,,,,,2,5,0,5,2,2,0,2,1,2,3,2,2,1,1,1,1,,,,,,0,,0,00,1,1,1,1
Public Method,"org.apache.xmpbox.schema.XMPBasicSchema.setModifierDateProperty(DateType)",xmpbox/src/main/java/org/apache/xmpbox/schema/XMPBasicSchema.java,,,,,,,,,,,,,,,,,,,,,,,,,2,4,0,4,1,1,0,1,1,1,2,1,1,1,1,1,1,,,,,,0,,0,00,1,1,1,1
Public Method,"org.apache.xmpbox.schema.XMPBasicSchema.setModifyDate(Calendar)",xmpbox/src/main/java/org/apache/xmpbox/schema/XMPBasicSchema.java,,,,,,,,,,,,,,,,,,,,,,,,,10,11,0,5,2,2,6,2,1,2,3,2,2,1,1,1,1,,,,,,0,,1,20,1,1,1,1
Public Method,"org.apache.xmpbox.schema.XMPBasicSchema.setModifyDateProperty(DateType)",xmpbox/src/main/java/org/apache/xmpbox/schema/XMPBasicSchema.java,,,,,,,,,,,,,,,,,,,,,,,,,2,10,0,4,1,1,6,1,1,1,2,1,1,1,1,1,1,,,,,,0,,1,50,1,1,1,1
Public Method,"org.apache.xmpbox.schema.XMPBasicSchema.setNickname(String)",xmpbox/src/main/java/org/apache/xmpbox/schema/XMPBasicSchema.java,,,,,,,,,,,,,,,,,,,,,,,,,2,11,0,5,2,2,6,2,1,2,3,2,2,1,1,1,1,,,,,,0,,1,20,1,1,1,1
Public Method,"org.apache.xmpbox.schema.XMPBasicSchema.setNicknameProperty(TextType)",xmpbox/src/main/java/org/apache/xmpbox/schema/XMPBasicSchema.java,,,,,,,,,,,,,,,,,,,,,,,,,2,10,0,4,1,1,6,1,1,1,2,1,1,1,1,1,1,,,,,,0,,1,50,1,1,1,1
Public Method,"org.apache.xmpbox.schema.XMPBasicSchema.setRating(Integer)",xmpbox/src/main/java/org/apache/xmpbox/schema/XMPBasicSchema.java,,,,,,,,,,,,,,,,,,,,,,,,,2,13,1,5,2,2,7,2,1,2,3,2,2,1,1,1,1,,,,,,0,,1,40,1,1,1,1
Public Method,"org.apache.xmpbox.schema.XMPBasicSchema.setRatingProperty(IntegerType)",xmpbox/src/main/java/org/apache/xmpbox/schema/XMPBasicSchema.java,,,,,,,,,,,,,,,,,,,,,,,,,2,10,0,4,1,1,6,1,1,1,2,1,1,1,1,1,1,,,,,,0,,1,50,1,1,1,1
Class,"org.apache.xmpbox.schema.XMPBasicTest",xmpbox/src/test/java/org/apache/xmpbox/schema/XMPBasicTest.java,1,1,1,1,9,0,9,0,1,16,0,,1,0,,,3,3,4,16,4,0,0,0,,67,4,43,15,20,20,,,11,16,10,8,,,,,1,1,1,1,1,0,25,0,47,4,4,4,4
Method,"org.apache.xmpbox.schema.XMPBasicTest.initMetadata()",xmpbox/src/test/java/org/apache/xmpbox/schema/XMPBasicTest.java,,,,,,,,,,,,,,,,,,,,,,,,,1,7,0,7,2,3,0,5,1,3,4,1,3,1,1,1,1,,,,,,0,,0,00,1,1,1,1
Static Method,"org.apache.xmpbox.schema.XMPBasicTest.initializeParameters()",xmpbox/src/test/java/org/apache/xmpbox/schema/XMPBasicTest.java,,,,,,,,,,,,,,,,,,,,,,,,,9,16,0,16,1,13,0,6,1,1,2,1,1,1,1,1,1,,,,,,0,,0,00,1,1,1,1
Method,"org.apache.xmpbox.schema.XMPBasicTest.testElementProperty(String,PropertyType,Object)",xmpbox/src/test/java/org/apache/xmpbox/schema/XMPBasicTest.java,,,,,,,,,,,,,,,,,,,,,,,,,6,7,0,7,4,2,0,2,1,2,3,2,2,1,1,1,1,,,,,,0,,0,00,1,1,1,1
Method,"org.apache.xmpbox.schema.XMPBasicTest.testElementValue(String,PropertyType,Object)",xmpbox/src/test/java/org/apache/xmpbox/schema/XMPBasicTest.java,,,,,,,,,,,,,,,,,,,,,,,,,6,7,0,7,4,2,0,2,1,2,3,2,2,1,1,1,1,,,,,,0,,0,00,1,1,1,1
Public Class,"org.apache.xmpbox.schema.XMPMediaManagementSchema",xmpbox/src/main/java/org/apache/xmpbox/schema/XMPMediaManagementSchema.java,1,1,1,1,9,0,4,5,1,16,0,,0,18,,,63,0,63,169,0,0,0,63,,814,106,316,125,105,393,,,105,169,106,87,,,,,2,2,2,1,5,0,0,1,24,75,75,75,63
Public Constructor,"org.apache.xmpbox.schema.XMPMediaManagementSchema.XMPMediaManagementSchema(XMPMetadata)",xmpbox/src/main/java/org/apache/xmpbox/schema/XMPMediaManagementSchema.java,,,,,,,,,,,,,,,,,,,,,,,,,2,11,1,4,1,1,6,2,1,1,2,1,1,1,1,1,1,,,,,,0,,1,50,1,1,1,1
Public Constructor,"org.apache.xmpbox.schema.XMPMediaManagementSchema.XMPMediaManagementSchema(XMPMetadata,String)",xmpbox/src/main/java/org/apache/xmpbox/schema/XMPMediaManagementSchema.java,,,,,,,,,,,,,,,,,,,,,,,,,2,13,1,4,1,1,8,2,1,1,2,1,1,1,1,1,1,,,,,,0,,2,00,1,1,1,1
Public Method,"org.apache.xmpbox.schema.XMPMediaManagementSchema.addHistory(String)",xmpbox/src/main/java/org/apache/xmpbox/schema/XMPMediaManagementSchema.java,,,,,,,,,,,,,,,,,,,,,,,,,2,10,0,4,1,1,6,1,1,1,2,1,1,1,1,1,1,,,,,,0,,1,50,1,1,1,1
Public Method,"org.apache.xmpbox.schema.XMPMediaManagementSchema.addIngredients(String)",xmpbox/src/main/java/org/apache/xmpbox/schema/XMPMediaManagementSchema.java,,,,,,,,,,,,,,,,,,,,,,,,,2,10,0,4,1,1,6,1,1,1,2,1,1,1,1,1,1,,,,,,0,,1,50,1,1,1,1
Public Method,"org.apache.xmpbox.schema.XMPMediaManagementSchema.addVersions(String)",xmpbox/src/main/java/org/apache/xmpbox/schema/XMPMediaManagementSchema.java,,,,,,,,,,,,,,,,,,,,,,,,,2,4,0,4,1,1,0,1,1,1,2,1,1,1,1,1,1,,,,,,0,,0,00,1,1,1,1
Public Method,"org.apache.xmpbox.schema.XMPMediaManagementSchema.getDocumentID()",xmpbox/src/main/java/org/apache/xmpbox/schema/XMPMediaManagementSchema.java,,,,,,,,,,,,,,,,,,,,,,,,,1,10,0,5,2,2,5,3,1,2,3,2,2,2,2,2,1,,,,,,0,,1,00,2,2,2,1
Public Method,"org.apache.xmpbox.schema.XMPMediaManagementSchema.getDocumentIDProperty()",xmpbox/src/main/java/org/apache/xmpbox/schema/XMPMediaManagementSchema.java,,,,,,,,,,,,,,,,,,,,,,,,,2,9,0,4,1,1,5,2,1,1,2,1,1,1,1,1,1,,,,,,0,,1,25,1,1,1,1
Public Method,"org.apache.xmpbox.schema.XMPMediaManagementSchema.getHistory()",xmpbox/src/main/java/org/apache/xmpbox/schema/XMPMediaManagementSchema.java,,,,,,,,,,,,,,,,,,,,,,,,,1,9,0,4,1,1,5,2,1,1,2,1,1,1,1,1,1,,,,,,0,,1,25,1,1,1,1
Public Method,"org.apache.xmpbox.schema.XMPMediaManagementSchema.getHistoryProperty()",xmpbox/src/main/java/org/apache/xmpbox/schema/XMPMediaManagementSchema.java,,,,,,,,,,,,,,,,,,,,,,,,,1,9,0,4,1,1,5,2,1,1,2,1,1,1,1,1,1,,,,,,0,,1,25,1,1,1,1
Public Method,"org.apache.xmpbox.schema.XMPMediaManagementSchema.getIngredients()",xmpbox/src/main/java/org/apache/xmpbox/schema/XMPMediaManagementSchema.java,,,,,,,,,,,,,,,,,,,,,,,,,1,9,0,4,1,1,5,2,1,1,2,1,1,1,1,1,1,,,,,,0,,1,25,1,1,1,1
Public Method,"org.apache.xmpbox.schema.XMPMediaManagementSchema.getIngredientsProperty()",xmpbox/src/main/java/org/apache/xmpbox/schema/XMPMediaManagementSchema.java,,,,,,,,,,,,,,,,,,,,,,,,,1,9,0,4,1,1,5,2,1,1,2,1,1,1,1,1,1,,,,,,0,,1,25,1,1,1,1
Public Method,"org.apache.xmpbox.schema.XMPMediaManagementSchema.getInstanceID()",xmpbox/src/main/java/org/apache/xmpbox/schema/XMPMediaManagementSchema.java,,,,,,,,,,,,,,,,,,,,,,,,,0,10,0,5,2,2,5,3,1,2,3,2,2,2,2,2,1,,,,,,0,,1,00,2,2,2,1
Public Method,"org.apache.xmpbox.schema.XMPMediaManagementSchema.getInstanceIDProperty()",xmpbox/src/main/java/org/apache/xmpbox/schema/XMPMediaManagementSchema.java,,,,,,,,,,,,,,,,,,,,,,,,,2,9,0,4,1,1,5,2,1,1,2,1,1,1,1,1,1,,,,,,0,,1,25,1,1,1,1
Public Method,"org.apache.xmpbox.schema.XMPMediaManagementSchema.getLastURL()",xmpbox/src/main/java/org/apache/xmpbox/schema/XMPMediaManagementSchema.java,,,,,,,,,,,,,,,,,,,,,,,,,0,10,0,5,2,2,5,3,1,2,3,2,2,2,2,2,1,,,,,,0,,1,00,2,2,2,1
Public Method,"org.apache.xmpbox.schema.XMPMediaManagementSchema.getLastURLProperty()",xmpbox/src/main/java/org/apache/xmpbox/schema/XMPMediaManagementSchema.java,,,,,,,,,,,,,,,,,,,,,,,,,2,9,0,4,1,1,5,2,1,1,2,1,1,1,1,1,1,,,,,,0,,1,25,1,1,1,1
Public Method,"org.apache.xmpbox.schema.XMPMediaManagementSchema.getManageTo()",xmpbox/src/main/java/org/apache/xmpbox/schema/XMPMediaManagementSchema.java,,,,,,,,,,,,,,,,,,,,,,,,,0,10,0,5,2,2,5,3,1,2,3,2,2,2,2,2,1,,,,,,0,,1,00,2,2,2,1
Public Method,"org.apache.xmpbox.schema.XMPMediaManagementSchema.getManageToProperty()",xmpbox/src/main/java/org/apache/xmpbox/schema/XMPMediaManagementSchema.java,,,,,,,,,,,,,,,,,,,,,,,,,2,9,0,4,1,1,5,2,1,1,2,1,1,1,1,1,1,,,,,,0,,1,25,1,1,1,1
Public Method,"org.apache.xmpbox.schema.XMPMediaManagementSchema.getManageUI()",xmpbox/src/main/java/org/apache/xmpbox/schema/XMPMediaManagementSchema.java,,,,,,,,,,,,,,,,,,,,,,,,,0,10,0,5,2,2,5,3,1,2,3,2,2,2,2,2,1,,,,,,0,,1,00,2,2,2,1
Public Method,"org.apache.xmpbox.schema.XMPMediaManagementSchema.getManageUIProperty()",xmpbox/src/main/java/org/apache/xmpbox/schema/XMPMediaManagementSchema.java,,,,,,,,,,,,,,,,,,,,,,,,,2,9,0,4,1,1,5,2,1,1,2,1,1,1,1,1,1,,,,,,0,,1,25,1,1,1,1
Public Method,"org.apache.xmpbox.schema.XMPMediaManagementSchema.getManagedFromProperty()",xmpbox/src/main/java/org/apache/xmpbox/schema/XMPMediaManagementSchema.java,,,,,,,,,,,,,,,,,,,,,,,,,1,9,0,4,1,1,5,2,1,1,2,1,1,1,1,1,1,,,,,,0,,1,25,1,1,1,1
Public Method,"org.apache.xmpbox.schema.XMPMediaManagementSchema.getManager()",xmpbox/src/main/java/org/apache/xmpbox/schema/XMPMediaManagementSchema.java,,,,,,,,,,,,,,,,,,,,,,,,,0,10,0,5,2,2,5,3,1,2,3,2,2,2,2,2,1,,,,,,0,,1,00,2,2,2,1
Public Method,"org.apache.xmpbox.schema.XMPMediaManagementSchema.getManagerProperty()",xmpbox/src/main/java/org/apache/xmpbox/schema/XMPMediaManagementSchema.java,,,,,,,,,,,,,,,,,,,,,,,,,2,9,0,4,1,1,5,2,1,1,2,1,1,1,1,1,1,,,,,,0,,1,25,1,1,1,1
Public Method,"org.apache.xmpbox.schema.XMPMediaManagementSchema.getManagerVariant()",xmpbox/src/main/java/org/apache/xmpbox/schema/XMPMediaManagementSchema.java,,,,,,,,,,,,,,,,,,,,,,,,,0,10,0,5,2,2,5,3,1,2,3,2,2,2,2,2,1,,,,,,0,,1,00,2,2,2,1
Public Method,"org.apache.xmpbox.schema.XMPMediaManagementSchema.getManagerVariantProperty()",xmpbox/src/main/java/org/apache/xmpbox/schema/XMPMediaManagementSchema.java,,,,,,,,,,,,,,,,,,,,,,,,,2,9,0,4,1,1,5,2,1,1,2,1,1,1,1,1,1,,,,,,0,,1,25,1,1,1,1
Public Method,"org.apache.xmpbox.schema.XMPMediaManagementSchema.getOriginalDocumentID()",xmpbox/src/main/java/org/apache/xmpbox/schema/XMPMediaManagementSchema.java,,,,,,,,,,,,,,,,,,,,,,,,,0,10,0,5,2,2,5,3,1,2,3,2,2,2,2,2,1,,,,,,0,,1,00,2,2,2,1
Public Method,"org.apache.xmpbox.schema.XMPMediaManagementSchema.getOriginalDocumentIDProperty()",xmpbox/src/main/java/org/apache/xmpbox/schema/XMPMediaManagementSchema.java,,,,,,,,,,,,,,,,,,,,,,,,,2,9,0,4,1,1,5,2,1,1,2,1,1,1,1,1,1,,,,,,0,,1,25,1,1,1,1
Public Method,"org.apache.xmpbox.schema.XMPMediaManagementSchema.getRenditionClass()",xmpbox/src/main/java/org/apache/xmpbox/schema/XMPMediaManagementSchema.java,,,,,,,,,,,,,,,,,,,,,,,,,0,10,0,5,2,2,5,3,1,2,3,2,2,2,2,2,1,,,,,,0,,1,00,2,2,2,1
Public Method,"org.apache.xmpbox.schema.XMPMediaManagementSchema.getRenditionClassProperty()",xmpbox/src/main/java/org/apache/xmpbox/schema/XMPMediaManagementSchema.java,,,,,,,,,,,,,,,,,,,,,,,,,2,9,0,4,1,1,5,2,1,1,2,1,1,1,1,1,1,,,,,,0,,1,25,1,1,1,1
Public Method,"org.apache.xmpbox.schema.XMPMediaManagementSchema.getRenditionParams()",xmpbox/src/main/java/org/apache/xmpbox/schema/XMPMediaManagementSchema.java,,,,,,,,,,,,,,,,,,,,,,,,,0,10,0,5,2,2,5,3,1,2,3,2,2,2,2,2,1,,,,,,0,,1,00,2,2,2,1
Public Method,"org.apache.xmpbox.schema.XMPMediaManagementSchema.getRenditionParamsProperty()",xmpbox/src/main/java/org/apache/xmpbox/schema/XMPMediaManagementSchema.java,,,,,,,,,,,,,,,,,,,,,,,,,2,9,0,4,1,1,5,2,1,1,2,1,1,1,1,1,1,,,,,,0,,1,25,1,1,1,1
Public Method,"org.apache.xmpbox.schema.XMPMediaManagementSchema.getResourceRefProperty()",xmpbox/src/main/java/org/apache/xmpbox/schema/XMPMediaManagementSchema.java,,,,,,,,,,,,,,,,,,,,,,,,,1,9,0,4,1,1,5,2,1,1,2,1,1,1,1,1,1,,,,,,0,,1,25,1,1,1,1
Public Method,"org.apache.xmpbox.schema.XMPMediaManagementSchema.getSaveID()",xmpbox/src/main/java/org/apache/xmpbox/schema/XMPMediaManagementSchema.java,,,,,,,,,,,,,,,,,,,,,,,,,0,10,0,5,2,2,5,3,1,2,3,2,2,2,2,2,1,,,,,,0,,1,00,2,2,2,1
Public Method,"org.apache.xmpbox.schema.XMPMediaManagementSchema.getSaveIDProperty()",xmpbox/src/main/java/org/apache/xmpbox/schema/XMPMediaManagementSchema.java,,,,,,,,,,,,,,,,,,,,,,,,,2,9,0,4,1,1,5,2,1,1,2,1,1,1,1,1,1,,,,,,0,,1,25,1,1,1,1
Public Method,"org.apache.xmpbox.schema.XMPMediaManagementSchema.getVersionID()",xmpbox/src/main/java/org/apache/xmpbox/schema/XMPMediaManagementSchema.java,,,,,,,,,,,,,,,,,,,,,,,,,0,10,0,5,2,2,5,3,1,2,3,2,2,2,2,2,1,,,,,,0,,1,00,2,2,2,1
Public Method,"org.apache.xmpbox.schema.XMPMediaManagementSchema.getVersionIDProperty()",xmpbox/src/main/java/org/apache/xmpbox/schema/XMPMediaManagementSchema.java,,,,,,,,,,,,,,,,,,,,,,,,,2,9,0,4,1,1,5,2,1,1,2,1,1,1,1,1,1,,,,,,0,,1,25,1,1,1,1
Public Method,"org.apache.xmpbox.schema.XMPMediaManagementSchema.getVersions()",xmpbox/src/main/java/org/apache/xmpbox/schema/XMPMediaManagementSchema.java,,,,,,,,,,,,,,,,,,,,,,,,,1,4,0,4,1,1,0,2,1,1,2,1,1,1,1,1,1,,,,,,0,,0,00,1,1,1,1
Public Method,"org.apache.xmpbox.schema.XMPMediaManagementSchema.getVersionsProperty()",xmpbox/src/main/java/org/apache/xmpbox/schema/XMPMediaManagementSchema.java,,,,,,,,,,,,,,,,,,,,,,,,,1,9,0,4,1,1,5,2,1,1,2,1,1,1,1,1,1,,,,,,0,,1,25,1,1,1,1
Public Method,"org.apache.xmpbox.schema.XMPMediaManagementSchema.setDerivedFromProperty(ResourceRefType)",xmpbox/src/main/java/org/apache/xmpbox/schema/XMPMediaManagementSchema.java,,,,,,,,,,,,,,,,,,,,,,,,,1,10,0,4,1,1,6,1,1,1,2,1,1,1,1,1,1,,,,,,0,,1,50,1,1,1,1
Public Method,"org.apache.xmpbox.schema.XMPMediaManagementSchema.setDocumentID(String)",xmpbox/src/main/java/org/apache/xmpbox/schema/XMPMediaManagementSchema.java,,,,,,,,,,,,,,,,,,,,,,,,,2,11,0,5,2,2,6,2,1,2,3,2,2,1,1,1,1,,,,,,0,,1,20,1,1,1,1
Public Method,"org.apache.xmpbox.schema.XMPMediaManagementSchema.setDocumentIDProperty(URIType)",xmpbox/src/main/java/org/apache/xmpbox/schema/XMPMediaManagementSchema.java,,,,,,,,,,,,,,,,,,,,,,,,,2,10,0,4,1,1,6,1,1,1,2,1,1,1,1,1,1,,,,,,0,,1,50,1,1,1,1
Public Method,"org.apache.xmpbox.schema.XMPMediaManagementSchema.setInstanceID(String)",xmpbox/src/main/java/org/apache/xmpbox/schema/XMPMediaManagementSchema.java,,,,,,,,,,,,,,,,,,,,,,,,,2,11,0,5,2,2,6,2,1,2,3,2,2,1,1,1,1,,,,,,0,,1,20,1,1,1,1
Public Method,"org.apache.xmpbox.schema.XMPMediaManagementSchema.setInstanceIDProperty(URIType)",xmpbox/src/main/java/org/apache/xmpbox/schema/XMPMediaManagementSchema.java,,,,,,,,,,,,,,,,,,,,,,,,,2,10,0,4,1,1,6,1,1,1,2,1,1,1,1,1,1,,,,,,0,,1,50,1,1,1,1
Public Method,"org.apache.xmpbox.schema.XMPMediaManagementSchema.setLastURL(String)",xmpbox/src/main/java/org/apache/xmpbox/schema/XMPMediaManagementSchema.java,,,,,,,,,,,,,,,,,,,,,,,,,2,11,0,5,2,2,6,2,1,2,3,2,2,1,1,1,1,,,,,,0,,1,20,1,1,1,1
Public Method,"org.apache.xmpbox.schema.XMPMediaManagementSchema.setLastURLProperty(URLType)",xmpbox/src/main/java/org/apache/xmpbox/schema/XMPMediaManagementSchema.java,,,,,,,,,,,,,,,,,,,,,,,,,2,10,0,4,1,1,6,1,1,1,2,1,1,1,1,1,1,,,,,,0,,1,50,1,1,1,1
Public Method,"org.apache.xmpbox.schema.XMPMediaManagementSchema.setManageTo(String)",xmpbox/src/main/java/org/apache/xmpbox/schema/XMPMediaManagementSchema.java,,,,,,,,,,,,,,,,,,,,,,,,,2,11,0,5,2,2,6,2,1,2,3,2,2,1,1,1,1,,,,,,0,,1,20,1,1,1,1
Public Method,"org.apache.xmpbox.schema.XMPMediaManagementSchema.setManageToProperty(URIType)",xmpbox/src/main/java/org/apache/xmpbox/schema/XMPMediaManagementSchema.java,,,,,,,,,,,,,,,,,,,,,,,,,2,10,0,4,1,1,6,1,1,1,2,1,1,1,1,1,1,,,,,,0,,1,50,1,1,1,1
Public Method,"org.apache.xmpbox.schema.XMPMediaManagementSchema.setManageUI(String)",xmpbox/src/main/java/org/apache/xmpbox/schema/XMPMediaManagementSchema.java,,,,,,,,,,,,,,,,,,,,,,,,,2,11,0,5,2,2,6,2,1,2,3,2,2,1,1,1,1,,,,,,0,,1,20,1,1,1,1
Public Method,"org.apache.xmpbox.schema.XMPMediaManagementSchema.setManageUIProperty(URIType)",xmpbox/src/main/java/org/apache/xmpbox/schema/XMPMediaManagementSchema.java,,,,,,,,,,,,,,,,,,,,,,,,,2,10,0,4,1,1,6,1,1,1,2,1,1,1,1,1,1,,,,,,0,,1,50,1,1,1,1
Public Method,"org.apache.xmpbox.schema.XMPMediaManagementSchema.setManagedFromProperty(ResourceRefType)",xmpbox/src/main/java/org/apache/xmpbox/schema/XMPMediaManagementSchema.java,,,,,,,,,,,,,,,,,,,,,,,,,1,10,0,4,1,1,6,1,1,1,2,1,1,1,1,1,1,,,,,,0,,1,50,1,1,1,1
Public Method,"org.apache.xmpbox.schema.XMPMediaManagementSchema.setManager(String)",xmpbox/src/main/java/org/apache/xmpbox/schema/XMPMediaManagementSchema.java,,,,,,,,,,,,,,,,,,,,,,,,,2,11,0,5,2,2,6,2,1,2,3,2,2,1,1,1,1,,,,,,0,,1,20,1,1,1,1
Public Method,"org.apache.xmpbox.schema.XMPMediaManagementSchema.setManagerProperty(AgentNameType)",xmpbox/src/main/java/org/apache/xmpbox/schema/XMPMediaManagementSchema.java,,,,,,,,,,,,,,,,,,,,,,,,,2,10,0,4,1,1,6,1,1,1,2,1,1,1,1,1,1,,,,,,0,,1,50,1,1,1,1
Public Method,"org.apache.xmpbox.schema.XMPMediaManagementSchema.setManagerVariant(String)",xmpbox/src/main/java/org/apache/xmpbox/schema/XMPMediaManagementSchema.java,,,,,,,,,,,,,,,,,,,,,,,,,2,11,0,5,2,2,6,2,1,2,3,2,2,1,1,1,1,,,,,,0,,1,20,1,1,1,1
Public Method,"org.apache.xmpbox.schema.XMPMediaManagementSchema.setManagerVariantProperty(TextType)",xmpbox/src/main/java/org/apache/xmpbox/schema/XMPMediaManagementSchema.java,,,,,,,,,,,,,,,,,,,,,,,,,2,10,0,4,1,1,6,1,1,1,2,1,1,1,1,1,1,,,,,,0,,1,50,1,1,1,1
Public Method,"org.apache.xmpbox.schema.XMPMediaManagementSchema.setOriginalDocumentID(String)",xmpbox/src/main/java/org/apache/xmpbox/schema/XMPMediaManagementSchema.java,,,,,,,,,,,,,,,,,,,,,,,,,2,11,0,5,2,2,6,2,1,2,3,2,2,1,1,1,1,,,,,,0,,1,20,1,1,1,1
Public Method,"org.apache.xmpbox.schema.XMPMediaManagementSchema.setOriginalDocumentIDProperty(TextType)",xmpbox/src/main/java/org/apache/xmpbox/schema/XMPMediaManagementSchema.java,,,,,,,,,,,,,,,,,,,,,,,,,2,10,0,4,1,1,6,1,1,1,2,1,1,1,1,1,1,,,,,,0,,1,50,1,1,1,1
Public Method,"org.apache.xmpbox.schema.XMPMediaManagementSchema.setRenditionClass(String)",xmpbox/src/main/java/org/apache/xmpbox/schema/XMPMediaManagementSchema.java,,,,,,,,,,,,,,,,,,,,,,,,,2,11,0,5,2,2,6,2,1,2,3,2,2,1,1,1,1,,,,,,0,,1,20,1,1,1,1
Public Method,"org.apache.xmpbox.schema.XMPMediaManagementSchema.setRenditionClassProperty(RenditionClassType)",xmpbox/src/main/java/org/apache/xmpbox/schema/XMPMediaManagementSchema.java,,,,,,,,,,,,,,,,,,,,,,,,,2,10,0,4,1,1,6,1,1,1,2,1,1,1,1,1,1,,,,,,0,,1,50,1,1,1,1
Public Method,"org.apache.xmpbox.schema.XMPMediaManagementSchema.setRenditionParams(String)",xmpbox/src/main/java/org/apache/xmpbox/schema/XMPMediaManagementSchema.java,,,,,,,,,,,,,,,,,,,,,,,,,2,11,0,5,2,2,6,2,1,2,3,2,2,1,1,1,1,,,,,,0,,1,20,1,1,1,1
Public Method,"org.apache.xmpbox.schema.XMPMediaManagementSchema.setRenditionParamsProperty(TextType)",xmpbox/src/main/java/org/apache/xmpbox/schema/XMPMediaManagementSchema.java,,,,,,,,,,,,,,,,,,,,,,,,,2,10,0,4,1,1,6,1,1,1,2,1,1,1,1,1,1,,,,,,0,,1,50,1,1,1,1
Public Method,"org.apache.xmpbox.schema.XMPMediaManagementSchema.setSaveIDProperty(IntegerType)",xmpbox/src/main/java/org/apache/xmpbox/schema/XMPMediaManagementSchema.java,,,,,,,,,,,,,,,,,,,,,,,,,2,10,0,4,1,1,6,1,1,1,2,1,1,1,1,1,1,,,,,,0,,1,50,1,1,1,1
Public Method,"org.apache.xmpbox.schema.XMPMediaManagementSchema.setSaveId(Integer)",xmpbox/src/main/java/org/apache/xmpbox/schema/XMPMediaManagementSchema.java,,,,,,,,,,,,,,,,,,,,,,,,,2,11,0,5,2,2,6,2,1,2,3,2,2,1,1,1,1,,,,,,0,,1,20,1,1,1,1
Public Method,"org.apache.xmpbox.schema.XMPMediaManagementSchema.setVersionID(String)",xmpbox/src/main/java/org/apache/xmpbox/schema/XMPMediaManagementSchema.java,,,,,,,,,,,,,,,,,,,,,,,,,2,11,0,5,2,2,6,2,1,2,3,2,2,1,1,1,1,,,,,,0,,1,20,1,1,1,1
Public Method,"org.apache.xmpbox.schema.XMPMediaManagementSchema.setVersionIDProperty(TextType)",xmpbox/src/main/java/org/apache/xmpbox/schema/XMPMediaManagementSchema.java,,,,,,,,,,,,,,,,,,,,,,,,,2,10,0,4,1,1,6,1,1,1,2,1,1,1,1,1,1,,,,,,0,,1,50,1,1,1,1
Class,"org.apache.xmpbox.schema.XMPMediaManagementTest",xmpbox/src/test/java/org/apache/xmpbox/schema/XMPMediaManagementTest.java,1,1,1,1,9,0,9,0,1,15,0,,1,0,,,3,3,4,16,4,0,0,0,,67,4,43,15,20,20,,,11,16,10,8,,,,,1,1,1,1,1,0,25,0,47,4,4,4,4
Method,"org.apache.xmpbox.schema.XMPMediaManagementTest.initMetadata()",xmpbox/src/test/java/org/apache/xmpbox/schema/XMPMediaManagementTest.java,,,,,,,,,,,,,,,,,,,,,,,,,1,7,0,7,2,3,0,5,1,3,4,1,3,1,1,1,1,,,,,,0,,0,00,1,1,1,1
Static Method,"org.apache.xmpbox.schema.XMPMediaManagementTest.initializeParameters()",xmpbox/src/test/java/org/apache/xmpbox/schema/XMPMediaManagementTest.java,,,,,,,,,,,,,,,,,,,,,,,,,6,16,0,16,1,13,0,5,1,1,2,1,1,1,1,1,1,,,,,,0,,0,00,1,1,1,1
Method,"org.apache.xmpbox.schema.XMPMediaManagementTest.testElementProperty(String,PropertyType,Object)",xmpbox/src/test/java/org/apache/xmpbox/schema/XMPMediaManagementTest.java,,,,,,,,,,,,,,,,,,,,,,,,,6,7,0,7,4,2,0,2,1,2,3,2,2,1,1,1,1,,,,,,0,,0,00,1,1,1,1
Method,"org.apache.xmpbox.schema.XMPMediaManagementTest.testElementValue(String,PropertyType,Object)",xmpbox/src/test/java/org/apache/xmpbox/schema/XMPMediaManagementTest.java,,,,,,,,,,,,,,,,,,,,,,,,,6,7,0,7,4,2,0,2,1,2,3,2,2,1,1,1,1,,,,,,0,,0,00,1,1,1,1
Public Class,"org.apache.xmpbox.schema.XMPRightsManagementSchema",xmpbox/src/main/java/org/apache/xmpbox/schema/XMPRightsManagementSchema.java,1,1,1,1,9,0,4,5,1,13,0,,0,5,,,24,0,24,130,0,0,0,24,,306,29,116,42,35,162,,,35,60,36,30,,,,,2,2,2,1,5,0,0,1,40,28,28,28,24
Public Constructor,"org.apache.xmpbox.schema.XMPRightsManagementSchema.XMPRightsManagementSchema(XMPMetadata)",xmpbox/src/main/java/org/apache/xmpbox/schema/XMPRightsManagementSchema.java,,,,,,,,,,,,,,,,,,,,,,,,,2,10,0,4,1,1,6,2,1,1,2,1,1,1,1,1,1,,,,,,0,,1,50,1,1,1,1
Public Constructor,"org.apache.xmpbox.schema.XMPRightsManagementSchema.XMPRightsManagementSchema(XMPMetadata,String)",xmpbox/src/main/java/org/apache/xmpbox/schema/XMPRightsManagementSchema.java,,,,,,,,,,,,,,,,,,,,,,,,,2,12,0,4,1,1,8,2,1,1,2,1,1,1,1,1,1,,,,,,0,,2,00,1,1,1,1
Public Method,"org.apache.xmpbox.schema.XMPRightsManagementSchema.addOwner(String)",xmpbox/src/main/java/org/apache/xmpbox/schema/XMPRightsManagementSchema.java,,,,,,,,,,,,,,,,,,,,,,,,,2,10,0,4,1,1,6,1,1,1,2,1,1,1,1,1,1,,,,,,0,,1,50,1,1,1,1
Public Method,"org.apache.xmpbox.schema.XMPRightsManagementSchema.addUsageTerms(String,String)",xmpbox/src/main/java/org/apache/xmpbox/schema/XMPRightsManagementSchema.java,,,,,,,,,,,,,,,,,,,,,,,,,4,12,0,4,1,1,8,1,1,1,2,1,1,1,1,1,1,,,,,,0,,2,00,1,1,1,1
Public Method,"org.apache.xmpbox.schema.XMPRightsManagementSchema.getCertificate()",xmpbox/src/main/java/org/apache/xmpbox/schema/XMPRightsManagementSchema.java,,,,,,,,,,,,,,,,,,,,,,,,,1,10,0,5,2,2,5,3,1,2,3,2,2,2,2,2,1,,,,,,0,,1,00,2,2,2,1
Public Method,"org.apache.xmpbox.schema.XMPRightsManagementSchema.getCertificateProperty()",xmpbox/src/main/java/org/apache/xmpbox/schema/XMPRightsManagementSchema.java,,,,,,,,,,,,,,,,,,,,,,,,,1,9,0,4,1,1,5,2,1,1,2,1,1,1,1,1,1,,,,,,0,,1,25,1,1,1,1
Public Method,"org.apache.xmpbox.schema.XMPRightsManagementSchema.getMarked()",xmpbox/src/main/java/org/apache/xmpbox/schema/XMPRightsManagementSchema.java,,,,,,,,,,,,,,,,,,,,,,,,,1,10,0,5,2,2,5,3,1,2,3,2,2,2,2,2,1,,,,,,0,,1,00,2,2,2,1
Public Method,"org.apache.xmpbox.schema.XMPRightsManagementSchema.getMarkedProperty()",xmpbox/src/main/java/org/apache/xmpbox/schema/XMPRightsManagementSchema.java,,,,,,,,,,,,,,,,,,,,,,,,,2,9,0,4,1,1,5,2,1,1,2,1,1,1,1,1,1,,,,,,0,,1,25,1,1,1,1
Public Method,"org.apache.xmpbox.schema.XMPRightsManagementSchema.getOwners()",xmpbox/src/main/java/org/apache/xmpbox/schema/XMPRightsManagementSchema.java,,,,,,,,,,,,,,,,,,,,,,,,,1,9,0,4,1,1,5,2,1,1,2,1,1,1,1,1,1,,,,,,0,,1,25,1,1,1,1
Public Method,"org.apache.xmpbox.schema.XMPRightsManagementSchema.getOwnersProperty()",xmpbox/src/main/java/org/apache/xmpbox/schema/XMPRightsManagementSchema.java,,,,,,,,,,,,,,,,,,,,,,,,,1,9,0,4,1,1,5,2,1,1,2,1,1,1,1,1,1,,,,,,0,,1,25,1,1,1,1
Public Method,"org.apache.xmpbox.schema.XMPRightsManagementSchema.getUsageTerms()",xmpbox/src/main/java/org/apache/xmpbox/schema/XMPRightsManagementSchema.java,,,,,,,,,,,,,,,,,,,,,,,,,0,10,0,4,1,1,6,2,1,1,2,1,1,1,1,1,1,,,,,,0,,1,50,1,1,1,1
Public Method,"org.apache.xmpbox.schema.XMPRightsManagementSchema.getUsageTerms(String)",xmpbox/src/main/java/org/apache/xmpbox/schema/XMPRightsManagementSchema.java,,,,,,,,,,,,,,,,,,,,,,,,,3,12,0,4,1,1,8,2,1,1,2,1,1,1,1,1,1,,,,,,0,,2,00,1,1,1,1
Public Method,"org.apache.xmpbox.schema.XMPRightsManagementSchema.getUsageTermsLanguages()",xmpbox/src/main/java/org/apache/xmpbox/schema/XMPRightsManagementSchema.java,,,,,,,,,,,,,,,,,,,,,,,,,1,10,0,4,1,1,6,2,1,1,2,1,1,1,1,1,1,,,,,,0,,1,50,1,1,1,1
Public Method,"org.apache.xmpbox.schema.XMPRightsManagementSchema.getUsageTermsProperty()",xmpbox/src/main/java/org/apache/xmpbox/schema/XMPRightsManagementSchema.java,,,,,,,,,,,,,,,,,,,,,,,,,1,9,0,4,1,1,5,2,1,1,2,1,1,1,1,1,1,,,,,,0,,1,25,1,1,1,1
Public Method,"org.apache.xmpbox.schema.XMPRightsManagementSchema.getWebStatement()",xmpbox/src/main/java/org/apache/xmpbox/schema/XMPRightsManagementSchema.java,,,,,,,,,,,,,,,,,,,,,,,,,1,10,0,5,2,2,5,3,1,2,3,2,2,2,2,2,1,,,,,,0,,1,00,2,2,2,1
Public Method,"org.apache.xmpbox.schema.XMPRightsManagementSchema.getWebStatementProperty()",xmpbox/src/main/java/org/apache/xmpbox/schema/XMPRightsManagementSchema.java,,,,,,,,,,,,,,,,,,,,,,,,,1,9,0,4,1,1,5,2,1,1,2,1,1,1,1,1,1,,,,,,0,,1,25,1,1,1,1
Public Method,"org.apache.xmpbox.schema.XMPRightsManagementSchema.removeOwner(String)",xmpbox/src/main/java/org/apache/xmpbox/schema/XMPRightsManagementSchema.java,,,,,,,,,,,,,,,,,,,,,,,,,2,4,0,4,1,1,0,1,1,1,2,1,1,1,1,1,1,,,,,,0,,0,00,1,1,1,1
Public Method,"org.apache.xmpbox.schema.XMPRightsManagementSchema.setCertificate(String)",xmpbox/src/main/java/org/apache/xmpbox/schema/XMPRightsManagementSchema.java,,,,,,,,,,,,,,,,,,,,,,,,,2,11,0,5,2,2,6,2,1,2,3,2,2,1,1,1,1,,,,,,0,,1,20,1,1,1,1
Public Method,"org.apache.xmpbox.schema.XMPRightsManagementSchema.setCertificateProperty(URLType)",xmpbox/src/main/java/org/apache/xmpbox/schema/XMPRightsManagementSchema.java,,,,,,,,,,,,,,,,,,,,,,,,,2,10,0,4,1,1,6,1,1,1,2,1,1,1,1,1,1,,,,,,0,,1,50,1,1,1,1
Public Method,"org.apache.xmpbox.schema.XMPRightsManagementSchema.setMarked(Boolean)",xmpbox/src/main/java/org/apache/xmpbox/schema/XMPRightsManagementSchema.java,,,,,,,,,,,,,,,,,,,,,,,,,4,11,0,5,2,2,6,2,1,2,3,2,2,2,2,2,1,,,,,,0,,1,20,2,2,2,1
Public Method,"org.apache.xmpbox.schema.XMPRightsManagementSchema.setMarkedProperty(BooleanType)",xmpbox/src/main/java/org/apache/xmpbox/schema/XMPRightsManagementSchema.java,,,,,,,,,,,,,,,,,,,,,,,,,2,10,0,4,1,1,6,1,1,1,2,1,1,1,1,1,1,,,,,,0,,1,50,1,1,1,1
Public Method,"org.apache.xmpbox.schema.XMPRightsManagementSchema.setUsageTerms(String)",xmpbox/src/main/java/org/apache/xmpbox/schema/XMPRightsManagementSchema.java,,,,,,,,,,,,,,,,,,,,,,,,,1,10,0,4,1,1,6,1,1,1,2,1,1,1,1,1,1,,,,,,0,,1,50,1,1,1,1
Public Method,"org.apache.xmpbox.schema.XMPRightsManagementSchema.setWebStatement(String)",xmpbox/src/main/java/org/apache/xmpbox/schema/XMPRightsManagementSchema.java,,,,,,,,,,,,,,,,,,,,,,,,,2,11,0,5,2,2,6,2,1,2,3,2,2,1,1,1,1,,,,,,0,,1,20,1,1,1,1
Public Method,"org.apache.xmpbox.schema.XMPRightsManagementSchema.setWebStatementProperty(URLType)",xmpbox/src/main/java/org/apache/xmpbox/schema/XMPRightsManagementSchema.java,,,,,,,,,,,,,,,,,,,,,,,,,2,10,0,4,1,1,6,1,1,1,2,1,1,1,1,1,1,,,,,,0,,1,50,1,1,1,1
Public Class,"org.apache.xmpbox.schema.XMPSchema",xmpbox/src/main/java/org/apache/xmpbox/schema/XMPSchema.java,2,2,2,1,18,0,11,7,1,26,12,,0,0,,,59,0,59,106,0,5,1,53,,1202,69,670,123,305,463,,,209,365,139,273,,,,,10,10,11,7,4,6,0,0,69,142,142,149,104
Public Constructor,"org.apache.xmpbox.schema.XMPSchema.XMPSchema(XMPMetadata)",xmpbox/src/main/java/org/apache/xmpbox/schema/XMPSchema.java,,,,,,,,,,,,,,,,,,,,,,,,,12,9,0,4,1,1,5,2,1,1,2,1,1,1,1,1,1,,,,,,0,,1,25,1,1,1,1
Public Constructor,"org.apache.xmpbox.schema.XMPSchema.XMPSchema(XMPMetadata,String)",xmpbox/src/main/java/org/apache/xmpbox/schema/XMPSchema.java,,,,,,,,,,,,,,,,,,,,,,,,,14,10,0,4,1,1,6,2,1,1,2,1,1,1,1,1,1,,,,,,0,,1,50,1,1,1,1
Public Constructor,"org.apache.xmpbox.schema.XMPSchema.XMPSchema(XMPMetadata,String,String)",xmpbox/src/main/java/org/apache/xmpbox/schema/XMPSchema.java,,,,,,,,,,,,,,,,,,,,,,,,,6,11,0,4,1,1,7,2,1,1,2,1,1,1,1,1,1,,,,,,0,,1,75,1,1,1,1
Public Constructor,"org.apache.xmpbox.schema.XMPSchema.XMPSchema(XMPMetadata,String,String,String)",xmpbox/src/main/java/org/apache/xmpbox/schema/XMPSchema.java,,,,,,,,,,,,,,,,,,,,,,,,,8,13,0,5,1,2,8,5,1,2,3,1,2,1,1,1,1,,,,,,0,,1,60,1,1,1,1
Public Method,"org.apache.xmpbox.schema.XMPSchema.addBagValue(String,AbstractField)",xmpbox/src/main/java/org/apache/xmpbox/schema/XMPSchema.java,,,,,,,,,,,,,,,,,,,,,,,,,5,22,0,14,3,7,8,5,2,5,7,3,6,2,2,2,1,,,,,,1,,0,57,2,2,2,1
Public Method,"org.apache.xmpbox.schema.XMPSchema.addBagValueAsSimple(String,String)",xmpbox/src/main/java/org/apache/xmpbox/schema/XMPSchema.java,,,,,,,,,,,,,,,,,,,,,,,,,3,12,0,4,1,1,8,1,1,1,2,1,1,1,1,1,1,,,,,,0,,2,00,1,1,1,1
Public Method,"org.apache.xmpbox.schema.XMPSchema.addQualifiedBagValue(String,String)",xmpbox/src/main/java/org/apache/xmpbox/schema/XMPSchema.java,,,,,,,,,,,,,,,,,,,,,,,,,17,12,0,4,1,1,8,1,1,1,2,1,1,1,1,1,1,,,,,,0,,2,00,1,1,1,1
Public Method,"org.apache.xmpbox.schema.XMPSchema.addSequenceDateValueAsSimple(String,Calendar)",xmpbox/src/main/java/org/apache/xmpbox/schema/XMPSchema.java,,,,,,,,,,,,,,,,,,,,,,,,,3,12,0,4,1,1,8,1,1,1,2,1,1,1,1,1,1,,,,,,0,,2,00,1,1,1,1
Public Method,"org.apache.xmpbox.schema.XMPSchema.addUnqualifiedSequenceDateValue(String,Calendar)",xmpbox/src/main/java/org/apache/xmpbox/schema/XMPSchema.java,,,,,,,,,,,,,,,,,,,,,,,,,7,15,0,7,1,4,8,4,1,1,2,1,1,1,1,1,1,,,,,,0,,1,14,1,1,1,1
Public Method,"org.apache.xmpbox.schema.XMPSchema.addUnqualifiedSequenceValue(String,AbstractField)",xmpbox/src/main/java/org/apache/xmpbox/schema/XMPSchema.java,,,,,,,,,,,,,,,,,,,,,,,,,6,22,0,14,3,7,8,5,2,5,7,3,6,2,2,2,1,,,,,,1,,0,57,2,2,2,1
Public Method,"org.apache.xmpbox.schema.XMPSchema.addUnqualifiedSequenceValue(String,String)",xmpbox/src/main/java/org/apache/xmpbox/schema/XMPSchema.java,,,,,,,,,,,,,,,,,,,,,,,,,10,23,0,15,4,8,8,6,2,6,8,4,7,2,2,2,1,,,,,,1,,0,53,2,2,2,1
Public Method,"org.apache.xmpbox.schema.XMPSchema.getAboutAttribute()",xmpbox/src/main/java/org/apache/xmpbox/schema/XMPSchema.java,,,,,,,,,,,,,,,,,,,,,,,,,3,9,0,4,1,1,5,2,1,1,2,1,1,1,1,1,1,,,,,,0,,1,25,1,1,1,1
Public Method,"org.apache.xmpbox.schema.XMPSchema.getAboutValue()",xmpbox/src/main/java/org/apache/xmpbox/schema/XMPSchema.java,,,,,,,,,,,,,,,,,,,,,,,,,5,15,0,9,2,4,6,3,2,3,5,2,4,2,2,2,1,,,,,,1,,0,67,2,2,2,1
Public Method,"org.apache.xmpbox.schema.XMPSchema.getAbstractProperty(String)",xmpbox/src/main/java/org/apache/xmpbox/schema/XMPSchema.java,,,,,,,,,,,,,,,,,,,,,,,,,21,19,1,11,1,4,7,5,3,2,6,2,4,3,3,3,3,,,,,,2,,0,64,3,3,3,3
Public Method,"org.apache.xmpbox.schema.XMPSchema.getBooleanProperty(String)",xmpbox/src/main/java/org/apache/xmpbox/schema/XMPSchema.java,,,,,,,,,,,,,,,,,,,,,,,,,3,24,0,16,2,7,8,3,3,4,7,2,6,3,3,3,3,,,,,,2,,0,50,3,3,3,3
Public Method,"org.apache.xmpbox.schema.XMPSchema.getBooleanPropertyValue(String)",xmpbox/src/main/java/org/apache/xmpbox/schema/XMPSchema.java,,,,,,,,,,,,,,,,,,,,,,,,,3,26,0,16,2,7,10,4,3,4,7,2,6,3,3,3,3,,,,,,2,,0,62,3,3,3,3
Public Method,"org.apache.xmpbox.schema.XMPSchema.getBooleanPropertyValueAsSimple(String)",xmpbox/src/main/java/org/apache/xmpbox/schema/XMPSchema.java,,,,,,,,,,,,,,,,,,,,,,,,,2,12,0,4,1,1,8,2,1,1,2,1,1,1,1,1,1,,,,,,0,,2,00,1,1,1,1
Public Method,"org.apache.xmpbox.schema.XMPSchema.getDateProperty(String)",xmpbox/src/main/java/org/apache/xmpbox/schema/XMPSchema.java,,,,,,,,,,,,,,,,,,,,,,,,,3,22,0,13,2,6,9,3,3,4,7,2,6,3,3,3,3,,,,,,2,,0,69,3,3,3,3
Public Method,"org.apache.xmpbox.schema.XMPSchema.getDatePropertyValue(String)",xmpbox/src/main/java/org/apache/xmpbox/schema/XMPSchema.java,,,,,,,,,,,,,,,,,,,,,,,,,3,23,0,13,2,6,10,4,3,4,7,2,6,3,3,3,3,,,,,,2,,0,77,3,3,3,3
Public Method,"org.apache.xmpbox.schema.XMPSchema.getDatePropertyValueAsSimple(String)",xmpbox/src/main/java/org/apache/xmpbox/schema/XMPSchema.java,,,,,,,,,,,,,,,,,,,,,,,,,2,13,0,4,1,1,9,2,1,1,2,1,1,1,1,1,1,,,,,,0,,2,25,1,1,1,1
Public Method,"org.apache.xmpbox.schema.XMPSchema.getIntegerProperty(String)",xmpbox/src/main/java/org/apache/xmpbox/schema/XMPSchema.java,,,,,,,,,,,,,,,,,,,,,,,,,3,21,0,13,2,6,8,3,3,4,7,2,6,3,3,3,3,,,,,,2,,0,62,3,3,3,3
Public Method,"org.apache.xmpbox.schema.XMPSchema.getIntegerPropertyValue(String)",xmpbox/src/main/java/org/apache/xmpbox/schema/XMPSchema.java,,,,,,,,,,,,,,,,,,,,,,,,,3,22,0,13,2,6,9,4,3,4,7,2,6,3,3,3,3,,,,,,2,,0,69,3,3,3,3
Public Method,"org.apache.xmpbox.schema.XMPSchema.getIntegerPropertyValueAsSimple(String)",xmpbox/src/main/java/org/apache/xmpbox/schema/XMPSchema.java,,,,,,,,,,,,,,,,,,,,,,,,,2,12,0,4,1,1,8,2,1,1,2,1,1,1,1,1,1,,,,,,0,,2,00,1,1,1,1
Public Method,"org.apache.xmpbox.schema.XMPSchema.getUnqualifiedArrayList(String)",xmpbox/src/main/java/org/apache/xmpbox/schema/XMPSchema.java,,,,,,,,,,,,,,,,,,,,,,,,,5,29,0,21,2,10,8,8,8,6,12,3,9,5,5,5,4,,,,,,3,,0,38,5,5,5,4
Public Method,"org.apache.xmpbox.schema.XMPSchema.getUnqualifiedBagValueList(String)",xmpbox/src/main/java/org/apache/xmpbox/schema/XMPSchema.java,,,,,,,,,,,,,,,,,,,,,,,,,16,16,0,9,2,4,7,3,2,3,5,2,4,2,2,2,1,,,,,,1,,0,78,2,2,2,1
Public Method,"org.apache.xmpbox.schema.XMPSchema.getUnqualifiedLanguagePropertyLanguagesValue(String)",xmpbox/src/main/java/org/apache/xmpbox/schema/XMPSchema.java,,,,,,,,,,,,,,,,,,,,,,,,,12,33,0,21,6,12,12,10,4,9,14,7,11,5,5,5,3,,,,,,3,,0,57,5,5,5,3
Public Method,"org.apache.xmpbox.schema.XMPSchema.getUnqualifiedLanguagePropertyValue(String,String)",xmpbox/src/main/java/org/apache/xmpbox/schema/XMPSchema.java,,,,,,,,,,,,,,,,,,,,,,,,,14,34,0,23,5,12,11,9,5,8,14,6,10,6,6,7,5,,,,,,4,,0,48,6,6,7,5
Public Method,"org.apache.xmpbox.schema.XMPSchema.getUnqualifiedSequenceDateValueList(String)",xmpbox/src/main/java/org/apache/xmpbox/schema/XMPSchema.java,,,,,,,,,,,,,,,,,,,,,,,,,4,27,0,18,4,9,9,7,4,6,11,5,8,4,4,4,1,,,,,,2,,0,50,4,4,4,1
Public Method,"org.apache.xmpbox.schema.XMPSchema.getUnqualifiedSequenceValueList(String)",xmpbox/src/main/java/org/apache/xmpbox/schema/XMPSchema.java,,,,,,,,,,,,,,,,,,,,,,,,,6,17,0,9,2,4,8,3,2,3,5,2,4,2,2,2,1,,,,,,1,,0,89,2,2,2,1
Public Method,"org.apache.xmpbox.schema.XMPSchema.getUnqualifiedTextProperty(String)",xmpbox/src/main/java/org/apache/xmpbox/schema/XMPSchema.java,,,,,,,,,,,,,,,,,,,,,,,,,5,20,0,13,2,6,7,3,3,4,7,2,6,3,3,3,3,,,,,,2,,0,54,3,3,3,3
Public Method,"org.apache.xmpbox.schema.XMPSchema.getUnqualifiedTextPropertyValue(String)",xmpbox/src/main/java/org/apache/xmpbox/schema/XMPSchema.java,,,,,,,,,,,,,,,,,,,,,,,,,5,13,0,5,2,2,8,3,1,2,3,2,2,2,2,2,1,,,,,,0,,1,60,2,2,2,1
Protected Method,"org.apache.xmpbox.schema.XMPSchema.instanciateSimple(String,Object)",xmpbox/src/main/java/org/apache/xmpbox/schema/XMPSchema.java,,,,,,,,,,,,,,,,,,,,,,,,,49,5,0,5,2,2,0,6,1,2,3,2,2,1,1,1,1,,,,,,0,,0,00,1,1,1,1
Private Method,"org.apache.xmpbox.schema.XMPSchema.internalAddBagValue(String,String)",xmpbox/src/main/java/org/apache/xmpbox/schema/XMPSchema.java,,,,,,,,,,,,,,,,,,,,,,,,,6,15,0,15,4,8,0,6,2,6,8,4,7,2,2,2,1,,,,,,1,,0,00,2,2,2,1
Public Method,"org.apache.xmpbox.schema.XMPSchema.merge(XMPSchema)",xmpbox/src/main/java/org/apache/xmpbox/schema/XMPSchema.java,,,,,,,,,,,,,,,,,,,,,,,,,2,51,2,41,3,17,8,17,42,7,20,6,15,10,10,11,7,,,,,,6,,0,20,10,10,11,7
Private Method,"org.apache.xmpbox.schema.XMPSchema.mergeComplexProperty(Iterator<AbstractField>,ArrayProperty)",xmpbox/src/main/java/org/apache/xmpbox/schema/XMPSchema.java,,,,,,,,,,,,,,,,,,,,,,,,,3,17,0,17,3,8,0,8,4,5,10,4,7,4,4,4,4,,,,,,3,,0,00,4,4,4,4
Public Method,"org.apache.xmpbox.schema.XMPSchema.removeUnqualifiedArrayValue(String,AbstractField)",xmpbox/src/main/java/org/apache/xmpbox/schema/XMPSchema.java,,,,,,,,,,,,,,,,,,,,,,,,,4,29,2,19,5,10,8,7,4,7,12,6,8,4,4,4,1,,,,,,2,,0,42,4,4,4,1
Private Method,"org.apache.xmpbox.schema.XMPSchema.removeUnqualifiedArrayValue(String,String)",xmpbox/src/main/java/org/apache/xmpbox/schema/XMPSchema.java,,,,,,,,,,,,,,,,,,,,,,,,,5,27,2,19,5,10,6,8,4,7,12,6,8,4,4,4,1,,,,,,2,,0,32,4,4,4,1
Public Method,"org.apache.xmpbox.schema.XMPSchema.removeUnqualifiedBagValue(String,String)",xmpbox/src/main/java/org/apache/xmpbox/schema/XMPSchema.java,,,,,,,,,,,,,,,,,,,,,,,,,12,11,0,4,1,1,7,1,1,1,2,1,1,1,1,1,1,,,,,,0,,1,75,1,1,1,1
Public Method,"org.apache.xmpbox.schema.XMPSchema.removeUnqualifiedSequenceDateValue(String,Calendar)",xmpbox/src/main/java/org/apache/xmpbox/schema/XMPSchema.java,,,,,,,,,,,,,,,,,,,,,,,,,5,28,2,18,4,9,8,8,4,6,11,5,8,4,4,5,1,,,,,,2,,0,44,4,4,5,1
Public Method,"org.apache.xmpbox.schema.XMPSchema.removeUnqualifiedSequenceValue(String,AbstractField)",xmpbox/src/main/java/org/apache/xmpbox/schema/XMPSchema.java,,,,,,,,,,,,,,,,,,,,,,,,,3,12,0,4,1,1,8,1,1,1,2,1,1,1,1,1,1,,,,,,0,,2,00,1,1,1,1
Public Method,"org.apache.xmpbox.schema.XMPSchema.removeUnqualifiedSequenceValue(String,String)",xmpbox/src/main/java/org/apache/xmpbox/schema/XMPSchema.java,,,,,,,,,,,,,,,,,,,,,,,,,4,12,0,4,1,1,8,1,1,1,2,1,1,1,1,1,1,,,,,,0,,2,00,1,1,1,1
Public Method,"org.apache.xmpbox.schema.XMPSchema.reorganizeAltOrder(ComplexPropertyContainer)",xmpbox/src/main/java/org/apache/xmpbox/schema/XMPSchema.java,,,,,,,,,,,,,,,,,,,,,,,,,5,46,0,38,7,23,8,12,16,17,24,7,21,7,7,9,1,,,,,,2,,0,21,7,7,9,1
Public Method,"org.apache.xmpbox.schema.XMPSchema.setAbout(Attribute)",xmpbox/src/main/java/org/apache/xmpbox/schema/XMPSchema.java,,,,,,,,,,,,,,,,,,,,,,,,,5,18,0,10,1,5,8,5,2,3,5,1,4,2,2,3,1,,,,,,1,,0,80,2,2,3,1
Public Method,"org.apache.xmpbox.schema.XMPSchema.setAboutAsSimple(String)",xmpbox/src/main/java/org/apache/xmpbox/schema/XMPSchema.java,,,,,,,,,,,,,,,,,,,,,,,,,17,17,0,11,1,4,6,3,2,2,4,1,3,2,2,2,1,,,,,,1,,0,55,2,2,2,1
Public Method,"org.apache.xmpbox.schema.XMPSchema.setBooleanProperty(BooleanType)",xmpbox/src/main/java/org/apache/xmpbox/schema/XMPSchema.java,,,,,,,,,,,,,,,,,,,,,,,,,3,10,0,4,1,1,6,1,1,1,2,1,1,1,1,1,1,,,,,,0,,1,50,1,1,1,1
Public Method,"org.apache.xmpbox.schema.XMPSchema.setBooleanPropertyValue(String,Boolean)",xmpbox/src/main/java/org/apache/xmpbox/schema/XMPSchema.java,,,,,,,,,,,,,,,,,,,,,,,,,5,12,0,4,1,1,8,1,1,1,2,1,1,1,1,1,1,,,,,,0,,2,00,1,1,1,1
Public Method,"org.apache.xmpbox.schema.XMPSchema.setBooleanPropertyValueAsSimple(String,Boolean)",xmpbox/src/main/java/org/apache/xmpbox/schema/XMPSchema.java,,,,,,,,,,,,,,,,,,,,,,,,,3,12,0,4,1,1,8,1,1,1,2,1,1,1,1,1,1,,,,,,0,,2,00,1,1,1,1
Public Method,"org.apache.xmpbox.schema.XMPSchema.setDateProperty(DateType)",xmpbox/src/main/java/org/apache/xmpbox/schema/XMPSchema.java,,,,,,,,,,,,,,,,,,,,,,,,,2,10,0,4,1,1,6,1,1,1,2,1,1,1,1,1,1,,,,,,0,,1,50,1,1,1,1
Public Method,"org.apache.xmpbox.schema.XMPSchema.setDatePropertyValue(String,Calendar)",xmpbox/src/main/java/org/apache/xmpbox/schema/XMPSchema.java,,,,,,,,,,,,,,,,,,,,,,,,,5,12,0,4,1,1,8,1,1,1,2,1,1,1,1,1,1,,,,,,0,,2,00,1,1,1,1
Public Method,"org.apache.xmpbox.schema.XMPSchema.setDatePropertyValueAsSimple(String,Calendar)",xmpbox/src/main/java/org/apache/xmpbox/schema/XMPSchema.java,,,,,,,,,,,,,,,,,,,,,,,,,3,12,0,4,1,1,8,1,1,1,2,1,1,1,1,1,1,,,,,,0,,2,00,1,1,1,1
Public Method,"org.apache.xmpbox.schema.XMPSchema.setIntegerProperty(IntegerType)",xmpbox/src/main/java/org/apache/xmpbox/schema/XMPSchema.java,,,,,,,,,,,,,,,,,,,,,,,,,2,10,0,4,1,1,6,1,1,1,2,1,1,1,1,1,1,,,,,,0,,1,50,1,1,1,1
Public Method,"org.apache.xmpbox.schema.XMPSchema.setIntegerPropertyValue(String,Integer)",xmpbox/src/main/java/org/apache/xmpbox/schema/XMPSchema.java,,,,,,,,,,,,,,,,,,,,,,,,,5,12,0,4,1,1,8,1,1,1,2,1,1,1,1,1,1,,,,,,0,,2,00,1,1,1,1
Public Method,"org.apache.xmpbox.schema.XMPSchema.setIntegerPropertyValueAsSimple(String,Integer)",xmpbox/src/main/java/org/apache/xmpbox/schema/XMPSchema.java,,,,,,,,,,,,,,,,,,,,,,,,,3,12,0,4,1,1,8,1,1,1,2,1,1,1,1,1,1,,,,,,0,,2,00,1,1,1,1
Private Method,"org.apache.xmpbox.schema.XMPSchema.setSpecifiedSimpleTypeProperty(AbstractSimpleProperty)",xmpbox/src/main/java/org/apache/xmpbox/schema/XMPSchema.java,,,,,,,,,,,,,,,,,,,,,,,,,5,21,0,13,1,6,8,5,3,4,8,2,6,3,3,3,3,,,,,,2,,0,62,3,3,3,3
Private Method,"org.apache.xmpbox.schema.XMPSchema.setSpecifiedSimpleTypeProperty(Types,String,Object)",xmpbox/src/main/java/org/apache/xmpbox/schema/XMPSchema.java,,,,,,,,,,,,,,,,,,,,,,,,,8,42,0,39,3,19,3,13,9,10,19,5,15,7,7,7,6,,,,,,3,,0,08,7,7,7,6
Public Method,"org.apache.xmpbox.schema.XMPSchema.setTextProperty(TextType)",xmpbox/src/main/java/org/apache/xmpbox/schema/XMPSchema.java,,,,,,,,,,,,,,,,,,,,,,,,,3,10,0,4,1,1,6,1,1,1,2,1,1,1,1,1,1,,,,,,0,,1,50,1,1,1,1
Public Method,"org.apache.xmpbox.schema.XMPSchema.setTextPropertyValue(String,String)",xmpbox/src/main/java/org/apache/xmpbox/schema/XMPSchema.java,,,,,,,,,,,,,,,,,,,,,,,,,5,12,0,4,1,1,8,1,1,1,2,1,1,1,1,1,1,,,,,,0,,2,00,1,1,1,1
Public Method,"org.apache.xmpbox.schema.XMPSchema.setTextPropertyValueAsSimple(String,String)",xmpbox/src/main/java/org/apache/xmpbox/schema/XMPSchema.java,,,,,,,,,,,,,,,,,,,,,,,,,4,12,0,4,1,1,8,1,1,1,2,1,1,1,1,1,1,,,,,,0,,2,00,1,1,1,1
Public Method,"org.apache.xmpbox.schema.XMPSchema.setUnqualifiedLanguagePropertyValue(String,String,String)",xmpbox/src/main/java/org/apache/xmpbox/schema/XMPSchema.java,,,,,,,,,,,,,,,,,,,,,,,,,17,59,0,44,6,26,15,15,12,19,27,7,24,7,7,8,5,,,,,,5,,0,34,7,7,8,5
Public Class,"org.apache.xmpbox.schema.XMPSchemaFactory",xmpbox/src/main/java/org/apache/xmpbox/schema/XMPSchemaFactory.java,1,1,1,1,16,0,9,6,1,9,0,,0,0,,,5,4,5,17,0,0,0,5,,127,12,56,13,21,59,,,23,32,13,19,,,,,4,4,5,1,1,1,55,1,05,8,8,9,5
Public Constructor,"org.apache.xmpbox.schema.XMPSchemaFactory.XMPSchemaFactory(String,Class<? extends XMPSchema>,PropertiesDescription)",xmpbox/src/main/java/org/apache/xmpbox/schema/XMPSchemaFactory.java,,,,,,,,,,,,,,,,,,,,,,,,,5,16,0,6,1,3,10,4,1,3,4,1,3,1,1,1,1,,,,,,0,,1,67,1,1,1,1
Public Method,"org.apache.xmpbox.schema.XMPSchemaFactory.createXMPSchema(XMPMetadata,String)",xmpbox/src/main/java/org/apache/xmpbox/schema/XMPSchemaFactory.java,,,,,,,,,,,,,,,,,,,,,,,,,10,44,2,31,4,15,11,6,6,13,17,4,13,4,4,5,1,,,,,,1,,0,35,4,4,5,1
Public Method,"org.apache.xmpbox.schema.XMPSchemaFactory.getNamespace()",xmpbox/src/main/java/org/apache/xmpbox/schema/XMPSchemaFactory.java,,,,,,,,,,,,,,,,,,,,,,,,,1,9,0,4,1,1,5,1,1,1,2,1,1,1,1,1,1,,,,,,0,,1,25,1,1,1,1
Public Method,"org.apache.xmpbox.schema.XMPSchemaFactory.getPropertyDefinition()",xmpbox/src/main/java/org/apache/xmpbox/schema/XMPSchemaFactory.java,,,,,,,,,,,,,,,,,,,,,,,,,2,4,0,4,1,1,0,1,1,1,2,1,1,1,1,1,1,,,,,,0,,0,00,1,1,1,1
Public Method,"org.apache.xmpbox.schema.XMPSchemaFactory.getPropertyType(String)",xmpbox/src/main/java/org/apache/xmpbox/schema/XMPSchemaFactory.java,,,,,,,,,,,,,,,,,,,,,,,,,3,11,0,4,1,1,7,2,1,1,2,1,1,1,1,1,1,,,,,,0,,1,75,1,1,1,1
Class,"org.apache.xmpbox.schema.XMPSchemaTest",xmpbox/src/test/java/org/apache/xmpbox/schema/XMPSchemaTest.java,1,1,1,1,31,5,24,2,1,25,0,,0,0,,,12,2,12,24,12,0,0,0,,419,72,299,109,232,51,,,223,240,97,172,,,,,5,5,5,1,1,1,41,0,17,17,17,17,13
Method,"org.apache.xmpbox.schema.XMPSchemaTest.rdfAboutTest()",xmpbox/src/test/java/org/apache/xmpbox/schema/XMPSchemaTest.java,,,,,,,,,,,,,,,,,,,,,,,,,1,12,0,12,3,8,0,3,1,8,9,2,7,1,1,1,1,,,,,,0,,0,00,1,1,1,1
Method,"org.apache.xmpbox.schema.XMPSchemaTest.testAltProperties()",xmpbox/src/test/java/org/apache/xmpbox/schema/XMPSchemaTest.java,,,,,,,,,,,,,,,,,,,,,,,,,1,42,12,28,10,24,2,8,1,24,25,9,17,1,1,1,1,,,,,,0,,0,07,1,1,1,1
Method,"org.apache.xmpbox.schema.XMPSchemaTest.testArrayList()",xmpbox/src/test/java/org/apache/xmpbox/schema/XMPSchemaTest.java,,,,,,,,,,,,,,,,,,,,,,,,,2,15,0,15,8,11,0,10,1,11,12,7,11,1,1,1,1,,,,,,0,,0,00,1,1,1,1
Method,"org.apache.xmpbox.schema.XMPSchemaTest.testAsSimpleMethods()",xmpbox/src/test/java/org/apache/xmpbox/schema/XMPSchemaTest.java,,,,,,,,,,,,,,,,,,,,,,,,,1,52,10,42,17,38,0,27,1,38,39,16,24,1,1,1,1,,,,,,0,,0,00,1,1,1,1
Method,"org.apache.xmpbox.schema.XMPSchemaTest.testBadRdfAbout()",xmpbox/src/test/java/org/apache/xmpbox/schema/XMPSchemaTest.java,,,,,,,,,,,,,,,,,,,,,,,,,1,7,0,7,2,3,0,1,1,2,3,1,2,1,1,1,1,,,,,,0,,0,00,2,2,2,2
Lambda Method,"org.apache.xmpbox.schema.XMPSchemaTest.testBadRdfAbout.(lambda_expr_1)()",xmpbox/src/test/java/org/apache/xmpbox/schema/XMPSchemaTest.java,,,,,,,,,,,,,,,,,,,,,,,,,1,3,0,3,0,2,0,3,1,1,1,0,1,1,1,1,1,,,,,,0,,0,00,1,1,1,1
Method,"org.apache.xmpbox.schema.XMPSchemaTest.testBagManagement()",xmpbox/src/test/java/org/apache/xmpbox/schema/XMPSchemaTest.java,,,,,,,,,,,,,,,,,,,,,,,,,1,24,3,16,7,12,5,10,1,12,13,6,9,1,1,1,1,,,,,,0,,0,31,1,1,1,1
Method,"org.apache.xmpbox.schema.XMPSchemaTest.testListAndContainerAccessor()",xmpbox/src/test/java/org/apache/xmpbox/schema/XMPSchemaTest.java,,,,,,,,,,,,,,,,,,,,,,,,,3,17,3,14,6,10,0,12,1,10,11,5,8,1,1,1,1,,,,,,0,,0,00,1,1,1,1
Method,"org.apache.xmpbox.schema.XMPSchemaTest.testMergeSchema()",xmpbox/src/test/java/org/apache/xmpbox/schema/XMPSchemaTest.java,,,,,,,,,,,,,,,,,,,,,,,,,1,51,12,32,17,28,9,11,1,28,29,16,17,1,1,1,1,,,,,,0,,0,28,1,1,1,1
Method,"org.apache.xmpbox.schema.XMPSchemaTest.testProperties()",xmpbox/src/test/java/org/apache/xmpbox/schema/XMPSchemaTest.java,,,,,,,,,,,,,,,,,,,,,,,,,3,101,14,79,17,59,9,31,16,51,56,16,46,5,5,5,1,,,,,,1,,0,11,5,5,5,1
Method,"org.apache.xmpbox.schema.XMPSchemaTest.testSeqManagement()",xmpbox/src/test/java/org/apache/xmpbox/schema/XMPSchemaTest.java,,,,,,,,,,,,,,,,,,,,,,,,,2,36,6,24,8,20,6,16,1,20,21,7,18,1,1,1,1,,,,,,0,,0,25,1,1,1,1
Method,"org.apache.xmpbox.schema.XMPSchemaTest.testSetSpecifiedSimpleTypeProperty()",xmpbox/src/test/java/org/apache/xmpbox/schema/XMPSchemaTest.java,,,,,,,,,,,,,,,,,,,,,,,,,1,13,0,13,5,9,0,5,1,9,10,4,6,1,1,1,1,,,,,,0,,0,00,1,1,1,1
Method,"org.apache.xmpbox.schema.XMPSchemaTest.testSpecifiedSimplePropertyFormer()",xmpbox/src/test/java/org/apache/xmpbox/schema/XMPSchemaTest.java,,,,,,,,,,,,,,,,,,,,,,,,,1,12,0,12,6,8,0,9,1,8,9,5,5,1,1,1,1,,,,,,0,,0,00,1,1,1,1
Class,"org.apache.xmpbox.schema.XMPSchemaTester",xmpbox/src/test/java/org/apache/xmpbox/schema/XMPSchemaTester.java,2,2,3,1,16,1,15,0,1,31,0,,2,0,,,28,6,30,42,0,0,25,5,,564,64,461,161,266,39,,,223,308,169,254,,,,,23,23,40,4,1,4,52,0,08,75,75,101,33
Public Constructor,"org.apache.xmpbox.schema.XMPSchemaTester.XMPSchemaTester(XMPMetadata,XMPSchema,Class<?>,String,PropertyType,Object)",xmpbox/src/test/java/org/apache/xmpbox/schema/XMPSchemaTester.java,,,,,,,,,,,,,,,,,,,,,,,,,16,9,0,9,1,6,0,7,1,6,7,1,6,1,1,1,1,,,,,,0,,0,00,1,1,1,1
Protected Method,"org.apache.xmpbox.schema.XMPSchemaTester.addMethod(String)",xmpbox/src/test/java/org/apache/xmpbox/schema/XMPSchemaTester.java,,,,,,,,,,,,,,,,,,,,,,,,,2,7,0,7,3,4,0,6,1,4,5,3,4,1,1,1,1,,,,,,0,,0,00,1,1,1,1
Protected Method,"org.apache.xmpbox.schema.XMPSchemaTester.addToValueMethod(String)",xmpbox/src/test/java/org/apache/xmpbox/schema/XMPSchemaTester.java,,,,,,,,,,,,,,,,,,,,,,,,,5,8,1,7,3,4,0,6,1,4,5,3,4,1,1,1,1,,,,,,0,,0,00,1,1,1,1
Public Static Method,"org.apache.xmpbox.schema.XMPSchemaTester.createPropertyType(Types)",xmpbox/src/test/java/org/apache/xmpbox/schema/XMPSchemaTester.java,,,,,,,,,,,,,,,,,,,,,,,,,7,4,0,4,1,1,0,2,1,1,2,1,1,1,1,1,1,,,,,,0,,0,00,1,1,1,1
Public Static Method,"org.apache.xmpbox.schema.XMPSchemaTester.createPropertyType(Types,Cardinality)",xmpbox/src/test/java/org/apache/xmpbox/schema/XMPSchemaTester.java,,,,,,,,,,,,,,,,,,,,,,,,,5,4,0,4,1,1,0,2,1,1,2,1,1,1,1,1,1,,,,,,0,,0,00,1,1,1,1
Protected Method,"org.apache.xmpbox.schema.XMPSchemaTester.firstUpper(String)",xmpbox/src/test/java/org/apache/xmpbox/schema/XMPSchemaTester.java,,,,,,,,,,,,,,,,,,,,,,,,,8,7,0,7,2,4,0,8,1,4,5,2,4,1,1,1,1,,,,,,0,,0,00,1,1,1,1
Protected Method,"org.apache.xmpbox.schema.XMPSchemaTester.getMethod(String)",xmpbox/src/test/java/org/apache/xmpbox/schema/XMPSchemaTester.java,,,,,,,,,,,,,,,,,,,,,,,,,9,7,0,7,3,4,0,6,1,4,5,3,4,1,1,1,1,,,,,,0,,0,00,1,1,1,1
Protected Method,"org.apache.xmpbox.schema.XMPSchemaTester.getValueMethod(String)",xmpbox/src/test/java/org/apache/xmpbox/schema/XMPSchemaTester.java,,,,,,,,,,,,,,,,,,,,,,,,,10,6,0,6,2,3,0,6,1,3,4,2,3,1,1,1,1,,,,,,0,,0,00,1,1,1,1
Protected Method,"org.apache.xmpbox.schema.XMPSchemaTester.prepareName(String,PropertyType)",xmpbox/src/test/java/org/apache/xmpbox/schema/XMPSchemaTester.java,,,,,,,,,,,,,,,,,,,,,,,,,6,19,0,17,3,8,2,8,4,5,9,3,8,4,4,4,1,,,,,,1,,0,12,4,4,4,1
Protected Method,"org.apache.xmpbox.schema.XMPSchemaTester.retrievePropertyType(String)",xmpbox/src/test/java/org/apache/xmpbox/schema/XMPSchemaTester.java,,,,,,,,,,,,,,,,,,,,,,,,,5,16,0,16,3,7,0,6,4,4,9,4,7,4,4,4,4,,,,,,3,,0,00,4,4,4,4
Protected Method,"org.apache.xmpbox.schema.XMPSchemaTester.setMethod(String)",xmpbox/src/test/java/org/apache/xmpbox/schema/XMPSchemaTester.java,,,,,,,,,,,,,,,,,,,,,,,,,9,6,0,6,2,3,0,6,1,3,4,2,3,1,1,1,1,,,,,,0,,0,00,1,1,1,1
Protected Method,"org.apache.xmpbox.schema.XMPSchemaTester.setValueMethod(String)",xmpbox/src/test/java/org/apache/xmpbox/schema/XMPSchemaTester.java,,,,,,,,,,,,,,,,,,,,,,,,,5,7,0,7,3,4,0,6,1,4,5,3,4,1,1,1,1,,,,,,0,,0,00,1,1,1,1
Protected Method,"org.apache.xmpbox.schema.XMPSchemaTester.testGetSetAgentNameProperty()",xmpbox/src/test/java/org/apache/xmpbox/schema/XMPSchemaTester.java,,,,,,,,,,,,,,,,,,,,,,,,,6,15,3,12,8,9,0,9,1,8,9,7,8,1,1,1,1,,,,,,0,,0,00,1,1,1,1
Protected Method,"org.apache.xmpbox.schema.XMPSchemaTester.testGetSetBooleanProperty()",xmpbox/src/test/java/org/apache/xmpbox/schema/XMPSchemaTester.java,,,,,,,,,,,,,,,,,,,,,,,,,6,14,3,11,7,8,0,8,1,8,9,7,8,1,1,1,1,,,,,,0,,0,00,1,1,1,1
Protected Method,"org.apache.xmpbox.schema.XMPSchemaTester.testGetSetBooleanValue()",xmpbox/src/test/java/org/apache/xmpbox/schema/XMPSchemaTester.java,,,,,,,,,,,,,,,,,,,,,,,,,5,13,3,10,6,7,0,5,1,7,8,6,7,1,1,1,1,,,,,,0,,0,00,1,1,1,1
Protected Method,"org.apache.xmpbox.schema.XMPSchemaTester.testGetSetDateListValue(String)",xmpbox/src/test/java/org/apache/xmpbox/schema/XMPSchemaTester.java,,,,,,,,,,,,,,,,,,,,,,,,,5,20,0,18,7,11,2,7,4,9,14,9,10,3,3,3,1,,,,,,1,,0,11,3,3,3,1
Protected Method,"org.apache.xmpbox.schema.XMPSchemaTester.testGetSetDateProperty()",xmpbox/src/test/java/org/apache/xmpbox/schema/XMPSchemaTester.java,,,,,,,,,,,,,,,,,,,,,,,,,6,13,2,11,7,8,0,8,1,8,9,7,8,1,1,1,1,,,,,,0,,0,00,1,1,1,1
Protected Method,"org.apache.xmpbox.schema.XMPSchemaTester.testGetSetDateValue()",xmpbox/src/test/java/org/apache/xmpbox/schema/XMPSchemaTester.java,,,,,,,,,,,,,,,,,,,,,,,,,5,13,3,10,6,7,0,5,1,7,8,6,7,1,1,1,1,,,,,,0,,0,00,1,1,1,1
Protected Method,"org.apache.xmpbox.schema.XMPSchemaTester.testGetSetIntegerProperty()",xmpbox/src/test/java/org/apache/xmpbox/schema/XMPSchemaTester.java,,,,,,,,,,,,,,,,,,,,,,,,,6,13,2,11,7,8,0,8,1,8,9,7,8,1,1,1,1,,,,,,0,,0,00,1,1,1,1
Protected Method,"org.apache.xmpbox.schema.XMPSchemaTester.testGetSetIntegerValue()",xmpbox/src/test/java/org/apache/xmpbox/schema/XMPSchemaTester.java,,,,,,,,,,,,,,,,,,,,,,,,,5,13,3,10,6,7,0,5,1,7,8,6,7,1,1,1,1,,,,,,0,,0,00,1,1,1,1
Protected Method,"org.apache.xmpbox.schema.XMPSchemaTester.testGetSetLangAltValue()",xmpbox/src/test/java/org/apache/xmpbox/schema/XMPSchemaTester.java,,,,,,,,,,,,,,,,,,,,,,,,,5,23,1,20,10,13,2,10,4,11,16,12,12,3,3,3,1,,,,,,1,,0,10,3,3,3,1
Public Method,"org.apache.xmpbox.schema.XMPSchemaTester.testGetSetProperty()",xmpbox/src/test/java/org/apache/xmpbox/schema/XMPSchemaTester.java,,,,,,,,,,,,,,,,,,,,,,,,,26,107,0,101,7,50,6,26,128,26,50,8,48,23,23,40,1,,,,,,4,,0,06,23,23,40,1
Protected Method,"org.apache.xmpbox.schema.XMPSchemaTester.testGetSetTextListValue(String)",xmpbox/src/test/java/org/apache/xmpbox/schema/XMPSchemaTester.java,,,,,,,,,,,,,,,,,,,,,,,,,5,20,0,18,7,11,2,7,4,9,14,9,10,3,3,3,1,,,,,,1,,0,11,3,3,3,1
Protected Method,"org.apache.xmpbox.schema.XMPSchemaTester.testGetSetTextProperty()",xmpbox/src/test/java/org/apache/xmpbox/schema/XMPSchemaTester.java,,,,,,,,,,,,,,,,,,,,,,,,,6,14,3,11,7,8,0,9,1,8,9,7,8,1,1,1,1,,,,,,0,,0,00,1,1,1,1
Protected Method,"org.apache.xmpbox.schema.XMPSchemaTester.testGetSetTextValue()",xmpbox/src/test/java/org/apache/xmpbox/schema/XMPSchemaTester.java,,,,,,,,,,,,,,,,,,,,,,,,,5,13,3,10,6,7,0,5,1,7,8,6,7,1,1,1,1,,,,,,0,,0,00,1,1,1,1
Protected Method,"org.apache.xmpbox.schema.XMPSchemaTester.testGetSetThumbnail()",xmpbox/src/test/java/org/apache/xmpbox/schema/XMPSchemaTester.java,,,,,,,,,,,,,,,,,,,,,,,,,4,19,0,19,11,16,0,11,1,16,17,11,12,1,1,1,1,,,,,,0,,0,00,1,1,1,1
Protected Method,"org.apache.xmpbox.schema.XMPSchemaTester.testGetSetURIProperty()",xmpbox/src/test/java/org/apache/xmpbox/schema/XMPSchemaTester.java,,,,,,,,,,,,,,,,,,,,,,,,,6,14,3,11,7,8,0,9,1,8,9,7,8,1,1,1,1,,,,,,0,,0,00,1,1,1,1
Protected Method,"org.apache.xmpbox.schema.XMPSchemaTester.testGetSetURLProperty()",xmpbox/src/test/java/org/apache/xmpbox/schema/XMPSchemaTester.java,,,,,,,,,,,,,,,,,,,,,,,,,6,14,3,11,7,8,0,9,1,8,9,7,8,1,1,1,1,,,,,,0,,0,00,1,1,1,1
Protected Method,"org.apache.xmpbox.schema.XMPSchemaTester.testGetSetURLValue()",xmpbox/src/test/java/org/apache/xmpbox/schema/XMPSchemaTester.java,,,,,,,,,,,,,,,,,,,,,,,,,4,20,1,17,10,12,2,6,2,11,14,11,11,2,2,2,1,,,,,,1,,0,12,2,2,2,1
Public Method,"org.apache.xmpbox.schema.XMPSchemaTester.testGetSetValue()",xmpbox/src/test/java/org/apache/xmpbox/schema/XMPSchemaTester.java,,,,,,,,,,,,,,,,,,,,,,,,,16,47,0,44,1,19,3,8,11,8,19,1,18,11,11,20,1,,,,,,1,,0,07,11,11,20,1
Public Class,"org.apache.xmpbox.schema.XMPageTextSchema",xmpbox/src/main/java/org/apache/xmpbox/schema/XMPageTextSchema.java,1,1,1,1,4,0,4,0,1,5,0,,0,2,,,2,0,2,108,0,0,0,2,,48,5,16,8,4,28,,,4,7,5,2,,,,,1,1,1,1,5,0,0,1,75,2,2,2,2
Public Constructor,"org.apache.xmpbox.schema.XMPageTextSchema.XMPageTextSchema(XMPMetadata)",xmpbox/src/main/java/org/apache/xmpbox/schema/XMPageTextSchema.java,,,,,,,,,,,,,,,,,,,,,,,,,1,4,0,4,1,1,0,2,1,1,2,1,1,1,1,1,1,,,,,,0,,0,00,1,1,1,1
Public Constructor,"org.apache.xmpbox.schema.XMPageTextSchema.XMPageTextSchema(XMPMetadata,String)",xmpbox/src/main/java/org/apache/xmpbox/schema/XMPageTextSchema.java,,,,,,,,,,,,,,,,,,,,,,,,,2,4,0,4,1,1,0,2,1,1,2,1,1,1,1,1,1,,,,,,0,,0,00,1,1,1,1
Class,"org.apache.xmpbox.schema.XmpRightsSchemaTest",xmpbox/src/test/java/org/apache/xmpbox/schema/XmpRightsSchemaTest.java,1,1,1,1,8,0,8,0,1,17,0,,1,0,,,3,3,4,16,4,0,0,0,,65,5,40,16,17,22,,,14,19,11,11,,,,,1,1,1,1,1,0,25,0,55,4,4,4,4
Method,"org.apache.xmpbox.schema.XmpRightsSchemaTest.initMetadata()",xmpbox/src/test/java/org/apache/xmpbox/schema/XmpRightsSchemaTest.java,,,,,,,,,,,,,,,,,,,,,,,,,1,7,0,7,2,3,0,5,1,3,4,1,3,1,1,1,1,,,,,,0,,0,00,1,1,1,1
Static Method,"org.apache.xmpbox.schema.XmpRightsSchemaTest.initializeParameters()",xmpbox/src/test/java/org/apache/xmpbox/schema/XmpRightsSchemaTest.java,,,,,,,,,,,,,,,,,,,,,,,,,5,14,1,13,2,10,2,7,1,4,5,2,4,1,1,1,1,,,,,,0,,0,15,1,1,1,1
Method,"org.apache.xmpbox.schema.XmpRightsSchemaTest.testElementProperty(String,PropertyType,Object)",xmpbox/src/test/java/org/apache/xmpbox/schema/XmpRightsSchemaTest.java,,,,,,,,,,,,,,,,,,,,,,,,,6,7,0,7,4,2,0,2,1,2,3,2,2,1,1,1,1,,,,,,0,,0,00,1,1,1,1
Method,"org.apache.xmpbox.schema.XmpRightsSchemaTest.testElementValue(String,PropertyType,Object)",xmpbox/src/test/java/org/apache/xmpbox/schema/XmpRightsSchemaTest.java,,,,,,,,,,,,,,,,,,,,,,,,,6,7,0,7,4,2,0,2,1,2,3,2,2,1,1,1,1,,,,,,0,,0,00,1,1,1,1
Public Class,"org.apache.xmpbox.schema.XmpSchemaException",xmpbox/src/main/java/org/apache/xmpbox/schema/XmpSchemaException.java,1,1,1,1,11,0,4,7,1,1,0,,0,1,,,2,0,2,45,0,0,0,2,,59,4,12,4,3,43,,,3,6,4,2,,,,,1,1,1,1,1,0,0,3,58,2,2,2,2
Public Constructor,"org.apache.xmpbox.schema.XmpSchemaException.XmpSchemaException(String)",xmpbox/src/main/java/org/apache/xmpbox/schema/XmpSchemaException.java,,,,,,,,,,,,,,,,,,,,,,,,,1,10,0,4,1,1,6,2,1,1,2,1,1,1,1,1,1,,,,,,0,,1,50,1,1,1,1
Public Constructor,"org.apache.xmpbox.schema.XmpSchemaException.XmpSchemaException(String,Throwable)",xmpbox/src/main/java/org/apache/xmpbox/schema/XmpSchemaException.java,,,,,,,,,,,,,,,,,,,,,,,,,3,12,0,4,1,1,8,2,1,1,2,1,1,1,1,1,1,,,,,,0,,2,00,1,1,1,1
Package,"org.apache.xmpbox.type",xmpbox/src/main/java/org/apache/xmpbox/type/AbstractComplexProperty.java,1,1,1,1,8,0,6,2,,,,56,3,86,54,,312,83,315,,29,12,7,267,,5240,717,2671,1019,939,1873,,,995,1439,855,717,,,,,5,5,5,5,,3,,0,70,410,410,412,333
Public Abstract Class,"org.apache.xmpbox.type.AbstractComplexProperty",xmpbox/src/main/java/org/apache/xmpbox/type/AbstractComplexProperty.java,1,1,1,1,7,0,5,2,1,8,2,,0,0,,,11,2,11,34,0,0,1,10,,127,14,65,16,21,48,,,20,35,16,21,,,,,2,2,2,1,2,1,45,0,74,14,14,14,11
Public Constructor,"org.apache.xmpbox.type.AbstractComplexProperty.AbstractComplexProperty(XMPMetadata,String)",xmpbox/src/main/java/org/apache/xmpbox/type/AbstractComplexProperty.java,,,,,,,,,,,,,,,,,,,,,,,,,4,6,0,6,1,3,0,6,1,3,4,1,3,1,1,1,1,,,,,,0,,0,00,1,1,1,1
Public Method,"org.apache.xmpbox.type.AbstractComplexProperty.addNamespace(String,String)",xmpbox/src/main/java/org/apache/xmpbox/type/AbstractComplexProperty.java,,,,,,,,,,,,,,,,,,,,,,,,,10,4,0,4,1,1,0,1,1,1,2,1,1,1,1,1,1,,,,,,0,,0,00,1,1,1,1
Public Final Method,"org.apache.xmpbox.type.AbstractComplexProperty.addProperty(AbstractField)",xmpbox/src/main/java/org/apache/xmpbox/type/AbstractComplexProperty.java,,,,,,,,,,,,,,,,,,,,,,,,,90,20,0,8,1,3,12,3,2,2,4,1,3,2,2,2,1,,,,,,1,,1,50,2,2,2,1
Public Method,"org.apache.xmpbox.type.AbstractComplexProperty.getAllNamespacesWithPrefix()",xmpbox/src/main/java/org/apache/xmpbox/type/AbstractComplexProperty.java,,,,,,,,,,,,,,,,,,,,,,,,,2,4,0,4,1,1,0,1,1,1,2,1,1,1,1,1,1,,,,,,0,,0,00,1,1,1,1
Public Final Method,"org.apache.xmpbox.type.AbstractComplexProperty.getAllProperties()",xmpbox/src/main/java/org/apache/xmpbox/type/AbstractComplexProperty.java,,,,,,,,,,,,,,,,,,,,,,,,,13,4,0,4,1,1,0,2,1,1,2,1,1,1,1,1,1,,,,,,0,,0,00,1,1,1,1
Public Final Method,"org.apache.xmpbox.type.AbstractComplexProperty.getArrayProperty(String)",xmpbox/src/main/java/org/apache/xmpbox/type/AbstractComplexProperty.java,,,,,,,,,,,,,,,,,,,,,,,,,5,11,0,9,2,4,2,3,2,3,5,2,4,2,2,2,1,,,,,,1,,0,22,2,2,2,1
Public Final Method,"org.apache.xmpbox.type.AbstractComplexProperty.getContainer()",xmpbox/src/main/java/org/apache/xmpbox/type/AbstractComplexProperty.java,,,,,,,,,,,,,,,,,,,,,,,,,29,4,0,4,1,1,0,1,1,1,2,1,1,1,1,1,1,,,,,,0,,0,00,1,1,1,1
Protected Final Method,"org.apache.xmpbox.type.AbstractComplexProperty.getFirstEquivalentProperty(String,Class<? extends AbstractField>)",xmpbox/src/main/java/org/apache/xmpbox/type/AbstractComplexProperty.java,,,,,,,,,,,,,,,,,,,,,,,,,29,4,0,4,1,1,0,2,1,1,2,1,1,1,1,1,1,,,,,,0,,0,00,1,1,1,1
Public Method,"org.apache.xmpbox.type.AbstractComplexProperty.getNamespacePrefix(String)",xmpbox/src/main/java/org/apache/xmpbox/type/AbstractComplexProperty.java,,,,,,,,,,,,,,,,,,,,,,,,,3,4,0,4,1,1,0,2,1,1,2,1,1,1,1,1,1,,,,,,0,,0,00,1,1,1,1
Public Final Method,"org.apache.xmpbox.type.AbstractComplexProperty.getProperty(String)",xmpbox/src/main/java/org/apache/xmpbox/type/AbstractComplexProperty.java,,,,,,,,,,,,,,,,,,,,,,,,,148,11,0,9,2,4,2,3,2,3,5,2,4,2,2,2,1,,,,,,1,,0,22,2,2,2,1
Public Final Method,"org.apache.xmpbox.type.AbstractComplexProperty.removeProperty(AbstractField)",xmpbox/src/main/java/org/apache/xmpbox/type/AbstractComplexProperty.java,,,,,,,,,,,,,,,,,,,,,,,,,4,10,0,4,1,1,6,1,1,1,2,1,1,1,1,1,1,,,,,,0,,1,50,1,1,1,1
Public Abstract Class,"org.apache.xmpbox.type.AbstractField",xmpbox/src/main/java/org/apache/xmpbox/type/AbstractField.java,1,1,1,1,9,0,4,4,1,7,2,,0,0,,,11,3,11,23,0,0,0,11,,137,16,46,15,11,75,,,16,26,15,11,,,,,1,1,1,1,1,0,59,1,63,9,9,9,9
Public Constructor,"org.apache.xmpbox.type.AbstractField.AbstractField(XMPMetadata,String)",xmpbox/src/main/java/org/apache/xmpbox/type/AbstractField.java,,,,,,,,,,,,,,,,,,,,,,,,,4,14,0,6,1,3,8,5,1,3,4,1,3,1,1,1,1,,,,,,0,,1,33,1,1,1,1
Public Final Method,"org.apache.xmpbox.type.AbstractField.containsAttribute(String)",xmpbox/src/main/java/org/apache/xmpbox/type/AbstractField.java,,,,,,,,,,,,,,,,,,,,,,,,,3,11,0,4,1,1,7,2,1,1,2,1,1,1,1,1,1,,,,,,0,,1,75,1,1,1,1
Public Final Method,"org.apache.xmpbox.type.AbstractField.getAllAttributes()",xmpbox/src/main/java/org/apache/xmpbox/type/AbstractField.java,,,,,,,,,,,,,,,,,,,,,,,,,8,9,0,4,1,1,5,3,1,1,2,1,1,1,1,1,1,,,,,,0,,1,25,1,1,1,1
Public Final Method,"org.apache.xmpbox.type.AbstractField.getAttribute(String)",xmpbox/src/main/java/org/apache/xmpbox/type/AbstractField.java,,,,,,,,,,,,,,,,,,,,,,,,,9,11,0,4,1,1,7,2,1,1,2,1,1,1,1,1,1,,,,,,0,,1,75,1,1,1,1
Public Final Method,"org.apache.xmpbox.type.AbstractField.getMetadata()",xmpbox/src/main/java/org/apache/xmpbox/type/AbstractField.java,,,,,,,,,,,,,,,,,,,,,,,,,13,4,0,4,1,1,0,1,1,1,2,1,1,1,1,1,1,,,,,,0,,0,00,1,1,1,1
Public Abstract Method,"org.apache.xmpbox.type.AbstractField.getNamespace()",xmpbox/src/main/java/org/apache/xmpbox/type/AbstractField.java,,,,,,,,,,,,,,,,,,,,,,,,,0,1,0,1,1,0,0,1,0,1,1,1,0,0,0,0,0,,,,,,0,,0,00,0,0,0,0
Public Abstract Method,"org.apache.xmpbox.type.AbstractField.getPrefix()",xmpbox/src/main/java/org/apache/xmpbox/type/AbstractField.java,,,,,,,,,,,,,,,,,,,,,,,,,1,6,0,1,1,0,5,1,0,1,1,1,0,0,0,0,0,,,,,,0,,5,00,0,0,0,0
Public Final Method,"org.apache.xmpbox.type.AbstractField.getPropertyName()",xmpbox/src/main/java/org/apache/xmpbox/type/AbstractField.java,,,,,,,,,,,,,,,,,,,,,,,,,16,9,0,4,1,1,5,1,1,1,2,1,1,1,1,1,1,,,,,,0,,1,25,1,1,1,1
Public Final Method,"org.apache.xmpbox.type.AbstractField.removeAttribute(String)",xmpbox/src/main/java/org/apache/xmpbox/type/AbstractField.java,,,,,,,,,,,,,,,,,,,,,,,,,4,11,1,4,1,1,6,1,1,1,2,1,1,1,1,1,1,,,,,,0,,1,50,1,1,1,1
Public Final Method,"org.apache.xmpbox.type.AbstractField.setAttribute(Attribute)",xmpbox/src/main/java/org/apache/xmpbox/type/AbstractField.java,,,,,,,,,,,,,,,,,,,,,,,,,11,10,0,4,1,1,6,2,1,1,2,1,1,1,1,1,1,,,,,,0,,1,50,1,1,1,1
Public Final Method,"org.apache.xmpbox.type.AbstractField.setPropertyName(String)",xmpbox/src/main/java/org/apache/xmpbox/type/AbstractField.java,,,,,,,,,,,,,,,,,,,,,,,,,3,4,0,4,1,1,0,1,1,1,2,1,1,1,1,1,1,,,,,,0,,0,00,1,1,1,1
Public Abstract Class,"org.apache.xmpbox.type.AbstractSimpleProperty",xmpbox/src/main/java/org/apache/xmpbox/type/AbstractSimpleProperty.java,1,1,1,1,12,0,5,6,1,4,5,,0,0,,,8,3,8,31,0,0,0,8,,122,14,37,16,9,71,,,15,21,12,9,,,,,1,1,1,1,2,0,60,1,92,5,5,5,5
Public Constructor,"org.apache.xmpbox.type.AbstractSimpleProperty.AbstractSimpleProperty(XMPMetadata,String,String,String,Object)",xmpbox/src/main/java/org/apache/xmpbox/type/AbstractSimpleProperty.java,,,,,,,,,,,,,,,,,,,,,,,,,10,24,1,9,2,5,14,6,1,5,6,1,5,1,1,1,1,,,,,,0,,1,56,1,1,1,1
Public Final Method,"org.apache.xmpbox.type.AbstractSimpleProperty.getNamespace()",xmpbox/src/main/java/org/apache/xmpbox/type/AbstractSimpleProperty.java,,,,,,,,,,,,,,,,,,,,,,,,,3,10,0,5,2,1,5,1,1,1,2,1,1,1,1,1,1,,,,,,0,,1,00,1,1,1,1
Public Method,"org.apache.xmpbox.type.AbstractSimpleProperty.getPrefix()",xmpbox/src/main/java/org/apache/xmpbox/type/AbstractSimpleProperty.java,,,,,,,,,,,,,,,,,,,,,,,,,3,10,0,5,2,1,5,1,1,1,2,1,1,1,1,1,1,,,,,,0,,1,00,1,1,1,1
Public Method,"org.apache.xmpbox.type.AbstractSimpleProperty.getRawValue()",xmpbox/src/main/java/org/apache/xmpbox/type/AbstractSimpleProperty.java,,,,,,,,,,,,,,,,,,,,,,,,,3,14,0,4,1,1,10,1,1,1,2,1,1,1,1,1,1,,,,,,0,,2,50,1,1,1,1
Public Abstract Method,"org.apache.xmpbox.type.AbstractSimpleProperty.getStringValue()",xmpbox/src/main/java/org/apache/xmpbox/type/AbstractSimpleProperty.java,,,,,,,,,,,,,,,,,,,,,,,,,5,6,0,1,1,0,5,1,0,1,1,1,0,0,0,0,0,,,,,,0,,5,00,0,0,0,0
Public Abstract Method,"org.apache.xmpbox.type.AbstractSimpleProperty.getValue()",xmpbox/src/main/java/org/apache/xmpbox/type/AbstractSimpleProperty.java,,,,,,,,,,,,,,,,,,,,,,,,,2,1,0,1,1,0,0,1,0,1,1,1,0,0,0,0,0,,,,,,0,,0,00,0,0,0,0
Public Abstract Method,"org.apache.xmpbox.type.AbstractSimpleProperty.setValue(Object)",xmpbox/src/main/java/org/apache/xmpbox/type/AbstractSimpleProperty.java,,,,,,,,,,,,,,,,,,,,,,,,,1,7,0,1,1,0,6,0,0,1,1,1,0,0,0,0,0,,,,,,0,,6,00,0,0,0,0
Public Method,"org.apache.xmpbox.type.AbstractSimpleProperty.toString()",xmpbox/src/main/java/org/apache/xmpbox/type/AbstractSimpleProperty.java,,,,,,,,,,,,,,,,,,,,,,,,,0,5,0,5,2,1,0,4,1,1,2,1,1,1,1,1,1,,,,,,0,,0,00,1,1,1,1
Public Abstract Class,"org.apache.xmpbox.type.AbstractStructuredType",xmpbox/src/main/java/org/apache/xmpbox/type/AbstractStructuredType.java,1,1,1,1,8,0,7,1,1,12,18,,0,1,,,13,3,13,47,0,0,3,10,,156,18,105,24,42,33,,,35,54,24,36,,,,,4,4,4,1,3,2,71,0,31,19,19,19,13
Public Constructor,"org.apache.xmpbox.type.AbstractStructuredType.AbstractStructuredType(XMPMetadata)",xmpbox/src/main/java/org/apache/xmpbox/type/AbstractStructuredType.java,,,,,,,,,,,,,,,,,,,,,,,,,16,4,0,4,1,1,0,2,1,1,2,1,1,1,1,1,1,,,,,,0,,0,00,1,1,1,1
Public Constructor,"org.apache.xmpbox.type.AbstractStructuredType.AbstractStructuredType(XMPMetadata,String)",xmpbox/src/main/java/org/apache/xmpbox/type/AbstractStructuredType.java,,,,,,,,,,,,,,,,,,,,,,,,,4,16,0,15,2,8,1,10,2,6,8,2,7,2,2,2,1,,,,,,1,,0,07,2,2,2,1
Public Constructor,"org.apache.xmpbox.type.AbstractStructuredType.AbstractStructuredType(XMPMetadata,String,String,String)",xmpbox/src/main/java/org/apache/xmpbox/type/AbstractStructuredType.java,,,,,,,,,,,,,,,,,,,,,,,,,10,23,0,21,2,12,2,10,3,8,11,2,10,4,4,4,1,,,,,,2,,0,10,4,4,4,1
Protected Method,"org.apache.xmpbox.type.AbstractStructuredType.addSimpleProperty(String,Object)",xmpbox/src/main/java/org/apache/xmpbox/type/AbstractStructuredType.java,,,,,,,,,,,,,,,,,,,,,,,,,38,6,0,6,3,3,0,6,1,3,4,3,3,1,1,1,1,,,,,,0,,0,00,1,1,1,1
Public Method,"org.apache.xmpbox.type.AbstractStructuredType.createArrayProperty(String,Cardinality)",xmpbox/src/main/java/org/apache/xmpbox/type/AbstractStructuredType.java,,,,,,,,,,,,,,,,,,,,,,,,,10,4,0,4,1,1,0,6,1,1,2,1,1,1,1,1,1,,,,,,0,,0,00,1,1,1,1
Public Method,"org.apache.xmpbox.type.AbstractStructuredType.createTextType(String,String)",xmpbox/src/main/java/org/apache/xmpbox/type/AbstractStructuredType.java,,,,,,,,,,,,,,,,,,,,,,,,,17,4,0,4,1,1,0,6,1,1,2,1,1,1,1,1,1,,,,,,0,,0,00,1,1,1,1
Protected Method,"org.apache.xmpbox.type.AbstractStructuredType.getDatePropertyAsCalendar(String)",xmpbox/src/main/java/org/apache/xmpbox/type/AbstractStructuredType.java,,,,,,,,,,,,,,,,,,,,,,,,,4,12,0,12,2,5,0,3,2,3,5,2,4,2,2,2,1,,,,,,1,,0,00,2,2,2,1
Public Final Method,"org.apache.xmpbox.type.AbstractStructuredType.getNamespace()",xmpbox/src/main/java/org/apache/xmpbox/type/AbstractStructuredType.java,,,,,,,,,,,,,,,,,,,,,,,,,18,9,0,4,1,1,5,1,1,1,2,1,1,1,1,1,1,,,,,,0,,1,25,1,1,1,1
Public Final Method,"org.apache.xmpbox.type.AbstractStructuredType.getPreferedPrefix()",xmpbox/src/main/java/org/apache/xmpbox/type/AbstractStructuredType.java,,,,,,,,,,,,,,,,,,,,,,,,,6,4,0,4,1,1,0,1,1,1,2,1,1,1,1,1,1,,,,,,0,,0,00,1,1,1,1
Public Final Method,"org.apache.xmpbox.type.AbstractStructuredType.getPrefix()",xmpbox/src/main/java/org/apache/xmpbox/type/AbstractStructuredType.java,,,,,,,,,,,,,,,,,,,,,,,,,29,9,0,4,1,1,5,1,1,1,2,1,1,1,1,1,1,,,,,,0,,1,25,1,1,1,1
Protected Method,"org.apache.xmpbox.type.AbstractStructuredType.getPropertyValueAsString(String)",xmpbox/src/main/java/org/apache/xmpbox/type/AbstractStructuredType.java,,,,,,,,,,,,,,,,,,,,,,,,,13,12,0,12,2,5,0,3,2,3,5,2,4,2,2,2,1,,,,,,1,,0,00,2,2,2,1
Public Final Method,"org.apache.xmpbox.type.AbstractStructuredType.setNamespace(String)",xmpbox/src/main/java/org/apache/xmpbox/type/AbstractStructuredType.java,,,,,,,,,,,,,,,,,,,,,,,,,2,4,0,4,1,1,0,1,1,1,2,1,1,1,1,1,1,,,,,,0,,0,00,1,1,1,1
Public Final Method,"org.apache.xmpbox.type.AbstractStructuredType.setPrefix(String)",xmpbox/src/main/java/org/apache/xmpbox/type/AbstractStructuredType.java,,,,,,,,,,,,,,,,,,,,,,,,,5,4,0,4,1,1,0,1,1,1,2,1,1,1,1,1,1,,,,,,0,,0,00,1,1,1,1
Public Abstract Class,"org.apache.xmpbox.type.AbstractTypeTester",xmpbox/src/test/java/org/apache/xmpbox/type/AbstractTypeTester.java,2,2,2,1,11,0,11,0,1,16,2,,0,3,,,8,1,8,20,0,0,1,7,,131,14,97,21,46,20,,,34,54,22,41,,,,,5,5,5,5,1,2,75,0,21,18,18,18,15
Public Method,"org.apache.xmpbox.type.AbstractTypeTester.calculateArrayGetter(String)",xmpbox/src/test/java/org/apache/xmpbox/type/AbstractTypeTester.java,,,,,,,,,,,,,,,,,,,,,,,,,3,11,0,11,3,6,0,7,2,5,7,3,6,2,2,2,1,,,,,,1,,0,00,2,2,2,1
Public Method,"org.apache.xmpbox.type.AbstractTypeTester.calculateFieldNameForMethod(String)",xmpbox/src/test/java/org/apache/xmpbox/type/AbstractTypeTester.java,,,,,,,,,,,,,,,,,,,,,,,,,5,6,0,6,2,3,0,8,1,3,4,2,3,1,1,1,1,,,,,,0,,0,00,1,1,1,1
Public Method,"org.apache.xmpbox.type.AbstractTypeTester.calculateSimpleGetter(String)",xmpbox/src/test/java/org/apache/xmpbox/type/AbstractTypeTester.java,,,,,,,,,,,,,,,,,,,,,,,,,5,6,0,6,2,3,0,6,1,3,4,2,3,1,1,1,1,,,,,,0,,0,00,1,1,1,1
Public Method,"org.apache.xmpbox.type.AbstractTypeTester.calculateSimpleSetter(String)",xmpbox/src/test/java/org/apache/xmpbox/type/AbstractTypeTester.java,,,,,,,,,,,,,,,,,,,,,,,,,3,6,0,6,2,3,0,6,1,3,4,2,3,1,1,1,1,,,,,,0,,0,00,1,1,1,1
Public Method,"org.apache.xmpbox.type.AbstractTypeTester.getJavaType(Types)",xmpbox/src/test/java/org/apache/xmpbox/type/AbstractTypeTester.java,,,,,,,,,,,,,,,,,,,,,,,,,3,23,0,23,1,10,0,4,5,5,10,1,9,5,5,5,5,,,,,,1,,0,00,5,5,5,5
Public Method,"org.apache.xmpbox.type.AbstractTypeTester.getJavaValue(Types)",xmpbox/src/test/java/org/apache/xmpbox/type/AbstractTypeTester.java,,,,,,,,,,,,,,,,,,,,,,,,,10,21,0,21,2,10,0,8,4,6,10,2,9,4,4,4,4,,,,,,1,,0,00,4,4,4,4
Public Method,"org.apache.xmpbox.type.AbstractTypeTester.getXmpFields(Class<?>)",xmpbox/src/test/java/org/apache/xmpbox/type/AbstractTypeTester.java,,,,,,,,,,,,,,,,,,,,,,,,,5,13,0,13,3,6,0,5,3,4,8,4,6,3,3,3,1,,,,,,2,,0,00,3,3,3,1
Protected Method,"org.apache.xmpbox.type.AbstractTypeTester.initializeSeed(Random)",xmpbox/src/test/java/org/apache/xmpbox/type/AbstractTypeTester.java,,,,,,,,,,,,,,,,,,,,,,,,,8,4,0,4,1,1,0,1,1,1,2,1,1,1,1,1,1,,,,,,0,,0,00,1,1,1,1
Public Class,"org.apache.xmpbox.type.AgentNameType",xmpbox/src/main/java/org/apache/xmpbox/type/AgentNameType.java,1,1,1,1,4,0,4,0,1,2,0,,0,0,,,1,0,1,36,0,0,0,1,,29,2,7,2,1,20,,,1,3,2,1,,,,,1,1,1,1,4,0,0,2,86,1,1,1,1
Public Constructor,"org.apache.xmpbox.type.AgentNameType.AgentNameType(XMPMetadata,String,String,String,Object)",xmpbox/src/main/java/org/apache/xmpbox/type/AgentNameType.java,,,,,,,,,,,,,,,,,,,,,,,,,6,4,0,4,1,1,0,2,1,1,2,1,1,1,1,1,1,,,,,,0,,0,00,1,1,1,1
Public Class,"org.apache.xmpbox.type.ArrayProperty",xmpbox/src/main/java/org/apache/xmpbox/type/ArrayProperty.java,1,1,1,1,10,0,5,4,1,10,0,,0,0,,,5,3,5,39,0,0,0,5,,93,9,34,13,11,50,,,14,20,11,11,,,,,1,1,1,1,3,0,60,1,47,6,6,6,6
Public Constructor,"org.apache.xmpbox.type.ArrayProperty.ArrayProperty(XMPMetadata,String,String,String,Cardinality)",xmpbox/src/main/java/org/apache/xmpbox/type/ArrayProperty.java,,,,,,,,,,,,,,,,,,,,,,,,,6,21,0,7,1,4,14,5,1,4,5,1,4,1,1,1,1,,,,,,0,,2,00,1,1,1,1
Public Method,"org.apache.xmpbox.type.ArrayProperty.getArrayType()",xmpbox/src/main/java/org/apache/xmpbox/type/ArrayProperty.java,,,,,,,,,,,,,,,,,,,,,,,,,2,4,0,4,1,1,0,1,1,1,2,1,1,1,1,1,1,,,,,,0,,0,00,1,1,1,1
Public Method,"org.apache.xmpbox.type.ArrayProperty.getElementsAsString()",xmpbox/src/main/java/org/apache/xmpbox/type/ArrayProperty.java,,,,,,,,,,,,,,,,,,,,,,,,,4,7,0,7,3,4,0,7,1,4,5,3,4,1,1,1,1,,,,,,0,,0,00,2,2,2,2
Lambda Method,"org.apache.xmpbox.type.ArrayProperty.getElementsAsString.(lambda_expr_1)(AbstractField (inferred))",xmpbox/src/main/java/org/apache/xmpbox/type/ArrayProperty.java,,,,,,,,,,,,,,,,,,,,,,,,,1,1,0,1,0,1,0,3,1,0,0,0,0,1,1,1,1,,,,,,0,,0,00,1,1,1,1
Public Final Method,"org.apache.xmpbox.type.ArrayProperty.getNamespace()",xmpbox/src/main/java/org/apache/xmpbox/type/ArrayProperty.java,,,,,,,,,,,,,,,,,,,,,,,,,1,10,0,5,2,1,5,1,1,1,2,1,1,1,1,1,1,,,,,,0,,1,00,1,1,1,1
Public Method,"org.apache.xmpbox.type.ArrayProperty.getPrefix()",xmpbox/src/main/java/org/apache/xmpbox/type/ArrayProperty.java,,,,,,,,,,,,,,,,,,,,,,,,,2,10,0,5,2,1,5,1,1,1,2,1,1,1,1,1,1,,,,,,0,,1,00,1,1,1,1
Public Class,"org.apache.xmpbox.type.Attribute",xmpbox/src/main/java/org/apache/xmpbox/type/Attribute.java,1,1,1,1,9,0,4,5,1,1,0,,0,0,,,8,3,8,20,0,0,0,8,,121,12,40,12,10,69,,,13,22,12,10,,,,,1,1,1,1,1,0,50,1,73,8,8,8,8
Public Constructor,"org.apache.xmpbox.type.Attribute.Attribute(String,String,String)",xmpbox/src/main/java/org/apache/xmpbox/type/Attribute.java,,,,,,,,,,,,,,,,,,,,,,,,,14,16,0,6,1,3,10,4,1,3,4,1,3,1,1,1,1,,,,,,0,,1,67,1,1,1,1
Public Method,"org.apache.xmpbox.type.Attribute.getName()",xmpbox/src/main/java/org/apache/xmpbox/type/Attribute.java,,,,,,,,,,,,,,,,,,,,,,,,,11,9,0,4,1,1,5,1,1,1,2,1,1,1,1,1,1,,,,,,0,,1,25,1,1,1,1
Public Method,"org.apache.xmpbox.type.Attribute.getNamespace()",xmpbox/src/main/java/org/apache/xmpbox/type/Attribute.java,,,,,,,,,,,,,,,,,,,,,,,,,7,9,0,4,1,1,5,1,1,1,2,1,1,1,1,1,1,,,,,,0,,1,25,1,1,1,1
Public Method,"org.apache.xmpbox.type.Attribute.getValue()",xmpbox/src/main/java/org/apache/xmpbox/type/Attribute.java,,,,,,,,,,,,,,,,,,,,,,,,,11,9,0,4,1,1,5,1,1,1,2,1,1,1,1,1,1,,,,,,0,,1,25,1,1,1,1
Public Method,"org.apache.xmpbox.type.Attribute.setName(String)",xmpbox/src/main/java/org/apache/xmpbox/type/Attribute.java,,,,,,,,,,,,,,,,,,,,,,,,,2,10,0,4,1,1,6,1,1,1,2,1,1,1,1,1,1,,,,,,0,,1,50,1,1,1,1
Public Method,"org.apache.xmpbox.type.Attribute.setNsURI(String)",xmpbox/src/main/java/org/apache/xmpbox/type/Attribute.java,,,,,,,,,,,,,,,,,,,,,,,,,2,10,0,4,1,1,6,1,1,1,2,1,1,1,1,1,1,,,,,,0,,1,50,1,1,1,1
Public Method,"org.apache.xmpbox.type.Attribute.setValue(String)",xmpbox/src/main/java/org/apache/xmpbox/type/Attribute.java,,,,,,,,,,,,,,,,,,,,,,,,,2,10,0,4,1,1,6,1,1,1,2,1,1,1,1,1,1,,,,,,0,,1,50,1,1,1,1
Public Method,"org.apache.xmpbox.type.Attribute.toString()",xmpbox/src/main/java/org/apache/xmpbox/type/Attribute.java,,,,,,,,,,,,,,,,,,,,,,,,,3,4,0,4,1,1,0,1,1,1,2,1,1,1,1,1,1,,,,,,0,,0,00,1,1,1,1
Class,"org.apache.xmpbox.type.AttributeTest",xmpbox/src/test/java/org/apache/xmpbox/type/AttributeTest.java,1,1,1,1,21,4,16,0,1,3,0,,0,0,,,2,0,2,14,2,0,0,0,,67,11,36,16,25,20,,,25,28,14,16,,,,,1,1,1,1,1,0,0,0,56,2,2,2,2
Method,"org.apache.xmpbox.type.AttributeTest.testAtt()",xmpbox/src/test/java/org/apache/xmpbox/type/AttributeTest.java,,,,,,,,,,,,,,,,,,,,,,,,,0,26,6,20,9,16,0,8,1,16,17,8,10,1,1,1,1,,,,,,0,,0,00,1,1,1,1
Method,"org.apache.xmpbox.type.AttributeTest.testAttWithoutPrefix()",xmpbox/src/test/java/org/apache/xmpbox/type/AttributeTest.java,,,,,,,,,,,,,,,,,,,,,,,,,0,16,3,13,6,9,0,4,1,9,10,5,6,1,1,1,1,,,,,,0,,0,00,1,1,1,1
Public Class,"org.apache.xmpbox.type.BadFieldValueException",xmpbox/src/main/java/org/apache/xmpbox/type/BadFieldValueException.java,1,1,1,1,12,1,4,7,1,1,0,,0,1,,,2,0,2,45,0,0,0,2,,62,6,12,4,3,44,,,3,6,4,2,,,,,1,1,1,1,1,0,0,3,67,2,2,2,2
Public Constructor,"org.apache.xmpbox.type.BadFieldValueException.BadFieldValueException(String)",xmpbox/src/main/java/org/apache/xmpbox/type/BadFieldValueException.java,,,,,,,,,,,,,,,,,,,,,,,,,18,11,1,4,1,1,6,2,1,1,2,1,1,1,1,1,1,,,,,,0,,1,50,1,1,1,1
Public Constructor,"org.apache.xmpbox.type.BadFieldValueException.BadFieldValueException(String,Throwable)",xmpbox/src/main/java/org/apache/xmpbox/type/BadFieldValueException.java,,,,,,,,,,,,,,,,,,,,,,,,,3,13,1,4,1,1,8,2,1,1,2,1,1,1,1,1,1,,,,,,0,,2,00,1,1,1,1
Public Class,"org.apache.xmpbox.type.BooleanType",xmpbox/src/main/java/org/apache/xmpbox/type/BooleanType.java,2,2,2,1,17,0,10,7,1,5,0,,0,2,,,4,1,4,35,0,0,0,4,,111,8,48,12,17,55,,,12,21,9,13,,,,,5,5,5,1,3,2,25,1,15,9,9,9,4
Public Constructor,"org.apache.xmpbox.type.BooleanType.BooleanType(XMPMetadata,String,String,String,Object)",xmpbox/src/main/java/org/apache/xmpbox/type/BooleanType.java,,,,,,,,,,,,,,,,,,,,,,,,,9,18,0,4,1,1,14,2,1,1,2,1,1,1,1,1,1,,,,,,0,,3,50,1,1,1,1
Public Method,"org.apache.xmpbox.type.BooleanType.getStringValue()",xmpbox/src/main/java/org/apache/xmpbox/type/BooleanType.java,,,,,,,,,,,,,,,,,,,,,,,,,5,5,0,5,2,1,0,1,1,1,2,1,1,2,2,2,1,,,,,,0,,0,00,2,2,2,1
Public Method,"org.apache.xmpbox.type.BooleanType.getValue()",xmpbox/src/main/java/org/apache/xmpbox/type/BooleanType.java,,,,,,,,,,,,,,,,,,,,,,,,,7,10,0,5,2,1,5,1,1,1,2,1,1,1,1,1,1,,,,,,0,,1,00,1,1,1,1
Public Method,"org.apache.xmpbox.type.BooleanType.setValue(Object)",xmpbox/src/main/java/org/apache/xmpbox/type/BooleanType.java,,,,,,,,,,,,,,,,,,,,,,,,,1,38,0,28,3,12,10,6,5,6,11,2,10,5,5,5,1,,,,,,2,,0,36,5,5,5,1
Public Class,"org.apache.xmpbox.type.CFAPatternType",xmpbox/src/main/java/org/apache/xmpbox/type/CFAPatternType.java,1,1,1,1,4,0,4,0,1,6,0,,0,3,,,1,0,1,48,0,0,0,1,,41,5,14,9,4,23,,,4,6,5,1,,,,,1,1,1,1,4,0,0,1,64,1,1,1,1
Public Constructor,"org.apache.xmpbox.type.CFAPatternType.CFAPatternType(XMPMetadata)",xmpbox/src/main/java/org/apache/xmpbox/type/CFAPatternType.java,,,,,,,,,,,,,,,,,,,,,,,,,1,4,0,4,1,1,0,2,1,1,2,1,1,1,1,1,1,,,,,,0,,0,00,1,1,1,1
Public Enum Type,"org.apache.xmpbox.type.Cardinality",xmpbox/src/main/java/org/apache/xmpbox/type/Cardinality.java,0,0,0,0,2,0,2,0,1,1,0,,0,0,,,4,5,4,30,0,1,0,3,,38,5,13,5,2,20,,,4,6,4,2,,,,,1,1,1,1,1,0,,1,54,2,2,2,2
Private Constructor,"org.apache.xmpbox.type.Cardinality.Cardinality(boolean)",xmpbox/src/main/java/org/apache/xmpbox/type/Cardinality.java,,,,,,,,,,,,,,,,,,,,,,,,,1,4,0,4,1,1,0,2,1,1,2,1,1,1,1,1,1,,,,,,0,,0,00,1,1,1,1
Public Method,"org.apache.xmpbox.type.Cardinality.isArray()",xmpbox/src/main/java/org/apache/xmpbox/type/Cardinality.java,,,,,,,,,,,,,,,,,,,,,,,,,3,4,0,4,1,1,0,1,1,1,2,1,1,1,1,1,1,,,,,,0,,0,00,1,1,1,1
Public Implicit Method,"org.apache.xmpbox.type.Cardinality.valueOf()",xmpbox/src/main/java/org/apache/xmpbox/type/Cardinality.java,,,,,,,,,,,,,,,,,,,,,,,,,,,,,,,,,,,,,,,,,,,,,,,,,0,00,0,0,0,0
Public Implicit Method,"org.apache.xmpbox.type.Cardinality.values()",xmpbox/src/main/java/org/apache/xmpbox/type/Cardinality.java,,,,,,,,,,,,,,,,,,,,,,,,,,,,,,,,,,,,,,,,,,,,,,,,,0,00,0,0,0,0
Public Class,"org.apache.xmpbox.type.ChoiceType",xmpbox/src/main/java/org/apache/xmpbox/type/ChoiceType.java,1,1,1,1,4,0,4,0,1,2,0,,0,0,,,1,0,1,36,0,0,0,1,,29,2,7,2,1,20,,,1,3,2,1,,,,,1,1,1,1,4,0,0,2,86,1,1,1,1
Public Constructor,"org.apache.xmpbox.type.ChoiceType.ChoiceType(XMPMetadata,String,String,String,Object)",xmpbox/src/main/java/org/apache/xmpbox/type/ChoiceType.java,,,,,,,,,,,,,,,,,,,,,,,,,6,4,0,4,1,1,0,2,1,1,2,1,1,1,1,1,1,,,,,,0,,0,00,1,1,1,1
Public Class,"org.apache.xmpbox.type.ComplexPropertyContainer",xmpbox/src/main/java/org/apache/xmpbox/type/ComplexPropertyContainer.java,2,2,2,2,17,0,10,6,1,10,0,,0,0,,,9,1,9,21,0,0,1,8,,194,11,98,19,39,85,,,26,48,19,35,,,,,4,4,4,4,1,3,44,0,87,21,21,21,20
Public Constructor,"org.apache.xmpbox.type.ComplexPropertyContainer.ComplexPropertyContainer()",xmpbox/src/main/java/org/apache/xmpbox/type/ComplexPropertyContainer.java,,,,,,,,,,,,,,,,,,,,,,,,,1,8,0,4,1,1,4,3,1,1,2,1,1,1,1,1,1,,,,,,0,,1,00,1,1,1,1
Public Method,"org.apache.xmpbox.type.ComplexPropertyContainer.addProperty(AbstractField)",xmpbox/src/main/java/org/apache/xmpbox/type/ComplexPropertyContainer.java,,,,,,,,,,,,,,,,,,,,,,,,,20,11,0,5,1,2,6,2,1,2,3,1,2,1,1,1,1,,,,,,0,,1,20,1,1,1,1
Public Method,"org.apache.xmpbox.type.ComplexPropertyContainer.containsProperty(AbstractField)",xmpbox/src/main/java/org/apache/xmpbox/type/ComplexPropertyContainer.java,,,,,,,,,,,,,,,,,,,,,,,,,1,21,0,14,3,6,7,6,3,5,8,3,6,3,3,3,3,,,,,,2,,0,50,3,3,3,3
Public Method,"org.apache.xmpbox.type.ComplexPropertyContainer.getAllProperties()",xmpbox/src/main/java/org/apache/xmpbox/type/ComplexPropertyContainer.java,,,,,,,,,,,,,,,,,,,,,,,,,22,9,0,4,1,1,5,1,1,1,2,1,1,1,1,1,1,,,,,,0,,1,25,1,1,1,1
Protected Method,"org.apache.xmpbox.type.ComplexPropertyContainer.getFirstEquivalentProperty(String,Class<? extends AbstractField>)",xmpbox/src/main/java/org/apache/xmpbox/type/ComplexPropertyContainer.java,,,,,,,,,,,,,,,,,,,,,,,,,3,24,0,15,2,6,9,4,4,3,8,3,6,4,4,4,4,,,,,,3,,0,60,4,4,4,4
Public Method,"org.apache.xmpbox.type.ComplexPropertyContainer.getPropertiesByLocalName(String)",xmpbox/src/main/java/org/apache/xmpbox/type/ComplexPropertyContainer.java,,,,,,,,,,,,,,,,,,,,,,,,,5,22,0,15,3,7,7,7,2,3,5,2,4,2,2,2,1,,,,,,1,,0,47,3,3,3,2
Lambda Method,"org.apache.xmpbox.type.ComplexPropertyContainer.getPropertiesByLocalName.(lambda_expr_1)(AbstractField (inferred))",xmpbox/src/main/java/org/apache/xmpbox/type/ComplexPropertyContainer.java,,,,,,,,,,,,,,,,,,,,,,,,,2,1,0,1,0,1,0,3,1,0,0,0,0,1,1,1,1,,,,,,0,,0,00,1,1,1,1
Public Method,"org.apache.xmpbox.type.ComplexPropertyContainer.isSameProperty(AbstractField,AbstractField)",xmpbox/src/main/java/org/apache/xmpbox/type/ComplexPropertyContainer.java,,,,,,,,,,,,,,,,,,,,,,,,,3,30,1,20,3,9,9,5,4,5,9,3,8,4,4,4,4,,,,,,3,,0,45,4,4,4,4
Public Method,"org.apache.xmpbox.type.ComplexPropertyContainer.removePropertiesByName(String)",xmpbox/src/main/java/org/apache/xmpbox/type/ComplexPropertyContainer.java,,,,,,,,,,,,,,,,,,,,,,,,,4,18,0,13,2,6,5,3,3,4,7,2,6,3,3,3,3,,,,,,1,,0,38,3,3,3,3
Public Method,"org.apache.xmpbox.type.ComplexPropertyContainer.removeProperty(AbstractField)",xmpbox/src/main/java/org/apache/xmpbox/type/ComplexPropertyContainer.java,,,,,,,,,,,,,,,,,,,,,,,,,7,10,0,4,1,1,6,1,1,1,2,1,1,1,1,1,1,,,,,,0,,1,50,1,1,1,1
Public Class,"org.apache.xmpbox.type.DateType",xmpbox/src/main/java/org/apache/xmpbox/type/DateType.java,2,2,2,1,17,0,10,6,1,7,0,,0,0,,,7,1,7,38,0,3,0,4,,164,12,79,12,29,73,,,16,31,9,22,,,,,4,4,4,4,3,2,57,0,92,14,14,14,10
Public Constructor,"org.apache.xmpbox.type.DateType.DateType(XMPMetadata,String,String,String,Object)",xmpbox/src/main/java/org/apache/xmpbox/type/DateType.java,,,,,,,,,,,,,,,,,,,,,,,,,9,18,0,4,1,1,14,2,1,1,2,1,1,1,1,1,1,,,,,,0,,3,50,1,1,1,1
Public Method,"org.apache.xmpbox.type.DateType.getStringValue()",xmpbox/src/main/java/org/apache/xmpbox/type/DateType.java,,,,,,,,,,,,,,,,,,,,,,,,,2,5,0,5,2,1,0,2,1,1,2,1,1,1,1,1,1,,,,,,0,,0,00,1,1,1,1
Public Method,"org.apache.xmpbox.type.DateType.getValue()",xmpbox/src/main/java/org/apache/xmpbox/type/DateType.java,,,,,,,,,,,,,,,,,,,,,,,,,13,10,0,5,2,1,5,1,1,1,2,1,1,1,1,1,1,,,,,,0,,1,00,1,1,1,1
Private Method,"org.apache.xmpbox.type.DateType.isGoodType(Object)",xmpbox/src/main/java/org/apache/xmpbox/type/DateType.java,,,,,,,,,,,,,,,,,,,,,,,,,2,27,0,20,1,9,7,2,4,5,9,1,8,4,4,4,4,,,,,,2,,0,35,4,4,4,4
Public Method,"org.apache.xmpbox.type.DateType.setValue(Object)",xmpbox/src/main/java/org/apache/xmpbox/type/DateType.java,,,,,,,,,,,,,,,,,,,,,,,,,1,36,2,26,2,12,8,6,4,4,8,1,7,4,4,4,1,,,,,,2,,0,31,4,4,4,1
Private Method,"org.apache.xmpbox.type.DateType.setValueFromCalendar(Calendar)",xmpbox/src/main/java/org/apache/xmpbox/type/DateType.java,,,,,,,,,,,,,,,,,,,,,,,,,3,9,0,4,1,1,5,1,1,1,2,1,1,1,1,1,1,,,,,,0,,1,25,1,1,1,1
Private Method,"org.apache.xmpbox.type.DateType.setValueFromString(String)",xmpbox/src/main/java/org/apache/xmpbox/type/DateType.java,,,,,,,,,,,,,,,,,,,,,,,,,3,20,1,11,1,4,8,3,2,2,4,1,3,2,2,2,1,,,,,,1,,0,73,2,2,2,1
Public Class,"org.apache.xmpbox.type.DefinedStructuredType",xmpbox/src/main/java/org/apache/xmpbox/type/DefinedStructuredType.java,1,1,1,1,4,0,4,0,1,5,0,,0,0,,,4,1,4,51,0,0,0,4,,48,6,22,6,7,20,,,7,12,6,6,,,,,1,1,1,1,4,0,0,0,91,4,4,4,4
Public Constructor,"org.apache.xmpbox.type.DefinedStructuredType.DefinedStructuredType(XMPMetadata)",xmpbox/src/main/java/org/apache/xmpbox/type/DefinedStructuredType.java,,,,,,,,,,,,,,,,,,,,,,,,,1,5,0,5,1,2,0,4,1,2,3,1,2,1,1,1,1,,,,,,0,,0,00,1,1,1,1
Public Constructor,"org.apache.xmpbox.type.DefinedStructuredType.DefinedStructuredType(XMPMetadata,String,String,String)",xmpbox/src/main/java/org/apache/xmpbox/type/DefinedStructuredType.java,,,,,,,,,,,,,,,,,,,,,,,,,6,5,0,5,1,2,0,4,1,2,3,1,2,1,1,1,1,,,,,,0,,0,00,1,1,1,1
Public Method,"org.apache.xmpbox.type.DefinedStructuredType.addProperty(String,PropertyType)",xmpbox/src/main/java/org/apache/xmpbox/type/DefinedStructuredType.java,,,,,,,,,,,,,,,,,,,,,,,,,4,4,0,4,1,1,0,1,1,1,2,1,1,1,1,1,1,,,,,,0,,0,00,1,1,1,1
Public Method,"org.apache.xmpbox.type.DefinedStructuredType.getDefinedProperties()",xmpbox/src/main/java/org/apache/xmpbox/type/DefinedStructuredType.java,,,,,,,,,,,,,,,,,,,,,,,,,2,4,0,4,1,1,0,1,1,1,2,1,1,1,1,1,1,,,,,,0,,0,00,1,1,1,1
Public Class,"org.apache.xmpbox.type.DeviceSettingsType",xmpbox/src/main/java/org/apache/xmpbox/type/DeviceSettingsType.java,1,1,1,1,4,0,4,0,1,6,0,,0,3,,,1,0,1,48,0,0,0,1,,41,5,14,9,4,23,,,4,6,5,1,,,,,1,1,1,1,4,0,0,1,64,1,1,1,1
Public Constructor,"org.apache.xmpbox.type.DeviceSettingsType.DeviceSettingsType(XMPMetadata)",xmpbox/src/main/java/org/apache/xmpbox/type/DeviceSettingsType.java,,,,,,,,,,,,,,,,,,,,,,,,,1,4,0,4,1,1,0,2,1,1,2,1,1,1,1,1,1,,,,,,0,,0,00,1,1,1,1
Public Class,"org.apache.xmpbox.type.DimensionsType",xmpbox/src/main/java/org/apache/xmpbox/type/DimensionsType.java,1,1,1,1,4,0,4,0,1,5,0,,0,3,,,1,0,1,48,0,0,0,1,,41,5,14,9,4,23,,,4,6,5,1,,,,,1,1,1,1,4,0,0,1,64,1,1,1,1
Public Constructor,"org.apache.xmpbox.type.DimensionsType.DimensionsType(XMPMetadata)",xmpbox/src/main/java/org/apache/xmpbox/type/DimensionsType.java,,,,,,,,,,,,,,,,,,,,,,,,,1,4,0,4,1,1,0,2,1,1,2,1,1,1,1,1,1,,,,,,0,,0,00,1,1,1,1
Public Class,"org.apache.xmpbox.type.FlashType",xmpbox/src/main/java/org/apache/xmpbox/type/FlashType.java,1,1,1,1,4,0,4,0,1,5,0,,0,5,,,1,0,1,48,0,0,0,1,,47,7,18,13,6,23,,,6,8,7,1,,,,,1,1,1,1,4,0,0,1,28,1,1,1,1
Public Constructor,"org.apache.xmpbox.type.FlashType.FlashType(XMPMetadata)",xmpbox/src/main/java/org/apache/xmpbox/type/FlashType.java,,,,,,,,,,,,,,,,,,,,,,,,,1,4,0,4,1,1,0,2,1,1,2,1,1,1,1,1,1,,,,,,0,,0,00,1,1,1,1
Public Class,"org.apache.xmpbox.type.GPSCoordinateType",xmpbox/src/main/java/org/apache/xmpbox/type/GPSCoordinateType.java,1,1,1,1,4,0,4,0,1,2,0,,0,0,,,1,0,1,36,0,0,0,1,,29,2,7,2,1,20,,,1,3,2,1,,,,,1,1,1,1,4,0,0,2,86,1,1,1,1
Public Constructor,"org.apache.xmpbox.type.GPSCoordinateType.GPSCoordinateType(XMPMetadata,String,String,String,Object)",xmpbox/src/main/java/org/apache/xmpbox/type/GPSCoordinateType.java,,,,,,,,,,,,,,,,,,,,,,,,,5,4,0,4,1,1,0,2,1,1,2,1,1,1,1,1,1,,,,,,0,,0,00,1,1,1,1
Public Class,"org.apache.xmpbox.type.GUIDType",xmpbox/src/main/java/org/apache/xmpbox/type/GUIDType.java,1,1,1,1,4,0,4,0,1,2,0,,0,0,,,1,0,1,36,0,0,0,1,,29,2,7,2,1,20,,,1,3,2,1,,,,,1,1,1,1,4,0,0,2,86,1,1,1,1
Public Constructor,"org.apache.xmpbox.type.GUIDType.GUIDType(XMPMetadata,String,String,String,Object)",xmpbox/src/main/java/org/apache/xmpbox/type/GUIDType.java,,,,,,,,,,,,,,,,,,,,,,,,,6,4,0,4,1,1,0,2,1,1,2,1,1,1,1,1,1,,,,,,0,,0,00,1,1,1,1
Public Class,"org.apache.xmpbox.type.IntegerType",xmpbox/src/main/java/org/apache/xmpbox/type/IntegerType.java,1,1,1,1,14,0,7,6,1,5,0,,0,0,,,4,1,4,35,0,0,0,4,,94,7,34,9,9,53,,,7,14,6,8,,,,,3,3,3,1,3,1,25,1,56,6,6,6,4
Public Constructor,"org.apache.xmpbox.type.IntegerType.IntegerType(XMPMetadata,String,String,String,Object)",xmpbox/src/main/java/org/apache/xmpbox/type/IntegerType.java,,,,,,,,,,,,,,,,,,,,,,,,,10,19,1,4,1,1,14,2,1,1,2,1,1,1,1,1,1,,,,,,0,,3,50,1,1,1,1
Public Method,"org.apache.xmpbox.type.IntegerType.getStringValue()",xmpbox/src/main/java/org/apache/xmpbox/type/IntegerType.java,,,,,,,,,,,,,,,,,,,,,,,,,4,5,0,5,2,1,0,2,1,1,2,1,1,1,1,1,1,,,,,,0,,0,00,1,1,1,1
Public Method,"org.apache.xmpbox.type.IntegerType.getValue()",xmpbox/src/main/java/org/apache/xmpbox/type/IntegerType.java,,,,,,,,,,,,,,,,,,,,,,,,,11,10,0,5,2,1,5,1,1,1,2,1,1,1,1,1,1,,,,,,0,,1,00,1,1,1,1
Public Method,"org.apache.xmpbox.type.IntegerType.setValue(Object)",xmpbox/src/main/java/org/apache/xmpbox/type/IntegerType.java,,,,,,,,,,,,,,,,,,,,,,,,,1,24,0,16,2,6,8,4,3,3,6,1,5,3,3,3,1,,,,,,1,,0,50,3,3,3,1
Public Class,"org.apache.xmpbox.type.JobType",xmpbox/src/main/java/org/apache/xmpbox/type/JobType.java,1,1,1,1,4,0,4,0,1,6,0,,0,3,,,8,0,8,55,0,0,0,8,,75,12,43,16,12,21,,,12,21,12,9,,,,,1,1,1,1,4,0,0,0,49,8,8,8,8
Public Constructor,"org.apache.xmpbox.type.JobType.JobType(XMPMetadata)",xmpbox/src/main/java/org/apache/xmpbox/type/JobType.java,,,,,,,,,,,,,,,,,,,,,,,,,1,4,0,4,1,1,0,2,1,1,2,1,1,1,1,1,1,,,,,,0,,0,00,1,1,1,1
Public Constructor,"org.apache.xmpbox.type.JobType.JobType(XMPMetadata,String)",xmpbox/src/main/java/org/apache/xmpbox/type/JobType.java,,,,,,,,,,,,,,,,,,,,,,,,,5,5,0,5,1,2,0,5,1,2,3,1,2,1,1,1,1,,,,,,0,,0,00,1,1,1,1
Public Method,"org.apache.xmpbox.type.JobType.getId()",xmpbox/src/main/java/org/apache/xmpbox/type/JobType.java,,,,,,,,,,,,,,,,,,,,,,,,,3,4,0,4,1,1,0,2,1,1,2,1,1,1,1,1,1,,,,,,0,,0,00,1,1,1,1
Public Method,"org.apache.xmpbox.type.JobType.getName()",xmpbox/src/main/java/org/apache/xmpbox/type/JobType.java,,,,,,,,,,,,,,,,,,,,,,,,,3,4,0,4,1,1,0,2,1,1,2,1,1,1,1,1,1,,,,,,0,,0,00,1,1,1,1
Public Method,"org.apache.xmpbox.type.JobType.getUrl()",xmpbox/src/main/java/org/apache/xmpbox/type/JobType.java,,,,,,,,,,,,,,,,,,,,,,,,,3,4,0,4,1,1,0,2,1,1,2,1,1,1,1,1,1,,,,,,0,,0,00,1,1,1,1
Public Method,"org.apache.xmpbox.type.JobType.setId(String)",xmpbox/src/main/java/org/apache/xmpbox/type/JobType.java,,,,,,,,,,,,,,,,,,,,,,,,,3,4,0,4,1,1,0,1,1,1,2,1,1,1,1,1,1,,,,,,0,,0,00,1,1,1,1
Public Method,"org.apache.xmpbox.type.JobType.setName(String)",xmpbox/src/main/java/org/apache/xmpbox/type/JobType.java,,,,,,,,,,,,,,,,,,,,,,,,,3,4,0,4,1,1,0,1,1,1,2,1,1,1,1,1,1,,,,,,0,,0,00,1,1,1,1
Public Method,"org.apache.xmpbox.type.JobType.setUrl(String)",xmpbox/src/main/java/org/apache/xmpbox/type/JobType.java,,,,,,,,,,,,,,,,,,,,,,,,,3,4,0,4,1,1,0,1,1,1,2,1,1,1,1,1,1,,,,,,0,,0,00,1,1,1,1
Public Class,"org.apache.xmpbox.type.LayerType",xmpbox/src/main/java/org/apache/xmpbox/type/LayerType.java,1,1,1,1,10,0,6,4,1,10,0,,0,2,,,5,0,5,52,0,0,0,5,,89,8,39,13,14,43,,,12,20,10,12,,,,,2,2,2,1,4,1,0,1,10,7,7,7,5
Public Constructor,"org.apache.xmpbox.type.LayerType.LayerType(XMPMetadata)",xmpbox/src/main/java/org/apache/xmpbox/type/LayerType.java,,,,,,,,,,,,,,,,,,,,,,,,,4,5,0,5,1,2,0,4,1,2,3,1,2,1,1,1,1,,,,,,0,,0,00,1,1,1,1
Public Method,"org.apache.xmpbox.type.LayerType.getLayerName()",xmpbox/src/main/java/org/apache/xmpbox/type/LayerType.java,,,,,,,,,,,,,,,,,,,,,,,,,1,14,0,9,2,4,5,3,2,3,5,2,4,2,2,2,1,,,,,,1,,0,56,2,2,2,1
Public Method,"org.apache.xmpbox.type.LayerType.getLayerText()",xmpbox/src/main/java/org/apache/xmpbox/type/LayerType.java,,,,,,,,,,,,,,,,,,,,,,,,,1,14,0,9,2,4,5,3,2,3,5,2,4,2,2,2,1,,,,,,1,,0,56,2,2,2,1
Public Method,"org.apache.xmpbox.type.LayerType.setLayerName(String)",xmpbox/src/main/java/org/apache/xmpbox/type/LayerType.java,,,,,,,,,,,,,,,,,,,,,,,,,3,10,0,4,1,1,6,2,1,1,2,1,1,1,1,1,1,,,,,,0,,1,50,1,1,1,1
Public Method,"org.apache.xmpbox.type.LayerType.setLayerText(String)",xmpbox/src/main/java/org/apache/xmpbox/type/LayerType.java,,,,,,,,,,,,,,,,,,,,,,,,,3,10,0,4,1,1,6,2,1,1,2,1,1,1,1,1,1,,,,,,0,,1,50,1,1,1,1
Public Class,"org.apache.xmpbox.type.LocaleType",xmpbox/src/main/java/org/apache/xmpbox/type/LocaleType.java,1,1,1,1,4,0,4,0,1,2,0,,0,0,,,1,0,1,36,0,0,0,1,,29,2,7,2,1,20,,,1,3,2,1,,,,,1,1,1,1,4,0,0,2,86,1,1,1,1
Public Constructor,"org.apache.xmpbox.type.LocaleType.LocaleType(XMPMetadata,String,String,String,Object)",xmpbox/src/main/java/org/apache/xmpbox/type/LocaleType.java,,,,,,,,,,,,,,,,,,,,,,,,,6,4,0,4,1,1,0,2,1,1,2,1,1,1,1,1,1,,,,,,0,,0,00,1,1,1,1
Public Class,"org.apache.xmpbox.type.MIMEType",xmpbox/src/main/java/org/apache/xmpbox/type/MIMEType.java,1,1,1,1,4,0,4,0,1,2,0,,0,0,,,1,0,1,36,0,0,0,1,,29,2,7,2,1,20,,,1,3,2,1,,,,,1,1,1,1,4,0,0,2,86,1,1,1,1
Public Constructor,"org.apache.xmpbox.type.MIMEType.MIMEType(XMPMetadata,String,String,String,Object)",xmpbox/src/main/java/org/apache/xmpbox/type/MIMEType.java,,,,,,,,,,,,,,,,,,,,,,,,,6,4,0,4,1,1,0,2,1,1,2,1,1,1,1,1,1,,,,,,0,,0,00,1,1,1,1
Public Class,"org.apache.xmpbox.type.OECFType",xmpbox/src/main/java/org/apache/xmpbox/type/OECFType.java,1,1,1,1,4,0,4,0,1,6,0,,0,4,,,1,0,1,48,0,0,0,1,,45,7,16,11,5,23,,,5,7,6,1,,,,,1,1,1,1,4,0,0,1,44,1,1,1,1
Public Constructor,"org.apache.xmpbox.type.OECFType.OECFType(XMPMetadata)",xmpbox/src/main/java/org/apache/xmpbox/type/OECFType.java,,,,,,,,,,,,,,,,,,,,,,,,,2,4,0,4,1,1,0,2,1,1,2,1,1,1,1,1,1,,,,,,0,,0,00,1,1,1,1
Public Class,"org.apache.xmpbox.type.PDFAFieldType",xmpbox/src/main/java/org/apache/xmpbox/type/PDFAFieldType.java,1,1,1,1,4,0,4,0,1,7,0,,0,3,,,4,0,4,51,0,0,0,4,,57,8,29,15,10,21,,,10,15,11,7,,,,,2,2,2,1,4,0,0,0,72,7,7,7,4
Public Constructor,"org.apache.xmpbox.type.PDFAFieldType.PDFAFieldType(XMPMetadata)",xmpbox/src/main/java/org/apache/xmpbox/type/PDFAFieldType.java,,,,,,,,,,,,,,,,,,,,,,,,,1,4,0,4,1,1,0,2,1,1,2,1,1,1,1,1,1,,,,,,0,,0,00,1,1,1,1
Public Method,"org.apache.xmpbox.type.PDFAFieldType.getDescription()",xmpbox/src/main/java/org/apache/xmpbox/type/PDFAFieldType.java,,,,,,,,,,,,,,,,,,,,,,,,,2,5,0,5,2,2,0,3,1,2,3,2,2,2,2,2,1,,,,,,0,,0,00,2,2,2,1
Public Method,"org.apache.xmpbox.type.PDFAFieldType.getName()",xmpbox/src/main/java/org/apache/xmpbox/type/PDFAFieldType.java,,,,,,,,,,,,,,,,,,,,,,,,,2,5,0,5,2,2,0,3,1,2,3,2,2,2,2,2,1,,,,,,0,,0,00,2,2,2,1
Public Method,"org.apache.xmpbox.type.PDFAFieldType.getValueType()",xmpbox/src/main/java/org/apache/xmpbox/type/PDFAFieldType.java,,,,,,,,,,,,,,,,,,,,,,,,,2,5,0,5,2,2,0,3,1,2,3,2,2,2,2,2,1,,,,,,0,,0,00,2,2,2,1
Public Class,"org.apache.xmpbox.type.PDFAPropertyType",xmpbox/src/main/java/org/apache/xmpbox/type/PDFAPropertyType.java,1,1,1,1,4,0,4,0,1,8,0,,0,4,,,5,0,5,52,0,0,0,5,,66,10,36,19,13,21,,,13,19,14,9,,,,,2,2,2,1,4,0,0,0,58,9,9,9,5
Public Constructor,"org.apache.xmpbox.type.PDFAPropertyType.PDFAPropertyType(XMPMetadata)",xmpbox/src/main/java/org/apache/xmpbox/type/PDFAPropertyType.java,,,,,,,,,,,,,,,,,,,,,,,,,1,4,0,4,1,1,0,2,1,1,2,1,1,1,1,1,1,,,,,,0,,0,00,1,1,1,1
Public Method,"org.apache.xmpbox.type.PDFAPropertyType.getCategory()",xmpbox/src/main/java/org/apache/xmpbox/type/PDFAPropertyType.java,,,,,,,,,,,,,,,,,,,,,,,,,2,5,0,5,2,2,0,3,1,2,3,2,2,2,2,2,1,,,,,,0,,0,00,2,2,2,1
Public Method,"org.apache.xmpbox.type.PDFAPropertyType.getDescription()",xmpbox/src/main/java/org/apache/xmpbox/type/PDFAPropertyType.java,,,,,,,,,,,,,,,,,,,,,,,,,2,5,0,5,2,2,0,3,1,2,3,2,2,2,2,2,1,,,,,,0,,0,00,2,2,2,1
Public Method,"org.apache.xmpbox.type.PDFAPropertyType.getName()",xmpbox/src/main/java/org/apache/xmpbox/type/PDFAPropertyType.java,,,,,,,,,,,,,,,,,,,,,,,,,2,5,0,5,2,2,0,3,1,2,3,2,2,2,2,2,1,,,,,,0,,0,00,2,2,2,1
Public Method,"org.apache.xmpbox.type.PDFAPropertyType.getValueType()",xmpbox/src/main/java/org/apache/xmpbox/type/PDFAPropertyType.java,,,,,,,,,,,,,,,,,,,,,,,,,2,5,0,5,2,2,0,3,1,2,3,2,2,2,2,2,1,,,,,,0,,0,00,2,2,2,1
Public Class,"org.apache.xmpbox.type.PDFASchemaType",xmpbox/src/main/java/org/apache/xmpbox/type/PDFASchemaType.java,1,1,1,1,4,0,4,0,1,9,0,,0,5,,,5,0,5,52,0,0,0,5,,67,11,36,19,12,21,,,12,18,13,7,,,,,2,2,2,1,4,0,0,0,58,7,7,7,5
Public Constructor,"org.apache.xmpbox.type.PDFASchemaType.PDFASchemaType(XMPMetadata)",xmpbox/src/main/java/org/apache/xmpbox/type/PDFASchemaType.java,,,,,,,,,,,,,,,,,,,,,,,,,1,4,0,4,1,1,0,2,1,1,2,1,1,1,1,1,1,,,,,,0,,0,00,1,1,1,1
Public Method,"org.apache.xmpbox.type.PDFASchemaType.getNamespaceURI()",xmpbox/src/main/java/org/apache/xmpbox/type/PDFASchemaType.java,,,,,,,,,,,,,,,,,,,,,,,,,2,5,0,5,2,2,0,3,1,2,3,2,2,2,2,2,1,,,,,,0,,0,00,2,2,2,1
Public Method,"org.apache.xmpbox.type.PDFASchemaType.getPrefixValue()",xmpbox/src/main/java/org/apache/xmpbox/type/PDFASchemaType.java,,,,,,,,,,,,,,,,,,,,,,,,,2,5,0,5,2,2,0,3,1,2,3,2,2,2,2,2,1,,,,,,0,,0,00,2,2,2,1
Public Method,"org.apache.xmpbox.type.PDFASchemaType.getProperty()",xmpbox/src/main/java/org/apache/xmpbox/type/PDFASchemaType.java,,,,,,,,,,,,,,,,,,,,,,,,,2,4,0,4,1,1,0,2,1,1,2,1,1,1,1,1,1,,,,,,0,,0,00,1,1,1,1
Public Method,"org.apache.xmpbox.type.PDFASchemaType.getValueType()",xmpbox/src/main/java/org/apache/xmpbox/type/PDFASchemaType.java,,,,,,,,,,,,,,,,,,,,,,,,,2,4,0,4,1,1,0,2,1,1,2,1,1,1,1,1,1,,,,,,0,,0,00,1,1,1,1
Public Class,"org.apache.xmpbox.type.PDFATypeType",xmpbox/src/main/java/org/apache/xmpbox/type/PDFATypeType.java,1,1,1,1,4,0,4,0,1,9,0,,0,5,,,6,0,6,53,0,0,0,6,,74,12,42,22,15,21,,,15,22,16,10,,,,,2,2,2,1,4,0,0,0,50,10,10,10,6
Public Constructor,"org.apache.xmpbox.type.PDFATypeType.PDFATypeType(XMPMetadata)",xmpbox/src/main/java/org/apache/xmpbox/type/PDFATypeType.java,,,,,,,,,,,,,,,,,,,,,,,,,1,4,0,4,1,1,0,2,1,1,2,1,1,1,1,1,1,,,,,,0,,0,00,1,1,1,1
Public Method,"org.apache.xmpbox.type.PDFATypeType.getDescription()",xmpbox/src/main/java/org/apache/xmpbox/type/PDFATypeType.java,,,,,,,,,,,,,,,,,,,,,,,,,2,5,0,5,2,2,0,3,1,2,3,2,2,2,2,2,1,,,,,,0,,0,00,2,2,2,1
Public Method,"org.apache.xmpbox.type.PDFATypeType.getFields()",xmpbox/src/main/java/org/apache/xmpbox/type/PDFATypeType.java,,,,,,,,,,,,,,,,,,,,,,,,,2,4,0,4,1,1,0,2,1,1,2,1,1,1,1,1,1,,,,,,0,,0,00,1,1,1,1
Public Method,"org.apache.xmpbox.type.PDFATypeType.getNamespaceURI()",xmpbox/src/main/java/org/apache/xmpbox/type/PDFATypeType.java,,,,,,,,,,,,,,,,,,,,,,,,,2,5,0,5,2,2,0,3,1,2,3,2,2,2,2,2,1,,,,,,0,,0,00,2,2,2,1
Public Method,"org.apache.xmpbox.type.PDFATypeType.getPrefixValue()",xmpbox/src/main/java/org/apache/xmpbox/type/PDFATypeType.java,,,,,,,,,,,,,,,,,,,,,,,,,2,5,0,5,2,2,0,3,1,2,3,2,2,2,2,2,1,,,,,,0,,0,00,2,2,2,1
Public Method,"org.apache.xmpbox.type.PDFATypeType.getType()",xmpbox/src/main/java/org/apache/xmpbox/type/PDFATypeType.java,,,,,,,,,,,,,,,,,,,,,,,,,2,5,0,5,2,2,0,3,1,2,3,2,2,2,2,2,1,,,,,,0,,0,00,2,2,2,1
Public Class,"org.apache.xmpbox.type.PartType",xmpbox/src/main/java/org/apache/xmpbox/type/PartType.java,1,1,1,1,4,0,4,0,1,2,0,,0,0,,,1,0,1,36,0,0,0,1,,29,2,7,2,1,20,,,1,3,2,1,,,,,1,1,1,1,4,0,0,2,86,1,1,1,1
Public Constructor,"org.apache.xmpbox.type.PartType.PartType(XMPMetadata,String,String,String,Object)",xmpbox/src/main/java/org/apache/xmpbox/type/PartType.java,,,,,,,,,,,,,,,,,,,,,,,,,6,4,0,4,1,1,0,2,1,1,2,1,1,1,1,1,1,,,,,,0,,0,00,1,1,1,1
Public Class,"org.apache.xmpbox.type.ProperNameType",xmpbox/src/main/java/org/apache/xmpbox/type/ProperNameType.java,1,1,1,1,4,0,4,0,1,2,0,,0,0,,,1,0,1,36,0,0,0,1,,29,2,7,2,1,20,,,1,3,2,1,,,,,1,1,1,1,4,0,0,2,86,1,1,1,1
Public Constructor,"org.apache.xmpbox.type.ProperNameType.ProperNameType(XMPMetadata,String,String,String,Object)",xmpbox/src/main/java/org/apache/xmpbox/type/ProperNameType.java,,,,,,,,,,,,,,,,,,,,,,,,,6,4,0,4,1,1,0,2,1,1,2,1,1,1,1,1,1,,,,,,0,,0,00,1,1,1,1
Public Class,"org.apache.xmpbox.type.PropertiesDescription",xmpbox/src/main/java/org/apache/xmpbox/type/PropertiesDescription.java,1,1,1,1,10,0,4,6,1,6,0,,0,0,,,4,1,4,16,0,0,0,4,,78,6,20,6,4,52,,,5,10,6,4,,,,,1,1,1,1,1,0,0,2,60,4,4,4,4
Public Constructor,"org.apache.xmpbox.type.PropertiesDescription.PropertiesDescription()",xmpbox/src/main/java/org/apache/xmpbox/type/PropertiesDescription.java,,,,,,,,,,,,,,,,,,,,,,,,,4,8,0,4,1,1,4,3,1,1,2,1,1,1,1,1,1,,,,,,0,,1,00,1,1,1,1
Public Method,"org.apache.xmpbox.type.PropertiesDescription.addNewProperty(String,PropertyType)",xmpbox/src/main/java/org/apache/xmpbox/type/PropertiesDescription.java,,,,,,,,,,,,,,,,,,,,,,,,,5,12,0,4,1,1,8,1,1,1,2,1,1,1,1,1,1,,,,,,0,,2,00,1,1,1,1
Public Method,"org.apache.xmpbox.type.PropertiesDescription.getPropertiesName()",xmpbox/src/main/java/org/apache/xmpbox/type/PropertiesDescription.java,,,,,,,,,,,,,,,,,,,,,,,,,1,9,0,4,1,1,5,3,1,1,2,1,1,1,1,1,1,,,,,,0,,1,25,1,1,1,1
Public Method,"org.apache.xmpbox.type.PropertiesDescription.getPropertyType(String)",xmpbox/src/main/java/org/apache/xmpbox/type/PropertiesDescription.java,,,,,,,,,,,,,,,,,,,,,,,,,6,11,0,4,1,1,7,2,1,1,2,1,1,1,1,1,1,,,,,,0,,1,75,1,1,1,1
Public Annotation,"org.apache.xmpbox.type.PropertyType",xmpbox/src/main/java/org/apache/xmpbox/type/PropertyType.java,0,0,0,0,0,0,0,0,0,4,1,,0,0,,,2,0,2,2,2,0,0,0,,20,4,7,5,0,9,,,2,3,3,0,,,,,0,0,0,0,0,0,0,1,29,0,0,0,0
Abstract Method,"org.apache.xmpbox.type.PropertyType.card()",xmpbox/src/main/java/org/apache/xmpbox/type/PropertyType.java,,,,,,,,,,,,,,,,,,,,,,,,,7,1,0,1,1,0,0,1,0,1,1,1,0,0,0,0,0,,,,,,0,,0,00,0,0,0,0
Abstract Method,"org.apache.xmpbox.type.PropertyType.type()",xmpbox/src/main/java/org/apache/xmpbox/type/PropertyType.java,,,,,,,,,,,,,,,,,,,,,,,,,9,10,0,1,1,0,9,1,0,1,1,1,0,0,0,0,0,,,,,,0,,9,00,0,0,0,0
Public Class,"org.apache.xmpbox.type.RationalType",xmpbox/src/main/java/org/apache/xmpbox/type/RationalType.java,1,1,1,1,4,0,4,0,1,2,0,,0,0,,,1,0,1,36,0,0,0,1,,29,2,7,2,1,20,,,1,3,2,1,,,,,1,1,1,1,4,0,0,2,86,1,1,1,1
Public Constructor,"org.apache.xmpbox.type.RationalType.RationalType(XMPMetadata,String,String,String,Object)",xmpbox/src/main/java/org/apache/xmpbox/type/RationalType.java,,,,,,,,,,,,,,,,,,,,,,,,,5,4,0,4,1,1,0,2,1,1,2,1,1,1,1,1,1,,,,,,0,,0,00,1,1,1,1
Public Class,"org.apache.xmpbox.type.RealType",xmpbox/src/main/java/org/apache/xmpbox/type/RealType.java,1,1,1,1,14,0,7,6,1,5,0,,0,0,,,4,1,4,35,0,0,0,4,,94,7,34,9,9,53,,,7,14,6,8,,,,,3,3,3,1,3,1,25,1,56,6,6,6,4
Public Constructor,"org.apache.xmpbox.type.RealType.RealType(XMPMetadata,String,String,String,Object)",xmpbox/src/main/java/org/apache/xmpbox/type/RealType.java,,,,,,,,,,,,,,,,,,,,,,,,,8,19,1,4,1,1,14,2,1,1,2,1,1,1,1,1,1,,,,,,0,,3,50,1,1,1,1
Public Method,"org.apache.xmpbox.type.RealType.getStringValue()",xmpbox/src/main/java/org/apache/xmpbox/type/RealType.java,,,,,,,,,,,,,,,,,,,,,,,,,2,5,0,5,2,1,0,2,1,1,2,1,1,1,1,1,1,,,,,,0,,0,00,1,1,1,1
Public Method,"org.apache.xmpbox.type.RealType.getValue()",xmpbox/src/main/java/org/apache/xmpbox/type/RealType.java,,,,,,,,,,,,,,,,,,,,,,,,,2,10,0,5,2,1,5,1,1,1,2,1,1,1,1,1,1,,,,,,0,,1,00,1,1,1,1
Public Method,"org.apache.xmpbox.type.RealType.setValue(Object)",xmpbox/src/main/java/org/apache/xmpbox/type/RealType.java,,,,,,,,,,,,,,,,,,,,,,,,,1,24,0,16,2,6,8,4,3,3,6,1,5,3,3,3,1,,,,,,1,,0,50,3,3,3,1
Public Class,"org.apache.xmpbox.type.RenditionClassType",xmpbox/src/main/java/org/apache/xmpbox/type/RenditionClassType.java,1,1,1,1,5,0,5,0,1,2,0,,0,0,,,1,0,1,36,0,0,0,1,,30,2,8,3,1,20,,,1,3,2,1,,,,,1,1,1,1,4,0,0,2,50,1,1,1,1
Public Constructor,"org.apache.xmpbox.type.RenditionClassType.RenditionClassType(XMPMetadata,String,String,String,Object)",xmpbox/src/main/java/org/apache/xmpbox/type/RenditionClassType.java,,,,,,,,,,,,,,,,,,,,,,,,,6,5,0,5,2,1,0,2,1,1,2,1,1,1,1,1,1,,,,,,0,,0,00,1,1,1,1
Public Class,"org.apache.xmpbox.type.ResourceEventType",xmpbox/src/main/java/org/apache/xmpbox/type/ResourceEventType.java,1,1,1,1,4,0,4,0,1,7,0,,0,6,,,13,0,13,60,0,0,0,13,,114,20,69,27,20,26,,,20,34,20,14,,,,,1,1,1,1,4,0,0,0,38,13,13,13,13
Public Constructor,"org.apache.xmpbox.type.ResourceEventType.ResourceEventType(XMPMetadata)",xmpbox/src/main/java/org/apache/xmpbox/type/ResourceEventType.java,,,,,,,,,,,,,,,,,,,,,,,,,2,10,0,5,1,2,5,5,1,2,3,1,2,1,1,1,1,,,,,,0,,1,00,1,1,1,1
Public Method,"org.apache.xmpbox.type.ResourceEventType.getAction()",xmpbox/src/main/java/org/apache/xmpbox/type/ResourceEventType.java,,,,,,,,,,,,,,,,,,,,,,,,,1,4,0,4,1,1,0,2,1,1,2,1,1,1,1,1,1,,,,,,0,,0,00,1,1,1,1
Public Method,"org.apache.xmpbox.type.ResourceEventType.getChanged()",xmpbox/src/main/java/org/apache/xmpbox/type/ResourceEventType.java,,,,,,,,,,,,,,,,,,,,,,,,,1,4,0,4,1,1,0,2,1,1,2,1,1,1,1,1,1,,,,,,0,,0,00,1,1,1,1
Public Method,"org.apache.xmpbox.type.ResourceEventType.getInstanceID()",xmpbox/src/main/java/org/apache/xmpbox/type/ResourceEventType.java,,,,,,,,,,,,,,,,,,,,,,,,,1,4,0,4,1,1,0,2,1,1,2,1,1,1,1,1,1,,,,,,0,,0,00,1,1,1,1
Public Method,"org.apache.xmpbox.type.ResourceEventType.getParameters()",xmpbox/src/main/java/org/apache/xmpbox/type/ResourceEventType.java,,,,,,,,,,,,,,,,,,,,,,,,,1,4,0,4,1,1,0,2,1,1,2,1,1,1,1,1,1,,,,,,0,,0,00,1,1,1,1
Public Method,"org.apache.xmpbox.type.ResourceEventType.getSoftwareAgent()",xmpbox/src/main/java/org/apache/xmpbox/type/ResourceEventType.java,,,,,,,,,,,,,,,,,,,,,,,,,1,4,0,4,1,1,0,2,1,1,2,1,1,1,1,1,1,,,,,,0,,0,00,1,1,1,1
Public Method,"org.apache.xmpbox.type.ResourceEventType.getWhen()",xmpbox/src/main/java/org/apache/xmpbox/type/ResourceEventType.java,,,,,,,,,,,,,,,,,,,,,,,,,1,4,0,4,1,1,0,2,1,1,2,1,1,1,1,1,1,,,,,,0,,0,00,1,1,1,1
Public Method,"org.apache.xmpbox.type.ResourceEventType.setAction(String)",xmpbox/src/main/java/org/apache/xmpbox/type/ResourceEventType.java,,,,,,,,,,,,,,,,,,,,,,,,,2,4,0,4,1,1,0,1,1,1,2,1,1,1,1,1,1,,,,,,0,,0,00,1,1,1,1
Public Method,"org.apache.xmpbox.type.ResourceEventType.setChanged(String)",xmpbox/src/main/java/org/apache/xmpbox/type/ResourceEventType.java,,,,,,,,,,,,,,,,,,,,,,,,,2,4,0,4,1,1,0,1,1,1,2,1,1,1,1,1,1,,,,,,0,,0,00,1,1,1,1
Public Method,"org.apache.xmpbox.type.ResourceEventType.setInstanceID(String)",xmpbox/src/main/java/org/apache/xmpbox/type/ResourceEventType.java,,,,,,,,,,,,,,,,,,,,,,,,,2,4,0,4,1,1,0,1,1,1,2,1,1,1,1,1,1,,,,,,0,,0,00,1,1,1,1
Public Method,"org.apache.xmpbox.type.ResourceEventType.setParameters(String)",xmpbox/src/main/java/org/apache/xmpbox/type/ResourceEventType.java,,,,,,,,,,,,,,,,,,,,,,,,,2,4,0,4,1,1,0,1,1,1,2,1,1,1,1,1,1,,,,,,0,,0,00,1,1,1,1
Public Method,"org.apache.xmpbox.type.ResourceEventType.setSoftwareAgent(String)",xmpbox/src/main/java/org/apache/xmpbox/type/ResourceEventType.java,,,,,,,,,,,,,,,,,,,,,,,,,2,4,0,4,1,1,0,1,1,1,2,1,1,1,1,1,1,,,,,,0,,0,00,1,1,1,1
Public Method,"org.apache.xmpbox.type.ResourceEventType.setWhen(Calendar)",xmpbox/src/main/java/org/apache/xmpbox/type/ResourceEventType.java,,,,,,,,,,,,,,,,,,,,,,,,,2,4,0,4,1,1,0,1,1,1,2,1,1,1,1,1,1,,,,,,0,,0,00,1,1,1,1
Public Class,"org.apache.xmpbox.type.ResourceRefType",xmpbox/src/main/java/org/apache/xmpbox/type/ResourceRefType.java,1,1,1,1,8,0,8,0,1,18,0,,0,16,,,34,0,34,81,0,0,0,34,,396,52,309,86,122,36,,,88,140,70,89,,,,,2,2,2,1,4,1,0,0,12,51,51,51,34
Public Constructor,"org.apache.xmpbox.type.ResourceRefType.ResourceRefType(XMPMetadata)",xmpbox/src/main/java/org/apache/xmpbox/type/ResourceRefType.java,,,,,,,,,,,,,,,,,,,,,,,,,2,11,1,5,1,2,5,5,1,2,3,1,2,1,1,1,1,,,,,,0,,1,00,1,1,1,1
Public Method,"org.apache.xmpbox.type.ResourceRefType.addAlternatePath(String)",xmpbox/src/main/java/org/apache/xmpbox/type/ResourceRefType.java,,,,,,,,,,,,,,,,,,,,,,,,,4,13,0,13,4,8,0,7,2,6,8,4,7,2,2,2,1,,,,,,1,,0,00,2,2,2,1
Public Method,"org.apache.xmpbox.type.ResourceRefType.getAlternatePaths()",xmpbox/src/main/java/org/apache/xmpbox/type/ResourceRefType.java,,,,,,,,,,,,,,,,,,,,,,,,,1,17,0,12,2,5,5,3,2,3,5,2,4,2,2,2,1,,,,,,1,,0,42,2,2,2,1
Public Method,"org.apache.xmpbox.type.ResourceRefType.getAlternatePathsProperty()",xmpbox/src/main/java/org/apache/xmpbox/type/ResourceRefType.java,,,,,,,,,,,,,,,,,,,,,,,,,1,9,0,4,1,1,5,2,1,1,2,1,1,1,1,1,1,,,,,,0,,1,25,1,1,1,1
Public Method,"org.apache.xmpbox.type.ResourceRefType.getDocumentID()",xmpbox/src/main/java/org/apache/xmpbox/type/ResourceRefType.java,,,,,,,,,,,,,,,,,,,,,,,,,1,12,0,12,2,5,0,3,2,3,5,2,4,2,2,2,1,,,,,,1,,0,00,2,2,2,1
Public Method,"org.apache.xmpbox.type.ResourceRefType.getFilePath()",xmpbox/src/main/java/org/apache/xmpbox/type/ResourceRefType.java,,,,,,,,,,,,,,,,,,,,,,,,,1,12,0,12,2,5,0,3,2,3,5,2,4,2,2,2,1,,,,,,1,,0,00,2,2,2,1
Public Method,"org.apache.xmpbox.type.ResourceRefType.getFromPart()",xmpbox/src/main/java/org/apache/xmpbox/type/ResourceRefType.java,,,,,,,,,,,,,,,,,,,,,,,,,1,12,0,12,2,5,0,3,2,3,5,2,4,2,2,2,1,,,,,,1,,0,00,2,2,2,1
Public Method,"org.apache.xmpbox.type.ResourceRefType.getInstanceID()",xmpbox/src/main/java/org/apache/xmpbox/type/ResourceRefType.java,,,,,,,,,,,,,,,,,,,,,,,,,1,12,0,12,2,5,0,3,2,3,5,2,4,2,2,2,1,,,,,,1,,0,00,2,2,2,1
Public Method,"org.apache.xmpbox.type.ResourceRefType.getLastModifyDate()",xmpbox/src/main/java/org/apache/xmpbox/type/ResourceRefType.java,,,,,,,,,,,,,,,,,,,,,,,,,1,12,0,12,2,5,0,3,2,3,5,2,4,2,2,2,1,,,,,,1,,0,00,2,2,2,1
Public Method,"org.apache.xmpbox.type.ResourceRefType.getManageTo()",xmpbox/src/main/java/org/apache/xmpbox/type/ResourceRefType.java,,,,,,,,,,,,,,,,,,,,,,,,,1,12,0,12,2,5,0,3,2,3,5,2,4,2,2,2,1,,,,,,1,,0,00,2,2,2,1
Public Method,"org.apache.xmpbox.type.ResourceRefType.getManageUI()",xmpbox/src/main/java/org/apache/xmpbox/type/ResourceRefType.java,,,,,,,,,,,,,,,,,,,,,,,,,1,12,0,12,2,5,0,3,2,3,5,2,4,2,2,2,1,,,,,,1,,0,00,2,2,2,1
Public Method,"org.apache.xmpbox.type.ResourceRefType.getManager()",xmpbox/src/main/java/org/apache/xmpbox/type/ResourceRefType.java,,,,,,,,,,,,,,,,,,,,,,,,,1,12,0,12,2,5,0,3,2,3,5,2,4,2,2,2,1,,,,,,1,,0,00,2,2,2,1
Public Method,"org.apache.xmpbox.type.ResourceRefType.getManagerVariant()",xmpbox/src/main/java/org/apache/xmpbox/type/ResourceRefType.java,,,,,,,,,,,,,,,,,,,,,,,,,1,12,0,12,2,5,0,3,2,3,5,2,4,2,2,2,1,,,,,,1,,0,00,2,2,2,1
Public Method,"org.apache.xmpbox.type.ResourceRefType.getMaskMarkers()",xmpbox/src/main/java/org/apache/xmpbox/type/ResourceRefType.java,,,,,,,,,,,,,,,,,,,,,,,,,1,12,0,12,2,5,0,3,2,3,5,2,4,2,2,2,1,,,,,,1,,0,00,2,2,2,1
Public Method,"org.apache.xmpbox.type.ResourceRefType.getPartMapping()",xmpbox/src/main/java/org/apache/xmpbox/type/ResourceRefType.java,,,,,,,,,,,,,,,,,,,,,,,,,1,12,0,12,2,5,0,3,2,3,5,2,4,2,2,2,1,,,,,,1,,0,00,2,2,2,1
Public Method,"org.apache.xmpbox.type.ResourceRefType.getRenditionClass()",xmpbox/src/main/java/org/apache/xmpbox/type/ResourceRefType.java,,,,,,,,,,,,,,,,,,,,,,,,,1,12,0,12,2,5,0,3,2,3,5,2,4,2,2,2,1,,,,,,1,,0,00,2,2,2,1
Public Method,"org.apache.xmpbox.type.ResourceRefType.getRenditionParams()",xmpbox/src/main/java/org/apache/xmpbox/type/ResourceRefType.java,,,,,,,,,,,,,,,,,,,,,,,,,1,12,0,12,2,5,0,3,2,3,5,2,4,2,2,2,1,,,,,,1,,0,00,2,2,2,1
Public Method,"org.apache.xmpbox.type.ResourceRefType.getToPart()",xmpbox/src/main/java/org/apache/xmpbox/type/ResourceRefType.java,,,,,,,,,,,,,,,,,,,,,,,,,1,12,0,12,2,5,0,3,2,3,5,2,4,2,2,2,1,,,,,,1,,0,00,2,2,2,1
Public Method,"org.apache.xmpbox.type.ResourceRefType.getVersionID()",xmpbox/src/main/java/org/apache/xmpbox/type/ResourceRefType.java,,,,,,,,,,,,,,,,,,,,,,,,,1,12,0,12,2,5,0,3,2,3,5,2,4,2,2,2,1,,,,,,1,,0,00,2,2,2,1
Public Method,"org.apache.xmpbox.type.ResourceRefType.setDocumentID(String)",xmpbox/src/main/java/org/apache/xmpbox/type/ResourceRefType.java,,,,,,,,,,,,,,,,,,,,,,,,,2,4,0,4,1,1,0,1,1,1,2,1,1,1,1,1,1,,,,,,0,,0,00,1,1,1,1
Public Method,"org.apache.xmpbox.type.ResourceRefType.setFilePath(String)",xmpbox/src/main/java/org/apache/xmpbox/type/ResourceRefType.java,,,,,,,,,,,,,,,,,,,,,,,,,2,4,0,4,1,1,0,1,1,1,2,1,1,1,1,1,1,,,,,,0,,0,00,1,1,1,1
Public Method,"org.apache.xmpbox.type.ResourceRefType.setFromPart(String)",xmpbox/src/main/java/org/apache/xmpbox/type/ResourceRefType.java,,,,,,,,,,,,,,,,,,,,,,,,,2,4,0,4,1,1,0,1,1,1,2,1,1,1,1,1,1,,,,,,0,,0,00,1,1,1,1
Public Method,"org.apache.xmpbox.type.ResourceRefType.setInstanceID(String)",xmpbox/src/main/java/org/apache/xmpbox/type/ResourceRefType.java,,,,,,,,,,,,,,,,,,,,,,,,,2,4,0,4,1,1,0,1,1,1,2,1,1,1,1,1,1,,,,,,0,,0,00,1,1,1,1
Public Method,"org.apache.xmpbox.type.ResourceRefType.setLastModifyDate(Calendar)",xmpbox/src/main/java/org/apache/xmpbox/type/ResourceRefType.java,,,,,,,,,,,,,,,,,,,,,,,,,2,4,0,4,1,1,0,1,1,1,2,1,1,1,1,1,1,,,,,,0,,0,00,1,1,1,1
Public Method,"org.apache.xmpbox.type.ResourceRefType.setManageTo(String)",xmpbox/src/main/java/org/apache/xmpbox/type/ResourceRefType.java,,,,,,,,,,,,,,,,,,,,,,,,,2,4,0,4,1,1,0,1,1,1,2,1,1,1,1,1,1,,,,,,0,,0,00,1,1,1,1
Public Method,"org.apache.xmpbox.type.ResourceRefType.setManageUI(String)",xmpbox/src/main/java/org/apache/xmpbox/type/ResourceRefType.java,,,,,,,,,,,,,,,,,,,,,,,,,2,4,0,4,1,1,0,1,1,1,2,1,1,1,1,1,1,,,,,,0,,0,00,1,1,1,1
Public Method,"org.apache.xmpbox.type.ResourceRefType.setManager(String)",xmpbox/src/main/java/org/apache/xmpbox/type/ResourceRefType.java,,,,,,,,,,,,,,,,,,,,,,,,,2,4,0,4,1,1,0,1,1,1,2,1,1,1,1,1,1,,,,,,0,,0,00,1,1,1,1
Public Method,"org.apache.xmpbox.type.ResourceRefType.setManagerVariant(String)",xmpbox/src/main/java/org/apache/xmpbox/type/ResourceRefType.java,,,,,,,,,,,,,,,,,,,,,,,,,2,4,0,4,1,1,0,1,1,1,2,1,1,1,1,1,1,,,,,,0,,0,00,1,1,1,1
Public Method,"org.apache.xmpbox.type.ResourceRefType.setMaskMarkers(String)",xmpbox/src/main/java/org/apache/xmpbox/type/ResourceRefType.java,,,,,,,,,,,,,,,,,,,,,,,,,2,4,0,4,1,1,0,1,1,1,2,1,1,1,1,1,1,,,,,,0,,0,00,1,1,1,1
Public Method,"org.apache.xmpbox.type.ResourceRefType.setPartMapping(String)",xmpbox/src/main/java/org/apache/xmpbox/type/ResourceRefType.java,,,,,,,,,,,,,,,,,,,,,,,,,2,4,0,4,1,1,0,1,1,1,2,1,1,1,1,1,1,,,,,,0,,0,00,1,1,1,1
Public Method,"org.apache.xmpbox.type.ResourceRefType.setRenditionClass(String)",xmpbox/src/main/java/org/apache/xmpbox/type/ResourceRefType.java,,,,,,,,,,,,,,,,,,,,,,,,,2,4,0,4,1,1,0,1,1,1,2,1,1,1,1,1,1,,,,,,0,,0,00,1,1,1,1
Public Method,"org.apache.xmpbox.type.ResourceRefType.setRenditionParams(String)",xmpbox/src/main/java/org/apache/xmpbox/type/ResourceRefType.java,,,,,,,,,,,,,,,,,,,,,,,,,2,4,0,4,1,1,0,1,1,1,2,1,1,1,1,1,1,,,,,,0,,0,00,1,1,1,1
Public Method,"org.apache.xmpbox.type.ResourceRefType.setToPart(String)",xmpbox/src/main/java/org/apache/xmpbox/type/ResourceRefType.java,,,,,,,,,,,,,,,,,,,,,,,,,2,4,0,4,1,1,0,1,1,1,2,1,1,1,1,1,1,,,,,,0,,0,00,1,1,1,1
Public Method,"org.apache.xmpbox.type.ResourceRefType.setVersionID(String)",xmpbox/src/main/java/org/apache/xmpbox/type/ResourceRefType.java,,,,,,,,,,,,,,,,,,,,,,,,,2,4,0,4,1,1,0,1,1,1,2,1,1,1,1,1,1,,,,,,0,,0,00,1,1,1,1
Public Annotation,"org.apache.xmpbox.type.StructuredType",xmpbox/src/main/java/org/apache/xmpbox/type/StructuredType.java,0,0,0,0,0,0,0,0,0,3,0,,0,0,,,2,0,2,2,2,0,0,0,,10,3,7,5,0,0,,,2,3,3,0,,,,,0,0,0,0,0,0,0,0,00,0,0,0,0
Abstract Method,"org.apache.xmpbox.type.StructuredType.namespace()",xmpbox/src/main/java/org/apache/xmpbox/type/StructuredType.java,,,,,,,,,,,,,,,,,,,,,,,,,8,1,0,1,1,0,0,1,0,1,1,1,0,0,0,0,0,,,,,,0,,0,00,0,0,0,0
Abstract Method,"org.apache.xmpbox.type.StructuredType.preferedPrefix()",xmpbox/src/main/java/org/apache/xmpbox/type/StructuredType.java,,,,,,,,,,,,,,,,,,,,,,,,,5,1,0,1,1,0,0,1,0,1,1,1,0,0,0,0,0,,,,,,0,,0,00,0,0,0,0
Class,"org.apache.xmpbox.type.TestAbstractStructuredType",xmpbox/src/test/java/org/apache/xmpbox/type/TestAbstractStructuredType.java,1,1,1,1,7,0,7,0,1,8,0,,0,2,,,5,2,5,17,5,0,0,0,,87,14,53,23,22,21,,,22,30,16,17,,,,,1,1,1,1,1,0,50,0,40,5,5,5,5
Private Static Class,"org.apache.xmpbox.type.TestAbstractStructuredType.MyStructuredType",xmpbox/src/test/java/org/apache/xmpbox/type/TestAbstractStructuredType.java,1,1,1,1,4,0,4,0,1,5,0,,0,2,,,1,0,1,48,0,0,0,1,,15,4,11,6,3,0,,,3,5,4,1,,,,,1,1,1,1,4,0,0,0,00,1,1,1,1
Public Constructor,"org.apache.xmpbox.type.TestAbstractStructuredType.MyStructuredType.MyStructuredType(XMPMetadata,String,String)",xmpbox/src/test/java/org/apache/xmpbox/type/TestAbstractStructuredType.java,,,,,,,,,,,,,,,,,,,,,,,,,3,4,0,4,1,1,0,2,1,1,2,1,1,1,1,1,1,,,,,,0,,0,00,1,1,1,1
Method,"org.apache.xmpbox.type.TestAbstractStructuredType.testNonExistingProperty()",xmpbox/src/test/java/org/apache/xmpbox/type/TestAbstractStructuredType.java,,,,,,,,,,,,,,,,,,,,,,,,,1,5,0,5,2,1,0,2,1,1,2,1,1,1,1,1,1,,,,,,0,,0,00,1,1,1,1
Method,"org.apache.xmpbox.type.TestAbstractStructuredType.testNotValuatedPropertyProperty()",xmpbox/src/test/java/org/apache/xmpbox/type/TestAbstractStructuredType.java,,,,,,,,,,,,,,,,,,,,,,,,,2,5,0,5,2,1,0,2,1,1,2,1,1,1,1,1,1,,,,,,0,,0,00,1,1,1,1
Method,"org.apache.xmpbox.type.TestAbstractStructuredType.testValuatedDateProperty()",xmpbox/src/test/java/org/apache/xmpbox/type/TestAbstractStructuredType.java,,,,,,,,,,,,,,,,,,,,,,,,,3,9,0,9,3,5,0,7,1,5,6,2,5,1,1,1,1,,,,,,0,,0,00,1,1,1,1
Method,"org.apache.xmpbox.type.TestAbstractStructuredType.testValuatedTextProperty()",xmpbox/src/test/java/org/apache/xmpbox/type/TestAbstractStructuredType.java,,,,,,,,,,,,,,,,,,,,,,,,,3,9,0,9,3,5,0,6,1,5,6,2,4,1,1,1,1,,,,,,0,,0,00,1,1,1,1
Method,"org.apache.xmpbox.type.TestAbstractStructuredType.validate()",xmpbox/src/test/java/org/apache/xmpbox/type/TestAbstractStructuredType.java,,,,,,,,,,,,,,,,,,,,,,,,,3,7,0,7,2,3,0,3,1,3,4,1,3,1,1,1,1,,,,,,0,,0,00,1,1,1,1
Class,"org.apache.xmpbox.type.TestDerivedType",xmpbox/src/test/java/org/apache/xmpbox/type/TestDerivedType.java,1,1,1,1,9,0,9,0,1,23,0,,1,3,,,3,4,4,16,1,1,1,1,,79,12,47,18,27,20,,,16,21,14,8,,,,,1,1,1,1,1,0,75,0,43,4,4,4,4
Public Method,"org.apache.xmpbox.type.TestDerivedType.before()",xmpbox/src/test/java/org/apache/xmpbox/type/TestDerivedType.java,,,,,,,,,,,,,,,,,,,,,,,,,0,5,0,5,2,1,0,2,1,1,2,1,1,1,1,1,1,,,,,,0,,0,00,1,1,1,1
Private Static Method,"org.apache.xmpbox.type.TestDerivedType.initializeParameters()",xmpbox/src/test/java/org/apache/xmpbox/type/TestDerivedType.java,,,,,,,,,,,,,,,,,,,,,,,,,0,17,0,16,1,13,1,3,1,1,2,1,1,1,1,1,1,,,,,,0,,0,06,1,1,1,1
Protected Method,"org.apache.xmpbox.type.TestDerivedType.instanciate(XMPMetadata,String,String,String,Object)",xmpbox/src/test/java/org/apache/xmpbox/type/TestDerivedType.java,,,,,,,,,,,,,,,,,,,,,,,,,7,6,0,6,3,2,0,2,1,2,3,2,1,1,1,1,1,,,,,,0,,0,00,1,1,1,1
Method,"org.apache.xmpbox.type.TestDerivedType.test1(Class<? extends TextType>,String)",xmpbox/src/test/java/org/apache/xmpbox/type/TestDerivedType.java,,,,,,,,,,,,,,,,,,,,,,,,,5,10,0,10,4,5,0,8,1,5,6,2,5,1,1,1,1,,,,,,0,,0,00,1,1,1,1
Class,"org.apache.xmpbox.type.TestSimpleMetadataProperties",xmpbox/src/test/java/org/apache/xmpbox/type/TestSimpleMetadataProperties.java,1,1,1,1,19,1,11,6,1,20,0,,0,0,,,10,1,10,22,10,0,0,0,,232,28,122,56,79,87,,,73,84,46,64,,,,,1,1,1,1,1,0,60,0,71,16,16,16,16
Method,"org.apache.xmpbox.type.TestSimpleMetadataProperties.testAttribute()",xmpbox/src/test/java/org/apache/xmpbox/type/TestSimpleMetadataProperties.java,,,,,,,,,,,,,,,,,,,,,,,,,1,42,10,21,8,17,15,12,1,17,18,7,17,1,1,1,1,,,,,,0,,0,71,1,1,1,1
Method,"org.apache.xmpbox.type.TestSimpleMetadataProperties.testBooleanBadTypeDetection()",xmpbox/src/test/java/org/apache/xmpbox/type/TestSimpleMetadataProperties.java,,,,,,,,,,,,,,,,,,,,,,,,,1,12,0,7,2,3,5,1,1,2,3,1,2,1,1,1,1,,,,,,0,,0,71,2,2,2,2
Lambda Method,"org.apache.xmpbox.type.TestSimpleMetadataProperties.testBooleanBadTypeDetection.(lambda_expr_1)()",xmpbox/src/test/java/org/apache/xmpbox/type/TestSimpleMetadataProperties.java,,,,,,,,,,,,,,,,,,,,,,,,,1,3,0,3,0,2,0,2,1,1,1,0,1,1,1,1,1,,,,,,0,,0,00,1,1,1,1
Method,"org.apache.xmpbox.type.TestSimpleMetadataProperties.testCreationFromString()",xmpbox/src/test/java/org/apache/xmpbox/type/TestSimpleMetadataProperties.java,,,,,,,,,,,,,,,,,,,,,,,,,1,26,2,19,12,15,5,11,1,15,16,11,10,1,1,1,1,,,,,,0,,0,26,1,1,1,1
Method,"org.apache.xmpbox.type.TestSimpleMetadataProperties.testDateBadTypeDetection()",xmpbox/src/test/java/org/apache/xmpbox/type/TestSimpleMetadataProperties.java,,,,,,,,,,,,,,,,,,,,,,,,,1,12,0,7,2,3,5,1,1,2,3,1,2,1,1,1,1,,,,,,0,,0,71,2,2,2,2
Lambda Method,"org.apache.xmpbox.type.TestSimpleMetadataProperties.testDateBadTypeDetection.(lambda_expr_1)()",xmpbox/src/test/java/org/apache/xmpbox/type/TestSimpleMetadataProperties.java,,,,,,,,,,,,,,,,,,,,,,,,,1,3,0,3,0,2,0,2,1,1,1,0,1,1,1,1,1,,,,,,0,,0,00,1,1,1,1
Method,"org.apache.xmpbox.type.TestSimpleMetadataProperties.testElementAndObjectSynchronization()",xmpbox/src/test/java/org/apache/xmpbox/type/TestSimpleMetadataProperties.java,,,,,,,,,,,,,,,,,,,,,,,,,1,26,2,19,12,15,5,15,1,15,16,11,12,1,1,1,1,,,,,,0,,0,26,1,1,1,1
Method,"org.apache.xmpbox.type.TestSimpleMetadataProperties.testExceptionWithCause()",xmpbox/src/test/java/org/apache/xmpbox/type/TestSimpleMetadataProperties.java,,,,,,,,,,,,,,,,,,,,,,,,,1,13,0,8,3,4,5,2,1,3,4,2,3,1,1,1,1,,,,,,0,,0,62,2,2,2,2
Lambda Method,"org.apache.xmpbox.type.TestSimpleMetadataProperties.testExceptionWithCause.(lambda_expr_1)()",xmpbox/src/test/java/org/apache/xmpbox/type/TestSimpleMetadataProperties.java,,,,,,,,,,,,,,,,,,,,,,,,,0,3,0,3,0,2,0,2,1,1,1,0,1,1,1,1,1,,,,,,0,,0,00,1,1,1,1
Method,"org.apache.xmpbox.type.TestSimpleMetadataProperties.testIntegerBadTypeDetection()",xmpbox/src/test/java/org/apache/xmpbox/type/TestSimpleMetadataProperties.java,,,,,,,,,,,,,,,,,,,,,,,,,1,12,0,7,2,3,5,1,1,2,3,1,2,1,1,1,1,,,,,,0,,0,71,2,2,2,2
Lambda Method,"org.apache.xmpbox.type.TestSimpleMetadataProperties.testIntegerBadTypeDetection.(lambda_expr_1)()",xmpbox/src/test/java/org/apache/xmpbox/type/TestSimpleMetadataProperties.java,,,,,,,,,,,,,,,,,,,,,,,,,1,3,0,3,0,2,0,2,1,1,1,0,1,1,1,1,1,,,,,,0,,0,00,1,1,1,1
Method,"org.apache.xmpbox.type.TestSimpleMetadataProperties.testObjectCreationWithNamespace()",xmpbox/src/test/java/org/apache/xmpbox/type/TestSimpleMetadataProperties.java,,,,,,,,,,,,,,,,,,,,,,,,,1,22,2,15,8,11,6,9,1,11,12,7,10,1,1,1,1,,,,,,0,,0,40,1,1,1,1
Method,"org.apache.xmpbox.type.TestSimpleMetadataProperties.testRealBadTypeDetection()",xmpbox/src/test/java/org/apache/xmpbox/type/TestSimpleMetadataProperties.java,,,,,,,,,,,,,,,,,,,,,,,,,1,12,0,7,2,3,5,1,1,2,3,1,2,1,1,1,1,,,,,,0,,0,71,2,2,2,2
Lambda Method,"org.apache.xmpbox.type.TestSimpleMetadataProperties.testRealBadTypeDetection.(lambda_expr_1)()",xmpbox/src/test/java/org/apache/xmpbox/type/TestSimpleMetadataProperties.java,,,,,,,,,,,,,,,,,,,,,,,,,1,3,0,3,0,2,0,2,1,1,1,0,1,1,1,1,1,,,,,,0,,0,00,1,1,1,1
Method,"org.apache.xmpbox.type.TestSimpleMetadataProperties.testTextBadTypeDetection()",xmpbox/src/test/java/org/apache/xmpbox/type/TestSimpleMetadataProperties.java,,,,,,,,,,,,,,,,,,,,,,,,,1,13,0,8,3,4,5,2,1,3,4,2,3,1,1,1,1,,,,,,0,,0,62,2,2,2,2
Lambda Method,"org.apache.xmpbox.type.TestSimpleMetadataProperties.testTextBadTypeDetection.(lambda_expr_1)()",xmpbox/src/test/java/org/apache/xmpbox/type/TestSimpleMetadataProperties.java,,,,,,,,,,,,,,,,,,,,,,,,,1,3,0,3,0,2,0,2,1,1,1,0,1,1,1,1,1,,,,,,0,,0,00,1,1,1,1
Class,"org.apache.xmpbox.type.TestStructuredType",xmpbox/src/test/java/org/apache/xmpbox/type/TestStructuredType.java,1,1,1,1,12,0,11,1,1,22,0,,1,0,,,10,0,11,31,7,4,0,0,,177,14,131,39,72,32,,,41,59,29,43,,,,,3,3,3,1,2,2,0,0,24,16,16,16,11
Private Static Method,"org.apache.xmpbox.type.TestStructuredType.initializeParameters()",xmpbox/src/test/java/org/apache/xmpbox/type/TestStructuredType.java,,,,,,,,,,,,,,,,,,,,,,,,,11,44,1,37,2,34,6,10,1,2,3,2,2,1,1,1,1,,,,,,0,,0,16,1,1,1,1
Private Method,"org.apache.xmpbox.type.TestStructuredType.internalTestPropertyType(AbstractStructuredType,Class<? extends AbstractStructuredType>,String,Types)",xmpbox/src/test/java/org/apache/xmpbox/type/TestStructuredType.java,,,,,,,,,,,,,,,,,,,,,,,,,5,9,0,8,3,5,1,7,1,5,6,3,5,1,1,1,1,,,,,,0,,0,12,1,1,1,1
Private Method,"org.apache.xmpbox.type.TestStructuredType.internalTestSetter(AbstractStructuredType,Class<? extends AbstractStructuredType>,String,Types)",xmpbox/src/test/java/org/apache/xmpbox/type/TestStructuredType.java,,,,,,,,,,,,,,,,,,,,,,,,,6,14,0,12,6,9,2,12,1,9,10,6,9,1,1,1,1,,,,,,0,,0,17,1,1,1,1
Private Method,"org.apache.xmpbox.type.TestStructuredType.internalTestSettingValue(AbstractStructuredType,Class<? extends AbstractStructuredType>,String,Types)",xmpbox/src/test/java/org/apache/xmpbox/type/TestStructuredType.java,,,,,,,,,,,,,,,,,,,,,,,,,6,17,0,15,4,8,2,9,3,6,10,5,8,3,3,3,1,,,,,,2,,0,13,3,3,3,1
Method,"org.apache.xmpbox.type.TestStructuredType.testInitializedToNull(AbstractStructuredType,Class<? extends AbstractStructuredType>,String,Types)",xmpbox/src/test/java/org/apache/xmpbox/type/TestStructuredType.java,,,,,,,,,,,,,,,,,,,,,,,,,3,10,0,9,5,4,1,5,1,4,5,3,4,1,1,1,1,,,,,,0,,0,11,1,1,1,1
Method,"org.apache.xmpbox.type.TestStructuredType.testPropertyType(AbstractStructuredType,Class<? extends AbstractStructuredType>,String,Types)",xmpbox/src/test/java/org/apache/xmpbox/type/TestStructuredType.java,,,,,,,,,,,,,,,,,,,,,,,,,4,6,0,6,3,1,0,1,1,1,2,1,1,1,1,1,1,,,,,,0,,0,00,1,1,1,1
Method,"org.apache.xmpbox.type.TestStructuredType.testRandomPropertyType(AbstractStructuredType,Class<? extends AbstractStructuredType>,String,Types)",xmpbox/src/test/java/org/apache/xmpbox/type/TestStructuredType.java,,,,,,,,,,,,,,,,,,,,,,,,,5,10,0,10,3,3,0,3,2,4,6,2,4,2,2,2,1,,,,,,1,,0,00,2,2,2,1
Method,"org.apache.xmpbox.type.TestStructuredType.testRandomSetter(AbstractStructuredType,Class<? extends AbstractStructuredType>,String,Types)",xmpbox/src/test/java/org/apache/xmpbox/type/TestStructuredType.java,,,,,,,,,,,,,,,,,,,,,,,,,5,10,0,10,3,3,0,3,2,4,6,2,4,2,2,2,1,,,,,,1,,0,00,2,2,2,1
Method,"org.apache.xmpbox.type.TestStructuredType.testRandomSettingValue(AbstractStructuredType,Class<? extends AbstractStructuredType>,String,Types)",xmpbox/src/test/java/org/apache/xmpbox/type/TestStructuredType.java,,,,,,,,,,,,,,,,,,,,,,,,,5,9,0,9,3,3,0,3,2,4,6,2,4,2,2,2,1,,,,,,1,,0,00,2,2,2,1
Method,"org.apache.xmpbox.type.TestStructuredType.testSetter(AbstractStructuredType,Class<? extends AbstractStructuredType>,String,Types)",xmpbox/src/test/java/org/apache/xmpbox/type/TestStructuredType.java,,,,,,,,,,,,,,,,,,,,,,,,,4,6,0,6,3,1,0,1,1,1,2,1,1,1,1,1,1,,,,,,0,,0,00,1,1,1,1
Method,"org.apache.xmpbox.type.TestStructuredType.testSettingValue(AbstractStructuredType,Class<? extends AbstractStructuredType>,String,Types)",xmpbox/src/test/java/org/apache/xmpbox/type/TestStructuredType.java,,,,,,,,,,,,,,,,,,,,,,,,,4,6,0,6,3,1,0,1,1,1,2,1,1,1,1,1,1,,,,,,0,,0,00,1,1,1,1
Public Class,"org.apache.xmpbox.type.TextType",xmpbox/src/main/java/org/apache/xmpbox/type/TextType.java,1,1,1,1,12,0,6,5,1,4,13,,0,0,,,4,1,4,35,0,0,0,4,,84,8,30,9,7,46,,,6,12,6,6,,,,,2,2,2,1,3,1,25,1,53,5,5,5,4
Public Constructor,"org.apache.xmpbox.type.TextType.TextType(XMPMetadata,String,String,String,Object)",xmpbox/src/main/java/org/apache/xmpbox/type/TextType.java,,,,,,,,,,,,,,,,,,,,,,,,,21,19,1,4,1,1,14,2,1,1,2,1,1,1,1,1,1,,,,,,0,,3,50,1,1,1,1
Public Method,"org.apache.xmpbox.type.TextType.getStringValue()",xmpbox/src/main/java/org/apache/xmpbox/type/TextType.java,,,,,,,,,,,,,,,,,,,,,,,,,89,5,0,5,2,1,0,1,1,1,2,1,1,1,1,1,1,,,,,,0,,0,00,1,1,1,1
Public Method,"org.apache.xmpbox.type.TextType.getValue()",xmpbox/src/main/java/org/apache/xmpbox/type/TextType.java,,,,,,,,,,,,,,,,,,,,,,,,,3,5,0,5,2,1,0,1,1,1,2,1,1,1,1,1,1,,,,,,0,,0,00,1,1,1,1
Public Method,"org.apache.xmpbox.type.TextType.setValue(Object)",xmpbox/src/main/java/org/apache/xmpbox/type/TextType.java,,,,,,,,,,,,,,,,,,,,,,,,,1,19,1,12,2,4,6,3,2,2,4,1,3,2,2,2,1,,,,,,1,,0,50,2,2,2,1
Public Class,"org.apache.xmpbox.type.ThumbnailType",xmpbox/src/main/java/org/apache/xmpbox/type/ThumbnailType.java,1,1,1,1,11,0,6,5,1,13,0,,0,4,,,9,0,9,56,0,0,0,9,,158,15,69,23,26,75,,,22,36,18,22,,,,,2,2,2,1,4,1,0,1,09,13,13,13,9
Public Constructor,"org.apache.xmpbox.type.ThumbnailType.ThumbnailType(XMPMetadata)",xmpbox/src/main/java/org/apache/xmpbox/type/ThumbnailType.java,,,,,,,,,,,,,,,,,,,,,,,,,4,10,0,5,1,2,5,4,1,2,3,1,2,1,1,1,1,,,,,,0,,1,00,1,1,1,1
Public Method,"org.apache.xmpbox.type.ThumbnailType.getFormat()",xmpbox/src/main/java/org/apache/xmpbox/type/ThumbnailType.java,,,,,,,,,,,,,,,,,,,,,,,,,4,14,0,9,2,4,5,3,2,3,5,2,4,2,2,2,1,,,,,,1,,0,56,2,2,2,1
Public Method,"org.apache.xmpbox.type.ThumbnailType.getHeight()",xmpbox/src/main/java/org/apache/xmpbox/type/ThumbnailType.java,,,,,,,,,,,,,,,,,,,,,,,,,4,14,0,9,2,4,5,3,2,3,5,2,4,2,2,2,1,,,,,,1,,0,56,2,2,2,1
Public Method,"org.apache.xmpbox.type.ThumbnailType.getImage()",xmpbox/src/main/java/org/apache/xmpbox/type/ThumbnailType.java,,,,,,,,,,,,,,,,,,,,,,,,,4,14,0,9,2,4,5,3,2,3,5,2,4,2,2,2,1,,,,,,1,,0,56,2,2,2,1
Public Method,"org.apache.xmpbox.type.ThumbnailType.getWidth()",xmpbox/src/main/java/org/apache/xmpbox/type/ThumbnailType.java,,,,,,,,,,,,,,,,,,,,,,,,,4,15,1,9,2,4,5,3,2,3,5,2,4,2,2,2,1,,,,,,1,,0,56,2,2,2,1
Public Method,"org.apache.xmpbox.type.ThumbnailType.setFormat(String)",xmpbox/src/main/java/org/apache/xmpbox/type/ThumbnailType.java,,,,,,,,,,,,,,,,,,,,,,,,,3,10,0,4,1,1,6,1,1,1,2,1,1,1,1,1,1,,,,,,0,,1,50,1,1,1,1
Public Method,"org.apache.xmpbox.type.ThumbnailType.setHeight(Integer)",xmpbox/src/main/java/org/apache/xmpbox/type/ThumbnailType.java,,,,,,,,,,,,,,,,,,,,,,,,,3,10,0,4,1,1,6,1,1,1,2,1,1,1,1,1,1,,,,,,0,,1,50,1,1,1,1
Public Method,"org.apache.xmpbox.type.ThumbnailType.setImage(String)",xmpbox/src/main/java/org/apache/xmpbox/type/ThumbnailType.java,,,,,,,,,,,,,,,,,,,,,,,,,3,10,0,4,1,1,6,1,1,1,2,1,1,1,1,1,1,,,,,,0,,1,50,1,1,1,1
Public Method,"org.apache.xmpbox.type.ThumbnailType.setWidth(Integer)",xmpbox/src/main/java/org/apache/xmpbox/type/ThumbnailType.java,,,,,,,,,,,,,,,,,,,,,,,,,3,10,0,4,1,1,6,1,1,1,2,1,1,1,1,1,1,,,,,,0,,1,50,1,1,1,1
Public Final Class,"org.apache.xmpbox.type.TypeMapping",xmpbox/src/main/java/org/apache/xmpbox/type/TypeMapping.java,1,1,1,1,8,0,7,1,1,57,0,,1,1,,,37,6,38,50,0,2,0,36,,419,50,303,81,132,66,,,104,159,77,106,,,,,4,4,4,4,1,3,82,0,22,50,50,52,41
Public Constructor,"org.apache.xmpbox.type.TypeMapping.TypeMapping(XMPMetadata)",xmpbox/src/main/java/org/apache/xmpbox/type/TypeMapping.java,,,,,,,,,,,,,,,,,,,,,,,,,3,5,0,5,1,2,0,3,1,2,3,1,2,1,1,1,1,,,,,,0,,0,00,1,1,1,1
Private Method,"org.apache.xmpbox.type.TypeMapping.addNameSpace(Class<? extends XMPSchema>)",xmpbox/src/main/java/org/apache/xmpbox/type/TypeMapping.java,,,,,,,,,,,,,,,,,,,,,,,,,3,6,0,6,3,3,0,5,1,3,4,3,3,1,1,1,1,,,,,,0,,0,00,1,1,1,1
Public Method,"org.apache.xmpbox.type.TypeMapping.addNewNameSpace(String,String)",xmpbox/src/main/java/org/apache/xmpbox/type/TypeMapping.java,,,,,,,,,,,,,,,,,,,,,,,,,4,5,0,5,2,2,0,3,1,2,3,2,2,1,1,1,1,,,,,,0,,0,00,1,1,1,1
Public Method,"org.apache.xmpbox.type.TypeMapping.addToDefinedStructuredTypes(String,String,PropertiesDescription)",xmpbox/src/main/java/org/apache/xmpbox/type/TypeMapping.java,,,,,,,,,,,,,,,,,,,,,,,,,6,5,0,5,1,2,0,1,1,2,3,1,2,1,1,1,1,,,,,,0,,0,00,1,1,1,1
Public Method,"org.apache.xmpbox.type.TypeMapping.createAgentName(String,String,String,String)",xmpbox/src/main/java/org/apache/xmpbox/type/TypeMapping.java,,,,,,,,,,,,,,,,,,,,,,,,,6,4,0,4,1,1,0,2,1,1,2,1,1,1,1,1,1,,,,,,0,,0,00,1,1,1,1
Public Method,"org.apache.xmpbox.type.TypeMapping.createArrayProperty(String,String,String,Cardinality)",xmpbox/src/main/java/org/apache/xmpbox/type/TypeMapping.java,,,,,,,,,,,,,,,,,,,,,,,,,10,4,0,4,1,1,0,2,1,1,2,1,1,1,1,1,1,,,,,,0,,0,00,1,1,1,1
Public Method,"org.apache.xmpbox.type.TypeMapping.createBoolean(String,String,String,boolean)",xmpbox/src/main/java/org/apache/xmpbox/type/TypeMapping.java,,,,,,,,,,,,,,,,,,,,,,,,,10,4,0,4,1,1,0,2,1,1,2,1,1,1,1,1,1,,,,,,0,,0,00,1,1,1,1
Public Method,"org.apache.xmpbox.type.TypeMapping.createChoice(String,String,String,String)",xmpbox/src/main/java/org/apache/xmpbox/type/TypeMapping.java,,,,,,,,,,,,,,,,,,,,,,,,,5,4,0,4,1,1,0,2,1,1,2,1,1,1,1,1,1,,,,,,0,,0,00,1,1,1,1
Public Method,"org.apache.xmpbox.type.TypeMapping.createDate(String,String,String,Calendar)",xmpbox/src/main/java/org/apache/xmpbox/type/TypeMapping.java,,,,,,,,,,,,,,,,,,,,,,,,,9,4,0,4,1,1,0,2,1,1,2,1,1,1,1,1,1,,,,,,0,,0,00,1,1,1,1
Public Method,"org.apache.xmpbox.type.TypeMapping.createGUID(String,String,String,String)",xmpbox/src/main/java/org/apache/xmpbox/type/TypeMapping.java,,,,,,,,,,,,,,,,,,,,,,,,,5,4,0,4,1,1,0,2,1,1,2,1,1,1,1,1,1,,,,,,0,,0,00,1,1,1,1
Public Method,"org.apache.xmpbox.type.TypeMapping.createInteger(String,String,String,int)",xmpbox/src/main/java/org/apache/xmpbox/type/TypeMapping.java,,,,,,,,,,,,,,,,,,,,,,,,,9,4,0,4,1,1,0,2,1,1,2,1,1,1,1,1,1,,,,,,0,,0,00,1,1,1,1
Public Method,"org.apache.xmpbox.type.TypeMapping.createLocale(String,String,String,String)",xmpbox/src/main/java/org/apache/xmpbox/type/TypeMapping.java,,,,,,,,,,,,,,,,,,,,,,,,,5,4,0,4,1,1,0,2,1,1,2,1,1,1,1,1,1,,,,,,0,,0,00,1,1,1,1
Public Method,"org.apache.xmpbox.type.TypeMapping.createMIMEType(String,String,String,String)",xmpbox/src/main/java/org/apache/xmpbox/type/TypeMapping.java,,,,,,,,,,,,,,,,,,,,,,,,,5,4,0,4,1,1,0,2,1,1,2,1,1,1,1,1,1,,,,,,0,,0,00,1,1,1,1
Public Method,"org.apache.xmpbox.type.TypeMapping.createPart(String,String,String,String)",xmpbox/src/main/java/org/apache/xmpbox/type/TypeMapping.java,,,,,,,,,,,,,,,,,,,,,,,,,5,4,0,4,1,1,0,2,1,1,2,1,1,1,1,1,1,,,,,,0,,0,00,1,1,1,1
Public Method,"org.apache.xmpbox.type.TypeMapping.createProperName(String,String,String,String)",xmpbox/src/main/java/org/apache/xmpbox/type/TypeMapping.java,,,,,,,,,,,,,,,,,,,,,,,,,5,4,0,4,1,1,0,2,1,1,2,1,1,1,1,1,1,,,,,,0,,0,00,1,1,1,1
Public Static Method,"org.apache.xmpbox.type.TypeMapping.createPropertyType(Types,Cardinality)",xmpbox/src/main/java/org/apache/xmpbox/type/TypeMapping.java,,,,,,,,,,,,,,,,,,,,,,,,,7,24,3,21,1,11,0,1,1,4,8,4,4,1,1,1,1,,,,,,0,,0,00,1,1,1,1
Anonymous Class,"org.apache.xmpbox.type.TypeMapping.createPropertyType.(Anon_1)",xmpbox/src/main/java/org/apache/xmpbox/type/TypeMapping.java,1,1,1,1,5,0,5,0,2,5,0,,0,0,,,3,0,3,15,0,0,0,3,,19,3,16,0,9,0,,,3,6,3,3,,,,,1,1,1,1,1,0,0,0,00,3,3,3,3
Public Method,"org.apache.xmpbox.type.TypeMapping.createPropertyType.(Anon_1).annotationType()",xmpbox/src/main/java/org/apache/xmpbox/type/TypeMapping.java,,,,,,,,,,,,,,,,,,,,,,,,,0,5,0,5,0,3,0,1,1,1,2,1,1,1,1,1,1,,,,,,0,,0,00,1,1,1,1
Public Method,"org.apache.xmpbox.type.TypeMapping.createPropertyType.(Anon_1).card()",xmpbox/src/main/java/org/apache/xmpbox/type/TypeMapping.java,,,,,,,,,,,,,,,,,,,,,,,,,1,5,0,5,0,3,0,1,1,1,2,1,1,1,1,1,1,,,,,,0,,0,00,1,1,1,1
Public Method,"org.apache.xmpbox.type.TypeMapping.createPropertyType.(Anon_1).type()",xmpbox/src/main/java/org/apache/xmpbox/type/TypeMapping.java,,,,,,,,,,,,,,,,,,,,,,,,,1,5,0,5,0,3,0,1,1,1,2,1,1,1,1,1,1,,,,,,0,,0,00,1,1,1,1
Public Method,"org.apache.xmpbox.type.TypeMapping.createReal(String,String,String,float)",xmpbox/src/main/java/org/apache/xmpbox/type/TypeMapping.java,,,,,,,,,,,,,,,,,,,,,,,,,7,4,0,4,1,1,0,2,1,1,2,1,1,1,1,1,1,,,,,,0,,0,00,1,1,1,1
Public Method,"org.apache.xmpbox.type.TypeMapping.createRenditionClass(String,String,String,String)",xmpbox/src/main/java/org/apache/xmpbox/type/TypeMapping.java,,,,,,,,,,,,,,,,,,,,,,,,,5,4,0,4,1,1,0,2,1,1,2,1,1,1,1,1,1,,,,,,0,,0,00,1,1,1,1
Public Method,"org.apache.xmpbox.type.TypeMapping.createText(String,String,String,String)",xmpbox/src/main/java/org/apache/xmpbox/type/TypeMapping.java,,,,,,,,,,,,,,,,,,,,,,,,,14,4,0,4,1,1,0,2,1,1,2,1,1,1,1,1,1,,,,,,0,,0,00,1,1,1,1
Public Method,"org.apache.xmpbox.type.TypeMapping.createURI(String,String,String,String)",xmpbox/src/main/java/org/apache/xmpbox/type/TypeMapping.java,,,,,,,,,,,,,,,,,,,,,,,,,6,4,0,4,1,1,0,2,1,1,2,1,1,1,1,1,1,,,,,,0,,0,00,1,1,1,1
Public Method,"org.apache.xmpbox.type.TypeMapping.createURL(String,String,String,String)",xmpbox/src/main/java/org/apache/xmpbox/type/TypeMapping.java,,,,,,,,,,,,,,,,,,,,,,,,,6,4,0,4,1,1,0,2,1,1,2,1,1,1,1,1,1,,,,,,0,,0,00,1,1,1,1
Public Method,"org.apache.xmpbox.type.TypeMapping.createXPath(String,String,String,String)",xmpbox/src/main/java/org/apache/xmpbox/type/TypeMapping.java,,,,,,,,,,,,,,,,,,,,,,,,,5,4,0,4,1,1,0,2,1,1,2,1,1,1,1,1,1,,,,,,0,,0,00,1,1,1,1
Public Method,"org.apache.xmpbox.type.TypeMapping.getAssociatedSchemaObject(XMPMetadata,String,String)",xmpbox/src/main/java/org/apache/xmpbox/type/TypeMapping.java,,,,,,,,,,,,,,,,,,,,,,,,,4,27,0,14,4,6,13,5,2,4,6,3,5,3,3,3,1,,,,,,1,,0,93,3,3,3,1
Public Method,"org.apache.xmpbox.type.TypeMapping.getDefinedDescriptionByNamespace(String)",xmpbox/src/main/java/org/apache/xmpbox/type/TypeMapping.java,,,,,,,,,,,,,,,,,,,,,,,,,4,5,0,5,2,2,0,2,1,2,3,2,2,1,1,1,1,,,,,,0,,0,00,1,1,1,1
Public Method,"org.apache.xmpbox.type.TypeMapping.getSchemaFactory(String)",xmpbox/src/main/java/org/apache/xmpbox/type/TypeMapping.java,,,,,,,,,,,,,,,,,,,,,,,,,9,4,0,4,1,1,0,2,1,1,2,1,1,1,1,1,1,,,,,,0,,0,00,1,1,1,1
Public Method,"org.apache.xmpbox.type.TypeMapping.getSpecifiedPropertyType(QName)",xmpbox/src/main/java/org/apache/xmpbox/type/TypeMapping.java,,,,,,,,,,,,,,,,,,,,,,,,,6,40,0,28,4,13,12,8,4,7,11,4,10,4,4,4,4,,,,,,3,,0,43,4,4,4,4
Public Method,"org.apache.xmpbox.type.TypeMapping.getStructuredPropMapping(Types)",xmpbox/src/main/java/org/apache/xmpbox/type/TypeMapping.java,,,,,,,,,,,,,,,,,,,,,,,,,4,4,0,4,1,1,0,2,1,1,2,1,1,1,1,1,1,,,,,,0,,0,00,1,1,1,1
Private Method,"org.apache.xmpbox.type.TypeMapping.initialize()",xmpbox/src/main/java/org/apache/xmpbox/type/TypeMapping.java,,,,,,,,,,,,,,,,,,,,,,,,,3,38,2,33,6,26,3,16,3,23,27,6,25,3,3,3,1,,,,,,2,,0,09,3,3,3,1
Public Method,"org.apache.xmpbox.type.TypeMapping.initializePropMapping(Class<?>)",xmpbox/src/main/java/org/apache/xmpbox/type/TypeMapping.java,,,,,,,,,,,,,,,,,,,,,,,,,5,25,0,25,5,14,0,9,4,8,13,6,10,4,4,4,1,,,,,,3,,0,00,4,4,4,1
Public Method,"org.apache.xmpbox.type.TypeMapping.instanciateDefinedType(String,String)",xmpbox/src/main/java/org/apache/xmpbox/type/TypeMapping.java,,,,,,,,,,,,,,,,,,,,,,,,,4,4,0,4,1,1,0,2,1,1,2,1,1,1,1,1,1,,,,,,0,,0,00,1,1,1,1
Public Method,"org.apache.xmpbox.type.TypeMapping.instanciateSimpleField(Class<?>,String,String,String,Object)",xmpbox/src/main/java/org/apache/xmpbox/type/TypeMapping.java,,,,,,,,,,,,,,,,,,,,,,,,,7,8,0,8,5,4,0,5,1,4,5,4,4,1,1,1,1,,,,,,0,,0,00,1,1,1,1
Public Method,"org.apache.xmpbox.type.TypeMapping.instanciateSimpleProperty(String,String,String,Object,Types)",xmpbox/src/main/java/org/apache/xmpbox/type/TypeMapping.java,,,,,,,,,,,,,,,,,,,,,,,,,16,20,0,18,6,9,2,8,2,5,7,4,5,2,2,2,1,,,,,,1,,0,11,2,2,2,1
Public Method,"org.apache.xmpbox.type.TypeMapping.instanciateStructuredType(Types,String)",xmpbox/src/main/java/org/apache/xmpbox/type/TypeMapping.java,,,,,,,,,,,,,,,,,,,,,,,,,6,19,0,19,7,11,0,7,2,6,8,4,7,2,2,2,1,,,,,,1,,0,00,2,2,2,1
Public Method,"org.apache.xmpbox.type.TypeMapping.isDefinedNamespace(String)",xmpbox/src/main/java/org/apache/xmpbox/type/TypeMapping.java,,,,,,,,,,,,,,,,,,,,,,,,,2,4,0,4,1,1,0,4,1,1,2,1,1,1,1,3,1,,,,,,0,,0,00,1,1,3,1
Public Method,"org.apache.xmpbox.type.TypeMapping.isDefinedSchema(String)",xmpbox/src/main/java/org/apache/xmpbox/type/TypeMapping.java,,,,,,,,,,,,,,,,,,,,,,,,,4,11,0,4,1,1,7,2,1,1,2,1,1,1,1,1,1,,,,,,0,,1,75,1,1,1,1
Public Method,"org.apache.xmpbox.type.TypeMapping.isDefinedType(String)",xmpbox/src/main/java/org/apache/xmpbox/type/TypeMapping.java,,,,,,,,,,,,,,,,,,,,,,,,,3,4,0,4,1,1,0,2,1,1,2,1,1,1,1,1,1,,,,,,0,,0,00,1,1,1,1
Public Method,"org.apache.xmpbox.type.TypeMapping.isDefinedTypeNamespace(String)",xmpbox/src/main/java/org/apache/xmpbox/type/TypeMapping.java,,,,,,,,,,,,,,,,,,,,,,,,,3,4,0,4,1,1,0,2,1,1,2,1,1,1,1,1,1,,,,,,0,,0,00,1,1,1,1
Public Method,"org.apache.xmpbox.type.TypeMapping.isStructuredTypeNamespace(String)",xmpbox/src/main/java/org/apache/xmpbox/type/TypeMapping.java,,,,,,,,,,,,,,,,,,,,,,,,,3,11,0,4,1,1,7,2,1,1,2,1,1,1,1,1,1,,,,,,0,,1,75,1,1,1,1
Public Enum Type,"org.apache.xmpbox.type.Types",xmpbox/src/main/java/org/apache/xmpbox/type/Types.java,0,0,0,0,3,0,3,0,1,33,0,,0,0,,,9,39,9,35,0,1,0,8,,90,16,52,27,9,22,,,13,20,11,9,,,,,1,1,1,1,1,0,,0,42,7,7,7,7
Private Constructor,"org.apache.xmpbox.type.Types.Types(boolean,Types,Class<? extends AbstractField>)",xmpbox/src/main/java/org/apache/xmpbox/type/Types.java,,,,,,,,,,,,,,,,,,,,,,,,,3,6,0,6,1,3,0,4,1,3,4,1,3,1,1,1,1,,,,,,0,,0,00,1,1,1,1
Public Method,"org.apache.xmpbox.type.Types.getBasic()",xmpbox/src/main/java/org/apache/xmpbox/type/Types.java,,,,,,,,,,,,,,,,,,,,,,,,,1,4,0,4,1,1,0,1,1,1,2,1,1,1,1,1,1,,,,,,0,,0,00,1,1,1,1
Public Method,"org.apache.xmpbox.type.Types.getImplementingClass()",xmpbox/src/main/java/org/apache/xmpbox/type/Types.java,,,,,,,,,,,,,,,,,,,,,,,,,8,4,0,4,1,1,0,1,1,1,2,1,1,1,1,1,1,,,,,,0,,0,00,1,1,1,1
Public Method,"org.apache.xmpbox.type.Types.isBasic()",xmpbox/src/main/java/org/apache/xmpbox/type/Types.java,,,,,,,,,,,,,,,,,,,,,,,,,1,4,0,4,1,1,0,1,1,1,2,1,1,1,1,1,1,,,,,,0,,0,00,1,1,1,1
Public Method,"org.apache.xmpbox.type.Types.isDefined()",xmpbox/src/main/java/org/apache/xmpbox/type/Types.java,,,,,,,,,,,,,,,,,,,,,,,,,2,4,0,4,1,1,0,1,1,1,2,1,1,1,1,1,1,,,,,,0,,0,00,1,1,1,1
Public Method,"org.apache.xmpbox.type.Types.isSimple()",xmpbox/src/main/java/org/apache/xmpbox/type/Types.java,,,,,,,,,,,,,,,,,,,,,,,,,5,4,0,4,1,1,0,1,1,1,2,1,1,1,1,1,1,,,,,,0,,0,00,1,1,1,1
Public Method,"org.apache.xmpbox.type.Types.isStructured()",xmpbox/src/main/java/org/apache/xmpbox/type/Types.java,,,,,,,,,,,,,,,,,,,,,,,,,7,4,0,4,1,1,0,1,1,1,2,1,1,1,1,1,1,,,,,,0,,0,00,1,1,1,1
Public Implicit Method,"org.apache.xmpbox.type.Types.valueOf()",xmpbox/src/main/java/org/apache/xmpbox/type/Types.java,,,,,,,,,,,,,,,,,,,,,,,,,,,,,,,,,,,,,,,,,,,,,,,,,0,00,0,0,0,0
Public Implicit Method,"org.apache.xmpbox.type.Types.values()",xmpbox/src/main/java/org/apache/xmpbox/type/Types.java,,,,,,,,,,,,,,,,,,,,,,,,,,,,,,,,,,,,,,,,,,,,,,,,,0,00,0,0,0,0
Public Class,"org.apache.xmpbox.type.URIType",xmpbox/src/main/java/org/apache/xmpbox/type/URIType.java,1,1,1,1,4,0,4,0,1,2,0,,0,0,,,1,0,1,36,0,0,0,1,,29,2,7,2,1,20,,,1,3,2,1,,,,,1,1,1,1,4,0,0,2,86,1,1,1,1
Public Constructor,"org.apache.xmpbox.type.URIType.URIType(XMPMetadata,String,String,String,Object)",xmpbox/src/main/java/org/apache/xmpbox/type/URIType.java,,,,,,,,,,,,,,,,,,,,,,,,,6,4,0,4,1,1,0,2,1,1,2,1,1,1,1,1,1,,,,,,0,,0,00,1,1,1,1
Public Class,"org.apache.xmpbox.type.URLType",xmpbox/src/main/java/org/apache/xmpbox/type/URLType.java,1,1,1,1,4,0,4,0,1,2,0,,0,0,,,1,0,1,36,0,0,0,1,,29,2,7,2,1,20,,,1,3,2,1,,,,,1,1,1,1,4,0,0,2,86,1,1,1,1
Public Constructor,"org.apache.xmpbox.type.URLType.URLType(XMPMetadata,String,String,String,Object)",xmpbox/src/main/java/org/apache/xmpbox/type/URLType.java,,,,,,,,,,,,,,,,,,,,,,,,,6,4,0,4,1,1,0,2,1,1,2,1,1,1,1,1,1,,,,,,0,,0,00,1,1,1,1
Public Class,"org.apache.xmpbox.type.VersionType",xmpbox/src/main/java/org/apache/xmpbox/type/VersionType.java,1,1,1,1,4,0,4,0,1,9,0,,0,5,,,11,0,11,58,0,0,0,11,,101,17,59,23,17,26,,,17,29,17,12,,,,,1,1,1,1,4,0,0,0,44,11,11,11,11
Public Constructor,"org.apache.xmpbox.type.VersionType.VersionType(XMPMetadata)",xmpbox/src/main/java/org/apache/xmpbox/type/VersionType.java,,,,,,,,,,,,,,,,,,,,,,,,,2,10,0,5,1,2,5,5,1,2,3,1,2,1,1,1,1,,,,,,0,,1,00,1,1,1,1
Public Method,"org.apache.xmpbox.type.VersionType.getComments()",xmpbox/src/main/java/org/apache/xmpbox/type/VersionType.java,,,,,,,,,,,,,,,,,,,,,,,,,1,4,0,4,1,1,0,2,1,1,2,1,1,1,1,1,1,,,,,,0,,0,00,1,1,1,1
Public Method,"org.apache.xmpbox.type.VersionType.getEvent()",xmpbox/src/main/java/org/apache/xmpbox/type/VersionType.java,,,,,,,,,,,,,,,,,,,,,,,,,1,4,0,4,1,1,0,2,1,1,2,1,1,1,1,1,1,,,,,,0,,0,00,1,1,1,1
Public Method,"org.apache.xmpbox.type.VersionType.getModifier()",xmpbox/src/main/java/org/apache/xmpbox/type/VersionType.java,,,,,,,,,,,,,,,,,,,,,,,,,1,4,0,4,1,1,0,2,1,1,2,1,1,1,1,1,1,,,,,,0,,0,00,1,1,1,1
Public Method,"org.apache.xmpbox.type.VersionType.getModifyDate()",xmpbox/src/main/java/org/apache/xmpbox/type/VersionType.java,,,,,,,,,,,,,,,,,,,,,,,,,1,4,0,4,1,1,0,2,1,1,2,1,1,1,1,1,1,,,,,,0,,0,00,1,1,1,1
Public Method,"org.apache.xmpbox.type.VersionType.getVersion()",xmpbox/src/main/java/org/apache/xmpbox/type/VersionType.java,,,,,,,,,,,,,,,,,,,,,,,,,1,4,0,4,1,1,0,2,1,1,2,1,1,1,1,1,1,,,,,,0,,0,00,1,1,1,1
Public Method,"org.apache.xmpbox.type.VersionType.setComments(String)",xmpbox/src/main/java/org/apache/xmpbox/type/VersionType.java,,,,,,,,,,,,,,,,,,,,,,,,,2,4,0,4,1,1,0,1,1,1,2,1,1,1,1,1,1,,,,,,0,,0,00,1,1,1,1
Public Method,"org.apache.xmpbox.type.VersionType.setEvent(ResourceEventType)",xmpbox/src/main/java/org/apache/xmpbox/type/VersionType.java,,,,,,,,,,,,,,,,,,,,,,,,,1,4,0,4,1,1,0,1,1,1,2,1,1,1,1,1,1,,,,,,0,,0,00,1,1,1,1
Public Method,"org.apache.xmpbox.type.VersionType.setModifier(String)",xmpbox/src/main/java/org/apache/xmpbox/type/VersionType.java,,,,,,,,,,,,,,,,,,,,,,,,,2,4,0,4,1,1,0,1,1,1,2,1,1,1,1,1,1,,,,,,0,,0,00,1,1,1,1
Public Method,"org.apache.xmpbox.type.VersionType.setModifyDate(Calendar)",xmpbox/src/main/java/org/apache/xmpbox/type/VersionType.java,,,,,,,,,,,,,,,,,,,,,,,,,2,4,0,4,1,1,0,1,1,1,2,1,1,1,1,1,1,,,,,,0,,0,00,1,1,1,1
Public Method,"org.apache.xmpbox.type.VersionType.setVersion(String)",xmpbox/src/main/java/org/apache/xmpbox/type/VersionType.java,,,,,,,,,,,,,,,,,,,,,,,,,2,4,0,4,1,1,0,1,1,1,2,1,1,1,1,1,1,,,,,,0,,0,00,1,1,1,1
Public Class,"org.apache.xmpbox.type.XPathType",xmpbox/src/main/java/org/apache/xmpbox/type/XPathType.java,1,1,1,1,4,0,4,0,1,2,0,,0,0,,,1,0,1,36,0,0,0,1,,29,2,7,2,1,20,,,1,3,2,1,,,,,1,1,1,1,4,0,0,2,86,1,1,1,1
Public Constructor,"org.apache.xmpbox.type.XPathType.XPathType(XMPMetadata,String,String,String,Object)",xmpbox/src/main/java/org/apache/xmpbox/type/XPathType.java,,,,,,,,,,,,,,,,,,,,,,,,,6,4,0,4,1,1,0,2,1,1,2,1,1,1,1,1,1,,,,,,0,,0,00,1,1,1,1
Package,"org.apache.xmpbox.xml",xmpbox/src/main/java/org/apache/xmpbox/xml/DomHelper.java,3,3,3,1,23,0,19,2,,,,8,14,4,6,,46,20,60,,0,31,5,24,,1819,125,1387,392,682,323,,,568,800,387,573,,,,,12,12,12,6,,5,,0,23,215,210,241,77
Public Final Class,"org.apache.xmpbox.xml.DomHelper",xmpbox/src/main/java/org/apache/xmpbox/xml/DomHelper.java,2,2,2,1,9,0,8,1,1,11,0,,6,0,,,1,0,7,19,0,1,0,6,,100,8,65,14,25,27,,,22,37,17,25,,,,,4,4,4,3,1,3,0,0,42,14,14,16,9
Private Constructor,"org.apache.xmpbox.xml.DomHelper.DomHelper()",xmpbox/src/main/java/org/apache/xmpbox/xml/DomHelper.java,,,,,,,,,,,,,,,,,,,,,,,,,0,3,0,3,1,0,0,1,1,0,1,1,0,1,1,1,1,,,,,,0,,0,00,1,1,1,1
Public Static Method,"org.apache.xmpbox.xml.DomHelper.getElementChildren(Element)",xmpbox/src/main/java/org/apache/xmpbox/xml/DomHelper.java,,,,,,,,,,,,,,,,,,,,,,,,,6,13,0,13,3,6,0,6,3,6,9,4,7,3,3,3,1,,,,,,2,,0,00,3,3,3,1
Public Static Method,"org.apache.xmpbox.xml.DomHelper.getFirstChildElement(Element)",xmpbox/src/main/java/org/apache/xmpbox/xml/DomHelper.java,,,,,,,,,,,,,,,,,,,,,,,,,5,18,0,12,2,5,6,4,3,5,8,3,6,3,3,3,3,,,,,,2,,0,50,3,3,3,3
Public Static Method,"org.apache.xmpbox.xml.DomHelper.getQName(Element)",xmpbox/src/main/java/org/apache/xmpbox/xml/DomHelper.java,,,,,,,,,,,,,,,,,,,,,,,,,6,4,0,4,1,1,0,5,1,1,2,1,1,1,1,1,1,,,,,,0,,0,00,1,1,1,1
Public Static Method,"org.apache.xmpbox.xml.DomHelper.getUniqueElementChild(Element)",xmpbox/src/main/java/org/apache/xmpbox/xml/DomHelper.java,,,,,,,,,,,,,,,,,,,,,,,,,5,21,0,20,3,9,1,6,4,7,11,4,8,4,4,4,1,,,,,,3,,0,05,4,4,4,1
Public Static Method,"org.apache.xmpbox.xml.DomHelper.isParseTypeResource(Element)",xmpbox/src/main/java/org/apache/xmpbox/xml/DomHelper.java,,,,,,,,,,,,,,,,,,,,,,,,,8,5,0,5,2,2,0,4,1,2,3,2,2,1,1,2,1,,,,,,0,,0,00,1,1,2,1
Public Static Method,"org.apache.xmpbox.xml.DomHelper.isRdfDescription(Element)",xmpbox/src/main/java/org/apache/xmpbox/xml/DomHelper.java,,,,,,,,,,,,,,,,,,,,,,,,,3,5,0,5,1,2,0,4,1,1,2,1,1,1,1,2,1,,,,,,0,,0,00,1,1,2,1
Public Class,"org.apache.xmpbox.xml.DomXmpParser",xmpbox/src/main/java/org/apache/xmpbox/xml/DomXmpParser.java,4,4,5,1,32,0,29,2,1,50,0,,0,0,,,25,3,25,37,0,20,0,5,,903,48,770,155,421,92,,,272,403,150,349,,,,,12,12,12,4,1,5,82,0,12,119,116,130,31
Public Constructor,"org.apache.xmpbox.xml.DomXmpParser.DomXmpParser()",xmpbox/src/main/java/org/apache/xmpbox/xml/DomXmpParser.java,,,,,,,,,,,,,,,,,,,,,,,,,31,21,0,21,2,14,4,11,2,12,14,2,13,2,2,2,1,,,,,,1,,0,19,2,2,2,1
Protected Static Class,"org.apache.xmpbox.xml.DomXmpParser.NamespaceFinder",xmpbox/src/main/java/org/apache/xmpbox/xml/DomXmpParser.java,1,1,1,1,7,0,7,0,1,12,0,,0,0,,,3,1,3,15,0,0,3,0,,31,4,26,8,10,1,,,10,16,9,11,,,,,3,3,3,1,1,2,0,0,04,6,6,6,4
Protected Method,"org.apache.xmpbox.xml.DomXmpParser.NamespaceFinder.containsNamespace(String)",xmpbox/src/main/java/org/apache/xmpbox/xml/DomXmpParser.java,,,,,,,,,,,,,,,,,,,,,,,,,3,4,0,4,1,1,0,3,1,1,2,1,1,1,1,1,1,,,,,,0,,0,00,2,2,2,2
Lambda Method,"org.apache.xmpbox.xml.DomXmpParser.NamespaceFinder.containsNamespace.(lambda_expr_1)(Map (inferred))",xmpbox/src/main/java/org/apache/xmpbox/xml/DomXmpParser.java,,,,,,,,,,,,,,,,,,,,,,,,,2,1,0,1,0,1,0,2,1,0,0,0,0,1,1,1,1,,,,,,0,,0,00,1,1,1,1
Protected Method,"org.apache.xmpbox.xml.DomXmpParser.NamespaceFinder.pop()",xmpbox/src/main/java/org/apache/xmpbox/xml/DomXmpParser.java,,,,,,,,,,,,,,,,,,,,,,,,,4,4,0,4,1,1,0,2,1,1,2,1,1,1,1,1,1,,,,,,0,,0,00,1,1,1,1
Protected Method,"org.apache.xmpbox.xml.DomXmpParser.NamespaceFinder.push(Element)",xmpbox/src/main/java/org/apache/xmpbox/xml/DomXmpParser.java,,,,,,,,,,,,,,,,,,,,,,,,,8,15,0,14,4,7,1,10,3,7,10,5,8,3,3,3,1,,,,,,2,,0,07,3,3,3,1
Private Method,"org.apache.xmpbox.xml.DomXmpParser.checkPropertyDefinition(XMPMetadata,QName)",xmpbox/src/main/java/org/apache/xmpbox/xml/DomXmpParser.java,,,,,,,,,,,,,,,,,,,,,,,,,10,25,0,23,3,12,2,8,8,6,10,3,9,4,4,4,1,,,,,,1,,0,09,4,4,4,1
Private Method,"org.apache.xmpbox.xml.DomXmpParser.createProperty(XMPMetadata,Element,PropertyType,ComplexPropertyContainer)",xmpbox/src/main/java/org/apache/xmpbox/xml/DomXmpParser.java,,,,,,,,,,,,,,,,,,,,,,,,,14,53,0,51,5,25,2,18,9,13,22,4,21,9,9,9,1,,,,,,3,,0,04,9,9,9,1
Private Method,"org.apache.xmpbox.xml.DomXmpParser.expectNaming(Element,String,String,String)",xmpbox/src/main/java/org/apache/xmpbox/xml/DomXmpParser.java,,,,,,,,,,,,,,,,,,,,,,,,,6,18,0,18,1,9,1,5,4,3,7,1,6,4,4,7,1,,,,,,1,,0,06,4,4,7,1
Private Method,"org.apache.xmpbox.xml.DomXmpParser.findDescriptionsParent(Element)",xmpbox/src/main/java/org/apache/xmpbox/xml/DomXmpParser.java,,,,,,,,,,,,,,,,,,,,,,,,,6,29,0,21,3,12,9,6,4,8,12,3,11,4,4,4,1,,,,,,1,,0,43,4,4,4,1
Private Method,"org.apache.xmpbox.xml.DomXmpParser.instanciateStructured(TypeMapping,Types,String,String)",xmpbox/src/main/java/org/apache/xmpbox/xml/DomXmpParser.java,,,,,,,,,,,,,,,,,,,,,,,,,7,23,0,23,2,9,0,7,4,4,8,1,7,4,4,4,4,,,,,,2,,0,00,4,4,4,4
Public Method,"org.apache.xmpbox.xml.DomXmpParser.isStrictParsing()",xmpbox/src/main/java/org/apache/xmpbox/xml/DomXmpParser.java,,,,,,,,,,,,,,,,,,,,,,,,,1,4,0,4,1,1,0,1,1,1,2,1,1,1,1,1,1,,,,,,0,,0,00,1,1,1,1
Private Method,"org.apache.xmpbox.xml.DomXmpParser.loadAttributes(AbstractField,Element)",xmpbox/src/main/java/org/apache/xmpbox/xml/DomXmpParser.java,,,,,,,,,,,,,,,,,,,,,,,,,11,26,0,24,4,11,2,10,5,7,12,5,10,5,5,6,1,,,,,,3,,0,08,5,5,6,1
Private Method,"org.apache.xmpbox.xml.DomXmpParser.manageArray(XMPMetadata,Element,PropertyType,ComplexPropertyContainer)",xmpbox/src/main/java/org/apache/xmpbox/xml/DomXmpParser.java,,,,,,,,,,,,,,,,,,,,,,,,,7,42,1,38,12,24,3,19,18,15,22,12,19,6,6,6,1,,,,,,2,,0,08,6,6,6,1
Private Method,"org.apache.xmpbox.xml.DomXmpParser.manageDefinedType(XMPMetadata,Element,String,ComplexPropertyContainer)",xmpbox/src/main/java/org/apache/xmpbox/xml/DomXmpParser.java,,,,,,,,,,,,,,,,,,,,,,,,,6,32,0,32,5,18,0,8,6,10,15,4,14,5,5,5,1,,,,,,2,,0,00,5,5,5,1
Private Method,"org.apache.xmpbox.xml.DomXmpParser.manageLangAlt(XMPMetadata,Element,ComplexPropertyContainer)",xmpbox/src/main/java/org/apache/xmpbox/xml/DomXmpParser.java,,,,,,,,,,,,,,,,,,,,,,,,,6,5,0,5,2,1,0,2,1,1,2,1,1,1,1,1,1,,,,,,0,,0,00,1,1,1,1
Private Method,"org.apache.xmpbox.xml.DomXmpParser.manageSimpleType(XMPMetadata,Element,Types,ComplexPropertyContainer)",xmpbox/src/main/java/org/apache/xmpbox/xml/DomXmpParser.java,,,,,,,,,,,,,,,,,,,,,,,,,5,11,0,11,7,8,0,8,1,7,8,6,7,1,1,1,1,,,,,,0,,0,00,1,1,1,1
Private Method,"org.apache.xmpbox.xml.DomXmpParser.manageStructuredType(XMPMetadata,Element,String,ComplexPropertyContainer)",xmpbox/src/main/java/org/apache/xmpbox/xml/DomXmpParser.java,,,,,,,,,,,,,,,,,,,,,,,,,7,29,0,29,5,15,0,9,5,9,14,4,13,5,5,5,1,,,,,,3,,0,00,5,5,5,1
Public Method,"org.apache.xmpbox.xml.DomXmpParser.parse(InputStream)",xmpbox/src/main/java/org/apache/xmpbox/xml/DomXmpParser.java,,,,,,,,,,,,,,,,,,,,,,,,,30,91,4,75,9,44,12,21,384,29,41,11,35,10,10,11,1,,,,,,2,,0,16,10,10,11,1
Public Method,"org.apache.xmpbox.xml.DomXmpParser.parse(byte[])",xmpbox/src/main/java/org/apache/xmpbox/xml/DomXmpParser.java,,,,,,,,,,,,,,,,,,,,,,,,,8,5,0,5,2,2,0,3,1,2,3,2,2,1,1,1,1,,,,,,0,,0,00,1,1,1,1
Private Method,"org.apache.xmpbox.xml.DomXmpParser.parseChildrenAsProperties(XMPMetadata,List<Element>,TypeMapping,Element)",xmpbox/src/main/java/org/apache/xmpbox/xml/DomXmpParser.java,,,,,,,,,,,,,,,,,,,,,,,,,6,25,0,22,6,12,3,12,5,8,13,6,11,4,4,4,1,,,,,,2,,0,14,4,4,4,1
Private Method,"org.apache.xmpbox.xml.DomXmpParser.parseDescriptionInner(XMPMetadata,Element,ComplexPropertyContainer)",xmpbox/src/main/java/org/apache/xmpbox/xml/DomXmpParser.java,,,,,,,,,,,,,,,,,,,,,,,,,5,22,0,21,7,11,1,11,2,8,12,7,10,2,2,2,1,,,,,,2,,0,05,2,2,2,1
Private Method,"org.apache.xmpbox.xml.DomXmpParser.parseDescriptionRoot(XMPMetadata,Element)",xmpbox/src/main/java/org/apache/xmpbox/xml/DomXmpParser.java,,,,,,,,,,,,,,,,,,,,,,,,,10,52,1,47,8,24,4,17,8,15,23,9,21,8,8,11,1,,,,,,5,,0,09,8,8,11,1
Private Method,"org.apache.xmpbox.xml.DomXmpParser.parseDescriptionRootAttr(XMPMetadata,Element,Attr,TypeMapping)",xmpbox/src/main/java/org/apache/xmpbox/xml/DomXmpParser.java,,,,,,,,,,,,,,,,,,,,,,,,,9,36,2,32,9,18,2,18,10,10,15,6,14,5,5,6,1,,,,,,2,,0,06,5,5,6,1
Private Method,"org.apache.xmpbox.xml.DomXmpParser.parseEndPacket(XMPMetadata,ProcessingInstruction)",xmpbox/src/main/java/org/apache/xmpbox/xml/DomXmpParser.java,,,,,,,,,,,,,,,,,,,,,,,,,4,27,0,22,3,11,5,6,3,5,8,3,7,3,3,4,1,,,,,,2,,0,23,3,3,4,1
Private Method,"org.apache.xmpbox.xml.DomXmpParser.parseInitialXpacket(ProcessingInstruction)",xmpbox/src/main/java/org/apache/xmpbox/xml/DomXmpParser.java,,,,,,,,,,,,,,,,,,,,,,,,,3,56,0,56,12,41,0,14,82,25,32,12,27,10,7,11,1,,,,,,2,,0,00,10,7,11,1
Private Method,"org.apache.xmpbox.xml.DomXmpParser.parseLiDescription(XMPMetadata,QName,Element)",xmpbox/src/main/java/org/apache/xmpbox/xml/DomXmpParser.java,,,,,,,,,,,,,,,,,,,,,,,,,7,92,3,85,22,52,4,38,21,36,50,22,46,12,12,12,1,,,,,,4,,0,05,12,12,12,1
Private Method,"org.apache.xmpbox.xml.DomXmpParser.parseLiElement(XMPMetadata,QName,Element,Types)",xmpbox/src/main/java/org/apache/xmpbox/xml/DomXmpParser.java,,,,,,,,,,,,,,,,,,,,,,,,,9,43,0,40,8,21,3,15,5,14,19,6,17,5,5,5,4,,,,,,3,,0,07,5,5,5,4
Private Method,"org.apache.xmpbox.xml.DomXmpParser.removeComments(Node)",xmpbox/src/main/java/org/apache/xmpbox/xml/DomXmpParser.java,,,,,,,,,,,,,,,,,,,,,,,,,3,46,4,29,4,14,14,9,7,10,17,5,15,7,7,7,1,,,,,,3,,0,48,7,7,7,1
Public Method,"org.apache.xmpbox.xml.DomXmpParser.setStrictParsing(boolean)",xmpbox/src/main/java/org/apache/xmpbox/xml/DomXmpParser.java,,,,,,,,,,,,,,,,,,,,,,,,,4,4,0,4,1,1,0,1,1,1,2,1,1,1,1,1,1,,,,,,0,,0,00,1,1,1,1
Public Final Class,"org.apache.xmpbox.xml.PdfaExtensionHelper",xmpbox/src/main/java/org/apache/xmpbox/xml/PdfaExtensionHelper.java,4,4,6,1,27,0,25,2,1,30,0,,8,2,,,1,0,9,21,0,7,0,2,,282,12,233,55,128,40,,,81,128,56,107,,,,,11,9,11,6,1,4,0,0,17,44,42,56,14
Private Constructor,"org.apache.xmpbox.xml.PdfaExtensionHelper.PdfaExtensionHelper()",xmpbox/src/main/java/org/apache/xmpbox/xml/PdfaExtensionHelper.java,,,,,,,,,,,,,,,,,,,,,,,,,0,3,0,3,1,0,0,1,1,0,1,1,0,1,1,1,1,,,,,,0,,0,00,1,1,1,1
Private Static Method,"org.apache.xmpbox.xml.PdfaExtensionHelper.checkNamespaceDeclaration(Attr,Class<? extends AbstractStructuredType>)",xmpbox/src/main/java/org/apache/xmpbox/xml/PdfaExtensionHelper.java,,,,,,,,,,,,,,,,,,,,,,,,,4,21,0,20,6,12,1,7,4,6,9,5,8,3,3,5,1,,,,,,1,,0,05,3,3,5,1
Private Static Method,"org.apache.xmpbox.xml.PdfaExtensionHelper.populatePDFAFieldType(PDFAFieldType,DefinedStructuredType)",xmpbox/src/main/java/org/apache/xmpbox/xml/PdfaExtensionHelper.java,,,,,,,,,,,,,,,,,,,,,,,,,7,21,0,20,6,10,1,8,4,7,10,5,9,3,3,5,1,,,,,,1,,0,05,3,3,5,1
Private Static Method,"org.apache.xmpbox.xml.PdfaExtensionHelper.populatePDFAPropertyType(PDFAPropertyType,TypeMapping,XMPSchemaFactory)",xmpbox/src/main/java/org/apache/xmpbox/xml/PdfaExtensionHelper.java,,,,,,,,,,,,,,,,,,,,,,,,,7,34,0,31,7,17,3,11,12,10,15,6,14,5,5,10,1,,,,,,1,,0,10,5,5,10,1
Private Static Method,"org.apache.xmpbox.xml.PdfaExtensionHelper.populatePDFASchemaType(XMPMetadata,PDFASchemaType,TypeMapping)",xmpbox/src/main/java/org/apache/xmpbox/xml/PdfaExtensionHelper.java,,,,,,,,,,,,,,,,,,,,,,,,,5,40,0,36,7,18,5,11,48,10,20,8,17,8,8,8,1,,,,,,3,,0,14,8,8,8,1
Private Static Method,"org.apache.xmpbox.xml.PdfaExtensionHelper.populatePDFAType(XMPMetadata,PDFATypeType,TypeMapping)",xmpbox/src/main/java/org/apache/xmpbox/xml/PdfaExtensionHelper.java,,,,,,,,,,,,,,,,,,,,,,,,,6,34,0,29,10,17,6,13,8,12,18,10,16,5,5,8,1,,,,,,3,,0,21,5,5,8,1
Public Static Method,"org.apache.xmpbox.xml.PdfaExtensionHelper.populateSchemaMapping(XMPMetadata)",xmpbox/src/main/java/org/apache/xmpbox/xml/PdfaExtensionHelper.java,,,,,,,,,,,,,,,,,,,,,,,,,3,29,0,27,6,14,3,12,8,7,15,8,11,6,6,6,1,,,,,,4,,0,11,6,6,6,1
Private Static Method,"org.apache.xmpbox.xml.PdfaExtensionHelper.transformValueType(TypeMapping,String)",xmpbox/src/main/java/org/apache/xmpbox/xml/PdfaExtensionHelper.java,,,,,,,,,,,,,,,,,,,,,,,,,11,50,0,49,6,30,1,10,40,18,26,6,23,11,9,11,6,,,,,,2,,0,02,11,9,11,6
Public Static Method,"org.apache.xmpbox.xml.PdfaExtensionHelper.validateNaming(XMPMetadata,Element)",xmpbox/src/main/java/org/apache/xmpbox/xml/PdfaExtensionHelper.java,,,,,,,,,,,,,,,,,,,,,,,,,2,13,0,13,3,8,0,4,2,9,11,4,9,2,2,2,1,,,,,,1,,0,00,2,2,2,1
Public Class,"org.apache.xmpbox.xml.XmpParsingException",xmpbox/src/main/java/org/apache/xmpbox/xml/XmpParsingException.java,1,1,1,1,9,0,4,4,1,2,0,,0,1,,,3,1,3,46,0,0,0,3,,78,7,26,11,6,49,,,7,12,7,5,,,,,1,1,1,1,1,0,0,1,88,3,3,3,3
Public Enum Type,"org.apache.xmpbox.xml.XmpParsingException.ErrorType",xmpbox/src/main/java/org/apache/xmpbox/xml/XmpParsingException.java,0,0,0,0,0,0,0,0,1,1,0,,0,0,,,2,13,2,28,0,0,0,2,,9,0,7,5,0,6,,,0,1,1,0,,,,,0,0,0,0,1,0,,0,86,0,0,0,0
Public Implicit Method,"org.apache.xmpbox.xml.XmpParsingException.ErrorType.valueOf()",xmpbox/src/main/java/org/apache/xmpbox/xml/XmpParsingException.java,,,,,,,,,,,,,,,,,,,,,,,,,,,,,,,,,,,,,,,,,,,,,,,,,0,00,0,0,0,0
Public Implicit Method,"org.apache.xmpbox.xml.XmpParsingException.ErrorType.values()",xmpbox/src/main/java/org/apache/xmpbox/xml/XmpParsingException.java,,,,,,,,,,,,,,,,,,,,,,,,,,,,,,,,,,,,,,,,,,,,,,,,,0,00,0,0,0,0
Public Constructor,"org.apache.xmpbox.xml.XmpParsingException.XmpParsingException(ErrorType,String)",xmpbox/src/main/java/org/apache/xmpbox/xml/XmpParsingException.java,,,,,,,,,,,,,,,,,,,,,,,,,22,11,0,5,1,2,6,3,1,2,3,1,2,1,1,1,1,,,,,,0,,1,20,1,1,1,1
Public Constructor,"org.apache.xmpbox.xml.XmpParsingException.XmpParsingException(ErrorType,String,Throwable)",xmpbox/src/main/java/org/apache/xmpbox/xml/XmpParsingException.java,,,,,,,,,,,,,,,,,,,,,,,,,12,13,0,5,1,2,8,3,1,2,3,1,2,1,1,1,1,,,,,,0,,1,60,1,1,1,1
Public Method,"org.apache.xmpbox.xml.XmpParsingException.getErrorType()",xmpbox/src/main/java/org/apache/xmpbox/xml/XmpParsingException.java,,,,,,,,,,,,,,,,,,,,,,,,,12,4,0,4,1,1,0,1,1,1,2,1,1,1,1,1,1,,,,,,0,,0,00,1,1,1,1
Public Class,"org.apache.xmpbox.xml.XmpSerializationException",xmpbox/src/main/java/org/apache/xmpbox/xml/XmpSerializationException.java,1,1,1,1,11,0,4,7,1,1,0,,0,1,,,2,0,2,45,0,0,0,2,,57,5,12,4,3,40,,,3,6,4,2,,,,,1,1,1,1,1,0,0,3,33,2,2,2,2
Public Constructor,"org.apache.xmpbox.xml.XmpSerializationException.XmpSerializationException(String)",xmpbox/src/main/java/org/apache/xmpbox/xml/XmpSerializationException.java,,,,,,,,,,,,,,,,,,,,,,,,,2,10,0,4,1,1,6,2,1,1,2,1,1,1,1,1,1,,,,,,0,,1,50,1,1,1,1
Public Constructor,"org.apache.xmpbox.xml.XmpSerializationException.XmpSerializationException(String,Throwable)",xmpbox/src/main/java/org/apache/xmpbox/xml/XmpSerializationException.java,,,,,,,,,,,,,,,,,,,,,,,,,3,13,1,4,1,1,8,2,1,1,2,1,1,1,1,1,1,,,,,,0,,2,00,1,1,1,1
Public Class,"org.apache.xmpbox.xml.XmpSerializer",xmpbox/src/main/java/org/apache/xmpbox/xml/XmpSerializer.java,2,2,2,1,26,1,18,6,1,34,0,,0,0,,,9,2,9,21,0,3,2,4,,269,21,175,47,99,75,,,77,108,47,85,,,,,8,8,9,4,1,3,77,0,43,27,27,28,14
Public Constructor,"org.apache.xmpbox.xml.XmpSerializer.XmpSerializer()",xmpbox/src/main/java/org/apache/xmpbox/xml/XmpSerializer.java,,,,,,,,,,,,,,,,,,,,,,,,,8,8,0,5,2,1,4,4,1,1,2,1,1,1,1,1,1,,,,,,0,,0,80,1,1,1,1
Public Constructor,"org.apache.xmpbox.xml.XmpSerializer.XmpSerializer(TransformerFactory,DocumentBuilderFactory)",xmpbox/src/main/java/org/apache/xmpbox/xml/XmpSerializer.java,,,,,,,,,,,,,,,,,,,,,,,,,4,21,0,13,2,5,8,5,2,3,5,1,4,2,2,2,1,,,,,,1,,0,62,2,2,2,1
Protected Method,"org.apache.xmpbox.xml.XmpSerializer.createRdfElement(Document,XMPMetadata,boolean)",xmpbox/src/main/java/org/apache/xmpbox/xml/XmpSerializer.java,,,,,,,,,,,,,,,,,,,,,,,,,6,27,0,21,7,14,6,8,4,10,13,5,12,3,3,3,1,,,,,,1,,0,29,3,3,3,1
Private Method,"org.apache.xmpbox.xml.XmpSerializer.fillElementWithAttributes(Element,AbstractComplexProperty)",xmpbox/src/main/java/org/apache/xmpbox/xml/XmpSerializer.java,,,,,,,,,,,,,,,,,,,,,,,,,5,20,2,17,2,9,1,4,1,5,7,2,6,1,1,1,1,,,,,,1,,0,06,4,4,4,3
Lambda Method,"org.apache.xmpbox.xml.XmpSerializer.fillElementWithAttributes.(lambda_expr_1)(Attribute (inferred))",xmpbox/src/main/java/org/apache/xmpbox/xml/XmpSerializer.java,,,,,,,,,,,,,,,,,,,,,,,,,4,11,0,11,0,5,0,6,2,2,3,0,3,2,2,2,1,,,,,,0,,0,00,2,2,2,1
Lambda Method,"org.apache.xmpbox.xml.XmpSerializer.fillElementWithAttributes.(lambda_expr_2)(String (inferred),String (inferred))",xmpbox/src/main/java/org/apache/xmpbox/xml/XmpSerializer.java,,,,,,,,,,,,,,,,,,,,,,,,,4,2,0,2,0,2,0,2,1,0,0,0,0,1,1,1,1,,,,,,0,,0,00,1,1,1,1
Private Method,"org.apache.xmpbox.xml.XmpSerializer.normalizeAttributes(AbstractComplexProperty)",xmpbox/src/main/java/org/apache/xmpbox/xml/XmpSerializer.java,,,,,,,,,,,,,,,,,,,,,,,,,2,35,4,23,5,12,8,8,7,8,15,7,11,5,5,5,4,,,,,,3,,0,35,5,5,5,4
Private Method,"org.apache.xmpbox.xml.XmpSerializer.save(Node,OutputStream,String)",xmpbox/src/main/java/org/apache/xmpbox/xml/XmpSerializer.java,,,,,,,,,,,,,,,,,,,,,,,,,8,25,0,11,4,8,15,5,1,8,9,4,8,1,1,1,1,,,,,,0,,1,36,1,1,1,1
Public Method,"org.apache.xmpbox.xml.XmpSerializer.serialize(XMPMetadata,OutputStream,boolean)",xmpbox/src/main/java/org/apache/xmpbox/xml/XmpSerializer.java,,,,,,,,,,,,,,,,,,,,,,,,,11,12,0,10,3,5,2,6,2,4,7,4,5,2,2,2,1,,,,,,1,,0,20,2,2,2,1
Public Method,"org.apache.xmpbox.xml.XmpSerializer.serializeFields(Document,Element,List<AbstractField>,String,String,boolean)",xmpbox/src/main/java/org/apache/xmpbox/xml/XmpSerializer.java,,,,,,,,,,,,,,,,,,,,,,,,,10,73,5,60,16,38,8,19,9,29,39,17,31,8,8,9,1,,,,,,3,,0,13,8,8,9,1
Protected Method,"org.apache.xmpbox.xml.XmpSerializer.serializeSchema(Document,XMPSchema)",xmpbox/src/main/java/org/apache/xmpbox/xml/XmpSerializer.java,,,,,,,,,,,,,,,,,,,,,,,,,5,14,0,10,3,7,4,9,1,7,8,3,7,1,1,1,1,,,,,,0,,0,40,1,1,1,1
File,"pdfbox/src/main/java/org/apache/pdfbox/Loader.java",pdfbox/src/main/java/org/apache/pdfbox/Loader.java,1,1,1,1,17,0,6,10,,,,1,23,0,,24,1,0,24,,0,1,0,23,,465,16,167,61,48,282,,,57,87,50,42,,,,,2,2,2,1,,1,,1,69,27,27,27,24
File,"pdfbox/src/main/java/org/apache/pdfbox/contentstream/PDContentStream.java",pdfbox/src/main/java/org/apache/pdfbox/contentstream/PDContentStream.java,0,0,0,0,0,0,0,0,,,,1,0,0,,5,5,0,5,,5,0,0,0,,64,7,15,13,0,42,,,12,13,13,0,,,,,0,0,0,0,,0,,2,80,0,0,0,0
File,"pdfbox/src/main/java/org/apache/pdfbox/contentstream/PDFGraphicsStreamEngine.java",pdfbox/src/main/java/org/apache/pdfbox/contentstream/PDFGraphicsStreamEngine.java,1,1,1,1,40,0,36,3,,,,1,0,0,,15,15,1,15,,0,0,2,13,,264,19,164,91,67,82,,,152,155,88,67,,,,,1,1,1,1,,0,,0,50,2,2,2,2
File,"pdfbox/src/main/java/org/apache/pdfbox/contentstream/PDFStreamEngine.java",pdfbox/src/main/java/org/apache/pdfbox/contentstream/PDFStreamEngine.java,1,1,1,1,17,0,10,6,,,,1,0,1,,55,55,10,55,,0,7,19,29,,1133,117,645,203,296,374,,,286,385,193,255,,,,,7,7,7,1,,3,,0,58,92,92,100,55
File,"pdfbox/src/main/java/org/apache/pdfbox/contentstream/operator/DrawObject.java",pdfbox/src/main/java/org/apache/pdfbox/contentstream/operator/DrawObject.java,4,4,4,3,26,1,24,0,,,,1,0,1,,2,2,0,2,,0,0,0,2,,93,8,62,19,23,23,,,24,34,17,20,,,,,7,7,7,5,,3,,0,37,8,8,8,6
File,"pdfbox/src/main/java/org/apache/pdfbox/contentstream/operator/MissingOperandException.java",pdfbox/src/main/java/org/apache/pdfbox/contentstream/operator/MissingOperandException.java,1,1,1,1,4,0,4,0,,,,1,0,0,,1,1,0,1,,0,0,0,1,,33,3,11,6,1,19,,,5,7,6,1,,,,,1,1,1,1,,0,,1,73,1,1,1,1
File,"pdfbox/src/main/java/org/apache/pdfbox/contentstream/operator/Operator.java",pdfbox/src/main/java/org/apache/pdfbox/contentstream/operator/Operator.java,1,1,1,1,12,0,6,5,,,,1,1,1,,8,7,3,8,,0,1,0,7,,148,13,66,19,20,69,,,22,35,18,18,,,,,4,4,5,1,,3,,1,05,12,12,13,8
File,"pdfbox/src/main/java/org/apache/pdfbox/contentstream/operator/OperatorName.java",pdfbox/src/main/java/org/apache/pdfbox/contentstream/operator/OperatorName.java,1,1,1,1,6,0,3,3,,,,1,0,73,,1,1,0,1,,0,1,0,0,,118,11,80,76,73,27,,,74,76,76,0,,,,,1,1,1,1,,0,,0,34,1,1,1,1
File,"pdfbox/src/main/java/org/apache/pdfbox/contentstream/operator/OperatorProcessor.java",pdfbox/src/main/java/org/apache/pdfbox/contentstream/operator/OperatorProcessor.java,1,1,1,1,8,0,3,4,,,,1,0,0,,6,6,1,6,,0,0,2,4,,84,9,26,13,3,49,,,11,16,13,3,,,,,1,1,1,1,,0,,1,88,4,4,4,4
File,"pdfbox/src/main/java/org/apache/pdfbox/contentstream/operator/color/SetColor.java",pdfbox/src/main/java/org/apache/pdfbox/contentstream/operator/color/SetColor.java,4,4,4,3,19,0,19,0,,,,1,0,0,,4,4,0,4,,0,0,3,1,,76,6,37,20,9,33,,,21,26,19,9,,,,,4,4,4,3,,2,,0,89,4,4,4,3
File,"pdfbox/src/main/java/org/apache/pdfbox/contentstream/operator/color/SetNonStrokingColor.java",pdfbox/src/main/java/org/apache/pdfbox/contentstream/operator/color/SetNonStrokingColor.java,1,1,1,1,8,0,5,3,,,,1,0,0,,4,4,0,4,,0,0,3,1,,65,5,27,13,4,33,,,8,13,9,4,,,,,1,1,1,1,,0,,1,22,4,4,4,4
File,"pdfbox/src/main/java/org/apache/pdfbox/contentstream/operator/color/SetNonStrokingColorN.java",pdfbox/src/main/java/org/apache/pdfbox/contentstream/operator/color/SetNonStrokingColorN.java,1,1,1,1,5,0,5,0,,,,1,0,0,,1,1,0,1,,0,0,0,1,,35,3,10,5,1,22,,,3,5,4,1,,,,,1,1,1,1,,0,,2,20,1,1,1,1
File,"pdfbox/src/main/java/org/apache/pdfbox/contentstream/operator/color/SetNonStrokingColorSpace.java",pdfbox/src/main/java/org/apache/pdfbox/contentstream/operator/color/SetNonStrokingColorSpace.java,2,2,2,2,10,0,10,0,,,,1,0,0,,2,2,0,2,,0,0,0,2,,59,4,33,16,9,22,,,16,21,14,9,,,,,3,3,3,3,,1,,0,67,4,4,4,4
File,"pdfbox/src/main/java/org/apache/pdfbox/contentstream/operator/color/SetNonStrokingDeviceCMYKColor.java",pdfbox/src/main/java/org/apache/pdfbox/contentstream/operator/color/SetNonStrokingDeviceCMYKColor.java,1,1,1,1,6,0,6,0,,,,1,0,0,,2,2,0,2,,0,0,0,2,,49,4,23,14,4,22,,,12,15,12,4,,,,,1,1,1,1,,0,,0,96,2,2,2,2
File,"pdfbox/src/main/java/org/apache/pdfbox/contentstream/operator/color/SetNonStrokingDeviceGrayColor.java",pdfbox/src/main/java/org/apache/pdfbox/contentstream/operator/color/SetNonStrokingDeviceGrayColor.java,1,1,1,1,6,0,6,0,,,,1,0,0,,2,2,0,2,,0,0,0,2,,49,4,23,14,4,22,,,12,15,12,4,,,,,1,1,1,1,,0,,0,96,2,2,2,2
File,"pdfbox/src/main/java/org/apache/pdfbox/contentstream/operator/color/SetNonStrokingDeviceRGBColor.java",pdfbox/src/main/java/org/apache/pdfbox/contentstream/operator/color/SetNonStrokingDeviceRGBColor.java,1,1,1,1,6,0,6,0,,,,1,0,0,,2,2,0,2,,0,0,0,2,,49,4,23,14,4,22,,,12,15,12,4,,,,,1,1,1,1,,0,,0,96,2,2,2,2
File,"pdfbox/src/main/java/org/apache/pdfbox/contentstream/operator/color/SetStrokingColor.java",pdfbox/src/main/java/org/apache/pdfbox/contentstream/operator/color/SetStrokingColor.java,1,1,1,1,8,0,5,3,,,,1,0,0,,4,4,0,4,,0,0,3,1,,65,5,27,13,4,33,,,8,13,9,4,,,,,1,1,1,1,,0,,1,22,4,4,4,4
File,"pdfbox/src/main/java/org/apache/pdfbox/contentstream/operator/color/SetStrokingColorN.java",pdfbox/src/main/java/org/apache/pdfbox/contentstream/operator/color/SetStrokingColorN.java,1,1,1,1,5,0,5,0,,,,1,0,0,,1,1,0,1,,0,0,0,1,,35,3,10,5,1,22,,,3,5,4,1,,,,,1,1,1,1,,0,,2,20,1,1,1,1
File,"pdfbox/src/main/java/org/apache/pdfbox/contentstream/operator/color/SetStrokingColorSpace.java",pdfbox/src/main/java/org/apache/pdfbox/contentstream/operator/color/SetStrokingColorSpace.java,2,2,2,2,10,0,10,0,,,,1,0,0,,2,2,0,2,,0,0,0,2,,59,4,33,16,9,22,,,16,21,14,9,,,,,3,3,3,3,,1,,0,67,4,4,4,4
File,"pdfbox/src/main/java/org/apache/pdfbox/contentstream/operator/color/SetStrokingDeviceCMYKColor.java",pdfbox/src/main/java/org/apache/pdfbox/contentstream/operator/color/SetStrokingDeviceCMYKColor.java,1,1,1,1,6,0,6,0,,,,1,0,0,,2,2,0,2,,0,0,0,2,,48,4,23,14,4,21,,,12,15,12,4,,,,,1,1,1,1,,0,,0,91,2,2,2,2
File,"pdfbox/src/main/java/org/apache/pdfbox/contentstream/operator/color/SetStrokingDeviceGrayColor.java",pdfbox/src/main/java/org/apache/pdfbox/contentstream/operator/color/SetStrokingDeviceGrayColor.java,1,1,1,1,6,0,6,0,,,,1,0,0,,2,2,0,2,,0,0,0,2,,49,4,23,14,4,22,,,12,15,12,4,,,,,1,1,1,1,,0,,0,96,2,2,2,2
File,"pdfbox/src/main/java/org/apache/pdfbox/contentstream/operator/color/SetStrokingDeviceRGBColor.java",pdfbox/src/main/java/org/apache/pdfbox/contentstream/operator/color/SetStrokingDeviceRGBColor.java,1,1,1,1,10,0,6,4,,,,1,0,0,,2,2,0,2,,0,0,0,2,,56,4,23,14,4,29,,,12,15,12,4,,,,,1,1,1,1,,0,,1,26,2,2,2,2
File,"pdfbox/src/main/java/org/apache/pdfbox/contentstream/operator/graphics/AppendRectangleToPath.java",pdfbox/src/main/java/org/apache/pdfbox/contentstream/operator/graphics/AppendRectangleToPath.java,2,2,2,1,17,2,15,0,,,,1,0,0,,2,2,0,2,,0,0,0,2,,72,8,42,26,18,22,,,25,30,24,18,,,,,3,3,3,1,,1,,0,52,4,4,4,2
File,"pdfbox/src/main/java/org/apache/pdfbox/contentstream/operator/graphics/BeginInlineImage.java",pdfbox/src/main/java/org/apache/pdfbox/contentstream/operator/graphics/BeginInlineImage.java,1,1,2,1,8,0,8,0,,,,1,0,0,,2,2,0,2,,0,0,0,2,,53,4,28,15,7,21,,,12,16,12,5,,,,,2,2,3,1,,1,,0,75,3,3,4,2
File,"pdfbox/src/main/java/org/apache/pdfbox/contentstream/operator/graphics/ClipEvenOddRule.java",pdfbox/src/main/java/org/apache/pdfbox/contentstream/operator/graphics/ClipEvenOddRule.java,1,1,1,1,5,0,5,0,,,,1,0,0,,2,2,0,2,,0,0,0,2,,45,4,20,12,2,21,,,9,12,10,2,,,,,1,1,1,1,,0,,1,05,2,2,2,2
File,"pdfbox/src/main/java/org/apache/pdfbox/contentstream/operator/graphics/ClipNonZeroRule.java",pdfbox/src/main/java/org/apache/pdfbox/contentstream/operator/graphics/ClipNonZeroRule.java,1,1,1,1,5,0,5,0,,,,1,0,0,,2,2,0,2,,0,0,0,2,,45,4,20,12,2,21,,,9,12,10,2,,,,,1,1,1,1,,0,,1,05,2,2,2,2
File,"pdfbox/src/main/java/org/apache/pdfbox/contentstream/operator/graphics/CloseAndStrokePath.java",pdfbox/src/main/java/org/apache/pdfbox/contentstream/operator/graphics/CloseAndStrokePath.java,1,1,1,1,5,0,5,0,,,,1,0,0,,2,2,0,2,,0,0,0,2,,46,5,20,11,3,21,,,9,12,9,3,,,,,1,1,1,1,,0,,1,05,2,2,2,2
File,"pdfbox/src/main/java/org/apache/pdfbox/contentstream/operator/graphics/CloseFillEvenOddAndStrokePath.java",pdfbox/src/main/java/org/apache/pdfbox/contentstream/operator/graphics/CloseFillEvenOddAndStrokePath.java,1,1,1,1,5,0,5,0,,,,1,0,0,,2,2,0,2,,0,0,0,2,,45,5,20,11,3,20,,,9,12,9,3,,,,,1,1,1,1,,0,,1,00,2,2,2,2
File,"pdfbox/src/main/java/org/apache/pdfbox/contentstream/operator/graphics/CloseFillNonZeroAndStrokePath.java",pdfbox/src/main/java/org/apache/pdfbox/contentstream/operator/graphics/CloseFillNonZeroAndStrokePath.java,1,1,1,1,5,0,5,0,,,,1,0,0,,2,2,0,2,,0,0,0,2,,46,5,20,11,3,21,,,9,12,9,3,,,,,1,1,1,1,,0,,1,05,2,2,2,2
File,"pdfbox/src/main/java/org/apache/pdfbox/contentstream/operator/graphics/ClosePath.java",pdfbox/src/main/java/org/apache/pdfbox/contentstream/operator/graphics/ClosePath.java,1,1,1,1,7,0,7,0,,,,1,0,1,,2,2,0,2,,0,0,0,2,,53,5,27,14,6,21,,,13,17,12,6,,,,,2,2,2,1,,1,,0,78,3,3,3,2
File,"pdfbox/src/main/java/org/apache/pdfbox/contentstream/operator/graphics/CurveTo.java",pdfbox/src/main/java/org/apache/pdfbox/contentstream/operator/graphics/CurveTo.java,2,2,2,1,19,1,18,0,,,,1,0,1,,2,2,0,2,,0,0,0,2,,80,7,52,26,22,21,,,27,33,24,19,,,,,4,4,4,1,,1,,0,40,5,5,5,2
File,"pdfbox/src/main/java/org/apache/pdfbox/contentstream/operator/graphics/CurveToReplicateFinalPoint.java",pdfbox/src/main/java/org/apache/pdfbox/contentstream/operator/graphics/CurveToReplicateFinalPoint.java,2,2,2,1,14,1,13,0,,,,1,0,0,,2,2,0,2,,0,0,0,2,,65,6,38,20,14,21,,,19,24,18,12,,,,,3,3,3,1,,1,,0,55,4,4,4,2
File,"pdfbox/src/main/java/org/apache/pdfbox/contentstream/operator/graphics/CurveToReplicateInitialPoint.java",pdfbox/src/main/java/org/apache/pdfbox/contentstream/operator/graphics/CurveToReplicateInitialPoint.java,2,2,2,1,19,1,17,0,,,,1,0,1,,2,2,0,2,,0,0,0,2,,79,8,50,24,20,21,,,25,31,22,17,,,,,4,4,4,1,,1,,0,42,5,5,5,2
File,"pdfbox/src/main/java/org/apache/pdfbox/contentstream/operator/graphics/DrawObject.java",pdfbox/src/main/java/org/apache/pdfbox/contentstream/operator/graphics/DrawObject.java,4,4,4,3,27,0,26,0,,,,1,0,1,,2,2,0,2,,0,0,0,2,,100,6,72,25,26,22,,,31,42,23,22,,,,,8,8,8,6,,3,,0,31,9,9,9,7
File,"pdfbox/src/main/java/org/apache/pdfbox/contentstream/operator/graphics/EndPath.java",pdfbox/src/main/java/org/apache/pdfbox/contentstream/operator/graphics/EndPath.java,1,1,1,1,5,0,5,0,,,,1,0,0,,2,2,0,2,,0,0,0,2,,44,4,19,11,2,21,,,8,11,9,2,,,,,1,1,1,1,,0,,1,11,2,2,2,2
File,"pdfbox/src/main/java/org/apache/pdfbox/contentstream/operator/graphics/FillEvenOddAndStrokePath.java",pdfbox/src/main/java/org/apache/pdfbox/contentstream/operator/graphics/FillEvenOddAndStrokePath.java,1,1,1,1,5,0,5,0,,,,1,0,0,,2,2,0,2,,0,0,0,2,,45,5,20,12,2,20,,,9,12,10,2,,,,,1,1,1,1,,0,,1,00,2,2,2,2
File,"pdfbox/src/main/java/org/apache/pdfbox/contentstream/operator/graphics/FillEvenOddRule.java",pdfbox/src/main/java/org/apache/pdfbox/contentstream/operator/graphics/FillEvenOddRule.java,1,1,1,1,5,0,5,0,,,,1,0,0,,2,2,0,2,,0,0,0,2,,45,4,20,12,2,21,,,9,12,10,2,,,,,1,1,1,1,,0,,1,05,2,2,2,2
File,"pdfbox/src/main/java/org/apache/pdfbox/contentstream/operator/graphics/FillNonZeroAndStrokePath.java",pdfbox/src/main/java/org/apache/pdfbox/contentstream/operator/graphics/FillNonZeroAndStrokePath.java,1,1,1,1,5,0,5,0,,,,1,0,0,,2,2,0,2,,0,0,0,2,,47,5,20,12,2,22,,,9,12,10,2,,,,,1,1,1,1,,0,,1,10,2,2,2,2
File,"pdfbox/src/main/java/org/apache/pdfbox/contentstream/operator/graphics/FillNonZeroRule.java",pdfbox/src/main/java/org/apache/pdfbox/contentstream/operator/graphics/FillNonZeroRule.java,1,1,1,1,5,0,5,0,,,,1,0,0,,2,2,0,2,,0,0,0,2,,45,4,20,12,2,21,,,9,12,10,2,,,,,1,1,1,1,,0,,1,05,2,2,2,2
File,"pdfbox/src/main/java/org/apache/pdfbox/contentstream/operator/graphics/GraphicsOperatorProcessor.java",pdfbox/src/main/java/org/apache/pdfbox/contentstream/operator/graphics/GraphicsOperatorProcessor.java,1,1,1,1,6,0,6,0,,,,1,0,0,,1,1,1,1,,0,0,0,1,,39,3,14,8,2,22,,,7,9,7,2,,,,,1,1,1,1,,0,,1,57,1,1,1,1
File,"pdfbox/src/main/java/org/apache/pdfbox/contentstream/operator/graphics/LegacyFillNonZeroRule.java",pdfbox/src/main/java/org/apache/pdfbox/contentstream/operator/graphics/LegacyFillNonZeroRule.java,1,1,1,1,5,0,5,0,,,,1,0,0,,1,1,0,1,,0,0,0,1,,34,3,10,5,1,21,,,3,5,4,1,,,,,1,1,1,1,,0,,2,10,1,1,1,1
File,"pdfbox/src/main/java/org/apache/pdfbox/contentstream/operator/graphics/LineTo.java",pdfbox/src/main/java/org/apache/pdfbox/contentstream/operator/graphics/LineTo.java,3,3,3,2,19,1,17,0,,,,1,0,1,,2,2,0,2,,0,0,0,2,,79,7,50,22,18,22,,,24,31,20,15,,,,,5,5,5,3,,1,,0,44,6,6,6,4
File,"pdfbox/src/main/java/org/apache/pdfbox/contentstream/operator/graphics/MoveTo.java",pdfbox/src/main/java/org/apache/pdfbox/contentstream/operator/graphics/MoveTo.java,2,2,2,2,13,0,13,0,,,,1,0,0,,2,2,0,2,,0,0,0,2,,64,4,39,19,13,21,,,19,25,17,11,,,,,4,4,4,3,,1,,0,54,5,5,5,4
File,"pdfbox/src/main/java/org/apache/pdfbox/contentstream/operator/graphics/ShadingFill.java",pdfbox/src/main/java/org/apache/pdfbox/contentstream/operator/graphics/ShadingFill.java,1,1,1,1,7,0,7,0,,,,1,0,0,,2,2,0,2,,0,0,0,2,,50,4,25,13,4,21,,,11,15,11,4,,,,,2,2,2,1,,1,,0,84,3,3,3,2
File,"pdfbox/src/main/java/org/apache/pdfbox/contentstream/operator/graphics/StrokePath.java",pdfbox/src/main/java/org/apache/pdfbox/contentstream/operator/graphics/StrokePath.java,1,1,1,1,5,0,5,0,,,,1,0,0,,2,2,0,2,,0,0,0,2,,45,5,19,11,2,21,,,8,11,9,2,,,,,1,1,1,1,,0,,1,11,2,2,2,2
File,"pdfbox/src/main/java/org/apache/pdfbox/contentstream/operator/markedcontent/BeginMarkedContentSequence.java",pdfbox/src/main/java/org/apache/pdfbox/contentstream/operator/markedcontent/BeginMarkedContentSequence.java,2,2,2,1,9,0,9,0,,,,1,0,0,,2,2,0,2,,0,0,0,2,,54,4,29,14,6,21,,,12,18,13,5,,,,,3,3,3,1,,2,,0,72,4,4,4,2
File,"pdfbox/src/main/java/org/apache/pdfbox/contentstream/operator/markedcontent/BeginMarkedContentSequenceWithProperties.java",pdfbox/src/main/java/org/apache/pdfbox/contentstream/operator/markedcontent/BeginMarkedContentSequenceWithProperties.java,2,2,2,1,11,0,11,0,,,,1,0,0,,2,2,0,2,,0,0,0,2,,60,4,35,16,9,21,,,15,22,15,7,,,,,4,4,4,1,,2,,0,60,5,5,5,2
File,"pdfbox/src/main/java/org/apache/pdfbox/contentstream/operator/markedcontent/DrawObject.java",pdfbox/src/main/java/org/apache/pdfbox/contentstream/operator/markedcontent/DrawObject.java,3,3,3,2,23,0,22,0,,,,1,0,1,,2,2,0,2,,0,0,0,2,,92,6,64,24,22,22,,,29,38,22,19,,,,,6,6,6,4,,3,,0,34,7,7,7,5
File,"pdfbox/src/main/java/org/apache/pdfbox/contentstream/operator/markedcontent/EndMarkedContentSequence.java",pdfbox/src/main/java/org/apache/pdfbox/contentstream/operator/markedcontent/EndMarkedContentSequence.java,1,1,1,1,5,0,5,0,,,,1,0,0,,2,2,0,2,,0,0,0,2,,45,4,20,12,2,21,,,9,12,10,2,,,,,1,1,1,1,,0,,1,05,2,2,2,2
File,"pdfbox/src/main/java/org/apache/pdfbox/contentstream/operator/state/Concatenate.java",pdfbox/src/main/java/org/apache/pdfbox/contentstream/operator/state/Concatenate.java,2,2,2,1,15,1,13,0,,,,1,0,0,,2,2,0,2,,0,0,0,2,,68,7,39,23,14,22,,,21,26,20,13,,,,,3,3,3,1,,1,,0,56,4,4,4,2
File,"pdfbox/src/main/java/org/apache/pdfbox/contentstream/operator/state/EmptyGraphicsStackException.java",pdfbox/src/main/java/org/apache/pdfbox/contentstream/operator/state/EmptyGraphicsStackException.java,1,1,1,1,4,0,4,0,,,,1,0,1,,1,1,0,1,,1,0,0,0,,36,4,10,5,2,22,,,4,6,5,1,,,,,1,1,1,1,,0,,2,20,1,1,1,1
File,"pdfbox/src/main/java/org/apache/pdfbox/contentstream/operator/state/Restore.java",pdfbox/src/main/java/org/apache/pdfbox/contentstream/operator/state/Restore.java,1,1,1,1,9,0,8,0,,,,1,0,0,,2,2,0,2,,0,0,0,2,,53,4,27,12,5,22,,,10,14,10,4,,,,,2,2,2,1,,1,,0,81,3,3,3,2
File,"pdfbox/src/main/java/org/apache/pdfbox/contentstream/operator/state/Save.java",pdfbox/src/main/java/org/apache/pdfbox/contentstream/operator/state/Save.java,1,1,1,1,5,0,5,0,,,,1,0,0,,2,2,0,2,,0,0,0,2,,44,4,19,11,2,21,,,8,11,9,2,,,,,1,1,1,1,,0,,1,11,2,2,2,2
File,"pdfbox/src/main/java/org/apache/pdfbox/contentstream/operator/state/SetFlatness.java",pdfbox/src/main/java/org/apache/pdfbox/contentstream/operator/state/SetFlatness.java,2,2,2,1,9,0,9,0,,,,1,0,0,,2,2,0,2,,0,0,0,2,,56,4,31,15,7,21,,,14,19,13,7,,,,,3,3,3,1,,1,,0,68,4,4,4,2
File,"pdfbox/src/main/java/org/apache/pdfbox/contentstream/operator/state/SetGraphicsStateParameters.java",pdfbox/src/main/java/org/apache/pdfbox/contentstream/operator/state/SetGraphicsStateParameters.java,2,2,2,2,14,0,13,0,,,,1,0,1,,2,2,0,2,,0,0,0,2,,70,6,42,21,13,22,,,22,28,19,12,,,,,4,4,4,3,,1,,0,52,5,5,5,4
File,"pdfbox/src/main/java/org/apache/pdfbox/contentstream/operator/state/SetLineCapStyle.java",pdfbox/src/main/java/org/apache/pdfbox/contentstream/operator/state/SetLineCapStyle.java,1,1,1,1,7,0,7,0,,,,1,0,0,,2,2,0,2,,0,0,0,2,,51,4,27,15,5,20,,,13,17,13,5,,,,,2,2,2,1,,1,,0,74,3,3,3,2
File,"pdfbox/src/main/java/org/apache/pdfbox/contentstream/operator/state/SetLineDashPattern.java",pdfbox/src/main/java/org/apache/pdfbox/contentstream/operator/state/SetLineDashPattern.java,4,4,4,3,22,0,21,0,,,,1,0,1,,2,2,0,2,,0,0,0,2,,86,7,58,22,22,21,,,26,36,21,19,,,,,7,7,7,6,,3,,0,36,8,8,8,7
File,"pdfbox/src/main/java/org/apache/pdfbox/contentstream/operator/state/SetLineJoinStyle.java",pdfbox/src/main/java/org/apache/pdfbox/contentstream/operator/state/SetLineJoinStyle.java,1,1,1,1,7,0,7,0,,,,1,0,0,,2,2,0,2,,0,0,0,2,,52,5,27,15,5,20,,,13,17,13,5,,,,,2,2,2,1,,1,,0,74,3,3,3,2
File,"pdfbox/src/main/java/org/apache/pdfbox/contentstream/operator/state/SetLineMiterLimit.java",pdfbox/src/main/java/org/apache/pdfbox/contentstream/operator/state/SetLineMiterLimit.java,1,1,1,1,7,0,7,0,,,,1,0,0,,2,2,0,2,,0,0,0,2,,52,5,27,15,5,20,,,13,17,13,5,,,,,2,2,2,1,,1,,0,74,3,3,3,2
File,"pdfbox/src/main/java/org/apache/pdfbox/contentstream/operator/state/SetLineWidth.java",pdfbox/src/main/java/org/apache/pdfbox/contentstream/operator/state/SetLineWidth.java,1,1,1,1,7,0,7,0,,,,1,0,0,,2,2,0,2,,0,0,0,2,,53,5,27,15,5,21,,,13,17,13,5,,,,,2,2,2,1,,1,,0,78,3,3,3,2
File,"pdfbox/src/main/java/org/apache/pdfbox/contentstream/operator/state/SetMatrix.java",pdfbox/src/main/java/org/apache/pdfbox/contentstream/operator/state/SetMatrix.java,2,2,2,1,15,1,13,0,,,,1,0,0,,2,2,0,2,,0,0,0,2,,67,7,39,22,15,21,,,21,26,19,14,,,,,3,3,3,1,,1,,0,54,4,4,4,2
File,"pdfbox/src/main/java/org/apache/pdfbox/contentstream/operator/state/SetRenderingIntent.java",pdfbox/src/main/java/org/apache/pdfbox/contentstream/operator/state/SetRenderingIntent.java,2,2,2,1,10,0,10,0,,,,1,0,0,,2,2,0,2,,0,0,0,2,,58,4,33,16,8,21,,,15,20,14,7,,,,,3,3,3,1,,1,,0,64,4,4,4,2
File,"pdfbox/src/main/java/org/apache/pdfbox/contentstream/operator/text/BeginText.java",pdfbox/src/main/java/org/apache/pdfbox/contentstream/operator/text/BeginText.java,1,1,1,1,6,0,6,0,,,,1,0,0,,2,2,0,2,,0,0,0,2,,49,4,23,13,4,22,,,12,15,11,4,,,,,1,1,1,1,,0,,0,96,2,2,2,2
File,"pdfbox/src/main/java/org/apache/pdfbox/contentstream/operator/text/EndText.java",pdfbox/src/main/java/org/apache/pdfbox/contentstream/operator/text/EndText.java,1,1,1,1,6,0,6,0,,,,1,0,0,,2,2,0,2,,0,0,0,2,,47,4,22,12,4,21,,,11,14,10,4,,,,,1,1,1,1,,0,,0,95,2,2,2,2
File,"pdfbox/src/main/java/org/apache/pdfbox/contentstream/operator/text/MoveText.java",pdfbox/src/main/java/org/apache/pdfbox/contentstream/operator/text/MoveText.java,3,3,3,2,18,1,17,0,,,,1,0,1,,2,2,0,2,,0,0,0,2,,77,7,49,23,19,21,,,26,33,21,17,,,,,5,5,5,4,,1,,0,43,6,6,6,5
File,"pdfbox/src/main/java/org/apache/pdfbox/contentstream/operator/text/MoveTextSetLeading.java",pdfbox/src/main/java/org/apache/pdfbox/contentstream/operator/text/MoveTextSetLeading.java,2,2,2,1,13,1,11,0,,,,1,0,0,,2,2,0,2,,0,0,0,2,,65,6,37,19,11,22,,,20,25,17,10,,,,,3,3,3,1,,1,,0,59,4,4,4,2
File,"pdfbox/src/main/java/org/apache/pdfbox/contentstream/operator/text/NextLine.java",pdfbox/src/main/java/org/apache/pdfbox/contentstream/operator/text/NextLine.java,1,1,1,1,8,0,6,2,,,,1,0,0,,2,2,0,2,,0,0,0,2,,54,4,25,15,5,25,,,14,17,13,5,,,,,1,1,1,1,,0,,1,00,2,2,2,2
File,"pdfbox/src/main/java/org/apache/pdfbox/contentstream/operator/text/SetCharSpacing.java",pdfbox/src/main/java/org/apache/pdfbox/contentstream/operator/text/SetCharSpacing.java,2,2,2,1,11,0,9,1,,,,1,0,0,,2,2,0,2,,0,0,0,2,,60,5,31,16,7,24,,,14,19,14,6,,,,,3,3,3,1,,1,,0,77,4,4,4,2
File,"pdfbox/src/main/java/org/apache/pdfbox/contentstream/operator/text/SetFontAndSize.java",pdfbox/src/main/java/org/apache/pdfbox/contentstream/operator/text/SetFontAndSize.java,3,3,3,2,16,0,16,0,,,,1,0,1,,2,2,0,2,,0,0,0,2,,79,9,49,24,17,21,,,26,33,22,16,,,,,5,5,5,3,,1,,0,43,6,6,6,4
File,"pdfbox/src/main/java/org/apache/pdfbox/contentstream/operator/text/SetTextHorizontalScaling.java",pdfbox/src/main/java/org/apache/pdfbox/contentstream/operator/text/SetTextHorizontalScaling.java,2,2,2,1,10,0,10,0,,,,1,0,0,,2,2,0,2,,0,0,0,2,,58,5,32,16,8,21,,,15,20,14,7,,,,,3,3,3,1,,1,,0,66,4,4,4,2
File,"pdfbox/src/main/java/org/apache/pdfbox/contentstream/operator/text/SetTextLeading.java",pdfbox/src/main/java/org/apache/pdfbox/contentstream/operator/text/SetTextLeading.java,2,2,2,1,10,0,10,0,,,,1,0,0,,2,2,0,2,,0,0,0,2,,57,4,32,16,8,21,,,15,20,14,7,,,,,3,3,3,1,,1,,0,66,4,4,4,2
File,"pdfbox/src/main/java/org/apache/pdfbox/contentstream/operator/text/SetTextRenderingMode.java",pdfbox/src/main/java/org/apache/pdfbox/contentstream/operator/text/SetTextRenderingMode.java,2,2,3,2,13,0,13,0,,,,1,0,0,,2,2,0,2,,0,0,0,2,,64,4,39,19,12,21,,,19,25,17,11,,,,,4,4,5,3,,1,,0,54,5,5,6,4
File,"pdfbox/src/main/java/org/apache/pdfbox/contentstream/operator/text/SetTextRise.java",pdfbox/src/main/java/org/apache/pdfbox/contentstream/operator/text/SetTextRise.java,2,2,2,2,10,0,10,0,,,,1,0,0,,2,2,0,2,,0,0,0,2,,57,5,31,15,8,21,,,14,19,13,7,,,,,3,3,3,3,,1,,0,68,4,4,4,4
File,"pdfbox/src/main/java/org/apache/pdfbox/contentstream/operator/text/SetWordSpacing.java",pdfbox/src/main/java/org/apache/pdfbox/contentstream/operator/text/SetWordSpacing.java,2,2,2,2,10,0,10,0,,,,1,0,0,,2,2,0,2,,0,0,0,2,,55,4,30,14,8,21,,,13,18,12,7,,,,,3,3,3,3,,1,,0,70,4,4,4,4
File,"pdfbox/src/main/java/org/apache/pdfbox/contentstream/operator/text/ShowText.java",pdfbox/src/main/java/org/apache/pdfbox/contentstream/operator/text/ShowText.java,2,2,2,2,13,0,12,1,,,,1,0,0,,2,2,0,2,,0,0,0,2,,64,5,35,15,10,24,,,15,21,13,9,,,,,4,4,4,4,,1,,0,69,5,5,5,5
File,"pdfbox/src/main/java/org/apache/pdfbox/contentstream/operator/text/ShowTextAdjusted.java",pdfbox/src/main/java/org/apache/pdfbox/contentstream/operator/text/ShowTextAdjusted.java,2,2,2,2,12,0,12,0,,,,1,0,0,,2,2,0,2,,0,0,0,2,,61,4,35,15,10,22,,,15,21,13,9,,,,,4,4,4,4,,1,,0,63,5,5,5,5
File,"pdfbox/src/main/java/org/apache/pdfbox/contentstream/operator/text/ShowTextLine.java",pdfbox/src/main/java/org/apache/pdfbox/contentstream/operator/text/ShowTextLine.java,1,1,1,1,5,0,5,0,,,,1,0,0,,2,2,0,2,,0,0,0,2,,47,5,21,12,3,21,,,10,13,10,3,,,,,1,1,1,1,,0,,1,00,2,2,2,2
File,"pdfbox/src/main/java/org/apache/pdfbox/contentstream/operator/text/ShowTextLineAndSpace.java",pdfbox/src/main/java/org/apache/pdfbox/contentstream/operator/text/ShowTextLineAndSpace.java,1,1,1,1,8,0,8,0,,,,1,0,0,,2,2,0,2,,0,0,0,2,,53,5,27,13,6,21,,,13,17,11,6,,,,,2,2,2,1,,1,,0,78,3,3,3,2
File,"pdfbox/src/main/java/org/apache/pdfbox/cos/COSArray.java",pdfbox/src/main/java/org/apache/pdfbox/cos/COSArray.java,1,1,1,1,12,0,7,5,,,,1,3,0,,53,44,2,47,,0,0,0,47,,727,51,380,87,152,300,,,133,214,90,144,,,,,5,5,7,5,,4,,0,79,87,87,89,65
File,"pdfbox/src/main/java/org/apache/pdfbox/cos/COSBase.java",pdfbox/src/main/java/org/apache/pdfbox/cos/COSBase.java,1,1,1,1,8,0,4,4,,,,1,0,0,,7,7,2,7,,0,0,0,7,,101,12,33,14,5,56,,,11,18,13,5,,,,,1,1,1,1,,0,,1,70,6,6,6,6
File,"pdfbox/src/main/java/org/apache/pdfbox/cos/COSBoolean.java",pdfbox/src/main/java/org/apache/pdfbox/cos/COSBoolean.java,1,1,1,1,10,0,5,5,,,,1,2,4,,10,8,1,10,,0,1,0,9,,164,15,62,22,19,89,,,20,33,19,16,,,,,2,2,2,1,,1,,1,44,15,15,15,10
File,"pdfbox/src/main/java/org/apache/pdfbox/cos/COSDictionary.java",pdfbox/src/main/java/org/apache/pdfbox/cos/COSDictionary.java,1,1,1,1,13,0,6,6,,,,1,1,2,,91,90,2,91,,0,1,0,90,,1414,99,656,164,257,659,,,219,363,165,237,,,,,10,10,10,6,,3,,1,00,142,142,149,98
File,"pdfbox/src/main/java/org/apache/pdfbox/cos/COSDocument.java",pdfbox/src/main/java/org/apache/pdfbox/cos/COSDocument.java,1,1,1,1,12,0,6,5,,,,1,0,1,,35,33,13,33,,0,0,0,33,,556,57,258,83,94,245,,,90,144,80,79,,,,,8,8,8,4,,3,,0,95,51,51,54,38
File,"pdfbox/src/main/java/org/apache/pdfbox/cos/COSDocumentState.java",pdfbox/src/main/java/org/apache/pdfbox/cos/COSDocumentState.java,1,1,1,1,9,0,4,5,,,,1,0,0,,2,2,1,2,,0,0,0,2,,58,5,13,5,3,40,,,4,7,5,2,,,,,1,1,1,1,,0,,3,08,2,2,2,2
File,"pdfbox/src/main/java/org/apache/pdfbox/cos/COSFloat.java",pdfbox/src/main/java/org/apache/pdfbox/cos/COSFloat.java,1,1,2,1,14,0,9,5,,,,1,0,0,,13,13,2,13,,0,3,0,10,,236,17,128,30,44,91,,,36,60,23,39,,,,,6,6,6,4,,2,,0,71,24,24,26,16
File,"pdfbox/src/main/java/org/apache/pdfbox/cos/COSIncrement.java",pdfbox/src/main/java/org/apache/pdfbox/cos/COSIncrement.java,2,2,4,1,22,0,12,9,,,,1,0,0,,13,13,5,13,,0,8,0,5,,358,18,180,38,82,160,,,63,102,39,74,,,,,7,7,15,5,,2,,0,89,36,36,55,23
File,"pdfbox/src/main/java/org/apache/pdfbox/cos/COSInputStream.java",pdfbox/src/main/java/org/apache/pdfbox/cos/COSInputStream.java,2,2,2,1,19,0,11,7,,,,1,2,0,,4,2,1,4,,2,1,0,1,,124,9,65,26,21,50,,,32,42,25,20,,,,,5,5,5,1,,2,,0,77,9,9,9,4
File,"pdfbox/src/main/java/org/apache/pdfbox/cos/COSInteger.java",pdfbox/src/main/java/org/apache/pdfbox/cos/COSInteger.java,1,1,1,1,10,0,5,4,,,,1,2,9,,12,10,2,12,,0,2,0,10,,219,25,84,36,28,110,,,31,46,29,23,,,,,3,3,4,1,,2,,1,31,15,15,17,12
File,"pdfbox/src/main/java/org/apache/pdfbox/cos/COSName.java",pdfbox/src/main/java/org/apache/pdfbox/cos/COSName.java,1,1,2,1,11,0,8,3,,,,1,2,570,,12,10,2,12,,0,2,0,10,,813,25,683,602,613,105,,,604,624,597,598,,,,,4,4,16,1,,3,,0,15,18,18,32,12
File,"pdfbox/src/main/java/org/apache/pdfbox/cos/COSNull.java",pdfbox/src/main/java/org/apache/pdfbox/cos/COSNull.java,1,1,1,1,9,0,4,4,,,,1,0,2,,4,4,0,4,,0,1,0,3,,78,7,25,12,5,47,,,8,13,10,4,,,,,1,1,1,1,,0,,1,88,4,4,4,4
File,"pdfbox/src/main/java/org/apache/pdfbox/cos/COSNumber.java",pdfbox/src/main/java/org/apache/pdfbox/cos/COSNumber.java,6,6,8,4,30,0,24,6,,,,1,2,0,,5,3,0,5,,0,1,0,4,,110,6,56,13,24,48,,,20,31,13,22,,,,,9,9,12,6,,2,,0,86,12,12,16,9
File,"pdfbox/src/main/java/org/apache/pdfbox/cos/COSObject.java",pdfbox/src/main/java/org/apache/pdfbox/cos/COSObject.java,1,1,1,1,12,0,7,5,,,,1,0,1,,13,13,6,13,,0,0,0,13,,218,18,110,29,42,90,,,44,62,26,38,,,,,3,3,4,1,,2,,0,82,17,17,18,13
File,"pdfbox/src/main/java/org/apache/pdfbox/cos/COSObjectKey.java",pdfbox/src/main/java/org/apache/pdfbox/cos/COSObjectKey.java,1,1,1,1,9,0,5,3,,,,1,0,2,,8,8,1,8,,0,0,0,8,,115,10,53,18,16,52,,,15,26,14,13,,,,,3,3,3,1,,1,,0,98,11,11,12,8
File,"pdfbox/src/main/java/org/apache/pdfbox/cos/COSOutputStream.java",pdfbox/src/main/java/org/apache/pdfbox/cos/COSOutputStream.java,2,2,2,1,20,0,17,2,,,,1,0,0,,6,6,4,6,,1,0,0,5,,169,10,123,29,41,36,,,38,57,24,35,,,,,4,4,4,1,,7,,0,29,14,14,14,6
File,"pdfbox/src/main/java/org/apache/pdfbox/cos/COSStream.java",pdfbox/src/main/java/org/apache/pdfbox/cos/COSStream.java,2,2,2,1,17,0,13,4,,,,3,0,1,,23,23,5,23,,0,3,0,20,,465,25,313,69,140,127,,,118,170,71,112,,,,,7,7,8,3,,3,,0,41,49,49,53,27
File,"pdfbox/src/main/java/org/apache/pdfbox/cos/COSString.java",pdfbox/src/main/java/org/apache/pdfbox/cos/COSString.java,1,1,2,1,13,0,8,4,,,,1,1,2,,14,13,2,14,,0,0,0,14,,260,24,140,39,52,97,,,49,76,36,47,,,,,5,5,6,4,,3,,0,69,26,26,29,19
File,"pdfbox/src/main/java/org/apache/pdfbox/cos/COSUpdateInfo.java",pdfbox/src/main/java/org/apache/pdfbox/cos/COSUpdateInfo.java,1,1,1,1,10,0,4,6,,,,1,0,0,,4,4,0,4,,4,0,0,0,,65,7,18,7,3,40,,,6,10,7,3,,,,,1,1,1,1,,0,,2,22,3,3,3,3
File,"pdfbox/src/main/java/org/apache/pdfbox/cos/COSUpdateState.java",pdfbox/src/main/java/org/apache/pdfbox/cos/COSUpdateState.java,2,2,2,1,21,0,8,12,,,,1,0,0,,13,13,3,13,,8,1,0,4,,342,17,119,22,42,206,,,29,62,25,37,,,,,11,11,13,1,,3,,1,73,29,29,32,13
File,"pdfbox/src/main/java/org/apache/pdfbox/cos/ICOSParser.java",pdfbox/src/main/java/org/apache/pdfbox/cos/ICOSParser.java,0,0,0,0,0,0,0,0,,,,1,0,0,,2,2,0,2,,2,0,0,0,,46,6,9,7,0,31,,,5,6,6,0,,,,,0,0,0,0,,0,,3,44,0,0,0,0
File,"pdfbox/src/main/java/org/apache/pdfbox/cos/ICOSVisitor.java",pdfbox/src/main/java/org/apache/pdfbox/cos/ICOSVisitor.java,0,0,0,0,0,0,0,0,,,,1,0,0,,10,10,0,10,,10,0,0,0,,107,11,15,13,0,81,,,12,13,13,0,,,,,0,0,0,0,,0,,5,40,0,0,0,0
File,"pdfbox/src/main/java/org/apache/pdfbox/cos/PDFDocEncoding.java",pdfbox/src/main/java/org/apache/pdfbox/cos/PDFDocEncoding.java,1,1,1,1,11,0,9,2,,,,1,4,3,,5,1,0,5,,0,2,0,3,,168,13,118,17,71,79,,,69,85,19,69,,,,,3,3,3,1,,2,,0,67,9,9,9,5
File,"pdfbox/src/main/java/org/apache/pdfbox/cos/UnmodifiableCOSDictionary.java",pdfbox/src/main/java/org/apache/pdfbox/cos/UnmodifiableCOSDictionary.java,1,1,1,1,8,0,5,3,,,,1,0,0,,27,27,0,27,,1,0,0,26,,272,29,141,57,28,102,,,31,59,31,28,,,,,1,1,1,1,,0,,0,72,27,27,27,27
File,"pdfbox/src/main/java/org/apache/pdfbox/filter/ASCII85Filter.java",pdfbox/src/main/java/org/apache/pdfbox/filter/ASCII85Filter.java,1,1,1,1,10,0,10,0,,,,1,0,0,,2,2,0,2,,0,0,1,1,,54,4,30,13,7,20,,,11,16,9,7,,,,,1,1,1,1,,1,,0,67,2,2,2,2
File,"pdfbox/src/main/java/org/apache/pdfbox/filter/ASCII85InputStream.java",pdfbox/src/main/java/org/apache/pdfbox/filter/ASCII85InputStream.java,3,3,3,2,24,0,17,6,,,,1,0,7,,9,9,5,9,,1,0,0,8,,274,14,180,40,89,81,,,88,116,33,86,,,,,17,17,22,12,,5,,0,45,29,29,35,24
File,"pdfbox/src/main/java/org/apache/pdfbox/filter/ASCII85OutputStream.java",pdfbox/src/main/java/org/apache/pdfbox/filter/ASCII85OutputStream.java,2,2,2,1,21,0,15,5,,,,1,0,3,,9,9,7,9,,1,1,0,7,,246,19,156,29,77,72,,,80,106,30,76,,,,,9,9,9,4,,3,,0,46,24,24,26,12
File,"pdfbox/src/main/java/org/apache/pdfbox/filter/ASCIIHexFilter.java",pdfbox/src/main/java/org/apache/pdfbox/filter/ASCIIHexFilter.java,2,2,4,1,14,0,13,0,,,,1,0,2,,4,4,0,4,,0,2,0,2,,135,10,95,48,50,56,,,28,40,17,24,,,,,7,7,9,4,,2,,0,59,11,11,18,7
File,"pdfbox/src/main/java/org/apache/pdfbox/filter/CCITTFaxDecoderStream.java",pdfbox/src/main/java/org/apache/pdfbox/filter/CCITTFaxDecoderStream.java,4,4,4,2,21,3,17,0,,,,3,0,14,,22,22,22,22,,4,11,0,7,,813,121,626,198,361,118,,,265,359,106,261,,,,,16,14,17,5,,5,,0,19,97,92,101,46
File,"pdfbox/src/main/java/org/apache/pdfbox/filter/CCITTFaxEncoderStream.java",pdfbox/src/main/java/org/apache/pdfbox/filter/CCITTFaxEncoderStream.java,3,2,3,1,13,0,11,0,,,,2,0,4,,15,15,16,15,,1,11,0,3,,325,43,238,66,151,47,,,143,186,69,119,,,,,11,6,12,3,,3,,0,20,46,40,51,19
File,"pdfbox/src/main/java/org/apache/pdfbox/filter/CCITTFaxFilter.java",pdfbox/src/main/java/org/apache/pdfbox/filter/CCITTFaxFilter.java,3,3,4,2,28,1,24,4,,,,1,0,0,,4,4,0,4,,1,1,1,1,,156,10,107,40,51,40,,,54,69,36,45,,,,,8,8,11,5,,4,,0,37,14,14,17,10
File,"pdfbox/src/main/java/org/apache/pdfbox/filter/CryptFilter.java",pdfbox/src/main/java/org/apache/pdfbox/filter/CryptFilter.java,2,2,3,1,15,0,14,1,,,,1,0,0,,2,2,0,2,,0,0,1,1,,63,4,37,17,12,22,,,15,20,13,11,,,,,2,2,3,1,,1,,0,59,4,4,6,2
File,"pdfbox/src/main/java/org/apache/pdfbox/filter/DCTFilter.java",pdfbox/src/main/java/org/apache/pdfbox/filter/DCTFilter.java,3,3,4,1,28,1,24,2,,,,1,0,3,,10,10,0,10,,0,7,1,2,,361,34,270,91,148,57,,,148,183,91,124,,,,,11,9,12,7,,4,,0,21,38,36,40,19
File,"pdfbox/src/main/java/org/apache/pdfbox/filter/DecodeOptions.java",pdfbox/src/main/java/org/apache/pdfbox/filter/DecodeOptions.java,1,1,1,1,8,0,4,4,,,,2,0,1,,23,23,6,23,,3,0,0,20,,264,26,112,40,29,126,,,31,56,34,23,,,,,1,1,1,1,,0,,1,12,23,23,23,23
File,"pdfbox/src/main/java/org/apache/pdfbox/filter/DecodeResult.java",pdfbox/src/main/java/org/apache/pdfbox/filter/DecodeResult.java,1,1,1,1,6,0,4,2,,,,1,1,0,,6,5,2,6,,3,0,0,3,,77,8,33,12,7,36,,,12,19,12,7,,,,,1,1,1,1,,0,,1,09,6,6,6,6
File,"pdfbox/src/main/java/org/apache/pdfbox/filter/Filter.java",pdfbox/src/main/java/org/apache/pdfbox/filter/Filter.java,2,2,3,2,17,0,11,6,,,,1,2,2,,8,6,0,8,,0,0,3,5,,181,13,91,37,31,77,,,37,52,32,26,,,,,6,6,10,5,,3,,0,85,14,14,18,12
File,"pdfbox/src/main/java/org/apache/pdfbox/filter/FilterFactory.java",pdfbox/src/main/java/org/apache/pdfbox/filter/FilterFactory.java,1,1,1,1,15,0,11,3,,,,1,0,1,,4,4,1,4,,1,1,0,2,,103,8,58,24,35,37,,,40,46,24,35,,,,,2,2,2,1,,1,,0,64,5,5,5,4
File,"pdfbox/src/main/java/org/apache/pdfbox/filter/FlateFilter.java",pdfbox/src/main/java/org/apache/pdfbox/filter/FlateFilter.java,3,3,4,3,30,0,27,2,,,,1,0,1,,3,3,0,3,,0,1,1,1,,137,7,99,30,45,31,,,44,57,26,37,,,,,7,7,9,7,,5,,0,31,10,10,12,9
File,"pdfbox/src/main/java/org/apache/pdfbox/filter/IdentityFilter.java",pdfbox/src/main/java/org/apache/pdfbox/filter/IdentityFilter.java,1,1,1,1,8,0,8,0,,,,1,0,0,,2,2,0,2,,0,0,1,1,,50,3,25,14,5,22,,,11,14,9,5,,,,,1,1,1,1,,0,,0,88,2,2,2,2
File,"pdfbox/src/main/java/org/apache/pdfbox/filter/JBIG2Filter.java",pdfbox/src/main/java/org/apache/pdfbox/filter/JBIG2Filter.java,3,3,3,1,24,2,22,1,,,,1,1,2,,4,3,0,4,,0,1,1,2,,154,15,111,42,47,29,,,51,65,35,39,,,,,8,8,8,1,,3,,0,26,12,12,12,4
File,"pdfbox/src/main/java/org/apache/pdfbox/filter/JPXFilter.java",pdfbox/src/main/java/org/apache/pdfbox/filter/JPXFilter.java,3,3,4,1,33,2,25,5,,,,1,0,0,,4,4,0,4,,0,1,1,2,,192,15,124,41,57,53,,,62,78,39,49,,,,,8,6,8,1,,4,,0,43,15,13,18,4
File,"pdfbox/src/main/java/org/apache/pdfbox/filter/LZWFilter.java",pdfbox/src/main/java/org/apache/pdfbox/filter/LZWFilter.java,4,4,4,2,34,1,27,5,,,,1,0,3,,7,7,0,7,,0,5,1,1,,306,25,209,53,108,74,,,97,128,50,92,,,,,6,6,8,5,,5,,0,35,29,29,32,14
File,"pdfbox/src/main/java/org/apache/pdfbox/filter/MissingImageReaderException.java",pdfbox/src/main/java/org/apache/pdfbox/filter/MissingImageReaderException.java,1,1,1,1,4,0,4,0,,,,1,0,1,,1,1,0,1,,0,0,0,1,,37,3,10,5,2,24,,,4,6,5,1,,,,,1,1,1,1,,0,,2,40,1,1,1,1
File,"pdfbox/src/main/java/org/apache/pdfbox/filter/Predictor.java",pdfbox/src/main/java/org/apache/pdfbox/filter/Predictor.java,3,3,3,2,22,0,18,3,,,,2,5,0,,13,8,10,13,,6,3,0,4,,367,22,264,80,141,84,,,138,177,84,103,,,,,28,23,31,14,,5,,0,32,45,40,50,26
File,"pdfbox/src/main/java/org/apache/pdfbox/filter/RunLengthDecodeFilter.java",pdfbox/src/main/java/org/apache/pdfbox/filter/RunLengthDecodeFilter.java,10,10,10,3,76,1,70,5,,,,1,0,1,,2,2,0,2,,0,0,1,1,,190,7,150,23,75,34,,,58,79,20,60,,,,,13,13,13,6,,5,,0,23,20,20,21,7
File,"pdfbox/src/main/java/org/apache/pdfbox/filter/TIFFExtension.java",pdfbox/src/main/java/org/apache/pdfbox/filter/TIFFExtension.java,0,0,0,0,0,0,0,0,,,,1,0,0,,0,0,40,0,,0,0,0,0,,106,14,43,42,40,50,,,41,42,42,0,,,,,0,0,0,0,,0,,1,16,0,0,0,0
File,"pdfbox/src/main/java/org/apache/pdfbox/io/MemoryUsageSetting.java",pdfbox/src/main/java/org/apache/pdfbox/io/MemoryUsageSetting.java,1,1,2,1,13,0,6,6,,,,1,6,0,,17,11,5,17,,0,1,0,16,,281,29,120,36,48,132,,,39,61,31,31,,,,,7,7,12,1,,2,,1,10,30,30,35,17
File,"pdfbox/src/main/java/org/apache/pdfbox/io/ScratchFile.java",pdfbox/src/main/java/org/apache/pdfbox/io/ScratchFile.java,3,3,4,1,31,2,19,9,,,,1,2,4,,14,12,12,14,,6,1,0,7,,531,56,298,53,142,179,,,108,164,53,118,,,,,10,10,10,1,,4,,0,60,52,52,62,14
File,"pdfbox/src/main/java/org/apache/pdfbox/io/ScratchFileBuffer.java",pdfbox/src/main/java/org/apache/pdfbox/io/ScratchFileBuffer.java,2,2,2,1,21,2,13,5,,,,1,0,1,,18,18,10,18,,1,3,1,13,,472,60,271,61,133,142,,,117,161,47,119,,,,,6,6,8,4,,3,,0,52,42,42,45,21
File,"pdfbox/src/main/java/org/apache/pdfbox/multipdf/LayerUtility.java",pdfbox/src/main/java/org/apache/pdfbox/multipdf/LayerUtility.java,2,2,3,1,32,2,20,9,,,,1,0,3,,8,8,2,8,,0,2,0,6,,331,33,203,75,109,95,,,116,140,72,95,,,,,6,4,6,3,,2,,0,47,22,20,24,10
File,"pdfbox/src/main/java/org/apache/pdfbox/multipdf/Overlay.java",pdfbox/src/main/java/org/apache/pdfbox/multipdf/Overlay.java,2,2,2,1,15,0,11,3,,,,3,0,0,,37,39,30,39,,0,16,1,22,,771,56,532,140,256,183,,,228,330,142,222,,,,,14,14,14,3,,3,,0,34,92,89,100,39
File,"pdfbox/src/main/java/org/apache/pdfbox/multipdf/PDFCloneUtility.java",pdfbox/src/main/java/org/apache/pdfbox/multipdf/PDFCloneUtility.java,7,7,7,2,45,0,38,7,,,,1,0,0,,5,5,3,5,,4,1,0,0,,281,7,215,47,104,59,,,89,132,54,92,,,,,16,16,18,4,,4,,0,27,35,35,39,10
File,"pdfbox/src/main/java/org/apache/pdfbox/multipdf/PDFMergerUtility.java",pdfbox/src/main/java/org/apache/pdfbox/multipdf/PDFMergerUtility.java,3,3,4,1,26,0,20,4,,,,3,2,1,,46,47,13,49,,2,20,0,27,,1528,98,1114,263,537,317,,,421,635,263,475,,,,,53,53,60,9,,5,,0,28,191,191,214,74
File,"pdfbox/src/main/java/org/apache/pdfbox/multipdf/PageExtractor.java",pdfbox/src/main/java/org/apache/pdfbox/multipdf/PageExtractor.java,1,1,1,1,12,0,6,5,,,,1,0,1,,7,7,3,7,,0,0,0,7,,134,16,59,22,22,60,,,30,40,23,21,,,,,3,3,4,1,,2,,1,02,9,9,10,7
File,"pdfbox/src/main/java/org/apache/pdfbox/multipdf/Splitter.java",pdfbox/src/main/java/org/apache/pdfbox/multipdf/Splitter.java,2,2,2,1,17,0,10,7,,,,1,0,1,,14,14,8,14,,0,3,5,6,,321,21,182,54,76,120,,,76,111,56,65,,,,,7,7,7,5,,4,,0,66,32,32,36,21
File,"pdfbox/src/main/java/org/apache/pdfbox/pdfparser/BaseParser.java",pdfbox/src/main/java/org/apache/pdfbox/pdfparser/BaseParser.java,3,3,5,2,28,0,20,7,,,,1,2,27,,41,39,3,41,,1,11,29,0,,1323,77,876,166,490,371,,,347,483,165,373,,,,,33,16,37,11,,5,,0,42,161,136,244,83
File,"pdfbox/src/main/java/org/apache/pdfbox/pdfparser/BruteForceParser.java",pdfbox/src/main/java/org/apache/pdfbox/pdfparser/BruteForceParser.java,4,4,6,2,35,0,27,7,,,,1,0,8,,21,17,1,17,,0,12,4,1,,834,34,614,146,364,192,,,286,385,149,295,,,,,13,13,20,6,,8,,0,31,102,102,134,44
File,"pdfbox/src/main/java/org/apache/pdfbox/pdfparser/COSParser.java",pdfbox/src/main/java/org/apache/pdfbox/pdfparser/COSParser.java,4,4,5,2,37,0,27,8,,,,1,0,17,,45,42,16,42,,0,21,15,6,,1875,112,1310,239,706,457,,,505,723,233,569,,,,,17,17,19,13,,6,,0,35,217,217,246,112
File,"pdfbox/src/main/java/org/apache/pdfbox/pdfparser/EndstreamFilterStream.java",pdfbox/src/main/java/org/apache/pdfbox/pdfparser/EndstreamFilterStream.java,7,7,11,4,43,0,31,12,,,,1,0,0,,2,2,5,2,,0,0,0,2,,124,6,72,9,38,46,,,29,44,10,34,,,,,12,12,19,7,,4,,0,64,14,14,22,8
File,"pdfbox/src/main/java/org/apache/pdfbox/pdfparser/FDFParser.java",pdfbox/src/main/java/org/apache/pdfbox/pdfparser/FDFParser.java,2,2,2,1,19,0,13,5,,,,1,0,1,,4,4,0,4,,0,2,0,2,,113,8,68,20,27,37,,,28,39,20,23,,,,,3,3,4,1,,2,,0,54,9,9,10,4
File,"pdfbox/src/main/java/org/apache/pdfbox/pdfparser/PDFObjectStreamParser.java",pdfbox/src/main/java/org/apache/pdfbox/pdfparser/PDFObjectStreamParser.java,3,3,4,1,28,0,21,6,,,,1,0,0,,6,6,2,6,,0,2,0,4,,215,9,146,36,71,60,,,66,92,39,68,,,,,5,5,7,3,,3,,0,41,21,21,24,10
File,"pdfbox/src/main/java/org/apache/pdfbox/pdfparser/PDFParser.java",pdfbox/src/main/java/org/apache/pdfbox/pdfparser/PDFParser.java,1,1,1,1,17,0,8,8,,,,1,2,1,,11,9,0,11,,0,1,2,8,,245,17,117,37,42,111,,,46,66,33,38,,,,,4,4,6,1,,2,,0,95,18,18,21,11
File,"pdfbox/src/main/java/org/apache/pdfbox/pdfparser/PDFStreamParser.java",pdfbox/src/main/java/org/apache/pdfbox/pdfparser/PDFStreamParser.java,7,5,13,3,44,1,33,10,,,,1,0,2,,8,8,1,8,,0,4,0,4,,416,23,289,58,172,105,,,113,155,58,118,,,,,42,20,52,20,,4,,0,36,63,41,106,30
File,"pdfbox/src/main/java/org/apache/pdfbox/pdfparser/PDFXRefStream.java",pdfbox/src/main/java/org/apache/pdfbox/pdfparser/PDFXRefStream.java,2,2,3,1,19,0,15,3,,,,1,0,0,,10,9,4,9,,0,4,0,5,,252,23,174,46,86,55,,,90,125,55,80,,,,,7,7,9,4,,2,,0,32,28,28,34,13
File,"pdfbox/src/main/java/org/apache/pdfbox/pdfparser/PDFXrefStreamParser.java",pdfbox/src/main/java/org/apache/pdfbox/pdfparser/PDFXrefStreamParser.java,3,3,4,1,21,0,18,3,,,,2,0,0,,8,8,8,8,,0,4,0,4,,231,15,170,47,83,46,,,79,107,46,72,,,,,7,7,10,3,,2,,0,27,28,28,32,12
File,"pdfbox/src/main/java/org/apache/pdfbox/pdfparser/XrefTrailerResolver.java",pdfbox/src/main/java/org/apache/pdfbox/pdfparser/XrefTrailerResolver.java,1,1,1,1,14,0,8,5,,,,3,0,1,,16,17,8,17,,0,1,1,15,,368,33,186,51,79,149,,,77,113,51,73,,,,,9,9,9,7,,3,,0,80,35,35,35,22
File,"pdfbox/src/main/java/org/apache/pdfbox/pdfparser/xref/AbstractXReference.java",pdfbox/src/main/java/org/apache/pdfbox/pdfparser/xref/AbstractXReference.java,1,1,1,1,13,0,6,6,,,,1,0,0,,4,4,1,4,,0,0,1,3,,87,8,33,11,8,46,,,9,16,8,8,,,,,3,3,4,3,,1,,1,39,6,6,7,6
File,"pdfbox/src/main/java/org/apache/pdfbox/pdfparser/xref/FreeXReference.java",pdfbox/src/main/java/org/apache/pdfbox/pdfparser/xref/FreeXReference.java,1,1,1,1,11,0,5,5,,,,1,0,1,,5,5,2,5,,0,0,0,5,,94,8,37,17,9,50,,,13,19,12,8,,,,,1,1,1,1,,0,,1,35,5,5,5,5
File,"pdfbox/src/main/java/org/apache/pdfbox/pdfparser/xref/NormalXReference.java",pdfbox/src/main/java/org/apache/pdfbox/pdfparser/xref/NormalXReference.java,1,1,1,1,11,0,6,5,,,,1,0,0,,8,8,4,8,,0,0,0,8,,140,11,63,25,17,66,,,25,35,21,15,,,,,3,3,3,1,,1,,1,05,11,11,11,8
File,"pdfbox/src/main/java/org/apache/pdfbox/pdfparser/xref/ObjectStreamXReference.java",pdfbox/src/main/java/org/apache/pdfbox/pdfparser/xref/ObjectStreamXReference.java,1,1,1,1,11,0,5,5,,,,1,0,0,,8,8,4,8,,0,0,0,8,,133,11,54,23,13,68,,,21,30,18,12,,,,,1,1,1,1,,0,,1,26,8,8,8,8
File,"pdfbox/src/main/java/org/apache/pdfbox/pdfparser/xref/XReferenceEntry.java",pdfbox/src/main/java/org/apache/pdfbox/pdfparser/xref/XReferenceEntry.java,0,0,0,0,0,0,0,0,,,,1,0,0,,5,5,0,5,,5,0,0,0,,68,7,11,9,0,50,,,8,9,9,0,,,,,0,0,0,0,,0,,4,55,0,0,0,0
File,"pdfbox/src/main/java/org/apache/pdfbox/pdfparser/xref/XReferenceType.java",pdfbox/src/main/java/org/apache/pdfbox/pdfparser/xref/XReferenceType.java,0,0,0,0,4,0,2,2,,,,1,0,0,,2,4,4,4,,1,0,0,3,,53,6,15,7,2,32,,,6,8,6,2,,,,,1,1,1,1,,0,,2,13,2,2,2,2
File,"pdfbox/src/main/java/org/apache/pdfbox/pdfwriter/COSStandardOutputStream.java",pdfbox/src/main/java/org/apache/pdfbox/pdfwriter/COSStandardOutputStream.java,1,1,1,1,10,0,5,5,,,,1,0,3,,10,10,2,10,,0,0,0,10,,167,15,63,22,22,89,,,25,37,20,17,,,,,2,2,2,1,,1,,1,41,11,11,11,10
File,"pdfbox/src/main/java/org/apache/pdfbox/pdfwriter/COSWriter.java",pdfbox/src/main/java/org/apache/pdfbox/pdfwriter/COSWriter.java,2,2,3,1,24,0,17,6,,,,1,3,21,,56,49,28,52,,0,16,10,26,,1647,118,1086,274,577,453,,,495,664,266,484,,,,,16,16,18,6,,5,,0,42,166,164,187,68
File,"pdfbox/src/main/java/org/apache/pdfbox/pdfwriter/ContentStreamWriter.java",pdfbox/src/main/java/org/apache/pdfbox/pdfwriter/ContentStreamWriter.java,3,3,3,1,24,0,19,4,,,,1,0,2,,6,6,1,6,,0,1,0,5,,207,9,142,32,67,56,,,69,96,37,61,,,,,15,15,15,1,,3,,0,39,22,22,22,6
File,"pdfbox/src/main/java/org/apache/pdfbox/pdfwriter/compress/COSObjectPool.java",pdfbox/src/main/java/org/apache/pdfbox/pdfwriter/compress/COSObjectPool.java,1,1,2,1,15,0,8,7,,,,1,0,0,,7,7,3,7,,0,0,0,7,,155,11,69,19,29,75,,,27,39,19,22,,,,,3,3,6,1,,1,,1,09,11,11,16,7
File,"pdfbox/src/main/java/org/apache/pdfbox/pdfwriter/compress/COSWriterCompressionPool.java",pdfbox/src/main/java/org/apache/pdfbox/pdfwriter/compress/COSWriterCompressionPool.java,2,2,4,1,20,0,12,8,,,,1,0,1,,11,11,6,11,,0,3,0,8,,297,24,162,47,74,113,,,69,97,47,61,,,,,6,6,15,5,,3,,0,70,29,29,44,19
File,"pdfbox/src/main/java/org/apache/pdfbox/pdfwriter/compress/COSWriterObjectStream.java",pdfbox/src/main/java/org/apache/pdfbox/pdfwriter/compress/COSWriterObjectStream.java,2,2,3,1,22,0,15,6,,,,1,0,0,,15,15,3,15,,0,11,0,4,,408,21,263,58,122,124,,,114,162,60,112,,,,,17,17,19,4,,2,,0,47,42,42,45,18
File,"pdfbox/src/main/java/org/apache/pdfbox/pdfwriter/compress/CompressParameters.java",pdfbox/src/main/java/org/apache/pdfbox/pdfwriter/compress/CompressParameters.java,1,1,1,1,10,0,5,5,,,,1,0,3,,4,4,1,4,,0,0,0,4,,76,7,28,10,9,41,,,10,16,10,8,,,,,2,2,2,1,,1,,1,46,5,5,5,4
File,"pdfbox/src/main/java/org/apache/pdfbox/pdmodel/DefaultResourceCache.java",pdfbox/src/main/java/org/apache/pdfbox/pdmodel/DefaultResourceCache.java,1,1,1,1,7,0,7,0,,,,1,0,0,,14,14,7,14,,0,0,0,14,,180,23,135,63,42,22,,,48,70,42,42,,,,,2,2,2,1,,1,,0,16,21,21,21,14
File,"pdfbox/src/main/java/org/apache/pdfbox/pdmodel/MissingResourceException.java",pdfbox/src/main/java/org/apache/pdfbox/pdmodel/MissingResourceException.java,1,1,1,1,4,0,4,0,,,,1,0,0,,1,1,0,1,,0,0,0,1,,31,3,9,4,1,19,,,3,5,4,1,,,,,1,1,1,1,,0,,2,11,1,1,1,1
File,"pdfbox/src/main/java/org/apache/pdfbox/pdmodel/PDAbstractContentStream.java",pdfbox/src/main/java/org/apache/pdfbox/pdmodel/PDAbstractContentStream.java,2,2,2,1,18,0,10,6,,,,1,0,1,,81,81,11,81,,1,4,14,62,,1661,143,945,178,444,574,,,381,559,182,404,,,,,9,9,9,1,,3,,0,61,168,168,195,81
File,"pdfbox/src/main/java/org/apache/pdfbox/pdmodel/PDAppearanceContentStream.java",pdfbox/src/main/java/org/apache/pdfbox/pdmodel/PDAppearanceContentStream.java,3,2,3,1,24,0,13,10,,,,1,0,0,,10,10,0,10,,0,0,0,10,,287,16,147,27,67,124,,,50,79,28,53,,,,,5,5,7,3,,2,,0,84,31,27,35,14
File,"pdfbox/src/main/java/org/apache/pdfbox/pdmodel/PDDestinationNameTreeNode.java",pdfbox/src/main/java/org/apache/pdfbox/pdmodel/PDDestinationNameTreeNode.java,1,1,1,1,8,0,5,2,,,,1,0,0,,4,4,0,4,,0,0,2,2,,71,5,34,16,7,32,,,14,20,14,6,,,,,2,2,2,1,,1,,0,94,5,5,5,4
File,"pdfbox/src/main/java/org/apache/pdfbox/pdmodel/PDDocument.java",pdfbox/src/main/java/org/apache/pdfbox/pdmodel/PDDocument.java,2,2,2,1,21,0,11,9,,,,1,0,2,,56,56,14,56,,1,8,0,47,,1408,112,730,201,329,570,,,303,433,201,292,,,,,11,11,14,4,,3,,0,78,120,120,135,70
File,"pdfbox/src/main/java/org/apache/pdfbox/pdmodel/PDDocumentCatalog.java",pdfbox/src/main/java/org/apache/pdfbox/pdmodel/PDDocumentCatalog.java,1,1,1,1,12,0,7,5,,,,1,0,1,,44,44,4,44,,0,0,2,42,,641,49,350,112,126,242,,,140,208,113,122,,,,,5,5,6,3,,3,,0,69,76,76,78,48
File,"pdfbox/src/main/java/org/apache/pdfbox/pdmodel/PDDocumentInformation.java",pdfbox/src/main/java/org/apache/pdfbox/pdmodel/PDDocumentInformation.java,1,1,1,1,10,0,4,5,,,,1,0,0,,25,25,1,25,,0,0,0,25,,317,30,125,36,34,162,,,36,65,36,30,,,,,2,2,5,1,,1,,1,30,27,27,30,25
File,"pdfbox/src/main/java/org/apache/pdfbox/pdmodel/PDDocumentNameDestinationDictionary.java",pdfbox/src/main/java/org/apache/pdfbox/pdmodel/PDDocumentNameDestinationDictionary.java,2,2,2,2,16,0,8,7,,,,1,0,0,,3,3,1,3,,0,0,0,3,,87,7,38,16,10,42,,,16,23,15,9,,,,,4,4,4,4,,2,,1,11,6,6,6,6
File,"pdfbox/src/main/java/org/apache/pdfbox/pdmodel/PDDocumentNameDictionary.java",pdfbox/src/main/java/org/apache/pdfbox/pdmodel/PDDocumentNameDictionary.java,1,1,1,1,12,0,5,6,,,,1,0,0,,9,9,2,9,,0,0,0,9,,151,11,62,21,21,78,,,25,37,20,21,,,,,3,3,3,1,,1,,1,26,14,14,14,9
File,"pdfbox/src/main/java/org/apache/pdfbox/pdmodel/PDEmbeddedFilesNameTreeNode.java",pdfbox/src/main/java/org/apache/pdfbox/pdmodel/PDEmbeddedFilesNameTreeNode.java,1,1,1,1,6,0,4,2,,,,1,0,0,,4,4,0,4,,0,0,2,2,,61,5,27,13,4,29,,,10,15,11,4,,,,,1,1,1,1,,0,,1,07,4,4,4,4
File,"pdfbox/src/main/java/org/apache/pdfbox/pdmodel/PDFormContentStream.java",pdfbox/src/main/java/org/apache/pdfbox/pdmodel/PDFormContentStream.java,1,1,1,1,11,0,4,7,,,,1,0,0,,1,1,0,1,,0,0,0,1,,39,3,10,5,1,26,,,4,6,5,1,,,,,1,1,1,1,,0,,2,60,1,1,1,1
File,"pdfbox/src/main/java/org/apache/pdfbox/pdmodel/PDJavascriptNameTreeNode.java",pdfbox/src/main/java/org/apache/pdfbox/pdmodel/PDJavascriptNameTreeNode.java,1,1,1,1,7,0,5,2,,,,1,0,0,,4,4,0,4,,0,0,2,2,,66,5,32,14,6,29,,,12,18,12,6,,,,,2,2,2,1,,1,,0,91,5,5,5,4
File,"pdfbox/src/main/java/org/apache/pdfbox/pdmodel/PDPage.java",pdfbox/src/main/java/org/apache/pdfbox/pdmodel/PDPage.java,1,1,2,1,13,0,8,4,,,,1,0,1,,50,49,4,49,,1,1,0,47,,796,55,482,138,188,259,,,189,280,136,179,,,,,6,6,7,4,,3,,0,54,97,97,100,62
File,"pdfbox/src/main/java/org/apache/pdfbox/pdmodel/PDPageContentStream.java",pdfbox/src/main/java/org/apache/pdfbox/pdmodel/PDPageContentStream.java,1,1,1,0,14,0,7,6,,,,2,0,1,,13,15,4,15,,0,1,0,14,,290,27,136,44,44,127,,,46,68,32,39,,,,,8,8,9,1,,3,,0,93,22,22,23,13
File,"pdfbox/src/main/java/org/apache/pdfbox/pdmodel/PDPageTree.java",pdfbox/src/main/java/org/apache/pdfbox/pdmodel/PDPageTree.java,2,2,2,1,17,0,13,4,,,,3,2,1,,28,26,8,28,,1,11,0,16,,585,47,402,93,181,138,,,152,223,94,163,,,,,10,10,10,8,,5,,0,34,71,71,74,46
File,"pdfbox/src/main/java/org/apache/pdfbox/pdmodel/PDPatternContentStream.java",pdfbox/src/main/java/org/apache/pdfbox/pdmodel/PDPatternContentStream.java,1,1,1,1,11,0,4,7,,,,1,0,0,,1,1,0,1,,0,0,0,1,,39,3,10,5,1,26,,,4,6,5,1,,,,,1,1,1,1,,0,,2,60,1,1,1,1
File,"pdfbox/src/main/java/org/apache/pdfbox/pdmodel/PDResources.java",pdfbox/src/main/java/org/apache/pdfbox/pdmodel/PDResources.java,2,2,2,1,15,0,9,5,,,,1,0,0,,45,45,3,45,,0,7,0,38,,809,65,477,118,194,267,,,165,265,117,183,,,,,9,9,11,7,,3,,0,56,101,101,123,76
File,"pdfbox/src/main/java/org/apache/pdfbox/pdmodel/PDStructureElementNameTreeNode.java",pdfbox/src/main/java/org/apache/pdfbox/pdmodel/PDStructureElementNameTreeNode.java,1,1,1,1,6,0,4,2,,,,1,0,0,,4,4,0,4,,0,0,2,2,,62,6,26,13,3,30,,,9,14,11,3,,,,,1,1,1,1,,0,,1,15,4,4,4,4
File,"pdfbox/src/main/java/org/apache/pdfbox/pdmodel/PageLayout.java",pdfbox/src/main/java/org/apache/pdfbox/pdmodel/PageLayout.java,1,1,1,1,4,0,3,0,,,,1,1,0,,3,4,7,5,,1,0,0,4,,80,12,31,13,6,37,,,8,14,8,6,,,,,3,3,3,3,,2,,1,19,5,5,5,5
File,"pdfbox/src/main/java/org/apache/pdfbox/pdmodel/PageMode.java",pdfbox/src/main/java/org/apache/pdfbox/pdmodel/PageMode.java,1,1,1,1,4,0,3,0,,,,1,1,0,,3,4,7,5,,1,0,0,4,,71,11,30,12,6,30,,,7,13,7,6,,,,,3,3,3,3,,2,,1,00,5,5,5,5
File,"pdfbox/src/main/java/org/apache/pdfbox/pdmodel/ResourceCache.java",pdfbox/src/main/java/org/apache/pdfbox/pdmodel/ResourceCache.java,0,0,0,0,0,0,0,0,,,,1,0,0,,14,14,0,14,,14,0,0,0,,107,16,27,25,0,64,,,24,25,25,0,,,,,0,0,0,0,,0,,2,37,0,0,0,0
File,"pdfbox/src/main/java/org/apache/pdfbox/pdmodel/common/COSArrayList.java",pdfbox/src/main/java/org/apache/pdfbox/pdmodel/common/COSArrayList.java,1,1,2,1,15,0,10,4,,,,1,1,0,,36,32,5,33,,0,1,0,32,,596,54,360,88,142,182,,,121,188,65,130,,,,,9,9,11,1,,4,,0,51,68,68,74,36
File,"pdfbox/src/main/java/org/apache/pdfbox/pdmodel/common/COSDictionaryMap.java",pdfbox/src/main/java/org/apache/pdfbox/pdmodel/common/COSDictionaryMap.java,1,1,1,1,11,0,7,3,,,,1,2,0,,19,16,2,18,,0,0,0,18,,271,24,159,59,52,88,,,58,86,45,44,,,,,9,9,9,1,,3,,0,55,28,28,28,19
File,"pdfbox/src/main/java/org/apache/pdfbox/pdmodel/common/COSObjectable.java",pdfbox/src/main/java/org/apache/pdfbox/pdmodel/common/COSObjectable.java,0,0,0,0,0,0,0,0,,,,1,0,0,,1,1,0,1,,1,0,0,0,,34,2,6,4,0,26,,,3,4,4,0,,,,,0,0,0,0,,0,,4,33,0,0,0,0
File,"pdfbox/src/main/java/org/apache/pdfbox/pdmodel/common/PDDestinationOrAction.java",pdfbox/src/main/java/org/apache/pdfbox/pdmodel/common/PDDestinationOrAction.java,0,0,0,0,0,0,0,0,,,,1,0,0,,0,0,0,0,,0,0,0,0,,29,2,4,2,0,23,,,1,2,2,0,,,,,0,0,0,0,,0,,5,75,0,0,0,0
File,"pdfbox/src/main/java/org/apache/pdfbox/pdmodel/common/PDDictionaryWrapper.java",pdfbox/src/main/java/org/apache/pdfbox/pdmodel/common/PDDictionaryWrapper.java,1,1,1,1,8,0,6,2,,,,1,0,0,,5,5,1,5,,0,0,0,5,,79,9,37,12,9,33,,,10,18,9,9,,,,,3,3,3,3,,1,,0,89,7,7,7,7
File,"pdfbox/src/main/java/org/apache/pdfbox/pdmodel/common/PDImmutableRectangle.java",pdfbox/src/main/java/org/apache/pdfbox/pdmodel/common/PDImmutableRectangle.java,1,1,1,1,8,0,4,3,,,,1,0,0,,5,5,0,5,,0,0,0,5,,71,6,28,11,5,37,,,6,12,7,5,,,,,1,1,1,1,,0,,1,32,5,5,5,5
File,"pdfbox/src/main/java/org/apache/pdfbox/pdmodel/common/PDMetadata.java",pdfbox/src/main/java/org/apache/pdfbox/pdmodel/common/PDMetadata.java,1,1,1,1,12,0,5,6,,,,1,0,0,,5,5,0,5,,0,0,0,5,,102,10,38,14,10,54,,,16,23,13,10,,,,,1,1,1,1,,1,,1,42,5,5,5,5
File,"pdfbox/src/main/java/org/apache/pdfbox/pdmodel/common/PDNameTreeNode.java",pdfbox/src/main/java/org/apache/pdfbox/pdmodel/common/PDNameTreeNode.java,2,2,2,1,18,0,13,5,,,,1,0,1,,19,18,2,18,,0,3,4,11,,396,23,249,69,118,124,,,111,151,72,105,,,,,5,5,9,5,,4,,0,50,39,39,46,21
File,"pdfbox/src/main/java/org/apache/pdfbox/pdmodel/common/PDNumberTreeNode.java",pdfbox/src/main/java/org/apache/pdfbox/pdmodel/common/PDNumberTreeNode.java,2,2,3,1,21,0,14,6,,,,1,0,1,,14,14,2,14,,0,2,2,10,,356,19,226,61,110,111,,,104,142,64,98,,,,,6,6,7,4,,3,,0,49,38,38,43,17
File,"pdfbox/src/main/java/org/apache/pdfbox/pdmodel/common/PDObjectStream.java",pdfbox/src/main/java/org/apache/pdfbox/pdmodel/common/PDObjectStream.java,1,1,1,1,9,0,4,5,,,,1,1,0,,9,8,0,9,,0,0,0,9,,131,14,47,17,13,70,,,17,27,17,13,,,,,2,2,2,1,,0,,1,49,10,10,10,9
File,"pdfbox/src/main/java/org/apache/pdfbox/pdmodel/common/PDPageLabelRange.java",pdfbox/src/main/java/org/apache/pdfbox/pdmodel/common/PDPageLabelRange.java,1,1,1,1,12,0,6,5,,,,1,0,8,,9,9,1,9,,0,0,0,9,,185,19,71,23,26,95,,,24,37,22,15,,,,,2,2,2,1,,1,,1,34,12,12,12,9
File,"pdfbox/src/main/java/org/apache/pdfbox/pdmodel/common/PDPageLabels.java",pdfbox/src/main/java/org/apache/pdfbox/pdmodel/common/PDPageLabels.java,2,1,2,1,15,0,10,5,,,,3,2,1,,23,17,5,19,,2,5,0,12,,423,27,255,79,118,141,,,110,152,74,101,,,,,7,5,7,7,,3,,0,55,46,42,47,28
File,"pdfbox/src/main/java/org/apache/pdfbox/pdmodel/common/PDRange.java",pdfbox/src/main/java/org/apache/pdfbox/pdmodel/common/PDRange.java,1,1,1,1,9,0,4,5,,,,1,0,0,,10,10,2,10,,0,0,0,10,,142,13,58,22,16,71,,,23,34,20,16,,,,,1,1,1,1,,0,,1,22,10,10,10,10
File,"pdfbox/src/main/java/org/apache/pdfbox/pdmodel/common/PDRectangle.java",pdfbox/src/main/java/org/apache/pdfbox/pdmodel/common/PDRectangle.java,1,1,1,1,11,0,6,5,,,,1,0,11,,22,22,1,22,,0,0,0,22,,361,37,172,78,81,153,,,88,111,65,75,,,,,1,1,4,1,,0,,0,89,22,22,25,22
File,"pdfbox/src/main/java/org/apache/pdfbox/pdmodel/common/PDStream.java",pdfbox/src/main/java/org/apache/pdfbox/pdmodel/common/PDStream.java,1,1,1,1,13,0,7,5,,,,1,0,1,,30,30,1,30,,0,2,0,28,,478,37,248,77,87,193,,,96,143,78,80,,,,,5,5,5,3,,3,,0,78,43,43,44,38
File,"pdfbox/src/main/java/org/apache/pdfbox/pdmodel/common/PDTypedDictionaryWrapper.java",pdfbox/src/main/java/org/apache/pdfbox/pdmodel/common/PDTypedDictionaryWrapper.java,1,1,1,1,9,0,4,5,,,,1,0,0,,3,3,0,3,,0,0,0,3,,65,7,19,7,4,39,,,7,11,7,4,,,,,1,1,1,1,,0,,2,05,3,3,3,3
File,"pdfbox/src/main/java/org/apache/pdfbox/pdmodel/common/filespecification/PDComplexFileSpecification.java",pdfbox/src/main/java/org/apache/pdfbox/pdmodel/common/filespecification/PDComplexFileSpecification.java,1,1,1,1,12,0,7,5,,,,1,0,0,,24,24,2,24,,0,2,0,22,,359,28,187,44,68,144,,,58,99,41,67,,,,,5,5,5,1,,1,,0,77,40,40,43,24
File,"pdfbox/src/main/java/org/apache/pdfbox/pdmodel/common/filespecification/PDEmbeddedFile.java",pdfbox/src/main/java/org/apache/pdfbox/pdmodel/common/filespecification/PDEmbeddedFile.java,1,1,1,1,10,0,5,4,,,,1,0,0,,20,20,0,20,,0,0,0,20,,269,26,125,36,41,118,,,44,71,36,41,,,,,3,3,4,1,,1,,0,94,29,29,32,20
File,"pdfbox/src/main/java/org/apache/pdfbox/pdmodel/common/filespecification/PDFileSpecification.java",pdfbox/src/main/java/org/apache/pdfbox/pdmodel/common/filespecification/PDFileSpecification.java,4,4,4,1,31,0,20,11,,,,1,1,0,,3,2,0,3,,0,0,0,3,,80,7,31,11,9,42,,,13,18,11,7,,,,,4,4,4,1,,1,,1,35,4,4,4,1
File,"pdfbox/src/main/java/org/apache/pdfbox/pdmodel/common/filespecification/PDSimpleFileSpecification.java",pdfbox/src/main/java/org/apache/pdfbox/pdmodel/common/filespecification/PDSimpleFileSpecification.java,1,1,1,1,9,0,4,4,,,,1,0,0,,5,5,1,5,,0,0,0,5,,83,8,30,13,5,45,,,9,15,10,5,,,,,1,1,1,1,,0,,1,50,5,5,5,5
File,"pdfbox/src/main/java/org/apache/pdfbox/pdmodel/common/function/PDFunction.java",pdfbox/src/main/java/org/apache/pdfbox/pdmodel/common/function/PDFunction.java,2,2,2,1,17,0,10,6,,,,1,1,0,,18,17,6,18,,0,1,5,12,,362,24,185,50,80,153,,,71,104,49,62,,,,,9,6,9,6,,2,,0,83,36,33,37,23
File,"pdfbox/src/main/java/org/apache/pdfbox/pdmodel/common/function/PDFunctionType0.java",pdfbox/src/main/java/org/apache/pdfbox/pdmodel/common/function/PDFunctionType0.java,2,2,2,1,19,0,13,6,,,,2,0,1,,18,18,9,18,,2,5,0,11,,468,31,264,78,130,174,,,139,185,87,123,,,,,7,7,7,4,,5,,0,66,43,43,45,21
File,"pdfbox/src/main/java/org/apache/pdfbox/pdmodel/common/function/PDFunctionType2.java",pdfbox/src/main/java/org/apache/pdfbox/pdmodel/common/function/PDFunctionType2.java,1,1,1,1,15,0,9,4,,,,1,0,0,,7,7,3,7,,0,0,0,7,,160,15,82,27,31,64,,,33,46,25,27,,,,,5,5,5,1,,1,,0,78,12,12,12,7
File,"pdfbox/src/main/java/org/apache/pdfbox/pdmodel/common/function/PDFunctionType3.java",pdfbox/src/main/java/org/apache/pdfbox/pdmodel/common/function/PDFunctionType3.java,2,2,2,1,19,0,13,6,,,,1,0,0,,7,7,5,7,,0,1,0,6,,183,13,106,33,52,64,,,50,68,33,41,,,,,8,8,11,4,,3,,0,60,17,17,20,10
File,"pdfbox/src/main/java/org/apache/pdfbox/pdmodel/common/function/PDFunctionType4.java",pdfbox/src/main/java/org/apache/pdfbox/pdmodel/common/function/PDFunctionType4.java,2,2,2,1,20,1,13,5,,,,1,0,1,,3,3,1,3,,0,0,0,3,,104,11,55,26,25,38,,,33,40,26,23,,,,,4,4,4,1,,1,,0,69,6,6,6,3
File,"pdfbox/src/main/java/org/apache/pdfbox/pdmodel/common/function/PDFunctionTypeIdentity.java",pdfbox/src/main/java/org/apache/pdfbox/pdmodel/common/function/PDFunctionTypeIdentity.java,1,1,1,1,6,0,4,1,,,,1,0,0,,5,5,0,5,,0,0,1,4,,66,9,31,14,5,26,,,9,15,10,5,,,,,1,1,1,1,,0,,0,84,5,5,5,5
File,"pdfbox/src/main/java/org/apache/pdfbox/pdmodel/common/function/type4/ArithmeticOperators.java",pdfbox/src/main/java/org/apache/pdfbox/pdmodel/common/function/type4/ArithmeticOperators.java,1,1,1,1,11,0,11,0,,,,22,0,0,,22,22,0,22,,0,1,0,21,,405,46,317,108,106,42,,,80,139,87,93,,,,,3,3,5,1,,2,,0,13,37,37,43,22
File,"pdfbox/src/main/java/org/apache/pdfbox/pdmodel/common/function/type4/BitwiseOperators.java",pdfbox/src/main/java/org/apache/pdfbox/pdmodel/common/function/type4/BitwiseOperators.java,1,1,1,1,9,0,9,0,,,,9,0,0,,14,14,0,14,,0,1,8,5,,197,28,140,58,46,29,,,42,68,47,34,,,,,3,3,5,1,,1,,0,21,17,17,21,12
File,"pdfbox/src/main/java/org/apache/pdfbox/pdmodel/common/function/type4/ConditionalOperators.java",pdfbox/src/main/java/org/apache/pdfbox/pdmodel/common/function/type4/ConditionalOperators.java,1,1,1,1,10,0,10,0,,,,3,0,0,,3,3,0,3,,0,1,0,2,,72,8,41,17,13,23,,,12,20,15,12,,,,,2,2,2,1,,1,,0,56,5,5,5,3
File,"pdfbox/src/main/java/org/apache/pdfbox/pdmodel/common/function/type4/ExecutionContext.java",pdfbox/src/main/java/org/apache/pdfbox/pdmodel/common/function/type4/ExecutionContext.java,1,1,1,1,8,0,4,4,,,,1,0,0,,6,6,2,6,,0,0,0,6,,88,10,31,11,7,47,,,10,17,11,7,,,,,1,1,1,1,,0,,1,52,6,6,6,6
File,"pdfbox/src/main/java/org/apache/pdfbox/pdmodel/common/function/type4/InstructionSequence.java",pdfbox/src/main/java/org/apache/pdfbox/pdmodel/common/function/type4/InstructionSequence.java,1,1,1,1,12,0,8,4,,,,1,0,0,,6,6,1,6,,0,0,0,6,,112,11,56,15,20,45,,,17,29,16,17,,,,,5,5,6,1,,3,,0,80,10,10,11,6
File,"pdfbox/src/main/java/org/apache/pdfbox/pdmodel/common/function/type4/InstructionSequenceBuilder.java",pdfbox/src/main/java/org/apache/pdfbox/pdmodel/common/function/type4/InstructionSequenceBuilder.java,1,1,1,1,10,0,7,2,,,,1,3,2,,8,5,2,8,,0,3,0,5,,129,15,72,22,30,42,,,29,42,21,29,,,,,5,5,5,5,,2,,0,58,12,12,12,12
File,"pdfbox/src/main/java/org/apache/pdfbox/pdmodel/common/function/type4/Operator.java",pdfbox/src/main/java/org/apache/pdfbox/pdmodel/common/function/type4/Operator.java,0,0,0,0,0,0,0,0,,,,1,0,0,,1,1,0,1,,1,0,0,0,,32,3,5,3,0,24,,,2,3,3,0,,,,,0,0,0,0,,0,,4,80,0,0,0,0
File,"pdfbox/src/main/java/org/apache/pdfbox/pdmodel/common/function/type4/Operators.java",pdfbox/src/main/java/org/apache/pdfbox/pdmodel/common/function/type4/Operators.java,1,1,1,1,30,1,24,4,,,,1,0,42,,2,2,1,2,,0,0,0,2,,141,13,97,48,86,31,,,88,91,48,86,,,,,1,1,1,1,,0,,0,32,2,2,2,2
File,"pdfbox/src/main/java/org/apache/pdfbox/pdmodel/common/function/type4/Parser.java",pdfbox/src/main/java/org/apache/pdfbox/pdmodel/common/function/type4/Parser.java,2,1,2,1,11,0,10,1,,,,5,1,7,,20,21,9,22,,4,12,0,6,,319,30,223,48,118,74,,,75,109,44,72,,,,,13,4,13,4,,2,,0,33,50,29,51,23
File,"pdfbox/src/main/java/org/apache/pdfbox/pdmodel/common/function/type4/RelationalOperators.java",pdfbox/src/main/java/org/apache/pdfbox/pdmodel/common/function/type4/RelationalOperators.java,1,1,1,1,7,0,7,0,,,,8,0,0,,10,10,0,10,,0,1,7,2,,144,25,91,41,25,28,,,27,45,34,20,,,,,2,2,3,1,,1,,0,31,10,10,11,9
File,"pdfbox/src/main/java/org/apache/pdfbox/pdmodel/common/function/type4/StackOperators.java",pdfbox/src/main/java/org/apache/pdfbox/pdmodel/common/function/type4/StackOperators.java,2,2,2,1,14,0,13,0,,,,7,0,0,,7,7,0,7,,0,1,0,6,,166,17,119,44,47,31,,,48,71,41,47,,,,,8,8,8,1,,2,,0,26,16,16,16,7
File,"pdfbox/src/main/java/org/apache/pdfbox/pdmodel/documentinterchange/logicalstructure/PDAttributeObject.java",pdfbox/src/main/java/org/apache/pdfbox/pdmodel/documentinterchange/logicalstructure/PDAttributeObject.java,2,1,2,1,13,0,7,5,,,,1,3,0,,14,11,1,14,,0,2,6,6,,237,19,125,30,50,93,,,43,67,31,39,,,,,14,3,14,8,,2,,0,74,34,23,35,21
File,"pdfbox/src/main/java/org/apache/pdfbox/pdmodel/documentinterchange/logicalstructure/PDDefaultAttributeObject.java",pdfbox/src/main/java/org/apache/pdfbox/pdmodel/documentinterchange/logicalstructure/PDDefaultAttributeObject.java,1,1,1,1,10,0,6,4,,,,1,0,0,,8,7,0,7,,0,0,1,6,,127,12,62,23,24,53,,,24,35,21,20,,,,,3,3,3,1,,2,,0,85,11,11,11,8
File,"pdfbox/src/main/java/org/apache/pdfbox/pdmodel/documentinterchange/logicalstructure/PDMarkInfo.java",pdfbox/src/main/java/org/apache/pdfbox/pdmodel/documentinterchange/logicalstructure/PDMarkInfo.java,1,1,1,1,9,0,4,5,,,,1,0,0,,9,9,1,9,,0,0,0,9,,124,11,44,15,9,69,,,13,23,14,9,,,,,1,1,1,1,,0,,1,57,9,9,9,9
File,"pdfbox/src/main/java/org/apache/pdfbox/pdmodel/documentinterchange/logicalstructure/PDMarkedContentReference.java",pdfbox/src/main/java/org/apache/pdfbox/pdmodel/documentinterchange/logicalstructure/PDMarkedContentReference.java,1,1,1,1,8,0,4,3,,,,1,0,1,,8,8,1,8,,0,0,0,8,,111,13,46,19,11,52,,,17,26,17,10,,,,,2,2,2,1,,0,,1,13,9,9,9,8
File,"pdfbox/src/main/java/org/apache/pdfbox/pdmodel/documentinterchange/logicalstructure/PDObjectReference.java",pdfbox/src/main/java/org/apache/pdfbox/pdmodel/documentinterchange/logicalstructure/PDObjectReference.java,1,1,2,1,15,0,8,6,,,,1,0,2,,6,6,1,6,,0,0,0,6,,149,13,69,25,23,68,,,28,40,24,20,,,,,6,6,7,6,,3,,0,99,11,11,12,11
File,"pdfbox/src/main/java/org/apache/pdfbox/pdmodel/documentinterchange/logicalstructure/PDParentTreeValue.java",pdfbox/src/main/java/org/apache/pdfbox/pdmodel/documentinterchange/logicalstructure/PDParentTreeValue.java,1,1,1,1,4,0,4,0,,,,1,0,0,,4,4,1,4,,0,0,0,4,,55,6,27,13,4,22,,,10,15,11,4,,,,,1,1,1,1,,0,,0,81,4,4,4,4
File,"pdfbox/src/main/java/org/apache/pdfbox/pdmodel/documentinterchange/logicalstructure/PDStructureElement.java",pdfbox/src/main/java/org/apache/pdfbox/pdmodel/documentinterchange/logicalstructure/PDStructureElement.java,2,2,2,1,15,0,9,5,,,,1,0,1,,44,44,0,44,,0,2,0,42,,750,51,451,112,202,248,,,174,263,114,182,,,,,7,7,7,3,,4,,0,55,90,90,94,46
File,"pdfbox/src/main/java/org/apache/pdfbox/pdmodel/documentinterchange/logicalstructure/PDStructureNode.java",pdfbox/src/main/java/org/apache/pdfbox/pdmodel/documentinterchange/logicalstructure/PDStructureNode.java,2,2,3,1,19,0,13,6,,,,1,1,0,,18,17,1,18,,0,1,9,8,,418,23,263,57,121,132,,,92,144,57,106,,,,,7,7,9,5,,3,,0,50,52,50,56,32
File,"pdfbox/src/main/java/org/apache/pdfbox/pdmodel/documentinterchange/logicalstructure/PDStructureTreeRoot.java",pdfbox/src/main/java/org/apache/pdfbox/pdmodel/documentinterchange/logicalstructure/PDStructureTreeRoot.java,1,1,1,1,10,0,5,5,,,,1,0,2,,12,12,0,12,,0,0,0,12,,185,17,82,32,24,86,,,34,49,32,22,,,,,3,3,3,3,,2,,1,05,16,16,16,14
File,"pdfbox/src/main/java/org/apache/pdfbox/pdmodel/documentinterchange/logicalstructure/PDUserAttributeObject.java",pdfbox/src/main/java/org/apache/pdfbox/pdmodel/documentinterchange/logicalstructure/PDUserAttributeObject.java,1,1,1,1,10,0,6,3,,,,1,0,1,,8,8,0,8,,0,0,0,8,,134,16,64,22,22,54,,,25,39,23,21,,,,,3,3,3,1,,1,,0,84,12,12,12,8
File,"pdfbox/src/main/java/org/apache/pdfbox/pdmodel/documentinterchange/logicalstructure/PDUserProperty.java",pdfbox/src/main/java/org/apache/pdfbox/pdmodel/documentinterchange/logicalstructure/PDUserProperty.java,1,1,1,1,11,0,7,4,,,,1,0,0,,15,15,1,15,,0,2,0,13,,226,22,116,29,42,88,,,36,60,25,36,,,,,7,7,7,7,,2,,0,76,24,24,24,21
File,"pdfbox/src/main/java/org/apache/pdfbox/pdmodel/documentinterchange/logicalstructure/Revisions.java",pdfbox/src/main/java/org/apache/pdfbox/pdmodel/documentinterchange/logicalstructure/Revisions.java,1,1,1,1,10,0,6,4,,,,1,0,0,,9,9,2,9,,0,2,1,6,,138,13,67,18,21,58,,,22,37,18,21,,,,,3,3,3,1,,2,,0,87,14,14,14,9
File,"pdfbox/src/main/java/org/apache/pdfbox/pdmodel/documentinterchange/markedcontent/PDMarkedContent.java",pdfbox/src/main/java/org/apache/pdfbox/pdmodel/documentinterchange/markedcontent/PDMarkedContent.java,1,1,1,1,10,0,5,5,,,,1,1,0,,14,13,3,14,,0,0,0,14,,201,23,84,27,25,94,,,28,44,26,18,,,,,2,2,2,1,,1,,1,12,21,21,21,14
File,"pdfbox/src/main/java/org/apache/pdfbox/pdmodel/documentinterchange/markedcontent/PDPropertyList.java",pdfbox/src/main/java/org/apache/pdfbox/pdmodel/documentinterchange/markedcontent/PDPropertyList.java,1,1,1,1,9,0,7,2,,,,1,1,0,,4,3,1,4,,0,0,2,2,,75,6,38,13,9,31,,,13,20,12,8,,,,,3,3,3,3,,1,,0,82,6,6,6,6
File,"pdfbox/src/main/java/org/apache/pdfbox/pdmodel/documentinterchange/prepress/PDBoxStyle.java",pdfbox/src/main/java/org/apache/pdfbox/pdmodel/documentinterchange/prepress/PDBoxStyle.java,1,1,1,1,12,0,6,5,,,,1,0,2,,11,11,1,11,,0,0,0,11,,192,14,88,30,33,90,,,39,55,29,29,,,,,2,2,2,1,,1,,1,02,15,15,15,11
File,"pdfbox/src/main/java/org/apache/pdfbox/pdmodel/documentinterchange/taggedpdf/PDArtifactMarkedContent.java",pdfbox/src/main/java/org/apache/pdfbox/pdmodel/documentinterchange/taggedpdf/PDArtifactMarkedContent.java,1,1,1,1,10,0,5,5,,,,1,0,0,,9,9,0,9,,0,1,0,8,,139,14,57,18,15,68,,,20,33,19,16,,,,,4,4,4,4,,3,,1,19,13,13,13,12
File,"pdfbox/src/main/java/org/apache/pdfbox/pdmodel/documentinterchange/taggedpdf/PDExportFormatAttributeObject.java",pdfbox/src/main/java/org/apache/pdfbox/pdmodel/documentinterchange/taggedpdf/PDExportFormatAttributeObject.java,1,1,1,1,12,0,5,6,,,,1,0,7,,15,15,0,15,,0,0,0,15,,264,22,99,27,36,143,,,31,53,26,28,,,,,7,7,7,1,,1,,1,44,21,21,21,15
File,"pdfbox/src/main/java/org/apache/pdfbox/pdmodel/documentinterchange/taggedpdf/PDFourColours.java",pdfbox/src/main/java/org/apache/pdfbox/pdmodel/documentinterchange/taggedpdf/PDFourColours.java,1,1,1,1,10,0,6,4,,,,1,0,0,,13,13,1,13,,0,2,0,11,,186,20,89,25,28,77,,,33,51,25,28,,,,,3,3,3,1,,2,,0,87,17,17,17,13
File,"pdfbox/src/main/java/org/apache/pdfbox/pdmodel/documentinterchange/taggedpdf/PDLayoutAttributeObject.java",pdfbox/src/main/java/org/apache/pdfbox/pdmodel/documentinterchange/taggedpdf/PDLayoutAttributeObject.java,1,1,1,1,13,0,6,6,,,,1,0,87,,94,94,0,94,,0,0,0,94,,1687,102,687,202,300,898,,,247,382,200,193,,,,,40,40,40,1,,2,,1,31,135,135,135,94
File,"pdfbox/src/main/java/org/apache/pdfbox/pdmodel/documentinterchange/taggedpdf/PDListAttributeObject.java",pdfbox/src/main/java/org/apache/pdfbox/pdmodel/documentinterchange/taggedpdf/PDListAttributeObject.java,1,1,1,1,11,0,5,6,,,,1,0,11,,5,5,0,5,,0,0,0,5,,139,14,42,21,19,83,,,20,27,20,8,,,,,2,2,2,1,,1,,1,98,6,6,6,5
File,"pdfbox/src/main/java/org/apache/pdfbox/pdmodel/documentinterchange/taggedpdf/PDPrintFieldAttributeObject.java",pdfbox/src/main/java/org/apache/pdfbox/pdmodel/documentinterchange/taggedpdf/PDPrintFieldAttributeObject.java,1,1,1,1,11,0,5,5,,,,1,0,11,,9,9,0,9,,0,0,0,9,,177,17,66,25,27,94,,,26,39,24,16,,,,,4,4,4,1,,1,,1,42,12,12,12,9
File,"pdfbox/src/main/java/org/apache/pdfbox/pdmodel/documentinterchange/taggedpdf/PDStandardAttributeObject.java",pdfbox/src/main/java/org/apache/pdfbox/pdmodel/documentinterchange/taggedpdf/PDStandardAttributeObject.java,1,1,1,1,15,0,9,6,,,,1,0,1,,25,25,0,25,,0,0,22,3,,447,30,239,75,110,178,,,106,155,80,109,,,,,6,6,6,4,,3,,0,74,47,47,47,35
File,"pdfbox/src/main/java/org/apache/pdfbox/pdmodel/documentinterchange/taggedpdf/PDTableAttributeObject.java",pdfbox/src/main/java/org/apache/pdfbox/pdmodel/documentinterchange/taggedpdf/PDTableAttributeObject.java,1,1,1,1,11,0,5,6,,,,1,0,9,,13,13,0,13,,0,0,0,13,,220,21,88,27,33,111,,,30,49,26,24,,,,,6,6,6,1,,1,,1,26,18,18,18,13
File,"pdfbox/src/main/java/org/apache/pdfbox/pdmodel/documentinterchange/taggedpdf/StandardStructureTypes.java",pdfbox/src/main/java/org/apache/pdfbox/pdmodel/documentinterchange/taggedpdf/StandardStructureTypes.java,1,1,1,1,3,0,3,0,,,,1,0,51,,1,1,0,1,,0,1,0,0,,320,58,84,63,59,178,,,63,69,63,9,,,,,1,1,1,1,,0,,2,12,1,1,1,1
File,"pdfbox/src/main/java/org/apache/pdfbox/pdmodel/encryption/AccessPermission.java",pdfbox/src/main/java/org/apache/pdfbox/pdmodel/encryption/AccessPermission.java,1,1,1,1,12,0,6,6,,,,1,1,9,,28,27,2,28,,0,2,1,25,,462,42,204,43,87,217,,,69,111,44,68,,,,,4,4,8,4,,1,,1,06,41,41,48,31
File,"pdfbox/src/main/java/org/apache/pdfbox/pdmodel/encryption/DecryptionMaterial.java",pdfbox/src/main/java/org/apache/pdfbox/pdmodel/encryption/DecryptionMaterial.java,0,0,0,0,0,0,0,0,,,,1,0,0,,0,0,0,0,,0,0,0,0,,29,2,4,2,0,23,,,1,2,2,0,,,,,0,0,0,0,,0,,5,75,0,0,0,0
File,"pdfbox/src/main/java/org/apache/pdfbox/pdmodel/encryption/InvalidPasswordException.java",pdfbox/src/main/java/org/apache/pdfbox/pdmodel/encryption/InvalidPasswordException.java,1,1,1,1,8,0,4,4,,,,1,0,0,,1,1,0,1,,1,0,0,0,,35,2,9,4,1,24,,,3,5,4,1,,,,,1,1,1,1,,0,,2,67,1,1,1,1
File,"pdfbox/src/main/java/org/apache/pdfbox/pdmodel/encryption/MessageDigests.java",pdfbox/src/main/java/org/apache/pdfbox/pdmodel/encryption/MessageDigests.java,1,1,1,1,12,0,9,3,,,,1,3,0,,4,1,0,4,,3,1,0,0,,79,5,42,8,12,32,,,9,17,8,9,,,,,2,2,2,1,,1,,0,76,7,7,7,4
File,"pdfbox/src/main/java/org/apache/pdfbox/pdmodel/encryption/PDCryptFilterDictionary.java",pdfbox/src/main/java/org/apache/pdfbox/pdmodel/encryption/PDCryptFilterDictionary.java,1,1,1,1,10,0,4,5,,,,1,0,0,,9,9,1,9,,0,0,0,9,,138,14,52,19,13,72,,,18,29,18,12,,,,,2,2,2,1,,1,,1,38,10,10,10,9
File,"pdfbox/src/main/java/org/apache/pdfbox/pdmodel/encryption/PDEncryption.java",pdfbox/src/main/java/org/apache/pdfbox/pdmodel/encryption/PDEncryption.java,1,1,1,1,11,0,5,5,,,,1,0,8,,43,43,2,43,,0,0,0,43,,610,51,259,81,97,303,,,96,151,81,84,,,,,3,3,3,3,,2,,1,17,55,55,55,45
File,"pdfbox/src/main/java/org/apache/pdfbox/pdmodel/encryption/ProtectionPolicy.java",pdfbox/src/main/java/org/apache/pdfbox/pdmodel/encryption/ProtectionPolicy.java,1,1,1,1,12,0,5,7,,,,1,0,1,,4,4,2,4,,0,0,0,4,,89,8,27,9,9,54,,,9,15,9,6,,,,,2,2,4,1,,1,,2,00,5,5,7,4
File,"pdfbox/src/main/java/org/apache/pdfbox/pdmodel/encryption/PublicKeyDecryptionMaterial.java",pdfbox/src/main/java/org/apache/pdfbox/pdmodel/encryption/PublicKeyDecryptionMaterial.java,2,2,2,2,20,0,13,6,,,,1,0,0,,4,4,3,4,,0,0,0,4,,136,11,69,20,25,56,,,27,37,20,21,,,,,5,5,5,5,,3,,0,81,10,10,10,10
File,"pdfbox/src/main/java/org/apache/pdfbox/pdmodel/encryption/PublicKeyProtectionPolicy.java",pdfbox/src/main/java/org/apache/pdfbox/pdmodel/encryption/PublicKeyProtectionPolicy.java,1,1,1,1,8,0,3,4,,,,1,0,0,,7,7,2,7,,0,0,0,7,,127,10,37,15,7,80,,,13,21,15,7,,,,,1,1,1,1,,0,,2,16,7,7,7,7
File,"pdfbox/src/main/java/org/apache/pdfbox/pdmodel/encryption/PublicKeyRecipient.java",pdfbox/src/main/java/org/apache/pdfbox/pdmodel/encryption/PublicKeyRecipient.java,1,1,1,1,9,0,4,5,,,,1,0,0,,4,4,2,4,,0,0,0,4,,74,7,23,9,4,44,,,8,13,9,4,,,,,1,1,1,1,,0,,1,91,4,4,4,4
File,"pdfbox/src/main/java/org/apache/pdfbox/pdmodel/encryption/PublicKeySecurityHandler.java",pdfbox/src/main/java/org/apache/pdfbox/pdmodel/encryption/PublicKeySecurityHandler.java,4,4,5,1,51,5,39,6,,,,1,0,3,,9,9,0,9,,0,5,0,4,,557,65,412,149,230,80,,,239,287,144,187,,,,,20,20,26,5,,5,,0,19,43,42,49,13
File,"pdfbox/src/main/java/org/apache/pdfbox/pdmodel/encryption/RC4Cipher.java",pdfbox/src/main/java/org/apache/pdfbox/pdmodel/encryption/RC4Cipher.java,1,1,2,1,15,0,8,7,,,,1,2,0,,8,6,3,8,,1,2,0,5,,166,13,76,22,29,77,,,37,53,26,27,,,,,4,4,5,1,,1,,1,01,15,15,16,8
File,"pdfbox/src/main/java/org/apache/pdfbox/pdmodel/encryption/SaslPrep.java",pdfbox/src/main/java/org/apache/pdfbox/pdmodel/encryption/SaslPrep.java,1,1,8,1,18,0,12,6,,,,1,15,0,,16,1,0,16,,3,13,0,0,,344,27,201,33,129,116,,,44,70,34,41,,,,,10,10,36,1,,2,,0,58,25,25,141,16
File,"pdfbox/src/main/java/org/apache/pdfbox/pdmodel/encryption/SecurityHandler.java",pdfbox/src/main/java/org/apache/pdfbox/pdmodel/encryption/SecurityHandler.java,2,2,2,1,18,0,11,7,,,,1,0,3,,37,37,11,37,,0,10,10,17,,813,65,435,120,183,317,,,171,249,116,160,,,,,8,8,11,6,,3,,0,73,75,75,84,52
File,"pdfbox/src/main/java/org/apache/pdfbox/pdmodel/encryption/SecurityHandlerFactory.java",pdfbox/src/main/java/org/apache/pdfbox/pdmodel/encryption/SecurityHandlerFactory.java,1,1,1,1,16,0,11,4,,,,1,0,1,,5,5,2,5,,0,2,0,3,,138,14,69,26,29,55,,,26,36,21,21,,,,,2,2,2,1,,1,,0,80,9,9,9,5
File,"pdfbox/src/main/java/org/apache/pdfbox/pdmodel/encryption/SecurityProvider.java",pdfbox/src/main/java/org/apache/pdfbox/pdmodel/encryption/SecurityProvider.java,1,1,1,1,13,0,8,4,,,,1,2,1,,3,1,0,3,,0,1,0,2,,72,5,34,11,12,33,,,10,16,10,7,,,,,3,3,3,1,,2,,0,97,5,5,5,3
File,"pdfbox/src/main/java/org/apache/pdfbox/pdmodel/encryption/StandardDecryptionMaterial.java",pdfbox/src/main/java/org/apache/pdfbox/pdmodel/encryption/StandardDecryptionMaterial.java,1,1,1,1,9,0,4,5,,,,1,0,0,,2,2,1,2,,0,0,0,2,,57,8,13,5,2,36,,,4,7,5,2,,,,,1,1,1,1,,0,,2,77,2,2,2,2
File,"pdfbox/src/main/java/org/apache/pdfbox/pdmodel/encryption/StandardProtectionPolicy.java",pdfbox/src/main/java/org/apache/pdfbox/pdmodel/encryption/StandardProtectionPolicy.java,1,1,1,1,9,0,4,4,,,,1,0,0,,7,7,3,7,,0,0,0,7,,113,8,40,15,11,65,,,13,21,12,9,,,,,1,1,1,1,,0,,1,62,7,7,7,7
File,"pdfbox/src/main/java/org/apache/pdfbox/pdmodel/encryption/StandardSecurityHandler.java",pdfbox/src/main/java/org/apache/pdfbox/pdmodel/encryption/StandardSecurityHandler.java,3,3,4,1,35,2,26,6,,,,1,6,5,,31,25,0,31,,0,19,0,12,,1225,122,863,225,505,242,,,398,509,188,400,,,,,19,19,23,5,,5,,0,28,116,112,144,37
File,"pdfbox/src/main/java/org/apache/pdfbox/pdmodel/fdf/FDFAnnotation.java",pdfbox/src/main/java/org/apache/pdfbox/pdmodel/fdf/FDFAnnotation.java,2,2,2,1,15,0,9,5,,,,1,1,11,,55,54,1,55,,0,1,1,53,,1005,74,589,139,276,342,,,234,345,142,240,,,,,33,21,41,4,,4,,0,58,123,111,131,58
File,"pdfbox/src/main/java/org/apache/pdfbox/pdmodel/fdf/FDFAnnotationCaret.java",pdfbox/src/main/java/org/apache/pdfbox/pdmodel/fdf/FDFAnnotationCaret.java,1,1,1,1,12,0,7,4,,,,1,0,1,,8,8,0,8,,0,1,0,7,,145,13,71,23,29,61,,,32,45,23,27,,,,,3,3,4,1,,2,,0,86,13,13,15,8
File,"pdfbox/src/main/java/org/apache/pdfbox/pdmodel/fdf/FDFAnnotationCircle.java",pdfbox/src/main/java/org/apache/pdfbox/pdmodel/fdf/FDFAnnotationCircle.java,1,1,2,1,14,0,9,4,,,,1,0,1,,8,8,0,8,,0,1,0,7,,159,13,85,29,38,61,,,40,55,29,35,,,,,3,3,4,1,,2,,0,72,15,15,18,8
File,"pdfbox/src/main/java/org/apache/pdfbox/pdmodel/fdf/FDFAnnotationFileAttachment.java",pdfbox/src/main/java/org/apache/pdfbox/pdmodel/fdf/FDFAnnotationFileAttachment.java,1,1,1,1,9,0,4,5,,,,1,0,1,,3,3,0,3,,0,0,0,3,,68,6,23,10,6,39,,,11,15,10,5,,,,,1,1,1,1,,0,,1,70,3,3,3,3
File,"pdfbox/src/main/java/org/apache/pdfbox/pdmodel/fdf/FDFAnnotationFreeText.java",pdfbox/src/main/java/org/apache/pdfbox/pdmodel/fdf/FDFAnnotationFreeText.java,1,1,1,1,12,0,7,4,,,,1,0,2,,19,19,0,19,,0,2,0,17,,298,26,154,47,62,118,,,66,95,48,59,,,,,4,4,6,1,,2,,0,77,30,30,34,19
File,"pdfbox/src/main/java/org/apache/pdfbox/pdmodel/fdf/FDFAnnotationHighlight.java",pdfbox/src/main/java/org/apache/pdfbox/pdmodel/fdf/FDFAnnotationHighlight.java,1,1,1,1,9,0,4,5,,,,1,0,1,,3,3,0,3,,0,0,0,3,,68,6,23,10,6,39,,,11,15,10,5,,,,,1,1,1,1,,0,,1,70,3,3,3,3
File,"pdfbox/src/main/java/org/apache/pdfbox/pdmodel/fdf/FDFAnnotationInk.java",pdfbox/src/main/java/org/apache/pdfbox/pdmodel/fdf/FDFAnnotationInk.java,2,2,2,1,20,0,14,6,,,,1,0,2,,5,5,0,5,,0,0,0,5,,158,10,95,37,40,54,,,50,66,40,37,,,,,6,6,6,1,,4,,0,57,13,13,13,5
File,"pdfbox/src/main/java/org/apache/pdfbox/pdmodel/fdf/FDFAnnotationLine.java",pdfbox/src/main/java/org/apache/pdfbox/pdmodel/fdf/FDFAnnotationLine.java,2,2,2,1,15,0,9,5,,,,1,0,1,,25,25,0,25,,0,0,0,25,,444,38,256,69,119,150,,,105,152,70,109,,,,,15,15,28,1,,2,,0,59,53,53,66,25
File,"pdfbox/src/main/java/org/apache/pdfbox/pdmodel/fdf/FDFAnnotationLink.java",pdfbox/src/main/java/org/apache/pdfbox/pdmodel/fdf/FDFAnnotationLink.java,2,2,2,1,17,0,11,5,,,,1,0,2,,3,3,0,3,,0,0,0,3,,102,11,52,25,18,39,,,27,34,24,15,,,,,4,4,5,1,,3,,0,75,6,6,7,3
File,"pdfbox/src/main/java/org/apache/pdfbox/pdmodel/fdf/FDFAnnotationPolygon.java",pdfbox/src/main/java/org/apache/pdfbox/pdmodel/fdf/FDFAnnotationPolygon.java,2,2,2,1,14,0,10,4,,,,1,0,2,,8,8,0,8,,0,1,0,7,,170,13,97,36,42,60,,,48,64,37,38,,,,,4,4,5,1,,2,,0,62,16,16,19,8
File,"pdfbox/src/main/java/org/apache/pdfbox/pdmodel/fdf/FDFAnnotationPolyline.java",pdfbox/src/main/java/org/apache/pdfbox/pdmodel/fdf/FDFAnnotationPolyline.java,2,2,2,1,14,0,10,4,,,,1,0,2,,13,13,0,13,,0,2,0,11,,253,19,154,50,71,80,,,72,97,51,63,,,,,4,4,8,1,,2,,0,52,29,29,34,13
File,"pdfbox/src/main/java/org/apache/pdfbox/pdmodel/fdf/FDFAnnotationSound.java",pdfbox/src/main/java/org/apache/pdfbox/pdmodel/fdf/FDFAnnotationSound.java,1,1,1,1,9,0,4,5,,,,1,0,1,,3,3,0,3,,0,0,0,3,,68,6,23,10,6,39,,,11,15,10,5,,,,,1,1,1,1,,0,,1,70,3,3,3,3
File,"pdfbox/src/main/java/org/apache/pdfbox/pdmodel/fdf/FDFAnnotationSquare.java",pdfbox/src/main/java/org/apache/pdfbox/pdmodel/fdf/FDFAnnotationSquare.java,1,1,2,1,14,0,9,4,,,,1,0,1,,8,8,0,8,,0,1,0,7,,160,13,85,29,38,62,,,40,55,29,35,,,,,3,3,4,1,,2,,0,73,15,15,18,8
File,"pdfbox/src/main/java/org/apache/pdfbox/pdmodel/fdf/FDFAnnotationSquiggly.java",pdfbox/src/main/java/org/apache/pdfbox/pdmodel/fdf/FDFAnnotationSquiggly.java,1,1,1,1,9,0,4,5,,,,1,0,1,,3,3,0,3,,0,0,0,3,,68,6,23,10,6,39,,,11,15,10,5,,,,,1,1,1,1,,0,,1,70,3,3,3,3
File,"pdfbox/src/main/java/org/apache/pdfbox/pdmodel/fdf/FDFAnnotationStamp.java",pdfbox/src/main/java/org/apache/pdfbox/pdmodel/fdf/FDFAnnotationStamp.java,6,6,7,1,49,2,42,4,,,,1,0,2,,7,7,0,7,,0,4,0,3,,410,31,325,63,180,54,,,148,198,66,158,,,,,14,14,14,3,,5,,0,17,47,47,51,9
File,"pdfbox/src/main/java/org/apache/pdfbox/pdmodel/fdf/FDFAnnotationStrikeOut.java",pdfbox/src/main/java/org/apache/pdfbox/pdmodel/fdf/FDFAnnotationStrikeOut.java,1,1,1,1,9,0,4,5,,,,1,0,1,,3,3,0,3,,0,0,0,3,,68,6,23,10,6,39,,,11,15,10,5,,,,,1,1,1,1,,0,,1,70,3,3,3,3
File,"pdfbox/src/main/java/org/apache/pdfbox/pdmodel/fdf/FDFAnnotationText.java",pdfbox/src/main/java/org/apache/pdfbox/pdmodel/fdf/FDFAnnotationText.java,1,1,1,1,11,0,5,5,,,,1,0,1,,9,9,0,9,,0,0,0,9,,147,12,63,20,21,72,,,24,37,20,20,,,,,4,4,7,1,,2,,1,14,12,12,15,9
File,"pdfbox/src/main/java/org/apache/pdfbox/pdmodel/fdf/FDFAnnotationTextMarkup.java",pdfbox/src/main/java/org/apache/pdfbox/pdmodel/fdf/FDFAnnotationTextMarkup.java,1,1,2,1,15,0,9,6,,,,1,0,0,,5,5,0,5,,0,0,0,5,,114,9,55,17,21,51,,,24,34,18,20,,,,,4,4,5,1,,1,,0,93,9,9,10,5
File,"pdfbox/src/main/java/org/apache/pdfbox/pdmodel/fdf/FDFAnnotationUnderline.java",pdfbox/src/main/java/org/apache/pdfbox/pdmodel/fdf/FDFAnnotationUnderline.java,1,1,1,1,9,0,4,5,,,,1,0,1,,3,3,0,3,,0,0,0,3,,68,6,23,10,6,39,,,11,15,10,5,,,,,1,1,1,1,,0,,1,70,3,3,3,3
File,"pdfbox/src/main/java/org/apache/pdfbox/pdmodel/fdf/FDFCatalog.java",pdfbox/src/main/java/org/apache/pdfbox/pdmodel/fdf/FDFCatalog.java,1,1,1,1,10,0,5,5,,,,1,0,0,,11,11,1,11,,0,0,0,11,,162,14,72,27,21,76,,,29,42,26,20,,,,,2,2,2,1,,1,,1,06,13,13,13,11
File,"pdfbox/src/main/java/org/apache/pdfbox/pdmodel/fdf/FDFDictionary.java",pdfbox/src/main/java/org/apache/pdfbox/pdmodel/fdf/FDFDictionary.java,2,1,2,1,17,0,12,5,,,,1,0,1,,27,27,1,27,,0,0,0,27,,554,34,351,84,187,169,,,163,217,91,155,,,,,32,13,33,1,,7,,0,48,72,53,74,27
File,"pdfbox/src/main/java/org/apache/pdfbox/pdmodel/fdf/FDFDocument.java",pdfbox/src/main/java/org/apache/pdfbox/pdmodel/fdf/FDFDocument.java,1,1,1,1,13,0,7,6,,,,1,0,0,,14,14,1,14,,0,0,0,14,,254,21,125,41,46,109,,,53,74,40,41,,,,,2,2,2,1,,1,,0,87,17,17,17,14
File,"pdfbox/src/main/java/org/apache/pdfbox/pdmodel/fdf/FDFField.java",pdfbox/src/main/java/org/apache/pdfbox/pdmodel/fdf/FDFField.java,2,2,2,1,15,0,9,5,,,,1,0,0,,47,47,1,47,,0,1,0,46,,804,53,477,116,214,277,,,186,279,121,185,,,,,8,7,8,6,,3,,0,58,100,94,103,54
File,"pdfbox/src/main/java/org/apache/pdfbox/pdmodel/fdf/FDFIconFit.java",pdfbox/src/main/java/org/apache/pdfbox/pdmodel/fdf/FDFIconFit.java,1,1,1,1,11,0,6,5,,,,1,0,6,,11,11,1,11,,0,0,0,11,,198,15,84,30,32,99,,,35,50,29,24,,,,,2,2,2,1,,1,,1,18,14,14,14,11
File,"pdfbox/src/main/java/org/apache/pdfbox/pdmodel/fdf/FDFJavaScript.java",pdfbox/src/main/java/org/apache/pdfbox/pdmodel/fdf/FDFJavaScript.java,1,1,1,1,13,0,9,4,,,,1,0,0,,10,9,1,9,,0,0,0,9,,182,11,106,33,38,65,,,42,61,33,36,,,,,6,6,6,3,,4,,0,61,19,19,19,14
File,"pdfbox/src/main/java/org/apache/pdfbox/pdmodel/fdf/FDFNamedPageReference.java",pdfbox/src/main/java/org/apache/pdfbox/pdmodel/fdf/FDFNamedPageReference.java,1,1,1,1,9,0,4,5,,,,1,0,0,,7,7,1,7,,0,0,0,7,,105,10,39,16,7,56,,,14,22,15,7,,,,,1,1,1,1,,0,,1,44,7,7,7,7
File,"pdfbox/src/main/java/org/apache/pdfbox/pdmodel/fdf/FDFOptionElement.java",pdfbox/src/main/java/org/apache/pdfbox/pdmodel/fdf/FDFOptionElement.java,1,1,1,1,9,0,4,4,,,,1,0,0,,8,8,1,8,,0,0,0,8,,115,11,44,16,10,60,,,16,25,15,10,,,,,1,1,1,1,,0,,1,36,8,8,8,8
File,"pdfbox/src/main/java/org/apache/pdfbox/pdmodel/fdf/FDFPage.java",pdfbox/src/main/java/org/apache/pdfbox/pdmodel/fdf/FDFPage.java,1,1,1,1,11,0,6,4,,,,1,0,0,,7,7,1,7,,0,0,0,7,,121,10,57,22,17,54,,,25,36,22,17,,,,,3,3,3,1,,2,,0,95,10,10,10,7
File,"pdfbox/src/main/java/org/apache/pdfbox/pdmodel/fdf/FDFPageInfo.java",pdfbox/src/main/java/org/apache/pdfbox/pdmodel/fdf/FDFPageInfo.java,1,1,1,1,8,0,4,4,,,,1,0,0,,3,3,1,3,,0,0,0,3,,60,6,20,9,3,34,,,7,11,8,3,,,,,1,1,1,1,,0,,1,70,3,3,3,3
File,"pdfbox/src/main/java/org/apache/pdfbox/pdmodel/fdf/FDFTemplate.java",pdfbox/src/main/java/org/apache/pdfbox/pdmodel/fdf/FDFTemplate.java,1,1,1,1,10,0,5,4,,,,1,0,0,,9,9,1,9,,0,0,0,9,,136,12,60,23,16,64,,,25,37,23,17,,,,,3,3,3,1,,2,,1,07,12,12,12,9
File,"pdfbox/src/main/java/org/apache/pdfbox/pdmodel/fixup/AbstractFixup.java",pdfbox/src/main/java/org/apache/pdfbox/pdmodel/fixup/AbstractFixup.java,1,1,1,1,4,0,4,0,,,,1,0,0,,1,1,1,1,,0,0,1,0,,29,3,10,5,1,16,,,4,6,5,1,,,,,1,1,1,1,,0,,1,60,1,1,1,1
File,"pdfbox/src/main/java/org/apache/pdfbox/pdmodel/fixup/AcroFormDefaultFixup.java",pdfbox/src/main/java/org/apache/pdfbox/pdmodel/fixup/AcroFormDefaultFixup.java,2,2,2,1,15,1,8,5,,,,1,0,0,,2,2,0,2,,0,0,0,2,,59,6,26,11,7,27,,,11,16,10,7,,,,,3,3,4,1,,2,,1,04,4,4,5,2
File,"pdfbox/src/main/java/org/apache/pdfbox/pdmodel/fixup/PDDocumentFixup.java",pdfbox/src/main/java/org/apache/pdfbox/pdmodel/fixup/PDDocumentFixup.java,0,0,0,0,0,0,0,0,,,,1,0,0,,1,1,0,1,,1,0,0,0,,22,1,5,3,0,16,,,2,3,3,0,,,,,0,0,0,0,,0,,3,20,0,0,0,0
File,"pdfbox/src/main/java/org/apache/pdfbox/pdmodel/fixup/processor/AbstractProcessor.java",pdfbox/src/main/java/org/apache/pdfbox/pdmodel/fixup/processor/AbstractProcessor.java,1,1,1,1,4,0,4,0,,,,1,0,0,,1,1,1,1,,0,0,1,0,,29,3,10,5,1,16,,,4,6,5,1,,,,,1,1,1,1,,0,,1,60,1,1,1,1
File,"pdfbox/src/main/java/org/apache/pdfbox/pdmodel/fixup/processor/AcroFormDefaultsProcessor.java",pdfbox/src/main/java/org/apache/pdfbox/pdmodel/fixup/processor/AcroFormDefaultsProcessor.java,3,3,3,1,21,1,15,5,,,,1,0,0,,3,3,0,3,,0,1,0,2,,115,8,57,17,25,50,,,27,37,16,24,,,,,6,6,6,1,,1,,0,88,9,9,9,3
File,"pdfbox/src/main/java/org/apache/pdfbox/pdmodel/fixup/processor/AcroFormGenerateAppearancesProcessor.java",pdfbox/src/main/java/org/apache/pdfbox/pdmodel/fixup/processor/AcroFormGenerateAppearancesProcessor.java,2,2,2,1,15,0,11,3,,,,1,0,1,,2,2,0,2,,0,0,0,2,,62,7,32,12,11,23,,,14,19,11,10,,,,,3,3,3,1,,2,,0,72,4,4,4,2
File,"pdfbox/src/main/java/org/apache/pdfbox/pdmodel/fixup/processor/AcroFormOrphanWidgetsProcessor.java",pdfbox/src/main/java/org/apache/pdfbox/pdmodel/fixup/processor/AcroFormOrphanWidgetsProcessor.java,4,4,4,1,25,1,22,2,,,,1,0,1,,8,7,0,7,,0,5,0,2,,259,20,189,52,76,50,,,70,105,52,69,,,,,6,6,6,4,,4,,0,26,32,32,33,13
File,"pdfbox/src/main/java/org/apache/pdfbox/pdmodel/fixup/processor/PDDocumentProcessor.java",pdfbox/src/main/java/org/apache/pdfbox/pdmodel/fixup/processor/PDDocumentProcessor.java,0,0,0,0,0,0,0,0,,,,1,0,0,,1,1,0,1,,1,0,0,0,,22,1,5,3,0,16,,,2,3,3,0,,,,,0,0,0,0,,0,,3,20,0,0,0,0
File,"pdfbox/src/main/java/org/apache/pdfbox/pdmodel/font/CIDFontMapping.java",pdfbox/src/main/java/org/apache/pdfbox/pdmodel/font/CIDFontMapping.java,1,1,1,1,6,0,4,2,,,,1,0,0,,3,3,1,3,,0,0,0,3,,54,6,20,8,4,28,,,8,12,8,4,,,,,1,1,1,1,,0,,1,40,3,3,3,3
File,"pdfbox/src/main/java/org/apache/pdfbox/pdmodel/font/CIDSystemInfo.java",pdfbox/src/main/java/org/apache/pdfbox/pdmodel/font/CIDSystemInfo.java,1,1,1,1,4,0,4,0,,,,1,0,0,,5,5,3,5,,0,0,0,5,,58,7,30,11,7,21,,,11,17,10,7,,,,,1,1,1,1,,0,,0,70,5,5,5,5
File,"pdfbox/src/main/java/org/apache/pdfbox/pdmodel/font/CMapManager.java",pdfbox/src/main/java/org/apache/pdfbox/pdmodel/font/CMapManager.java,1,1,1,1,13,0,7,5,,,,1,2,1,,3,1,0,3,,0,1,0,2,,77,9,34,15,11,34,,,16,22,15,10,,,,,2,2,2,1,,1,,1,00,5,5,5,3
File,"pdfbox/src/main/java/org/apache/pdfbox/pdmodel/font/FileSystemFontProvider.java",pdfbox/src/main/java/org/apache/pdfbox/pdmodel/font/FileSystemFontProvider.java,3,3,3,1,23,0,21,1,,,,3,0,1,,30,29,13,29,,1,15,0,13,,806,54,685,163,333,67,,,285,392,151,285,,,,,15,15,15,6,,5,,0,10,103,101,113,45
File,"pdfbox/src/main/java/org/apache/pdfbox/pdmodel/font/FontCache.java",pdfbox/src/main/java/org/apache/pdfbox/pdmodel/font/FontCache.java,1,1,1,1,7,0,4,3,,,,1,0,0,,2,2,1,2,,0,0,0,2,,51,5,18,10,4,28,,,9,12,10,4,,,,,2,2,2,1,,0,,1,56,3,3,3,2
File,"pdfbox/src/main/java/org/apache/pdfbox/pdmodel/font/FontFormat.java",pdfbox/src/main/java/org/apache/pdfbox/pdmodel/font/FontFormat.java,0,0,0,0,0,0,0,0,,,,1,0,0,,0,2,3,2,,0,0,0,2,,41,4,7,5,0,30,,,1,2,2,0,,,,,0,0,0,0,,0,,4,29,0,0,0,0
File,"pdfbox/src/main/java/org/apache/pdfbox/pdmodel/font/FontInfo.java",pdfbox/src/main/java/org/apache/pdfbox/pdmodel/font/FontInfo.java,4,1,4,1,13,0,11,2,,,,1,0,0,,13,13,0,13,,2,0,0,11,,124,16,48,20,21,60,,,29,34,19,18,,,,,12,2,12,1,,1,,1,25,14,4,14,3
File,"pdfbox/src/main/java/org/apache/pdfbox/pdmodel/font/FontMapper.java",pdfbox/src/main/java/org/apache/pdfbox/pdmodel/font/FontMapper.java,0,0,0,0,0,0,0,0,,,,1,0,0,,3,3,0,3,,3,0,0,0,,54,4,10,8,0,40,,,6,7,7,0,,,,,0,0,0,0,,0,,4,00,0,0,0,0
File,"pdfbox/src/main/java/org/apache/pdfbox/pdmodel/font/FontMapperImpl.java",pdfbox/src/main/java/org/apache/pdfbox/pdmodel/font/FontMapperImpl.java,3,3,5,2,28,1,22,5,,,,3,0,3,,23,21,6,21,,2,11,0,8,,744,58,543,108,281,144,,,185,281,105,216,,,,,14,14,28,8,,4,,0,27,90,90,122,49
File,"pdfbox/src/main/java/org/apache/pdfbox/pdmodel/font/FontMappers.java",pdfbox/src/main/java/org/apache/pdfbox/pdmodel/font/FontMappers.java,1,1,1,1,7,0,5,2,,,,2,2,2,,3,1,0,3,,0,1,0,2,,58,6,24,8,5,28,,,6,12,8,5,,,,,2,2,2,1,,1,,1,17,4,4,4,3
File,"pdfbox/src/main/java/org/apache/pdfbox/pdmodel/font/FontMapping.java",pdfbox/src/main/java/org/apache/pdfbox/pdmodel/font/FontMapping.java,1,1,1,1,6,0,4,2,,,,1,0,0,,3,3,2,3,,0,0,0,3,,54,6,20,8,4,28,,,8,12,8,4,,,,,1,1,1,1,,0,,1,40,3,3,3,3
File,"pdfbox/src/main/java/org/apache/pdfbox/pdmodel/font/FontProvider.java",pdfbox/src/main/java/org/apache/pdfbox/pdmodel/font/FontProvider.java,0,0,0,0,0,0,0,0,,,,1,0,0,,2,2,0,2,,0,0,0,2,,38,3,7,5,0,28,,,4,5,5,0,,,,,0,0,0,0,,0,,4,00,0,0,0,0
File,"pdfbox/src/main/java/org/apache/pdfbox/pdmodel/font/PDCIDFont.java",pdfbox/src/main/java/org/apache/pdfbox/pdmodel/font/PDCIDFont.java,2,2,2,1,16,0,14,2,,,,1,0,1,,22,22,9,22,,2,5,1,14,,411,30,294,107,136,89,,,140,190,107,123,,,,,9,9,10,6,,5,,0,30,49,49,52,23
File,"pdfbox/src/main/java/org/apache/pdfbox/pdmodel/font/PDCIDFontType0.java",pdfbox/src/main/java/org/apache/pdfbox/pdmodel/font/PDCIDFontType0.java,2,2,3,1,17,0,15,1,,,,2,0,1,,22,22,10,22,,0,3,0,19,,481,35,383,95,162,65,,,135,193,79,130,,,,,11,11,13,4,,3,,0,17,57,57,68,36
File,"pdfbox/src/main/java/org/apache/pdfbox/pdmodel/font/PDCIDFontType2.java",pdfbox/src/main/java/org/apache/pdfbox/pdmodel/font/PDCIDFontType2.java,3,3,3,1,22,0,18,3,,,,1,0,1,,18,18,8,18,,0,2,0,16,,473,37,357,90,155,83,,,122,180,76,129,,,,,10,10,11,8,,4,,0,23,57,57,65,35
File,"pdfbox/src/main/java/org/apache/pdfbox/pdmodel/font/PDCIDFontType2Embedder.java",pdfbox/src/main/java/org/apache/pdfbox/pdmodel/font/PDCIDFontType2Embedder.java,3,3,4,1,31,2,25,3,,,,2,0,1,,17,18,8,18,,1,13,1,3,,675,70,521,131,323,92,,,303,369,136,297,,,,,15,11,24,5,,3,,0,18,72,64,86,28
File,"pdfbox/src/main/java/org/apache/pdfbox/pdmodel/font/PDCIDSystemInfo.java",pdfbox/src/main/java/org/apache/pdfbox/pdmodel/font/PDCIDSystemInfo.java,1,1,1,1,4,0,4,0,,,,1,0,0,,7,7,1,7,,2,0,0,5,,73,10,42,16,10,21,,,16,24,14,10,,,,,1,1,1,1,,0,,0,50,7,7,7,7
File,"pdfbox/src/main/java/org/apache/pdfbox/pdmodel/font/PDFont.java",pdfbox/src/main/java/org/apache/pdfbox/pdmodel/font/PDFont.java,2,2,2,1,18,0,12,4,,,,1,0,2,,35,35,8,35,,2,2,8,23,,655,55,408,113,177,196,,,166,232,105,152,,,,,7,7,11,6,,5,,0,48,66,66,81,41
File,"pdfbox/src/main/java/org/apache/pdfbox/pdmodel/font/PDFontDescriptor.java",pdfbox/src/main/java/org/apache/pdfbox/pdmodel/font/PDFontDescriptor.java,1,1,1,1,9,0,5,4,,,,1,0,9,,70,70,4,70,,1,2,0,67,,820,75,376,109,126,369,,,123,206,108,107,,,,,3,3,3,3,,2,,0,98,86,86,87,72
File,"pdfbox/src/main/java/org/apache/pdfbox/pdmodel/font/PDFontFactory.java",pdfbox/src/main/java/org/apache/pdfbox/pdmodel/font/PDFontFactory.java,4,4,4,3,26,0,20,6,,,,1,3,1,,4,1,0,4,,1,1,0,2,,145,9,92,20,39,44,,,31,49,19,37,,,,,11,11,13,10,,2,,0,48,17,17,19,15
File,"pdfbox/src/main/java/org/apache/pdfbox/pdmodel/font/PDFontLike.java",pdfbox/src/main/java/org/apache/pdfbox/pdmodel/font/PDFontLike.java,0,0,0,0,0,0,0,0,,,,1,0,0,,12,12,0,12,,12,0,0,0,,128,14,21,19,0,93,,,17,18,18,0,,,,,0,0,0,0,,0,,4,43,0,0,0,0
File,"pdfbox/src/main/java/org/apache/pdfbox/pdmodel/font/PDMMType1Font.java",pdfbox/src/main/java/org/apache/pdfbox/pdmodel/font/PDMMType1Font.java,1,1,1,1,9,0,4,5,,,,1,0,0,,1,1,0,1,,0,0,0,1,,39,3,10,5,1,26,,,4,6,5,1,,,,,1,1,1,1,,0,,2,60,1,1,1,1
File,"pdfbox/src/main/java/org/apache/pdfbox/pdmodel/font/PDPanose.java",pdfbox/src/main/java/org/apache/pdfbox/pdmodel/font/PDPanose.java,1,1,1,1,8,0,4,3,,,,1,0,1,,3,3,1,3,,0,0,0,3,,63,7,20,9,5,36,,,8,12,9,4,,,,,1,1,1,1,,0,,1,80,3,3,3,3
File,"pdfbox/src/main/java/org/apache/pdfbox/pdmodel/font/PDPanoseClassification.java",pdfbox/src/main/java/org/apache/pdfbox/pdmodel/font/PDPanoseClassification.java,1,1,1,1,4,0,4,0,,,,1,0,1,,13,13,1,13,,0,0,0,13,,109,17,68,18,23,24,,,16,30,17,13,,,,,1,1,1,1,,0,,0,35,13,13,13,13
File,"pdfbox/src/main/java/org/apache/pdfbox/pdmodel/font/PDSimpleFont.java",pdfbox/src/main/java/org/apache/pdfbox/pdmodel/font/PDSimpleFont.java,2,2,3,1,17,0,13,3,,,,1,0,1,,24,24,4,24,,3,1,6,14,,453,41,307,78,125,107,,,100,157,70,102,,,,,10,10,15,9,,4,,0,35,54,54,67,39
File,"pdfbox/src/main/java/org/apache/pdfbox/pdmodel/font/PDTrueTypeFont.java",pdfbox/src/main/java/org/apache/pdfbox/pdmodel/font/PDTrueTypeFont.java,3,3,3,1,21,0,17,3,,,,1,3,5,,27,23,9,26,,0,3,3,20,,690,56,514,142,228,123,,,184,274,122,195,,,,,18,18,23,6,,4,,0,24,89,89,103,39
File,"pdfbox/src/main/java/org/apache/pdfbox/pdmodel/font/PDTrueTypeFontEmbedder.java",pdfbox/src/main/java/org/apache/pdfbox/pdmodel/font/PDTrueTypeFontEmbedder.java,1,1,2,1,20,2,13,5,,,,1,0,0,,4,4,1,4,,1,1,1,1,,129,16,71,36,31,42,,,45,54,35,31,,,,,4,4,5,1,,2,,0,59,7,7,8,4
File,"pdfbox/src/main/java/org/apache/pdfbox/pdmodel/font/PDType0Font.java",pdfbox/src/main/java/org/apache/pdfbox/pdmodel/font/PDType0Font.java,1,1,1,1,11,0,8,3,,,,1,8,1,,48,40,10,48,,0,3,2,43,,669,66,436,130,152,167,,,139,220,99,136,,,,,10,10,14,8,,5,,0,38,80,80,92,55
File,"pdfbox/src/main/java/org/apache/pdfbox/pdmodel/font/PDType1CFont.java",pdfbox/src/main/java/org/apache/pdfbox/pdmodel/font/PDType1CFont.java,2,2,2,1,15,0,13,0,,,,2,0,1,,26,26,9,26,,0,3,2,21,,493,42,402,112,170,51,,,150,217,93,148,,,,,9,9,9,5,,3,,0,13,65,65,72,49
File,"pdfbox/src/main/java/org/apache/pdfbox/pdmodel/font/PDType1Font.java",pdfbox/src/main/java/org/apache/pdfbox/pdmodel/font/PDType1Font.java,2,2,3,1,19,0,15,2,,,,1,1,3,,29,28,8,29,,0,5,2,22,,696,62,517,130,246,119,,,201,279,110,204,,,,,12,12,14,8,,5,,0,23,81,80,103,44
File,"pdfbox/src/main/java/org/apache/pdfbox/pdmodel/font/PDType1FontEmbedder.java",pdfbox/src/main/java/org/apache/pdfbox/pdmodel/font/PDType1FontEmbedder.java,1,1,1,1,20,1,14,5,,,,1,2,0,,6,4,2,6,,3,0,0,3,,179,17,110,42,58,54,,,80,90,43,59,,,,,4,4,4,1,,1,,0,49,9,9,9,6
File,"pdfbox/src/main/java/org/apache/pdfbox/pdmodel/font/PDType3CharProc.java",pdfbox/src/main/java/org/apache/pdfbox/pdmodel/font/PDType3CharProc.java,1,1,2,1,11,0,10,1,,,,1,0,1,,12,12,2,12,,0,1,0,11,,200,16,148,50,52,36,,,59,82,45,45,,,,,6,6,7,6,,5,,0,24,22,22,24,21
File,"pdfbox/src/main/java/org/apache/pdfbox/pdmodel/font/PDType3Font.java",pdfbox/src/main/java/org/apache/pdfbox/pdmodel/font/PDType3Font.java,2,2,2,1,11,0,10,1,,,,1,0,1,,26,26,5,26,,0,2,4,20,,396,31,300,95,115,65,,,104,158,78,100,,,,,8,8,8,8,,6,,0,22,57,57,63,36
File,"pdfbox/src/main/java/org/apache/pdfbox/pdmodel/font/PDVectorFont.java",pdfbox/src/main/java/org/apache/pdfbox/pdmodel/font/PDVectorFont.java,0,0,0,0,0,0,0,0,,,,1,0,0,,3,3,0,3,,3,0,0,0,,54,5,9,7,0,40,,,6,7,7,0,,,,,0,0,0,0,,0,,4,44,0,0,0,0
File,"pdfbox/src/main/java/org/apache/pdfbox/pdmodel/font/Standard14Fonts.java",pdfbox/src/main/java/org/apache/pdfbox/pdmodel/font/Standard14Fonts.java,1,1,1,1,12,0,8,3,,,,2,10,3,,14,6,15,16,,0,7,0,9,,349,28,214,63,93,120,,,91,124,47,91,,,,,9,9,10,9,,5,,0,56,30,30,31,22
File,"pdfbox/src/main/java/org/apache/pdfbox/pdmodel/font/Subsetter.java",pdfbox/src/main/java/org/apache/pdfbox/pdmodel/font/Subsetter.java,0,0,0,0,0,0,0,0,,,,1,0,0,,2,2,0,2,,2,0,0,0,,40,4,7,5,0,29,,,4,5,5,0,,,,,0,0,0,0,,0,,4,14,0,0,0,0
File,"pdfbox/src/main/java/org/apache/pdfbox/pdmodel/font/ToUnicodeWriter.java",pdfbox/src/main/java/org/apache/pdfbox/pdmodel/font/ToUnicodeWriter.java,2,2,3,1,21,2,15,3,,,,1,3,1,,8,5,2,8,,4,1,0,3,,228,29,141,40,79,59,,,80,100,40,69,,,,,7,7,7,1,,2,,0,42,19,19,26,8
File,"pdfbox/src/main/java/org/apache/pdfbox/pdmodel/font/TrueTypeEmbedder.java",pdfbox/src/main/java/org/apache/pdfbox/pdmodel/font/TrueTypeEmbedder.java,3,3,3,1,27,2,21,4,,,,1,0,3,,12,12,7,12,,2,2,1,7,,389,46,273,77,150,70,,,143,177,73,128,,,,,12,7,13,4,,2,,0,26,38,33,41,16
File,"pdfbox/src/main/java/org/apache/pdfbox/pdmodel/font/UniUtil.java",pdfbox/src/main/java/org/apache/pdfbox/pdmodel/font/UniUtil.java,2,1,2,1,9,0,9,0,,,,1,1,0,,2,1,0,2,,1,1,0,0,,47,3,23,6,10,21,,,7,11,6,6,,,,,4,2,4,1,,1,,0,91,5,3,5,2
File,"pdfbox/src/main/java/org/apache/pdfbox/pdmodel/font/encoding/BuiltInEncoding.java",pdfbox/src/main/java/org/apache/pdfbox/pdmodel/font/encoding/BuiltInEncoding.java,1,1,1,1,6,0,4,1,,,,1,0,0,,3,3,0,3,,0,0,0,3,,51,5,20,9,3,26,,,6,10,7,3,,,,,1,1,1,1,,0,,1,30,3,3,3,3
File,"pdfbox/src/main/java/org/apache/pdfbox/pdmodel/font/encoding/DictionaryEncoding.java",pdfbox/src/main/java/org/apache/pdfbox/pdmodel/font/encoding/DictionaryEncoding.java,2,2,2,1,17,0,13,3,,,,1,0,0,,8,8,3,8,,0,1,0,7,,189,15,122,29,55,53,,,52,72,28,49,,,,,5,5,5,1,,3,,0,43,19,19,19,8
File,"pdfbox/src/main/java/org/apache/pdfbox/pdmodel/font/encoding/Encoding.java",pdfbox/src/main/java/org/apache/pdfbox/pdmodel/font/encoding/Encoding.java,1,1,2,1,14,0,8,6,,,,1,1,2,,9,8,2,9,,0,0,2,7,,177,14,81,23,31,82,,,30,46,23,28,,,,,5,5,5,5,,2,,1,01,15,15,16,12
File,"pdfbox/src/main/java/org/apache/pdfbox/pdmodel/font/encoding/GlyphList.java",pdfbox/src/main/java/org/apache/pdfbox/pdmodel/font/encoding/GlyphList.java,3,3,4,1,24,0,18,5,,,,1,3,3,,9,6,3,9,,0,2,0,7,,284,23,186,44,86,75,,,68,102,45,73,,,,,13,13,17,3,,5,,0,40,31,31,41,11
File,"pdfbox/src/main/java/org/apache/pdfbox/pdmodel/font/encoding/MacExpertEncoding.java",pdfbox/src/main/java/org/apache/pdfbox/pdmodel/font/encoding/MacExpertEncoding.java,1,1,1,1,6,0,5,1,,,,1,0,2,,3,3,0,3,,0,0,0,3,,225,6,191,177,170,28,,,8,14,10,5,,,,,2,2,2,1,,1,,0,15,4,4,4,3
File,"pdfbox/src/main/java/org/apache/pdfbox/pdmodel/font/encoding/MacOSRomanEncoding.java",pdfbox/src/main/java/org/apache/pdfbox/pdmodel/font/encoding/MacOSRomanEncoding.java,1,1,1,1,8,0,6,2,,,,1,0,2,,2,2,0,2,,0,0,0,2,,75,6,36,25,20,33,,,6,11,8,4,,,,,2,2,2,1,,1,,0,92,3,3,3,2
File,"pdfbox/src/main/java/org/apache/pdfbox/pdmodel/font/encoding/MacRomanEncoding.java",pdfbox/src/main/java/org/apache/pdfbox/pdmodel/font/encoding/MacRomanEncoding.java,1,1,1,1,6,0,5,1,,,,1,0,2,,3,3,0,3,,0,0,1,2,,273,6,234,220,213,33,,,8,14,10,5,,,,,2,2,2,1,,1,,0,14,4,4,4,3
File,"pdfbox/src/main/java/org/apache/pdfbox/pdmodel/font/encoding/StandardEncoding.java",pdfbox/src/main/java/org/apache/pdfbox/pdmodel/font/encoding/StandardEncoding.java,1,1,1,1,6,0,5,1,,,,1,0,2,,3,3,0,3,,0,1,0,2,,213,6,175,161,154,32,,,8,14,10,5,,,,,2,2,2,1,,1,,0,18,4,4,4,3
File,"pdfbox/src/main/java/org/apache/pdfbox/pdmodel/font/encoding/SymbolEncoding.java",pdfbox/src/main/java/org/apache/pdfbox/pdmodel/font/encoding/SymbolEncoding.java,1,1,1,1,6,0,5,1,,,,1,0,2,,3,3,0,3,,0,1,0,2,,249,6,215,201,194,28,,,8,14,10,5,,,,,2,2,2,1,,1,,0,13,4,4,4,3
File,"pdfbox/src/main/java/org/apache/pdfbox/pdmodel/font/encoding/Type1Encoding.java",pdfbox/src/main/java/org/apache/pdfbox/pdmodel/font/encoding/Type1Encoding.java,1,1,1,1,8,0,5,2,,,,1,1,0,,5,4,0,5,,0,0,0,5,,75,7,35,15,8,33,,,12,20,14,8,,,,,2,2,2,1,,1,,0,94,6,6,6,5
File,"pdfbox/src/main/java/org/apache/pdfbox/pdmodel/font/encoding/WinAnsiEncoding.java",pdfbox/src/main/java/org/apache/pdfbox/pdmodel/font/encoding/WinAnsiEncoding.java,2,2,2,1,10,0,8,1,,,,1,0,2,,3,3,0,3,,0,1,0,2,,293,7,251,230,226,35,,,11,19,11,9,,,,,4,4,4,1,,2,,0,14,6,6,6,3
File,"pdfbox/src/main/java/org/apache/pdfbox/pdmodel/font/encoding/ZapfDingbatsEncoding.java",pdfbox/src/main/java/org/apache/pdfbox/pdmodel/font/encoding/ZapfDingbatsEncoding.java,1,1,1,1,6,0,5,1,,,,1,0,2,,3,3,0,3,,0,1,0,2,,248,6,214,200,193,28,,,8,14,10,5,,,,,2,2,2,1,,1,,0,13,4,4,4,3
File,"pdfbox/src/main/java/org/apache/pdfbox/pdmodel/graphics/PDFontSetting.java",pdfbox/src/main/java/org/apache/pdfbox/pdmodel/graphics/PDFontSetting.java,1,1,1,1,10,0,5,4,,,,1,0,0,,7,7,1,7,,0,0,0,7,,119,12,52,23,15,55,,,24,33,22,13,,,,,2,2,2,1,,1,,1,06,8,8,8,7
File,"pdfbox/src/main/java/org/apache/pdfbox/pdmodel/graphics/PDLineDashPattern.java",pdfbox/src/main/java/org/apache/pdfbox/pdmodel/graphics/PDLineDashPattern.java,1,1,1,1,8,0,5,2,,,,1,0,0,,6,6,2,6,,0,0,0,6,,93,10,44,19,13,39,,,21,28,17,13,,,,,1,1,1,1,,0,,0,89,6,6,6,6
File,"pdfbox/src/main/java/org/apache/pdfbox/pdmodel/graphics/PDPostScriptXObject.java",pdfbox/src/main/java/org/apache/pdfbox/pdmodel/graphics/PDPostScriptXObject.java,1,1,1,1,8,0,4,4,,,,1,0,0,,1,1,0,1,,0,0,0,1,,38,2,10,5,1,26,,,4,6,5,1,,,,,1,1,1,1,,0,,2,60,1,1,1,1
File,"pdfbox/src/main/java/org/apache/pdfbox/pdmodel/graphics/PDXObject.java",pdfbox/src/main/java/org/apache/pdfbox/pdmodel/graphics/PDXObject.java,2,2,2,1,16,0,10,5,,,,1,1,0,,6,5,1,6,,0,0,3,3,,148,12,80,27,29,56,,,37,50,26,27,,,,,8,8,9,6,,2,,0,70,13,13,14,11
File,"pdfbox/src/main/java/org/apache/pdfbox/pdmodel/graphics/blend/BlendComposite.java",pdfbox/src/main/java/org/apache/pdfbox/pdmodel/graphics/blend/BlendComposite.java,4,4,4,1,35,3,29,2,,,,2,1,1,,6,5,4,6,,1,1,0,4,,271,33,198,73,109,40,,,107,131,71,82,,,,,18,18,19,1,,5,,0,20,27,27,28,6
File,"pdfbox/src/main/java/org/apache/pdfbox/pdmodel/graphics/blend/BlendMode.java",pdfbox/src/main/java/org/apache/pdfbox/pdmodel/graphics/blend/BlendMode.java,2,2,2,1,11,0,9,1,,,,3,5,34,,24,7,4,12,,2,5,0,5,,390,45,261,109,159,84,,,153,182,99,121,,,,,7,7,7,6,,4,,0,32,45,45,45,31
File,"pdfbox/src/main/java/org/apache/pdfbox/pdmodel/graphics/color/PDCIEBasedColorSpace.java",pdfbox/src/main/java/org/apache/pdfbox/pdmodel/graphics/color/PDCIEBasedColorSpace.java,1,1,1,1,17,2,11,3,,,,1,0,0,,3,3,0,3,,0,0,0,3,,88,12,42,17,19,35,,,25,31,16,20,,,,,3,3,3,1,,2,,0,83,5,5,5,3
File,"pdfbox/src/main/java/org/apache/pdfbox/pdmodel/graphics/color/PDCIEDictionaryBasedColorSpace.java",pdfbox/src/main/java/org/apache/pdfbox/pdmodel/graphics/color/PDCIEDictionaryBasedColorSpace.java,1,1,1,1,13,0,9,4,,,,1,0,1,,9,9,4,9,,0,1,4,4,,175,16,96,23,46,63,,,43,59,23,39,,,,,4,4,4,1,,1,,0,66,15,15,17,9
File,"pdfbox/src/main/java/org/apache/pdfbox/pdmodel/graphics/color/PDCalGray.java",pdfbox/src/main/java/org/apache/pdfbox/pdmodel/graphics/color/PDCalGray.java,1,1,1,1,8,0,6,2,,,,1,0,0,,9,9,2,9,,0,0,0,9,,127,12,69,27,22,46,,,25,37,22,20,,,,,3,3,3,3,,2,,0,67,11,11,11,11
File,"pdfbox/src/main/java/org/apache/pdfbox/pdmodel/graphics/color/PDCalRGB.java",pdfbox/src/main/java/org/apache/pdfbox/pdmodel/graphics/color/PDCalRGB.java,1,1,1,1,13,0,10,2,,,,1,0,0,,11,11,1,11,,0,0,0,11,,192,17,122,48,62,53,,,60,77,43,43,,,,,2,2,2,1,,1,,0,43,16,16,16,11
File,"pdfbox/src/main/java/org/apache/pdfbox/pdmodel/graphics/color/PDColor.java",pdfbox/src/main/java/org/apache/pdfbox/pdmodel/graphics/color/PDColor.java,1,1,1,1,12,0,7,4,,,,1,0,0,,11,11,3,11,,0,0,0,11,,191,15,98,28,40,78,,,47,64,29,40,,,,,4,4,5,1,,2,,0,80,16,16,18,11
File,"pdfbox/src/main/java/org/apache/pdfbox/pdmodel/graphics/color/PDColorSpace.java",pdfbox/src/main/java/org/apache/pdfbox/pdmodel/graphics/color/PDColorSpace.java,5,5,7,4,38,1,28,8,,,,1,4,0,,14,10,2,14,,0,1,2,11,,382,25,233,60,102,124,,,84,124,50,84,,,,,29,29,36,22,,3,,0,53,39,39,50,30
File,"pdfbox/src/main/java/org/apache/pdfbox/pdmodel/graphics/color/PDDeviceCMYK.java",pdfbox/src/main/java/org/apache/pdfbox/pdmodel/graphics/color/PDDeviceCMYK.java,1,1,1,1,13,0,11,1,,,,1,0,1,,11,11,4,11,,0,0,4,7,,213,24,147,51,63,42,,,68,91,44,57,,,,,6,6,6,3,,5,,0,29,20,20,20,13
File,"pdfbox/src/main/java/org/apache/pdfbox/pdmodel/graphics/color/PDDeviceColorSpace.java",pdfbox/src/main/java/org/apache/pdfbox/pdmodel/graphics/color/PDDeviceColorSpace.java,1,1,1,1,5,0,5,0,,,,1,0,0,,2,2,0,2,,0,0,0,2,,40,3,16,8,2,21,,,5,8,6,2,,,,,1,1,1,1,,0,,1,31,2,2,2,2
File,"pdfbox/src/main/java/org/apache/pdfbox/pdmodel/graphics/color/PDDeviceGray.java",pdfbox/src/main/java/org/apache/pdfbox/pdmodel/graphics/color/PDDeviceGray.java,1,1,1,1,7,0,6,0,,,,1,0,1,,8,8,1,8,,0,1,0,7,,104,15,64,28,21,25,,,28,39,23,21,,,,,3,3,3,1,,2,,0,39,10,10,10,8
File,"pdfbox/src/main/java/org/apache/pdfbox/pdmodel/graphics/color/PDDeviceN.java",pdfbox/src/main/java/org/apache/pdfbox/pdmodel/graphics/color/PDDeviceN.java,2,2,2,1,20,1,15,4,,,,1,0,4,,24,24,8,24,,0,5,0,19,,600,67,394,111,196,139,,,208,270,118,183,,,,,9,9,9,4,,4,,0,35,60,60,61,33
File,"pdfbox/src/main/java/org/apache/pdfbox/pdmodel/graphics/color/PDDeviceNAttributes.java",pdfbox/src/main/java/org/apache/pdfbox/pdmodel/graphics/color/PDDeviceNAttributes.java,1,1,1,1,14,0,10,3,,,,1,0,1,,8,8,1,8,,0,0,0,8,,171,15,102,30,44,54,,,47,65,31,41,,,,,4,4,4,1,,2,,0,53,15,15,15,8
File,"pdfbox/src/main/java/org/apache/pdfbox/pdmodel/graphics/color/PDDeviceNProcess.java",pdfbox/src/main/java/org/apache/pdfbox/pdmodel/graphics/color/PDDeviceNProcess.java,1,1,1,1,12,0,9,3,,,,1,0,1,,6,6,1,6,,0,0,0,6,,128,12,72,24,27,45,,,32,46,25,26,,,,,3,3,3,1,,2,,0,62,11,11,11,6
File,"pdfbox/src/main/java/org/apache/pdfbox/pdmodel/graphics/color/PDDeviceRGB.java",pdfbox/src/main/java/org/apache/pdfbox/pdmodel/graphics/color/PDDeviceRGB.java,1,1,1,1,6,0,5,1,,,,1,0,1,,8,8,1,8,,0,1,0,7,,97,12,50,24,11,35,,,16,25,17,11,,,,,1,1,1,1,,0,,0,70,8,8,8,8
File,"pdfbox/src/main/java/org/apache/pdfbox/pdmodel/graphics/color/PDGamma.java",pdfbox/src/main/java/org/apache/pdfbox/pdmodel/graphics/color/PDGamma.java,1,1,1,1,8,0,4,4,,,,1,0,0,,10,10,1,10,,0,0,0,10,,128,13,54,19,13,61,,,20,31,18,13,,,,,1,1,1,1,,0,,1,13,10,10,10,10
File,"pdfbox/src/main/java/org/apache/pdfbox/pdmodel/graphics/color/PDICCBased.java",pdfbox/src/main/java/org/apache/pdfbox/pdmodel/graphics/color/PDICCBased.java,2,2,2,1,16,0,13,3,,,,1,4,2,,27,23,8,27,,1,8,0,18,,574,36,419,100,189,121,,,168,235,93,159,,,,,7,7,9,5,,3,,0,29,69,65,74,39
File,"pdfbox/src/main/java/org/apache/pdfbox/pdmodel/graphics/color/PDIndexed.java",pdfbox/src/main/java/org/apache/pdfbox/pdmodel/graphics/color/PDIndexed.java,1,1,1,1,13,0,10,2,,,,1,0,0,,18,18,6,18,,0,4,0,14,,332,38,215,72,91,80,,,109,144,72,86,,,,,5,5,5,1,,2,,0,37,34,34,35,18
File,"pdfbox/src/main/java/org/apache/pdfbox/pdmodel/graphics/color/PDJPXColorSpace.java",pdfbox/src/main/java/org/apache/pdfbox/pdmodel/graphics/color/PDJPXColorSpace.java,1,1,1,1,6,0,5,0,,,,1,0,0,,9,9,1,9,,0,0,0,9,,99,12,61,27,14,26,,,22,33,20,14,,,,,2,2,2,1,,1,,0,43,10,10,10,9
File,"pdfbox/src/main/java/org/apache/pdfbox/pdmodel/graphics/color/PDLab.java",pdfbox/src/main/java/org/apache/pdfbox/pdmodel/graphics/color/PDLab.java,1,1,1,1,13,0,9,2,,,,1,0,0,,16,16,1,16,,0,3,0,13,,266,33,166,57,79,67,,,78,103,52,71,,,,,3,3,3,1,,2,,0,40,24,24,24,16
File,"pdfbox/src/main/java/org/apache/pdfbox/pdmodel/graphics/color/PDOutputIntent.java",pdfbox/src/main/java/org/apache/pdfbox/pdmodel/graphics/color/PDOutputIntent.java,1,1,1,1,4,0,4,0,,,,1,0,0,,13,13,1,13,,0,1,0,12,,117,16,77,32,20,24,,,33,47,30,20,,,,,1,1,1,1,,0,,0,31,13,13,13,13
File,"pdfbox/src/main/java/org/apache/pdfbox/pdmodel/graphics/color/PDPattern.java",pdfbox/src/main/java/org/apache/pdfbox/pdmodel/graphics/color/PDPattern.java,1,1,1,1,7,0,5,1,,,,1,0,1,,12,12,2,12,,0,0,0,12,,143,16,84,33,23,43,,,31,45,25,22,,,,,2,2,2,1,,1,,0,51,13,13,13,12
File,"pdfbox/src/main/java/org/apache/pdfbox/pdmodel/graphics/color/PDSeparation.java",pdfbox/src/main/java/org/apache/pdfbox/pdmodel/graphics/color/PDSeparation.java,1,1,1,1,12,0,10,2,,,,1,0,3,,17,17,4,17,,0,1,1,15,,301,28,202,74,99,72,,,105,135,70,85,,,,,5,5,5,1,,3,,0,36,29,29,30,17
File,"pdfbox/src/main/java/org/apache/pdfbox/pdmodel/graphics/color/PDSpecialColorSpace.java",pdfbox/src/main/java/org/apache/pdfbox/pdmodel/graphics/color/PDSpecialColorSpace.java,1,1,1,1,5,0,5,0,,,,1,0,0,,1,1,0,1,,0,0,0,1,,33,2,10,5,1,21,,,3,5,4,1,,,,,1,1,1,1,,0,,2,10,1,1,1,1
File,"pdfbox/src/main/java/org/apache/pdfbox/pdmodel/graphics/color/PDTristimulus.java",pdfbox/src/main/java/org/apache/pdfbox/pdmodel/graphics/color/PDTristimulus.java,1,1,1,1,8,0,4,3,,,,1,0,0,,10,10,1,10,,0,0,0,10,,131,13,58,19,15,60,,,23,35,19,16,,,,,2,2,3,1,,1,,1,03,11,11,12,10
File,"pdfbox/src/main/java/org/apache/pdfbox/pdmodel/graphics/form/PDFormXObject.java",pdfbox/src/main/java/org/apache/pdfbox/pdmodel/graphics/form/PDFormXObject.java,1,1,1,1,10,0,6,4,,,,1,0,0,,20,20,2,20,,0,0,0,20,,285,25,146,53,43,114,,,57,85,49,41,,,,,3,3,3,3,,2,,0,78,28,28,28,22
File,"pdfbox/src/main/java/org/apache/pdfbox/pdmodel/graphics/form/PDTransparencyGroup.java",pdfbox/src/main/java/org/apache/pdfbox/pdmodel/graphics/form/PDTransparencyGroup.java,1,1,1,1,8,0,4,4,,,,1,0,0,,3,3,0,3,,0,0,0,3,,59,5,20,9,3,34,,,8,12,9,3,,,,,1,1,1,1,,0,,1,70,3,3,3,3
File,"pdfbox/src/main/java/org/apache/pdfbox/pdmodel/graphics/form/PDTransparencyGroupAttributes.java",pdfbox/src/main/java/org/apache/pdfbox/pdmodel/graphics/form/PDTransparencyGroupAttributes.java,1,1,1,1,8,0,4,4,,,,1,0,0,,7,7,2,7,,0,0,0,7,,105,10,46,18,10,49,,,18,27,17,10,,,,,2,2,3,1,,1,,1,07,8,8,9,7
File,"pdfbox/src/main/java/org/apache/pdfbox/pdmodel/graphics/image/CCITTFactory.java",pdfbox/src/main/java/org/apache/pdfbox/pdmodel/graphics/image/CCITTFactory.java,4,3,5,1,38,1,27,9,,,,1,10,0,,11,1,0,11,,0,6,0,5,,477,31,326,70,161,124,,,130,178,61,138,,,,,37,26,38,3,,4,,0,38,54,43,56,13
File,"pdfbox/src/main/java/org/apache/pdfbox/pdmodel/graphics/image/JPEGFactory.java",pdfbox/src/main/java/org/apache/pdfbox/pdmodel/graphics/image/JPEGFactory.java,2,2,2,2,24,1,17,6,,,,2,13,1,,14,1,3,14,,0,9,0,5,,440,38,295,103,144,109,,,143,181,91,122,,,,,6,5,7,5,,3,,0,37,38,34,39,29
File,"pdfbox/src/main/java/org/apache/pdfbox/pdmodel/graphics/image/LosslessFactory.java",pdfbox/src/main/java/org/apache/pdfbox/pdmodel/graphics/image/LosslessFactory.java,4,3,4,1,33,2,27,4,,,,2,11,1,,18,7,21,18,,3,14,0,1,,715,64,543,164,315,108,,,299,367,159,245,,,,,16,11,16,6,,4,,0,20,78,70,85,31
File,"pdfbox/src/main/java/org/apache/pdfbox/pdmodel/graphics/image/PDImage.java",pdfbox/src/main/java/org/apache/pdfbox/pdmodel/graphics/image/PDImage.java,0,0,0,0,0,0,0,0,,,,1,0,0,,25,25,0,25,,25,0,0,0,,229,27,42,40,0,160,,,38,39,39,0,,,,,0,0,0,0,,0,,3,81,0,0,0,0
File,"pdfbox/src/main/java/org/apache/pdfbox/pdmodel/graphics/image/PDImageXObject.java",pdfbox/src/main/java/org/apache/pdfbox/pdmodel/graphics/image/PDImageXObject.java,2,2,2,1,18,0,12,5,,,,1,8,1,,47,39,4,47,,0,5,0,42,,985,66,648,178,275,271,,,248,361,155,247,,,,,15,15,18,7,,4,,0,42,116,116,137,80
File,"pdfbox/src/main/java/org/apache/pdfbox/pdmodel/graphics/image/PDInlineImage.java",pdfbox/src/main/java/org/apache/pdfbox/pdmodel/graphics/image/PDInlineImage.java,1,1,1,1,10,0,8,1,,,,1,0,0,,31,31,4,31,,0,2,0,29,,404,42,302,102,106,60,,,110,163,78,99,,,,,4,4,7,4,,2,,0,20,52,52,57,46
File,"pdfbox/src/main/java/org/apache/pdfbox/pdmodel/graphics/image/PNGConverter.java",pdfbox/src/main/java/org/apache/pdfbox/pdmodel/graphics/image/PNGConverter.java,4,3,5,4,31,1,25,4,,,,4,18,20,,24,6,19,24,,6,15,0,3,,935,69,701,171,409,183,,,343,444,166,317,,,,,26,12,26,24,,3,,0,26,116,92,127,98
File,"pdfbox/src/main/java/org/apache/pdfbox/pdmodel/graphics/image/SampledImageReader.java",pdfbox/src/main/java/org/apache/pdfbox/pdmodel/graphics/image/SampledImageReader.java,6,6,8,2,58,4,44,8,,,,1,11,1,,12,1,0,12,,0,8,0,4,,766,70,567,178,321,129,,,303,382,184,268,,,,,13,13,17,6,,7,,0,23,78,78,107,30
File,"pdfbox/src/main/java/org/apache/pdfbox/pdmodel/graphics/optionalcontent/PDOptionalContentGroup.java",pdfbox/src/main/java/org/apache/pdfbox/pdmodel/graphics/optionalcontent/PDOptionalContentGroup.java,1,1,1,0,9,0,6,2,,,,2,1,0,,9,10,3,11,,0,1,0,10,,151,12,81,25,27,58,,,27,43,22,25,,,,,9,9,9,1,,2,,0,72,19,19,19,9
File,"pdfbox/src/main/java/org/apache/pdfbox/pdmodel/graphics/optionalcontent/PDOptionalContentMembershipDictionary.java",pdfbox/src/main/java/org/apache/pdfbox/pdmodel/graphics/optionalcontent/PDOptionalContentMembershipDictionary.java,2,2,2,1,13,0,8,4,,,,1,0,0,,6,6,0,6,,0,0,0,6,,119,8,63,20,22,48,,,25,39,22,21,,,,,5,5,5,1,,3,,0,76,12,12,12,6
File,"pdfbox/src/main/java/org/apache/pdfbox/pdmodel/graphics/optionalcontent/PDOptionalContentProperties.java",pdfbox/src/main/java/org/apache/pdfbox/pdmodel/graphics/optionalcontent/PDOptionalContentProperties.java,2,2,2,1,16,0,11,3,,,,2,1,0,,20,21,5,22,,0,4,0,18,,432,38,283,77,132,112,,,111,173,83,126,,,,,10,10,10,8,,3,,0,40,52,52,54,36
File,"pdfbox/src/main/java/org/apache/pdfbox/pdmodel/graphics/pattern/PDAbstractPattern.java",pdfbox/src/main/java/org/apache/pdfbox/pdmodel/graphics/pattern/PDAbstractPattern.java,1,1,1,1,10,0,6,4,,,,1,1,2,,10,9,1,10,,0,0,0,10,,153,16,75,29,27,62,,,35,48,29,21,,,,,3,2,3,1,,1,,0,83,12,11,12,9
File,"pdfbox/src/main/java/org/apache/pdfbox/pdmodel/graphics/pattern/PDShadingPattern.java",pdfbox/src/main/java/org/apache/pdfbox/pdmodel/graphics/pattern/PDShadingPattern.java,1,1,1,1,10,0,6,3,,,,1,0,0,,7,7,2,7,,0,0,0,7,,112,10,58,19,17,44,,,21,33,18,17,,,,,3,3,3,1,,2,,0,76,11,11,11,7
File,"pdfbox/src/main/java/org/apache/pdfbox/pdmodel/graphics/pattern/PDTilingPattern.java",pdfbox/src/main/java/org/apache/pdfbox/pdmodel/graphics/pattern/PDTilingPattern.java,1,1,1,1,9,0,5,3,,,,1,0,5,,19,19,1,19,,0,0,0,19,,245,27,128,49,40,90,,,50,73,43,34,,,,,2,2,2,1,,1,,0,70,24,24,24,19
File,"pdfbox/src/main/java/org/apache/pdfbox/pdmodel/graphics/shading/AxialShadingContext.java",pdfbox/src/main/java/org/apache/pdfbox/pdmodel/graphics/shading/AxialShadingContext.java,3,3,3,2,27,0,20,6,,,,1,0,1,,8,8,11,8,,0,1,0,7,,286,19,196,54,91,71,,,99,124,53,78,,,,,12,12,12,11,,5,,0,36,24,24,25,18
File,"pdfbox/src/main/java/org/apache/pdfbox/pdmodel/graphics/shading/AxialShadingPaint.java",pdfbox/src/main/java/org/apache/pdfbox/pdmodel/graphics/shading/AxialShadingPaint.java,1,1,1,1,9,0,7,2,,,,1,0,1,,3,3,0,3,,1,0,0,2,,70,5,39,20,8,26,,,18,23,17,7,,,,,2,2,2,1,,1,,0,67,4,4,4,3
File,"pdfbox/src/main/java/org/apache/pdfbox/pdmodel/graphics/shading/CoonsPatch.java",pdfbox/src/main/java/org/apache/pdfbox/pdmodel/graphics/shading/CoonsPatch.java,2,2,3,1,21,0,19,2,,,,1,0,0,,8,8,0,8,,0,4,4,0,,217,16,158,54,92,48,,,75,95,48,65,,,,,9,9,17,1,,3,,0,30,19,19,27,8
File,"pdfbox/src/main/java/org/apache/pdfbox/pdmodel/graphics/shading/CoordinateColorPair.java",pdfbox/src/main/java/org/apache/pdfbox/pdmodel/graphics/shading/CoordinateColorPair.java,1,1,1,1,11,0,5,6,,,,1,0,0,,1,1,2,1,,1,0,0,0,,42,3,12,6,2,27,,,6,8,6,2,,,,,1,1,1,1,,0,,2,25,1,1,1,1
File,"pdfbox/src/main/java/org/apache/pdfbox/pdmodel/graphics/shading/CubicBezierCurve.java",pdfbox/src/main/java/org/apache/pdfbox/pdmodel/graphics/shading/CubicBezierCurve.java,1,1,1,1,14,0,10,3,,,,1,0,0,,5,5,3,5,,3,1,0,1,,108,7,61,21,29,40,,,26,37,20,20,,,,,3,3,3,1,,2,,0,66,9,9,9,5
File,"pdfbox/src/main/java/org/apache/pdfbox/pdmodel/graphics/shading/GouraudShadingContext.java",pdfbox/src/main/java/org/apache/pdfbox/pdmodel/graphics/shading/GouraudShadingContext.java,1,1,1,1,7,0,5,1,,,,1,0,0,,5,5,1,5,,1,0,3,1,,84,8,42,23,9,34,,,20,26,19,9,,,,,1,1,1,1,,0,,0,81,5,5,5,5
File,"pdfbox/src/main/java/org/apache/pdfbox/pdmodel/graphics/shading/IntPoint.java",pdfbox/src/main/java/org/apache/pdfbox/pdmodel/graphics/shading/IntPoint.java,2,2,2,2,10,0,10,0,,,,1,0,1,,3,3,0,3,,1,0,0,2,,72,6,40,13,13,26,,,14,22,11,12,,,,,5,5,6,4,,2,,0,65,7,7,8,6
File,"pdfbox/src/main/java/org/apache/pdfbox/pdmodel/graphics/shading/Line.java",pdfbox/src/main/java/org/apache/pdfbox/pdmodel/graphics/shading/Line.java,4,4,5,1,30,0,21,9,,,,1,0,0,,3,3,5,3,,1,1,1,0,,131,6,77,24,38,49,,,40,52,26,29,,,,,7,7,8,3,,2,,0,64,13,13,15,5
File,"pdfbox/src/main/java/org/apache/pdfbox/pdmodel/graphics/shading/PDMeshBasedShadingType.java",pdfbox/src/main/java/org/apache/pdfbox/pdmodel/graphics/shading/PDMeshBasedShadingType.java,6,5,7,2,50,1,42,6,,,,1,0,1,,6,6,0,6,,4,0,1,1,,264,16,194,60,107,54,,,101,127,59,85,,,,,13,10,16,7,,4,,0,28,25,22,28,10
File,"pdfbox/src/main/java/org/apache/pdfbox/pdmodel/graphics/shading/PDShading.java",pdfbox/src/main/java/org/apache/pdfbox/pdmodel/graphics/shading/PDShading.java,2,1,2,1,15,0,9,5,,,,1,1,7,,23,22,6,23,,0,1,0,22,,446,32,241,64,112,173,,,106,146,66,88,,,,,8,6,8,1,,3,,0,72,45,39,45,21
File,"pdfbox/src/main/java/org/apache/pdfbox/pdmodel/graphics/shading/PDShadingType1.java",pdfbox/src/main/java/org/apache/pdfbox/pdmodel/graphics/shading/PDShadingType1.java,1,1,1,1,9,0,6,3,,,,1,0,0,,7,7,1,7,,0,0,0,7,,108,10,54,21,16,44,,,22,33,20,14,,,,,2,2,2,1,,1,,0,81,9,9,9,7
File,"pdfbox/src/main/java/org/apache/pdfbox/pdmodel/graphics/shading/PDShadingType2.java",pdfbox/src/main/java/org/apache/pdfbox/pdmodel/graphics/shading/PDShadingType2.java,1,1,1,1,9,0,5,3,,,,1,0,0,,9,9,3,9,,0,0,0,9,,131,12,65,21,21,54,,,24,37,19,18,,,,,2,2,2,1,,1,,0,83,12,12,12,9
File,"pdfbox/src/main/java/org/apache/pdfbox/pdmodel/graphics/shading/PDShadingType3.java",pdfbox/src/main/java/org/apache/pdfbox/pdmodel/graphics/shading/PDShadingType3.java,1,1,1,1,6,0,4,1,,,,1,0,0,,3,3,0,3,,0,0,0,3,,50,5,21,10,3,24,,,7,11,8,3,,,,,1,1,1,1,,0,,1,14,3,3,3,3
File,"pdfbox/src/main/java/org/apache/pdfbox/pdmodel/graphics/shading/PDShadingType4.java",pdfbox/src/main/java/org/apache/pdfbox/pdmodel/graphics/shading/PDShadingType4.java,3,3,4,1,25,0,22,2,,,,1,0,1,,6,6,0,6,,1,0,0,5,,204,12,157,49,77,35,,,74,93,45,58,,,,,16,14,19,3,,5,,0,22,21,19,24,8
File,"pdfbox/src/main/java/org/apache/pdfbox/pdmodel/graphics/shading/PDShadingType5.java",pdfbox/src/main/java/org/apache/pdfbox/pdmodel/graphics/shading/PDShadingType5.java,2,2,3,1,19,1,16,2,,,,1,0,0,,7,7,0,7,,1,1,0,5,,184,17,131,44,60,37,,,72,92,45,57,,,,,10,10,13,4,,3,,0,28,18,18,21,10
File,"pdfbox/src/main/java/org/apache/pdfbox/pdmodel/graphics/shading/PDShadingType6.java",pdfbox/src/main/java/org/apache/pdfbox/pdmodel/graphics/shading/PDShadingType6.java,1,1,1,1,5,0,4,1,,,,1,0,0,,5,5,0,5,,0,0,1,4,,66,7,35,18,5,24,,,13,19,14,5,,,,,1,1,1,1,,0,,0,69,5,5,5,5
File,"pdfbox/src/main/java/org/apache/pdfbox/pdmodel/graphics/shading/PDShadingType7.java",pdfbox/src/main/java/org/apache/pdfbox/pdmodel/graphics/shading/PDShadingType7.java,1,1,1,1,5,0,4,1,,,,1,0,0,,5,5,0,5,,0,0,1,4,,66,7,35,18,5,24,,,13,19,14,5,,,,,1,1,1,1,,0,,0,69,5,5,5,5
File,"pdfbox/src/main/java/org/apache/pdfbox/pdmodel/graphics/shading/PDTriangleBasedShadingType.java",pdfbox/src/main/java/org/apache/pdfbox/pdmodel/graphics/shading/PDTriangleBasedShadingType.java,1,1,2,1,15,0,9,5,,,,1,0,1,,13,13,4,13,,2,1,2,8,,251,22,140,47,63,89,,,66,90,46,53,,,,,4,4,4,1,,2,,0,64,23,23,24,12
File,"pdfbox/src/main/java/org/apache/pdfbox/pdmodel/graphics/shading/Patch.java",pdfbox/src/main/java/org/apache/pdfbox/pdmodel/graphics/shading/Patch.java,1,1,2,1,17,0,12,5,,,,1,0,0,,12,12,4,12,,1,1,10,0,,232,15,124,55,53,95,,,65,82,52,39,,,,,5,5,8,1,,3,,0,77,16,16,23,9
File,"pdfbox/src/main/java/org/apache/pdfbox/pdmodel/graphics/shading/PatchMeshesShadingContext.java",pdfbox/src/main/java/org/apache/pdfbox/pdmodel/graphics/shading/PatchMeshesShadingContext.java,1,1,1,1,10,0,7,2,,,,1,0,0,,4,4,1,4,,0,0,3,1,,85,7,43,22,10,35,,,20,27,18,10,,,,,2,2,2,1,,1,,0,81,5,5,5,4
File,"pdfbox/src/main/java/org/apache/pdfbox/pdmodel/graphics/shading/RadialShadingContext.java",pdfbox/src/main/java/org/apache/pdfbox/pdmodel/graphics/shading/RadialShadingContext.java,3,3,4,2,33,0,25,7,,,,1,0,1,,9,9,13,9,,0,2,0,7,,370,21,258,64,121,91,,,118,152,62,100,,,,,19,19,26,17,,6,,0,35,33,33,41,25
File,"pdfbox/src/main/java/org/apache/pdfbox/pdmodel/graphics/shading/RadialShadingPaint.java",pdfbox/src/main/java/org/apache/pdfbox/pdmodel/graphics/shading/RadialShadingPaint.java,1,1,1,1,9,0,7,2,,,,1,0,1,,3,3,0,3,,1,0,0,2,,71,6,39,20,8,26,,,18,23,17,7,,,,,2,2,2,1,,1,,0,67,4,4,4,3
File,"pdfbox/src/main/java/org/apache/pdfbox/pdmodel/graphics/shading/ShadedTriangle.java",pdfbox/src/main/java/org/apache/pdfbox/pdmodel/graphics/shading/ShadedTriangle.java,2,1,2,1,17,0,12,5,,,,1,0,0,,11,11,8,11,,1,4,0,6,,269,22,152,53,78,99,,,74,97,51,66,,,,,5,5,7,5,,2,,0,65,22,21,26,17
File,"pdfbox/src/main/java/org/apache/pdfbox/pdmodel/graphics/shading/ShadingContext.java",pdfbox/src/main/java/org/apache/pdfbox/pdmodel/graphics/shading/ShadingContext.java,1,1,1,1,9,0,6,2,,,,1,0,0,,8,8,5,8,,5,0,0,3,,126,14,71,33,21,41,,,37,47,30,20,,,,,2,2,2,1,,1,,0,58,9,9,9,8
File,"pdfbox/src/main/java/org/apache/pdfbox/pdmodel/graphics/shading/ShadingPaint.java",pdfbox/src/main/java/org/apache/pdfbox/pdmodel/graphics/shading/ShadingPaint.java,1,1,1,1,6,0,4,2,,,,1,0,0,,3,3,2,3,,1,0,0,2,,55,6,21,9,4,28,,,9,13,9,4,,,,,1,1,1,1,,0,,1,33,3,3,3,3
File,"pdfbox/src/main/java/org/apache/pdfbox/pdmodel/graphics/shading/TensorPatch.java",pdfbox/src/main/java/org/apache/pdfbox/pdmodel/graphics/shading/TensorPatch.java,3,3,4,1,20,0,17,1,,,,1,0,0,,11,11,0,11,,0,7,4,0,,274,16,202,53,105,57,,,101,135,58,86,,,,,12,12,26,1,,4,,0,28,33,33,47,11
File,"pdfbox/src/main/java/org/apache/pdfbox/pdmodel/graphics/shading/TriangleBasedShadingContext.java",pdfbox/src/main/java/org/apache/pdfbox/pdmodel/graphics/shading/TriangleBasedShadingContext.java,4,4,4,2,27,0,22,4,,,,1,0,0,,7,7,1,7,,3,1,2,1,,193,12,129,42,59,52,,,62,88,45,56,,,,,10,10,10,6,,5,,0,40,20,20,21,10
File,"pdfbox/src/main/java/org/apache/pdfbox/pdmodel/graphics/shading/Type1ShadingContext.java",pdfbox/src/main/java/org/apache/pdfbox/pdmodel/graphics/shading/Type1ShadingContext.java,3,3,4,3,29,1,24,4,,,,1,0,1,,4,4,3,4,,1,0,0,3,,163,11,116,30,53,37,,,56,71,29,45,,,,,9,9,12,9,,4,,0,32,14,14,17,12
File,"pdfbox/src/main/java/org/apache/pdfbox/pdmodel/graphics/shading/Type1ShadingPaint.java",pdfbox/src/main/java/org/apache/pdfbox/pdmodel/graphics/shading/Type1ShadingPaint.java,1,1,1,1,9,0,7,2,,,,1,0,1,,3,3,0,3,,1,0,0,2,,69,5,39,20,8,25,,,18,23,17,7,,,,,2,2,2,1,,1,,0,64,4,4,4,3
File,"pdfbox/src/main/java/org/apache/pdfbox/pdmodel/graphics/shading/Type4ShadingContext.java",pdfbox/src/main/java/org/apache/pdfbox/pdmodel/graphics/shading/Type4ShadingContext.java,1,1,1,1,20,1,10,9,,,,1,0,1,,1,1,1,1,,1,0,0,0,,59,5,23,13,7,31,,,16,18,12,7,,,,,1,1,1,1,,0,,1,35,1,1,1,1
File,"pdfbox/src/main/java/org/apache/pdfbox/pdmodel/graphics/shading/Type4ShadingPaint.java",pdfbox/src/main/java/org/apache/pdfbox/pdmodel/graphics/shading/Type4ShadingPaint.java,1,1,1,1,9,0,7,2,,,,1,0,1,,3,3,0,3,,1,0,0,2,,69,5,39,20,8,25,,,18,23,17,7,,,,,2,2,2,1,,1,,0,64,4,4,4,3
File,"pdfbox/src/main/java/org/apache/pdfbox/pdmodel/graphics/shading/Type5ShadingContext.java",pdfbox/src/main/java/org/apache/pdfbox/pdmodel/graphics/shading/Type5ShadingContext.java,1,1,1,1,19,2,8,9,,,,1,0,1,,1,1,0,1,,1,0,0,0,,57,6,20,12,5,31,,,13,15,11,5,,,,,1,1,1,1,,0,,1,55,1,1,1,1
File,"pdfbox/src/main/java/org/apache/pdfbox/pdmodel/graphics/shading/Type5ShadingPaint.java",pdfbox/src/main/java/org/apache/pdfbox/pdmodel/graphics/shading/Type5ShadingPaint.java,1,1,1,1,9,0,7,2,,,,1,0,1,,3,3,0,3,,1,0,0,2,,69,5,39,20,8,25,,,18,23,17,7,,,,,2,2,2,1,,1,,0,64,4,4,4,3
File,"pdfbox/src/main/java/org/apache/pdfbox/pdmodel/graphics/shading/Type6ShadingContext.java",pdfbox/src/main/java/org/apache/pdfbox/pdmodel/graphics/shading/Type6ShadingContext.java,1,1,1,1,15,0,5,10,,,,1,0,0,,1,1,0,1,,1,0,0,0,,47,2,14,9,1,31,,,7,9,8,1,,,,,1,1,1,1,,0,,2,21,1,1,1,1
File,"pdfbox/src/main/java/org/apache/pdfbox/pdmodel/graphics/shading/Type6ShadingPaint.java",pdfbox/src/main/java/org/apache/pdfbox/pdmodel/graphics/shading/Type6ShadingPaint.java,1,1,1,1,9,0,7,2,,,,1,0,1,,3,3,0,3,,1,0,0,2,,71,5,39,20,8,27,,,18,23,17,7,,,,,2,2,2,1,,1,,0,69,4,4,4,3
File,"pdfbox/src/main/java/org/apache/pdfbox/pdmodel/graphics/shading/Type7ShadingContext.java",pdfbox/src/main/java/org/apache/pdfbox/pdmodel/graphics/shading/Type7ShadingContext.java,1,1,1,1,15,0,5,10,,,,1,0,0,,1,1,0,1,,1,0,0,0,,47,2,14,9,1,31,,,7,9,8,1,,,,,1,1,1,1,,0,,2,21,1,1,1,1
File,"pdfbox/src/main/java/org/apache/pdfbox/pdmodel/graphics/shading/Type7ShadingPaint.java",pdfbox/src/main/java/org/apache/pdfbox/pdmodel/graphics/shading/Type7ShadingPaint.java,1,1,1,1,9,0,7,2,,,,1,0,1,,3,3,0,3,,1,0,0,2,,71,5,39,20,8,27,,,18,23,17,7,,,,,2,2,2,1,,1,,0,69,4,4,4,3
File,"pdfbox/src/main/java/org/apache/pdfbox/pdmodel/graphics/shading/Vertex.java",pdfbox/src/main/java/org/apache/pdfbox/pdmodel/graphics/shading/Vertex.java,2,2,2,1,9,0,9,0,,,,1,0,0,,2,2,2,2,,1,0,0,1,,51,4,26,9,8,21,,,10,16,9,8,,,,,3,3,3,1,,2,,0,81,4,4,4,2
File,"pdfbox/src/main/java/org/apache/pdfbox/pdmodel/graphics/state/PDExtendedGraphicsState.java",pdfbox/src/main/java/org/apache/pdfbox/pdmodel/graphics/state/PDExtendedGraphicsState.java,1,1,1,1,13,0,7,5,,,,1,0,0,,48,48,1,48,,0,3,0,45,,719,54,373,80,136,292,,,111,196,80,128,,,,,27,27,27,23,,3,,0,78,86,86,90,70
File,"pdfbox/src/main/java/org/apache/pdfbox/pdmodel/graphics/state/PDGraphicsState.java",pdfbox/src/main/java/org/apache/pdfbox/pdmodel/graphics/state/PDGraphicsState.java,1,1,1,1,9,0,4,5,,,,1,0,0,,57,57,27,57,,0,1,0,56,,689,65,318,109,109,310,,,127,190,109,92,,,,,3,3,3,1,,1,,0,97,63,63,63,57
File,"pdfbox/src/main/java/org/apache/pdfbox/pdmodel/graphics/state/PDSoftMask.java",pdfbox/src/main/java/org/apache/pdfbox/pdmodel/graphics/state/PDSoftMask.java,2,2,2,1,13,0,9,3,,,,1,1,1,,9,8,6,9,,1,0,0,8,,181,14,108,34,38,59,,,41,61,33,32,,,,,4,4,4,4,,3,,0,55,19,19,19,12
File,"pdfbox/src/main/java/org/apache/pdfbox/pdmodel/graphics/state/PDTextState.java",pdfbox/src/main/java/org/apache/pdfbox/pdmodel/graphics/state/PDTextState.java,1,1,1,1,9,0,4,4,,,,1,0,0,,19,19,9,19,,0,0,0,19,,234,21,98,32,29,115,,,31,52,31,21,,,,,2,2,2,1,,1,,1,17,20,20,20,19
File,"pdfbox/src/main/java/org/apache/pdfbox/pdmodel/graphics/state/RenderingIntent.java",pdfbox/src/main/java/org/apache/pdfbox/pdmodel/graphics/state/RenderingIntent.java,1,1,1,1,4,0,3,1,,,,1,1,0,,3,4,5,5,,1,0,0,4,,75,9,28,10,6,38,,,7,13,7,6,,,,,3,3,3,3,,2,,1,36,5,5,5,5
File,"pdfbox/src/main/java/org/apache/pdfbox/pdmodel/graphics/state/RenderingMode.java",pdfbox/src/main/java/org/apache/pdfbox/pdmodel/graphics/state/RenderingMode.java,0,0,1,0,5,0,4,1,,,,1,1,1,,6,7,9,8,,1,0,0,7,,120,16,47,18,16,57,,,10,16,10,7,,,,,1,1,4,1,,0,,1,21,6,6,15,6
File,"pdfbox/src/main/java/org/apache/pdfbox/pdmodel/interactive/action/OpenMode.java",pdfbox/src/main/java/org/apache/pdfbox/pdmodel/interactive/action/OpenMode.java,0,0,0,0,0,0,0,0,,,,1,0,0,,0,2,3,2,,0,0,0,2,,40,4,7,5,0,29,,,1,2,2,0,,,,,0,0,0,0,,0,,4,14,0,0,0,0
File,"pdfbox/src/main/java/org/apache/pdfbox/pdmodel/interactive/action/PDAction.java",pdfbox/src/main/java/org/apache/pdfbox/pdmodel/interactive/action/PDAction.java,1,1,1,1,11,0,6,5,,,,1,0,1,,9,9,1,9,,0,0,2,7,,160,14,69,27,22,77,,,31,44,27,20,,,,,4,4,4,1,,2,,1,12,12,12,12,9
File,"pdfbox/src/main/java/org/apache/pdfbox/pdmodel/interactive/action/PDActionEmbeddedGoTo.java",pdfbox/src/main/java/org/apache/pdfbox/pdmodel/interactive/action/PDActionEmbeddedGoTo.java,2,1,2,1,13,0,7,5,,,,1,0,1,,10,10,0,10,,0,0,0,10,,187,13,92,27,37,82,,,36,53,27,30,,,,,5,4,5,1,,3,,0,89,20,18,20,10
File,"pdfbox/src/main/java/org/apache/pdfbox/pdmodel/interactive/action/PDActionFactory.java",pdfbox/src/main/java/org/apache/pdfbox/pdmodel/interactive/action/PDActionFactory.java,9,2,9,1,37,0,31,6,,,,1,1,0,,2,1,0,2,,0,1,0,1,,106,4,68,8,50,34,,,35,41,8,34,,,,,17,4,17,1,,3,,0,50,18,5,18,2
File,"pdfbox/src/main/java/org/apache/pdfbox/pdmodel/interactive/action/PDActionGoTo.java",pdfbox/src/main/java/org/apache/pdfbox/pdmodel/interactive/action/PDActionGoTo.java,1,1,1,1,13,0,7,5,,,,1,0,1,,4,4,0,4,,0,0,0,4,,96,7,42,17,13,47,,,17,25,17,10,,,,,4,4,4,1,,3,,1,12,7,7,7,4
File,"pdfbox/src/main/java/org/apache/pdfbox/pdmodel/interactive/action/PDActionHide.java",pdfbox/src/main/java/org/apache/pdfbox/pdmodel/interactive/action/PDActionHide.java,1,1,1,1,8,0,4,4,,,,1,0,1,,6,6,0,6,,0,0,0,6,,92,10,33,13,7,49,,,12,19,13,6,,,,,1,1,1,1,,0,,1,48,6,6,6,6
File,"pdfbox/src/main/java/org/apache/pdfbox/pdmodel/interactive/action/PDActionImportData.java",pdfbox/src/main/java/org/apache/pdfbox/pdmodel/interactive/action/PDActionImportData.java,1,1,1,1,8,0,4,4,,,,1,0,1,,4,4,0,4,,0,0,0,4,,76,10,25,11,5,41,,,10,15,11,4,,,,,1,1,1,1,,0,,1,64,4,4,4,4
File,"pdfbox/src/main/java/org/apache/pdfbox/pdmodel/interactive/action/PDActionJavaScript.java",pdfbox/src/main/java/org/apache/pdfbox/pdmodel/interactive/action/PDActionJavaScript.java,1,1,1,1,10,0,6,3,,,,1,0,1,,5,5,0,5,,0,0,0,5,,93,7,43,14,13,43,,,16,24,14,11,,,,,3,3,3,3,,1,,1,00,7,7,7,7
File,"pdfbox/src/main/java/org/apache/pdfbox/pdmodel/interactive/action/PDActionLaunch.java",pdfbox/src/main/java/org/apache/pdfbox/pdmodel/interactive/action/PDActionLaunch.java,1,1,1,1,12,0,5,6,,,,1,0,1,,16,16,0,16,,0,0,0,16,,250,21,98,26,35,131,,,34,54,26,30,,,,,5,3,5,1,,1,,1,34,23,21,23,16
File,"pdfbox/src/main/java/org/apache/pdfbox/pdmodel/interactive/action/PDActionMovie.java",pdfbox/src/main/java/org/apache/pdfbox/pdmodel/interactive/action/PDActionMovie.java,1,1,1,1,8,0,4,4,,,,1,0,1,,2,2,0,2,,0,0,0,2,,50,6,14,6,3,30,,,5,8,6,2,,,,,1,1,1,1,,0,,2,14,2,2,2,2
File,"pdfbox/src/main/java/org/apache/pdfbox/pdmodel/interactive/action/PDActionNamed.java",pdfbox/src/main/java/org/apache/pdfbox/pdmodel/interactive/action/PDActionNamed.java,1,1,1,1,8,0,4,4,,,,1,0,1,,4,4,0,4,,0,0,0,4,,68,6,22,8,5,40,,,7,12,8,4,,,,,1,1,1,1,,0,,1,82,4,4,4,4
File,"pdfbox/src/main/java/org/apache/pdfbox/pdmodel/interactive/action/PDActionRemoteGoTo.java",pdfbox/src/main/java/org/apache/pdfbox/pdmodel/interactive/action/PDActionRemoteGoTo.java,1,1,1,1,13,0,6,6,,,,1,0,1,,8,8,0,8,,0,0,0,8,,157,14,66,18,26,77,,,26,38,18,21,,,,,5,3,5,1,,1,,1,17,14,12,14,8
File,"pdfbox/src/main/java/org/apache/pdfbox/pdmodel/interactive/action/PDActionResetForm.java",pdfbox/src/main/java/org/apache/pdfbox/pdmodel/interactive/action/PDActionResetForm.java,1,1,1,1,8,0,4,4,,,,1,0,1,,6,6,0,6,,0,0,0,6,,90,11,32,12,7,47,,,11,18,12,6,,,,,1,1,1,1,,0,,1,47,6,6,6,6
File,"pdfbox/src/main/java/org/apache/pdfbox/pdmodel/interactive/action/PDActionSound.java",pdfbox/src/main/java/org/apache/pdfbox/pdmodel/interactive/action/PDActionSound.java,1,1,1,1,10,0,4,5,,,,1,0,1,,12,12,0,12,,0,0,0,12,,172,16,61,19,16,95,,,19,33,19,15,,,,,2,2,3,1,,1,,1,56,14,14,16,12
File,"pdfbox/src/main/java/org/apache/pdfbox/pdmodel/interactive/action/PDActionSubmitForm.java",pdfbox/src/main/java/org/apache/pdfbox/pdmodel/interactive/action/PDActionSubmitForm.java,1,1,1,1,8,0,4,4,,,,1,0,1,,8,8,0,8,,0,0,0,8,,116,14,42,16,9,60,,,15,24,16,8,,,,,1,1,1,1,,0,,1,43,8,8,8,8
File,"pdfbox/src/main/java/org/apache/pdfbox/pdmodel/interactive/action/PDActionThread.java",pdfbox/src/main/java/org/apache/pdfbox/pdmodel/interactive/action/PDActionThread.java,1,1,1,1,7,0,4,3,,,,1,0,1,,8,8,0,8,,0,0,0,8,,114,14,42,16,9,58,,,15,24,16,8,,,,,1,1,1,1,,0,,1,38,8,8,8,8
File,"pdfbox/src/main/java/org/apache/pdfbox/pdmodel/interactive/action/PDActionURI.java",pdfbox/src/main/java/org/apache/pdfbox/pdmodel/interactive/action/PDActionURI.java,1,1,2,1,13,0,6,6,,,,1,0,1,,6,6,0,6,,0,0,0,6,,121,8,51,16,16,62,,,18,29,16,15,,,,,5,5,7,5,,3,,1,22,10,10,12,10
File,"pdfbox/src/main/java/org/apache/pdfbox/pdmodel/interactive/action/PDAdditionalActions.java",pdfbox/src/main/java/org/apache/pdfbox/pdmodel/interactive/action/PDAdditionalActions.java,1,1,1,1,8,0,4,4,,,,1,0,0,,5,5,1,5,,0,0,0,5,,80,7,29,12,5,44,,,10,16,11,5,,,,,1,1,1,1,,0,,1,52,5,5,5,5
File,"pdfbox/src/main/java/org/apache/pdfbox/pdmodel/interactive/action/PDAnnotationAdditionalActions.java",pdfbox/src/main/java/org/apache/pdfbox/pdmodel/interactive/action/PDAnnotationAdditionalActions.java,1,1,1,1,10,0,4,6,,,,1,0,0,,23,23,1,23,,0,0,0,23,,304,25,111,40,33,168,,,38,62,39,33,,,,,2,2,2,1,,0,,1,51,33,33,33,23
File,"pdfbox/src/main/java/org/apache/pdfbox/pdmodel/interactive/action/PDDocumentCatalogAdditionalActions.java",pdfbox/src/main/java/org/apache/pdfbox/pdmodel/interactive/action/PDDocumentCatalogAdditionalActions.java,1,1,1,1,10,0,4,6,,,,1,0,0,,13,13,1,13,,0,0,0,13,,187,15,66,25,18,106,,,23,37,24,18,,,,,2,2,2,1,,0,,1,61,18,18,18,13
File,"pdfbox/src/main/java/org/apache/pdfbox/pdmodel/interactive/action/PDFormFieldAdditionalActions.java",pdfbox/src/main/java/org/apache/pdfbox/pdmodel/interactive/action/PDFormFieldAdditionalActions.java,1,1,1,1,11,0,4,7,,,,1,0,0,,11,11,1,11,,0,0,0,11,,170,13,57,22,15,100,,,20,32,21,15,,,,,2,2,2,1,,0,,1,75,15,15,15,11
File,"pdfbox/src/main/java/org/apache/pdfbox/pdmodel/interactive/action/PDPageAdditionalActions.java",pdfbox/src/main/java/org/apache/pdfbox/pdmodel/interactive/action/PDPageAdditionalActions.java,1,1,1,1,10,0,4,6,,,,1,0,0,,7,7,1,7,,0,0,0,7,,114,9,39,16,9,66,,,14,22,15,9,,,,,2,2,2,1,,0,,1,69,9,9,9,7
File,"pdfbox/src/main/java/org/apache/pdfbox/pdmodel/interactive/action/PDTargetDirectory.java",pdfbox/src/main/java/org/apache/pdfbox/pdmodel/interactive/action/PDTargetDirectory.java,1,1,1,1,11,0,5,6,,,,1,0,0,,17,17,1,17,,0,0,0,17,,256,20,111,29,32,125,,,32,55,28,29,,,,,2,2,3,1,,1,,1,13,23,23,24,17
File,"pdfbox/src/main/java/org/apache/pdfbox/pdmodel/interactive/action/PDURIDictionary.java",pdfbox/src/main/java/org/apache/pdfbox/pdmodel/interactive/action/PDURIDictionary.java,1,1,1,1,10,0,4,6,,,,1,0,0,,5,5,1,5,,0,0,0,5,,90,9,28,11,5,53,,,9,15,10,5,,,,,1,1,1,1,,0,,1,89,5,5,5,5
File,"pdfbox/src/main/java/org/apache/pdfbox/pdmodel/interactive/action/PDWindowsLaunchParams.java",pdfbox/src/main/java/org/apache/pdfbox/pdmodel/interactive/action/PDWindowsLaunchParams.java,1,1,1,1,9,0,4,5,,,,1,0,2,,11,11,1,11,,0,0,0,11,,156,15,55,20,13,86,,,18,30,19,11,,,,,1,1,1,1,,0,,1,56,11,11,11,11
File,"pdfbox/src/main/java/org/apache/pdfbox/pdmodel/interactive/annotation/AnnotationFilter.java",pdfbox/src/main/java/org/apache/pdfbox/pdmodel/interactive/annotation/AnnotationFilter.java,0,0,0,0,0,0,0,0,,,,1,0,0,,1,1,0,1,,1,0,0,0,,29,1,6,4,0,22,,,2,3,3,0,,,,,0,0,0,0,,0,,3,67,0,0,0,0
File,"pdfbox/src/main/java/org/apache/pdfbox/pdmodel/interactive/annotation/PDAnnotation.java",pdfbox/src/main/java/org/apache/pdfbox/pdmodel/interactive/annotation/PDAnnotation.java,1,1,1,1,13,0,7,5,,,,1,1,11,,57,56,1,57,,0,0,2,55,,897,69,453,112,176,375,,,153,245,109,150,,,,,21,21,21,4,,3,,0,83,96,94,100,62
File,"pdfbox/src/main/java/org/apache/pdfbox/pdmodel/interactive/annotation/PDAnnotationCaret.java",pdfbox/src/main/java/org/apache/pdfbox/pdmodel/interactive/annotation/PDAnnotationCaret.java,1,1,1,1,10,0,5,4,,,,1,0,1,,8,8,1,8,,0,0,0,8,,127,11,60,24,19,56,,,26,36,22,17,,,,,2,2,2,1,,1,,0,93,10,10,10,8
File,"pdfbox/src/main/java/org/apache/pdfbox/pdmodel/interactive/annotation/PDAnnotationCircle.java",pdfbox/src/main/java/org/apache/pdfbox/pdmodel/interactive/annotation/PDAnnotationCircle.java,1,1,1,1,8,0,6,2,,,,1,0,1,,5,5,1,5,,0,0,0,5,,80,9,40,16,10,31,,,14,21,14,8,,,,,2,2,2,1,,1,,0,78,6,6,6,5
File,"pdfbox/src/main/java/org/apache/pdfbox/pdmodel/interactive/annotation/PDAnnotationFileAttachment.java",pdfbox/src/main/java/org/apache/pdfbox/pdmodel/interactive/annotation/PDAnnotationFileAttachment.java,1,1,1,1,9,0,5,3,,,,1,0,5,,9,9,1,9,,0,0,0,9,,148,14,63,27,18,71,,,25,36,25,12,,,,,2,2,2,1,,1,,1,13,10,10,10,9
File,"pdfbox/src/main/java/org/apache/pdfbox/pdmodel/interactive/annotation/PDAnnotationFreeText.java",pdfbox/src/main/java/org/apache/pdfbox/pdmodel/interactive/annotation/PDAnnotationFreeText.java,1,1,1,1,10,0,4,5,,,,1,0,4,,22,22,1,22,,0,0,0,22,,316,28,126,47,41,162,,,50,74,45,36,,,,,2,2,2,1,,1,,1,29,27,27,27,22
File,"pdfbox/src/main/java/org/apache/pdfbox/pdmodel/interactive/annotation/PDAnnotationHighlight.java",pdfbox/src/main/java/org/apache/pdfbox/pdmodel/interactive/annotation/PDAnnotationHighlight.java,1,1,1,1,8,0,6,2,,,,1,0,1,,5,5,1,5,,0,0,0,5,,84,9,40,16,10,35,,,14,21,14,8,,,,,2,2,2,1,,1,,0,88,6,6,6,5
File,"pdfbox/src/main/java/org/apache/pdfbox/pdmodel/interactive/annotation/PDAnnotationInk.java",pdfbox/src/main/java/org/apache/pdfbox/pdmodel/interactive/annotation/PDAnnotationInk.java,1,1,1,1,13,0,9,3,,,,1,0,1,,7,7,1,7,,0,0,0,7,,140,11,81,26,30,48,,,33,48,26,28,,,,,4,4,4,1,,3,,0,59,13,13,13,7
File,"pdfbox/src/main/java/org/apache/pdfbox/pdmodel/interactive/annotation/PDAnnotationLine.java",pdfbox/src/main/java/org/apache/pdfbox/pdmodel/interactive/annotation/PDAnnotationLine.java,1,1,1,1,11,0,6,4,,,,1,0,13,,27,27,1,27,,0,0,0,27,,440,44,204,66,84,192,,,82,117,64,64,,,,,3,3,4,1,,1,,0,94,39,39,43,27
File,"pdfbox/src/main/java/org/apache/pdfbox/pdmodel/interactive/annotation/PDAnnotationLink.java",pdfbox/src/main/java/org/apache/pdfbox/pdmodel/interactive/annotation/PDAnnotationLink.java,1,1,1,1,9,0,4,4,,,,1,0,5,,17,17,1,17,,0,0,0,17,,248,23,105,44,32,120,,,43,62,42,26,,,,,2,2,2,1,,1,,1,14,22,22,22,17
File,"pdfbox/src/main/java/org/apache/pdfbox/pdmodel/interactive/annotation/PDAnnotationMarkup.java",pdfbox/src/main/java/org/apache/pdfbox/pdmodel/interactive/annotation/PDAnnotationMarkup.java,1,1,1,1,9,0,4,5,,,,1,0,2,,24,24,0,24,,0,0,0,24,,311,28,124,40,35,159,,,40,67,40,32,,,,,3,3,3,3,,1,,1,28,30,30,30,26
File,"pdfbox/src/main/java/org/apache/pdfbox/pdmodel/interactive/annotation/PDAnnotationPolygon.java",pdfbox/src/main/java/org/apache/pdfbox/pdmodel/interactive/annotation/PDAnnotationPolygon.java,1,1,1,1,11,0,6,4,,,,1,0,1,,12,12,1,12,,0,0,0,12,,190,16,94,33,31,80,,,37,54,32,29,,,,,4,4,4,1,,3,,0,85,18,18,18,12
File,"pdfbox/src/main/java/org/apache/pdfbox/pdmodel/interactive/annotation/PDAnnotationPolyline.java",pdfbox/src/main/java/org/apache/pdfbox/pdmodel/interactive/annotation/PDAnnotationPolyline.java,1,1,1,1,11,0,7,4,,,,1,0,1,,13,13,1,13,,0,0,0,13,,206,16,112,35,43,78,,,44,63,33,37,,,,,3,3,4,1,,1,,0,70,21,21,25,13
File,"pdfbox/src/main/java/org/apache/pdfbox/pdmodel/interactive/annotation/PDAnnotationPopup.java",pdfbox/src/main/java/org/apache/pdfbox/pdmodel/interactive/annotation/PDAnnotationPopup.java,1,1,1,1,10,0,5,4,,,,1,0,2,,6,6,0,6,,0,0,0,6,,110,12,45,16,14,53,,,17,25,16,10,,,,,2,2,2,1,,1,,1,18,7,7,7,6
File,"pdfbox/src/main/java/org/apache/pdfbox/pdmodel/interactive/annotation/PDAnnotationRubberStamp.java",pdfbox/src/main/java/org/apache/pdfbox/pdmodel/interactive/annotation/PDAnnotationRubberStamp.java,1,1,1,1,9,0,4,5,,,,1,0,15,,4,4,0,4,,0,0,0,4,,135,9,37,23,19,89,,,22,27,23,4,,,,,1,1,1,1,,0,,2,41,4,4,4,4
File,"pdfbox/src/main/java/org/apache/pdfbox/pdmodel/interactive/annotation/PDAnnotationSound.java",pdfbox/src/main/java/org/apache/pdfbox/pdmodel/interactive/annotation/PDAnnotationSound.java,1,1,1,1,8,0,6,2,,,,1,0,1,,5,5,1,5,,0,0,0,5,,81,8,41,17,10,32,,,15,22,15,8,,,,,2,2,2,1,,1,,0,78,6,6,6,5
File,"pdfbox/src/main/java/org/apache/pdfbox/pdmodel/interactive/annotation/PDAnnotationSquare.java",pdfbox/src/main/java/org/apache/pdfbox/pdmodel/interactive/annotation/PDAnnotationSquare.java,1,1,1,1,8,0,6,2,,,,1,0,1,,5,5,1,5,,0,0,0,5,,81,9,40,16,10,32,,,14,21,14,8,,,,,2,2,2,1,,1,,0,80,6,6,6,5
File,"pdfbox/src/main/java/org/apache/pdfbox/pdmodel/interactive/annotation/PDAnnotationSquareCircle.java",pdfbox/src/main/java/org/apache/pdfbox/pdmodel/interactive/annotation/PDAnnotationSquareCircle.java,1,1,1,1,11,0,4,6,,,,1,0,0,,12,12,0,12,,0,0,2,10,,174,14,64,25,19,96,,,27,39,24,19,,,,,2,2,2,1,,0,,1,50,14,14,14,11
File,"pdfbox/src/main/java/org/apache/pdfbox/pdmodel/interactive/annotation/PDAnnotationSquiggly.java",pdfbox/src/main/java/org/apache/pdfbox/pdmodel/interactive/annotation/PDAnnotationSquiggly.java,1,1,1,1,8,0,6,2,,,,1,0,1,,5,5,1,5,,0,0,0,5,,84,9,40,16,10,35,,,14,21,14,8,,,,,2,2,2,1,,1,,0,88,6,6,6,5
File,"pdfbox/src/main/java/org/apache/pdfbox/pdmodel/interactive/annotation/PDAnnotationStrikeout.java",pdfbox/src/main/java/org/apache/pdfbox/pdmodel/interactive/annotation/PDAnnotationStrikeout.java,1,1,1,1,8,0,6,2,,,,1,0,1,,5,5,1,5,,0,0,0,5,,84,9,40,16,10,35,,,14,21,14,8,,,,,2,2,2,1,,1,,0,88,6,6,6,5
File,"pdfbox/src/main/java/org/apache/pdfbox/pdmodel/interactive/annotation/PDAnnotationText.java",pdfbox/src/main/java/org/apache/pdfbox/pdmodel/interactive/annotation/PDAnnotationText.java,1,1,1,1,9,0,4,4,,,,1,0,17,,13,13,1,13,,0,0,0,13,,252,33,89,41,34,130,,,39,54,39,16,,,,,2,2,2,1,,1,,1,46,14,14,14,13
File,"pdfbox/src/main/java/org/apache/pdfbox/pdmodel/interactive/annotation/PDAnnotationTextMarkup.java",pdfbox/src/main/java/org/apache/pdfbox/pdmodel/interactive/annotation/PDAnnotationTextMarkup.java,1,1,1,1,10,0,5,5,,,,1,0,0,,4,4,0,4,,0,0,2,2,,76,6,27,11,8,43,,,12,17,11,8,,,,,2,2,2,1,,0,,1,59,5,5,5,4
File,"pdfbox/src/main/java/org/apache/pdfbox/pdmodel/interactive/annotation/PDAnnotationUnderline.java",pdfbox/src/main/java/org/apache/pdfbox/pdmodel/interactive/annotation/PDAnnotationUnderline.java,1,1,1,1,8,0,6,2,,,,1,0,1,,5,5,1,5,,0,0,0,5,,84,9,40,16,10,35,,,14,21,14,8,,,,,2,2,2,1,,1,,0,88,6,6,6,5
File,"pdfbox/src/main/java/org/apache/pdfbox/pdmodel/interactive/annotation/PDAnnotationUnknown.java",pdfbox/src/main/java/org/apache/pdfbox/pdmodel/interactive/annotation/PDAnnotationUnknown.java,1,1,1,1,10,0,4,6,,,,1,0,0,,1,1,0,1,,0,0,0,1,,39,3,9,4,1,27,,,3,5,4,1,,,,,1,1,1,1,,0,,3,00,1,1,1,1
File,"pdfbox/src/main/java/org/apache/pdfbox/pdmodel/interactive/annotation/PDAnnotationWidget.java",pdfbox/src/main/java/org/apache/pdfbox/pdmodel/interactive/annotation/PDAnnotationWidget.java,1,1,1,1,12,0,5,7,,,,1,0,1,,13,13,0,13,,0,0,0,13,,232,16,83,27,27,133,,,28,44,26,22,,,,,2,2,7,1,,1,,1,60,19,19,24,13
File,"pdfbox/src/main/java/org/apache/pdfbox/pdmodel/interactive/annotation/PDAppearanceCharacteristicsDictionary.java",pdfbox/src/main/java/org/apache/pdfbox/pdmodel/interactive/annotation/PDAppearanceCharacteristicsDictionary.java,1,1,1,1,10,0,5,4,,,,1,0,0,,18,18,1,18,,0,1,0,17,,239,22,112,38,36,105,,,44,65,37,32,,,,,5,3,5,5,,2,,0,94,25,23,25,22
File,"pdfbox/src/main/java/org/apache/pdfbox/pdmodel/interactive/annotation/PDAppearanceDictionary.java",pdfbox/src/main/java/org/apache/pdfbox/pdmodel/interactive/annotation/PDAppearanceDictionary.java,1,1,1,1,9,0,4,5,,,,1,0,0,,12,12,1,12,,0,0,0,12,,159,15,61,22,16,83,,,21,34,21,16,,,,,2,2,2,1,,0,,1,36,15,15,15,12
File,"pdfbox/src/main/java/org/apache/pdfbox/pdmodel/interactive/annotation/PDAppearanceEntry.java",pdfbox/src/main/java/org/apache/pdfbox/pdmodel/interactive/annotation/PDAppearanceEntry.java,1,1,1,1,10,0,6,3,,,,1,0,0,,7,7,1,7,,0,1,0,6,,113,12,58,21,16,43,,,21,34,21,15,,,,,4,4,4,1,,2,,0,74,11,11,11,7
File,"pdfbox/src/main/java/org/apache/pdfbox/pdmodel/interactive/annotation/PDAppearanceStream.java",pdfbox/src/main/java/org/apache/pdfbox/pdmodel/interactive/annotation/PDAppearanceStream.java,1,1,1,1,9,0,4,5,,,,1,0,0,,2,2,0,2,,0,0,0,2,,52,4,15,7,2,33,,,6,9,7,2,,,,,1,1,1,1,,0,,2,20,2,2,2,2
File,"pdfbox/src/main/java/org/apache/pdfbox/pdmodel/interactive/annotation/PDBorderEffectDictionary.java",pdfbox/src/main/java/org/apache/pdfbox/pdmodel/interactive/annotation/PDBorderEffectDictionary.java,1,1,1,1,8,0,4,4,,,,1,0,2,,7,7,1,7,,0,0,0,7,,116,15,38,15,9,63,,,13,21,14,7,,,,,1,1,1,1,,0,,1,66,7,7,7,7
File,"pdfbox/src/main/java/org/apache/pdfbox/pdmodel/interactive/annotation/PDBorderStyleDictionary.java",pdfbox/src/main/java/org/apache/pdfbox/pdmodel/interactive/annotation/PDBorderStyleDictionary.java,1,1,1,1,11,0,6,5,,,,1,0,5,,9,9,1,9,,0,0,0,9,,182,20,71,25,24,91,,,28,41,24,18,,,,,2,2,2,1,,1,,1,28,12,12,12,9
File,"pdfbox/src/main/java/org/apache/pdfbox/pdmodel/interactive/annotation/PDExternalDataDictionary.java",pdfbox/src/main/java/org/apache/pdfbox/pdmodel/interactive/annotation/PDExternalDataDictionary.java,1,1,1,1,9,0,4,4,,,,1,0,0,,6,6,1,6,,0,0,0,6,,92,10,34,13,7,48,,,12,19,12,7,,,,,1,1,1,1,,0,,1,41,6,6,6,6
File,"pdfbox/src/main/java/org/apache/pdfbox/pdmodel/interactive/annotation/handlers/AnnotationBorder.java",pdfbox/src/main/java/org/apache/pdfbox/pdmodel/interactive/annotation/handlers/AnnotationBorder.java,11,11,12,4,50,0,50,0,,,,1,1,0,,1,0,3,1,,1,0,0,0,,88,4,62,16,27,22,,,22,35,16,22,,,,,11,11,12,4,,3,,0,35,11,11,12,4
File,"pdfbox/src/main/java/org/apache/pdfbox/pdmodel/interactive/annotation/handlers/CloudyBorder.java",pdfbox/src/main/java/org/apache/pdfbox/pdmodel/interactive/annotation/handlers/CloudyBorder.java,3,3,3,1,26,2,20,4,,,,1,3,5,,38,35,10,38,,8,30,0,0,,1105,124,788,245,466,193,,,410,518,238,338,,,,,20,20,25,10,,4,,0,24,116,115,125,54
File,"pdfbox/src/main/java/org/apache/pdfbox/pdmodel/interactive/annotation/handlers/PDAbstractAppearanceHandler.java",pdfbox/src/main/java/org/apache/pdfbox/pdmodel/interactive/annotation/handlers/PDAbstractAppearanceHandler.java,1,1,1,1,16,0,9,5,,,,1,3,4,,28,25,3,28,,18,6,2,2,,552,47,310,89,168,195,,,159,200,85,141,,,,,12,4,14,8,,1,,0,63,50,42,55,35
File,"pdfbox/src/main/java/org/apache/pdfbox/pdmodel/interactive/annotation/handlers/PDAppearanceHandler.java",pdfbox/src/main/java/org/apache/pdfbox/pdmodel/interactive/annotation/handlers/PDAppearanceHandler.java,1,1,1,1,6,0,6,0,,,,1,0,0,,4,4,0,4,,4,0,0,0,,34,5,13,6,3,16,,,7,9,6,3,,,,,1,1,1,1,,0,,1,23,1,1,1,1
File,"pdfbox/src/main/java/org/apache/pdfbox/pdmodel/interactive/annotation/handlers/PDCaretAppearanceHandler.java",pdfbox/src/main/java/org/apache/pdfbox/pdmodel/interactive/annotation/handlers/PDCaretAppearanceHandler.java,1,1,1,1,14,0,11,2,,,,1,0,1,,5,5,0,5,,0,0,0,5,,112,10,72,30,34,30,,,37,45,26,28,,,,,3,3,3,1,,2,,0,42,7,7,7,5
File,"pdfbox/src/main/java/org/apache/pdfbox/pdmodel/interactive/annotation/handlers/PDCircleAppearanceHandler.java",pdfbox/src/main/java/org/apache/pdfbox/pdmodel/interactive/annotation/handlers/PDCircleAppearanceHandler.java,1,1,2,1,19,1,14,3,,,,1,0,1,,6,6,0,6,,1,0,0,5,,171,20,105,50,51,46,,,58,70,45,46,,,,,4,4,4,4,,2,,0,44,11,11,12,9
File,"pdfbox/src/main/java/org/apache/pdfbox/pdmodel/interactive/annotation/handlers/PDFileAttachmentAppearanceHandler.java",pdfbox/src/main/java/org/apache/pdfbox/pdmodel/interactive/annotation/handlers/PDFileAttachmentAppearanceHandler.java,1,1,1,1,13,0,11,2,,,,1,0,1,,6,6,0,6,,0,1,0,5,,124,12,80,23,43,32,,,50,58,20,41,,,,,2,2,2,1,,1,,0,40,7,7,7,6
File,"pdfbox/src/main/java/org/apache/pdfbox/pdmodel/interactive/annotation/handlers/PDFreeTextAppearanceHandler.java",pdfbox/src/main/java/org/apache/pdfbox/pdmodel/interactive/annotation/handlers/PDFreeTextAppearanceHandler.java,7,7,9,1,61,2,51,7,,,,1,0,2,,7,7,2,7,,0,2,0,5,,502,29,401,117,231,72,,,203,252,114,177,,,,,30,27,37,1,,5,,0,18,55,50,65,7
File,"pdfbox/src/main/java/org/apache/pdfbox/pdmodel/interactive/annotation/handlers/PDHighlightAppearanceHandler.java",pdfbox/src/main/java/org/apache/pdfbox/pdmodel/interactive/annotation/handlers/PDHighlightAppearanceHandler.java,3,3,5,1,36,1,30,4,,,,1,0,1,,5,5,0,5,,0,0,0,5,,229,17,171,48,97,41,,,85,106,46,72,,,,,14,14,21,4,,4,,0,24,18,18,25,8
File,"pdfbox/src/main/java/org/apache/pdfbox/pdmodel/interactive/annotation/handlers/PDInkAppearanceHandler.java",pdfbox/src/main/java/org/apache/pdfbox/pdmodel/interactive/annotation/handlers/PDInkAppearanceHandler.java,3,3,3,1,20,1,18,1,,,,1,0,1,,5,5,0,5,,0,0,0,5,,145,14,104,34,49,27,,,51,69,35,39,,,,,11,11,12,4,,4,,0,26,15,15,16,8
File,"pdfbox/src/main/java/org/apache/pdfbox/pdmodel/interactive/annotation/handlers/PDLineAppearanceHandler.java",pdfbox/src/main/java/org/apache/pdfbox/pdmodel/interactive/annotation/handlers/PDLineAppearanceHandler.java,5,5,6,1,58,5,42,10,,,,1,0,2,,5,5,0,5,,0,0,0,5,,338,36,230,60,131,72,,,114,142,58,106,,,,,24,24,26,4,,3,,0,31,28,28,30,8
File,"pdfbox/src/main/java/org/apache/pdfbox/pdmodel/interactive/annotation/handlers/PDLinkAppearanceHandler.java",pdfbox/src/main/java/org/apache/pdfbox/pdmodel/interactive/annotation/handlers/PDLinkAppearanceHandler.java,3,3,3,2,24,2,18,3,,,,1,0,1,,6,6,0,6,,1,0,0,5,,198,22,131,40,62,45,,,61,82,38,57,,,,,12,12,12,6,,4,,0,34,20,20,20,14
File,"pdfbox/src/main/java/org/apache/pdfbox/pdmodel/interactive/annotation/handlers/PDPolygonAppearanceHandler.java",pdfbox/src/main/java/org/apache/pdfbox/pdmodel/interactive/annotation/handlers/PDPolygonAppearanceHandler.java,3,3,3,2,24,1,20,2,,,,1,0,1,,7,7,0,7,,1,1,0,5,,230,24,161,53,80,45,,,81,105,52,69,,,,,11,11,13,4,,5,,0,28,23,23,25,14
File,"pdfbox/src/main/java/org/apache/pdfbox/pdmodel/interactive/annotation/handlers/PDPolylineAppearanceHandler.java",pdfbox/src/main/java/org/apache/pdfbox/pdmodel/interactive/annotation/handlers/PDPolylineAppearanceHandler.java,4,4,4,2,33,1,27,4,,,,1,0,1,,6,6,0,6,,1,0,0,5,,257,21,183,63,96,53,,,93,119,62,73,,,,,17,17,21,4,,5,,0,29,25,25,29,12
File,"pdfbox/src/main/java/org/apache/pdfbox/pdmodel/interactive/annotation/handlers/PDSoundAppearanceHandler.java",pdfbox/src/main/java/org/apache/pdfbox/pdmodel/interactive/annotation/handlers/PDSoundAppearanceHandler.java,1,1,1,1,4,0,4,0,,,,1,0,0,,5,5,0,5,,0,0,0,5,,50,6,26,12,2,18,,,5,11,9,2,,,,,1,1,1,1,,0,,0,69,5,5,5,5
File,"pdfbox/src/main/java/org/apache/pdfbox/pdmodel/interactive/annotation/handlers/PDSquareAppearanceHandler.java",pdfbox/src/main/java/org/apache/pdfbox/pdmodel/interactive/annotation/handlers/PDSquareAppearanceHandler.java,1,1,2,1,15,1,12,2,,,,1,0,1,,6,6,0,6,,1,0,0,5,,148,19,92,41,38,37,,,44,56,36,33,,,,,4,4,4,4,,2,,0,40,11,11,12,9
File,"pdfbox/src/main/java/org/apache/pdfbox/pdmodel/interactive/annotation/handlers/PDSquigglyAppearanceHandler.java",pdfbox/src/main/java/org/apache/pdfbox/pdmodel/interactive/annotation/handlers/PDSquigglyAppearanceHandler.java,2,2,2,1,26,1,20,3,,,,1,0,1,,5,5,0,5,,0,0,0,5,,182,16,129,48,67,37,,,82,97,47,61,,,,,8,8,9,4,,4,,0,29,12,12,13,8
File,"pdfbox/src/main/java/org/apache/pdfbox/pdmodel/interactive/annotation/handlers/PDStrikeoutAppearanceHandler.java",pdfbox/src/main/java/org/apache/pdfbox/pdmodel/interactive/annotation/handlers/PDStrikeoutAppearanceHandler.java,3,3,3,1,23,0,19,3,,,,1,0,1,,5,5,0,5,,0,0,0,5,,156,12,111,39,58,33,,,59,75,36,47,,,,,11,11,12,4,,3,,0,30,15,15,16,8
File,"pdfbox/src/main/java/org/apache/pdfbox/pdmodel/interactive/annotation/handlers/PDTextAppearanceHandler.java",pdfbox/src/main/java/org/apache/pdfbox/pdmodel/interactive/annotation/handlers/PDTextAppearanceHandler.java,2,1,2,1,28,2,22,3,,,,1,0,2,,23,23,0,23,,0,18,0,5,,747,91,571,115,435,99,,,419,451,95,394,,,,,20,5,20,1,,2,,0,17,50,31,50,23
File,"pdfbox/src/main/java/org/apache/pdfbox/pdmodel/interactive/annotation/handlers/PDUnderlineAppearanceHandler.java",pdfbox/src/main/java/org/apache/pdfbox/pdmodel/interactive/annotation/handlers/PDUnderlineAppearanceHandler.java,3,3,3,1,23,0,19,2,,,,1,0,1,,5,5,0,5,,0,0,0,5,,155,12,111,39,58,32,,,59,75,36,47,,,,,11,11,12,4,,3,,0,29,15,15,16,8
File,"pdfbox/src/main/java/org/apache/pdfbox/pdmodel/interactive/annotation/layout/AppearanceStyle.java",pdfbox/src/main/java/org/apache/pdfbox/pdmodel/interactive/annotation/layout/AppearanceStyle.java,1,1,1,1,9,0,4,5,,,,1,0,0,,6,6,3,6,,4,0,0,2,,102,9,33,12,9,60,,,12,19,12,7,,,,,1,1,1,1,,0,,1,82,6,6,6,6
File,"pdfbox/src/main/java/org/apache/pdfbox/pdmodel/interactive/annotation/layout/PlainText.java",pdfbox/src/main/java/org/apache/pdfbox/pdmodel/interactive/annotation/layout/PlainText.java,1,1,1,1,9,0,7,2,,,,5,0,3,,18,17,6,17,,14,0,1,2,,288,36,160,57,67,92,,,72,103,59,59,,,,,4,4,5,1,,2,,0,57,25,25,27,18
File,"pdfbox/src/main/java/org/apache/pdfbox/pdmodel/interactive/annotation/layout/PlainTextFormatter.java",pdfbox/src/main/java/org/apache/pdfbox/pdmodel/interactive/annotation/layout/PlainTextFormatter.java,1,1,2,1,11,0,9,0,,,,3,1,1,,15,16,21,17,,1,3,0,13,,289,41,205,58,99,43,,,93,127,59,71,,,,,9,7,10,3,,5,,0,21,32,28,34,17
File,"pdfbox/src/main/java/org/apache/pdfbox/pdmodel/interactive/digitalsignature/COSFilterInputStream.java",pdfbox/src/main/java/org/apache/pdfbox/pdmodel/interactive/digitalsignature/COSFilterInputStream.java,1,1,2,1,8,0,8,0,,,,1,0,0,,9,9,3,9,,0,3,0,6,,123,12,88,26,32,25,,,35,51,24,30,,,,,4,4,4,1,,3,,0,28,15,15,19,9
File,"pdfbox/src/main/java/org/apache/pdfbox/pdmodel/interactive/digitalsignature/ExternalSigningSupport.java",pdfbox/src/main/java/org/apache/pdfbox/pdmodel/interactive/digitalsignature/ExternalSigningSupport.java,0,0,0,0,0,0,0,0,,,,1,0,0,,2,2,0,2,,2,0,0,0,,44,3,8,6,0,33,,,5,6,6,0,,,,,0,0,0,0,,0,,4,12,0,0,0,0
File,"pdfbox/src/main/java/org/apache/pdfbox/pdmodel/interactive/digitalsignature/PDPropBuild.java",pdfbox/src/main/java/org/apache/pdfbox/pdmodel/interactive/digitalsignature/PDPropBuild.java,1,1,1,1,11,0,6,5,,,,1,0,0,,9,9,1,9,,0,0,0,9,,151,11,65,22,23,77,,,25,38,21,20,,,,,2,2,2,1,,1,,1,18,12,12,12,9
File,"pdfbox/src/main/java/org/apache/pdfbox/pdmodel/interactive/digitalsignature/PDPropBuildDataDict.java",pdfbox/src/main/java/org/apache/pdfbox/pdmodel/interactive/digitalsignature/PDPropBuildDataDict.java,1,1,1,1,12,0,4,7,,,,1,0,0,,21,21,1,21,,0,0,0,21,,309,23,111,31,32,175,,,35,59,30,31,,,,,3,3,3,1,,2,,1,58,24,24,24,21
File,"pdfbox/src/main/java/org/apache/pdfbox/pdmodel/interactive/digitalsignature/PDSeedValue.java",pdfbox/src/main/java/org/apache/pdfbox/pdmodel/interactive/digitalsignature/PDSeedValue.java,1,1,1,1,11,0,4,6,,,,1,0,8,,35,35,1,35,,0,0,0,35,,510,47,193,62,67,276,,,63,104,61,51,,,,,3,3,3,1,,2,,1,43,46,46,46,35
File,"pdfbox/src/main/java/org/apache/pdfbox/pdmodel/interactive/digitalsignature/PDSeedValueCertificate.java",pdfbox/src/main/java/org/apache/pdfbox/pdmodel/interactive/digitalsignature/PDSeedValueCertificate.java,1,1,1,1,12,0,6,5,,,,1,2,6,,42,38,1,40,,0,2,0,38,,635,48,299,86,121,288,,,114,180,89,113,,,,,5,5,5,1,,4,,0,96,65,65,65,42
File,"pdfbox/src/main/java/org/apache/pdfbox/pdmodel/interactive/digitalsignature/PDSeedValueMDP.java",pdfbox/src/main/java/org/apache/pdfbox/pdmodel/interactive/digitalsignature/PDSeedValueMDP.java,1,1,1,1,9,0,5,4,,,,1,0,0,,5,5,1,5,,0,0,0,5,,85,7,33,10,9,45,,,12,19,10,9,,,,,2,2,3,1,,1,,1,36,6,6,7,5
File,"pdfbox/src/main/java/org/apache/pdfbox/pdmodel/interactive/digitalsignature/PDSeedValueTimeStamp.java",pdfbox/src/main/java/org/apache/pdfbox/pdmodel/interactive/digitalsignature/PDSeedValueTimeStamp.java,1,1,1,1,8,0,4,4,,,,1,0,0,,7,7,1,7,,0,0,0,7,,100,9,37,12,9,54,,,13,21,12,9,,,,,2,2,2,1,,0,,1,46,8,8,8,7
File,"pdfbox/src/main/java/org/apache/pdfbox/pdmodel/interactive/digitalsignature/PDSignature.java",pdfbox/src/main/java/org/apache/pdfbox/pdmodel/interactive/digitalsignature/PDSignature.java,1,1,1,1,12,0,6,5,,,,1,0,8,,29,29,1,29,,0,1,0,28,,464,44,207,71,79,213,,,85,127,72,65,,,,,4,4,6,1,,2,,1,03,38,38,40,29
File,"pdfbox/src/main/java/org/apache/pdfbox/pdmodel/interactive/digitalsignature/SignatureInterface.java",pdfbox/src/main/java/org/apache/pdfbox/pdmodel/interactive/digitalsignature/SignatureInterface.java,0,0,0,0,0,0,0,0,,,,1,0,0,,1,1,0,1,,1,0,0,0,,36,2,7,5,0,27,,,4,5,5,0,,,,,0,0,0,0,,0,,3,86,0,0,0,0
File,"pdfbox/src/main/java/org/apache/pdfbox/pdmodel/interactive/digitalsignature/SignatureOptions.java",pdfbox/src/main/java/org/apache/pdfbox/pdmodel/interactive/digitalsignature/SignatureOptions.java,1,1,1,1,10,0,5,5,,,,1,0,1,,11,11,4,11,,0,1,0,10,,174,16,82,30,21,76,,,30,46,29,18,,,,,3,3,3,1,,2,,0,93,14,14,14,11
File,"pdfbox/src/main/java/org/apache/pdfbox/pdmodel/interactive/digitalsignature/SigningSupport.java",pdfbox/src/main/java/org/apache/pdfbox/pdmodel/interactive/digitalsignature/SigningSupport.java,1,1,1,1,4,0,4,0,,,,1,0,0,,4,4,1,4,,0,0,0,4,,56,7,28,14,4,21,,,10,15,11,4,,,,,1,1,1,1,,0,,0,75,4,4,4,4
File,"pdfbox/src/main/java/org/apache/pdfbox/pdmodel/interactive/digitalsignature/visible/PDFTemplateBuilder.java",pdfbox/src/main/java/org/apache/pdfbox/pdmodel/interactive/digitalsignature/visible/PDFTemplateBuilder.java,0,0,0,0,0,0,0,0,,,,1,0,0,,29,29,0,29,,29,0,0,0,,287,31,61,59,0,195,,,44,45,45,0,,,,,0,0,0,0,,0,,3,20,0,0,0,0
File,"pdfbox/src/main/java/org/apache/pdfbox/pdmodel/interactive/digitalsignature/visible/PDFTemplateCreator.java",pdfbox/src/main/java/org/apache/pdfbox/pdmodel/interactive/digitalsignature/visible/PDFTemplateCreator.java,1,1,1,1,28,1,18,9,,,,1,0,1,,4,4,1,4,,0,1,0,3,,165,11,96,43,57,58,,,72,79,43,54,,,,,1,1,1,1,,1,,0,60,4,4,4,4
File,"pdfbox/src/main/java/org/apache/pdfbox/pdmodel/interactive/digitalsignature/visible/PDFTemplateStructure.java",pdfbox/src/main/java/org/apache/pdfbox/pdmodel/interactive/digitalsignature/visible/PDFTemplateStructure.java,1,1,1,1,8,0,4,4,,,,1,0,0,,54,54,27,54,,0,0,0,54,,588,57,265,101,54,266,,,100,155,101,54,,,,,1,1,1,1,,0,,1,00,54,54,54,54
File,"pdfbox/src/main/java/org/apache/pdfbox/pdmodel/interactive/digitalsignature/visible/PDVisibleSigBuilder.java",pdfbox/src/main/java/org/apache/pdfbox/pdmodel/interactive/digitalsignature/visible/PDVisibleSigBuilder.java,1,1,1,1,10,0,9,0,,,,1,0,1,,31,31,1,31,,0,0,0,31,,405,46,324,139,152,35,,,175,208,92,148,,,,,2,2,2,1,,1,,0,11,32,32,32,31
File,"pdfbox/src/main/java/org/apache/pdfbox/pdmodel/interactive/digitalsignature/visible/PDVisibleSigProperties.java",pdfbox/src/main/java/org/apache/pdfbox/pdmodel/interactive/digitalsignature/visible/PDVisibleSigProperties.java,1,1,1,1,9,0,4,4,,,,1,0,0,,17,17,8,17,,0,0,0,17,,210,20,91,31,26,99,,,37,55,31,26,,,,,1,1,1,1,,0,,1,09,17,17,17,17
File,"pdfbox/src/main/java/org/apache/pdfbox/pdmodel/interactive/digitalsignature/visible/PDVisibleSignDesigner.java",pdfbox/src/main/java/org/apache/pdfbox/pdmodel/interactive/digitalsignature/visible/PDVisibleSignDesigner.java,1,1,1,1,11,0,6,5,,,,1,0,0,,42,42,12,42,,0,7,1,34,,591,60,285,82,117,246,,,127,175,75,104,,,,,5,2,5,1,,1,,0,86,47,44,47,42
File,"pdfbox/src/main/java/org/apache/pdfbox/pdmodel/interactive/documentnavigation/destination/PDDestination.java",pdfbox/src/main/java/org/apache/pdfbox/pdmodel/interactive/documentnavigation/destination/PDDestination.java,13,6,15,1,62,0,51,11,,,,1,1,0,,1,0,0,1,,0,0,0,1,,99,6,61,13,36,32,,,26,33,13,22,,,,,13,6,15,1,,2,,0,52,13,6,15,1
File,"pdfbox/src/main/java/org/apache/pdfbox/pdmodel/interactive/documentnavigation/destination/PDNamedDestination.java",pdfbox/src/main/java/org/apache/pdfbox/pdmodel/interactive/documentnavigation/destination/PDNamedDestination.java,1,1,1,1,11,0,6,5,,,,1,0,0,,7,7,1,7,,0,0,0,7,,121,11,53,16,14,57,,,16,27,15,12,,,,,3,3,3,1,,1,,1,08,10,10,10,7
File,"pdfbox/src/main/java/org/apache/pdfbox/pdmodel/interactive/documentnavigation/destination/PDPageDestination.java",pdfbox/src/main/java/org/apache/pdfbox/pdmodel/interactive/documentnavigation/destination/PDPageDestination.java,2,2,2,1,14,0,9,5,,,,1,0,0,,9,9,1,9,,0,1,2,6,,182,12,96,29,36,74,,,34,54,28,31,,,,,4,4,5,4,,2,,0,77,19,19,20,14
File,"pdfbox/src/main/java/org/apache/pdfbox/pdmodel/interactive/documentnavigation/destination/PDPageFitDestination.java",pdfbox/src/main/java/org/apache/pdfbox/pdmodel/interactive/documentnavigation/destination/PDPageFitDestination.java,1,1,1,1,11,0,6,4,,,,1,0,2,,4,4,0,4,,0,0,0,4,,86,7,32,9,11,47,,,11,17,9,8,,,,,2,2,2,1,,1,,1,47,5,5,5,4
File,"pdfbox/src/main/java/org/apache/pdfbox/pdmodel/interactive/documentnavigation/destination/PDPageFitHeightDestination.java",pdfbox/src/main/java/org/apache/pdfbox/pdmodel/interactive/documentnavigation/destination/PDPageFitHeightDestination.java,1,1,1,1,12,0,6,5,,,,1,0,2,,6,6,0,6,,0,0,0,6,,115,9,48,11,17,58,,,15,24,11,13,,,,,2,2,2,1,,1,,1,21,8,8,8,6
File,"pdfbox/src/main/java/org/apache/pdfbox/pdmodel/interactive/documentnavigation/destination/PDPageFitRectangleDestination.java",pdfbox/src/main/java/org/apache/pdfbox/pdmodel/interactive/documentnavigation/destination/PDPageFitRectangleDestination.java,1,1,1,1,12,0,7,5,,,,1,0,1,,10,10,0,10,,0,0,0,10,,171,14,79,14,28,78,,,22,37,14,23,,,,,2,2,2,1,,1,,0,99,14,14,14,10
File,"pdfbox/src/main/java/org/apache/pdfbox/pdmodel/interactive/documentnavigation/destination/PDPageFitWidthDestination.java",pdfbox/src/main/java/org/apache/pdfbox/pdmodel/interactive/documentnavigation/destination/PDPageFitWidthDestination.java,1,1,1,1,12,0,6,5,,,,1,0,2,,6,6,0,6,,0,0,0,6,,117,11,48,11,17,58,,,15,24,11,13,,,,,2,2,2,1,,1,,1,21,8,8,8,6
File,"pdfbox/src/main/java/org/apache/pdfbox/pdmodel/interactive/documentnavigation/destination/PDPageXYZDestination.java",pdfbox/src/main/java/org/apache/pdfbox/pdmodel/interactive/documentnavigation/destination/PDPageXYZDestination.java,1,1,1,1,13,0,7,5,,,,1,0,1,,8,8,0,8,,0,0,0,8,,149,10,71,16,25,68,,,23,36,16,21,,,,,2,2,2,1,,1,,0,96,12,12,12,8
File,"pdfbox/src/main/java/org/apache/pdfbox/pdmodel/interactive/documentnavigation/outline/PDDocumentOutline.java",pdfbox/src/main/java/org/apache/pdfbox/pdmodel/interactive/documentnavigation/outline/PDDocumentOutline.java,1,1,1,1,6,0,4,2,,,,1,0,0,,5,5,0,5,,0,0,0,5,,66,7,28,12,4,31,,,7,13,9,4,,,,,1,1,1,1,,0,,1,11,5,5,5,5
File,"pdfbox/src/main/java/org/apache/pdfbox/pdmodel/interactive/documentnavigation/outline/PDOutlineItem.java",pdfbox/src/main/java/org/apache/pdfbox/pdmodel/interactive/documentnavigation/outline/PDOutlineItem.java,1,1,1,1,12,0,7,5,,,,1,0,2,,25,25,0,25,,2,0,0,23,,399,31,211,60,84,157,,,88,128,60,79,,,,,9,9,9,4,,2,,0,74,40,40,40,28
File,"pdfbox/src/main/java/org/apache/pdfbox/pdmodel/interactive/documentnavigation/outline/PDOutlineItemIterator.java",pdfbox/src/main/java/org/apache/pdfbox/pdmodel/interactive/documentnavigation/outline/PDOutlineItemIterator.java,2,2,2,1,10,0,10,0,,,,1,0,0,,4,4,2,4,,1,0,0,3,,76,6,48,14,15,22,,,15,24,11,14,,,,,3,3,4,3,,1,,0,46,8,8,9,6
File,"pdfbox/src/main/java/org/apache/pdfbox/pdmodel/interactive/documentnavigation/outline/PDOutlineNode.java",pdfbox/src/main/java/org/apache/pdfbox/pdmodel/interactive/documentnavigation/outline/PDOutlineNode.java,1,1,1,1,10,0,6,3,,,,1,0,0,,25,24,0,24,,9,3,0,12,,305,27,166,36,61,112,,,52,87,36,57,,,,,3,3,3,3,,2,,0,67,36,36,37,27
File,"pdfbox/src/main/java/org/apache/pdfbox/pdmodel/interactive/form/AppearanceGeneratorHelper.java",pdfbox/src/main/java/org/apache/pdfbox/pdmodel/interactive/form/AppearanceGeneratorHelper.java,3,3,4,1,34,3,25,6,,,,1,1,9,,25,24,3,25,,1,23,0,1,,1010,117,677,198,388,216,,,313,420,191,319,,,,,12,12,13,6,,5,,0,32,98,96,112,43
File,"pdfbox/src/main/java/org/apache/pdfbox/pdmodel/interactive/form/AppearanceStyle.java",pdfbox/src/main/java/org/apache/pdfbox/pdmodel/interactive/form/AppearanceStyle.java,1,1,1,1,9,0,4,5,,,,1,0,0,,6,6,3,6,,6,0,0,0,,102,9,33,12,9,60,,,12,19,12,7,,,,,1,1,1,1,,0,,1,82,6,6,6,6
File,"pdfbox/src/main/java/org/apache/pdfbox/pdmodel/interactive/form/FieldUtils.java",pdfbox/src/main/java/org/apache/pdfbox/pdmodel/interactive/form/FieldUtils.java,1,1,2,1,12,0,8,4,,,,2,4,2,,9,5,2,9,,5,1,0,3,,168,14,90,28,30,64,,,34,54,29,30,,,,,8,8,10,3,,4,,0,71,17,17,19,11
File,"pdfbox/src/main/java/org/apache/pdfbox/pdmodel/interactive/form/PDAcroForm.java",pdfbox/src/main/java/org/apache/pdfbox/pdmodel/interactive/form/PDAcroForm.java,2,2,2,1,16,0,9,5,,,,1,0,3,,41,41,4,41,,1,6,0,34,,777,79,433,123,173,265,,,166,264,136,162,,,,,10,10,12,4,,4,,0,61,84,84,90,48
File,"pdfbox/src/main/java/org/apache/pdfbox/pdmodel/interactive/form/PDButton.java",pdfbox/src/main/java/org/apache/pdfbox/pdmodel/interactive/form/PDButton.java,2,2,2,1,18,0,12,5,,,,1,0,3,,19,19,0,19,,4,4,0,11,,446,37,258,62,109,151,,,84,134,62,93,,,,,5,5,6,5,,4,,0,59,46,46,51,31
File,"pdfbox/src/main/java/org/apache/pdfbox/pdmodel/interactive/form/PDCheckBox.java",pdfbox/src/main/java/org/apache/pdfbox/pdmodel/interactive/form/PDCheckBox.java,1,1,1,1,13,0,6,6,,,,1,0,0,,6,6,0,6,,1,0,0,5,,122,9,52,19,15,61,,,19,31,20,15,,,,,5,5,5,5,,4,,1,17,10,10,10,10
File,"pdfbox/src/main/java/org/apache/pdfbox/pdmodel/interactive/form/PDChoice.java",pdfbox/src/main/java/org/apache/pdfbox/pdmodel/interactive/form/PDChoice.java,1,1,1,1,15,0,7,7,,,,1,0,5,,28,28,0,28,,2,2,0,24,,489,37,225,58,87,227,,,79,122,57,74,,,,,5,5,8,3,,3,,1,01,42,42,48,29
File,"pdfbox/src/main/java/org/apache/pdfbox/pdmodel/interactive/form/PDComboBox.java",pdfbox/src/main/java/org/apache/pdfbox/pdmodel/interactive/form/PDComboBox.java,1,1,1,1,11,0,6,4,,,,1,0,1,,5,5,0,5,,2,0,0,3,,94,9,41,15,12,44,,,16,23,14,10,,,,,2,2,2,1,,1,,1,07,6,6,6,5
File,"pdfbox/src/main/java/org/apache/pdfbox/pdmodel/interactive/form/PDDefaultAppearanceString.java",pdfbox/src/main/java/org/apache/pdfbox/pdmodel/interactive/form/PDDefaultAppearanceString.java,2,1,2,1,16,0,10,5,,,,1,0,1,,15,15,5,15,,10,4,0,1,,326,29,186,56,81,111,,,83,113,56,67,,,,,5,5,5,3,,2,,0,60,34,29,34,17
File,"pdfbox/src/main/java/org/apache/pdfbox/pdmodel/interactive/form/PDField.java",pdfbox/src/main/java/org/apache/pdfbox/pdmodel/interactive/form/PDField.java,1,1,1,1,14,0,8,5,,,,1,1,3,,31,30,3,31,,6,0,1,24,,478,41,233,67,87,204,,,86,130,66,74,,,,,10,10,12,3,,4,,0,88,45,45,49,27
File,"pdfbox/src/main/java/org/apache/pdfbox/pdmodel/interactive/form/PDFieldFactory.java",pdfbox/src/main/java/org/apache/pdfbox/pdmodel/interactive/form/PDFieldFactory.java,3,3,4,3,20,0,16,3,,,,1,4,4,,5,1,0,5,,0,4,0,1,,140,11,94,24,39,35,,,31,49,23,33,,,,,9,9,11,9,,4,,0,37,18,18,20,15
File,"pdfbox/src/main/java/org/apache/pdfbox/pdmodel/interactive/form/PDFieldTree.java",pdfbox/src/main/java/org/apache/pdfbox/pdmodel/interactive/form/PDFieldTree.java,1,1,1,1,10,0,8,1,,,,2,0,1,,7,7,3,7,,0,2,0,5,,130,14,84,32,25,32,,,30,47,29,23,,,,,4,4,4,1,,3,,0,38,13,13,13,7
File,"pdfbox/src/main/java/org/apache/pdfbox/pdmodel/interactive/form/PDListBox.java",pdfbox/src/main/java/org/apache/pdfbox/pdmodel/interactive/form/PDListBox.java,1,1,1,1,10,0,6,4,,,,1,0,0,,5,5,0,5,,2,0,0,3,,88,7,37,12,9,44,,,12,19,11,8,,,,,2,2,2,1,,1,,1,19,6,6,6,5
File,"pdfbox/src/main/java/org/apache/pdfbox/pdmodel/interactive/form/PDNonTerminalField.java",pdfbox/src/main/java/org/apache/pdfbox/pdmodel/interactive/form/PDNonTerminalField.java,1,1,1,1,13,0,8,5,,,,1,0,1,,15,15,0,15,,3,0,0,12,,261,21,137,50,49,103,,,56,84,47,51,,,,,6,6,6,5,,3,,0,75,26,26,27,19
File,"pdfbox/src/main/java/org/apache/pdfbox/pdmodel/interactive/form/PDPushButton.java",pdfbox/src/main/java/org/apache/pdfbox/pdmodel/interactive/form/PDPushButton.java,1,1,1,1,6,0,5,1,,,,1,0,0,,9,9,0,9,,2,0,0,7,,102,11,56,24,10,35,,,16,27,17,10,,,,,2,2,3,1,,1,,0,62,10,10,11,9
File,"pdfbox/src/main/java/org/apache/pdfbox/pdmodel/interactive/form/PDRadioButton.java",pdfbox/src/main/java/org/apache/pdfbox/pdmodel/interactive/form/PDRadioButton.java,1,1,1,1,17,0,9,8,,,,1,0,1,,6,6,0,6,,1,0,0,5,,148,9,66,21,26,73,,,27,41,23,22,,,,,4,4,4,3,,3,,1,11,11,11,11,8
File,"pdfbox/src/main/java/org/apache/pdfbox/pdmodel/interactive/form/PDSignatureField.java",pdfbox/src/main/java/org/apache/pdfbox/pdmodel/interactive/form/PDSignatureField.java,1,1,1,1,11,0,6,4,,,,1,0,1,,14,13,0,13,,2,1,0,10,,211,18,104,37,40,89,,,41,59,34,32,,,,,3,3,7,3,,2,,0,86,22,22,26,16
File,"pdfbox/src/main/java/org/apache/pdfbox/pdmodel/interactive/form/PDTerminalField.java",pdfbox/src/main/java/org/apache/pdfbox/pdmodel/interactive/form/PDTerminalField.java,2,2,2,1,16,0,11,4,,,,1,0,0,,11,11,0,11,,3,0,2,6,,220,16,127,42,50,77,,,52,77,40,48,,,,,5,5,5,1,,3,,0,61,22,22,23,10
File,"pdfbox/src/main/java/org/apache/pdfbox/pdmodel/interactive/form/PDTextField.java",pdfbox/src/main/java/org/apache/pdfbox/pdmodel/interactive/form/PDTextField.java,1,1,1,1,8,0,4,4,,,,1,0,7,,24,24,0,24,,2,0,0,22,,264,26,117,40,34,121,,,39,64,37,27,,,,,1,1,1,1,,0,,1,03,24,24,24,24
File,"pdfbox/src/main/java/org/apache/pdfbox/pdmodel/interactive/form/PDVariableText.java",pdfbox/src/main/java/org/apache/pdfbox/pdmodel/interactive/form/PDVariableText.java,1,1,1,1,17,0,7,9,,,,1,0,3,,12,12,0,12,,3,0,1,8,,256,17,105,32,38,134,,,39,59,32,31,,,,,3,3,3,3,,1,,1,28,19,19,19,14
File,"pdfbox/src/main/java/org/apache/pdfbox/pdmodel/interactive/form/PDXFAResource.java",pdfbox/src/main/java/org/apache/pdfbox/pdmodel/interactive/form/PDXFAResource.java,1,1,1,1,14,0,8,6,,,,1,2,0,,6,4,1,6,,0,2,0,4,,137,11,63,21,17,64,,,24,37,21,17,,,,,3,3,3,3,,3,,1,02,10,10,10,8
File,"pdfbox/src/main/java/org/apache/pdfbox/pdmodel/interactive/form/PlainText.java",pdfbox/src/main/java/org/apache/pdfbox/pdmodel/interactive/form/PlainText.java,1,1,1,1,11,0,9,2,,,,5,0,3,,18,17,6,17,,16,0,1,0,,327,40,194,61,87,93,,,85,121,63,75,,,,,8,8,11,5,,4,,0,48,30,30,34,22
File,"pdfbox/src/main/java/org/apache/pdfbox/pdmodel/interactive/form/PlainTextFormatter.java",pdfbox/src/main/java/org/apache/pdfbox/pdmodel/interactive/form/PlainTextFormatter.java,1,1,2,1,11,0,9,0,,,,3,1,1,,15,16,21,17,,10,3,0,4,,289,41,205,58,99,43,,,93,127,59,71,,,,,9,7,10,3,,5,,0,21,32,28,34,17
File,"pdfbox/src/main/java/org/apache/pdfbox/pdmodel/interactive/form/ScriptingHandler.java",pdfbox/src/main/java/org/apache/pdfbox/pdmodel/interactive/form/ScriptingHandler.java,0,0,0,0,0,0,0,0,,,,1,0,0,,4,4,0,4,,4,0,0,0,,57,4,9,7,0,44,,,6,7,7,0,,,,,0,0,0,0,,0,,4,89,0,0,0,0
File,"pdfbox/src/main/java/org/apache/pdfbox/pdmodel/interactive/measurement/PDMeasureDictionary.java",pdfbox/src/main/java/org/apache/pdfbox/pdmodel/interactive/measurement/PDMeasureDictionary.java,1,1,1,1,9,0,4,4,,,,1,0,1,,6,6,1,6,,0,0,2,4,,97,11,36,14,9,50,,,13,20,13,7,,,,,1,1,1,1,,0,,1,39,6,6,6,6
File,"pdfbox/src/main/java/org/apache/pdfbox/pdmodel/interactive/measurement/PDNumberFormatDictionary.java",pdfbox/src/main/java/org/apache/pdfbox/pdmodel/interactive/measurement/PDNumberFormatDictionary.java,1,1,1,1,9,0,4,4,,,,1,0,7,,24,24,1,24,,0,0,0,24,,324,31,133,38,44,160,,,39,66,37,29,,,,,2,2,6,1,,1,,1,20,26,26,32,24
File,"pdfbox/src/main/java/org/apache/pdfbox/pdmodel/interactive/measurement/PDRectlinearMeasureDictionary.java",pdfbox/src/main/java/org/apache/pdfbox/pdmodel/interactive/measurement/PDRectlinearMeasureDictionary.java,1,1,1,1,14,0,9,4,,,,1,0,1,,20,20,0,20,,0,0,0,20,,338,24,193,58,84,121,,,82,127,64,89,,,,,3,3,3,1,,2,,0,63,39,39,39,20
File,"pdfbox/src/main/java/org/apache/pdfbox/pdmodel/interactive/measurement/PDViewportDictionary.java",pdfbox/src/main/java/org/apache/pdfbox/pdmodel/interactive/measurement/PDViewportDictionary.java,1,1,1,1,9,0,4,4,,,,1,0,1,,10,10,1,10,,0,0,0,10,,141,16,54,22,13,71,,,20,31,21,12,,,,,2,2,2,1,,0,,1,31,12,12,12,10
File,"pdfbox/src/main/java/org/apache/pdfbox/pdmodel/interactive/pagenavigation/PDThread.java",pdfbox/src/main/java/org/apache/pdfbox/pdmodel/interactive/pagenavigation/PDThread.java,1,1,1,1,10,0,5,5,,,,1,0,0,,7,7,1,7,,0,0,0,7,,115,13,45,17,12,57,,,17,26,16,12,,,,,2,2,2,1,,1,,1,27,10,10,10,7
File,"pdfbox/src/main/java/org/apache/pdfbox/pdmodel/interactive/pagenavigation/PDThreadBead.java",pdfbox/src/main/java/org/apache/pdfbox/pdmodel/interactive/pagenavigation/PDThreadBead.java,1,1,1,1,10,0,4,5,,,,1,0,0,,14,14,1,14,,0,0,2,12,,194,19,78,28,24,97,,,32,47,27,24,,,,,2,2,2,1,,0,,1,24,17,17,17,14
File,"pdfbox/src/main/java/org/apache/pdfbox/pdmodel/interactive/pagenavigation/PDTransition.java",pdfbox/src/main/java/org/apache/pdfbox/pdmodel/interactive/pagenavigation/PDTransition.java,1,1,1,1,8,0,4,4,,,,1,0,0,,16,16,0,16,,0,0,0,16,,189,18,82,26,21,89,,,28,46,26,21,,,,,2,2,2,1,,1,,1,09,17,17,17,16
File,"pdfbox/src/main/java/org/apache/pdfbox/pdmodel/interactive/pagenavigation/PDTransitionDimension.java",pdfbox/src/main/java/org/apache/pdfbox/pdmodel/interactive/pagenavigation/PDTransitionDimension.java,0,0,0,0,0,0,0,0,,,,1,0,0,,0,2,2,2,,0,0,0,2,,37,2,6,4,0,29,,,1,2,2,0,,,,,0,0,0,0,,0,,4,83,0,0,0,0
File,"pdfbox/src/main/java/org/apache/pdfbox/pdmodel/interactive/pagenavigation/PDTransitionDirection.java",pdfbox/src/main/java/org/apache/pdfbox/pdmodel/interactive/pagenavigation/PDTransitionDirection.java,0,0,0,0,3,0,2,0,,,,2,0,0,,3,5,7,5,,0,1,0,4,,73,5,28,16,3,40,,,9,12,9,3,,,,,1,1,1,1,,0,,1,43,3,3,3,3
File,"pdfbox/src/main/java/org/apache/pdfbox/pdmodel/interactive/pagenavigation/PDTransitionMotion.java",pdfbox/src/main/java/org/apache/pdfbox/pdmodel/interactive/pagenavigation/PDTransitionMotion.java,0,0,0,0,0,0,0,0,,,,1,0,0,,0,2,2,2,,0,0,0,2,,36,1,6,4,0,29,,,1,2,2,0,,,,,0,0,0,0,,0,,4,83,0,0,0,0
File,"pdfbox/src/main/java/org/apache/pdfbox/pdmodel/interactive/pagenavigation/PDTransitionStyle.java",pdfbox/src/main/java/org/apache/pdfbox/pdmodel/interactive/pagenavigation/PDTransitionStyle.java,0,0,0,0,0,0,0,0,,,,1,0,0,,0,2,12,2,,0,0,0,2,,29,1,5,3,0,23,,,1,2,2,0,,,,,0,0,0,0,,0,,4,60,0,0,0,0
File,"pdfbox/src/main/java/org/apache/pdfbox/pdmodel/interactive/viewerpreferences/PDViewerPreferences.java",pdfbox/src/main/java/org/apache/pdfbox/pdmodel/interactive/viewerpreferences/PDViewerPreferences.java,0,0,0,0,6,0,3,3,,,,6,0,0,,30,40,17,40,,0,0,0,40,,434,39,161,58,31,234,,,35,71,41,30,,,,,1,1,1,1,,0,,1,45,30,30,30,30
File,"pdfbox/src/main/java/org/apache/pdfbox/printing/Orientation.java",pdfbox/src/main/java/org/apache/pdfbox/printing/Orientation.java,0,0,0,0,0,0,0,0,,,,1,0,0,,0,2,3,2,,0,0,0,2,,34,3,7,5,0,24,,,1,2,2,0,,,,,0,0,0,0,,0,,3,43,0,0,0,0
File,"pdfbox/src/main/java/org/apache/pdfbox/printing/PDFPageable.java",pdfbox/src/main/java/org/apache/pdfbox/printing/PDFPageable.java,1,1,1,1,15,0,8,6,,,,1,0,0,,11,11,7,11,,0,0,0,11,,225,18,115,39,51,92,,,57,72,35,42,,,,,6,4,6,1,,1,,0,80,17,15,17,11
File,"pdfbox/src/main/java/org/apache/pdfbox/printing/PDFPrintable.java",pdfbox/src/main/java/org/apache/pdfbox/printing/PDFPrintable.java,1,1,2,1,20,1,11,7,,,,1,2,0,,13,11,8,13,,2,0,0,11,,335,31,182,61,83,122,,,89,114,57,68,,,,,10,10,13,3,,3,,0,67,24,24,29,15
File,"pdfbox/src/main/java/org/apache/pdfbox/printing/Scaling.java",pdfbox/src/main/java/org/apache/pdfbox/printing/Scaling.java,0,0,0,0,0,0,0,0,,,,1,0,0,,0,2,4,2,,0,0,0,2,,37,4,8,6,0,25,,,1,2,2,0,,,,,0,0,0,0,,0,,3,12,0,0,0,0
File,"pdfbox/src/main/java/org/apache/pdfbox/rendering/GlyphCache.java",pdfbox/src/main/java/org/apache/pdfbox/rendering/GlyphCache.java,4,4,4,4,27,1,25,1,,,,1,0,1,,2,2,2,2,,1,0,0,1,,98,7,68,23,31,23,,,33,42,23,26,,,,,7,7,8,7,,4,,0,34,8,8,9,8
File,"pdfbox/src/main/java/org/apache/pdfbox/rendering/GroupGraphics.java",pdfbox/src/main/java/org/apache/pdfbox/rendering/GroupGraphics.java,1,1,1,1,7,0,7,0,,,,1,0,0,,74,74,4,74,,2,2,0,70,,730,91,566,219,207,76,,,228,313,149,188,,,,,11,11,23,8,,4,,0,13,87,87,100,81
File,"pdfbox/src/main/java/org/apache/pdfbox/rendering/ImageType.java",pdfbox/src/main/java/org/apache/pdfbox/rendering/ImageType.java,0,0,0,0,3,0,3,0,,,,6,0,0,,6,8,5,8,,6,0,0,2,,77,7,46,24,5,24,,,9,14,9,5,,,,,1,1,1,1,,0,,0,52,5,5,5,5
File,"pdfbox/src/main/java/org/apache/pdfbox/rendering/PDFRenderer.java",pdfbox/src/main/java/org/apache/pdfbox/rendering/PDFRenderer.java,1,1,2,1,17,0,10,6,,,,1,2,2,,31,28,8,30,,1,6,1,22,,631,59,347,112,161,226,,,150,203,102,134,,,,,7,7,9,5,,3,,0,65,60,58,66,44
File,"pdfbox/src/main/java/org/apache/pdfbox/rendering/PageDrawer.java",pdfbox/src/main/java/org/apache/pdfbox/rendering/PageDrawer.java,3,3,3,1,25,1,19,4,,,,2,0,1,,68,61,29,61,,4,23,9,25,,1974,175,1470,404,779,331,,,697,904,378,667,,,,,14,14,17,9,,5,,0,23,211,209,248,125
File,"pdfbox/src/main/java/org/apache/pdfbox/rendering/PageDrawerParameters.java",pdfbox/src/main/java/org/apache/pdfbox/rendering/PageDrawerParameters.java,1,1,1,1,8,0,5,3,,,,1,0,0,,7,7,6,7,,2,0,0,5,,104,12,47,19,12,45,,,21,29,17,12,,,,,1,1,1,1,,0,,0,96,7,7,7,7
File,"pdfbox/src/main/java/org/apache/pdfbox/rendering/RenderDestination.java",pdfbox/src/main/java/org/apache/pdfbox/rendering/RenderDestination.java,0,0,0,0,0,0,0,0,,,,1,0,0,,0,2,3,2,,0,0,0,2,,31,2,7,5,0,22,,,1,2,2,0,,,,,0,0,0,0,,0,,3,14,0,0,0,0
File,"pdfbox/src/main/java/org/apache/pdfbox/rendering/SoftMask.java",pdfbox/src/main/java/org/apache/pdfbox/rendering/SoftMask.java,2,2,2,1,21,1,17,2,,,,2,0,2,,7,7,6,7,,2,0,0,5,,220,23,154,55,64,43,,,75,94,49,53,,,,,8,8,11,1,,6,,0,28,17,17,20,7
File,"pdfbox/src/main/java/org/apache/pdfbox/rendering/TilingPaint.java",pdfbox/src/main/java/org/apache/pdfbox/rendering/TilingPaint.java,1,1,1,1,24,2,15,6,,,,1,1,3,,7,6,2,7,,2,3,0,2,,246,27,151,67,76,69,,,89,104,59,67,,,,,5,5,5,1,,1,,0,46,13,13,13,7
File,"pdfbox/src/main/java/org/apache/pdfbox/rendering/TilingPaintFactory.java",pdfbox/src/main/java/org/apache/pdfbox/rendering/TilingPaintFactory.java,3,3,6,2,16,0,16,0,,,,2,0,1,,6,6,7,6,,2,1,0,3,,165,12,128,42,51,25,,,56,76,35,45,,,,,11,11,25,11,,2,,0,20,23,23,37,16
File,"pdfbox/src/main/java/org/apache/pdfbox/text/LegacyPDFStreamEngine.java",pdfbox/src/main/java/org/apache/pdfbox/text/LegacyPDFStreamEngine.java,4,4,6,1,54,4,35,15,,,,1,0,2,,5,5,5,5,,1,0,3,1,,381,32,246,94,117,106,,,138,164,90,99,,,,,14,14,15,3,,3,,0,43,24,24,32,7
File,"pdfbox/src/main/java/org/apache/pdfbox/text/PDFMarkedContentExtractor.java",pdfbox/src/main/java/org/apache/pdfbox/text/PDFMarkedContentExtractor.java,2,2,2,1,17,0,11,5,,,,1,0,0,,11,10,4,10,,0,1,1,8,,246,16,149,49,64,81,,,59,84,45,54,,,,,10,10,14,4,,3,,0,54,24,24,29,14
File,"pdfbox/src/main/java/org/apache/pdfbox/text/PDFTextStripper.java",pdfbox/src/main/java/org/apache/pdfbox/text/PDFTextStripper.java,1,1,2,1,17,0,10,6,,,,4,3,12,,105,102,42,105,,3,16,26,60,,2140,177,1230,310,576,737,,,471,691,305,454,,,,,22,22,30,4,,5,,0,60,207,207,245,115
File,"pdfbox/src/main/java/org/apache/pdfbox/text/PDFTextStripperByArea.java",pdfbox/src/main/java/org/apache/pdfbox/text/PDFTextStripperByArea.java,1,1,1,1,12,0,7,4,,,,1,0,0,,10,9,4,9,,0,0,2,7,,165,14,82,29,30,69,,,34,50,27,29,,,,,3,3,3,1,,1,,0,84,14,14,14,10
File,"pdfbox/src/main/java/org/apache/pdfbox/text/TextPosition.java",pdfbox/src/main/java/org/apache/pdfbox/text/TextPosition.java,2,2,3,1,21,0,12,7,,,,1,1,2,,37,36,17,37,,0,6,0,31,,894,72,504,106,251,322,,,220,305,101,226,,,,,18,18,18,16,,4,,0,64,88,88,111,69
File,"pdfbox/src/main/java/org/apache/pdfbox/text/TextPositionComparator.java",pdfbox/src/main/java/org/apache/pdfbox/text/TextPositionComparator.java,4,4,8,4,39,5,30,4,,,,1,0,0,,1,1,0,1,,0,0,0,1,,70,7,35,13,18,28,,,14,19,12,15,,,,,4,4,8,4,,1,,0,80,4,4,8,4
File,"pdfbox/src/main/java/org/apache/pdfbox/util/DateConverter.java",pdfbox/src/main/java/org/apache/pdfbox/util/DateConverter.java,3,3,3,2,23,0,18,5,,,,1,16,9,,17,1,0,17,,3,10,0,4,,738,38,355,108,208,369,,,155,204,83,155,,,,,9,9,15,7,,2,,1,04,52,52,67,38
File,"pdfbox/src/main/java/org/apache/pdfbox/util/Hex.java",pdfbox/src/main/java/org/apache/pdfbox/util/Hex.java,1,1,1,1,13,0,7,5,,,,1,12,3,,13,1,0,13,,0,3,0,10,,230,19,115,33,50,97,,,52,75,37,44,,,,,4,4,5,4,,3,,0,84,20,20,21,16
File,"pdfbox/src/main/java/org/apache/pdfbox/util/IterativeMergeSort.java",pdfbox/src/main/java/org/apache/pdfbox/util/IterativeMergeSort.java,3,3,3,1,24,1,15,7,,,,1,3,0,,4,1,0,4,,0,3,0,1,,147,9,70,15,28,68,,,27,43,18,28,,,,,7,7,7,1,,2,,0,97,14,14,14,4
File,"pdfbox/src/main/java/org/apache/pdfbox/util/Matrix.java",pdfbox/src/main/java/org/apache/pdfbox/util/Matrix.java,1,1,1,1,13,0,7,6,,,,1,5,1,,38,33,1,38,,0,4,0,34,,595,42,301,81,153,255,,,141,190,78,119,,,,,5,5,10,5,,2,,0,85,48,48,56,45
File,"pdfbox/src/main/java/org/apache/pdfbox/util/NumberFormatUtil.java",pdfbox/src/main/java/org/apache/pdfbox/util/NumberFormatUtil.java,3,3,5,1,28,3,16,9,,,,1,3,3,,4,1,0,4,,0,3,0,1,,174,24,87,18,47,63,,,42,57,20,38,,,,,5,5,10,3,,2,,0,72,12,12,21,6
File,"pdfbox/src/main/java/org/apache/pdfbox/util/SmallMap.java",pdfbox/src/main/java/org/apache/pdfbox/util/SmallMap.java,2,2,2,1,14,1,11,1,,,,2,0,0,,22,22,2,22,,1,2,0,19,,388,48,279,79,110,61,,,99,151,61,99,,,,,8,8,11,4,,3,,0,22,50,50,58,30
File,"pdfbox/src/main/java/org/apache/pdfbox/util/Vector.java",pdfbox/src/main/java/org/apache/pdfbox/util/Vector.java,1,1,1,1,6,0,4,2,,,,1,0,0,,5,5,2,5,,0,0,0,5,,65,6,27,9,6,32,,,8,14,8,6,,,,,1,1,1,1,,0,,1,19,5,5,5,5
File,"pdfbox/src/main/java/org/apache/pdfbox/util/Version.java",pdfbox/src/main/java/org/apache/pdfbox/util/Version.java,1,1,1,1,11,0,9,2,,,,1,1,2,,2,1,0,2,,0,1,0,1,,61,7,31,14,10,23,,,14,18,13,7,,,,,2,2,2,1,,1,,0,74,3,3,3,2
File,"pdfbox/src/main/java/org/apache/pdfbox/util/XMLUtil.java",pdfbox/src/main/java/org/apache/pdfbox/util/XMLUtil.java,1,1,1,1,17,0,11,7,,,,1,3,0,,4,1,0,4,,0,1,0,3,,115,8,61,24,25,50,,,33,41,25,22,,,,,3,3,3,1,,2,,0,82,7,7,7,4
File,"pdfbox/src/main/java/org/apache/pdfbox/util/filetypedetector/ByteTrie.java",pdfbox/src/main/java/org/apache/pdfbox/util/filetypedetector/ByteTrie.java,2,2,2,1,13,0,10,3,,,,2,0,0,,6,6,4,6,,0,0,0,6,,134,9,73,21,31,52,,,28,46,24,27,,,,,4,4,4,3,,3,,0,71,13,13,13,8
File,"pdfbox/src/main/java/org/apache/pdfbox/util/filetypedetector/FileType.java",pdfbox/src/main/java/org/apache/pdfbox/util/filetypedetector/FileType.java,0,0,0,0,0,0,0,0,,,,1,0,0,,0,2,17,2,,0,0,0,2,,57,2,21,19,0,34,,,1,2,2,0,,,,,0,0,0,0,,0,,1,62,0,0,0,0
File,"pdfbox/src/main/java/org/apache/pdfbox/util/filetypedetector/FileTypeDetector.java",pdfbox/src/main/java/org/apache/pdfbox/util/filetypedetector/FileTypeDetector.java,1,1,1,1,14,2,8,4,,,,1,2,1,,3,1,0,3,,0,1,0,2,,118,15,58,13,34,45,,,37,43,12,33,,,,,3,3,3,1,,1,,0,78,5,5,5,3
File,"pdfbox/src/test/java/org/apache/pdfbox/cos/COSDictionaryTest.java",pdfbox/src/test/java/org/apache/pdfbox/cos/COSDictionaryTest.java,1,1,1,1,13,0,13,0,,,,1,0,0,,1,1,0,1,,1,0,0,0,,38,3,19,8,9,16,,,10,12,7,7,,,,,1,1,1,1,,0,,0,84,1,1,1,1
File,"pdfbox/src/test/java/org/apache/pdfbox/cos/COSObjectKeyTest.java",pdfbox/src/test/java/org/apache/pdfbox/cos/COSObjectKeyTest.java,1,1,1,1,15,1,11,1,,,,1,0,0,,7,7,0,7,,7,0,0,0,,140,22,91,31,46,27,,,44,54,24,41,,,,,3,3,3,1,,1,,0,30,9,9,9,7
File,"pdfbox/src/test/java/org/apache/pdfbox/cos/PDFDocEncodingTest.java",pdfbox/src/test/java/org/apache/pdfbox/cos/PDFDocEncodingTest.java,1,1,1,1,10,0,8,2,,,,1,0,1,,3,2,0,2,,2,0,0,0,,110,7,73,17,50,70,,,56,60,15,50,,,,,2,2,2,1,,1,,0,96,4,4,4,3
File,"pdfbox/src/test/java/org/apache/pdfbox/cos/TestCOSArray.java",pdfbox/src/test/java/org/apache/pdfbox/cos/TestCOSArray.java,1,1,1,1,20,1,18,0,,,,1,0,0,,12,11,0,11,,11,0,0,0,,290,32,230,55,174,28,,,178,190,40,168,,,,,1,1,1,1,,0,,0,12,12,12,12,12
File,"pdfbox/src/test/java/org/apache/pdfbox/cos/TestCOSBase.java",pdfbox/src/test/java/org/apache/pdfbox/cos/TestCOSBase.java,1,1,1,1,11,0,7,4,,,,1,0,1,,4,4,0,4,,3,0,1,0,,76,9,33,15,8,35,,,17,22,13,9,,,,,2,2,2,1,,1,,1,06,4,4,4,3
File,"pdfbox/src/test/java/org/apache/pdfbox/cos/TestCOSBoolean.java",pdfbox/src/test/java/org/apache/pdfbox/cos/TestCOSBoolean.java,1,1,1,1,11,0,10,0,,,,1,1,0,,6,5,2,6,,6,0,0,0,,114,11,80,33,37,23,,,46,54,26,30,,,,,2,2,2,1,,1,,0,29,7,7,7,6
File,"pdfbox/src/test/java/org/apache/pdfbox/cos/TestCOSFloat.java",pdfbox/src/test/java/org/apache/pdfbox/cos/TestCOSFloat.java,1,1,1,1,10,0,8,1,,,,9,1,0,,32,27,6,28,,23,3,0,2,,428,68,299,107,133,62,,,132,174,85,116,,,,,3,3,5,1,,2,,0,21,38,38,40,31
File,"pdfbox/src/test/java/org/apache/pdfbox/cos/TestCOSIncrement.java",pdfbox/src/test/java/org/apache/pdfbox/cos/TestCOSIncrement.java,2,2,2,1,45,2,38,5,,,,1,0,0,,5,3,0,3,,2,1,0,0,,281,19,220,40,136,43,,,107,123,36,91,,,,,9,9,9,1,,2,,0,20,14,14,14,5
File,"pdfbox/src/test/java/org/apache/pdfbox/cos/TestCOSInteger.java",pdfbox/src/test/java/org/apache/pdfbox/cos/TestCOSInteger.java,2,2,2,1,16,0,14,2,,,,1,1,0,,8,7,0,8,,8,0,0,0,,177,13,127,46,51,37,,,63,82,41,53,,,,,3,3,3,1,,2,,0,29,18,18,18,8
File,"pdfbox/src/test/java/org/apache/pdfbox/cos/TestCOSName.java",pdfbox/src/test/java/org/apache/pdfbox/cos/TestCOSName.java,1,1,1,1,26,2,19,5,,,,1,0,0,,1,1,0,1,,1,0,0,0,,60,8,32,17,11,20,,,19,23,16,10,,,,,1,1,1,1,,1,,0,62,1,1,1,1
File,"pdfbox/src/test/java/org/apache/pdfbox/cos/TestCOSNumber.java",pdfbox/src/test/java/org/apache/pdfbox/cos/TestCOSNumber.java,1,1,1,1,16,0,12,3,,,,1,0,0,,8,6,0,6,,5,0,0,1,,133,14,74,20,40,45,,,48,54,18,37,,,,,2,2,2,1,,1,,0,61,7,7,7,5
File,"pdfbox/src/test/java/org/apache/pdfbox/cos/TestCOSStream.java",pdfbox/src/test/java/org/apache/pdfbox/cos/TestCOSStream.java,1,1,1,1,12,0,9,2,,,,1,0,0,,13,12,0,12,,8,4,0,0,,214,23,138,64,67,53,,,74,92,55,65,,,,,1,1,1,1,,2,,0,38,13,13,13,13
File,"pdfbox/src/test/java/org/apache/pdfbox/cos/TestCOSString.java",pdfbox/src/test/java/org/apache/pdfbox/cos/TestCOSString.java,1,1,1,1,18,1,13,4,,,,1,1,2,,16,14,0,15,,13,2,0,0,,355,36,233,94,134,88,,,139,165,81,120,,,,,3,3,3,1,,1,,0,38,23,23,23,16
File,"pdfbox/src/test/java/org/apache/pdfbox/cos/TestCOSUpdateInfo.java",pdfbox/src/test/java/org/apache/pdfbox/cos/TestCOSUpdateInfo.java,1,1,1,1,29,1,23,5,,,,1,0,0,,1,1,0,1,,1,0,0,0,,61,7,30,10,18,24,,,23,25,9,18,,,,,1,1,1,1,,0,,0,80,1,1,1,1
File,"pdfbox/src/test/java/org/apache/pdfbox/cos/UnmodifiableCOSDictionaryTest.java",pdfbox/src/test/java/org/apache/pdfbox/cos/UnmodifiableCOSDictionaryTest.java,3,3,3,1,26,1,22,2,,,,1,0,0,,12,12,0,12,,12,0,0,0,,365,31,292,46,120,42,,,73,112,34,94,,,,,6,6,6,1,,1,,0,14,38,38,38,12
File,"pdfbox/src/test/java/org/apache/pdfbox/encryption/TestPublicKeyEncryption.java",pdfbox/src/test/java/org/apache/pdfbox/encryption/TestPublicKeyEncryption.java,1,1,1,1,21,0,15,5,,,,1,3,1,,15,12,12,15,,9,4,0,2,,418,39,279,93,149,101,,,156,183,77,125,,,,,3,3,3,1,,1,,0,36,18,18,18,15
File,"pdfbox/src/test/java/org/apache/pdfbox/encryption/TestSymmetricKeyEncryption.java",pdfbox/src/test/java/org/apache/pdfbox/encryption/TestSymmetricKeyEncryption.java,2,2,2,1,29,3,22,4,,,,1,1,5,,13,12,0,13,,6,7,0,0,,488,61,341,130,196,86,,,206,238,114,167,,,,,5,5,5,1,,3,,0,25,30,30,30,13
File,"pdfbox/src/test/java/org/apache/pdfbox/filter/PredictorTest.java",pdfbox/src/test/java/org/apache/pdfbox/filter/PredictorTest.java,1,1,1,1,29,0,25,3,,,,1,0,0,,2,2,0,2,,2,0,0,0,,89,5,58,10,42,26,,,47,50,8,42,,,,,1,1,1,1,,0,,0,45,2,2,2,2
File,"pdfbox/src/test/java/org/apache/pdfbox/filter/TestFilters.java",pdfbox/src/test/java/org/apache/pdfbox/filter/TestFilters.java,2,2,3,1,29,0,22,6,,,,1,0,0,,5,5,0,5,,4,1,0,0,,191,13,128,48,67,50,,,62,79,46,44,,,,,10,10,14,4,,5,,0,39,14,14,18,8
File,"pdfbox/src/test/java/org/apache/pdfbox/io/ScratchFileBufferTest.java",pdfbox/src/test/java/org/apache/pdfbox/io/ScratchFileBufferTest.java,2,2,2,1,27,0,21,6,,,,1,0,2,,1,1,0,1,,1,0,0,0,,63,6,30,14,15,27,,,19,23,14,13,,,,,2,2,2,1,,2,,0,90,2,2,2,1
File,"pdfbox/src/test/java/org/apache/pdfbox/it/gsub/GsubWorkerForBengaliTest.java",pdfbox/src/test/java/org/apache/pdfbox/it/gsub/GsubWorkerForBengaliTest.java,1,1,1,1,12,1,7,2,,,,1,0,1,,16,16,2,16,,14,1,0,1,,262,55,142,83,54,65,,,69,89,68,52,,,,,2,2,2,1,,1,,0,46,17,17,17,16
File,"pdfbox/src/test/java/org/apache/pdfbox/multipdf/MergeAcroFormsTest.java",pdfbox/src/test/java/org/apache/pdfbox/multipdf/MergeAcroFormsTest.java,1,1,1,1,29,4,24,1,,,,1,0,3,,5,5,0,5,,3,1,0,1,,218,32,149,56,86,37,,,77,95,54,65,,,,,3,3,3,1,,2,,0,25,9,9,9,5
File,"pdfbox/src/test/java/org/apache/pdfbox/multipdf/MergeAnnotationsTest.java",pdfbox/src/test/java/org/apache/pdfbox/multipdf/MergeAnnotationsTest.java,2,2,2,1,27,3,21,2,,,,1,0,2,,3,3,0,3,,1,1,0,1,,137,17,85,36,43,35,,,48,59,36,35,,,,,4,4,4,3,,2,,0,41,6,6,6,5
File,"pdfbox/src/test/java/org/apache/pdfbox/multipdf/OverlayTest.java",pdfbox/src/test/java/org/apache/pdfbox/multipdf/OverlayTest.java,1,1,1,1,17,1,15,0,,,,1,0,2,,5,5,0,5,,1,2,0,2,,139,15,100,39,44,24,,,55,69,37,42,,,,,2,2,2,1,,3,,0,24,6,6,6,5
File,"pdfbox/src/test/java/org/apache/pdfbox/multipdf/PDFCloneUtilityTest.java",pdfbox/src/test/java/org/apache/pdfbox/multipdf/PDFCloneUtilityTest.java,1,1,1,1,32,2,23,6,,,,1,0,0,,3,3,0,3,,3,0,0,0,,143,12,90,34,46,41,,,56,66,31,42,,,,,1,1,1,1,,2,,0,46,3,3,3,3
File,"pdfbox/src/test/java/org/apache/pdfbox/multipdf/PDFMergerUtilityTest.java",pdfbox/src/test/java/org/apache/pdfbox/multipdf/PDFMergerUtilityTest.java,2,2,2,1,28,2,21,4,,,,2,1,4,,31,30,2,31,,22,9,0,0,,1010,101,735,220,455,174,,,429,521,204,413,,,,,14,14,14,4,,6,,0,24,70,70,70,34
File,"pdfbox/src/test/java/org/apache/pdfbox/multipdf/PageExtractorTest.java",pdfbox/src/test/java/org/apache/pdfbox/multipdf/PageExtractorTest.java,2,2,2,1,28,2,24,2,,,,1,0,0,,2,2,0,2,,1,1,0,0,,97,10,57,13,31,30,,,32,38,12,27,,,,,3,3,3,1,,2,,0,53,4,4,4,2
File,"pdfbox/src/test/java/org/apache/pdfbox/multipdf/TestLayerUtility.java",pdfbox/src/test/java/org/apache/pdfbox/multipdf/TestLayerUtility.java,1,1,1,1,36,2,30,3,,,,1,1,1,,4,3,0,4,,2,2,0,0,,204,19,151,64,89,35,,,98,113,61,77,,,,,3,3,3,1,,3,,0,23,7,7,7,4
File,"pdfbox/src/test/java/org/apache/pdfbox/pdfparser/EndstreamFilterStreamTest.java",pdfbox/src/test/java/org/apache/pdfbox/pdfparser/EndstreamFilterStreamTest.java,1,1,1,1,43,2,38,4,,,,1,0,0,,2,2,0,2,,2,0,0,0,,132,11,97,54,65,27,,,79,84,52,42,,,,,1,1,1,1,,2,,0,28,2,2,2,2
File,"pdfbox/src/test/java/org/apache/pdfbox/pdfparser/PDFObjectStreamParserTest.java",pdfbox/src/test/java/org/apache/pdfbox/pdfparser/PDFObjectStreamParserTest.java,1,1,1,1,17,0,17,0,,,,1,0,0,,2,2,0,2,,2,0,0,0,,73,6,48,24,26,19,,,37,40,22,26,,,,,1,1,1,1,,0,,0,40,2,2,2,2
File,"pdfbox/src/test/java/org/apache/pdfbox/pdfparser/PDFStreamParserTest.java",pdfbox/src/test/java/org/apache/pdfbox/pdfparser/PDFStreamParserTest.java,1,1,1,1,20,2,15,2,,,,1,0,0,,4,4,0,4,,1,3,0,0,,125,19,74,17,50,32,,,58,63,16,50,,,,,1,1,1,1,,0,,0,43,4,4,4,4
File,"pdfbox/src/test/java/org/apache/pdfbox/pdfparser/TestPDFParser.java",pdfbox/src/test/java/org/apache/pdfbox/pdfparser/TestPDFParser.java,1,1,1,1,17,0,12,4,,,,1,0,1,,17,17,0,17,,17,0,0,0,,351,24,236,56,93,91,,,68,106,40,73,,,,,4,4,5,4,,4,,0,39,28,28,29,20
File,"pdfbox/src/test/java/org/apache/pdfbox/pdfwriter/COSDocumentCompressionTest.java",pdfbox/src/test/java/org/apache/pdfbox/pdfwriter/COSDocumentCompressionTest.java,1,1,1,1,40,2,34,4,,,,1,0,2,,5,5,0,5,,4,0,0,1,,261,21,196,51,120,44,,,90,104,46,78,,,,,2,2,2,1,,2,,0,22,6,6,6,5
File,"pdfbox/src/test/java/org/apache/pdfbox/pdfwriter/COSWriterTest.java",pdfbox/src/test/java/org/apache/pdfbox/pdfwriter/COSWriterTest.java,1,1,1,1,14,0,11,2,,,,2,0,0,,2,2,0,2,,1,0,0,1,,51,3,27,11,8,21,,,11,15,11,5,,,,,1,1,1,1,,0,,0,78,2,2,2,2
File,"pdfbox/src/test/java/org/apache/pdfbox/pdfwriter/ContentStreamWriterTest.java",pdfbox/src/test/java/org/apache/pdfbox/pdfwriter/ContentStreamWriterTest.java,1,1,1,1,11,0,10,1,,,,1,2,0,,6,4,2,6,,1,0,0,5,,128,10,92,48,30,26,,,48,60,43,28,,,,,3,3,3,1,,3,,0,28,9,9,9,6
File,"pdfbox/src/test/java/org/apache/pdfbox/pdmodel/PageLayoutTest.java",pdfbox/src/test/java/org/apache/pdfbox/pdmodel/PageLayoutTest.java,1,1,1,1,9,0,6,2,,,,1,0,0,,3,2,0,2,,2,0,0,0,,55,3,29,15,9,23,,,15,20,14,9,,,,,2,2,2,1,,1,,0,79,4,4,4,3
File,"pdfbox/src/test/java/org/apache/pdfbox/pdmodel/PageModeTest.java",pdfbox/src/test/java/org/apache/pdfbox/pdmodel/PageModeTest.java,1,1,1,1,8,1,5,1,,,,1,0,0,,11,9,0,9,,9,0,0,0,,128,25,66,37,23,37,,,27,37,28,16,,,,,1,1,1,1,,0,,0,56,11,11,11,11
File,"pdfbox/src/test/java/org/apache/pdfbox/pdmodel/TestFDF.java",pdfbox/src/test/java/org/apache/pdfbox/pdmodel/TestFDF.java,1,1,1,1,18,1,13,3,,,,1,0,0,,2,2,0,2,,1,1,0,0,,81,8,43,19,16,30,,,26,31,18,15,,,,,1,1,1,1,,2,,0,70,2,2,2,2
File,"pdfbox/src/test/java/org/apache/pdfbox/pdmodel/TestPDDocument.java",pdfbox/src/test/java/org/apache/pdfbox/pdmodel/TestPDDocument.java,1,1,1,1,24,2,16,5,,,,1,1,1,,8,6,0,7,,6,0,0,1,,251,27,158,46,76,66,,,82,103,39,74,,,,,2,2,2,1,,1,,0,42,10,10,10,8
File,"pdfbox/src/test/java/org/apache/pdfbox/pdmodel/TestPDDocumentCatalog.java",pdfbox/src/test/java/org/apache/pdfbox/pdmodel/TestPDDocumentCatalog.java,1,1,1,1,23,0,14,8,,,,1,0,0,,5,5,0,5,,5,0,0,0,,163,14,86,28,42,64,,,45,56,23,39,,,,,1,1,1,1,,1,,0,74,5,5,5,5
File,"pdfbox/src/test/java/org/apache/pdfbox/pdmodel/TestPDDocumentInformation.java",pdfbox/src/test/java/org/apache/pdfbox/pdmodel/TestPDDocumentInformation.java,1,1,1,1,16,1,13,2,,,,1,0,0,,3,2,0,2,,2,0,0,0,,88,10,50,19,25,28,,,26,31,16,18,,,,,1,1,1,1,,1,,0,56,3,3,3,3
File,"pdfbox/src/test/java/org/apache/pdfbox/pdmodel/TestPDPageAnnotationsFiltering.java",pdfbox/src/test/java/org/apache/pdfbox/pdmodel/TestPDPageAnnotationsFiltering.java,1,1,1,1,6,0,6,0,,,,1,0,0,,6,4,1,4,,3,0,0,1,,85,8,53,30,19,24,,,33,38,25,18,,,,,1,1,2,1,,0,,0,45,6,6,7,6
File,"pdfbox/src/test/java/org/apache/pdfbox/pdmodel/TestPDPageContentStream.java",pdfbox/src/test/java/org/apache/pdfbox/pdmodel/TestPDPageContentStream.java,1,1,1,1,33,2,22,8,,,,1,0,0,,5,5,0,5,,5,0,0,0,,208,17,128,36,75,63,,,78,92,31,74,,,,,2,2,2,1,,2,,0,49,6,6,6,5
File,"pdfbox/src/test/java/org/apache/pdfbox/pdmodel/TestPDPageTransitions.java",pdfbox/src/test/java/org/apache/pdfbox/pdmodel/TestPDPageTransitions.java,1,1,1,1,20,1,18,1,,,,1,0,0,,2,2,0,2,,2,0,0,0,,81,8,51,23,22,22,,,29,35,21,20,,,,,1,1,1,1,,1,,0,43,2,2,2,2
File,"pdfbox/src/test/java/org/apache/pdfbox/pdmodel/TestPDPageTree.java",pdfbox/src/test/java/org/apache/pdfbox/pdmodel/TestPDPageTree.java,1,1,1,1,12,0,11,0,,,,1,0,0,,7,7,1,7,,6,0,0,1,,128,16,92,31,40,20,,,41,57,27,37,,,,,3,3,3,1,,2,,0,22,12,12,12,7
File,"pdfbox/src/test/java/org/apache/pdfbox/pdmodel/common/COSArrayListTest.java",pdfbox/src/test/java/org/apache/pdfbox/pdmodel/common/COSArrayListTest.java,1,1,1,1,21,4,14,2,,,,1,0,6,,17,13,0,13,,11,0,0,2,,437,90,278,107,191,69,,,190,211,96,160,,,,,2,2,2,1,,1,,0,25,18,18,18,17
File,"pdfbox/src/test/java/org/apache/pdfbox/pdmodel/common/PDImmutableRectangleTest.java",pdfbox/src/test/java/org/apache/pdfbox/pdmodel/common/PDImmutableRectangleTest.java,1,1,1,1,5,0,4,1,,,,1,0,0,,10,6,1,6,,6,0,0,0,,88,9,44,16,15,35,,,18,25,11,14,,,,,1,1,1,1,,0,,0,80,10,10,10,10
File,"pdfbox/src/test/java/org/apache/pdfbox/pdmodel/common/PDIntegerNameTreeNode.java",pdfbox/src/test/java/org/apache/pdfbox/pdmodel/common/PDIntegerNameTreeNode.java,1,1,1,1,6,0,4,2,,,,1,0,0,,4,4,0,4,,0,0,2,2,,61,6,26,12,4,29,,,9,14,10,4,,,,,1,1,1,1,,0,,1,12,4,4,4,4
File,"pdfbox/src/test/java/org/apache/pdfbox/pdmodel/common/PDStreamTest.java",pdfbox/src/test/java/org/apache/pdfbox/pdmodel/common/PDStreamTest.java,1,1,1,1,22,1,18,3,,,,1,0,0,,3,3,0,3,,3,0,0,0,,106,10,68,26,36,28,,,44,51,23,36,,,,,1,1,1,1,,1,,0,41,3,3,3,3
File,"pdfbox/src/test/java/org/apache/pdfbox/pdmodel/common/TestEmbeddedFiles.java",pdfbox/src/test/java/org/apache/pdfbox/pdmodel/common/TestEmbeddedFiles.java,2,2,2,1,26,3,23,0,,,,1,0,0,,3,3,0,3,,2,1,0,0,,123,16,90,47,49,17,,,57,65,43,35,,,,,3,3,3,1,,2,,0,19,6,6,6,3
File,"pdfbox/src/test/java/org/apache/pdfbox/pdmodel/common/TestPDNameTreeNode.java",pdfbox/src/test/java/org/apache/pdfbox/pdmodel/common/TestPDNameTreeNode.java,2,2,2,1,24,2,21,0,,,,1,0,0,,3,3,5,3,,2,0,1,0,,117,14,82,23,47,21,,,58,65,20,47,,,,,4,4,4,1,,1,,0,26,6,6,6,3
File,"pdfbox/src/test/java/org/apache/pdfbox/pdmodel/common/TestPDNumberTreeNode.java",pdfbox/src/test/java/org/apache/pdfbox/pdmodel/common/TestPDNumberTreeNode.java,1,1,1,1,15,1,13,0,,,,2,0,0,,9,9,6,9,,3,0,1,5,,200,30,148,40,79,22,,,90,107,33,76,,,,,4,4,4,4,,1,,0,15,15,15,15,12
File,"pdfbox/src/test/java/org/apache/pdfbox/pdmodel/common/function/TestPDFunctionType4.java",pdfbox/src/test/java/org/apache/pdfbox/pdmodel/common/function/TestPDFunctionType4.java,1,1,1,1,24,4,16,4,,,,1,0,0,,3,3,0,3,,2,1,0,0,,109,19,61,29,36,31,,,39,44,24,28,,,,,1,1,1,1,,1,,0,51,3,3,3,3
File,"pdfbox/src/test/java/org/apache/pdfbox/pdmodel/common/function/type4/TestOperators.java",pdfbox/src/test/java/org/apache/pdfbox/pdmodel/common/function/type4/TestOperators.java,1,1,1,1,11,0,8,3,,,,1,0,0,,42,40,0,40,,40,0,0,0,,563,55,364,129,150,179,,,107,150,53,100,,,,,2,2,2,1,,1,,0,49,44,44,44,42
File,"pdfbox/src/test/java/org/apache/pdfbox/pdmodel/common/function/type4/TestParser.java",pdfbox/src/test/java/org/apache/pdfbox/pdmodel/common/function/type4/TestParser.java,1,1,1,1,13,0,7,5,,,,1,0,0,,4,4,0,4,,4,0,0,0,,88,10,38,15,13,40,,,16,21,10,11,,,,,1,1,1,1,,0,,1,05,4,4,4,4
File,"pdfbox/src/test/java/org/apache/pdfbox/pdmodel/common/function/type4/Type4Tester.java",pdfbox/src/test/java/org/apache/pdfbox/pdmodel/common/function/type4/Type4Tester.java,1,1,1,1,9,0,5,4,,,,1,1,0,,10,9,1,10,,0,1,0,9,,138,15,59,21,22,64,,,26,37,21,22,,,,,1,1,1,1,,0,,1,08,10,10,10,10
File,"pdfbox/src/test/java/org/apache/pdfbox/pdmodel/documentinterchange/logicalstructure/PDStructureElementTest.java",pdfbox/src/test/java/org/apache/pdfbox/pdmodel/documentinterchange/logicalstructure/PDStructureElementTest.java,3,3,3,1,17,0,14,2,,,,1,0,1,,3,2,0,2,,1,1,0,0,,96,7,60,26,22,30,,,29,40,26,21,,,,,7,7,7,1,,3,,0,50,9,9,9,3
File,"pdfbox/src/test/java/org/apache/pdfbox/pdmodel/fdf/FDFAnnotationTest.java",pdfbox/src/test/java/org/apache/pdfbox/pdmodel/fdf/FDFAnnotationTest.java,4,4,4,1,36,1,31,6,,,,1,0,0,,1,1,0,1,,1,0,0,0,,75,6,43,16,19,28,,,17,24,16,10,,,,,4,4,4,1,,4,,0,65,4,4,4,1
File,"pdfbox/src/test/java/org/apache/pdfbox/pdmodel/fdf/FDFFieldTest.java",pdfbox/src/test/java/org/apache/pdfbox/pdmodel/fdf/FDFFieldTest.java,1,1,1,1,12,1,10,0,,,,1,0,0,,5,5,0,5,,4,1,0,0,,106,20,67,37,30,19,,,42,49,33,27,,,,,1,1,1,1,,1,,0,28,5,5,5,5
File,"pdfbox/src/test/java/org/apache/pdfbox/pdmodel/font/PDFontTest.java",pdfbox/src/test/java/org/apache/pdfbox/pdmodel/font/PDFontTest.java,1,1,1,1,22,1,17,3,,,,1,1,1,,16,11,0,12,,10,2,0,0,,423,42,309,112,177,74,,,177,215,100,161,,,,,3,3,3,3,,2,,0,24,19,19,19,18
File,"pdfbox/src/test/java/org/apache/pdfbox/pdmodel/font/TestFontEmbedding.java",pdfbox/src/test/java/org/apache/pdfbox/pdmodel/font/TestFontEmbedding.java,1,1,1,1,31,2,22,7,,,,2,1,1,,13,12,0,13,,10,2,1,0,,494,57,327,133,194,116,,,209,244,119,177,,,,,2,2,2,1,,2,,0,35,17,17,17,13
File,"pdfbox/src/test/java/org/apache/pdfbox/pdmodel/font/TestFontEncoding.java",pdfbox/src/test/java/org/apache/pdfbox/pdmodel/font/TestFontEncoding.java,1,1,1,1,20,0,14,4,,,,1,0,0,,3,3,0,3,,3,0,0,0,,109,9,66,36,32,34,,,51,55,33,32,,,,,1,1,1,1,,0,,0,52,3,3,3,3
File,"pdfbox/src/test/java/org/apache/pdfbox/pdmodel/font/TestToUnicodeWriter.java",pdfbox/src/test/java/org/apache/pdfbox/pdmodel/font/TestToUnicodeWriter.java,1,1,1,1,23,3,18,1,,,,1,0,0,,8,8,0,8,,8,0,0,0,,230,37,161,49,118,32,,,123,132,39,115,,,,,1,1,1,1,,0,,0,20,8,8,8,8
File,"pdfbox/src/test/java/org/apache/pdfbox/pdmodel/graphics/PDLineDashPatternTest.java",pdfbox/src/test/java/org/apache/pdfbox/pdmodel/graphics/PDLineDashPatternTest.java,1,1,1,1,19,0,16,3,,,,1,0,0,,1,1,0,1,,1,0,0,0,,56,5,25,13,12,26,,,18,20,12,12,,,,,1,1,1,1,,0,,1,04,1,1,1,1
File,"pdfbox/src/test/java/org/apache/pdfbox/pdmodel/graphics/blend/BlendModeTest.java",pdfbox/src/test/java/org/apache/pdfbox/pdmodel/graphics/blend/BlendModeTest.java,1,1,1,1,10,0,10,0,,,,1,0,0,,17,17,0,17,,17,0,0,0,,238,25,190,47,109,23,,,116,134,30,106,,,,,1,1,1,1,,0,,0,12,17,17,17,17
File,"pdfbox/src/test/java/org/apache/pdfbox/pdmodel/graphics/color/PDDeviceCMYKTest.java",pdfbox/src/test/java/org/apache/pdfbox/pdmodel/graphics/color/PDDeviceCMYKTest.java,1,1,1,1,4,0,4,0,,,,2,0,0,,2,2,0,2,,1,0,1,0,,42,4,17,8,1,21,,,4,8,7,1,,,,,1,1,1,1,,0,,1,24,2,2,2,2
File,"pdfbox/src/test/java/org/apache/pdfbox/pdmodel/graphics/color/PDICCBasedTest.java",pdfbox/src/test/java/org/apache/pdfbox/pdmodel/graphics/color/PDICCBasedTest.java,1,1,1,1,11,0,8,3,,,,1,0,0,,1,1,0,1,,1,0,0,0,,42,4,16,10,4,22,,,9,11,9,4,,,,,1,1,1,1,,0,,1,38,1,1,1,1
File,"pdfbox/src/test/java/org/apache/pdfbox/pdmodel/graphics/color/PDLabTest.java",pdfbox/src/test/java/org/apache/pdfbox/pdmodel/graphics/color/PDLabTest.java,1,1,1,1,60,2,52,7,,,,1,0,0,,1,1,0,1,,1,0,0,0,,96,7,64,17,48,26,,,57,59,16,48,,,,,1,1,1,1,,0,,0,41,1,1,1,1
File,"pdfbox/src/test/java/org/apache/pdfbox/pdmodel/graphics/image/CCITTFactoryTest.java",pdfbox/src/test/java/org/apache/pdfbox/pdmodel/graphics/image/CCITTFactoryTest.java,1,1,1,1,26,2,21,2,,,,1,1,1,,8,7,0,8,,8,0,0,0,,276,33,201,80,101,43,,,112,141,74,93,,,,,3,3,3,3,,3,,0,21,13,13,13,10
File,"pdfbox/src/test/java/org/apache/pdfbox/pdmodel/graphics/image/JPEGFactoryTest.java",pdfbox/src/test/java/org/apache/pdfbox/pdmodel/graphics/image/JPEGFactoryTest.java,1,1,2,1,23,2,16,4,,,,1,1,1,,11,10,0,11,,10,1,0,0,,334,43,221,99,115,70,,,136,160,92,111,,,,,4,4,7,1,,2,,0,32,21,21,30,11
File,"pdfbox/src/test/java/org/apache/pdfbox/pdmodel/graphics/image/LosslessFactoryTest.java",pdfbox/src/test/java/org/apache/pdfbox/pdmodel/graphics/image/LosslessFactoryTest.java,2,2,2,1,30,3,21,5,,,,1,2,1,,19,17,0,19,,17,2,0,0,,674,89,465,200,296,120,,,342,382,192,290,,,,,7,7,13,1,,4,,0,26,39,39,45,19
File,"pdfbox/src/test/java/org/apache/pdfbox/pdmodel/graphics/image/PDImageXObjectTest.java",pdfbox/src/test/java/org/apache/pdfbox/pdmodel/graphics/image/PDImageXObjectTest.java,1,1,1,1,15,1,12,1,,,,1,0,0,,17,17,0,17,,4,13,0,0,,337,60,235,94,121,42,,,123,156,79,122,,,,,4,4,4,1,,3,,0,18,20,20,20,17
File,"pdfbox/src/test/java/org/apache/pdfbox/pdmodel/graphics/image/PDInlineImageTest.java",pdfbox/src/test/java/org/apache/pdfbox/pdmodel/graphics/image/PDInlineImageTest.java,2,2,3,1,32,2,27,2,,,,1,1,1,,6,5,0,6,,5,1,0,0,,256,26,196,68,117,34,,,140,159,69,113,,,,,10,10,12,1,,3,,0,17,16,16,18,6
File,"pdfbox/src/test/java/org/apache/pdfbox/pdmodel/graphics/image/PNGConverterTest.java",pdfbox/src/test/java/org/apache/pdfbox/pdmodel/graphics/image/PNGConverterTest.java,1,1,1,1,13,1,11,1,,,,1,2,1,,22,20,0,22,,18,2,0,2,,390,50,301,116,156,40,,,173,208,95,145,,,,,4,4,5,1,,2,,0,13,28,28,29,22
File,"pdfbox/src/test/java/org/apache/pdfbox/pdmodel/graphics/image/ValidateXImage.java",pdfbox/src/test/java/org/apache/pdfbox/pdmodel/graphics/image/ValidateXImage.java,2,2,3,1,25,2,20,2,,,,2,7,0,,8,1,0,8,,1,2,0,5,,268,28,199,81,109,41,,,129,155,82,96,,,,,7,7,7,1,,4,,0,21,23,23,24,8
File,"pdfbox/src/test/java/org/apache/pdfbox/pdmodel/graphics/optionalcontent/TestOptionalContentGroups.java",pdfbox/src/test/java/org/apache/pdfbox/pdmodel/graphics/optionalcontent/TestOptionalContentGroups.java,2,2,2,1,66,7,50,8,,,,1,1,1,,6,5,0,6,,5,1,0,0,,470,57,343,98,245,70,,,260,284,93,235,,,,,3,3,3,1,,2,,0,20,12,12,12,6
File,"pdfbox/src/test/java/org/apache/pdfbox/pdmodel/graphics/state/RenderingIntentTest.java",pdfbox/src/test/java/org/apache/pdfbox/pdmodel/graphics/state/RenderingIntentTest.java,1,1,1,1,12,2,7,3,,,,1,0,0,,7,7,0,7,,7,0,0,0,,115,23,55,32,21,37,,,24,32,25,14,,,,,1,1,1,1,,0,,0,67,7,7,7,7
File,"pdfbox/src/test/java/org/apache/pdfbox/pdmodel/interactive/action/PDActionURITest.java",pdfbox/src/test/java/org/apache/pdfbox/pdmodel/interactive/action/PDActionURITest.java,1,1,1,1,12,0,8,5,,,,1,0,0,,4,4,0,4,,4,0,0,0,,84,7,43,23,17,39,,,22,27,18,15,,,,,1,1,1,1,,0,,0,91,4,4,4,4
File,"pdfbox/src/test/java/org/apache/pdfbox/pdmodel/interactive/annotation/AppearanceGenerationTest.java",pdfbox/src/test/java/org/apache/pdfbox/pdmodel/interactive/annotation/AppearanceGenerationTest.java,2,2,2,1,18,2,14,1,,,,1,0,5,,4,4,1,4,,2,0,0,2,,154,24,86,43,40,44,,,49,59,40,30,,,,,4,4,4,1,,2,,0,51,8,8,8,4
File,"pdfbox/src/test/java/org/apache/pdfbox/pdmodel/interactive/annotation/PDAnnotationTest.java",pdfbox/src/test/java/org/apache/pdfbox/pdmodel/interactive/annotation/PDAnnotationTest.java,1,1,1,1,8,0,8,0,,,,1,0,0,,2,2,0,2,,2,0,0,0,,54,7,27,17,9,20,,,16,19,15,9,,,,,1,1,1,1,,0,,0,74,2,2,2,2
File,"pdfbox/src/test/java/org/apache/pdfbox/pdmodel/interactive/annotation/PDCircleAnnotationTest.java",pdfbox/src/test/java/org/apache/pdfbox/pdmodel/interactive/annotation/PDCircleAnnotationTest.java,1,1,1,1,8,0,8,0,,,,1,0,0,,1,1,0,1,,1,0,0,0,,37,3,15,8,4,19,,,7,9,7,3,,,,,1,1,1,1,,0,,1,27,1,1,1,1
File,"pdfbox/src/test/java/org/apache/pdfbox/pdmodel/interactive/annotation/PDSquareAnnotationTest.java",pdfbox/src/test/java/org/apache/pdfbox/pdmodel/interactive/annotation/PDSquareAnnotationTest.java,1,1,1,1,25,4,19,2,,,,1,1,4,,4,3,0,4,,4,0,0,0,,164,27,106,51,61,31,,,79,86,47,55,,,,,1,1,1,1,,1,,0,29,4,4,4,4
File,"pdfbox/src/test/java/org/apache/pdfbox/pdmodel/interactive/annotation/package-info.java",pdfbox/src/test/java/org/apache/pdfbox/pdmodel/interactive/annotation/package-info.java,0,0,0,0,0,0,0,0,,,,0,0,0,,0,0,0,0,,0,0,0,0,,21,1,1,1,0,19,,,1,1,1,0,,,,,0,0,0,0,,0,,19,00,0,0,0,0
File,"pdfbox/src/test/java/org/apache/pdfbox/pdmodel/interactive/documentnavigation/outline/PDDocumentOutlineTest.java",pdfbox/src/test/java/org/apache/pdfbox/pdmodel/interactive/documentnavigation/outline/PDDocumentOutlineTest.java,1,1,1,1,16,0,15,1,,,,1,0,0,,2,2,0,2,,2,0,0,0,,64,4,37,14,22,23,,,25,28,12,21,,,,,1,1,1,1,,0,,0,62,2,2,2,2
File,"pdfbox/src/test/java/org/apache/pdfbox/pdmodel/interactive/documentnavigation/outline/PDOutlineItemIteratorTest.java",pdfbox/src/test/java/org/apache/pdfbox/pdmodel/interactive/documentnavigation/outline/PDOutlineItemIteratorTest.java,1,1,1,1,7,0,7,0,,,,1,0,0,,5,4,0,4,,4,0,0,0,,70,7,43,22,18,20,,,24,29,18,18,,,,,1,1,1,1,,0,,0,47,5,5,5,5
File,"pdfbox/src/test/java/org/apache/pdfbox/pdmodel/interactive/documentnavigation/outline/PDOutlineItemTest.java",pdfbox/src/test/java/org/apache/pdfbox/pdmodel/interactive/documentnavigation/outline/PDOutlineItemTest.java,1,1,1,1,8,0,8,0,,,,1,0,0,,17,15,4,15,,14,0,0,1,,192,18,154,46,82,20,,,91,107,31,82,,,,,1,1,1,1,,0,,0,13,17,17,17,17
File,"pdfbox/src/test/java/org/apache/pdfbox/pdmodel/interactive/documentnavigation/outline/PDOutlineNodeTest.java",pdfbox/src/test/java/org/apache/pdfbox/pdmodel/interactive/documentnavigation/outline/PDOutlineNodeTest.java,1,1,1,1,10,0,10,0,,,,1,0,0,,30,28,1,28,,27,0,0,1,,378,32,325,93,196,21,,,204,237,67,194,,,,,2,2,2,1,,1,,0,06,32,32,32,30
File,"pdfbox/src/test/java/org/apache/pdfbox/pdmodel/interactive/form/AcroFormsRotationTest.java",pdfbox/src/test/java/org/apache/pdfbox/pdmodel/interactive/form/AcroFormsRotationTest.java,1,1,1,1,23,1,18,3,,,,1,0,4,,3,3,2,3,,1,0,0,2,,114,15,74,25,46,25,,,54,59,21,42,,,,,2,2,2,1,,1,,0,34,4,4,4,3
File,"pdfbox/src/test/java/org/apache/pdfbox/pdmodel/interactive/form/AlignmentTest.java",pdfbox/src/test/java/org/apache/pdfbox/pdmodel/interactive/form/AlignmentTest.java,1,1,1,1,26,6,19,0,,,,1,0,4,,3,3,2,3,,1,0,0,2,,120,26,76,24,48,18,,,58,63,21,46,,,,,2,2,2,1,,1,,0,24,4,4,4,3
File,"pdfbox/src/test/java/org/apache/pdfbox/pdmodel/interactive/form/CombAlignmentTest.java",pdfbox/src/test/java/org/apache/pdfbox/pdmodel/interactive/form/CombAlignmentTest.java,1,1,1,1,14,0,13,1,,,,1,0,4,,2,2,0,2,,2,0,0,0,,68,4,41,20,18,23,,,23,28,18,15,,,,,2,2,2,1,,2,,0,56,3,3,3,2
File,"pdfbox/src/test/java/org/apache/pdfbox/pdmodel/interactive/form/ControlCharacterTest.java",pdfbox/src/test/java/org/apache/pdfbox/pdmodel/interactive/form/ControlCharacterTest.java,1,1,1,1,6,0,5,0,,,,1,1,2,,11,6,2,7,,3,2,0,2,,148,16,84,47,33,51,,,42,50,40,20,,,,,1,1,1,1,,0,,0,61,11,11,11,11
File,"pdfbox/src/test/java/org/apache/pdfbox/pdmodel/interactive/form/HandleDifferentDALevelsTest.java",pdfbox/src/test/java/org/apache/pdfbox/pdmodel/interactive/form/HandleDifferentDALevelsTest.java,1,1,1,1,11,0,10,0,,,,1,0,3,,7,7,2,7,,3,2,0,2,,128,17,92,48,41,19,,,51,66,46,39,,,,,3,3,3,1,,1,,0,21,12,12,12,7
File,"pdfbox/src/test/java/org/apache/pdfbox/pdmodel/interactive/form/MultilineFieldsTest.java",pdfbox/src/test/java/org/apache/pdfbox/pdmodel/interactive/form/MultilineFieldsTest.java,2,2,2,1,21,3,17,0,,,,1,0,4,,7,7,2,7,,3,2,0,2,,212,41,149,62,85,22,,,97,113,57,82,,,,,4,4,6,4,,3,,0,15,14,14,16,10
File,"pdfbox/src/test/java/org/apache/pdfbox/pdmodel/interactive/form/PDAcroFormFlattenTest.java",pdfbox/src/test/java/org/apache/pdfbox/pdmodel/interactive/form/PDAcroFormFlattenTest.java,1,1,1,1,22,3,13,6,,,,1,5,2,,9,3,0,8,,4,4,0,0,,291,47,155,77,66,102,,,80,96,59,55,,,,,2,2,2,1,,2,,0,66,12,12,13,9
File,"pdfbox/src/test/java/org/apache/pdfbox/pdmodel/interactive/form/PDAcroFormFromAnnotsTest.java",pdfbox/src/test/java/org/apache/pdfbox/pdmodel/interactive/form/PDAcroFormFromAnnotsTest.java,1,1,1,1,21,2,15,5,,,,2,0,0,,13,9,0,9,,8,0,0,1,,319,40,197,92,99,93,,,98,128,86,80,,,,,3,3,3,1,,3,,0,47,19,19,19,13
File,"pdfbox/src/test/java/org/apache/pdfbox/pdmodel/interactive/form/PDAcroFormGenerateAppearancesTest.java",pdfbox/src/test/java/org/apache/pdfbox/pdmodel/interactive/form/PDAcroFormGenerateAppearancesTest.java,1,1,1,1,11,1,8,3,,,,1,0,0,,2,1,0,1,,1,0,0,0,,59,8,32,22,4,22,,,14,17,15,3,,,,,1,1,1,1,,1,,0,69,2,2,2,2
File,"pdfbox/src/test/java/org/apache/pdfbox/pdmodel/interactive/form/PDAcroFormTest.java",pdfbox/src/test/java/org/apache/pdfbox/pdmodel/interactive/form/PDAcroFormTest.java,1,1,1,1,19,2,15,2,,,,1,0,2,,17,14,2,14,,10,2,0,2,,428,60,293,104,160,77,,,168,205,95,151,,,,,5,5,5,1,,4,,0,26,26,26,26,17
File,"pdfbox/src/test/java/org/apache/pdfbox/pdmodel/interactive/form/PDButtonTest.java",pdfbox/src/test/java/org/apache/pdfbox/pdmodel/interactive/form/PDButtonTest.java,1,1,1,1,11,1,9,1,,,,1,0,3,,28,21,4,21,,19,0,0,2,,404,60,279,89,162,65,,,164,188,68,143,,,,,2,2,2,1,,1,,0,23,30,30,30,28
File,"pdfbox/src/test/java/org/apache/pdfbox/pdmodel/interactive/form/PDChoiceTest.java",pdfbox/src/test/java/org/apache/pdfbox/pdmodel/interactive/form/PDChoiceTest.java,1,1,1,1,15,2,11,2,,,,1,0,0,,6,6,3,6,,5,0,0,1,,147,25,87,38,45,35,,,60,67,32,45,,,,,1,1,1,1,,0,,0,40,6,6,6,6
File,"pdfbox/src/test/java/org/apache/pdfbox/pdmodel/interactive/form/PDDefaultAppearanceStringTest.java",pdfbox/src/test/java/org/apache/pdfbox/pdmodel/interactive/form/PDDefaultAppearanceStringTest.java,1,1,1,1,7,0,6,0,,,,1,0,0,,6,4,3,4,,3,0,0,1,,82,10,53,28,19,19,,,32,37,24,17,,,,,1,1,1,1,,0,,0,36,6,6,6,6
File,"pdfbox/src/test/java/org/apache/pdfbox/pdmodel/interactive/form/PDFieldTreeTest.java",pdfbox/src/test/java/org/apache/pdfbox/pdmodel/interactive/form/PDFieldTreeTest.java,2,2,2,1,23,1,17,6,,,,1,0,0,,1,1,0,1,,1,0,0,0,,60,6,29,16,9,26,,,15,20,16,6,,,,,2,2,2,1,,2,,0,90,2,2,2,1
File,"pdfbox/src/test/java/org/apache/pdfbox/pdmodel/interactive/form/PDSignatureFieldTest.java",pdfbox/src/test/java/org/apache/pdfbox/pdmodel/interactive/form/PDSignatureFieldTest.java,1,1,1,1,10,0,8,1,,,,1,0,0,,5,4,2,4,,3,0,0,1,,97,12,58,31,22,27,,,38,43,27,21,,,,,1,1,1,1,,0,,0,47,5,5,5,5
File,"pdfbox/src/test/java/org/apache/pdfbox/pdmodel/interactive/form/PDTextFieldTest.java",pdfbox/src/test/java/org/apache/pdfbox/pdmodel/interactive/form/PDTextFieldTest.java,1,1,1,1,9,1,8,0,,,,1,0,0,,3,3,2,3,,2,0,0,1,,69,12,37,20,12,20,,,22,26,17,12,,,,,1,1,1,1,,0,,0,54,3,3,3,3
File,"pdfbox/src/test/java/org/apache/pdfbox/pdmodel/interactive/form/PlainTextTest.java",pdfbox/src/test/java/org/apache/pdfbox/pdmodel/interactive/form/PlainTextTest.java,1,1,1,1,6,0,6,0,,,,1,0,0,,6,6,0,6,,6,0,0,0,,74,10,42,22,12,22,,,15,22,16,12,,,,,1,1,1,1,,0,,0,52,6,6,6,6
File,"pdfbox/src/test/java/org/apache/pdfbox/pdmodel/interactive/form/TestCheckBox.java",pdfbox/src/test/java/org/apache/pdfbox/pdmodel/interactive/form/TestCheckBox.java,1,1,1,1,40,3,28,9,,,,1,0,0,,2,2,0,2,,2,0,0,0,,128,12,80,38,45,38,,,63,68,36,45,,,,,1,1,1,1,,1,,0,47,2,2,2,2
File,"pdfbox/src/test/java/org/apache/pdfbox/pdmodel/interactive/form/TestFields.java",pdfbox/src/test/java/org/apache/pdfbox/pdmodel/interactive/form/TestFields.java,1,1,1,1,43,5,27,10,,,,1,0,1,,3,3,0,3,,3,0,0,0,,180,26,100,29,65,54,,,72,79,26,60,,,,,1,1,1,1,,1,,0,54,3,3,3,3
File,"pdfbox/src/test/java/org/apache/pdfbox/pdmodel/interactive/form/TestListBox.java",pdfbox/src/test/java/org/apache/pdfbox/pdmodel/interactive/form/TestListBox.java,1,1,1,1,15,1,10,3,,,,1,0,0,,13,11,4,11,,11,0,0,0,,265,40,162,65,88,64,,,113,125,52,85,,,,,1,1,1,1,,0,,0,40,13,13,13,13
File,"pdfbox/src/test/java/org/apache/pdfbox/pdmodel/interactive/form/TestRadioButtons.java",pdfbox/src/test/java/org/apache/pdfbox/pdmodel/interactive/form/TestRadioButtons.java,1,1,1,1,26,2,17,7,,,,1,0,0,,11,9,0,9,,9,0,0,0,,342,42,209,82,129,99,,,129,149,72,107,,,,,2,2,2,1,,2,,0,47,12,12,12,11
File,"pdfbox/src/test/java/org/apache/pdfbox/pdmodel/interactive/pagenavigation/PDTransitionDirectionTest.java",pdfbox/src/test/java/org/apache/pdfbox/pdmodel/interactive/pagenavigation/PDTransitionDirectionTest.java,1,1,1,1,14,0,14,0,,,,1,0,0,,1,1,0,1,,1,0,0,0,,47,5,22,8,10,20,,,11,13,7,6,,,,,1,1,1,1,,0,,0,91,1,1,1,1
File,"pdfbox/src/test/java/org/apache/pdfbox/pdmodel/interactive/pagenavigation/PDTransitionTest.java",pdfbox/src/test/java/org/apache/pdfbox/pdmodel/interactive/pagenavigation/PDTransitionTest.java,1,1,1,1,7,0,7,0,,,,1,0,0,,10,10,0,10,,10,0,0,0,,121,13,88,39,37,20,,,45,56,29,37,,,,,1,1,1,1,,0,,0,23,10,10,10,10
File,"pdfbox/src/test/java/org/apache/pdfbox/rendering/TestPDFToImage.java",pdfbox/src/test/java/org/apache/pdfbox/rendering/TestPDFToImage.java,4,4,6,1,48,1,38,8,,,,2,4,3,,6,2,0,6,,0,3,0,3,,357,19,246,57,140,94,,,122,154,59,117,,,,,11,11,11,6,,5,,0,38,29,29,39,11
File,"pdfbox/src/test/java/org/apache/pdfbox/rendering/TestQuality.java",pdfbox/src/test/java/org/apache/pdfbox/rendering/TestQuality.java,1,1,1,1,21,0,15,6,,,,1,0,1,,1,1,0,1,,1,0,0,0,,59,3,30,21,9,26,,,19,22,19,9,,,,,1,1,1,1,,1,,0,87,1,1,1,1
File,"pdfbox/src/test/java/org/apache/pdfbox/rendering/TestRendering.java",pdfbox/src/test/java/org/apache/pdfbox/rendering/TestRendering.java,1,1,1,1,5,0,4,0,,,,1,2,3,,9,2,0,4,,2,2,0,0,,100,12,54,33,16,34,,,27,34,27,11,,,,,2,2,2,1,,1,,0,63,10,10,12,9
File,"pdfbox/src/test/java/org/apache/pdfbox/text/BidiTest.java",pdfbox/src/test/java/org/apache/pdfbox/text/BidiTest.java,3,3,5,2,28,1,23,4,,,,1,0,5,,7,7,2,7,,2,3,0,2,,269,26,192,49,93,51,,,78,107,44,72,,,,,10,10,16,5,,3,,0,27,26,26,41,14
File,"pdfbox/src/test/java/org/apache/pdfbox/text/TestTextStripper.java",pdfbox/src/test/java/org/apache/pdfbox/text/TestTextStripper.java,3,3,4,1,37,2,29,5,,,,2,2,3,,15,11,1,13,,5,7,1,0,,675,60,467,129,265,148,,,223,282,119,208,,,,,9,9,17,5,,3,,0,32,50,50,70,21
File,"pdfbox/src/test/java/org/apache/pdfbox/util/MatrixTest.java",pdfbox/src/test/java/org/apache/pdfbox/util/MatrixTest.java,1,1,1,1,14,1,11,2,,,,1,0,0,,20,16,0,16,,13,2,0,1,,346,43,232,75,146,71,,,162,186,69,147,,,,,3,3,3,1,,2,,0,31,27,27,27,20
File,"pdfbox/src/test/java/org/apache/pdfbox/util/TestDateUtil.java",pdfbox/src/test/java/org/apache/pdfbox/util/TestDateUtil.java,1,1,1,1,33,1,22,11,,,,1,4,3,,11,7,0,11,,6,5,0,0,,425,34,261,59,195,151,,,194,209,46,182,,,,,3,3,3,1,,1,,0,58,14,14,14,11
File,"pdfbox/src/test/java/org/apache/pdfbox/util/TestHexUtil.java",pdfbox/src/test/java/org/apache/pdfbox/util/TestHexUtil.java,1,1,1,1,17,1,12,3,,,,1,0,0,,3,3,0,3,,3,0,0,0,,88,13,45,18,22,30,,,29,34,16,22,,,,,2,2,2,1,,1,,0,67,4,4,4,3
File,"pdfbox/src/test/java/org/apache/pdfbox/util/TestNumberFormatUtil.java",pdfbox/src/test/java/org/apache/pdfbox/util/TestNumberFormatUtil.java,1,1,1,1,20,2,14,2,,,,1,0,0,,7,7,1,7,,6,1,0,0,,188,31,119,38,67,38,,,69,82,35,56,,,,,4,4,4,1,,3,,0,32,12,12,12,7
File,"pdfbox/src/test/java/org/apache/pdfbox/util/TestSort.java",pdfbox/src/test/java/org/apache/pdfbox/util/TestSort.java,2,2,2,1,32,3,26,2,,,,1,0,0,,2,2,0,2,,2,0,0,0,,99,13,62,27,30,24,,,38,43,28,18,,,,,3,3,3,1,,2,,0,39,4,4,4,2
File,"preflight/src/main/java/org/apache/pdfbox/preflight/Format.java",preflight/src/main/java/org/apache/pdfbox/preflight/Format.java,0,0,0,0,2,0,2,0,,,,1,0,0,,2,4,3,4,,0,1,0,3,,40,6,14,6,2,20,,,5,7,5,2,,,,,1,1,1,1,,0,,1,43,2,2,2,2
File,"preflight/src/main/java/org/apache/pdfbox/preflight/PreflightConfiguration.java",preflight/src/main/java/org/apache/pdfbox/preflight/PreflightConfiguration.java,1,1,1,1,8,0,7,1,,,,1,1,19,,20,19,8,20,,0,0,0,20,,309,40,205,82,87,65,,,110,137,82,58,,,,,5,5,5,5,,1,,0,32,26,26,26,24
File,"preflight/src/main/java/org/apache/pdfbox/preflight/PreflightConstants.java",preflight/src/main/java/org/apache/pdfbox/preflight/PreflightConstants.java,1,1,1,1,3,0,3,0,,,,1,0,210,,1,1,0,1,,0,1,0,0,,768,59,217,213,210,492,,,211,213,213,0,,,,,1,1,1,1,,0,,2,27,1,1,1,1
File,"preflight/src/main/java/org/apache/pdfbox/preflight/PreflightContext.java",preflight/src/main/java/org/apache/pdfbox/preflight/PreflightContext.java,1,1,1,1,6,0,4,2,,,,1,0,0,,27,27,11,27,,0,0,0,27,,289,41,140,56,37,108,,,55,83,55,31,,,,,1,1,1,1,,0,,0,77,27,27,27,27
File,"preflight/src/main/java/org/apache/pdfbox/preflight/PreflightDocument.java",preflight/src/main/java/org/apache/pdfbox/preflight/PreflightDocument.java,1,1,1,1,11,0,5,5,,,,1,0,0,,9,9,4,9,,0,0,0,9,,154,17,66,24,18,71,,,27,41,25,18,,,,,2,2,2,1,,1,,1,08,13,13,13,9
File,"preflight/src/main/java/org/apache/pdfbox/preflight/PreflightPath.java",preflight/src/main/java/org/apache/pdfbox/preflight/PreflightPath.java,1,1,1,1,8,0,6,1,,,,1,0,0,,10,10,2,10,,0,0,0,10,,135,15,73,22,25,47,,,25,39,18,25,,,,,3,3,3,3,,2,,0,64,14,14,17,12
File,"preflight/src/main/java/org/apache/pdfbox/preflight/ValidationResult.java",preflight/src/main/java/org/apache/pdfbox/preflight/ValidationResult.java,2,2,2,1,14,0,10,4,,,,2,0,0,,24,24,9,24,,1,0,0,23,,466,37,267,43,109,162,,,78,138,41,99,,,,,24,24,24,7,,2,,0,61,59,59,63,30
File,"preflight/src/main/java/org/apache/pdfbox/preflight/Validator_A1b.java",preflight/src/main/java/org/apache/pdfbox/preflight/Validator_A1b.java,5,5,5,1,41,1,37,3,,,,1,4,0,,4,0,0,4,,0,3,0,1,,227,16,175,55,88,42,,,85,110,55,77,,,,,12,12,13,1,,4,,0,24,22,22,23,4
File,"preflight/src/main/java/org/apache/pdfbox/preflight/action/AbstractActionManager.java",preflight/src/main/java/org/apache/pdfbox/preflight/action/AbstractActionManager.java,1,1,1,1,14,0,7,7,,,,1,0,0,,8,8,4,8,,1,0,2,5,,165,15,64,21,24,86,,,27,40,22,19,,,,,3,3,4,3,,2,,1,34,11,11,12,11
File,"preflight/src/main/java/org/apache/pdfbox/preflight/action/ActionManagerFactory.java",preflight/src/main/java/org/apache/pdfbox/preflight/action/ActionManagerFactory.java,4,4,7,2,46,3,25,17,,,,1,0,0,,5,5,0,5,,0,2,1,2,,294,24,163,55,65,107,,,68,94,52,54,,,,,10,10,18,9,,3,,0,66,24,24,35,13
File,"preflight/src/main/java/org/apache/pdfbox/preflight/action/GoToAction.java",preflight/src/main/java/org/apache/pdfbox/preflight/action/GoToAction.java,1,1,1,1,13,0,8,4,,,,1,0,0,,2,2,0,2,,0,0,1,1,,73,7,30,15,8,36,,,16,20,14,7,,,,,2,2,2,1,,1,,1,20,3,3,3,2
File,"preflight/src/main/java/org/apache/pdfbox/preflight/action/GoToRemoteAction.java",preflight/src/main/java/org/apache/pdfbox/preflight/action/GoToRemoteAction.java,3,3,4,3,27,1,22,3,,,,1,0,0,,3,3,0,3,,0,1,1,1,,136,12,87,25,39,37,,,39,51,24,29,,,,,8,8,10,8,,2,,0,43,11,11,13,10
File,"preflight/src/main/java/org/apache/pdfbox/preflight/action/HideAction.java",preflight/src/main/java/org/apache/pdfbox/preflight/action/HideAction.java,2,2,4,2,27,1,14,11,,,,1,0,0,,2,2,0,2,,0,0,1,1,,103,9,42,17,15,52,,,21,27,16,13,,,,,4,4,7,4,,1,,1,24,5,5,8,5
File,"preflight/src/main/java/org/apache/pdfbox/preflight/action/InvalidAction.java",preflight/src/main/java/org/apache/pdfbox/preflight/action/InvalidAction.java,1,1,1,1,13,0,6,6,,,,1,0,0,,2,2,1,2,,0,0,1,1,,70,6,22,11,6,42,,,10,13,9,4,,,,,1,1,1,1,,0,,1,91,2,2,2,2
File,"preflight/src/main/java/org/apache/pdfbox/preflight/action/NamedAction.java",preflight/src/main/java/org/apache/pdfbox/preflight/action/NamedAction.java,2,2,4,2,17,1,12,4,,,,1,0,0,,2,2,0,2,,0,0,1,1,,89,9,38,16,13,42,,,18,23,15,9,,,,,3,3,7,3,,1,,1,11,4,4,8,4
File,"preflight/src/main/java/org/apache/pdfbox/preflight/action/SubmitAction.java",preflight/src/main/java/org/apache/pdfbox/preflight/action/SubmitAction.java,1,1,1,1,11,0,8,3,,,,1,0,0,,2,2,0,2,,0,0,1,1,,67,7,26,12,7,34,,,12,16,11,6,,,,,2,2,2,1,,1,,1,31,3,3,3,2
File,"preflight/src/main/java/org/apache/pdfbox/preflight/action/ThreadAction.java",preflight/src/main/java/org/apache/pdfbox/preflight/action/ThreadAction.java,2,2,3,2,16,1,11,3,,,,1,0,0,,2,2,0,2,,0,0,1,1,,80,10,35,15,11,35,,,17,22,14,9,,,,,3,3,6,3,,1,,1,00,4,4,7,4
File,"preflight/src/main/java/org/apache/pdfbox/preflight/action/UndefAction.java",preflight/src/main/java/org/apache/pdfbox/preflight/action/UndefAction.java,1,1,1,1,12,0,6,6,,,,1,0,0,,2,2,1,2,,0,0,1,1,,70,6,21,10,6,43,,,10,13,9,4,,,,,1,1,1,1,,0,,2,05,2,2,2,2
File,"preflight/src/main/java/org/apache/pdfbox/preflight/action/UriAction.java",preflight/src/main/java/org/apache/pdfbox/preflight/action/UriAction.java,2,2,2,2,14,1,10,3,,,,1,0,0,,2,2,0,2,,0,0,1,1,,75,8,33,14,10,34,,,16,21,13,9,,,,,3,3,3,3,,1,,1,03,4,4,4,4
File,"preflight/src/main/java/org/apache/pdfbox/preflight/annotation/AnnotationValidator.java",preflight/src/main/java/org/apache/pdfbox/preflight/annotation/AnnotationValidator.java,2,2,3,2,23,0,16,7,,,,1,0,0,,13,13,4,13,,0,1,9,3,,390,22,246,64,124,124,,,105,142,63,96,,,,,13,13,16,11,,6,,0,50,35,35,50,29
File,"preflight/src/main/java/org/apache/pdfbox/preflight/annotation/AnnotationValidatorFactory.java",preflight/src/main/java/org/apache/pdfbox/preflight/annotation/AnnotationValidatorFactory.java,1,1,1,1,12,0,10,1,,,,1,0,0,,5,5,2,5,,0,0,1,4,,100,13,57,25,20,30,,,27,34,23,15,,,,,3,3,3,1,,2,,0,53,6,6,6,4
File,"preflight/src/main/java/org/apache/pdfbox/preflight/annotation/CircleAnnotationValidator.java",preflight/src/main/java/org/apache/pdfbox/preflight/annotation/CircleAnnotationValidator.java,1,1,1,1,4,0,4,0,,,,1,0,0,,1,1,0,1,,0,0,0,1,,37,3,11,6,1,23,,,5,7,6,1,,,,,1,1,1,1,,0,,2,09,1,1,1,1
File,"preflight/src/main/java/org/apache/pdfbox/preflight/annotation/FreeTextAnnotationValidator.java",preflight/src/main/java/org/apache/pdfbox/preflight/annotation/FreeTextAnnotationValidator.java,1,1,1,1,5,0,5,0,,,,1,0,0,,2,2,1,2,,0,0,1,1,,51,5,20,10,5,26,,,10,13,9,4,,,,,1,1,1,1,,0,,1,30,2,2,2,2
File,"preflight/src/main/java/org/apache/pdfbox/preflight/annotation/HighlightAnnotationValidator.java",preflight/src/main/java/org/apache/pdfbox/preflight/annotation/HighlightAnnotationValidator.java,1,1,1,1,6,0,6,0,,,,1,0,0,,1,1,0,1,,0,0,1,0,,38,2,13,6,3,23,,,7,9,6,3,,,,,1,1,1,1,,0,,1,77,1,1,1,1
File,"preflight/src/main/java/org/apache/pdfbox/preflight/annotation/InkAnnotationValidator.java",preflight/src/main/java/org/apache/pdfbox/preflight/annotation/InkAnnotationValidator.java,1,1,1,1,5,0,5,0,,,,1,0,0,,2,2,1,2,,0,0,1,1,,51,5,20,10,5,26,,,10,13,9,4,,,,,1,1,1,1,,0,,1,30,2,2,2,2
File,"preflight/src/main/java/org/apache/pdfbox/preflight/annotation/LineAnnotationValidator.java",preflight/src/main/java/org/apache/pdfbox/preflight/annotation/LineAnnotationValidator.java,1,1,1,1,9,0,7,2,,,,1,0,0,,4,4,1,4,,0,0,2,2,,90,8,40,17,13,42,,,19,25,15,11,,,,,2,2,3,1,,1,,1,05,5,5,7,4
File,"preflight/src/main/java/org/apache/pdfbox/preflight/annotation/LinkAnnotationValidator.java",preflight/src/main/java/org/apache/pdfbox/preflight/annotation/LinkAnnotationValidator.java,2,2,2,1,15,0,12,3,,,,1,0,0,,3,3,1,3,,0,0,1,2,,98,8,54,22,20,36,,,28,35,21,17,,,,,4,4,5,3,,2,,0,67,6,6,8,5
File,"preflight/src/main/java/org/apache/pdfbox/preflight/annotation/MarkupAnnotationValidator.java",preflight/src/main/java/org/apache/pdfbox/preflight/annotation/MarkupAnnotationValidator.java,1,1,1,1,4,0,4,0,,,,1,0,0,,2,2,1,2,,0,0,2,0,,49,5,18,10,3,26,,,8,11,9,2,,,,,1,1,1,1,,0,,1,44,2,2,2,2
File,"preflight/src/main/java/org/apache/pdfbox/preflight/annotation/PopupAnnotationValidator.java",preflight/src/main/java/org/apache/pdfbox/preflight/annotation/PopupAnnotationValidator.java,1,1,1,1,6,0,6,0,,,,1,0,0,,1,1,1,1,,0,0,0,1,,45,5,14,7,4,26,,,8,10,7,3,,,,,1,1,1,1,,0,,1,86,1,1,1,1
File,"preflight/src/main/java/org/apache/pdfbox/preflight/annotation/PrintMarkAnnotationValidator.java",preflight/src/main/java/org/apache/pdfbox/preflight/annotation/PrintMarkAnnotationValidator.java,1,1,1,1,6,0,6,0,,,,1,0,0,,1,1,1,1,,0,0,0,1,,45,5,14,7,4,26,,,8,10,7,3,,,,,1,1,1,1,,0,,1,86,1,1,1,1
File,"preflight/src/main/java/org/apache/pdfbox/preflight/annotation/RubberStampAnnotationValidator.java",preflight/src/main/java/org/apache/pdfbox/preflight/annotation/RubberStampAnnotationValidator.java,1,1,1,1,6,0,6,0,,,,1,0,0,,1,1,1,1,,0,0,0,1,,45,5,14,7,4,26,,,8,10,7,3,,,,,1,1,1,1,,0,,1,86,1,1,1,1
File,"preflight/src/main/java/org/apache/pdfbox/preflight/annotation/SquareAnnotationValidator.java",preflight/src/main/java/org/apache/pdfbox/preflight/annotation/SquareAnnotationValidator.java,1,1,1,1,4,0,4,0,,,,1,0,0,,1,1,0,1,,0,0,0,1,,37,3,11,6,1,23,,,5,7,6,1,,,,,1,1,1,1,,0,,2,09,1,1,1,1
File,"preflight/src/main/java/org/apache/pdfbox/preflight/annotation/SquareCircleAnnotationValidator.java",preflight/src/main/java/org/apache/pdfbox/preflight/annotation/SquareCircleAnnotationValidator.java,1,1,2,1,11,0,7,3,,,,1,0,0,,3,3,1,3,,0,0,1,2,,79,9,33,13,12,37,,,16,21,12,10,,,,,2,2,3,1,,1,,1,12,4,4,6,3
File,"preflight/src/main/java/org/apache/pdfbox/preflight/annotation/SquigglyAnnotationValidator.java",preflight/src/main/java/org/apache/pdfbox/preflight/annotation/SquigglyAnnotationValidator.java,1,1,1,1,6,0,6,0,,,,1,0,0,,1,1,0,1,,0,0,1,0,,38,2,13,6,3,23,,,7,9,6,3,,,,,1,1,1,1,,0,,1,77,1,1,1,1
File,"preflight/src/main/java/org/apache/pdfbox/preflight/annotation/StrikeoutAnnotationValidator.java",preflight/src/main/java/org/apache/pdfbox/preflight/annotation/StrikeoutAnnotationValidator.java,1,1,1,1,6,0,6,0,,,,1,0,0,,1,1,0,1,,0,0,1,0,,38,2,13,6,3,23,,,7,9,6,3,,,,,1,1,1,1,,0,,1,77,1,1,1,1
File,"preflight/src/main/java/org/apache/pdfbox/preflight/annotation/TextAnnotationValidator.java",preflight/src/main/java/org/apache/pdfbox/preflight/annotation/TextAnnotationValidator.java,1,1,2,1,12,0,9,2,,,,1,0,0,,2,2,1,2,,0,0,1,1,,71,7,28,12,10,36,,,15,19,11,9,,,,,2,2,4,1,,1,,1,29,3,3,5,2
File,"preflight/src/main/java/org/apache/pdfbox/preflight/annotation/TrapNetAnnotationValidator.java",preflight/src/main/java/org/apache/pdfbox/preflight/annotation/TrapNetAnnotationValidator.java,1,1,1,1,6,0,6,0,,,,1,0,0,,1,1,1,1,,0,0,0,1,,44,4,14,7,4,26,,,8,10,7,3,,,,,1,1,1,1,,0,,1,86,1,1,1,1
File,"preflight/src/main/java/org/apache/pdfbox/preflight/annotation/UnderlineAnnotationValidator.java",preflight/src/main/java/org/apache/pdfbox/preflight/annotation/UnderlineAnnotationValidator.java,1,1,1,1,6,0,6,0,,,,1,0,0,,1,1,0,1,,0,0,1,0,,38,2,13,6,3,23,,,7,9,6,3,,,,,1,1,1,1,,0,,1,77,1,1,1,1
File,"preflight/src/main/java/org/apache/pdfbox/preflight/annotation/WidgetAnnotationValidator.java",preflight/src/main/java/org/apache/pdfbox/preflight/annotation/WidgetAnnotationValidator.java,1,1,1,1,10,0,7,3,,,,1,0,0,,3,3,1,3,,0,0,1,2,,76,7,32,14,10,37,,,16,21,13,9,,,,,2,2,2,1,,1,,1,16,4,4,5,3
File,"preflight/src/main/java/org/apache/pdfbox/preflight/annotation/pdfa/PDFAbAnnotationFactory.java",preflight/src/main/java/org/apache/pdfbox/preflight/annotation/pdfa/PDFAbAnnotationFactory.java,1,1,1,1,27,3,24,0,,,,1,0,0,,1,1,0,1,,0,0,1,0,,94,10,61,37,20,23,,,50,52,36,16,,,,,1,1,1,1,,0,,0,38,1,1,1,1
File,"preflight/src/main/java/org/apache/pdfbox/preflight/content/ContentStreamException.java",preflight/src/main/java/org/apache/pdfbox/preflight/content/ContentStreamException.java,1,1,1,1,4,0,4,0,,,,1,0,0,,5,5,1,5,,0,0,0,5,,55,9,26,9,6,20,,,8,14,9,5,,,,,1,1,1,1,,0,,0,77,5,5,5,5
File,"preflight/src/main/java/org/apache/pdfbox/preflight/content/PreflightContentStream.java",preflight/src/main/java/org/apache/pdfbox/preflight/content/PreflightContentStream.java,4,4,5,2,29,0,21,7,,,,1,0,0,,10,10,0,10,,0,2,3,5,,359,21,248,51,108,90,,,88,127,50,88,,,,,11,11,15,10,,3,,0,36,41,41,51,26
File,"preflight/src/main/java/org/apache/pdfbox/preflight/content/PreflightStreamEngine.java",preflight/src/main/java/org/apache/pdfbox/preflight/content/PreflightStreamEngine.java,3,2,5,2,26,1,20,3,,,,2,0,0,,18,20,5,20,,1,6,8,5,,662,54,490,127,263,118,,,240,299,123,200,,,,,9,9,26,5,,4,,0,24,60,58,103,40
File,"preflight/src/main/java/org/apache/pdfbox/preflight/content/StubOperator.java",preflight/src/main/java/org/apache/pdfbox/preflight/content/StubOperator.java,4,4,6,1,24,1,17,4,,,,1,0,8,,10,10,1,10,,0,7,0,3,,348,38,231,63,105,87,,,82,126,56,85,,,,,10,10,19,1,,2,,0,38,42,42,67,10
File,"preflight/src/main/java/org/apache/pdfbox/preflight/exception/MissingValidationProcessException.java",preflight/src/main/java/org/apache/pdfbox/preflight/exception/MissingValidationProcessException.java,1,1,1,1,4,0,4,0,,,,1,0,0,,2,2,1,2,,0,0,0,2,,43,6,14,5,3,23,,,5,8,5,3,,,,,1,1,1,1,,0,,1,64,2,2,2,2
File,"preflight/src/main/java/org/apache/pdfbox/preflight/exception/SyntaxValidationException.java",preflight/src/main/java/org/apache/pdfbox/preflight/exception/SyntaxValidationException.java,1,1,1,1,4,0,4,0,,,,1,0,0,,4,4,1,4,,0,0,0,4,,54,9,25,8,7,20,,,10,15,8,7,,,,,1,1,1,1,,0,,0,80,4,4,4,4
File,"preflight/src/main/java/org/apache/pdfbox/preflight/exception/ValidationException.java",preflight/src/main/java/org/apache/pdfbox/preflight/exception/ValidationException.java,1,1,1,1,5,0,4,0,,,,1,0,1,,5,5,1,5,,0,0,0,5,,67,10,31,10,11,26,,,13,19,10,9,,,,,1,1,1,1,,0,,0,84,5,5,5,5
File,"preflight/src/main/java/org/apache/pdfbox/preflight/font/CIDType0FontValidator.java",preflight/src/main/java/org/apache/pdfbox/preflight/font/CIDType0FontValidator.java,1,1,1,1,4,0,4,0,,,,1,0,0,,3,3,0,3,,0,0,2,1,,49,6,23,12,3,20,,,9,13,10,3,,,,,1,1,1,1,,0,,0,87,3,3,3,3
File,"preflight/src/main/java/org/apache/pdfbox/preflight/font/CIDType2FontValidator.java",preflight/src/main/java/org/apache/pdfbox/preflight/font/CIDType2FontValidator.java,1,1,1,1,4,0,4,0,,,,1,0,0,,3,3,0,3,,0,0,2,1,,48,5,23,12,3,20,,,9,13,10,3,,,,,1,1,1,1,,0,,0,87,3,3,3,3
File,"preflight/src/main/java/org/apache/pdfbox/preflight/font/DescendantFontValidator.java",preflight/src/main/java/org/apache/pdfbox/preflight/font/DescendantFontValidator.java,3,3,3,1,24,0,16,6,,,,1,0,0,,5,5,0,5,,0,0,4,1,,151,12,85,27,33,54,,,35,48,26,27,,,,,6,6,6,1,,2,,0,64,12,12,14,4
File,"preflight/src/main/java/org/apache/pdfbox/preflight/font/FontValidator.java",preflight/src/main/java/org/apache/pdfbox/preflight/font/FontValidator.java,1,1,1,1,4,0,4,0,,,,1,0,0,,5,5,3,5,,0,0,2,3,,61,9,30,15,5,22,,,15,20,15,5,,,,,1,1,1,1,,0,,0,73,4,4,4,4
File,"preflight/src/main/java/org/apache/pdfbox/preflight/font/SimpleFontValidator.java",preflight/src/main/java/org/apache/pdfbox/preflight/font/SimpleFontValidator.java,2,2,2,1,19,0,16,2,,,,1,0,0,,5,5,2,5,,0,0,3,2,,120,12,80,25,38,28,,,41,53,24,35,,,,,8,8,8,1,,1,,0,35,11,11,11,4
File,"preflight/src/main/java/org/apache/pdfbox/preflight/font/TrueTypeFontValidator.java",preflight/src/main/java/org/apache/pdfbox/preflight/font/TrueTypeFontValidator.java,2,2,3,1,13,0,10,2,,,,1,0,0,,3,3,0,3,,0,0,2,1,,82,8,47,21,13,27,,,19,27,19,10,,,,,5,5,7,1,,3,,0,57,7,7,9,3
File,"preflight/src/main/java/org/apache/pdfbox/preflight/font/Type0FontValidator.java",preflight/src/main/java/org/apache/pdfbox/preflight/font/Type0FontValidator.java,2,2,3,1,23,1,17,5,,,,1,0,0,,12,12,1,12,,0,2,8,2,,357,30,239,78,114,88,,,106,139,75,92,,,,,6,6,9,3,,2,,0,37,33,33,43,14
File,"preflight/src/main/java/org/apache/pdfbox/preflight/font/Type1FontValidator.java",preflight/src/main/java/org/apache/pdfbox/preflight/font/Type1FontValidator.java,2,2,3,1,11,0,11,0,,,,1,0,0,,3,3,0,3,,0,0,2,1,,74,6,48,18,16,20,,,16,24,16,9,,,,,5,5,9,1,,3,,0,42,7,7,11,3
File,"preflight/src/main/java/org/apache/pdfbox/preflight/font/Type3FontValidator.java",preflight/src/main/java/org/apache/pdfbox/preflight/font/Type3FontValidator.java,3,3,3,2,28,1,20,6,,,,1,0,0,,13,13,2,13,,0,8,2,3,,450,34,309,87,156,107,,,138,185,88,125,,,,,9,9,10,8,,5,,0,35,46,46,50,34
File,"preflight/src/main/java/org/apache/pdfbox/preflight/font/container/CIDType0Container.java",preflight/src/main/java/org/apache/pdfbox/preflight/font/container/CIDType0Container.java,1,1,1,1,4,0,4,0,,,,1,0,0,,2,2,0,2,,0,0,0,2,,39,4,15,7,2,20,,,5,8,6,2,,,,,1,1,1,1,,0,,1,33,2,2,2,2
File,"preflight/src/main/java/org/apache/pdfbox/preflight/font/container/CIDType2Container.java",preflight/src/main/java/org/apache/pdfbox/preflight/font/container/CIDType2Container.java,1,1,1,1,4,0,4,0,,,,1,0,0,,2,2,0,2,,0,0,0,2,,39,4,15,7,2,20,,,5,8,6,2,,,,,1,1,1,1,,0,,1,33,2,2,2,2
File,"preflight/src/main/java/org/apache/pdfbox/preflight/font/container/FontContainer.java",preflight/src/main/java/org/apache/pdfbox/preflight/font/container/FontContainer.java,1,1,1,1,8,0,6,1,,,,1,0,0,,15,15,5,15,,0,2,1,12,,199,24,114,40,44,61,,,45,65,38,34,,,,,4,4,4,1,,2,,0,54,19,19,20,14
File,"preflight/src/main/java/org/apache/pdfbox/preflight/font/container/TrueTypeContainer.java",preflight/src/main/java/org/apache/pdfbox/preflight/font/container/TrueTypeContainer.java,1,1,1,1,7,0,7,0,,,,1,0,0,,2,2,0,2,,0,0,0,2,,44,4,20,8,5,20,,,7,11,7,5,,,,,2,2,2,1,,1,,1,00,3,3,3,2
File,"preflight/src/main/java/org/apache/pdfbox/preflight/font/container/Type0Container.java",preflight/src/main/java/org/apache/pdfbox/preflight/font/container/Type0Container.java,1,1,1,1,7,0,7,0,,,,1,0,0,,6,6,1,6,,0,0,0,6,,81,10,51,19,14,20,,,17,27,15,13,,,,,2,2,3,1,,1,,0,39,9,9,10,6
File,"preflight/src/main/java/org/apache/pdfbox/preflight/font/container/Type1Container.java",preflight/src/main/java/org/apache/pdfbox/preflight/font/container/Type1Container.java,1,1,1,1,7,0,7,0,,,,1,0,0,,2,2,0,2,,0,0,0,2,,44,4,20,8,5,20,,,7,11,7,5,,,,,2,2,2,1,,1,,1,00,3,3,3,2
File,"preflight/src/main/java/org/apache/pdfbox/preflight/font/container/Type3Container.java",preflight/src/main/java/org/apache/pdfbox/preflight/font/container/Type3Container.java,1,1,1,1,4,0,4,0,,,,1,0,0,,2,2,0,2,,0,0,0,2,,43,4,15,7,2,24,,,5,8,6,2,,,,,1,1,1,1,,0,,1,60,2,2,2,2
File,"preflight/src/main/java/org/apache/pdfbox/preflight/font/descriptor/CIDType0DescriptorHelper.java",preflight/src/main/java/org/apache/pdfbox/preflight/font/descriptor/CIDType0DescriptorHelper.java,2,2,2,1,15,0,13,2,,,,1,0,0,,4,4,0,4,,0,0,2,2,,109,9,71,27,24,29,,,28,39,25,18,,,,,4,4,5,1,,3,,0,41,10,10,11,4
File,"preflight/src/main/java/org/apache/pdfbox/preflight/font/descriptor/CIDType2DescriptorHelper.java",preflight/src/main/java/org/apache/pdfbox/preflight/font/descriptor/CIDType2DescriptorHelper.java,2,2,2,1,12,0,10,1,,,,1,0,0,,4,4,0,4,,0,0,2,2,,94,8,59,24,18,27,,,24,34,22,15,,,,,3,3,3,1,,2,,0,46,9,9,9,4
File,"preflight/src/main/java/org/apache/pdfbox/preflight/font/descriptor/FontDescriptorHelper.java",preflight/src/main/java/org/apache/pdfbox/preflight/font/descriptor/FontDescriptorHelper.java,3,3,3,1,22,0,20,1,,,,1,1,1,,10,9,4,10,,0,0,6,4,,278,28,215,66,97,35,,,100,128,66,78,,,,,7,7,7,1,,4,,0,16,26,26,29,8
File,"preflight/src/main/java/org/apache/pdfbox/preflight/font/descriptor/TrueTypeDescriptorHelper.java",preflight/src/main/java/org/apache/pdfbox/preflight/font/descriptor/TrueTypeDescriptorHelper.java,3,3,3,1,18,0,17,0,,,,1,0,0,,3,3,1,3,,0,0,1,2,,100,10,69,24,26,21,,,29,38,22,19,,,,,4,4,5,3,,3,,0,30,9,9,10,5
File,"preflight/src/main/java/org/apache/pdfbox/preflight/font/descriptor/Type1DescriptorHelper.java",preflight/src/main/java/org/apache/pdfbox/preflight/font/descriptor/Type1DescriptorHelper.java,2,2,3,1,16,0,15,0,,,,1,0,0,,4,4,0,4,,0,0,2,2,,111,11,77,29,32,23,,,33,44,26,26,,,,,4,4,6,4,,2,,0,30,10,10,13,7
File,"preflight/src/main/java/org/apache/pdfbox/preflight/font/util/FontMetaDataValidation.java",preflight/src/main/java/org/apache/pdfbox/preflight/font/util/FontMetaDataValidation.java,5,5,7,4,48,2,34,11,,,,1,0,0,,3,3,0,3,,0,0,0,3,,194,15,122,35,59,57,,,51,68,34,44,,,,,10,10,14,8,,5,,0,47,16,16,23,14
File,"preflight/src/main/java/org/apache/pdfbox/preflight/font/util/GlyphDetail.java",preflight/src/main/java/org/apache/pdfbox/preflight/font/util/GlyphDetail.java,1,1,1,1,7,0,5,2,,,,1,0,0,,4,4,2,4,,0,0,0,4,,63,6,27,8,7,30,,,9,15,8,7,,,,,2,2,2,1,,1,,1,11,5,5,5,4
File,"preflight/src/main/java/org/apache/pdfbox/preflight/font/util/GlyphException.java",preflight/src/main/java/org/apache/pdfbox/preflight/font/util/GlyphException.java,1,1,1,1,5,0,5,0,,,,1,0,0,,5,5,2,5,,0,0,0,5,,60,8,32,9,11,20,,,14,20,9,11,,,,,1,1,1,1,,0,,0,62,5,5,5,5
File,"preflight/src/main/java/org/apache/pdfbox/preflight/font/util/PreflightType3Stream.java",preflight/src/main/java/org/apache/pdfbox/preflight/font/util/PreflightType3Stream.java,1,1,1,1,17,1,11,5,,,,1,0,0,,6,6,5,6,,0,1,1,4,,165,19,93,33,44,54,,,50,62,32,36,,,,,4,4,4,1,,1,,0,58,11,11,11,6
File,"preflight/src/main/java/org/apache/pdfbox/preflight/graphic/ColorSpaceHelper.java",preflight/src/main/java/org/apache/pdfbox/preflight/graphic/ColorSpaceHelper.java,0,0,0,0,0,0,0,0,,,,1,0,0,,1,1,0,1,,1,0,0,0,,34,4,6,4,0,24,,,3,4,4,0,,,,,0,0,0,0,,0,,4,00,0,0,0,0
File,"preflight/src/main/java/org/apache/pdfbox/preflight/graphic/ColorSpaceHelperFactory.java",preflight/src/main/java/org/apache/pdfbox/preflight/graphic/ColorSpaceHelperFactory.java,1,0,1,0,9,0,4,5,,,,2,0,0,,1,3,3,3,,0,0,0,3,,69,5,22,7,7,42,,,6,10,6,4,,,,,3,2,3,1,,1,,1,91,3,2,3,1
File,"preflight/src/main/java/org/apache/pdfbox/preflight/graphic/ColorSpaces.java",preflight/src/main/java/org/apache/pdfbox/preflight/graphic/ColorSpaces.java,0,0,0,0,2,0,2,0,,,,1,0,0,,2,4,16,4,,0,1,0,3,,52,6,16,8,2,30,,,5,7,5,2,,,,,1,1,1,1,,0,,1,88,2,2,2,2
File,"preflight/src/main/java/org/apache/pdfbox/preflight/graphic/DeviceColorSpaceHelper.java",preflight/src/main/java/org/apache/pdfbox/preflight/graphic/DeviceColorSpaceHelper.java,1,1,1,1,11,0,8,3,,,,1,0,0,,4,4,0,4,,0,0,3,1,,89,8,43,17,17,38,,,15,21,14,9,,,,,4,2,4,1,,1,,0,88,7,5,7,4
File,"preflight/src/main/java/org/apache/pdfbox/preflight/graphic/ICCProfileWrapper.java",preflight/src/main/java/org/apache/pdfbox/preflight/graphic/ICCProfileWrapper.java,1,1,1,1,12,0,8,3,,,,1,2,0,,8,6,2,8,,0,1,0,7,,166,15,91,35,31,60,,,42,56,35,27,,,,,6,6,6,6,,3,,0,66,14,14,15,13
File,"preflight/src/main/java/org/apache/pdfbox/preflight/graphic/NoPatternColorSpaceHelper.java",preflight/src/main/java/org/apache/pdfbox/preflight/graphic/NoPatternColorSpaceHelper.java,1,1,1,1,7,0,5,2,,,,1,0,0,,2,2,0,2,,0,0,1,1,,52,6,18,9,3,28,,,7,10,8,2,,,,,1,1,1,1,,0,,1,56,2,2,2,2
File,"preflight/src/main/java/org/apache/pdfbox/preflight/graphic/StandardColorSpaceHelper.java",preflight/src/main/java/org/apache/pdfbox/preflight/graphic/StandardColorSpaceHelper.java,4,3,5,2,28,0,21,5,,,,1,0,0,,16,16,3,16,,0,3,12,1,,556,32,395,91,212,129,,,149,207,88,142,,,,,16,7,16,6,,3,,0,33,75,57,83,32
File,"preflight/src/main/java/org/apache/pdfbox/preflight/metadata/PDFAIdentificationValidation.java",preflight/src/main/java/org/apache/pdfbox/preflight/metadata/PDFAIdentificationValidation.java,2,2,3,1,17,0,13,4,,,,1,0,0,,4,4,0,4,,0,0,3,1,,122,11,69,23,29,42,,,29,39,23,21,,,,,5,5,5,1,,2,,0,61,10,10,12,4
File,"preflight/src/main/java/org/apache/pdfbox/preflight/metadata/RDFAboutAttributeConcordanceValidation.java",preflight/src/main/java/org/apache/pdfbox/preflight/metadata/RDFAboutAttributeConcordanceValidation.java,3,3,4,1,18,2,12,4,,,,2,0,1,,2,2,0,2,,0,0,0,2,,84,12,37,13,12,35,,,13,22,14,11,,,,,5,5,7,1,,2,,0,95,6,6,8,2
File,"preflight/src/main/java/org/apache/pdfbox/preflight/metadata/SynchronizedMetaDataValidation.java",preflight/src/main/java/org/apache/pdfbox/preflight/metadata/SynchronizedMetaDataValidation.java,3,3,3,1,31,0,21,9,,,,1,0,0,,18,18,0,18,,0,3,14,1,,642,37,414,70,181,191,,,117,186,67,145,,,,,10,10,10,3,,8,,0,46,68,68,71,22
File,"preflight/src/main/java/org/apache/pdfbox/preflight/metadata/UniquePropertiesValidation.java",preflight/src/main/java/org/apache/pdfbox/preflight/metadata/UniquePropertiesValidation.java,2,2,2,1,16,2,11,3,,,,1,1,0,,3,1,0,2,,0,1,0,1,,94,10,49,19,19,35,,,26,32,17,16,,,,,3,3,3,1,,1,,0,71,6,6,6,3
File,"preflight/src/main/java/org/apache/pdfbox/preflight/metadata/XpacketParsingException.java",preflight/src/main/java/org/apache/pdfbox/preflight/metadata/XpacketParsingException.java,1,1,1,1,7,0,4,3,,,,1,0,1,,4,4,1,4,,0,0,0,4,,75,10,24,9,6,41,,,9,14,9,5,,,,,1,1,1,1,,0,,1,71,4,4,4,4
File,"preflight/src/main/java/org/apache/pdfbox/preflight/parser/PreflightParser.java",preflight/src/main/java/org/apache/pdfbox/preflight/parser/PreflightParser.java,3,3,5,1,30,0,24,5,,,,1,1,1,,24,22,4,23,,0,6,11,6,,861,55,642,161,332,167,,,265,357,148,254,,,,,14,14,16,9,,4,,0,26,93,93,120,36
File,"preflight/src/main/java/org/apache/pdfbox/preflight/parser/XmlResultParser.java",preflight/src/main/java/org/apache/pdfbox/preflight/parser/XmlResultParser.java,1,1,1,1,19,0,16,2,,,,1,0,0,,8,8,0,8,,0,4,2,2,,213,19,152,57,84,43,,,89,107,56,79,,,,,3,3,3,3,,2,,0,28,15,15,15,10
File,"preflight/src/main/java/org/apache/pdfbox/preflight/process/AbstractProcess.java",preflight/src/main/java/org/apache/pdfbox/preflight/process/AbstractProcess.java,3,3,3,1,14,0,13,1,,,,1,0,0,,4,3,0,3,,0,0,3,0,,96,7,65,15,25,24,,,23,36,15,23,,,,,10,10,10,1,,1,,0,37,13,13,13,4
File,"preflight/src/main/java/org/apache/pdfbox/preflight/process/AcroFormValidationProcess.java",preflight/src/main/java/org/apache/pdfbox/preflight/process/AcroFormValidationProcess.java,3,3,3,2,25,0,17,8,,,,1,0,0,,5,5,0,5,,0,0,4,1,,182,10,110,34,40,62,,,43,64,36,33,,,,,6,6,8,5,,4,,0,56,17,17,19,11
File,"preflight/src/main/java/org/apache/pdfbox/preflight/process/BookmarkValidationProcess.java",preflight/src/main/java/org/apache/pdfbox/preflight/process/BookmarkValidationProcess.java,4,4,6,2,32,0,25,6,,,,1,0,0,,8,8,0,8,,0,5,2,1,,319,21,225,51,114,73,,,85,121,49,87,,,,,9,9,13,5,,3,,0,32,35,35,49,20
File,"preflight/src/main/java/org/apache/pdfbox/preflight/process/CatalogValidationProcess.java",preflight/src/main/java/org/apache/pdfbox/preflight/process/CatalogValidationProcess.java,3,3,3,2,25,0,17,6,,,,1,0,1,,10,9,1,9,,0,7,0,2,,344,23,230,77,104,92,,,99,130,71,78,,,,,8,8,10,7,,4,,0,40,31,31,35,21
File,"preflight/src/main/java/org/apache/pdfbox/preflight/process/EmptyValidationProcess.java",preflight/src/main/java/org/apache/pdfbox/preflight/process/EmptyValidationProcess.java,1,1,1,1,5,0,4,1,,,,1,0,0,,1,1,0,1,,0,0,0,1,,40,4,10,6,0,26,,,3,5,5,0,,,,,1,1,1,1,,0,,2,60,1,1,1,1
File,"preflight/src/main/java/org/apache/pdfbox/preflight/process/FileSpecificationValidationProcess.java",preflight/src/main/java/org/apache/pdfbox/preflight/process/FileSpecificationValidationProcess.java,1,1,1,1,8,0,5,2,,,,1,0,0,,3,2,0,2,,0,0,0,2,,65,6,27,13,7,32,,,11,15,12,4,,,,,2,2,2,1,,1,,1,19,4,4,4,3
File,"preflight/src/main/java/org/apache/pdfbox/preflight/process/MetadataValidationProcess.java",preflight/src/main/java/org/apache/pdfbox/preflight/process/MetadataValidationProcess.java,5,5,5,1,34,1,30,2,,,,1,1,0,,7,5,0,6,,0,4,1,1,,306,19,248,59,117,39,,,93,127,54,84,,,,,15,15,15,4,,2,,0,16,35,35,38,13
File,"preflight/src/main/java/org/apache/pdfbox/preflight/process/PageTreeValidationProcess.java",preflight/src/main/java/org/apache/pdfbox/preflight/process/PageTreeValidationProcess.java,3,3,3,3,20,0,19,0,,,,1,0,0,,2,2,0,2,,0,1,0,1,,82,7,55,20,22,20,,,26,34,20,16,,,,,5,5,5,5,,3,,0,36,6,6,6,6
File,"preflight/src/main/java/org/apache/pdfbox/preflight/process/StreamValidationProcess.java",preflight/src/main/java/org/apache/pdfbox/preflight/process/StreamValidationProcess.java,2,2,3,1,18,0,12,5,,,,1,0,0,,5,4,0,4,,0,0,2,2,,140,14,84,36,34,46,,,39,53,36,26,,,,,5,5,5,1,,2,,0,55,13,13,15,5
File,"preflight/src/main/java/org/apache/pdfbox/preflight/process/TrailerValidationProcess.java",preflight/src/main/java/org/apache/pdfbox/preflight/process/TrailerValidationProcess.java,5,5,7,2,42,2,31,8,,,,1,0,0,,6,6,0,6,,0,0,5,1,,302,24,205,47,107,73,,,70,105,49,73,,,,,10,10,12,7,,4,,0,36,31,31,42,12
File,"preflight/src/main/java/org/apache/pdfbox/preflight/process/ValidationProcess.java",preflight/src/main/java/org/apache/pdfbox/preflight/process/ValidationProcess.java,0,0,0,0,0,0,0,0,,,,1,0,0,,1,1,0,1,,1,0,0,0,,34,5,7,5,0,22,,,4,5,5,0,,,,,0,0,0,0,,0,,3,14,0,0,0,0
File,"preflight/src/main/java/org/apache/pdfbox/preflight/process/XRefValidationProcess.java",preflight/src/main/java/org/apache/pdfbox/preflight/process/XRefValidationProcess.java,3,3,3,1,13,0,13,0,,,,1,0,0,,1,1,0,1,,0,0,0,1,,49,5,24,12,5,20,,,11,15,11,5,,,,,3,3,3,1,,1,,0,83,3,3,3,1
File,"preflight/src/main/java/org/apache/pdfbox/preflight/process/reflect/ActionsValidationProcess.java",preflight/src/main/java/org/apache/pdfbox/preflight/process/reflect/ActionsValidationProcess.java,4,4,4,1,27,1,25,1,,,,1,0,0,,1,1,0,1,,0,0,0,1,,69,7,41,22,13,21,,,22,28,22,12,,,,,4,4,4,1,,2,,0,51,4,4,4,1
File,"preflight/src/main/java/org/apache/pdfbox/preflight/process/reflect/AnnotationValidationProcess.java",preflight/src/main/java/org/apache/pdfbox/preflight/process/reflect/AnnotationValidationProcess.java,4,4,4,1,25,1,24,0,,,,1,0,0,,1,1,0,1,,0,0,0,1,,64,6,38,19,12,20,,,19,24,18,11,,,,,4,4,4,1,,2,,0,53,4,4,4,1
File,"preflight/src/main/java/org/apache/pdfbox/preflight/process/reflect/DestinationValidationProcess.java",preflight/src/main/java/org/apache/pdfbox/preflight/process/reflect/DestinationValidationProcess.java,6,6,7,5,40,3,36,1,,,,1,0,0,,2,2,0,2,,1,0,0,1,,123,11,90,24,41,22,,,36,49,23,30,,,,,8,8,10,7,,3,,0,24,12,12,14,10
File,"preflight/src/main/java/org/apache/pdfbox/preflight/process/reflect/ExtGStateValidationProcess.java",preflight/src/main/java/org/apache/pdfbox/preflight/process/reflect/ExtGStateValidationProcess.java,3,3,4,1,23,0,15,7,,,,1,0,0,,11,11,0,11,,0,5,4,2,,324,19,207,67,86,98,,,81,119,66,72,,,,,8,8,10,5,,3,,0,47,38,38,49,15
File,"preflight/src/main/java/org/apache/pdfbox/preflight/process/reflect/FontValidationProcess.java",preflight/src/main/java/org/apache/pdfbox/preflight/process/reflect/FontValidationProcess.java,5,5,7,3,32,0,27,5,,,,1,0,0,,2,2,0,2,,0,0,1,1,,121,8,83,35,27,30,,,41,53,34,24,,,,,6,6,10,6,,3,,0,36,11,11,15,7
File,"preflight/src/main/java/org/apache/pdfbox/preflight/process/reflect/GraphicObjectPageValidationProcess.java",preflight/src/main/java/org/apache/pdfbox/preflight/process/reflect/GraphicObjectPageValidationProcess.java,6,6,10,1,34,2,32,0,,,,1,0,0,,1,1,0,1,,0,0,0,1,,77,7,50,20,16,20,,,23,30,19,12,,,,,6,6,10,1,,1,,0,40,6,6,10,1
File,"preflight/src/main/java/org/apache/pdfbox/preflight/process/reflect/ResourcesValidationProcess.java",preflight/src/main/java/org/apache/pdfbox/preflight/process/reflect/ResourcesValidationProcess.java,3,3,3,1,23,0,18,4,,,,1,0,0,,7,7,0,7,,0,1,5,1,,231,13,164,53,60,54,,,66,98,57,53,,,,,6,6,6,1,,3,,0,33,26,26,26,7
File,"preflight/src/main/java/org/apache/pdfbox/preflight/process/reflect/ShadingPatternValidationProcess.java",preflight/src/main/java/org/apache/pdfbox/preflight/process/reflect/ShadingPatternValidationProcess.java,2,2,2,1,22,0,16,6,,,,1,0,1,,3,3,0,3,,0,0,2,1,,123,9,74,39,25,40,,,39,47,35,21,,,,,3,3,3,1,,1,,0,54,7,7,7,3
File,"preflight/src/main/java/org/apache/pdfbox/preflight/process/reflect/SinglePageValidationProcess.java",preflight/src/main/java/org/apache/pdfbox/preflight/process/reflect/SinglePageValidationProcess.java,3,3,3,1,22,0,16,5,,,,1,0,1,,8,8,0,8,,0,0,7,1,,252,15,171,61,66,66,,,76,102,61,56,,,,,5,5,5,4,,3,,0,39,24,24,24,11
File,"preflight/src/main/java/org/apache/pdfbox/preflight/process/reflect/TilingPatternValidationProcess.java",preflight/src/main/java/org/apache/pdfbox/preflight/process/reflect/TilingPatternValidationProcess.java,2,2,3,1,14,0,12,1,,,,1,0,0,,4,4,0,4,,0,0,3,1,,104,9,69,31,25,26,,,36,45,28,24,,,,,3,3,7,1,,1,,0,38,8,8,13,4
File,"preflight/src/main/java/org/apache/pdfbox/preflight/utils/ContextHelper.java",preflight/src/main/java/org/apache/pdfbox/preflight/utils/ContextHelper.java,2,2,3,2,19,0,13,6,,,,1,4,0,,5,1,0,5,,0,3,0,2,,143,9,83,27,31,52,,,33,48,27,27,,,,,5,5,7,5,,4,,0,63,14,14,17,12
File,"preflight/src/main/java/org/apache/pdfbox/preflight/utils/FilterHelper.java",preflight/src/main/java/org/apache/pdfbox/preflight/utils/FilterHelper.java,2,2,2,1,19,0,11,7,,,,1,2,1,,3,1,0,3,,0,1,0,2,,130,11,76,30,30,43,,,45,53,29,26,,,,,4,4,5,3,,2,,0,57,7,7,8,5
File,"preflight/src/main/java/org/apache/pdfbox/preflight/utils/RenderingIntents.java",preflight/src/main/java/org/apache/pdfbox/preflight/utils/RenderingIntents.java,1,1,1,1,3,0,3,0,,,,1,1,1,,2,1,0,2,,0,1,0,1,,62,7,25,11,7,30,,,13,16,10,7,,,,,1,1,1,1,,0,,1,20,2,2,2,2
File,"preflight/src/main/java/org/apache/pdfbox/preflight/xobject/AbstractXObjValidator.java",preflight/src/main/java/org/apache/pdfbox/preflight/xobject/AbstractXObjValidator.java,1,1,2,1,13,0,8,4,,,,1,0,0,,7,7,2,7,,0,0,5,2,,143,11,68,23,25,64,,,27,39,22,19,,,,,3,3,3,1,,1,,0,94,11,11,12,6
File,"preflight/src/main/java/org/apache/pdfbox/preflight/xobject/XObjFormValidator.java",preflight/src/main/java/org/apache/pdfbox/preflight/xobject/XObjFormValidator.java,2,2,2,1,12,0,10,2,,,,1,0,0,,8,8,1,8,,0,0,6,2,,175,14,106,40,39,55,,,45,62,38,32,,,,,4,4,5,1,,3,,0,52,16,16,18,8
File,"preflight/src/main/java/org/apache/pdfbox/preflight/xobject/XObjImageValidator.java",preflight/src/main/java/org/apache/pdfbox/preflight/xobject/XObjImageValidator.java,2,2,2,1,12,0,12,0,,,,1,0,1,,8,8,1,8,,0,1,5,2,,185,19,124,45,49,42,,,53,71,43,39,,,,,5,5,7,1,,2,,0,34,17,17,22,8
File,"preflight/src/main/java/org/apache/pdfbox/preflight/xobject/XObjPostscriptValidator.java",preflight/src/main/java/org/apache/pdfbox/preflight/xobject/XObjPostscriptValidator.java,1,1,1,1,5,0,4,1,,,,1,0,0,,2,2,0,2,,0,0,1,1,,47,6,14,7,1,27,,,4,7,6,1,,,,,1,1,1,1,,0,,1,93,2,2,2,2
File,"preflight/src/main/java/org/apache/pdfbox/preflight/xobject/XObjectValidator.java",preflight/src/main/java/org/apache/pdfbox/preflight/xobject/XObjectValidator.java,0,0,0,0,0,0,0,0,,,,1,0,0,,1,1,0,1,,1,0,0,0,,34,3,6,4,0,25,,,3,4,4,0,,,,,0,0,0,0,,0,,4,17,0,0,0,0
File,"preflight/src/test/java/org/apache/pdfbox/preflight/Benchmark.java",preflight/src/test/java/org/apache/pdfbox/preflight/Benchmark.java,7,7,7,1,66,8,55,4,,,,1,1,0,,1,0,0,1,,0,0,0,1,,106,13,70,27,38,24,,,47,56,30,39,,,,,7,7,7,1,,3,,0,34,7,7,7,1
File,"preflight/src/test/java/org/apache/pdfbox/preflight/TestInvalidDirectory.java",preflight/src/test/java/org/apache/pdfbox/preflight/TestInvalidDirectory.java,5,5,5,1,28,0,25,2,,,,1,1,0,,2,1,0,2,,1,0,0,1,,94,6,63,20,27,25,,,26,38,19,24,,,,,8,8,8,1,,3,,0,40,10,10,10,2
File,"preflight/src/test/java/org/apache/pdfbox/preflight/TestIsartorBavaria.java",preflight/src/test/java/org/apache/pdfbox/preflight/TestIsartorBavaria.java,7,7,8,2,47,1,44,2,,,,1,3,3,,4,1,0,4,,1,0,0,3,,247,15,207,67,101,29,,,92,131,70,88,,,,,15,15,16,5,,5,,0,14,30,30,34,8
File,"preflight/src/test/java/org/apache/pdfbox/preflight/TestPDFBox3741.java",preflight/src/test/java/org/apache/pdfbox/preflight/TestPDFBox3741.java,1,1,1,1,16,0,9,7,,,,1,0,0,,1,1,0,1,,1,0,0,0,,49,4,19,12,5,26,,,11,13,10,4,,,,,1,1,1,1,,0,,1,37,1,1,1,1
File,"preflight/src/test/java/org/apache/pdfbox/preflight/TestPreflightConfiguration.java",preflight/src/test/java/org/apache/pdfbox/preflight/TestPreflightConfiguration.java,1,1,1,1,6,0,6,0,,,,3,0,0,,19,13,0,13,,11,0,0,2,,164,17,127,56,55,20,,,62,78,45,48,,,,,1,1,1,1,,0,,0,16,19,19,19,19
File,"preflight/src/test/java/org/apache/pdfbox/preflight/TestPreflightPath.java",preflight/src/test/java/org/apache/pdfbox/preflight/TestPreflightPath.java,1,1,1,1,28,6,22,0,,,,1,0,0,,2,2,0,2,,2,0,0,0,,91,19,52,15,36,20,,,41,44,13,36,,,,,1,1,1,1,,0,,0,38,2,2,2,2
File,"preflight/src/test/java/org/apache/pdfbox/preflight/TestValidDirectory.java",preflight/src/test/java/org/apache/pdfbox/preflight/TestValidDirectory.java,5,5,5,1,28,0,25,2,,,,1,1,0,,2,1,0,2,,1,0,0,1,,94,6,63,20,27,25,,,26,38,19,24,,,,,8,8,8,1,,3,,0,40,10,10,10,2
File,"preflight/src/test/java/org/apache/pdfbox/preflight/action/pdfa1b/AbstractTestAction.java",preflight/src/test/java/org/apache/pdfbox/preflight/action/pdfa1b/AbstractTestAction.java,2,2,2,1,17,0,11,5,,,,1,0,0,,5,5,0,5,,0,0,5,0,,139,13,78,33,31,48,,,41,54,34,28,,,,,6,6,7,5,,4,,0,62,10,10,11,9
File,"preflight/src/test/java/org/apache/pdfbox/preflight/action/pdfa1b/TestForbiddenAction.java",preflight/src/test/java/org/apache/pdfbox/preflight/action/pdfa1b/TestForbiddenAction.java,1,1,1,1,6,0,6,0,,,,1,0,0,,7,7,0,7,,6,0,1,0,,81,10,51,26,16,20,,,21,29,20,16,,,,,1,1,1,1,,0,,0,39,7,7,7,7
File,"preflight/src/test/java/org/apache/pdfbox/preflight/action/pdfa1b/TestGotoAction.java",preflight/src/test/java/org/apache/pdfbox/preflight/action/pdfa1b/TestGotoAction.java,1,1,1,1,9,0,8,0,,,,3,0,0,,5,5,0,5,,3,0,0,2,,72,8,44,17,16,20,,,17,23,16,10,,,,,1,1,1,1,,0,,0,45,5,5,5,5
File,"preflight/src/test/java/org/apache/pdfbox/preflight/action/pdfa1b/TestGotoRemoteAction.java",preflight/src/test/java/org/apache/pdfbox/preflight/action/pdfa1b/TestGotoRemoteAction.java,1,1,1,1,9,0,9,0,,,,4,0,0,,13,13,0,13,,4,0,0,9,,121,13,88,20,41,20,,,27,41,25,20,,,,,1,1,1,1,,0,,0,23,13,13,13,13
File,"preflight/src/test/java/org/apache/pdfbox/preflight/action/pdfa1b/TestHideAction.java",preflight/src/test/java/org/apache/pdfbox/preflight/action/pdfa1b/TestHideAction.java,1,1,1,1,7,0,7,0,,,,1,0,0,,5,5,0,5,,4,0,1,0,,72,8,44,20,17,20,,,22,28,16,17,,,,,1,1,1,1,,0,,0,45,5,5,5,5
File,"preflight/src/test/java/org/apache/pdfbox/preflight/action/pdfa1b/TestNamedAction.java",preflight/src/test/java/org/apache/pdfbox/preflight/action/pdfa1b/TestNamedAction.java,1,1,1,1,7,0,7,0,,,,1,0,0,,7,7,0,7,,6,0,1,0,,87,10,57,26,22,20,,,26,34,20,21,,,,,1,1,1,1,,0,,0,35,7,7,7,7
File,"preflight/src/test/java/org/apache/pdfbox/preflight/action/pdfa1b/TestSubmitAction.java",preflight/src/test/java/org/apache/pdfbox/preflight/action/pdfa1b/TestSubmitAction.java,1,1,1,1,8,0,8,0,,,,2,0,0,,6,6,0,6,,2,0,1,3,,75,9,46,15,19,20,,,18,25,16,12,,,,,1,1,1,1,,0,,0,43,6,6,6,6
File,"preflight/src/test/java/org/apache/pdfbox/preflight/action/pdfa1b/TestThreadAction.java",preflight/src/test/java/org/apache/pdfbox/preflight/action/pdfa1b/TestThreadAction.java,1,1,1,1,7,0,7,0,,,,1,0,0,,4,4,0,4,,3,0,1,0,,63,7,36,17,13,20,,,18,23,14,13,,,,,1,1,1,1,,0,,0,56,4,4,4,4
File,"preflight/src/test/java/org/apache/pdfbox/preflight/action/pdfa1b/TestUriAction.java",preflight/src/test/java/org/apache/pdfbox/preflight/action/pdfa1b/TestUriAction.java,1,1,1,1,6,0,6,0,,,,1,0,0,,6,6,0,6,,5,0,1,0,,80,10,50,26,16,21,,,24,31,21,16,,,,,1,1,1,1,,0,,0,42,6,6,6,6
File,"preflight/src/test/java/org/apache/pdfbox/preflight/integration/InvalidFileTester.java",preflight/src/test/java/org/apache/pdfbox/preflight/integration/InvalidFileTester.java,3,3,3,2,21,0,19,2,,,,1,0,1,,4,4,3,4,,0,0,0,4,,148,16,98,29,42,34,,,41,59,30,34,,,,,11,11,11,6,,4,,0,35,15,15,15,9
File,"preflight/src/test/java/org/apache/pdfbox/preflight/integration/TestInvalidFiles.java",preflight/src/test/java/org/apache/pdfbox/preflight/integration/TestInvalidFiles.java,2,2,2,1,14,0,13,1,,,,1,4,5,,5,1,0,5,,3,0,1,1,,134,16,94,45,39,25,,,50,62,42,32,,,,,6,6,7,4,,2,,0,27,10,10,11,8
File,"preflight/src/test/java/org/apache/pdfbox/preflight/integration/TestIsartorValidation.java",preflight/src/test/java/org/apache/pdfbox/preflight/integration/TestIsartorValidation.java,2,2,2,1,14,0,13,0,,,,1,4,5,,5,1,0,5,,3,0,1,1,,132,16,93,45,40,24,,,51,63,42,33,,,,,6,6,7,4,,2,,0,26,10,10,11,8
File,"preflight/src/test/java/org/apache/pdfbox/preflight/integration/TestValidFiles.java",preflight/src/test/java/org/apache/pdfbox/preflight/integration/TestValidFiles.java,2,2,2,1,13,0,12,1,,,,1,4,4,,5,1,2,5,,1,0,1,3,,135,19,90,44,35,26,,,50,62,41,29,,,,,4,4,4,1,,1,,0,29,11,11,12,5
File,"preflight/src/test/java/org/apache/pdfbox/preflight/metadata/TestMetadataFiles.java",preflight/src/test/java/org/apache/pdfbox/preflight/metadata/TestMetadataFiles.java,2,2,2,1,24,2,21,0,,,,1,0,0,,2,2,0,2,,1,1,0,0,,87,12,55,24,26,20,,,27,33,20,18,,,,,4,4,4,1,,2,,0,36,5,5,5,2
File,"preflight/src/test/java/org/apache/pdfbox/preflight/metadata/TestSynchronizedMetadataValidation.java",preflight/src/test/java/org/apache/pdfbox/preflight/metadata/TestSynchronizedMetadataValidation.java,1,1,1,1,26,1,17,7,,,,1,1,1,,21,16,12,17,,13,1,0,3,,625,58,379,90,232,188,,,233,266,76,217,,,,,3,3,3,1,,2,,0,50,34,34,34,21
File,"preflight/src/test/java/org/apache/pdfbox/preflight/parser/TestXmlResultParser.java",preflight/src/test/java/org/apache/pdfbox/preflight/parser/TestXmlResultParser.java,1,1,1,1,10,0,10,0,,,,1,0,1,,5,5,4,5,,4,0,0,1,,119,17,73,37,34,29,,,50,56,32,33,,,,,1,1,1,1,,0,,0,40,5,5,5,5
File,"tools/src/main/java/org/apache/pdfbox/tools/DecompressObjectstreams.java",tools/src/main/java/org/apache/pdfbox/tools/DecompressObjectstreams.java,1,1,1,1,12,0,8,3,,,,1,1,1,,3,2,3,3,,0,1,0,2,,94,13,48,25,12,33,,,23,29,20,10,,,,,3,3,3,1,,2,,0,69,5,5,5,3
File,"tools/src/main/java/org/apache/pdfbox/tools/Decrypt.java",tools/src/main/java/org/apache/pdfbox/tools/Decrypt.java,3,3,3,2,25,1,20,4,,,,1,1,1,,2,1,5,2,,0,0,0,2,,122,14,77,38,23,31,,,33,40,24,18,,,,,6,6,6,4,,3,,0,40,7,7,7,5
File,"tools/src/main/java/org/apache/pdfbox/tools/Encrypt.java",tools/src/main/java/org/apache/pdfbox/tools/Encrypt.java,4,4,4,1,41,4,34,3,,,,1,1,1,,2,1,14,2,,0,0,0,2,,189,28,132,72,52,29,,,67,78,47,39,,,,,7,7,7,1,,5,,0,22,8,8,8,2
File,"tools/src/main/java/org/apache/pdfbox/tools/ExportFDF.java",tools/src/main/java/org/apache/pdfbox/tools/ExportFDF.java,2,2,2,2,22,0,18,3,,,,1,1,1,,2,1,2,2,,0,0,0,2,,97,9,59,26,19,29,,,28,35,22,16,,,,,4,4,4,3,,3,,0,49,5,5,5,4
File,"tools/src/main/java/org/apache/pdfbox/tools/ExportXFDF.java",tools/src/main/java/org/apache/pdfbox/tools/ExportXFDF.java,2,2,2,1,22,1,17,3,,,,1,1,1,,2,1,2,2,,0,0,0,2,,98,11,58,26,18,29,,,27,34,22,15,,,,,4,4,4,1,,3,,0,50,5,5,5,2
File,"tools/src/main/java/org/apache/pdfbox/tools/ExtractImages.java",tools/src/main/java/org/apache/pdfbox/tools/ExtractImages.java,2,2,2,1,16,0,13,2,,,,2,1,3,,21,20,7,21,,0,3,2,16,,468,42,359,138,131,67,,,137,198,110,116,,,,,18,18,24,7,,4,,0,19,55,55,62,34
File,"tools/src/main/java/org/apache/pdfbox/tools/ExtractText.java",tools/src/main/java/org/apache/pdfbox/tools/ExtractText.java,2,2,2,1,18,1,15,1,,,,4,2,4,,14,12,14,14,,4,3,2,5,,408,49,299,114,122,60,,,124,169,92,96,,,,,18,18,20,3,,8,,0,20,39,39,41,16
File,"tools/src/main/java/org/apache/pdfbox/tools/ImageToPDF.java",tools/src/main/java/org/apache/pdfbox/tools/ImageToPDF.java,2,2,2,2,16,0,12,3,,,,1,2,1,,9,7,7,9,,0,1,0,8,,219,24,141,43,54,54,,,52,77,36,44,,,,,10,10,10,10,,4,,0,38,22,22,24,18
File,"tools/src/main/java/org/apache/pdfbox/tools/ImportFDF.java",tools/src/main/java/org/apache/pdfbox/tools/ImportFDF.java,2,2,2,1,20,1,12,6,,,,1,1,1,,3,2,3,3,,0,0,0,3,,118,14,63,30,22,41,,,33,40,25,19,,,,,3,3,3,1,,2,,0,65,6,6,6,3
File,"tools/src/main/java/org/apache/pdfbox/tools/ImportXFDF.java",tools/src/main/java/org/apache/pdfbox/tools/ImportXFDF.java,1,1,1,1,17,1,11,5,,,,1,1,1,,3,2,3,3,,0,0,0,3,,111,14,57,29,19,40,,,30,36,24,16,,,,,3,3,3,1,,2,,0,70,5,5,5,3
File,"tools/src/main/java/org/apache/pdfbox/tools/OverlayPDF.java",tools/src/main/java/org/apache/pdfbox/tools/OverlayPDF.java,4,4,4,1,36,5,27,4,,,,1,1,1,,2,1,10,2,,0,0,0,2,,152,27,93,42,31,32,,,42,52,30,25,,,,,8,8,8,1,,1,,0,34,9,9,9,2
File,"tools/src/main/java/org/apache/pdfbox/tools/PDFBox.java",tools/src/main/java/org/apache/pdfbox/tools/PDFBox.java,1,1,1,1,20,1,16,3,,,,1,1,0,,2,1,1,2,,0,0,0,2,,84,8,50,19,24,26,,,31,35,12,24,,,,,2,2,2,1,,1,,0,52,3,3,3,2
File,"tools/src/main/java/org/apache/pdfbox/tools/PDFMerger.java",tools/src/main/java/org/apache/pdfbox/tools/PDFMerger.java,2,2,2,1,17,1,12,3,,,,1,1,1,,2,1,2,2,,0,0,0,2,,85,11,45,22,14,29,,,23,29,19,12,,,,,3,3,3,1,,2,,0,64,4,4,4,2
File,"tools/src/main/java/org/apache/pdfbox/tools/PDFSplit.java",tools/src/main/java/org/apache/pdfbox/tools/PDFSplit.java,6,6,6,1,40,2,35,3,,,,1,1,1,,2,1,6,2,,0,0,0,2,,148,17,102,37,40,29,,,45,59,30,32,,,,,11,11,11,1,,3,,0,28,12,12,12,2
File,"tools/src/main/java/org/apache/pdfbox/tools/PDFText2HTML.java",tools/src/main/java/org/apache/pdfbox/tools/PDFText2HTML.java,2,2,2,1,15,0,11,3,,,,2,2,1,,21,19,3,21,,0,9,8,4,,401,36,260,60,123,108,,,111,155,57,114,,,,,7,7,9,6,,5,,0,42,48,45,52,31
File,"tools/src/main/java/org/apache/pdfbox/tools/PDFToImage.java",tools/src/main/java/org/apache/pdfbox/tools/PDFToImage.java,5,5,5,1,30,2,26,2,,,,1,3,1,,4,1,13,4,,0,2,0,2,,220,31,158,69,65,31,,,79,100,56,53,,,,,14,14,15,4,,3,,0,20,21,21,22,7
File,"tools/src/main/java/org/apache/pdfbox/tools/PrintPDF.java",tools/src/main/java/org/apache/pdfbox/tools/PrintPDF.java,4,4,4,2,28,2,23,3,,,,1,2,1,,3,1,8,3,,0,1,0,2,,162,22,108,49,41,32,,,57,71,40,37,,,,,9,9,10,5,,4,,0,30,12,12,13,7
File,"tools/src/main/java/org/apache/pdfbox/tools/TextToPDF.java",tools/src/main/java/org/apache/pdfbox/tools/TextToPDF.java,2,2,2,1,19,0,14,4,,,,2,1,4,,14,15,19,16,,0,1,0,15,,430,44,283,93,132,103,,,127,164,72,102,,,,,22,22,25,6,,6,,0,36,37,37,40,19
File,"tools/src/main/java/org/apache/pdfbox/tools/Version.java",tools/src/main/java/org/apache/pdfbox/tools/Version.java,1,1,1,1,11,0,7,3,,,,1,1,1,,3,2,1,3,,0,0,0,3,,79,8,38,18,11,33,,,18,23,16,9,,,,,2,2,2,1,,1,,0,87,4,4,4,3
File,"tools/src/main/java/org/apache/pdfbox/tools/WriteDecodedDoc.java",tools/src/main/java/org/apache/pdfbox/tools/WriteDecodedDoc.java,1,1,2,1,16,0,12,3,,,,1,2,1,,7,4,4,6,,0,2,0,4,,179,17,119,45,43,43,,,53,68,38,34,,,,,4,4,6,3,,3,,0,36,13,13,15,9
File,"tools/src/main/java/org/apache/pdfbox/tools/imageio/ImageIOUtil.java",tools/src/main/java/org/apache/pdfbox/tools/imageio/ImageIOUtil.java,2,2,3,1,30,1,17,11,,,,1,10,1,,11,1,0,11,,0,5,0,6,,407,32,225,70,101,150,,,96,131,61,86,,,,,17,17,24,4,,5,,0,67,32,32,40,14
File,"tools/src/main/java/org/apache/pdfbox/tools/imageio/JPEGUtil.java",tools/src/main/java/org/apache/pdfbox/tools/imageio/JPEGUtil.java,4,4,4,1,32,1,25,6,,,,1,1,0,,2,1,0,2,,1,1,0,0,,95,6,59,14,26,31,,,26,35,14,24,,,,,7,7,7,1,,1,,0,53,8,8,8,2
File,"tools/src/main/java/org/apache/pdfbox/tools/imageio/MetaUtil.java",tools/src/main/java/org/apache/pdfbox/tools/imageio/MetaUtil.java,2,2,2,1,17,0,15,2,,,,1,1,4,,2,1,0,2,,1,1,0,0,,81,8,50,26,22,24,,,32,37,26,18,,,,,3,3,3,1,,1,,0,48,4,4,4,2
File,"tools/src/main/java/org/apache/pdfbox/tools/imageio/TIFFUtil.java",tools/src/main/java/org/apache/pdfbox/tools/imageio/TIFFUtil.java,1,1,1,1,19,1,14,3,,,,1,6,1,,7,1,0,7,,1,5,0,1,,179,18,117,29,64,45,,,71,83,27,60,,,,,4,4,5,1,,1,,0,38,11,11,13,7
File,"tools/src/test/java/org/apache/pdfbox/tools/PDFBoxHeadlessTest.java",tools/src/test/java/org/apache/pdfbox/tools/PDFBoxHeadlessTest.java,1,1,1,1,6,0,6,0,,,,1,1,0,,6,4,4,5,,2,0,0,3,,82,9,53,27,19,20,,,29,35,22,15,,,,,1,1,1,1,,0,,0,38,6,6,6,6
File,"tools/src/test/java/org/apache/pdfbox/tools/PDFBoxNonHeadlessTest.java",tools/src/test/java/org/apache/pdfbox/tools/PDFBoxNonHeadlessTest.java,1,1,1,1,6,0,6,0,,,,1,0,0,,5,4,4,4,,2,0,0,2,,75,8,47,24,18,20,,,27,32,20,14,,,,,1,1,1,1,,0,,0,43,5,5,5,5
File,"tools/src/test/java/org/apache/pdfbox/tools/TestExtractText.java",tools/src/test/java/org/apache/pdfbox/tools/TestExtractText.java,1,1,1,1,29,1,22,6,,,,1,0,0,,1,1,0,1,,1,0,0,0,,65,8,32,17,14,25,,,18,21,15,11,,,,,1,1,1,1,,1,,0,78,1,1,1,1
File,"tools/src/test/java/org/apache/pdfbox/tools/TestPDFText2HTML.java",tools/src/test/java/org/apache/pdfbox/tools/TestPDFText2HTML.java,1,1,1,1,13,0,12,0,,,,1,0,0,,3,3,0,3,,2,1,0,0,,79,8,55,31,25,16,,,37,42,28,24,,,,,1,1,1,1,,1,,0,29,3,3,3,3
File,"tools/src/test/java/org/apache/pdfbox/tools/TestTextToPdf.java",tools/src/test/java/org/apache/pdfbox/tools/TestTextToPdf.java,1,1,1,1,45,0,40,5,,,,1,0,0,,4,4,0,4,,4,0,0,0,,223,8,175,44,128,40,,,60,72,34,52,,,,,1,1,1,1,,1,,0,23,4,4,4,4
File,"tools/src/test/java/org/apache/pdfbox/tools/imageio/TestImageIOUtils.java",tools/src/test/java/org/apache/pdfbox/tools/imageio/TestImageIOUtils.java,2,2,2,1,25,1,19,5,,,,1,0,2,,13,12,0,12,,3,9,0,0,,420,34,294,109,157,94,,,180,217,104,148,,,,,8,8,8,1,,4,,0,32,30,30,33,13
File,"xmpbox/src/main/java/org/apache/xmpbox/DateConverter.java",xmpbox/src/main/java/org/apache/xmpbox/DateConverter.java,7,7,8,2,55,2,44,8,,,,1,5,1,,6,1,0,6,,0,3,0,3,,406,27,289,62,159,90,,,121,166,62,126,,,,,23,23,29,5,,6,,0,31,44,44,53,13
File,"xmpbox/src/main/java/org/apache/xmpbox/XMPMetadata.java",xmpbox/src/main/java/org/apache/xmpbox/XMPMetadata.java,1,1,1,1,12,0,5,6,,,,1,2,0,,38,36,7,38,,0,0,2,36,,579,51,242,82,93,286,,,110,153,80,87,,,,,3,3,4,3,,2,,1,18,42,42,43,42
File,"xmpbox/src/main/java/org/apache/xmpbox/XmpConstants.java",xmpbox/src/main/java/org/apache/xmpbox/XmpConstants.java,1,1,1,1,4,0,3,1,,,,1,0,15,,1,1,0,1,,0,1,0,0,,109,19,22,18,15,69,,,16,18,18,0,,,,,1,1,1,1,,0,,3,14,1,1,1,1
File,"xmpbox/src/main/java/org/apache/xmpbox/schema/AdobePDFSchema.java",xmpbox/src/main/java/org/apache/xmpbox/schema/AdobePDFSchema.java,1,1,1,1,12,0,6,5,,,,1,0,3,,14,14,0,14,,0,0,0,14,,238,22,110,39,38,107,,,43,64,35,35,,,,,2,2,2,1,,1,,0,97,20,20,20,14
File,"xmpbox/src/main/java/org/apache/xmpbox/schema/DublinCoreSchema.java",xmpbox/src/main/java/org/apache/xmpbox/schema/DublinCoreSchema.java,1,1,1,1,9,0,4,5,,,,1,0,15,,68,68,0,68,,0,0,0,68,,784,89,322,116,87,374,,,99,168,100,72,,,,,2,2,2,1,,0,,1,16,72,72,72,68
File,"xmpbox/src/main/java/org/apache/xmpbox/schema/ExifSchema.java",xmpbox/src/main/java/org/apache/xmpbox/schema/ExifSchema.java,1,1,1,1,8,0,4,4,,,,1,0,79,,6,6,0,6,,0,0,0,6,,338,93,195,175,85,51,,,94,101,95,6,,,,,1,1,1,1,,0,,0,26,6,6,6,6
File,"xmpbox/src/main/java/org/apache/xmpbox/schema/PDFAExtensionSchema.java",xmpbox/src/main/java/org/apache/xmpbox/schema/PDFAExtensionSchema.java,1,1,1,1,7,0,4,3,,,,1,0,1,,3,3,0,3,,0,0,0,3,,69,8,25,14,4,37,,,11,15,12,3,,,,,1,1,1,1,,0,,1,48,3,3,3,3
File,"xmpbox/src/main/java/org/apache/xmpbox/schema/PDFAIdentificationSchema.java",xmpbox/src/main/java/org/apache/xmpbox/schema/PDFAIdentificationSchema.java,1,1,2,1,14,0,8,5,,,,1,0,3,,17,17,0,17,,0,0,0,17,,315,26,165,48,62,125,,,54,87,46,53,,,,,4,4,4,4,,3,,0,76,30,30,34,23
File,"xmpbox/src/main/java/org/apache/xmpbox/schema/PhotoshopSchema.java",xmpbox/src/main/java/org/apache/xmpbox/schema/PhotoshopSchema.java,1,1,1,1,4,0,4,0,,,,1,0,20,,80,80,1,80,,0,0,0,80,,573,108,445,180,153,21,,,165,251,160,131,,,,,4,4,4,1,,3,,0,05,102,102,102,80
File,"xmpbox/src/main/java/org/apache/xmpbox/schema/TiffSchema.java",xmpbox/src/main/java/org/apache/xmpbox/schema/TiffSchema.java,1,1,1,1,9,0,4,5,,,,1,0,25,,15,15,0,15,,0,0,0,15,,266,44,125,78,41,98,,,51,67,52,16,,,,,2,2,2,1,,0,,0,78,16,16,16,15
File,"xmpbox/src/main/java/org/apache/xmpbox/schema/XMPBasicJobTicketSchema.java",xmpbox/src/main/java/org/apache/xmpbox/schema/XMPBasicJobTicketSchema.java,1,1,1,1,10,0,10,0,,,,1,0,1,,6,6,1,6,,0,0,0,6,,117,14,79,27,29,25,,,34,47,26,25,,,,,4,4,4,1,,3,,0,32,11,11,11,6
File,"xmpbox/src/main/java/org/apache/xmpbox/schema/XMPBasicSchema.java",xmpbox/src/main/java/org/apache/xmpbox/schema/XMPBasicSchema.java,1,1,1,1,10,0,5,5,,,,1,0,12,,48,48,1,48,,0,0,0,48,,638,72,297,114,102,270,,,112,169,102,88,,,,,4,4,4,1,,3,,0,91,61,61,61,48
File,"xmpbox/src/main/java/org/apache/xmpbox/schema/XMPMediaManagementSchema.java",xmpbox/src/main/java/org/apache/xmpbox/schema/XMPMediaManagementSchema.java,1,1,1,1,9,0,4,5,,,,1,0,18,,63,63,0,63,,0,0,0,63,,833,110,331,140,105,393,,,120,184,121,87,,,,,2,2,2,1,,0,,1,19,75,75,75,63
File,"xmpbox/src/main/java/org/apache/xmpbox/schema/XMPRightsManagementSchema.java",xmpbox/src/main/java/org/apache/xmpbox/schema/XMPRightsManagementSchema.java,1,1,1,1,9,0,4,5,,,,1,0,5,,24,24,0,24,,0,0,0,24,,322,33,128,54,35,162,,,47,72,48,30,,,,,2,2,2,1,,0,,1,27,28,28,28,24
File,"xmpbox/src/main/java/org/apache/xmpbox/schema/XMPSchema.java",xmpbox/src/main/java/org/apache/xmpbox/schema/XMPSchema.java,2,2,2,1,18,0,11,7,,,,1,0,0,,59,59,0,59,,0,5,1,53,,1230,74,693,146,305,463,,,232,388,162,273,,,,,10,10,11,7,,6,,0,67,142,142,149,104
File,"xmpbox/src/main/java/org/apache/xmpbox/schema/XMPSchemaFactory.java",xmpbox/src/main/java/org/apache/xmpbox/schema/XMPSchemaFactory.java,1,1,1,1,16,0,9,6,,,,1,0,0,,5,5,4,5,,0,0,0,5,,135,16,60,17,21,59,,,27,36,17,19,,,,,4,4,5,1,,1,,0,98,8,8,9,5
File,"xmpbox/src/main/java/org/apache/xmpbox/schema/XMPageTextSchema.java",xmpbox/src/main/java/org/apache/xmpbox/schema/XMPageTextSchema.java,1,1,1,1,4,0,4,0,,,,1,0,2,,2,2,0,2,,0,0,0,2,,55,7,21,13,4,28,,,9,12,10,2,,,,,1,1,1,1,,0,,1,33,2,2,2,2
File,"xmpbox/src/main/java/org/apache/xmpbox/schema/XmpSchemaException.java",xmpbox/src/main/java/org/apache/xmpbox/schema/XmpSchemaException.java,1,1,1,1,11,0,4,7,,,,1,0,1,,2,2,0,2,,0,0,0,2,,62,6,13,5,3,43,,,4,7,5,2,,,,,1,1,1,1,,0,,3,31,2,2,2,2
File,"xmpbox/src/main/java/org/apache/xmpbox/type/AbstractComplexProperty.java",xmpbox/src/main/java/org/apache/xmpbox/type/AbstractComplexProperty.java,1,1,1,1,7,0,5,2,,,,1,0,0,,11,11,2,11,,0,0,1,10,,136,18,70,21,21,48,,,25,40,21,21,,,,,2,2,2,1,,1,,0,69,14,14,14,11
File,"xmpbox/src/main/java/org/apache/xmpbox/type/AbstractField.java",xmpbox/src/main/java/org/apache/xmpbox/type/AbstractField.java,1,1,1,1,9,0,4,4,,,,1,0,0,,11,11,3,11,,0,0,0,11,,147,20,52,21,11,75,,,22,32,21,11,,,,,1,1,1,1,,0,,1,44,9,9,9,9
File,"xmpbox/src/main/java/org/apache/xmpbox/type/AbstractSimpleProperty.java",xmpbox/src/main/java/org/apache/xmpbox/type/AbstractSimpleProperty.java,1,1,1,1,12,0,5,6,,,,1,0,0,,8,8,3,8,,0,0,0,8,,127,17,39,18,9,71,,,17,23,14,9,,,,,1,1,1,1,,0,,1,82,5,5,5,5
File,"xmpbox/src/main/java/org/apache/xmpbox/type/AbstractStructuredType.java",xmpbox/src/main/java/org/apache/xmpbox/type/AbstractStructuredType.java,1,1,1,1,8,0,7,1,,,,1,0,1,,13,13,3,13,,0,0,3,10,,163,22,108,27,42,33,,,38,57,27,36,,,,,4,4,4,1,,2,,0,31,19,19,19,13
File,"xmpbox/src/main/java/org/apache/xmpbox/type/AgentNameType.java",xmpbox/src/main/java/org/apache/xmpbox/type/AgentNameType.java,1,1,1,1,4,0,4,0,,,,1,0,0,,1,1,0,1,,0,0,0,1,,34,5,9,4,1,20,,,3,5,4,1,,,,,1,1,1,1,,0,,2,22,1,1,1,1
File,"xmpbox/src/main/java/org/apache/xmpbox/type/ArrayProperty.java",xmpbox/src/main/java/org/apache/xmpbox/type/ArrayProperty.java,1,1,1,1,8,0,4,4,,,,1,0,0,,6,5,3,5,,0,0,0,5,,102,13,39,18,11,50,,,19,25,16,11,,,,,1,1,1,1,,0,,1,28,6,6,6,6
File,"xmpbox/src/main/java/org/apache/xmpbox/type/Attribute.java",xmpbox/src/main/java/org/apache/xmpbox/type/Attribute.java,1,1,1,1,9,0,4,5,,,,1,0,0,,8,8,3,8,,0,0,0,8,,124,14,41,13,10,69,,,14,23,13,10,,,,,1,1,1,1,,0,,1,68,8,8,8,8
File,"xmpbox/src/main/java/org/apache/xmpbox/type/BadFieldValueException.java",xmpbox/src/main/java/org/apache/xmpbox/type/BadFieldValueException.java,1,1,1,1,12,1,4,7,,,,1,0,1,,2,2,0,2,,0,0,0,2,,65,8,13,5,3,44,,,4,7,5,2,,,,,1,1,1,1,,0,,3,38,2,2,2,2
File,"xmpbox/src/main/java/org/apache/xmpbox/type/BooleanType.java",xmpbox/src/main/java/org/apache/xmpbox/type/BooleanType.java,2,2,2,1,17,0,10,7,,,,1,0,2,,4,4,1,4,,0,0,0,4,,116,11,50,14,17,55,,,14,23,11,13,,,,,5,5,5,1,,2,,1,10,9,9,9,4
File,"xmpbox/src/main/java/org/apache/xmpbox/type/CFAPatternType.java",xmpbox/src/main/java/org/apache/xmpbox/type/CFAPatternType.java,1,1,1,1,4,0,4,0,,,,1,0,3,,1,1,0,1,,0,0,0,1,,45,7,16,11,4,23,,,6,8,7,1,,,,,1,1,1,1,,0,,1,44,1,1,1,1
File,"xmpbox/src/main/java/org/apache/xmpbox/type/Cardinality.java",xmpbox/src/main/java/org/apache/xmpbox/type/Cardinality.java,0,0,0,0,2,0,2,0,,,,1,0,0,,2,4,5,4,,0,1,0,3,,41,7,14,6,2,20,,,5,7,5,2,,,,,1,1,1,1,,0,,1,43,2,2,2,2
File,"xmpbox/src/main/java/org/apache/xmpbox/type/ChoiceType.java",xmpbox/src/main/java/org/apache/xmpbox/type/ChoiceType.java,1,1,1,1,4,0,4,0,,,,1,0,0,,1,1,0,1,,0,0,0,1,,34,5,9,4,1,20,,,3,5,4,1,,,,,1,1,1,1,,0,,2,22,1,1,1,1
File,"xmpbox/src/main/java/org/apache/xmpbox/type/ComplexPropertyContainer.java",xmpbox/src/main/java/org/apache/xmpbox/type/ComplexPropertyContainer.java,2,2,2,2,15,0,9,5,,,,1,0,0,,10,9,1,9,,0,0,1,8,,202,14,103,24,39,85,,,31,53,24,35,,,,,4,4,4,4,,3,,0,83,21,21,21,20
File,"xmpbox/src/main/java/org/apache/xmpbox/type/DateType.java",xmpbox/src/main/java/org/apache/xmpbox/type/DateType.java,2,2,2,1,17,0,10,6,,,,1,0,0,,7,7,1,7,,0,3,0,4,,173,16,84,17,29,73,,,21,36,14,22,,,,,4,4,4,4,,2,,0,87,14,14,14,10
File,"xmpbox/src/main/java/org/apache/xmpbox/type/DefinedStructuredType.java",xmpbox/src/main/java/org/apache/xmpbox/type/DefinedStructuredType.java,1,1,1,1,4,0,4,0,,,,1,0,0,,4,4,1,4,,0,0,0,4,,56,10,26,10,7,20,,,11,16,10,6,,,,,1,1,1,1,,0,,0,77,4,4,4,4
File,"xmpbox/src/main/java/org/apache/xmpbox/type/DeviceSettingsType.java",xmpbox/src/main/java/org/apache/xmpbox/type/DeviceSettingsType.java,1,1,1,1,4,0,4,0,,,,1,0,3,,1,1,0,1,,0,0,0,1,,45,7,16,11,4,23,,,6,8,7,1,,,,,1,1,1,1,,0,,1,44,1,1,1,1
File,"xmpbox/src/main/java/org/apache/xmpbox/type/DimensionsType.java",xmpbox/src/main/java/org/apache/xmpbox/type/DimensionsType.java,1,1,1,1,4,0,4,0,,,,1,0,3,,1,1,0,1,,0,0,0,1,,45,7,16,11,4,23,,,6,8,7,1,,,,,1,1,1,1,,0,,1,44,1,1,1,1
File,"xmpbox/src/main/java/org/apache/xmpbox/type/FlashType.java",xmpbox/src/main/java/org/apache/xmpbox/type/FlashType.java,1,1,1,1,4,0,4,0,,,,1,0,5,,1,1,0,1,,0,0,0,1,,51,9,20,15,6,23,,,8,10,9,1,,,,,1,1,1,1,,0,,1,15,1,1,1,1
File,"xmpbox/src/main/java/org/apache/xmpbox/type/GPSCoordinateType.java",xmpbox/src/main/java/org/apache/xmpbox/type/GPSCoordinateType.java,1,1,1,1,4,0,4,0,,,,1,0,0,,1,1,0,1,,0,0,0,1,,34,5,9,4,1,20,,,3,5,4,1,,,,,1,1,1,1,,0,,2,22,1,1,1,1
File,"xmpbox/src/main/java/org/apache/xmpbox/type/GUIDType.java",xmpbox/src/main/java/org/apache/xmpbox/type/GUIDType.java,1,1,1,1,4,0,4,0,,,,1,0,0,,1,1,0,1,,0,0,0,1,,34,5,9,4,1,20,,,3,5,4,1,,,,,1,1,1,1,,0,,2,22,1,1,1,1
File,"xmpbox/src/main/java/org/apache/xmpbox/type/IntegerType.java",xmpbox/src/main/java/org/apache/xmpbox/type/IntegerType.java,1,1,1,1,14,0,7,6,,,,1,0,0,,4,4,1,4,,0,0,0,4,,99,10,36,11,9,53,,,9,16,8,8,,,,,3,3,3,1,,1,,1,47,6,6,6,4
File,"xmpbox/src/main/java/org/apache/xmpbox/type/JobType.java",xmpbox/src/main/java/org/apache/xmpbox/type/JobType.java,1,1,1,1,4,0,4,0,,,,1,0,3,,8,8,0,8,,0,0,0,8,,80,15,45,18,12,21,,,14,23,14,9,,,,,1,1,1,1,,0,,0,47,8,8,8,8
File,"xmpbox/src/main/java/org/apache/xmpbox/type/LayerType.java",xmpbox/src/main/java/org/apache/xmpbox/type/LayerType.java,1,1,1,1,10,0,6,4,,,,1,0,2,,5,5,0,5,,0,0,0,5,,95,11,42,16,14,43,,,15,23,13,12,,,,,2,2,2,1,,1,,1,02,7,7,7,5
File,"xmpbox/src/main/java/org/apache/xmpbox/type/LocaleType.java",xmpbox/src/main/java/org/apache/xmpbox/type/LocaleType.java,1,1,1,1,4,0,4,0,,,,1,0,0,,1,1,0,1,,0,0,0,1,,34,5,9,4,1,20,,,3,5,4,1,,,,,1,1,1,1,,0,,2,22,1,1,1,1
File,"xmpbox/src/main/java/org/apache/xmpbox/type/MIMEType.java",xmpbox/src/main/java/org/apache/xmpbox/type/MIMEType.java,1,1,1,1,4,0,4,0,,,,1,0,0,,1,1,0,1,,0,0,0,1,,34,5,9,4,1,20,,,3,5,4,1,,,,,1,1,1,1,,0,,2,22,1,1,1,1
File,"xmpbox/src/main/java/org/apache/xmpbox/type/OECFType.java",xmpbox/src/main/java/org/apache/xmpbox/type/OECFType.java,1,1,1,1,4,0,4,0,,,,1,0,4,,1,1,0,1,,0,0,0,1,,49,9,18,13,5,23,,,7,9,8,1,,,,,1,1,1,1,,0,,1,28,1,1,1,1
File,"xmpbox/src/main/java/org/apache/xmpbox/type/PDFAFieldType.java",xmpbox/src/main/java/org/apache/xmpbox/type/PDFAFieldType.java,1,1,1,1,4,0,4,0,,,,1,0,3,,4,4,0,4,,0,0,0,4,,62,11,31,17,10,21,,,12,17,13,7,,,,,2,2,2,1,,0,,0,68,7,7,7,4
File,"xmpbox/src/main/java/org/apache/xmpbox/type/PDFAPropertyType.java",xmpbox/src/main/java/org/apache/xmpbox/type/PDFAPropertyType.java,1,1,1,1,4,0,4,0,,,,1,0,4,,5,5,0,5,,0,0,0,5,,71,13,38,21,13,21,,,15,21,16,9,,,,,2,2,2,1,,0,,0,55,9,9,9,5
File,"xmpbox/src/main/java/org/apache/xmpbox/type/PDFASchemaType.java",xmpbox/src/main/java/org/apache/xmpbox/type/PDFASchemaType.java,1,1,1,1,4,0,4,0,,,,1,0,5,,5,5,0,5,,0,0,0,5,,72,14,38,21,12,21,,,14,20,15,7,,,,,2,2,2,1,,0,,0,55,7,7,7,5
File,"xmpbox/src/main/java/org/apache/xmpbox/type/PDFATypeType.java",xmpbox/src/main/java/org/apache/xmpbox/type/PDFATypeType.java,1,1,1,1,4,0,4,0,,,,1,0,5,,6,6,0,6,,0,0,0,6,,79,15,44,24,15,21,,,17,24,18,10,,,,,2,2,2,1,,0,,0,48,10,10,10,6
File,"xmpbox/src/main/java/org/apache/xmpbox/type/PartType.java",xmpbox/src/main/java/org/apache/xmpbox/type/PartType.java,1,1,1,1,4,0,4,0,,,,1,0,0,,1,1,0,1,,0,0,0,1,,34,5,9,4,1,20,,,3,5,4,1,,,,,1,1,1,1,,0,,2,22,1,1,1,1
File,"xmpbox/src/main/java/org/apache/xmpbox/type/ProperNameType.java",xmpbox/src/main/java/org/apache/xmpbox/type/ProperNameType.java,1,1,1,1,4,0,4,0,,,,1,0,0,,1,1,0,1,,0,0,0,1,,34,5,9,4,1,20,,,3,5,4,1,,,,,1,1,1,1,,0,,2,22,1,1,1,1
File,"xmpbox/src/main/java/org/apache/xmpbox/type/PropertiesDescription.java",xmpbox/src/main/java/org/apache/xmpbox/type/PropertiesDescription.java,1,1,1,1,10,0,4,6,,,,1,0,0,,4,4,1,4,,0,0,0,4,,86,9,25,11,4,52,,,10,15,11,4,,,,,1,1,1,1,,0,,2,08,4,4,4,4
File,"xmpbox/src/main/java/org/apache/xmpbox/type/PropertyType.java",xmpbox/src/main/java/org/apache/xmpbox/type/PropertyType.java,0,0,0,0,0,0,0,0,,,,1,0,0,,2,2,0,2,,2,0,0,0,,51,7,12,10,0,32,,,7,8,8,0,,,,,0,0,0,0,,0,,2,67,0,0,0,0
File,"xmpbox/src/main/java/org/apache/xmpbox/type/RationalType.java",xmpbox/src/main/java/org/apache/xmpbox/type/RationalType.java,1,1,1,1,4,0,4,0,,,,1,0,0,,1,1,0,1,,0,0,0,1,,34,5,9,4,1,20,,,3,5,4,1,,,,,1,1,1,1,,0,,2,22,1,1,1,1
File,"xmpbox/src/main/java/org/apache/xmpbox/type/RealType.java",xmpbox/src/main/java/org/apache/xmpbox/type/RealType.java,1,1,1,1,14,0,7,6,,,,1,0,0,,4,4,1,4,,0,0,0,4,,99,10,36,11,9,53,,,9,16,8,8,,,,,3,3,3,1,,1,,1,47,6,6,6,4
File,"xmpbox/src/main/java/org/apache/xmpbox/type/RenditionClassType.java",xmpbox/src/main/java/org/apache/xmpbox/type/RenditionClassType.java,1,1,1,1,5,0,5,0,,,,1,0,0,,1,1,0,1,,0,0,0,1,,35,5,10,5,1,20,,,3,5,4,1,,,,,1,1,1,1,,0,,2,00,1,1,1,1
File,"xmpbox/src/main/java/org/apache/xmpbox/type/ResourceEventType.java",xmpbox/src/main/java/org/apache/xmpbox/type/ResourceEventType.java,1,1,1,1,4,0,4,0,,,,1,0,6,,13,13,0,13,,0,0,0,13,,121,24,72,30,20,26,,,23,37,23,14,,,,,1,1,1,1,,0,,0,36,13,13,13,13
File,"xmpbox/src/main/java/org/apache/xmpbox/type/ResourceRefType.java",xmpbox/src/main/java/org/apache/xmpbox/type/ResourceRefType.java,1,1,1,1,8,0,8,0,,,,1,0,16,,34,34,0,34,,0,0,0,34,,404,56,313,90,122,36,,,92,144,74,89,,,,,2,2,2,1,,1,,0,12,51,51,51,34
File,"xmpbox/src/main/java/org/apache/xmpbox/type/StructuredType.java",xmpbox/src/main/java/org/apache/xmpbox/type/StructuredType.java,0,0,0,0,0,0,0,0,,,,1,0,0,,2,2,0,2,,2,0,0,0,,38,6,12,10,0,20,,,7,8,8,0,,,,,0,0,0,0,,0,,1,67,0,0,0,0
File,"xmpbox/src/main/java/org/apache/xmpbox/type/TextType.java",xmpbox/src/main/java/org/apache/xmpbox/type/TextType.java,1,1,1,1,12,0,6,5,,,,1,0,0,,4,4,1,4,,0,0,0,4,,89,11,32,11,7,46,,,8,14,8,6,,,,,2,2,2,1,,1,,1,44,5,5,5,4
File,"xmpbox/src/main/java/org/apache/xmpbox/type/ThumbnailType.java",xmpbox/src/main/java/org/apache/xmpbox/type/ThumbnailType.java,1,1,1,1,11,0,6,5,,,,1,0,4,,9,9,0,9,,0,0,0,9,,164,18,72,26,26,75,,,25,39,21,22,,,,,2,2,2,1,,1,,1,04,13,13,13,9
File,"xmpbox/src/main/java/org/apache/xmpbox/type/TypeMapping.java",xmpbox/src/main/java/org/apache/xmpbox/type/TypeMapping.java,1,1,1,1,8,0,7,1,,,,2,1,1,,41,40,6,41,,0,2,0,39,,450,55,329,107,132,66,,,130,185,103,106,,,,,4,4,4,4,,3,,0,20,53,53,55,44
File,"xmpbox/src/main/java/org/apache/xmpbox/type/Types.java",xmpbox/src/main/java/org/apache/xmpbox/type/Types.java,0,0,0,0,3,0,3,0,,,,1,0,0,,7,9,39,9,,0,1,0,8,,93,18,53,28,9,22,,,14,21,12,9,,,,,1,1,1,1,,0,,0,42,7,7,7,7
File,"xmpbox/src/main/java/org/apache/xmpbox/type/URIType.java",xmpbox/src/main/java/org/apache/xmpbox/type/URIType.java,1,1,1,1,4,0,4,0,,,,1,0,0,,1,1,0,1,,0,0,0,1,,34,5,9,4,1,20,,,3,5,4,1,,,,,1,1,1,1,,0,,2,22,1,1,1,1
File,"xmpbox/src/main/java/org/apache/xmpbox/type/URLType.java",xmpbox/src/main/java/org/apache/xmpbox/type/URLType.java,1,1,1,1,4,0,4,0,,,,1,0,0,,1,1,0,1,,0,0,0,1,,34,5,9,4,1,20,,,3,5,4,1,,,,,1,1,1,1,,0,,2,22,1,1,1,1
File,"xmpbox/src/main/java/org/apache/xmpbox/type/VersionType.java",xmpbox/src/main/java/org/apache/xmpbox/type/VersionType.java,1,1,1,1,4,0,4,0,,,,1,0,5,,11,11,0,11,,0,0,0,11,,108,21,62,26,17,26,,,20,32,20,12,,,,,1,1,1,1,,0,,0,42,11,11,11,11
File,"xmpbox/src/main/java/org/apache/xmpbox/type/XPathType.java",xmpbox/src/main/java/org/apache/xmpbox/type/XPathType.java,1,1,1,1,4,0,4,0,,,,1,0,0,,1,1,0,1,,0,0,0,1,,34,5,9,4,1,20,,,3,5,4,1,,,,,1,1,1,1,,0,,2,22,1,1,1,1
File,"xmpbox/src/main/java/org/apache/xmpbox/xml/DomHelper.java",xmpbox/src/main/java/org/apache/xmpbox/xml/DomHelper.java,2,2,2,1,9,0,8,1,,,,1,6,0,,7,1,0,7,,0,1,0,6,,114,13,74,23,25,27,,,31,46,26,25,,,,,4,4,4,3,,3,,0,36,14,14,16,9
File,"xmpbox/src/main/java/org/apache/xmpbox/xml/DomXmpParser.java",xmpbox/src/main/java/org/apache/xmpbox/xml/DomXmpParser.java,4,4,4,1,29,0,26,2,,,,2,0,0,,29,28,4,28,,0,20,3,5,,951,53,813,198,421,92,,,315,446,193,349,,,,,12,12,12,4,,5,,0,11,125,122,136,35
File,"xmpbox/src/main/java/org/apache/xmpbox/xml/PdfaExtensionHelper.java",xmpbox/src/main/java/org/apache/xmpbox/xml/PdfaExtensionHelper.java,4,4,6,1,27,0,25,2,,,,1,8,2,,9,1,0,9,,0,7,0,2,,311,17,257,79,128,40,,,105,152,80,107,,,,,11,9,11,6,,4,,0,16,44,42,56,14
File,"xmpbox/src/main/java/org/apache/xmpbox/xml/XmpParsingException.java",xmpbox/src/main/java/org/apache/xmpbox/xml/XmpParsingException.java,0,0,0,0,5,0,2,2,,,,2,0,1,,3,5,14,5,,0,0,0,5,,81,9,27,12,6,49,,,8,13,8,5,,,,,1,1,1,1,,0,,1,81,3,3,3,3
File,"xmpbox/src/main/java/org/apache/xmpbox/xml/XmpSerializationException.java",xmpbox/src/main/java/org/apache/xmpbox/xml/XmpSerializationException.java,1,1,1,1,11,0,4,7,,,,1,0,1,,2,2,0,2,,0,0,0,2,,60,7,13,5,3,40,,,4,7,5,2,,,,,1,1,1,1,,0,,3,08,2,2,2,2
File,"xmpbox/src/main/java/org/apache/xmpbox/xml/XmpSerializer.java",xmpbox/src/main/java/org/apache/xmpbox/xml/XmpSerializer.java,2,2,2,1,22,1,16,5,,,,1,0,0,,11,9,2,9,,0,3,2,4,,302,26,203,75,99,75,,,105,136,75,85,,,,,8,8,9,4,,3,,0,37,27,27,28,14
File,"xmpbox/src/test/java/org/apache/xmpbox/DateConverterTest.java",xmpbox/src/test/java/org/apache/xmpbox/DateConverterTest.java,1,1,1,1,44,9,24,11,,,,1,0,0,,2,2,0,2,,2,0,0,0,,129,25,58,18,40,46,,,43,46,16,34,,,,,1,1,1,1,,0,,0,79,2,2,2,2
File,"xmpbox/src/test/java/org/apache/xmpbox/DoubleSameTypeSchemaTest.java",xmpbox/src/test/java/org/apache/xmpbox/DoubleSameTypeSchemaTest.java,2,2,2,1,40,7,31,2,,,,1,0,0,,1,1,1,1,,1,0,0,0,,85,13,44,22,25,28,,,32,36,22,20,,,,,2,2,2,1,,1,,0,64,2,2,2,1
File,"xmpbox/src/test/java/org/apache/xmpbox/SaveMetadataHelperTest.java",xmpbox/src/test/java/org/apache/xmpbox/SaveMetadataHelperTest.java,1,1,1,1,12,1,11,0,,,,1,0,0,,2,2,0,2,,2,0,0,0,,58,9,29,13,14,20,,,18,21,11,14,,,,,1,1,1,1,,0,,0,69,2,2,2,2
File,"xmpbox/src/test/java/org/apache/xmpbox/TestValidatePermitedMetadata.java",xmpbox/src/test/java/org/apache/xmpbox/TestValidatePermitedMetadata.java,4,4,4,3,33,1,28,5,,,,1,1,0,,2,1,0,2,,2,0,0,0,,116,10,78,42,35,30,,,45,55,40,32,,,,,5,5,5,5,,4,,0,38,8,8,8,6
File,"xmpbox/src/test/java/org/apache/xmpbox/TestXMPWithDefinedSchemas.java",xmpbox/src/test/java/org/apache/xmpbox/TestXMPWithDefinedSchemas.java,1,1,1,1,10,0,9,0,,,,1,1,0,,2,1,0,2,,2,0,0,0,,57,7,29,15,11,21,,,12,15,13,5,,,,,1,1,1,1,,0,,0,72,2,2,2,2
File,"xmpbox/src/test/java/org/apache/xmpbox/TestXMPWithUndefinedSchemas.java",xmpbox/src/test/java/org/apache/xmpbox/TestXMPWithUndefinedSchemas.java,1,1,1,1,11,0,10,1,,,,1,1,0,,2,1,0,2,,2,0,0,0,,63,9,33,18,12,22,,,20,23,16,10,,,,,1,1,1,1,,0,,0,67,2,2,2,2
File,"xmpbox/src/test/java/org/apache/xmpbox/XMPMetaDataTest.java",xmpbox/src/test/java/org/apache/xmpbox/XMPMetaDataTest.java,1,1,1,1,19,1,16,2,,,,1,0,0,,7,5,0,5,,5,0,0,0,,191,18,128,44,88,52,,,60,66,38,40,,,,,1,1,1,1,,0,,0,41,7,7,7,7
File,"xmpbox/src/test/java/org/apache/xmpbox/parser/DeserializationTest.java",xmpbox/src/test/java/org/apache/xmpbox/parser/DeserializationTest.java,1,1,1,1,15,1,12,0,,,,1,0,0,,19,19,2,19,,18,0,0,1,,359,61,267,112,129,31,,,128,159,94,116,,,,,2,2,2,1,,1,,0,12,29,29,29,19
File,"xmpbox/src/test/java/org/apache/xmpbox/parser/PropMappingTest.java",xmpbox/src/test/java/org/apache/xmpbox/parser/PropMappingTest.java,1,1,1,1,5,0,5,0,,,,1,0,0,,1,1,2,1,,0,0,0,1,,39,6,13,8,2,21,,,6,8,7,1,,,,,1,1,1,1,,0,,1,62,1,1,1,1
File,"xmpbox/src/test/java/org/apache/xmpbox/schema/AdobePDFErrorsTest.java",xmpbox/src/test/java/org/apache/xmpbox/schema/AdobePDFErrorsTest.java,1,1,1,1,11,1,8,0,,,,1,0,0,,5,3,1,3,,3,0,0,0,,88,17,48,22,26,23,,,31,35,19,20,,,,,1,1,1,1,,0,,0,48,5,5,5,5
File,"xmpbox/src/test/java/org/apache/xmpbox/schema/AdobePDFTest.java",xmpbox/src/test/java/org/apache/xmpbox/schema/AdobePDFTest.java,1,1,1,1,10,1,9,0,,,,1,1,0,,7,5,3,6,,6,0,0,0,,121,19,81,41,36,21,,,48,55,34,27,,,,,1,1,1,1,,0,,0,26,7,7,7,7
File,"xmpbox/src/test/java/org/apache/xmpbox/schema/BasicJobTicketSchemaTest.java",xmpbox/src/test/java/org/apache/xmpbox/schema/BasicJobTicketSchemaTest.java,1,1,1,1,28,7,18,3,,,,1,0,0,,3,3,0,3,,3,0,0,0,,124,30,66,39,42,28,,,51,55,36,42,,,,,1,1,1,1,,0,,0,42,3,3,3,3
File,"xmpbox/src/test/java/org/apache/xmpbox/schema/DublinCoreTest.java",xmpbox/src/test/java/org/apache/xmpbox/schema/DublinCoreTest.java,1,1,1,1,7,0,7,0,,,,1,1,0,,11,10,2,11,,10,1,0,0,,136,17,100,51,34,19,,,32,44,32,21,,,,,1,1,1,1,,0,,0,19,11,11,11,11
File,"xmpbox/src/test/java/org/apache/xmpbox/schema/PDFAIdentificationOthersTest.java",xmpbox/src/test/java/org/apache/xmpbox/schema/PDFAIdentificationOthersTest.java,1,1,1,1,10,1,9,0,,,,1,0,0,,5,3,0,3,,3,0,0,0,,83,13,48,23,27,22,,,31,35,20,21,,,,,1,1,1,1,,0,,0,46,5,5,5,5
File,"xmpbox/src/test/java/org/apache/xmpbox/schema/PDFAIdentificationTest.java",xmpbox/src/test/java/org/apache/xmpbox/schema/PDFAIdentificationTest.java,1,1,1,1,7,0,7,0,,,,1,1,0,,4,3,3,4,,4,0,0,0,,72,8,44,24,12,20,,,20,25,19,8,,,,,1,1,1,1,,0,,0,45,4,4,4,4
File,"xmpbox/src/test/java/org/apache/xmpbox/schema/PhotoshopSchemaTest.java",xmpbox/src/test/java/org/apache/xmpbox/schema/PhotoshopSchemaTest.java,1,1,1,1,8,0,8,0,,,,1,1,0,,11,10,2,11,,10,1,0,0,,140,15,106,51,40,19,,,32,44,32,21,,,,,1,1,1,1,,0,,0,18,11,11,11,11
File,"xmpbox/src/test/java/org/apache/xmpbox/schema/SchemaTester.java",xmpbox/src/test/java/org/apache/xmpbox/schema/SchemaTester.java,2,1,2,1,13,0,12,1,,,,1,0,0,,16,16,6,16,,1,4,1,10,,286,30,219,81,115,37,,,122,156,86,110,,,,,6,5,6,1,,2,,0,17,33,31,33,16
File,"xmpbox/src/test/java/org/apache/xmpbox/schema/TestExifXmp.java",xmpbox/src/test/java/org/apache/xmpbox/schema/TestExifXmp.java,1,1,1,1,14,1,13,0,,,,1,0,0,,2,2,0,2,,2,0,0,0,,70,9,41,27,18,20,,,30,33,25,18,,,,,1,1,1,1,,0,,0,49,2,2,2,2
File,"xmpbox/src/test/java/org/apache/xmpbox/schema/XMPBasicTest.java",xmpbox/src/test/java/org/apache/xmpbox/schema/XMPBasicTest.java,1,1,1,1,9,0,9,0,,,,1,1,0,,4,3,3,4,,4,0,0,0,,82,8,54,26,20,20,,,22,27,21,8,,,,,1,1,1,1,,0,,0,37,4,4,4,4
File,"xmpbox/src/test/java/org/apache/xmpbox/schema/XMPMediaManagementTest.java",xmpbox/src/test/java/org/apache/xmpbox/schema/XMPMediaManagementTest.java,1,1,1,1,9,0,9,0,,,,1,1,0,,4,3,3,4,,4,0,0,0,,81,8,53,25,20,20,,,21,26,20,8,,,,,1,1,1,1,,0,,0,38,4,4,4,4
File,"xmpbox/src/test/java/org/apache/xmpbox/schema/XMPSchemaTest.java",xmpbox/src/test/java/org/apache/xmpbox/schema/XMPSchemaTest.java,1,1,1,1,29,4,22,2,,,,1,0,0,,13,12,2,12,,12,0,0,0,,445,76,321,131,232,51,,,245,262,119,172,,,,,5,5,5,1,,1,,0,16,17,17,17,13
File,"xmpbox/src/test/java/org/apache/xmpbox/schema/XMPSchemaTester.java",xmpbox/src/test/java/org/apache/xmpbox/schema/XMPSchemaTester.java,2,2,3,1,16,1,15,0,,,,1,2,0,,30,28,6,30,,0,0,25,5,,592,68,485,185,266,39,,,247,332,193,254,,,,,23,23,40,4,,4,,0,08,75,75,101,33
File,"xmpbox/src/test/java/org/apache/xmpbox/schema/XmpRightsSchemaTest.java",xmpbox/src/test/java/org/apache/xmpbox/schema/XmpRightsSchemaTest.java,1,1,1,1,8,0,8,0,,,,1,1,0,,4,3,3,4,,4,0,0,0,,81,9,52,28,17,22,,,26,31,23,11,,,,,1,1,1,1,,0,,0,42,4,4,4,4
File,"xmpbox/src/test/java/org/apache/xmpbox/type/AbstractTypeTester.java",xmpbox/src/test/java/org/apache/xmpbox/type/AbstractTypeTester.java,2,2,2,1,11,0,11,0,,,,1,0,3,,8,8,1,8,,0,0,1,7,,140,17,103,27,46,20,,,40,60,28,41,,,,,5,5,5,5,,2,,0,19,18,18,18,15
File,"xmpbox/src/test/java/org/apache/xmpbox/type/AttributeTest.java",xmpbox/src/test/java/org/apache/xmpbox/type/AttributeTest.java,1,1,1,1,21,4,16,0,,,,1,0,0,,2,2,0,2,,2,0,0,0,,74,15,39,19,25,20,,,28,31,17,16,,,,,1,1,1,1,,0,,0,51,2,2,2,2
File,"xmpbox/src/test/java/org/apache/xmpbox/type/TestAbstractStructuredType.java",xmpbox/src/test/java/org/apache/xmpbox/type/TestAbstractStructuredType.java,1,1,1,1,6,0,6,0,,,,2,0,4,,6,6,2,6,,5,0,0,1,,98,18,60,30,22,21,,,29,37,23,17,,,,,1,1,1,1,,0,,0,35,6,6,6,6
File,"xmpbox/src/test/java/org/apache/xmpbox/type/TestDerivedType.java",xmpbox/src/test/java/org/apache/xmpbox/type/TestDerivedType.java,1,1,1,1,9,0,9,0,,,,1,1,3,,4,3,4,4,,1,1,1,1,,95,17,58,29,27,20,,,27,32,25,8,,,,,1,1,1,1,,0,,0,34,4,4,4,4
File,"xmpbox/src/test/java/org/apache/xmpbox/type/TestSimpleMetadataProperties.java",xmpbox/src/test/java/org/apache/xmpbox/type/TestSimpleMetadataProperties.java,1,1,1,1,13,1,8,3,,,,1,0,0,,16,10,1,10,,10,0,0,0,,246,33,131,65,79,87,,,82,93,55,64,,,,,1,1,1,1,,0,,0,66,16,16,16,16
File,"xmpbox/src/test/java/org/apache/xmpbox/type/TestStructuredType.java",xmpbox/src/test/java/org/apache/xmpbox/type/TestStructuredType.java,1,1,1,1,12,0,11,1,,,,1,1,0,,11,10,0,11,,7,4,0,0,,196,19,145,53,72,32,,,55,73,43,43,,,,,3,3,3,1,,2,,0,22,16,16,16,11
